ts te nbins ncons c_pkts_all c_bytes_all s_pkts_all s_bytes_all max_bin_duration min_bin_duration avg_bin_duration std_bin_duration max_video_rate min_video_rate avg_video_rate std_video_rate max_audio_rate min_audio_rate avg_audio_rate std_audio_rate video_reqs audio_reqs media_reqs
0.0 2000.0 0 0 0.0 0.0 0.0 0.0 0.0 0.0 0.0 0.0 0.0 0.0 0.0 0.0 0.0 0.0 0.0 0.0 0 0 
2000.0 4000.0 0 0 0.0 0.0 0.0 0.0 0.0 0.0 0.0 0.0 0.0 0.0 0.0 0.0 0.0 0.0 0.0 0.0 0 0 
4000.0 6000.0 0 0 0.0 0.0 0.0 0.0 0.0 0.0 0.0 0.0 0.0 0.0 0.0 0.0 0.0 0.0 0.0 0.0 0 0 
6000.0 8000.0 1 1 81.03479966346265 9618.43542834734 142.3050140431539 180078.10120823357 986.159912109375 986.159912109375 986.159912109375 0.0 288.0 288.0 288.0 0.0 128.0 128.0 128.0 0.0 2 2 1.0
8000.0 10000.0 3 1 205.10258850572305 14769.16291540867 225.2407209562437 297789.10833039606 968.528076171875 11.74608789064223 640.5543880208473 544.7329998250004 288.0 288.0 288.0 0.0 128.0 128.0 128.0 0.0 2 3 1.0
10000.0 12000.0 3 1 177.138385990829 12869.518573919862 236.58794323635487 326449.24820174655 997.5349999999744 21.698923828138504 655.9436158854127 549.816770276217 288.0 288.0 288.0 0.0 128.0 128.0 128.0 0.0 3 3 1.0
12000.0 14000.0 3 1 228.28744125161109 15684.61971355278 258.77908471154535 354938.555914112 998.3250000000116 49.565076171886176 663.4266562500076 532.3548757009561 288.0 288.0 288.0 0.0 128.0 128.0 128.0 0.0 3 3 1.0
14000.0 16000.0 3 1 185.88174552389637 11224.91527626132 174.90089835559212 227154.24537429225 994.2289999999921 48.08010742184706 569.0756920572798 480.3006748204145 288.0 288.0 288.0 0.0 128.0 128.0 128.0 0.0 2 1 1.0
16000.0 18000.0 2 1 89.30453962724158 6679.094876368297 98.97889104222861 132835.49976142624 665.547119140625 104.61103124998044 385.0790751953027 396.641711559728 480.0 480.0 480.0 0.0 128.0 128.0 128.0 0.0 2 2 1.0
18000.0 20000.0 3 1 113.25245730985165 8011.723302215646 135.21002085889018 180842.03895210355 664.825927734375 55.95299999997951 349.40293619791436 305.0306081406357 480.0 480.0 480.0 0.0 128.0 128.0 128.0 0.0 1 1 1.0
20000.0 22000.0 3 1 118.02167139990945 7921.5653154521315 123.37496193581603 165245.88152089113 997.9579999999842 332.38507226563524 647.3659850260398 334.2124226953056 480.0 480.0 480.0 0.0 128.0 128.0 128.0 0.0 1 1 1.0
22000.0 24000.0 3 1 113.84744660671988 7436.384523906761 121.81254917044708 163140.42048492524 941.9670000000042 386.4981171875261 642.9317317708434 280.17422367743956 480.0 480.0 480.0 0.0 128.0 128.0 128.0 0.0 1 1 1.0
24000.0 26000.0 2 1 152.80127575913912 9706.704780944368 163.1096750385382 224246.18673386873 935.39990234375 383.95092187501723 659.6754121093836 389.9333135678489 480.0 480.0 480.0 0.0 128.0 128.0 128.0 0.0 1 1 1.0
26000.0 28000.0 3 1 113.32764836161618 7426.875293622823 122.70024065118989 167916.71351800463 996.9780000000028 61.93309765623417 627.9483658854151 497.6743386848605 480.0 480.0 480.0 0.0 128.0 128.0 128.0 0.0 1 1 1.0
28000.0 30000.0 1 1 116.60482778710359 8560.660036817997 152.05269543438308 217318.7496433807 931.875 931.875 931.875 0.0 840.0 840.0 840.0 0.0 128.0 128.0 128.0 0.0 2 2 1.0
30000.0 32000.0 3 1 182.89890657523767 11057.284106801875 202.88891020309862 285252.0824382176 992.3800000000047 67.09200000000419 652.3246510416697 509.0416513691642 840.0 840.0 840.0 0.0 128.0 128.0 128.0 0.0 1 1 1.0
32000.0 34000.0 3 1 188.82106747003388 10863.80635087833 198.88692986270792 283686.29905394453 963.3620000000228 98.81104687502375 650.1301106770989 478.93236957417633 840.0 840.0 840.0 0.0 128.0 128.0 128.0 0.0 1 1 1.0
34000.0 36000.0 3 1 218.82245842568742 15125.641452461281 214.08226159404268 295512.8796296991 998.869000000006 108.13771484367317 663.8295494791237 484.62992226094053 840.0 840.0 840.0 0.0 128.0 128.0 128.0 0.0 3 3 1.0
36000.0 38000.0 3 1 194.47291590143874 11314.98815238687 205.44839313012585 292001.647176887 994.4810000000871 108.28806640632683 662.0286536458685 482.76375490861915 840.0 840.0 840.0 0.0 128.0 128.0 128.0 0.0 1 1 1.0
38000.0 40000.0 3 1 155.37982384049872 9279.619900653646 151.6408097756418 209585.34205787096 994.1839999999502 113.79610546882031 562.8643684895942 440.4622249973412 840.0 840.0 840.0 0.0 128.0 128.0 128.0 0.0 1 1 1.0
40000.0 42000.0 2 1 158.0 9339.0 159.0 226641.0 997.3009999999776 319.00499999994645 658.152999999962 479.6277012517325 840.0 840.0 840.0 0.0 128.0 128.0 128.0 0.0 1 1 1.0
42000.0 44000.0 2 1 149.20523949746325 9854.282640775684 175.89029308647318 250397.76153008486 993.484999999986 424.6240234375 709.054511718743 402.24545407973557 840.0 840.0 840.0 0.0 128.0 128.0 128.0 0.0 1 1 1.0
44000.0 46000.0 3 1 203.69998371953858 12052.820736269425 226.04293226052883 319652.58378618397 999.869000000006 402.096923828125 659.0909667968712 307.567360959201 840.0 840.0 840.0 0.0 128.0 128.0 128.0 0.0 1 1 1.0
46000.0 48000.0 3 1 196.6354738866566 11833.987595532783 188.60747175665642 264571.7994718916 994.1689999999362 391.756103515625 660.6940598958172 306.3479903048022 840.0 840.0 840.0 0.0 128.0 128.0 128.0 0.0 1 1 1.0
48000.0 50000.0 3 1 179.25399944795305 10374.947813677145 204.4157779372771 293698.65697127796 992.064000000013 387.21728515625 661.1063938802303 306.43514348159243 840.0 840.0 840.0 0.0 128.0 128.0 128.0 0.0 1 1 1.0
50000.0 52000.0 3 1 234.20814834356824 13101.723934527387 228.96145502055316 328734.07691210095 993.4380000000237 377.9208984375 661.3442044270923 310.6315148148912 840.0 840.0 840.0 0.0 128.0 128.0 128.0 0.0 1 1 1.0
52000.0 54000.0 2 1 114.9971551048203 6764.237279217577 105.08206993851132 138201.12132846063 837.3800000000047 621.649101562507 729.5145507812558 152.54478119662096 840.0 840.0 840.0 0.0 128.0 128.0 128.0 0.0 1 1 1.0
54000.0 56000.0 2 1 169.82918625171234 10608.518546326148 177.31752739886778 247452.4540820709 994.2270000000135 932.229248046875 963.2281240234443 43.83903082438576 840.0 840.0 840.0 0.0 128.0 128.0 128.0 0.0 1 1 1.0
56000.0 58000.0 3 1 174.60583454260797 10742.841205559325 179.8999829982924 248880.82228382575 992.4010000000708 64.4987519531278 660.5419420572968 517.296421065374 840.0 840.0 840.0 0.0 128.0 128.0 128.0 0.0 1 1 1.0
58000.0 60000.0 3 1 174.22856723736908 10307.188747658478 207.97076676833225 288880.239800722 998.2320000000182 68.06292578129796 656.9909680989804 512.1672266018971 840.0 840.0 840.0 0.0 128.0 128.0 128.0 0.0 1 1 1.0
60000.0 62000.0 3 1 244.55103794662278 13766.037589945137 290.37160581161487 411572.3549845605 998.1489999999758 95.29002148442669 664.9949733073008 495.7376714619336 840.0 840.0 840.0 0.0 128.0 128.0 128.0 0.0 2 2 1.0
62000.0 64000.0 3 1 196.53496447010755 10791.192196134125 194.32178905590717 271286.14200238633 926.5 93.02710156247485 562.1850592447832 426.51296786410035 840.0 840.0 840.0 0.0 128.0 128.0 128.0 0.0 1 1 1.0
64000.0 66000.0 3 1 194.4116566259259 11151.942341291136 205.00766916489138 284678.0230599693 737.6680000000051 327.5429238281213 576.8923294270838 218.93977351910252 840.0 840.0 840.0 0.0 128.0 128.0 128.0 0.0 1 1 1.0
66000.0 68000.0 3 1 152.79680388596807 9210.766901732506 164.89525030148388 229165.4139426825 650.365966796875 330.43893554690294 442.0609674479347 180.5519966021012 840.0 840.0 840.0 0.0 128.0 128.0 128.0 0.0 1 1 1.0
68000.0 70000.0 3 1 157.02981887353027 9404.450923261084 154.16628065193873 211476.32263316406 981.7839999999851 346.84203320310917 648.0560084635314 318.7172669322605 840.0 840.0 840.0 0.0 128.0 128.0 128.0 0.0 1 1 1.0
70000.0 72000.0 3 1 232.8480267998591 13557.699794027745 241.62742072340592 338918.489138142 996.8339999999735 381.63300781248836 662.6583548176956 311.0253700976018 840.0 840.0 840.0 0.0 128.0 128.0 128.0 0.0 1 1 1.0
72000.0 74000.0 2 1 158.74168107738058 9458.830110894038 187.7428684605186 268694.5518564986 935.797119140625 335.2649433593615 635.5310312499932 424.6403738156432 840.0 840.0 840.0 0.0 128.0 128.0 128.0 0.0 1 1 1.0
74000.0 76000.0 3 1 166.83768975195355 10092.638301894835 180.16439581755077 255690.0793176625 930.762939453125 59.07488085934892 450.3436067708535 442.62951877325526 840.0 840.0 840.0 0.0 128.0 128.0 128.0 0.0 1 1 1.0
76000.0 78000.0 3 1 176.10637773181645 10761.409369122546 195.71257295843242 278067.8480266003 998.1410000000033 68.05206054687733 664.4323548177102 517.7003527615467 840.0 840.0 840.0 0.0 128.0 128.0 128.0 0.0 1 1 1.0
78000.0 80000.0 3 1 175.5187281823251 10578.947041934283 179.63264112424466 250410.94798794063 993.8949999999604 67.45799609372625 655.4662981770622 511.1642233189935 840.0 840.0 840.0 0.0 128.0 128.0 128.0 0.0 1 1 1.0
80000.0 82000.0 3 1 172.16524998992577 10251.476261950756 188.44587033097068 269940.2495512134 973.7380000000703 87.74710156250512 653.5656718750251 491.42804687377344 840.0 840.0 840.0 0.0 128.0 128.0 128.0 0.0 1 1 1.0
82000.0 84000.0 3 1 218.79437663289548 12575.060668267859 200.7233584335484 279597.0613325613 999.7150000000256 100.73808593751164 624.9236953125219 467.73803213886487 840.0 840.0 840.0 0.0 128.0 128.0 128.0 0.0 1 1 1.0
84000.0 86000.0 1 1 118.67222579848617 7449.251843035683 147.6394620170143 213704.38356172902 934.198974609375 934.198974609375 934.198974609375 0.0 840.0 840.0 840.0 0.0 128.0 128.0 128.0 0.0 1 1 1.0
86000.0 88000.0 3 1 227.32777420151382 13533.748156964317 227.3605379829857 314904.616438271 998.295999999973 65.55702539061895 636.9086751302044 500.5639439445832 840.0 840.0 840.0 0.0 128.0 128.0 128.0 0.0 1 1 1.0
88000.0 90000.0 2 1 156.27962224869222 9690.324996135032 187.89803747771202 269994.89825612475 999.7289999999921 430.6411132811918 715.1850566405919 402.4059037899855 840.0 840.0 840.0 0.0 128.0 128.0 128.0 0.0 1 1 1.0
90000.0 92000.0 3 1 184.04658809543992 11239.24109353763 199.61811610811932 284187.2726109171 999.0200000000768 423.1201171875 662.3496679687718 300.06032417473585 840.0 840.0 840.0 0.0 128.0 128.0 128.0 0.0 1 1 1.0
92000.0 94000.0 3 1 193.99976930583907 11552.617987011821 243.48844697781666 348115.4060554385 996.4419999999809 405.404052734375 656.914978515609 305.19106901104306 840.0 840.0 840.0 0.0 128.0 128.0 128.0 0.0 1 1 1.0
94000.0 96000.0 3 1 237.84219476843353 13621.049514583137 238.3888000175174 340016.0868870785 998.1369999999879 400.196044921875 661.5926640624917 305.9717812883558 840.0 840.0 840.0 0.0 128.0 128.0 128.0 0.0 1 1 1.0
96000.0 98000.0 2 1 157.83182558159527 8930.766408732383 145.60659941883455 199563.33619044113 941.6930000000284 596.8009550780989 769.2469775390637 243.8755037415917 840.0 840.0 840.0 0.0 128.0 128.0 128.0 0.0 1 1 1.0
98000.0 100000.0 2 1 143.60776080234473 9892.39170306796 147.2342684412896 200345.95998969645 998.875 925.9873046875 962.43115234375 51.53938362052768 840.0 840.0 840.0 0.0 128.0 128.0 128.0 0.0 1 1 1.0
100000.0 102000.0 3 1 174.24767612258182 10353.893754855008 193.24198363508947 268929.83502608095 993.8679999999586 69.28269531251863 654.7989296874924 509.1823346472567 840.0 840.0 840.0 0.0 128.0 128.0 128.0 0.0 1 1 1.0
102000.0 104000.0 3 1 194.02964089843252 11200.768167800969 197.43975072888156 276446.9105819241 995.6930000000284 96.88590624998324 663.5906738281288 493.1959824240045 840.0 840.0 840.0 0.0 128.0 128.0 128.0 0.0 1 1 1.0
104000.0 106000.0 3 1 157.71487699906575 9370.87461760259 174.27063976669928 241583.89807659126 999.0709999999963 73.056884765625 652.7403821614377 505.1887866942126 840.0 840.0 840.0 0.0 128.0 128.0 128.0 0.0 1 1 1.0
106000.0 108000.0 3 1 236.22034593744547 13400.810170850282 281.4713877583916 398497.2850594338 998.804999999993 113.26173828117317 664.3513476562221 480.8794760675952 840.0 840.0 840.0 0.0 128.0 128.0 128.0 0.0 2 2 1.0
108000.0 110000.0 3 1 170.2033208933977 9744.708975143712 167.86765716052082 229988.82055290905 724.6170000000275 115.86069531249814 502.5565299479058 336.11703628023326 840.0 840.0 840.0 0.0 128.0 128.0 128.0 0.0 1 1 1.0
110000.0 112000.0 3 1 194.52416715154288 11409.244462499224 224.04684071777734 315068.0155381309 993.835000000021 309.08810546877794 639.6320019531413 342.98599418577487 840.0 840.0 840.0 0.0 128.0 128.0 128.0 0.0 1 1 1.0
112000.0 114000.0 3 1 182.37965254611606 10778.599809091695 192.50008048656906 269542.3549024946 952.5449999999837 381.47709960938664 646.1011165364567 287.82166812451163 840.0 840.0 840.0 0.0 128.0 128.0 128.0 0.0 1 1 1.0
114000.0 116000.0 3 1 157.4107117939752 9250.022543190684 175.22343795079613 244604.6907025339 982.0339999999851 394.7967499999795 624.9673463541549 313.5105324610602 840.0 840.0 840.0 0.0 128.0 128.0 128.0 0.0 1 1 1.0
116000.0 118000.0 3 1 246.6357504354852 13693.660181397452 253.1654294598934 356711.1818521047 999.5860000000102 494.174072265625 664.819927734381 289.9342828041147 840.0 840.0 840.0 0.0 128.0 128.0 128.0 0.0 1 1 1.0
118000.0 120000.0 3 1 193.48903310698438 11437.55421201764 201.3294811390345 285688.2503436839 997.7249999999767 484.893310546875 661.6830794270887 291.1529173662708 840.0 840.0 840.0 0.0 128.0 128.0 128.0 0.0 1 1 1.0
120000.0 122000.0 2 1 159.8616062221567 9520.203674932838 172.23370986700573 245876.31553157393 935.8759765625 367.3816894532065 651.6288330078532 401.98616548079355 840.0 840.0 840.0 0.0 128.0 128.0 128.0 0.0 1 1 1.0
122000.0 124000.0 3 1 49.28331369833458 2742.2347325515375 42.31941030051365 58427.80786709522 234.52100000000792 61.75202343752608 143.22365755207525 86.80258189594012 840.0 840.0 840.0 0.0 128.0 128.0 128.0 0.0 1 1 1.0
124000.0 126000.0 3 1 238.54637614850154 15303.269808031177 290.38375979481134 406625.2695751084 978.6630000000005 109.59326171869179 651.6131041666571 472.73630171556067 840.0 840.0 840.0 0.0 128.0 128.0 128.0 0.0 1 1 1.0
126000.0 128000.0 3 1 242.54517702568123 13295.711694934998 241.34254083296838 345461.564124254 996.4330000000773 98.697998046875 661.4525787760698 490.2987193912502 840.0 840.0 840.0 0.0 128.0 128.0 128.0 0.0 1 1 1.0
128000.0 130000.0 2 1 182.3771085710082 10314.317028222911 184.23311771310995 264355.152115483 933.9741210936918 567.7580019531306 750.8660615234112 258.9539012241114 840.0 840.0 840.0 0.0 128.0 128.0 128.0 0.0 1 1 1.0
130000.0 132000.0 3 1 156.54073583587083 9319.14610948115 163.56962802903718 233710.66857145997 999.9660000000149 64.30787890631473 657.0959316406515 515.4689894432888 840.0 840.0 840.0 0.0 128.0 128.0 128.0 0.0 1 1 1.0
132000.0 134000.0 3 1 193.38274581107527 11058.588354328167 182.126876217611 254936.01958944192 998.7789999999804 91.67608398437733 613.7326946614388 468.81530786410804 840.0 840.0 840.0 0.0 128.0 128.0 128.0 0.0 1 1 1.0
134000.0 136000.0 2 1 175.7628201884173 10178.772262978684 181.00367781920392 259585.2978590362 998.0620000000345 431.437255859375 714.7496279297047 400.6641989699528 840.0 840.0 840.0 0.0 128.0 128.0 128.0 0.0 1 1 1.0
136000.0 138000.0 3 1 152.79450389756306 9388.188385022897 166.41973343176448 237046.13306793146 998.7249999999767 67.35474414064083 497.7295436197698 469.68403875448655 840.0 840.0 840.0 0.0 128.0 128.0 128.0 0.0 1 1 1.0
138000.0 140000.0 3 1 172.9636576978338 10827.904739647898 191.3269816744215 270806.30226748984 998.3989999999758 424.8911132811918 664.5230755207982 298.1430316913707 840.0 840.0 840.0 0.0 128.0 128.0 128.0 0.0 1 1 1.0
140000.0 142000.0 3 1 182.6143008415802 10675.19629702334 201.01663784603738 287133.84543456626 991.869000000006 397.88525390625 654.3317135416631 305.18185447698676 840.0 840.0 840.0 0.0 128.0 128.0 128.0 0.0 1 1 1.0
142000.0 144000.0 3 1 193.18811921757649 11400.370059023942 211.1552483389117 298433.21790733933 992.5839999999735 387.5229492186918 659.9935651041451 306.97803385831594 840.0 840.0 840.0 0.0 128.0 128.0 128.0 0.0 1 1 1.0
144000.0 146000.0 2 1 164.6765981570292 9324.568256303239 151.077720889661 209390.20346363686 901.1699999998673 610.812050781271 755.9910253905691 205.31407486388866 840.0 840.0 840.0 0.0 128.0 128.0 128.0 0.0 1 1 1.0
146000.0 148000.0 2 1 176.86574221121302 11606.597343652276 191.89660568640662 266116.4622565034 995.810999999987 925.8349609375 960.8229804687435 49.48053174165927 840.0 840.0 840.0 0.0 128.0 128.0 128.0 0.0 1 1 1.0
148000.0 150000.0 3 1 173.52356145525602 11247.70364158281 195.84749993671306 273759.1549006648 999.7490000000107 72.40303906251211 656.0519817708409 508.10956236102487 840.0 840.0 840.0 0.0 128.0 128.0 128.0 0.0 1 1 1.0
150000.0 152000.0 3 1 163.32082954733679 10041.722025313285 198.40601392773172 277700.2087358593 995.9869999999646 76.32109375001164 654.080399739556 503.1562569216968 840.0 840.0 840.0 0.0 128.0 128.0 128.0 0.0 1 1 1.0
152000.0 154000.0 3 1 236.66091811149477 12775.573776397472 271.827698567335 381544.80711076956 996.1319999999832 109.98789453122299 662.0986399739437 481.6442187308897 840.0 840.0 840.0 0.0 128.0 128.0 128.0 0.0 2 2 1.0
154000.0 156000.0 3 1 150.83622251848422 8575.29683574401 147.47454741624784 201884.2719272018 830.554999999993 115.61397460935405 536.6716406249907 374.0523300940647 0.0 0.0 0.0 0.0 128.0 128.0 128.0 0.0 0 1 1.0
156000.0 158000.0 3 1 213.02010476972524 12579.117040625442 229.63310979108388 322870.8616934469 998.5689999999595 335.70305273437407 661.6813417968611 331.56760511600055 840.0 840.0 840.0 0.0 128.0 128.0 128.0 0.0 2 1 1.0
158000.0 160000.0 3 1 193.3421735990847 11169.434529732911 206.06005678956978 287276.8804539723 982.1500000000233 345.6810273436713 646.7959707031065 319.6129292486988 840.0 840.0 840.0 0.0 128.0 128.0 128.0 0.0 1 1 1.0
160000.0 162000.0 3 1 169.02829533506366 10256.173241233008 190.19348638674782 263379.71976065857 996.1780000000144 387.0471152344253 654.8506731771049 311.15015207547697 840.0 840.0 840.0 0.0 128.0 128.0 128.0 0.0 1 1 1.0
162000.0 164000.0 3 1 165.92994293870342 9751.495604997832 166.10632270436707 231391.0748113285 961.3850000000093 412.34909570310265 622.5007207031207 296.29238644203923 840.0 840.0 840.0 0.0 128.0 128.0 128.0 0.0 1 1 1.0
164000.0 166000.0 3 1 132.60090496582225 8113.1988059590685 124.6833542459813 165253.66857862961 953.6319999999832 434.242919921875 629.7002845052048 282.52521702970944 840.0 840.0 840.0 0.0 128.0 128.0 128.0 0.0 1 1 1.0
166000.0 168000.0 3 1 175.42917757072934 10606.370171022123 229.50097859226898 321867.8337618699 999.0589999999502 280.685302734375 601.5671276041345 365.2629419571762 0.0 0.0 0.0 0.0 128.0 128.0 128.0 0.0 0 1 1.0
168000.0 170000.0 3 1 240.308934622354 14290.16117742756 264.9551544267818 367409.94999122387 995.7999999999302 278.9838867186918 663.4201946613999 361.2322586127094 840.0 840.0 840.0 0.0 128.0 128.0 128.0 0.0 2 1 1.0
170000.0 172000.0 2 1 191.81160974869437 11274.022197017115 213.69697313218788 304803.28194604133 933.2919921875 618.9231132812565 776.1075527343783 222.29236606861735 840.0 840.0 840.0 0.0 128.0 128.0 128.0 0.0 1 1 1.0
172000.0 174000.0 3 1 167.29693924576853 9965.57028310543 166.26982798851776 235529.60220348023 930.6489257811918 66.56300781248137 452.56364453122177 439.3413305469785 840.0 840.0 840.0 0.0 128.0 128.0 128.0 0.0 1 1 1.0
174000.0 176000.0 3 1 165.05907860661299 10002.662586989532 172.25934559549592 247121.75784050763 999.0320000000065 64.39407421881333 663.7086751302317 520.2456712426488 840.0 840.0 840.0 0.0 128.0 128.0 128.0 0.0 1 1 1.0
176000.0 178000.0 3 1 180.0910645345477 11028.761838138515 181.63905231732457 259364.9039647553 987.8780000000261 71.68004882807145 655.7300429687408 507.39102145959873 840.0 840.0 840.0 0.0 128.0 128.0 128.0 0.0 1 1 1.0
178000.0 180000.0 3 1 224.02028077261355 13127.53495847978 216.26409139667047 304476.9540781241 999.2359999999753 85.73291992186569 662.7703203124887 502.02393760616553 840.0 840.0 840.0 0.0 128.0 128.0 128.0 0.0 1 1 1.0
180000.0 182000.0 3 1 173.85421944649542 10662.603942581827 189.2858810985685 264848.6059849629 999.9899999999907 55.707958984421566 472.36631966147496 481.8216681219413 840.0 840.0 840.0 0.0 128.0 128.0 128.0 0.0 1 1 1.0
182000.0 184000.0 2 1 145.76760538817095 9881.63554317706 172.2511202636115 247320.26573410621 999.6110000000335 421.319091796875 710.4650458984543 408.9141297957618 840.0 840.0 840.0 0.0 128.0 128.0 128.0 0.0 1 1 1.0
184000.0 186000.0 3 1 170.86054419448985 10618.15303344537 180.93652422188927 256662.77377768877 997.8759999999893 407.715087890625 657.3466653645737 305.4001919419468 840.0 840.0 840.0 0.0 128.0 128.0 128.0 0.0 1 1 1.0
186000.0 188000.0 3 1 175.1034921416136 10772.742761319521 194.70325381646066 274004.1698287997 993.0079999999725 400.248046875 653.940986328118 305.4629927155001 840.0 840.0 840.0 0.0 128.0 128.0 128.0 0.0 1 1 1.0
188000.0 190000.0 3 1 192.16397416090655 11738.722029945768 226.31603466193258 317540.87176535063 992.109999999986 394.0458984375 654.0162838541631 306.59029419992925 840.0 840.0 840.0 0.0 128.0 128.0 128.0 0.0 1 1 1.0
190000.0 192000.0 2 1 167.10438411481908 10198.746632112281 161.79306703610592 220379.91889405463 953.4560000000056 604.9111015624949 779.1835507812502 246.45846123314033 840.0 840.0 840.0 0.0 128.0 128.0 128.0 0.0 1 1 1.0
192000.0 194000.0 2 1 178.67854620877245 11470.49053823311 229.5674290621539 325366.4442936206 992.6539999999804 423.08203125 707.8680156249902 402.7482014768835 840.0 840.0 840.0 0.0 128.0 128.0 128.0 0.0 1 1 1.0
194000.0 196000.0 2 1 183.32145379122755 11053.50946176689 180.4325709378461 247391.5557063794 944.3699999999953 573.3359687499469 758.8529843749711 262.36067954789064 840.0 840.0 840.0 0.0 128.0 128.0 128.0 0.0 1 1 1.0
196000.0 198000.0 2 1 176.11192372494543 11482.466457346036 195.8172203368115 273486.6610567599 997.6110000000335 931.5859375 964.5984687500168 46.68676942203933 840.0 840.0 840.0 0.0 128.0 128.0 128.0 0.0 1 1 1.0
198000.0 200000.0 3 1 177.92610143214515 12324.417070827934 209.73355885120813 290344.68967979564 996.7950000000419 68.19706250005402 663.2246490885736 516.5689179075932 840.0 840.0 840.0 0.0 128.0 128.0 128.0 0.0 1 1 1.0
200000.0 202000.0 3 1 238.2820342525756 13492.260861831666 272.84147969064657 386380.7413573594 997.7859999999637 71.78111523436382 654.6200279947758 507.39885745844055 840.0 840.0 840.0 0.0 128.0 128.0 128.0 0.0 2 2 1.0
202000.0 204000.0 3 1 231.3694367366823 13417.738625087715 245.6659145964826 341573.6156245114 996.829000000027 102.78803125000559 661.7200000000108 487.2369592466413 840.0 840.0 840.0 0.0 128.0 128.0 128.0 0.0 1 1 1.0
204000.0 206000.0 3 1 163.87537330000293 9589.819015087534 151.60808279490678 210414.40483913512 666.669921875 108.0590312499553 461.6139843749891 307.49065028456886 840.0 840.0 840.0 0.0 128.0 128.0 128.0 0.0 1 1 1.0
206000.0 208000.0 3 1 154.86103956028512 9643.679207413987 162.02876029840593 226857.8152408438 999.5540000000037 326.1450781249441 647.4161315103993 337.7639178793937 840.0 840.0 840.0 0.0 128.0 128.0 128.0 0.0 1 1 1.0
208000.0 210000.0 3 1 165.60596065747382 9859.524044361357 170.4272225122657 239464.39159639215 995.8379999999888 380.1576835938031 601.9508723958473 342.0201833690817 840.0 840.0 840.0 0.0 128.0 128.0 128.0 0.0 1 1 1.0
210000.0 212000.0 3 1 187.0640353653567 12177.935219616615 213.5928469546333 290308.9855285459 994.8159999999916 424.479248046875 662.1437714843778 296.8010287638247 840.0 840.0 840.0 0.0 128.0 128.0 128.0 0.0 1 1 1.0
212000.0 214000.0 3 1 234.58861426652493 13665.408614885428 250.6068111501566 357247.3921495369 998.4790000000503 416.84326171875 663.3883378906563 300.75783215615195 840.0 840.0 840.0 0.0 128.0 128.0 128.0 0.0 1 1 1.0
214000.0 216000.0 3 1 194.85247210125686 11563.57123669819 201.65760182932684 284989.71326145745 999.8469999999506 404.10400390625 661.3425807291642 306.0727563999229 840.0 840.0 840.0 0.0 128.0 128.0 128.0 0.0 1 1 1.0
216000.0 218000.0 2 1 158.31412429114198 9784.157436354451 180.3798090741292 258798.75127794044 929.64697265625 370.86999609379563 650.2584843750228 395.114989298228 840.0 840.0 840.0 0.0 128.0 128.0 128.0 0.0 1 1 1.0
218000.0 220000.0 3 1 175.85124251043206 10960.578307775031 185.21983949367777 263488.15774081287 999.4279999999562 67.12902734370437 653.9849921874702 510.8869791557772 840.0 840.0 840.0 0.0 128.0 128.0 128.0 0.0 1 1 1.0
220000.0 222000.0 3 1 191.27242877037207 11369.588605039633 195.22477054807655 276953.8805544309 967.719000000041 96.84305078128818 653.0446907552347 483.07123527361216 840.0 840.0 840.0 0.0 128.0 128.0 128.0 0.0 1 1 1.0
222000.0 224000.0 3 1 168.26341256594992 10162.516509547027 183.57563810028986 260222.1543749945 999.314000000013 103.13797851558775 665.104679687492 489.5793436950315 840.0 840.0 840.0 0.0 128.0 128.0 128.0 0.0 1 1 1.0
224000.0 226000.0 3 1 157.3299328417802 9809.119079478232 160.37634003803254 228842.09874945215 998.5849999999627 101.52093945315573 663.2123964843728 489.4855971054228 840.0 840.0 840.0 0.0 128.0 128.0 128.0 0.0 1 1 1.0
226000.0 228000.0 3 1 156.58549207132194 9813.957459414803 175.87422312827235 246520.62073366376 999.0370000000112 106.14075000002049 662.4579316406356 485.3138748658548 840.0 840.0 840.0 0.0 128.0 128.0 128.0 0.0 1 1 1.0
228000.0 230000.0 3 1 215.84637555175306 13019.262249234356 206.36988060267782 281664.92623436765 993.640000000014 115.74895507807378 598.2603183593601 445.38423765068 840.0 840.0 840.0 0.0 128.0 128.0 128.0 0.0 1 1 1.0
230000.0 232000.0 2 1 150.83142725230283 10070.842529098267 172.9743786774753 247932.09276532073 999.2469999999739 420.64404296875 709.945521484362 409.134074531367 840.0 840.0 840.0 0.0 128.0 128.0 128.0 0.0 1 1 1.0
232000.0 234000.0 3 1 179.8200861521839 10870.130399383039 196.61652936521673 278128.5187590083 994.0620000000345 390.02587890625 652.2599453125149 309.77928831000094 840.0 840.0 840.0 0.0 128.0 128.0 128.0 0.0 1 1 1.0
234000.0 236000.0 3 1 199.50852816634654 11927.20020660928 229.01948337289696 325832.97084620874 998.8769999999786 388.98095703125 664.0490260416409 309.30847141125804 840.0 840.0 840.0 0.0 128.0 128.0 128.0 0.0 1 1 1.0
236000.0 238000.0 3 1 205.49893631137087 12712.3507508209 208.72922872538655 295093.34104379255 994.7290000000503 382.31396484375 662.4050026041999 309.5307018303324 840.0 840.0 840.0 0.0 128.0 128.0 128.0 0.0 1 1 1.0
238000.0 240000.0 3 1 171.6138439535985 10419.376026716713 193.12210214142516 272766.77336673 992.954000000027 380.221923828125 663.067986328116 309.062642593981 840.0 840.0 840.0 0.0 128.0 128.0 128.0 0.0 1 1 1.0
240000.0 242000.0 2 1 175.7271781641974 10695.100087371802 167.5382777175993 232971.3032189397 954.7909999999683 618.2360761718592 786.5135380859138 237.98026888057797 840.0 840.0 840.0 0.0 128.0 128.0 128.0 0.0 1 1 1.0
242000.0 244000.0 2 1 123.23827020449615 9024.840419042963 203.93613296759096 288409.12188747537 981.1959999999963 920.556884765625 950.8764423828106 42.878329587376406 840.0 840.0 840.0 0.0 128.0 128.0 128.0 0.0 1 2 1.0
244000.0 246000.0 3 1 231.3295658567937 13125.947549540291 241.70139039897748 346873.9252872603 994.6639999999898 71.78711523441598 660.3084121093852 511.2490506849828 840.0 840.0 840.0 0.0 0.0 0.0 0.0 0.0 2 0 1.0
246000.0 248000.0 3 1 197.88077230493508 12053.464182466187 190.62625962063115 263467.23564629024 997.5949999999721 68.50087890622672 653.2566503906079 509.072071536548 0.0 0.0 0.0 0.0 128.0 128.0 128.0 0.0 0 2 1.0
248000.0 250000.0 3 1 158.2322742385513 9552.277919626264 166.3842118712537 231883.84336558488 998.7730000000447 65.1329277344048 647.1389713541915 507.66563316558074 840.0 840.0 840.0 0.0 0.0 0.0 0.0 0.0 1 0 1.0
250000.0 252000.0 3 1 234.60193011992044 13491.622681612731 267.2968917503067 376453.0480021657 992.640000000014 120.66901367192622 663.27504231773 473.48407154702284 840.0 840.0 840.0 0.0 128.0 128.0 128.0 0.0 2 2 1.0
252000.0 254000.0 3 1 189.11878234447727 10954.823054940825 187.13824402003598 260477.8677887987 875.4120000000112 121.37288671871647 554.3060624999925 389.2592253315522 840.0 840.0 840.0 0.0 128.0 128.0 128.0 0.0 1 1 1.0
254000.0 256000.0 3 1 142.90051112967538 9167.849729847925 156.0519458624584 216625.89499532728 993.0729999999749 332.05469921871554 644.6106002603968 331.968757533736 840.0 840.0 840.0 0.0 128.0 128.0 128.0 0.0 1 1 1.0
256000.0 258000.0 3 1 174.06258908044694 10571.944714806254 188.7850328383089 263803.02819111623 941.73199999996 389.4328984374879 645.9089700520659 278.24397881039806 840.0 840.0 840.0 0.0 128.0 128.0 128.0 0.0 1 1 1.0
258000.0 260000.0 3 1 162.81545641035257 9861.330566228175 171.27380775278806 239218.21453806147 991.9490000000224 390.3149882812286 631.6346269531253 317.9790576766732 840.0 840.0 840.0 0.0 128.0 128.0 128.0 0.0 1 1 1.0
260000.0 262000.0 3 1 174.53997092875838 10678.209082172843 194.97801712544685 259974.0587508518 912.3680000000168 430.7060546875 609.3367207031309 263.82985393833604 840.0 840.0 840.0 0.0 128.0 128.0 128.0 0.0 1 1 1.0
262000.0 264000.0 3 1 279.3981483979987 17194.245746343055 342.9967312167293 416190.8364754944 995.1169999999693 426.248046875 662.734997395814 296.31042374159676 840.0 840.0 840.0 0.0 128.0 128.0 128.0 0.0 1 1 1.0
264000.0 266000.0 2 1 207.5844983496571 12724.075901832997 242.17174291820916 285553.04807233275 929.85595703125 478.67595312499907 704.2659550781245 319.03244029788306 840.0 840.0 840.0 0.0 128.0 128.0 128.0 0.0 1 1 1.0
266000.0 268000.0 3 1 214.9729948722843 12307.385493562057 232.11641780717872 274878.14638409746 999.3370000000577 70.0420429687947 663.2290494792009 515.2324815675858 840.0 840.0 840.0 0.0 128.0 128.0 128.0 0.0 1 1 1.0
268000.0 270000.0 3 1 208.292983388882 12609.292541901701 234.93786231552832 279083.02715760394 995.1030000000028 76.25189453130588 656.7162799479362 504.9980550027197 840.0 840.0 840.0 0.0 128.0 128.0 128.0 0.0 1 1 1.0
270000.0 272000.0 3 1 219.873685602265 13181.261866167644 220.37136575439231 258444.2117940776 973.079000000027 95.56205468752887 651.636780598977 483.5269456412522 840.0 840.0 840.0 0.0 128.0 128.0 128.0 0.0 1 1 1.0
272000.0 274000.0 3 1 165.02288251727924 9956.71531433015 174.70040573148586 206510.32732415514 999.6909999999916 102.67071289056912 661.0706035156036 487.2254287339758 840.0 840.0 840.0 0.0 128.0 128.0 128.0 0.0 1 1 1.0
274000.0 276000.0 3 1 229.7282650704944 13058.29066489267 251.42480307784768 296797.8600285305 943.3969999999972 113.59690234379377 644.3246276041804 460.85811525963976 840.0 840.0 840.0 0.0 128.0 128.0 128.0 0.0 1 1 1.0
276000.0 278000.0 3 1 244.4064191827321 13985.422570685269 234.1087369708305 271930.3043107763 993.9529999999795 118.80701953126118 652.5450065104136 468.20213752119594 840.0 840.0 840.0 0.0 128.0 128.0 128.0 0.0 1 1 1.0
278000.0 280000.0 2 1 184.2103442533194 11546.865437434692 199.1930609689327 237160.00283098823 999.5169999999925 426.216064453125 712.8665322265588 405.38497918578184 840.0 840.0 840.0 0.0 128.0 128.0 128.0 0.0 1 1 1.0
280000.0 282000.0 3 1 212.625255009795 12777.902863027846 238.42304345961904 281466.21866843477 996.0089999999618 400.552978515625 654.31463802082 307.31268848481915 840.0 840.0 840.0 0.0 128.0 128.0 128.0 0.0 1 1 1.0
282000.0 284000.0 3 1 196.21769817299258 11885.69764790442 203.10529529689137 240496.16638135607 995.9880000000121 393.283935546875 662.6613190104254 306.39873011753485 840.0 840.0 840.0 0.0 128.0 128.0 128.0 0.0 1 1 1.0
284000.0 286000.0 3 1 202.66517853723622 12080.754062155702 228.6283076140872 271470.82247304445 997.5779999999795 386.99609375 663.3190527343735 309.38648986915547 840.0 840.0 840.0 0.0 128.0 128.0 128.0 0.0 1 1 1.0
286000.0 288000.0 3 1 230.00908155789656 13544.852097083707 268.3960798569577 314885.8927690029 999.0649999999441 380.912109375 663.6103385416403 312.43508110982384 840.0 840.0 840.0 0.0 128.0 128.0 128.0 0.0 1 1 1.0
288000.0 290000.0 2 1 201.27244246876023 12341.927892393629 204.25421280351193 230914.8968771735 971.954000000027 616.7088906250428 794.3314453125349 251.19622582240808 840.0 840.0 840.0 0.0 128.0 128.0 128.0 0.0 1 1 1.0
290000.0 292000.0 2 1 204.73244555889886 13579.858205421817 230.4661395505962 270351.1866723538 999.3760000000475 928.84326171875 964.1096308593987 49.87417753436145 840.0 840.0 840.0 0.0 128.0 128.0 128.0 0.0 1 1 1.0
292000.0 294000.0 3 1 232.86701214111756 13178.835948668111 252.30424481121372 296864.3502266251 999.5929999999935 66.36073828127701 656.4399016927151 513.2835228205028 840.0 840.0 840.0 0.0 128.0 128.0 128.0 0.0 1 1 1.0
294000.0 296000.0 3 1 176.00633860406384 10749.61514798997 184.67193415982217 212401.02338856948 996.9790000000503 94.15403320314363 663.2761152343979 495.3179574766538 840.0 840.0 840.0 0.0 128.0 128.0 128.0 0.0 1 1 1.0
296000.0 298000.0 3 1 275.4171569367196 15212.914104892905 310.28109378398375 369362.2938523353 995.7789999999804 67.34268749994226 652.8169296874743 509.5170377159371 840.0 840.0 840.0 0.0 128.0 128.0 128.0 0.0 2 2 1.0
298000.0 300000.0 3 1 251.97726081577548 14224.124339503272 265.7964578617559 311625.65305228217 996.3869999999879 99.31189843744505 662.2856191406026 490.3803069251803 840.0 840.0 840.0 0.0 128.0 128.0 128.0 0.0 1 1 1.0
300000.0 302000.0 1 1 10.999785943424646 740.6522535239262 13.480129832628243 15483.492807834122 107.72004101565108 107.72004101565108 107.72004101565108 0.0 0.0 0.0 0.0 0.0 0.0 0.0 0.0 0.0 0 0 0.0
