ts te nbins ncons c_pkts_all c_bytes_all s_pkts_all s_bytes_all max_bin_duration min_bin_duration avg_bin_duration std_bin_duration max_video_rate min_video_rate avg_video_rate std_video_rate max_audio_rate min_audio_rate avg_audio_rate std_audio_rate video_reqs audio_reqs media_reqs
0.0 10000.0 0 0 0.0 0.0 0.0 0.0 0.0 0.0 0.0 0.0 0.0 0.0 0.0 0.0 0.0 0.0 0.0 0.0 0 0 
10000.0 20000.0 7 1 209.18161094610957 22020.251493832875 386.62037522858003 530937.2844905979 999.6049999999814 689.2041015625 949.0143002232154 114.73217589199717 288.0 288.0 288.0 0.0 128.0 128.0 128.0 0.0 4 5 3.0
20000.0 30000.0 11 1 264.75128374039133 22067.586887652764 420.85119217426967 585523.0581585278 997.2650000000722 301.1488984375028 885.9859103338094 231.72975341203002 288.0 288.0 288.0 0.0 128.0 128.0 128.0 0.0 5 5 5.0
30000.0 40000.0 11 1 381.14029563754036 31394.73310793938 636.8328909029954 879948.8566009791 999.5030000000843 367.89188476570416 889.6374431818258 232.85987334597394 288.0 288.0 288.0 0.0 128.0 128.0 128.0 0.0 7 7 5.0
40000.0 50000.0 11 1 277.4200334690096 22233.60269837715 386.7317559574061 532761.9610624264 999.2970000000205 376.0380859375 887.5751905184588 222.8799971823904 288.0 288.0 288.0 0.0 128.0 128.0 128.0 0.0 4 4 5.0
50000.0 60000.0 11 1 319.7920540665723 24022.166914049863 436.3249340267623 606789.8313541474 998.3649999999907 273.1059570311918 891.3029882812407 233.74752516482377 288.0 288.0 288.0 0.0 128.0 128.0 128.0 0.0 5 5 5.0
60000.0 70000.0 11 1 333.5443363793033 27681.105897372454 498.0215421081973 683512.7819827144 999.2229999999981 179.514892578125 886.1958123224427 248.37657966851117 288.0 288.0 288.0 0.0 128.0 128.0 128.0 0.0 5 5 5.0
70000.0 80000.0 11 1 352.1583592920437 27824.982994680573 526.5724053910692 740371.6170742016 997.3229999999749 53.6689453125 884.0619138849274 283.455402001902 288.0 288.0 288.0 0.0 128.0 128.0 128.0 0.0 6 6 5.0
80000.0 90000.0 10 1 355.68942525797263 27132.23196020465 517.7287422730285 713900.5421428772 999.6510000000126 915.322998046875 979.9071052734449 28.282439814055174 288.0 288.0 288.0 0.0 128.0 128.0 128.0 0.0 5 5 5.0
90000.0 100000.0 11 1 368.8549753605818 29979.1273612341 548.1373336252661 761859.2316487065 999.0900000000256 82.91900195321068 894.5732833806753 274.39579812863934 288.0 288.0 288.0 0.0 128.0 128.0 128.0 0.0 7 6 5.0
100000.0 110000.0 11 1 339.64690538765143 26581.55967330766 532.0759621846815 741287.8673327756 999.387999999919 176.60988476558123 881.8107400568023 252.1629418142579 288.0 288.0 288.0 0.0 128.0 128.0 128.0 0.0 5 6 5.0
110000.0 120000.0 11 1 379.96579579017987 30417.57267460216 585.5115079627707 784745.9355188842 999.36599999998 308.5177441406413 890.7432455610727 224.35144180200874 288.0 288.0 288.0 0.0 128.0 128.0 128.0 0.0 6 6 5.0
120000.0 130000.0 11 1 332.25340547153104 26540.91714595668 515.3455748359628 703043.2405901282 998.0910000000149 389.49104296881706 887.5660122514237 223.0226148586971 288.0 288.0 288.0 0.0 128.0 128.0 128.0 0.0 6 6 5.0
130000.0 140000.0 11 1 286.3305654918912 21520.18229851292 360.7844020949652 510472.86649119965 996.74099999998 367.53125 887.3539234730098 226.3816752296413 288.0 288.0 288.0 0.0 128.0 128.0 128.0 0.0 4 4 5.0
140000.0 150000.0 11 1 309.6691847413346 23835.685193847425 430.4711176660081 606117.3971717573 999.4729999999981 213.134033203125 889.5231621093699 250.08275273762615 288.0 288.0 288.0 0.0 128.0 128.0 128.0 0.0 5 4 5.0
150000.0 160000.0 11 1 341.65844431823155 27610.52265970239 484.6427969452931 672426.1994944086 999.7920000000158 107.469970703125 883.2514488636357 264.82712812643615 288.0 288.0 288.0 0.0 128.0 128.0 128.0 0.0 5 6 5.0
160000.0 170000.0 10 1 507.31099557905895 36287.34522948123 629.7151375521474 864039.2162145467 999.7000000000116 493.10791015625 890.4151939453208 179.64709688327756 288.0 288.0 288.0 0.0 128.0 128.0 128.0 0.0 7 7 5.0
170000.0 180000.0 11 1 477.6537231860047 33694.09471242134 530.2277360771662 745703.8042372564 998.9650000000256 425.8588867186918 893.3542705965705 213.20887798303545 288.0 288.0 288.0 0.0 128.0 128.0 128.0 0.0 6 5 5.0
180000.0 190000.0 9 1 431.4602775594486 30096.656932889087 471.26145986373047 641542.3329228833 999.7539999999572 100.125 709.0891360677132 310.8997811211365 288.0 288.0 288.0 0.0 128.0 128.0 128.0 0.0 6 6 5.0
190000.0 200000.0 6 1 481.0206079484259 34046.92598684592 534.1820665232185 715866.3819584829 960.4949999999953 352.04931640625 751.1543675130233 246.22319739717244 480.0 288.0 416.0 99.14837366290988 128.0 128.0 128.0 0.0 6 6 5.0
200000.0 210000.0 9 1 611.9407900126992 40192.92689384054 699.7879592278866 955179.8721970961 999.9470000000438 538.1436835937202 873.2761859808945 191.50798835917774 480.0 480.0 480.0 0.0 128.0 128.0 128.0 0.0 5 5 5.0
210000.0 220000.0 11 1 754.6155083552011 48227.27859732757 855.4560899789636 1176819.0998702005 999.9239999999991 303.756103515625 879.7391012073812 252.35771853854 840.0 480.0 720.0 185.903200617956 128.0 128.0 128.0 0.0 6 6 5.0
220000.0 230000.0 10 1 885.657656421033 52988.51181171293 946.147369534932 1325507.2476554727 999.7380000000121 423.9179999999469 884.2471984374919 191.00578812823366 840.0 840.0 840.0 0.0 128.0 128.0 128.0 0.0 5 5 5.0
230000.0 240000.0 11 1 887.5526915667007 52942.07767145572 956.2259292240662 1358787.7718761603 999.8270000000484 142.47591210936662 897.2918080610795 257.61827714156567 840.0 840.0 840.0 0.0 128.0 128.0 128.0 0.0 6 6 5.0
240000.0 250000.0 11 1 935.2746083595899 54076.714883536704 961.1528168344361 1371286.7343760722 999.658000000054 203.75702343753073 789.1642785866491 321.51382700149486 840.0 840.0 840.0 0.0 128.0 128.0 128.0 0.0 5 5 5.0
250000.0 260000.0 10 1 904.9962766877918 51606.55678377767 920.3916716556164 1310241.3853988536 998.7179999999935 633.2179589844309 932.0134919921868 123.63010346826668 840.0 840.0 840.0 0.0 128.0 128.0 128.0 0.0 5 5 5.0
260000.0 270000.0 11 1 852.0249525155094 50078.88030065508 871.3319740881736 1211595.2812738195 999.1729999999516 207.37803906248882 865.8410850497153 260.76261895405395 840.0 840.0 840.0 0.0 128.0 128.0 128.0 0.0 5 5 5.0
270000.0 280000.0 10 1 934.4352364581921 54153.80123478317 929.4672560624068 1318085.2009048234 998.4570000000531 466.12310351559427 936.6285103515605 166.0362765807506 840.0 840.0 840.0 0.0 128.0 128.0 128.0 0.0 5 5 5.0
280000.0 290000.0 10 1 906.4966318616274 56432.1589339234 980.454572245484 1387280.8612522946 999.5860000000102 352.7900390625 875.0808039062424 234.6652305679582 840.0 840.0 840.0 0.0 128.0 128.0 128.0 0.0 6 6 5.0
290000.0 300000.0 10 1 880.8704050436853 55153.07375086081 977.3671975924098 1385731.845571566 999.4139999999898 351.18798828125 881.5188949218951 217.2133357138476 840.0 840.0 840.0 0.0 128.0 128.0 128.0 0.0 5 5 5.0
300000.0 310000.0 1 1 66.63296309468731 3805.767315215795 53.178230162106225 75409.2931761395 626.2390117187751 626.2390117187751 626.2390117187751 0.0 0.0 0.0 0.0 0.0 0.0 0.0 0.0 0.0 0 0 1.0
