ts te nbins ncons c_tcp_packs c_tcp_bytes c_udp_packs c_udp_bytes s_tcp_packs s_tcp_bytes s_udp_packs s_udp_bytes max_bins_span min_bins_span avg_bins_span std_bins_span max_video_rate min_video_rate avg_video_rate std_video_rate max_audio_rate min_audio_rate avg_audio_rate std_audio_rate video_requests audio_requests
0 10000 82 55 1134 149909 118 53373 1458 1434490 130 59679 999 0 390 297 1500 288 772 663 128 128 128 0 5 6
10000 20000 27 11 1592 76691 70 17752 2290 3093586 152 141332 999 23 623 356 1500 288 793 624 128 128 128 0 12 11
20000 30000 16 6 1679 24313 0 0 2279 3144245 0 0 999 0 696 380 1500 1500 1500 0 128 128 128 0 5 5
30000 40000 31 20 1837 143548 23 13387 2716 3611747 28 15095 999 0 462 394 1500 840 950 269 128 128 128 0 6 6
40000 50000 37 33 288 35830 0 0 476 559158 0 0 975 16 162 248 1500 840 1280 340 128 128 128 0 6 6
50000 60000 24 24 42 17841 0 0 49 5258 0 0 214 14 48 55 2300 1500 1957 427 128 128 128 0 7 7
60000 70000 28 28 115 155563 1 48 178 8010 1 48 728 15 133 180 3000 2300 2650 383 128 128 128 0 6 6
70000 80000 6 5 23 17352 0 0 28 8468 0 0 687 15 247 237 3000 3000 3000 0 128 128 128 0 5 5
80000 90000 10 10 23 16480 0 0 27 1980 0 0 256 15 151 104 3000 3000 3000 0 128 128 128 0 5 5
90000 100000 25 25 29 11104 18 9319 34 937 21 12126 504 16 81 127 3000 3000 3000 0 128 128 128 0 5 5
100000 110000 13 13 19 10334 0 0 23 875 0 0 191 15 41 62 3000 3000 3000 0 128 128 128 0 6 6
110000 120000 4 4 10 11485 0 0 14 844 0 0 268 17 143 144 3000 3000 3000 0 128 128 128 0 5 5
120000 130000 23 20 279 151465 38 20613 365 266583 45 20711 929 16 311 292 3000 3000 3000 0 128 128 128 0 5 5
130000 140000 17 17 37 25236 0 0 44 5270 0 0 325 16 77 84 3000 3000 3000 0 128 128 128 0 5 5
140000 150000 17 17 26 10314 0 0 26 921 0 0 518 20 168 178 3000 3000 3000 0 128 128 128 0 5 5
150000 160000 9 9 13 11003 13 6726 17 937 18 9307 208 15 103 77 3000 3000 3000 0 128 128 128 0 6 6
160000 170000 8 8 18 16833 0 0 24 1895 0 0 287 22 164 122 3000 3000 3000 0 128 128 128 0 5 5
170000 180000 8 8 15 11833 0 0 17 844 0 0 263 15 77 110 3000 3000 3000 0 128 128 128 0 5 5
180000 190000 22 22 80 120233 0 0 125 2344 0 0 409 15 77 105 3000 3000 3000 0 128 128 128 0 5 5
190000 200000 15 15 38 20124 0 0 48 5502 0 0 406 18 87 120 3000 3000 3000 0 128 128 128 0 5 5
200000 210000 5 5 16 16288 0 0 21 1941 0 0 361 120 243 85 3000 3000 3000 0 128 128 128 0 6 6
210000 220000 12 12 18 14931 19 10592 25 1288 22 13378 404 21 199 126 3000 3000 3000 0 128 128 128 0 4 4
220000 230000 16 16 21 10034 0 0 24 884 0 0 393 9 113 98 3000 3000 3000 0 128 128 128 0 6 6
230000 240000 21 21 31 10898 0 0 36 1000 0 0 303 16 58 85 3000 3000 3000 0 128 128 128 0 5 5
240000 250000 37 31 304 149359 46 21895 400 249092 55 21171 990 15 296 261 3000 3000 3000 0 128 128 128 0 4 4
250000 260000 12 12 30 29099 0 0 41 5846 0 0 461 11 114 135 3000 3000 3000 0 128 128 128 0 6 6
260000 270000 3 3 10 10899 0 0 13 921 0 0 297 172 253 69 3000 3000 3000 0 128 128 128 0 5 5
270000 280000 11 10 18 10382 16 9219 23 1367 21 12090 444 14 145 176 3000 3000 3000 0 128 128 128 0 5 5
280000 290000 17 17 27 16281 0 0 33 1926 0 0 360 21 96 120 3000 3000 3000 0 128 128 128 0 5 5
290000 300000 4 4 10 11022 0 0 15 1266 0 0 444 14 182 207 3000 3000 3000 0 128 128 128 0 5 5
300000 310000 0 0 0 0 0 0 0 0 0 0 0 0 0 0 0 0 0 0 0 0 0 0 0 0
