ts te nbins ncons c_pkts_all c_ack_cnt c_ack_cnt_p c_bytes_all c_bytes_uniq s_pkts_all s_ack_cnt s_ack_cnt_p s_bytes_all s_bytes_uniq c_pkts_retx s_pkts_retx c_pkts_data s_pkts_data max_bin min_bin avg_bin std_bin max_vid min_vid avg_vid std_vid max_aud min_aud avg_aud std_aud num_vid num_aud num_mfs
0 1000 16 15 129 126 74 28503 28503 191 191 62 151998 151998 0 0 50 126 780 3 177 231 0 0 0 0 0 0 0 0 0 0.0 0.0
1000 2000 17 16 125 125 49 10214 10214 182 182 75 86799 86799 0 0 75 107 730 31 283 251 0 0 0 0 0 0 0 0 0 0.0 0.0
2000 3000 3 3 6 6 1 491 491 9 9 5 2089 2089 0 0 5 4 207 44 102 90 0 0 0 0 0 0 0 0 0 0.0 0.0
3000 4000 1 1 0 0 0 24 24 0 0 0 24 24 0 0 0 0 29 29 29 0 0 0 0 0 0 0 0 0 0 0.0 0.0
4000 5000 5 4 19 19 2 3548 3548 21 21 14 2754 2754 0 0 16 7 951 19 307 377 0 0 0 0 0 0 0 0 0 0.0 0.0
5000 6000 10 10 74 68 30 24424 24424 89 89 48 34069 34069 0 0 38 36 577 33 239 174 0 0 0 0 0 0 0 0 0 0.0 1.0
6000 7000 4 4 28 26 13 12735 12735 36 36 18 14394 14394 0 1 12 14 243 25 135 93 4400 4400 4400 0 128 128 128 0 2 2.0 0.0
7000 8000 3 3 8 7 2 2823 2823 9 9 6 480 480 0 0 5 2 189 15 74 100 4400 4400 4400 0 128 128 128 0 3 3.0 0.0
8000 9000 2 2 2 2 0 411 411 3 3 1 383 383 0 0 0 0 67 49 58 12 4400 4400 4400 0 128 128 128 0 1 2.0 0.0
9000 10000 1 1 2 2 1 543 543 2 2 1 507 507 0 0 1 1 39 39 39 0 4400 4400 4400 0 128 128 128 0 2 2.0 1.0
10000 11000 5 5 72 69 28 56476 56476 105 105 60 40567 40567 0 0 41 42 290 46 180 90 0 0 0 0 0 0 0 0 0 0.0 1.0
11000 12000 1 1 9 8 6 1909 1909 9 9 3 6688 6688 0 0 2 5 178 178 178 0 4400 4400 4400 0 128 128 128 0 2 2.0 0.0
12000 13000 1 1 2 2 1 543 543 2 2 1 507 507 0 0 1 1 25 25 25 0 4400 4400 4400 0 128 128 128 0 1 1.0 1.0
13000 14000 1 1 2 2 1 543 543 2 2 1 507 507 0 0 1 1 24 24 24 0 0 0 0 0 0 0 0 0 0 0.0 0.0
14000 15000 0 0 0 0 0 0 0 0 0 0 0 0 0 0 0 0 0 0 0 0 0 0 0 0 0 0 0 0 0  
15000 16000 0 0 0 0 0 0 0 0 0 0 0 0 0 0 0 0 0 0 0 0 0 0 0 0 0 0 0 0 0  
16000 17000 0 0 0 0 0 0 0 0 0 0 0 0 0 0 0 0 0 0 0 0 0 0 0 0 0 0 0 0 0  
17000 18000 0 0 0 0 0 0 0 0 0 0 0 0 0 0 0 0 0 0 0 0 0 0 0 0 0 0 0 0 0  
18000 19000 2 2 8 8 2 5323 5323 14 14 9 4467 4467 0 0 6 5 119 91 105 19 8000 8000 8000 0 128 128 128 0 2 2.0 1.0
19000 20000 2 2 8 8 3 5291 5291 14 14 8 4475 4475 0 0 5 6 170 69 119 71 0 0 0 0 0 0 0 0 0 0.0 0.0
20000 21000 2 2 9 9 2 12287 12287 12 12 10 756 756 0 0 7 2 166 145 156 14 8000 8000 8000 0 128 128 128 0 1 1.0 1.0
21000 22000 0 0 0 0 0 0 0 0 0 0 0 0 0 0 0 0 0 0 0 0 0 0 0 0 0 0 0 0 0  
22000 23000 0 0 0 0 0 0 0 0 0 0 0 0 0 0 0 0 0 0 0 0 0 0 0 0 0 0 0 0 0  
23000 24000 0 0 0 0 0 0 0 0 0 0 0 0 0 0 0 0 0 0 0 0 0 0 0 0 0 0 0 0 0  
24000 25000 1 1 1 1 1 0 0 1 1 1 0 0 0 0 0 0 19 19 19 0 8000 8000 8000 0 128 128 128 0 1 1.0 1.0
25000 26000 0 0 0 0 0 0 0 0 0 0 0 0 0 0 0 0 0 0 0 0 0 0 0 0 0 0 0 0 0  
26000 27000 0 0 0 0 0 0 0 0 0 0 0 0 0 0 0 0 0 0 0 0 0 0 0 0 0 0 0 0 0  
27000 28000 0 0 0 0 0 0 0 0 0 0 0 0 0 0 0 0 0 0 0 0 0 0 0 0 0 0 0 0 0  
28000 29000 2 2 8 8 2 5320 5320 14 14 9 4468 4468 0 0 6 5 120 80 100 28 8000 8000 8000 0 128 128 128 0 1 1.0 1.0
29000 30000 0 0 0 0 0 0 0 0 0 0 0 0 0 0 0 0 0 0 0 0 0 0 0 0 0 0 0 0 0  
30000 31000 4 4 72 70 6 150355 150355 110 110 103 1899 1899 0 0 63 6 289 141 210 75 8000 8000 8000 0 128 128 128 0 1 1.0 1.0
31000 32000 1 1 3 3 2 35 35 3 3 1 62 31 0 1 1 2 151 151 151 0 0 0 0 0 0 0 0 0 0 0.0 0.0
32000 33000 0 0 0 0 0 0 0 0 0 0 0 0 0 0 0 0 0 0 0 0 0 0 0 0 0 0 0 0 0  
33000 34000 0 0 0 0 0 0 0 0 0 0 0 0 0 0 0 0 0 0 0 0 0 0 0 0 0 0 0 0 0  
34000 35000 7 7 3 3 3 0 0 3 3 3 0 0 0 0 0 0 110 110 110 0 8000 8000 8000 0 128 128 128 0 2 2.0 1.0
35000 36000 7 7 3 3 3 0 0 3 3 3 0 0 0 0 0 0 103 102 103 0 0 0 0 0 0 0 0 0 0 0.0 0.0
36000 37000 3 3 4 4 3 35 35 4 4 3 31 31 0 0 1 1 22 16 18 2 8000 8000 8000 0 128 128 128 0 1 1.0 1.0
37000 38000 2 2 1 1 0 69 69 3 3 1 61 61 0 0 1 1 23 15 19 5 0 0 0 0 0 0 0 0 0 0.0 0.0
38000 39000 4 4 9 9 3 5343 5343 15 15 9 4482 4482 0 0 6 6 115 0 52 54 8000 8000 8000 0 128 128 128 0 1 1.0 1.0
39000 40000 1 1 0 0 0 0 0 0 0 0 0 0 0 0 0 0 4 4 4 0 0 0 0 0 0 0 0 0 0 0.0 0.0
40000 41000 2 2 6 6 2 6103 6103 6 6 4 378 378 0 0 3 1 141 36 89 74 8000 8000 8000 0 128 128 128 0 1 1.0 1.0
41000 42000 0 0 0 0 0 0 0 0 0 0 0 0 0 0 0 0 0 0 0 0 0 0 0 0 0 0 0 0 0  
42000 43000 0 0 0 0 0 0 0 0 0 0 0 0 0 0 0 0 0 0 0 0 0 0 0 0 0 0 0 0 0  
43000 44000 1 1 1 1 1 0 0 1 1 1 0 0 0 0 0 0 21 21 21 0 8000 8000 8000 0 128 128 128 0 1 1.0 0.0
44000 45000 0 0 0 0 0 0 0 0 0 0 0 0 0 0 0 0 0 0 0 0 0 0 0 0 0 0 0 0 0  
45000 46000 11 11 11 11 11 0 0 11 11 11 0 0 0 0 0 0 21 15 18 1 0 0 0 0 0 0 0 0 0 0.0 0.0
46000 47000 12 12 15 15 12 5856 5856 17 17 16 525 525 0 0 3 1 143 14 29 36 8000 8000 8000 0 128 128 128 0 1 1.0 1.0
47000 48000 3 3 3 3 3 0 0 3 3 3 0 0 0 0 0 0 29 24 26 2 0 0 0 0 0 0 0 0 0 0.0 0.0
48000 49000 3 3 22 21 10 9635 9635 29 29 15 10063 10063 0 0 10 12 217 76 141 71 8000 8000 8000 0 128 128 128 0 1 1.0 1.0
49000 50000 2 2 1 1 1 0 0 1 1 1 0 0 0 0 0 0 29 2 15 18 0 0 0 0 0 0 0 0 0 0.0 0.0
50000 51000 14 14 25 25 13 5724 5724 26 26 16 378 378 0 0 3 1 261 13 60 80 8000 8000 8000 0 128 128 128 0 1 1.0 1.0
51000 52000 4 4 3 3 3 0 0 3 3 3 0 0 0 0 0 0 144 41 66 51 0 0 0 0 0 0 0 0 0 0.0 0.0
52000 53000 0 0 0 0 0 0 0 0 0 0 0 0 0 0 0 0 0 0 0 0 0 0 0 0 0 0 0 0 0  
53000 54000 1 1 1 1 1 0 0 1 1 1 0 0 0 0 0 0 16 16 16 0 0 0 0 0 0 0 0 0 0 0.0 0.0
54000 55000 0 0 0 0 0 0 0 0 0 0 0 0 0 0 0 0 0 0 0 0 0 0 0 0 0 0 0 0 0  
55000 56000 0 0 0 0 0 0 0 0 0 0 0 0 0 0 0 0 0 0 0 0 0 0 0 0 0 0 0 0 0  
56000 57000 0 0 0 0 0 0 0 0 0 0 0 0 0 0 0 0 0 0 0 0 0 0 0 0 0 0 0 0 0  
57000 58000 2 2 2 2 2 0 0 2 2 2 0 0 0 0 0 0 15 15 15 0 0 0 0 0 0 0 0 0 0 0.0 0.0
58000 59000 9 9 23 23 11 5347 5347 28 28 16 4486 4486 0 0 6 6 119 16 44 34 8000 8000 8000 0 128 128 128 0 2 2.0 1.0
59000 60000 0 0 0 0 0 0 0 0 0 0 0 0 0 0 0 0 0 0 0 0 0 0 0 0 0 0 0 0 0  
60000 61000 4 4 12 12 5 5645 5367 14 14 8 455 455 1 0 4 3 163 47 90 50 8000 8000 8000 0 128 128 128 0 1 1.0 1.0
61000 62000 3 3 7 6 3 35 35 8 8 2 185 185 0 0 1 5 32 3 20 15 0 0 0 0 0 0 0 0 0 0.0 0.0
62000 63000 0 0 0 0 0 0 0 0 0 0 0 0 0 0 0 0 0 0 0 0 0 0 0 0 0 0 0 0 0  
63000 64000 0 0 0 0 0 0 0 0 0 0 0 0 0 0 0 0 0 0 0 0 0 0 0 0 0 0 0 0 0  
64000 65000 1 1 6 6 0 12530 12530 10 10 9 653 653 0 0 5 1 29 29 29 0 0 0 0 0 0 0 0 0 0 0.0 1.0
65000 66000 2 2 59 57 8 112042 112042 99 99 80 5919 5919 0 0 48 17 260 1 130 183 0 0 0 0 0 0 0 0 0 0.0 0.0
66000 67000 2 2 3 3 1 35 35 4 4 2 31 31 0 0 1 1 42 16 29 17 8000 8000 8000 0 128 128 128 0 1 1.0 1.0
67000 68000 1 1 1 1 0 35 35 2 2 1 31 31 0 0 1 1 27 27 27 0 0 0 0 0 0 0 0 0 0 0.0 0.0
68000 69000 4 4 22 21 9 9674 9674 33 33 17 10095 10095 0 0 11 14 181 17 101 69 8000 8000 8000 0 128 128 128 0 1 1.0 1.0
69000 70000 0 0 0 0 0 0 0 0 0 0 0 0 0 0 0 0 0 0 0 0 0 0 0 0 0 0 0 0 0  
70000 71000 3 3 9 9 3 6647 6647 10 10 7 756 756 0 0 5 2 146 29 105 65 8000 8000 8000 0 128 128 128 0 1 1.0 1.0
71000 72000 0 0 0 0 0 0 0 0 0 0 0 0 0 0 0 0 0 0 0 0 0 0 0 0 0 0 0 0 0  
72000 73000 1 1 2 2 1 0 0 2 2 1 0 0 0 0 0 0 20 20 20 0 8000 8000 8000 0 128 128 128 0 2 2.0 1.0
73000 74000 0 0 0 0 0 0 0 0 0 0 0 0 0 0 0 0 0 0 0 0 0 0 0 0 0 0 0 0 0  
74000 75000 0 0 0 0 0 0 0 0 0 0 0 0 0 0 0 0 0 0 0 0 0 0 0 0 0 0 0 0 0  
75000 76000 1 1 1 1 1 0 0 1 1 1 0 0 0 0 0 0 15 15 15 0 0 0 0 0 0 0 0 0 0 0.0 0.0
76000 77000 0 0 0 0 0 0 0 0 0 0 0 0 0 0 0 0 0 0 0 0 0 0 0 0 0 0 0 0 0  
77000 78000 0 0 0 0 0 0 0 0 0 0 0 0 0 0 0 0 0 0 0 0 0 0 0 0 0 0 0 0 0  
78000 79000 1 1 2 2 1 0 0 3 3 1 77 77 0 0 0 1 18 18 18 0 8000 8000 8000 0 128 128 128 0 1 1.0 1.0
79000 80000 0 0 0 0 0 0 0 0 0 0 0 0 0 0 0 0 0 0 0 0 0 0 0 0 0 0 0 0 0  
80000 81000 2 2 8 8 2 8374 8374 8 8 6 756 756 0 0 6 2 155 139 147 10 8000 8000 8000 0 128 128 128 0 1 1.0 1.0
81000 82000 0 0 0 0 0 0 0 0 0 0 0 0 0 0 0 0 0 0 0 0 0 0 0 0 0 0 0 0 0  
82000 83000 0 0 0 0 0 0 0 0 0 0 0 0 0 0 0 0 0 0 0 0 0 0 0 0 0 0 0 0 0  
83000 84000 0 0 0 0 0 0 0 0 0 0 0 0 0 0 0 0 0 0 0 0 0 0 0 0 0 0 0 0 0  
84000 85000 1 1 1 1 1 0 0 1 1 1 0 0 0 0 0 0 15 15 15 0 0 0 0 0 0 0 0 0 0 0.0 1.0
85000 86000 0 0 0 0 0 0 0 0 0 0 0 0 0 0 0 0 0 0 0 0 0 0 0 0 0 0 0 0 0  
86000 87000 1 1 3 3 1 3334 3334 4 4 3 525 525 0 0 2 1 129 129 129 0 8000 8000 8000 0 128 128 128 0 2 2.0 1.0
87000 88000 0 0 0 0 0 0 0 0 0 0 0 0 0 0 0 0 0 0 0 0 0 0 0 0 0 0 0 0 0  
88000 89000 0 0 0 0 0 0 0 0 0 0 0 0 0 0 0 0 0 0 0 0 0 0 0 0 0 0 0 0 0  
89000 90000 0 0 0 0 0 0 0 0 0 0 0 0 0 0 0 0 0 0 0 0 0 0 0 0 0 0 0 0 0  
90000 91000 2 2 5 5 2 5673 5673 7 7 6 378 378 0 0 3 1 154 15 84 97 8000 8000 8000 0 128 128 128 0 1 1.0 1.0
91000 92000 1 1 2 2 1 35 35 3 3 1 62 31 0 1 1 2 18 18 18 0 0 0 0 0 0 0 0 0 0 0.0 0.0
92000 93000 13 13 13 13 13 0 0 13 13 13 0 0 0 0 0 0 25 18 21 1 8000 8000 8000 0 128 128 128 0 1 1.0 1.0
93000 94000 0 0 0 0 0 0 0 0 0 0 0 0 0 0 0 0 0 0 0 0 0 0 0 0 0 0 0 0 0  
94000 95000 2 2 2 2 2 0 0 2 2 2 0 0 0 0 0 0 22 22 22 0 8000 8000 8000 0 128 128 128 0 1 1.0 1.0
95000 96000 0 0 0 0 0 0 0 0 0 0 0 0 0 0 0 0 0 0 0 0 0 0 0 0 0 0 0 0 0  
96000 97000 6 6 6 6 5 35 35 7 7 6 31 31 0 0 1 1 16 14 16 0 8000 8000 8000 0 128 128 128 0 1 1.0 1.0
97000 98000 1 1 1 1 0 35 35 2 2 1 31 31 0 0 1 1 25 25 25 0 0 0 0 0 0 0 0 0 0 0.0 0.0
98000 99000 4 4 18 17 6 7874 7874 27 27 16 4834 4834 0 0 11 10 185 15 84 81 0 0 0 0 0 0 0 0 0 0.0 1.0
99000 100000 0 0 0 0 0 0 0 0 0 0 0 0 0 0 0 0 0 0 0 0 0 0 0 0 0 0 0 0 0  
100000 101000 1 1 4 4 1 4378 4378 4 4 3 378 378 0 0 3 1 143 143 143 0 8000 8000 8000 0 128 128 128 0 2 2.0 1.0
101000 102000 0 0 0 0 0 0 0 0 0 0 0 0 0 0 0 0 0 0 0 0 0 0 0 0 0 0 0 0 0  
102000 103000 0 0 0 0 0 0 0 0 0 0 0 0 0 0 0 0 0 0 0 0 0 0 0 0 0 0 0 0 0  
103000 104000 0 0 0 0 0 0 0 0 0 0 0 0 0 0 0 0 0 0 0 0 0 0 0 0 0 0 0 0 0  
104000 105000 1 1 1 1 1 0 0 1 1 1 0 0 0 0 0 0 18 18 18 0 8000 8000 8000 0 128 128 128 0 1 1.0 1.0
105000 106000 0 0 0 0 0 0 0 0 0 0 0 0 0 0 0 0 0 0 0 0 0 0 0 0 0 0 0 0 0  
106000 107000 0 0 0 0 0 0 0 0 0 0 0 0 0 0 0 0 0 0 0 0 0 0 0 0 0 0 0 0 0  
107000 108000 0 0 0 0 0 0 0 0 0 0 0 0 0 0 0 0 0 0 0 0 0 0 0 0 0 0 0 0 0  
108000 109000 1 1 2 2 1 0 0 3 3 1 77 77 0 0 0 1 16 16 16 0 3000 3000 3000 0 128 128 128 0 2 1.0 1.0
109000 110000 0 0 0 0 0 0 0 0 0 0 0 0 0 0 0 0 0 0 0 0 0 0 0 0 0 0 0 0 0  
110000 111000 2 2 5 5 2 6350 6350 7 7 6 378 378 0 0 3 1 166 17 92 105 3000 3000 3000 0 128 128 128 0 1 1.0 1.0
111000 112000 0 0 0 0 0 0 0 0 0 0 0 0 0 0 0 0 0 0 0 0 0 0 0 0 0 0 0 0 0  
112000 113000 0 0 0 0 0 0 0 0 0 0 0 0 0 0 0 0 0 0 0 0 0 0 0 0 0 0 0 0 0  
113000 114000 0 0 0 0 0 0 0 0 0 0 0 0 0 0 0 0 0 0 0 0 0 0 0 0 0 0 0 0 0  
114000 115000 0 0 0 0 0 0 0 0 0 0 0 0 0 0 0 0 0 0 0 0 0 0 0 0 0 0 0 0 0  
115000 116000 0 0 0 0 0 0 0 0 0 0 0 0 0 0 0 0 0 0 0 0 0 0 0 0 0 0 0 0 0  
116000 117000 0 0 0 0 0 0 0 0 0 0 0 0 0 0 0 0 0 0 0 0 0 0 0 0 0 0 0 0 0  
117000 118000 2 2 19 18 8 7948 7948 26 26 14 10047 10047 0 0 10 11 200 117 158 58 0 0 0 0 0 0 0 0 0 0.0 0.0
118000 119000 0 0 0 0 0 0 0 0 0 0 0 0 0 0 0 0 0 0 0 0 0 0 0 0 0 0 0 0 0  
119000 120000 0 0 0 0 0 0 0 0 0 0 0 0 0 0 0 0 0 0 0 0 0 0 0 0 0 0 0 0 0  
120000 121000 3 3 8 8 3 9108 9108 10 10 8 665 665 0 0 5 2 148 28 106 67 8000 8000 8000 0 128 128 128 0 1 1.0 1.0
121000 122000 3 3 66 66 40 3482 3482 128 128 7 177996 177996 0 0 25 120 158 16 99 73 0 0 0 0 0 0 0 0 0 0.0 0.0
122000 123000 1 1 0 0 0 21 21 0 0 0 1276 1276 0 0 0 0 1 1 1 0 0 0 0 0 0 0 0 0 0 0.0 0.0
123000 124000 2 2 1 1 0 962 962 2 2 1 858 858 0 0 0 0 152 43 98 77 8000 8000 8000 0 128 128 128 0 1 1.0 1.0
124000 125000 5 3 20 20 5 20087 19955 30 30 21 7798 7763 0 0 14 9 917 32 384 455 8000 8000 8000 0 128 128 128 0 1 1.0 1.0
125000 126000 5 5 83 80 24 108734 107478 116 116 87 13808 13399 0 1 55 25 481 157 335 131 0 0 0 0 0 0 0 0 0 0.0 0.0
126000 127000 2 2 5 5 1 4297 4297 7 7 5 556 556 0 0 4 2 132 17 75 81 0 0 0 0 0 0 0 0 0 0.0 1.0
127000 128000 1 1 1 1 0 35 35 2 2 1 31 31 0 0 1 1 24 24 24 0 0 0 0 0 0 0 0 0 0 0.0 0.0
128000 129000 1 1 1 1 0 35 35 2 2 1 31 31 0 0 1 1 22 22 22 0 8000 8000 8000 0 128 128 128 0 1 1.0 1.0
129000 130000 3 3 11 11 5 5318 5318 16 16 10 4465 4465 0 0 6 6 124 15 72 54 0 0 0 0 0 0 0 0 0 0.0 0.0
130000 131000 2 2 10 10 2 14160 14160 13 13 11 756 756 0 0 8 2 148 144 146 2 8000 8000 8000 0 128 128 128 0 2 2.0 1.0
131000 132000 0 0 0 0 0 0 0 0 0 0 0 0 0 0 0 0 0 0 0 0 0 0 0 0 0 0 0 0 0  
132000 133000 0 0 0 0 0 0 0 0 0 0 0 0 0 0 0 0 0 0 0 0 0 0 0 0 0 0 0 0 0  
133000 134000 0 0 0 0 0 0 0 0 0 0 0 0 0 0 0 0 0 0 0 0 0 0 0 0 0 0 0 0 0  
134000 135000 0 0 0 0 0 0 0 0 0 0 0 0 0 0 0 0 0 0 0 0 0 0 0 0 0 0 0 0 0  
135000 136000 2 2 4 4 3 0 0 4 4 2 77 77 0 0 0 1 58 27 42 22 0 0 0 0 0 0 0 0 0 0.0 0.0
136000 137000 0 0 0 0 0 0 0 0 0 0 0 0 0 0 0 0 0 0 0 0 0 0 0 0 0 0 0 0 0  
137000 138000 11 11 11 11 11 0 0 11 11 11 0 0 0 0 0 0 97 93 95 1 0 0 0 0 0 0 0 0 0 0.0 0.0
138000 139000 0 0 0 0 0 0 0 0 0 0 0 0 0 0 0 0 0 0 0 0 0 0 0 0 0 0 0 0 0  
139000 140000 3 3 5 5 4 0 0 6 6 3 154 77 0 1 0 2 133 30 98 59 0 0 0 0 0 0 0 0 0 0.0 0.0
140000 141000 2 2 8 8 2 8395 8395 9 9 7 756 756 0 0 6 2 143 142 142 0 8000 8000 8000 0 128 128 128 0 1 1.0 1.0
141000 142000 5 5 5 5 5 0 0 5 5 5 0 0 0 0 0 0 19 17 19 0 0 0 0 0 0 0 0 0 0 0.0 0.0
142000 143000 0 0 0 0 0 0 0 0 0 0 0 0 0 0 0 0 0 0 0 0 0 0 0 0 0 0 0 0 0  
143000 144000 1 1 1 1 1 0 0 1 1 1 0 0 0 0 0 0 15 15 15 0 0 0 0 0 0 0 0 0 0 0.0 0.0
144000 145000 0 0 0 0 0 0 0 0 0 0 0 0 0 0 0 0 0 0 0 0 0 0 0 0 0 0 0 0 0  
145000 146000 0 0 0 0 0 0 0 0 0 0 0 0 0 0 0 0 0 0 0 0 0 0 0 0 0 0 0 0 0  
146000 147000 0 0 0 0 0 0 0 0 0 0 0 0 0 0 0 0 0 0 0 0 0 0 0 0 0 0 0 0 0  
147000 148000 0 0 0 0 0 0 0 0 0 0 0 0 0 0 0 0 0 0 0 0 0 0 0 0 0 0 0 0 0  
148000 149000 0 0 0 0 0 0 0 0 0 0 0 0 0 0 0 0 0 0 0 0 0 0 0 0 0 0 0 0 0  
149000 150000 1 1 1 1 1 0 0 1 1 1 0 0 0 0 0 0 16 16 16 0 0 0 0 0 0 0 0 0 0 0.0 0.0
150000 151000 1 1 4 4 1 5339 5339 5 5 4 378 378 0 0 3 1 151 151 151 0 8000 8000 8000 0 128 128 128 0 1 1.0 1.0
151000 152000 1 1 1 1 0 35 35 2 2 1 31 31 0 0 1 1 17 17 17 0 0 0 0 0 0 0 0 0 0 0.0 0.0
152000 153000 0 0 0 0 0 0 0 0 0 0 0 0 0 0 0 0 0 0 0 0 0 0 0 0 0 0 0 0 0  
153000 154000 0 0 0 0 0 0 0 0 0 0 0 0 0 0 0 0 0 0 0 0 0 0 0 0 0 0 0 0 0  
154000 155000 0 0 0 0 0 0 0 0 0 0 0 0 0 0 0 0 0 0 0 0 0 0 0 0 0 0 0 0 0  
155000 156000 0 0 0 0 0 0 0 0 0 0 0 0 0 0 0 0 0 0 0 0 0 0 0 0 0 0 0 0 0  
156000 157000 1 1 1 1 0 35 35 2 2 1 31 31 0 0 1 1 18 18 18 0 0 0 0 0 0 0 0 0 0 0.0 1.0
157000 158000 1 1 1 1 0 35 35 2 2 1 31 31 0 0 1 1 21 21 21 0 0 0 0 0 0 0 0 0 0 0.0 0.0
158000 159000 1 1 1 1 0 35 35 2 2 1 31 31 0 0 1 1 19 19 19 0 8000 8000 8000 0 128 128 128 0 1 1.0 1.0
159000 160000 0 0 0 0 0 0 0 0 0 0 0 0 0 0 0 0 0 0 0 0 0 0 0 0 0 0 0 0 0  
160000 161000 1 1 4 4 1 5054 5054 5 5 4 378 378 0 0 3 1 140 140 140 0 8000 8000 8000 0 128 128 128 0 2 2.0 1.0
161000 162000 0 0 0 0 0 0 0 0 0 0 0 0 0 0 0 0 0 0 0 0 0 0 0 0 0 0 0 0 0  
162000 163000 0 0 0 0 0 0 0 0 0 0 0 0 0 0 0 0 0 0 0 0 0 0 0 0 0 0 0 0 0  
163000 164000 0 0 0 0 0 0 0 0 0 0 0 0 0 0 0 0 0 0 0 0 0 0 0 0 0 0 0 0 0  
164000 165000 0 0 0 0 0 0 0 0 0 0 0 0 0 0 0 0 0 0 0 0 0 0 0 0 0 0 0 0 0  
165000 166000 1 1 1 1 1 0 0 1 1 1 0 0 0 0 0 0 17 17 17 0 0 0 0 0 0 0 0 0 0 0.0 0.0
166000 167000 1 1 3 3 1 3256 3256 4 4 3 525 525 0 0 2 1 122 122 122 0 8000 8000 8000 0 128 128 128 0 1 1.0 1.0
167000 168000 0 0 0 0 0 0 0 0 0 0 0 0 0 0 0 0 0 0 0 0 0 0 0 0 0 0 0 0 0  
168000 169000 2 2 2 2 2 0 0 2 2 2 0 0 0 0 0 0 19 17 18 1 8000 8000 8000 0 128 128 128 0 1 1.0 1.0
169000 170000 0 0 0 0 0 0 0 0 0 0 0 0 0 0 0 0 0 0 0 0 0 0 0 0 0 0 0 0 0  
170000 171000 2 2 5 5 2 5737 5737 7 7 6 378 378 0 0 3 1 144 16 80 90 8000 8000 8000 0 128 128 128 0 1 1.0 1.0
171000 172000 0 0 0 0 0 0 0 0 0 0 0 0 0 0 0 0 0 0 0 0 0 0 0 0 0 0 0 0 0  
172000 173000 2 2 2 2 2 0 0 2 2 2 0 0 0 0 0 0 17 17 17 0 8000 8000 8000 0 128 128 128 0 1 1.0 1.0
173000 174000 0 0 0 0 0 0 0 0 0 0 0 0 0 0 0 0 0 0 0 0 0 0 0 0 0 0 0 0 0  
174000 175000 1 1 1 1 1 0 0 1 1 1 0 0 0 0 0 0 15 15 15 0 0 0 0 0 0 0 0 0 0 0.0 1.0
175000 176000 0 0 0 0 0 0 0 0 0 0 0 0 0 0 0 0 0 0 0 0 0 0 0 0 0 0 0 0 0  
176000 177000 1 1 1 1 1 0 0 1 1 1 0 0 0 0 0 0 15 15 15 0 0 0 0 0 0 0 0 0 0 0.0 1.0
177000 178000 0 0 0 0 0 0 0 0 0 0 0 0 0 0 0 0 0 0 0 0 0 0 0 0 0 0 0 0 0  
178000 179000 0 0 0 0 0 0 0 0 0 0 0 0 0 0 0 0 0 0 0 0 0 0 0 0 0 0 0 0 0  
179000 180000 2 2 20 19 9 7833 7833 29 29 14 10034 10034 0 0 10 14 164 124 144 28 0 0 0 0 0 0 0 0 0 0.0 0.0
180000 181000 3 3 10 10 4 7776 6131 11 11 8 952 665 2 1 6 3 329 250 283 40 8000 8000 8000 0 128 128 128 0 3 3.0 1.0
181000 182000 1 1 1 1 0 35 35 2 2 1 31 31 0 0 1 1 144 144 144 0 8000 8000 8000 0 128 128 128 0 1 1.0 0.0
182000 183000 11 11 11 11 11 0 0 11 11 11 0 0 0 0 0 0 18 14 17 1 8000 8000 8000 0 128 128 128 0 1 1.0 1.0
183000 184000 0 0 0 0 0 0 0 0 0 0 0 0 0 0 0 0 0 0 0 0 0 0 0 0 0 0 0 0 0  
184000 185000 3 3 6 6 2 8470 8470 8 8 7 55 41 0 0 3 0 50 17 28 18 8000 8000 8000 0 128 128 128 0 1 1.0 1.0
185000 186000 1 1 45 45 4 96878 96878 74 74 65 633 479 0 0 41 9 574 574 574 0 0 0 0 0 0 0 0 0 0 0.0 0.0
186000 187000 8 8 10 10 7 35 35 11 11 8 31 31 0 0 1 1 28 15 19 5 8000 8000 8000 0 128 128 128 0 1 1.0 1.0
187000 188000 1 1 1 1 0 35 35 2 2 1 31 31 0 0 1 1 16 16 16 0 0 0 0 0 0 0 0 0 0 0.0 0.0
188000 189000 2 2 2 2 1 35 35 3 3 2 31 31 0 0 1 1 26 22 24 2 8000 8000 8000 0 128 128 128 0 1 1.0 1.0
189000 190000 2 2 9 9 2 5660 5320 14 14 9 4465 4465 1 0 7 5 210 83 146 89 0 0 0 0 0 0 0 0 0 0.0 0.0
190000 191000 2 2 8 8 2 9245 9245 9 9 7 756 756 0 0 6 2 154 150 152 3 8000 8000 8000 0 128 128 128 0 1 1.0 1.0
191000 192000 0 0 0 0 0 0 0 0 0 0 0 0 0 0 0 0 0 0 0 0 0 0 0 0 0 0 0 0 0  
192000 193000 0 0 0 0 0 0 0 0 0 0 0 0 0 0 0 0 0 0 0 0 0 0 0 0 0 0 0 0 0  
193000 194000 0 0 0 0 0 0 0 0 0 0 0 0 0 0 0 0 0 0 0 0 0 0 0 0 0 0 0 0 0  
194000 195000 1 1 1 1 1 0 0 1 1 1 0 0 0 0 0 0 17 17 17 0 8000 8000 8000 0 128 128 128 0 1 1.0 1.0
195000 196000 0 0 0 0 0 0 0 0 0 0 0 0 0 0 0 0 0 0 0 0 0 0 0 0 0 0 0 0 0  
196000 197000 0 0 0 0 0 0 0 0 0 0 0 0 0 0 0 0 0 0 0 0 0 0 0 0 0 0 0 0 0  
197000 198000 0 0 0 0 0 0 0 0 0 0 0 0 0 0 0 0 0 0 0 0 0 0 0 0 0 0 0 0 0  
198000 199000 2 2 9 9 3 5344 5344 15 15 9 4484 4484 0 0 6 6 141 82 111 41 8000 8000 8000 0 128 128 128 0 2 1.0 1.0
199000 200000 0 0 0 0 0 0 0 0 0 0 0 0 0 0 0 0 0 0 0 0 0 0 0 0 0 0 0 0 0  
200000 201000 2 2 10 9 2 7729 7729 10 10 7 775 775 0 0 6 3 172 142 157 21 8000 8000 8000 0 128 128 128 0 1 1.0 1.0
201000 202000 0 0 0 0 0 0 0 0 0 0 0 0 0 0 0 0 0 0 0 0 0 0 0 0 0 0 0 0 0  
202000 203000 0 0 0 0 0 0 0 0 0 0 0 0 0 0 0 0 0 0 0 0 0 0 0 0 0 0 0 0 0  
203000 204000 0 0 0 0 0 0 0 0 0 0 0 0 0 0 0 0 0 0 0 0 0 0 0 0 0 0 0 0 0  
204000 205000 0 0 0 0 0 0 0 0 0 0 0 0 0 0 0 0 0 0 0 0 0 0 0 0 0 0 0 0 0  
205000 206000 0 0 0 0 0 0 0 0 0 0 0 0 0 0 0 0 0 0 0 0 0 0 0 0 0 0 0 0 0  
206000 207000 1 1 4 4 1 3408 3408 5 5 4 525 525 0 0 3 1 140 140 140 0 8000 8000 8000 0 128 128 128 0 2 2.0 1.0
207000 208000 0 0 0 0 0 0 0 0 0 0 0 0 0 0 0 0 0 0 0 0 0 0 0 0 0 0 0 0 0  
208000 209000 1 1 2 2 1 0 0 3 3 1 77 77 0 0 0 1 23 23 23 0 8000 8000 8000 0 128 128 128 0 1 1.0 1.0
209000 210000 0 0 0 0 0 0 0 0 0 0 0 0 0 0 0 0 0 0 0 0 0 0 0 0 0 0 0 0 0  
210000 211000 2 2 7 7 2 8784 8784 10 10 8 665 665 0 0 5 2 152 139 145 8 8000 8000 8000 0 128 128 128 0 1 1.0 1.0
211000 212000 1 1 1 1 0 35 35 2 2 1 31 31 0 0 1 1 16 16 16 0 0 0 0 0 0 0 0 0 0 0.0 0.0
212000 213000 0 0 0 0 0 0 0 0 0 0 0 0 0 0 0 0 0 0 0 0 0 0 0 0 0 0 0 0 0  
213000 214000 2 2 2 2 2 0 0 2 2 2 0 0 0 0 0 0 24 18 21 4 0 0 0 0 0 0 0 0 0 0.0 0.0
214000 215000 0 0 0 0 0 0 0 0 0 0 0 0 0 0 0 0 0 0 0 0 0 0 0 0 0 0 0 0 0  
215000 216000 0 0 0 0 0 0 0 0 0 0 0 0 0 0 0 0 0 0 0 0 0 0 0 0 0 0 0 0 0  
216000 217000 1 1 1 1 0 35 35 2 2 1 31 31 0 0 1 1 16 16 16 0 0 0 0 0 0 0 0 0 0 0.0 1.0
217000 218000 1 1 1 1 0 35 35 2 2 1 31 31 0 0 1 1 32 32 32 0 0 0 0 0 0 0 0 0 0 0.0 0.0
218000 219000 1 1 1 1 0 35 35 2 2 1 31 31 0 0 1 1 26 26 26 0 8000 8000 8000 0 128 128 128 0 2 2.0 1.0
219000 220000 1 1 1 1 1 0 0 1 1 1 0 0 0 0 0 0 24 24 24 0 0 0 0 0 0 0 0 0 0 0.0 0.0
220000 221000 1 1 4 4 1 5653 5653 5 5 4 378 378 0 0 3 1 144 144 144 0 8000 8000 8000 0 128 128 128 0 1 1.0 1.0
221000 222000 0 0 0 0 0 0 0 0 0 0 0 0 0 0 0 0 0 0 0 0 0 0 0 0 0 0 0 0 0  
222000 223000 0 0 0 0 0 0 0 0 0 0 0 0 0 0 0 0 0 0 0 0 0 0 0 0 0 0 0 0 0  
223000 224000 0 0 0 0 0 0 0 0 0 0 0 0 0 0 0 0 0 0 0 0 0 0 0 0 0 0 0 0 0  
224000 225000 0 0 0 0 0 0 0 0 0 0 0 0 0 0 0 0 0 0 0 0 0 0 0 0 0 0 0 0 0  
225000 226000 1 1 1 1 1 0 0 1 1 1 0 0 0 0 0 0 15 15 15 0 0 0 0 0 0 0 0 0 0 0.0 0.0
226000 227000 0 0 0 0 0 0 0 0 0 0 0 0 0 0 0 0 0 0 0 0 0 0 0 0 0 0 0 0 0  
227000 228000 11 11 11 11 11 0 0 11 11 11 0 0 0 0 0 0 20 15 18 1 0 0 0 0 0 0 0 0 0 0.0 0.0
228000 229000 0 0 0 0 0 0 0 0 0 0 0 0 0 0 0 0 0 0 0 0 0 0 0 0 0 0 0 0 0  
229000 230000 0 0 0 0 0 0 0 0 0 0 0 0 0 0 0 0 0 0 0 0 0 0 0 0 0 0 0 0 0  
230000 231000 2 2 5 5 2 5054 5054 5 5 4 378 378 0 0 3 1 153 15 84 97 8000 8000 8000 0 128 128 128 0 1 1.0 1.0
231000 232000 7 7 7 7 7 0 0 7 7 7 0 0 0 0 0 0 20 15 18 1 0 0 0 0 0 0 0 0 0 0.0 0.0
232000 233000 1 1 2 2 1 0 0 3 3 1 39 39 0 0 0 1 19 19 19 0 8000 8000 8000 0 128 128 128 0 1 1.0 1.0
233000 234000 1 1 1 1 1 0 0 1 1 1 0 0 0 0 0 0 19 19 19 0 0 0 0 0 0 0 0 0 0 0.0 0.0
234000 235000 0 0 0 0 0 0 0 0 0 0 0 0 0 0 0 0 0 0 0 0 0 0 0 0 0 0 0 0 0  
235000 236000 0 0 0 0 0 0 0 0 0 0 0 0 0 0 0 0 0 0 0 0 0 0 0 0 0 0 0 0 0  
236000 237000 0 0 0 0 0 0 0 0 0 0 0 0 0 0 0 0 0 0 0 0 0 0 0 0 0 0 0 0 0  
237000 238000 0 0 0 0 0 0 0 0 0 0 0 0 0 0 0 0 0 0 0 0 0 0 0 0 0 0 0 0 0  
238000 239000 0 0 0 0 0 0 0 0 0 0 0 0 0 0 0 0 0 0 0 0 0 0 0 0 0 0 0 0 0  
239000 240000 2 2 3 3 2 0 0 4 4 2 39 39 0 0 0 1 31 28 30 1 0 0 0 0 0 0 0 0 0 0.0 0.0
240000 241000 3 3 8 8 3 5056 5056 11 11 6 456 456 0 0 3 3 159 19 67 79 8000 8000 8000 0 128 128 128 0 1 1.0 1.0
241000 242000 9 9 68 68 37 3348 3348 165 165 27 179605 179605 0 0 25 132 123 16 45 43 0 0 0 0 0 0 0 0 0 0.0 0.0
242000 243000 1 1 2 2 1 0 0 3 3 1 39 39 0 0 0 1 18 18 18 0 0 0 0 0 0 0 0 0 0 0.0 1.0
243000 244000 2 2 11 11 4 6597 5633 17 17 10 5876 4938 1 0 7 6 670 272 471 281 8000 8000 8000 0 128 128 128 0 1 1.0 0.0
244000 245000 5 4 24 23 8 18153 17690 35 35 21 10034 9576 0 0 14 12 521 18 199 216 8000 8000 8000 0 128 128 128 0 1 1.0 1.0
245000 246000 6 6 75 73 20 102108 102108 108 108 80 8209 8091 0 1 50 22 429 20 159 160 0 0 0 0 0 0 0 0 0 0.0 0.0
246000 247000 3 3 4 4 1 3425 3425 5 5 3 561 561 0 0 3 2 134 3 54 70 8000 8000 8000 0 128 128 128 0 1 1.0 1.0
247000 248000 2 2 2 2 0 35 35 4 4 1 64 64 0 0 1 1 19 15 17 3 0 0 0 0 0 0 0 0 0 0.0 0.0
248000 249000 1 1 1 1 0 35 35 2 2 1 31 31 0 0 1 1 16 16 16 0 8000 8000 8000 0 128 128 128 0 1 1.0 1.0
249000 250000 0 0 0 0 0 0 0 0 0 0 0 0 0 0 0 0 0 0 0 0 0 0 0 0 0 0 0 0 0  
250000 251000 4 4 21 20 5 19891 19891 28 28 20 5244 5244 0 0 14 8 159 83 131 33 8000 8000 8000 0 128 128 128 0 1 1.0 1.0
251000 252000 0 0 0 0 0 0 0 0 0 0 0 0 0 0 0 0 0 0 0 0 0 0 0 0 0 0 0 0 0  
252000 253000 0 0 0 0 0 0 0 0 0 0 0 0 0 0 0 0 0 0 0 0 0 0 0 0 0 0 0 0 0  
253000 254000 0 0 0 0 0 0 0 0 0 0 0 0 0 0 0 0 0 0 0 0 0 0 0 0 0 0 0 0 0  
254000 255000 0 0 0 0 0 0 0 0 0 0 0 0 0 0 0 0 0 0 0 0 0 0 0 0 0 0 0 0 0  
255000 256000 1 1 3 3 2 0 0 3 3 1 77 77 0 0 0 1 17 17 17 0 0 0 0 0 0 0 0 0 0 0.0 0.0
256000 257000 0 0 0 0 0 0 0 0 0 0 0 0 0 0 0 0 0 0 0 0 0 0 0 0 0 0 0 0 0  
257000 258000 0 0 0 0 0 0 0 0 0 0 0 0 0 0 0 0 0 0 0 0 0 0 0 0 0 0 0 0 0  
258000 259000 0 0 0 0 0 0 0 0 0 0 0 0 0 0 0 0 0 0 0 0 0 0 0 0 0 0 0 0 0  
259000 260000 0 0 0 0 0 0 0 0 0 0 0 0 0 0 0 0 0 0 0 0 0 0 0 0 0 0 0 0 0  
260000 261000 3 3 15 13 4 10503 10503 17 17 11 1292 1292 0 0 8 5 263 0 172 148 8000 8000 8000 0 128 128 128 0 1 1.0 1.0
261000 262000 0 0 0 0 0 0 0 0 0 0 0 0 0 0 0 0 0 0 0 0 0 0 0 0 0 0 0 0 0  
262000 263000 0 0 0 0 0 0 0 0 0 0 0 0 0 0 0 0 0 0 0 0 0 0 0 0 0 0 0 0 0  
263000 264000 0 0 0 0 0 0 0 0 0 0 0 0 0 0 0 0 0 0 0 0 0 0 0 0 0 0 0 0 0  
264000 265000 0 0 0 0 0 0 0 0 0 0 0 0 0 0 0 0 0 0 0 0 0 0 0 0 0 0 0 0 0  
265000 266000 0 0 0 0 0 0 0 0 0 0 0 0 0 0 0 0 0 0 0 0 0 0 0 0 0 0 0 0 0  
266000 267000 0 0 0 0 0 0 0 0 0 0 0 0 0 0 0 0 0 0 0 0 0 0 0 0 0 0 0 0 0  
267000 268000 0 0 0 0 0 0 0 0 0 0 0 0 0 0 0 0 0 0 0 0 0 0 0 0 0 0 0 0 0  
268000 269000 0 0 0 0 0 0 0 0 0 0 0 0 0 0 0 0 0 0 0 0 0 0 0 0 0 0 0 0 0  
269000 270000 0 0 0 0 0 0 0 0 0 0 0 0 0 0 0 0 0 0 0 0 0 0 0 0 0 0 0 0 0  
270000 271000 2 2 7 7 2 6577 6577 7 7 5 756 756 0 0 5 2 155 154 154 0 8000 8000 8000 0 128 128 128 0 1 1.0 1.0
271000 272000 1 1 1 1 0 35 35 2 2 1 31 31 0 0 1 1 19 19 19 0 0 0 0 0 0 0 0 0 0 0.0 0.0
272000 273000 2 2 2 2 2 0 0 2 2 2 0 0 0 0 0 0 29 29 29 0 8000 8000 8000 0 128 128 128 0 2 2.0 1.0
273000 274000 0 0 0 0 0 0 0 0 0 0 0 0 0 0 0 0 0 0 0 0 0 0 0 0 0 0 0 0 0  
274000 275000 0 0 0 0 0 0 0 0 0 0 0 0 0 0 0 0 0 0 0 0 0 0 0 0 0 0 0 0 0  
275000 276000 0 0 0 0 0 0 0 0 0 0 0 0 0 0 0 0 0 0 0 0 0 0 0 0 0 0 0 0 0  
276000 277000 4 4 4 4 3 35 35 5 5 4 31 31 0 0 1 1 17 16 16 0 8000 8000 8000 0 128 128 128 0 1 1.0 1.0
277000 278000 1 1 1 1 0 35 35 2 2 1 31 31 0 0 1 1 18 18 18 0 0 0 0 0 0 0 0 0 0 0.0 0.0
278000 279000 1 1 1 1 0 35 35 2 2 1 31 31 0 0 1 1 30 30 30 0 8000 8000 8000 0 128 128 128 0 1 1.0 1.0
279000 280000 0 0 0 0 0 0 0 0 0 0 0 0 0 0 0 0 0 0 0 0 0 0 0 0 0 0 0 0 0  
280000 281000 1 1 4 4 1 5999 5999 5 5 4 378 378 0 0 3 1 260 260 260 0 8000 8000 8000 0 128 128 128 0 1 1.0 1.0
281000 282000 0 0 0 0 0 0 0 0 0 0 0 0 0 0 0 0 0 0 0 0 0 0 0 0 0 0 0 0 0  
282000 283000 0 0 0 0 0 0 0 0 0 0 0 0 0 0 0 0 0 0 0 0 0 0 0 0 0 0 0 0 0  
283000 284000 0 0 0 0 0 0 0 0 0 0 0 0 0 0 0 0 0 0 0 0 0 0 0 0 0 0 0 0 0  
284000 285000 1 1 1 1 1 0 0 1 1 1 0 0 0 0 0 0 46 46 46 0 8000 8000 8000 0 128 128 128 0 1 1.0 1.0
285000 286000 0 0 0 0 0 0 0 0 0 0 0 0 0 0 0 0 0 0 0 0 0 0 0 0 0 0 0 0 0  
286000 287000 1 1 4 4 1 3408 3408 5 5 4 525 525 0 0 3 1 135 135 135 0 8000 8000 8000 0 128 128 128 0 1 1.0 1.0
287000 288000 0 0 0 0 0 0 0 0 0 0 0 0 0 0 0 0 0 0 0 0 0 0 0 0 0 0 0 0 0  
288000 289000 4 4 18 17 7 7858 7858 25 25 14 4796 4796 0 0 10 10 207 25 107 94 0 0 0 0 0 0 0 0 0 0.0 1.0
289000 290000 0 0 0 0 0 0 0 0 0 0 0 0 0 0 0 0 0 0 0 0 0 0 0 0 0 0 0 0 0  
290000 291000 3 3 6 6 3 5406 5406 6 6 5 378 378 0 0 3 1 152 16 61 78 8000 8000 8000 0 128 128 128 0 1 1.0 1.0
291000 292000 0 0 0 0 0 0 0 0 0 0 0 0 0 0 0 0 0 0 0 0 0 0 0 0 0 0 0 0 0  
292000 293000 0 0 0 0 0 0 0 0 0 0 0 0 0 0 0 0 0 0 0 0 0 0 0 0 0 0 0 0 0  
293000 294000 0 0 0 0 0 0 0 0 0 0 0 0 0 0 0 0 0 0 0 0 0 0 0 0 0 0 0 0 0  
294000 295000 0 0 0 0 0 0 0 0 0 0 0 0 0 0 0 0 0 0 0 0 0 0 0 0 0 0 0 0 0  
295000 296000 0 0 0 0 0 0 0 0 0 0 0 0 0 0 0 0 0 0 0 0 0 0 0 0 0 0 0 0 0  
296000 297000 0 0 0 0 0 0 0 0 0 0 0 0 0 0 0 0 0 0 0 0 0 0 0 0 0 0 0 0 0  
297000 298000 0 0 0 0 0 0 0 0 0 0 0 0 0 0 0 0 0 0 0 0 0 0 0 0 0 0 0 0 0  
298000 299000 1 1 2 1 0 0 0 2 2 0 77 77 0 0 0 2 1 1 1 0 8000 8000 8000 0 128 128 128 0 1 1.0 1.0
299000 300000 0 0 0 0 0 0 0 0 0 0 0 0 0 0 0 0 0 0 0 0 0 0 0 0 0 0 0 0 0  
300000 301000 0 0 0 0 0 0 0 0 0 0 0 0 0 0 0 0 0 0 0 0 0 0 0 0 0 0 0 0 0  
