ts te nbins ncons c_pkts_all c_ack_cnt c_ack_cnt_p c_bytes_all c_bytes_uniq s_pkts_all s_ack_cnt s_ack_cnt_p s_bytes_all s_bytes_uniq c_pkts_retx s_pkts_retx c_pkts_data s_pkts_data max_bin min_bin avg_bin std_bin max_vid min_vid avg_vid std_vid max_aud min_aud avg_aud std_aud num_vid num_aud num_mfs
0 5000 37 30 262 258 110 73000 73000 376 376 160 218158 218158 0 0 145 212 995 0 264 282 0 0 0 0 0 0 0 0 0 0.0 0.0
5000 10000 19 15 139 130 62 44588 44588 176 176 82 93631 93631 0 0 66 82 922 16 262 277 4400 4400 4400 0 128 128 128 0 7 6.0 2.0
10000 15000 11 7 96 93 35 86720 86720 138 138 89 42227 42227 0 0 58 46 548 23 171 162 8000 4400 5942 1924 128 128 128 0 7 7.0 3.0
15000 20000 2 2 18 18 7 10599 10599 27 27 15 8934 8934 0 0 11 12 575 507 541 47 8000 8000 8000 0 128 128 128 0 2 2.0 2.0
20000 25000 2 2 9 9 2 14147 14147 14 14 12 756 756 0 0 7 2 169 153 161 11 8000 8000 8000 0 128 128 128 0 3 3.0 3.0
25000 30000 3 3 9 9 3 5326 5326 15 15 10 4473 4473 0 0 6 5 208 15 116 96 8000 8000 8000 0 128 128 128 0 2 2.0 2.0
30000 35000 4 4 61 61 4 135741 135741 83 83 79 1074 1074 0 0 57 4 273 19 151 103 8000 8000 8000 0 128 128 128 0 3 3.0 3.0
35000 40000 15 15 22 22 13 5447 5447 30 30 22 4577 4577 0 0 9 8 126 14 32 30 8000 8000 8000 0 128 128 128 0 2 2.0 2.0
40000 45000 4 4 8 8 4 5581 5581 8 8 6 378 378 0 0 3 1 166 36 71 63 8000 8000 8000 0 128 128 128 0 3 3.0 3.0
45000 50000 27 27 48 46 32 15559 15559 58 58 43 10595 10595 0 0 13 14 277 15 56 62 8000 8000 8000 0 128 128 128 0 2 2.0 2.0
50000 55000 19 19 31 31 19 5386 5386 32 32 22 378 378 0 0 3 1 152 16 28 30 8000 8000 8000 0 128 128 128 0 2 2.0 3.0
55000 60000 7 7 15 15 7 5347 5347 21 21 14 4485 4485 0 0 6 5 128 16 46 44 8000 8000 8000 0 128 128 128 0 2 2.0 2.0
60000 65000 9 9 19 17 6 4413 4413 20 20 9 563 563 0 0 4 6 170 2 37 50 8000 8000 8000 0 128 128 128 0 5 5.0 3.0
65000 70000 10 10 92 88 18 135362 135362 147 147 111 16728 16728 0 0 66 32 287 2 83 106 8000 8000 8000 0 128 128 128 0 2 2.0 2.0
70000 75000 4 4 14 13 4 9329 9329 15 15 9 852 852 0 0 6 4 161 21 86 72 8000 8000 8000 0 128 128 128 0 3 3.0 3.0
75000 80000 2 2 4 4 3 0 0 5 5 2 77 77 0 0 0 2 26 16 21 7 8000 8000 8000 0 128 128 128 0 2 2.0 2.0
80000 85000 2 2 5 5 2 5318 5318 6 6 5 378 378 0 0 3 1 162 16 89 103 8000 8000 8000 0 128 128 128 0 3 3.0 3.0
85000 90000 1 1 3 3 1 3348 3348 4 4 3 532 532 0 0 2 1 125 125 125 0 8000 8000 8000 0 128 128 128 0 3 3.0 2.0
90000 95000 18 18 23 23 18 6084 6084 25 25 22 428 428 0 0 4 3 156 18 35 30 8000 8000 8000 0 128 128 128 0 2 2.0 3.0
95000 100000 11 11 29 28 15 7983 7983 38 38 22 10108 10108 0 0 13 15 188 15 42 57 8000 8000 8000 0 128 128 128 0 2 2.0 2.0
100000 105000 1 1 4 4 1 4375 4375 5 5 4 378 378 0 0 3 1 154 154 154 0 8000 8000 8000 0 128 128 128 0 3 3.0 3.0
105000 110000 2 2 3 3 2 0 0 4 4 2 77 77 0 0 0 1 16 15 15 0 8000 8000 8000 0 128 128 128 0 3 3.0 2.0
110000 115000 2 2 5 5 2 5713 5713 6 6 5 378 378 0 0 3 1 157 16 86 99 8000 8000 8000 0 128 128 128 0 3 3.0 3.0
115000 120000 2 2 18 17 7 7882 7882 26 26 14 10017 10017 0 0 10 11 196 125 160 50 8000 8000 8000 0 128 128 128 0 2 2.0 2.0
120000 125000 7 7 127 127 81 22299 22168 165 165 34 179862 178474 1 1 46 131 680 19 287 259 8000 8000 8000 0 128 128 128 0 3 3.0 3.0
125000 130000 9 9 75 74 14 118802 118802 124 124 97 12240 12240 0 0 60 26 220 15 92 77 8000 8000 8000 0 128 128 128 0 2 2.0 2.0
130000 135000 3 3 12 12 4 15985 15985 17 17 12 3987 2599 0 1 8 5 157 113 141 24 8000 8000 8000 0 128 128 128 0 3 3.0 3.0
135000 140000 15 15 17 15 13 0 0 17 17 13 154 154 0 0 0 4 87 0 62 32 8000 8000 8000 0 128 128 128 0 3 3.0 2.0
140000 145000 7 7 10 10 7 5999 5999 10 10 9 378 378 0 0 3 1 153 29 74 37 8000 8000 8000 0 128 128 128 0 2 2.0 3.0
145000 150000 0 0 0 0 0 0 0 0 0 0 0 0 0 0 0 0 0 0 0 0 0 0 0 0 0 0 0 0 0  
150000 155000 3 3 8 8 3 5085 5085 9 9 6 428 428 0 0 4 3 157 17 64 80 8000 8000 8000 0 128 128 128 0 3 3.0 3.0
155000 160000 3 3 4 4 1 105 105 6 6 3 93 93 0 0 3 3 17 16 16 0 8000 8000 8000 0 128 128 128 0 1 1.0 2.0
160000 165000 1 1 4 4 1 4393 4393 4 4 3 378 378 0 0 3 1 143 143 143 0 8000 8000 8000 0 128 128 128 0 4 4.0 3.0
165000 170000 3 3 5 5 3 3270 3270 6 6 5 532 532 0 0 2 1 125 19 54 60 8000 8000 8000 0 128 128 128 0 2 2.0 2.0
170000 175000 4 4 7 7 4 6068 6068 9 9 8 378 378 0 0 3 1 157 14 112 65 8000 8000 8000 0 128 128 128 0 3 3.0 3.0
175000 180000 2 2 18 17 7 7839 7839 27 27 14 10039 10039 0 0 10 12 236 196 216 28 8000 8000 8000 0 128 128 128 0 2 2.0 2.0
180000 185000 15 15 19 19 13 7843 7843 19 19 16 696 696 0 0 6 3 159 17 47 46 8000 8000 8000 0 128 128 128 0 3 3.0 3.0
185000 190000 14 14 74 73 16 113410 113410 123 123 96 5471 5471 0 0 56 25 198 15 104 65 8000 8000 8000 0 128 128 128 0 2 2.0 2.0
190000 195000 2 2 7 7 2 8288 8288 8 8 6 756 756 0 0 5 2 159 157 158 1 8000 8000 8000 0 128 128 128 0 3 3.0 3.0
195000 200000 3 3 9 9 3 5348 5348 14 14 9 4485 4485 0 0 6 5 146 15 83 65 8000 8000 8000 0 128 128 128 0 2 2.0 2.0
200000 205000 1 1 4 4 1 5337 5337 4 4 3 378 378 0 0 3 1 164 164 164 0 8000 8000 8000 0 128 128 128 0 3 3.0 3.0
205000 210000 2 2 7 7 3 3422 3422 9 9 5 609 609 0 0 3 3 126 32 79 66 8000 8000 8000 0 128 128 128 0 3 3.0 2.0
210000 215000 5 5 10 10 4 8863 8863 13 13 10 696 696 0 0 6 3 164 19 79 71 8000 8000 8000 0 128 128 128 0 3 3.0 3.0
215000 220000 4 4 4 4 1 105 105 7 7 4 93 93 0 0 3 3 24 15 18 4 8000 8000 8000 0 128 128 128 0 2 2.0 2.0
220000 225000 1 1 4 4 1 5314 5314 5 5 4 378 378 0 0 3 1 140 140 140 0 8000 8000 8000 0 128 128 128 0 3 3.0 3.0
225000 230000 11 11 11 11 11 0 0 11 11 11 0 0 0 0 0 0 132 30 108 38 8000 8000 8000 0 128 128 128 0 2 2.0 2.0
230000 235000 10 10 14 14 10 5055 5055 15 15 12 417 417 0 0 3 2 142 14 36 39 8000 8000 8000 0 128 128 128 0 3 3.0 3.0
235000 240000 0 0 0 0 0 0 0 0 0 0 0 0 0 0 0 0 0 0 0 0 0 0 0 0 0 0 0 0 0  
240000 245000 17 16 139 137 82 22516 22516 204 204 58 178800 178800 0 0 45 136 948 15 156 302 8000 8000 8000 0 128 128 128 0 2 2.0 3.0
245000 250000 11 11 79 78 17 114819 114819 129 129 97 10039 9379 0 1 56 27 406 15 77 118 8000 8000 8000 0 128 128 128 0 2 2.0 2.0
250000 255000 4 4 22 21 7 21202 21202 29 29 20 4292 4292 0 0 14 7 264 88 153 80 8000 8000 8000 0 128 128 128 0 4 4.0 3.0
255000 260000 3 3 11 10 3 5342 5342 16 16 9 4556 4556 0 0 6 7 128 1 70 64 8000 8000 8000 0 128 128 128 0 2 2.0 2.0
260000 265000 1 1 5 5 1 6242 5666 6 6 5 378 378 1 0 4 1 151 151 151 0 8000 8000 8000 0 128 128 128 0 2 2.0 3.0
265000 270000 1 1 2 2 1 0 0 3 3 1 77 77 0 0 0 1 23 23 23 0 8000 8000 8000 0 128 128 128 0 3 3.0 2.0
270000 275000 5 5 8 8 4 5419 5419 11 11 9 409 409 0 0 4 2 169 16 48 67 8000 8000 8000 0 128 128 128 0 2 2.0 3.0
275000 280000 7 7 31 30 12 13276 13276 47 47 26 14561 14561 0 0 18 20 421 17 137 164 0 0 0 0 0 0 0 0 0 0.0 2.0
280000 285000 3 3 19 19 7 13575 13575 31 31 18 9282 9282 0 0 12 13 625 163 446 247 4400 288 1658 2123 128 128 128 0 6 5.0 3.0
285000 290000 6 6 15 15 6 9963 9963 22 22 16 4972 4972 0 0 9 6 187 16 77 70 8000 4400 5300 1800 128 128 128 0 4 4.0 2.0
290000 295000 2 2 7 7 2 10026 10026 9 9 8 378 378 0 0 5 1 254 15 134 168 8000 8000 8000 0 128 128 128 0 3 3.0 3.0
295000 300000 2 2 4 4 3 0 0 5 5 2 77 77 0 0 0 2 23 17 20 4 8000 8000 8000 0 128 128 128 0 2 2.0 2.0
300000 305000 0 0 0 0 0 0 0 0 0 0 0 0 0 0 0 0 0 0 0 0 0 0 0 0 0 0 0 0 0  
