ts te nbins ncons c_tcp_packs c_tcp_bytes c_udp_packs c_udp_bytes s_tcp_packs s_tcp_bytes s_udp_packs s_udp_bytes max_bins_span min_bins_span avg_bins_span std_bins_span max_video_rate min_video_rate avg_video_rate std_video_rate max_audio_rate min_audio_rate avg_audio_rate std_audio_rate video_requests audio_requests
0 2000 0 0 0 0 0 0 0 0 0 0 0 0 0 0 0 0 0 0 0 0 0 0 0 0
2000 4000 0 0 0 0 0 0 0 0 0 0 0 0 0 0 0 0 0 0 0 0 0 0 0 0
4000 6000 0 0 0 0 0 0 0 0 0 0 0 0 0 0 0 0 0 0 0 0 0 0 0 0
6000 8000 1 1 0 0 164 13468 0 0 750 1070232 568 568 568 0 4400 4400 4400 0 128 128 128 0 2 2
8000 10000 2 1 0 0 772 46624 0 0 6936 8245131 864 816 840 33 4400 4400 4400 0 128 128 128 0 7 7
10000 12000 2 1 0 0 107 7351 0 0 877 1032353 999 327 663 475 4400 4400 4400 0 128 128 128 0 1 1
12000 14000 2 1 0 0 196 12651 0 0 1752 2080355 823 664 743 111 8000 8000 8000 0 128 128 128 0 2 2
14000 16000 1 1 0 0 191 10790 0 0 1778 2114951 771 771 771 0 8000 8000 8000 0 128 128 128 0 1 1
16000 18000 1 1 0 0 113 7363 0 0 1027 1219755 380 380 380 0 8000 8000 8000 0 128 128 128 0 1 1
18000 20000 1 1 0 0 63 4979 0 0 472 550773 252 252 252 0 8000 8000 8000 0 128 128 128 0 1 1
20000 22000 1 1 0 0 191 13506 0 0 1753 2080502 573 573 573 0 8000 8000 8000 0 128 128 128 0 3 3
22000 24000 1 1 0 0 196 11416 0 0 1863 2218426 411 411 411 0 8000 8000 8000 0 128 128 128 0 1 1
24000 26000 1 1 0 0 194 11306 0 0 1816 2161728 346 346 346 0 8000 8000 8000 0 128 128 128 0 1 1
26000 28000 1 1 0 0 187 10968 0 0 1786 2121291 472 472 472 0 8000 8000 8000 0 128 128 128 0 1 1
28000 30000 1 1 0 0 189 11065 0 0 1800 2133890 352 352 352 0 8000 8000 8000 0 128 128 128 0 1 1
30000 32000 1 1 0 0 192 12589 0 0 1797 2086902 342 342 342 0 8000 8000 8000 0 128 128 128 0 1 1
32000 34000 1 1 0 0 175 11073 0 0 1683 1997043 482 482 482 0 8000 8000 8000 0 128 128 128 0 1 1
34000 36000 1 1 0 0 171 10443 0 0 1597 1892268 341 341 341 0 8000 8000 8000 0 128 128 128 0 1 1
36000 38000 3 3 3 0 194 11781 3 45 1785 2117051 406 56 185 192 8000 8000 8000 0 128 128 128 0 1 1
38000 40000 3 2 0 0 212 13482 0 2 1945 2309869 571 10 233 297 8000 8000 8000 0 128 128 128 0 2 2
40000 42000 4 3 0 0 172 10252 0 0 1667 1968371 721 0 210 345 8000 8000 8000 0 128 128 128 0 1 1
42000 44000 2 1 0 0 175 10416 0 0 1658 1951486 756 119 437 450 8000 8000 8000 0 128 128 128 0 1 1
44000 46000 2 1 0 0 183 10811 0 0 1731 2048849 741 115 428 442 8000 8000 8000 0 128 128 128 0 1 1
46000 48000 2 1 0 0 197 11768 0 0 1818 2140186 770 115 442 463 8000 8000 8000 0 128 128 128 0 1 1
48000 50000 2 1 0 0 313 18417 0 0 2975 3510143 743 358 550 272 8000 8000 8000 0 128 128 128 0 1 1
50000 52000 1 1 0 0 2 752 0 0 6 4617 67 67 67 0 0 0 0 0 0 0 0 0 0 0
52000 54000 2 1 0 0 345 20112 0 0 3294 3821472 999 330 665 472 8000 8000 8000 0 128 128 128 0 2 2
54000 56000 2 1 0 0 216 12465 0 0 2047 2400782 964 665 814 211 8000 8000 8000 0 128 128 128 0 1 1
56000 58000 2 1 0 0 174 10661 0 0 1597 1892109 999 53 526 669 8000 8000 8000 0 128 128 128 0 1 1
58000 60000 2 1 0 0 199 12261 0 0 1783 2118223 998 323 661 477 8000 8000 8000 0 128 128 128 0 1 1
60000 62000 2 1 0 0 180 10850 0 0 1685 1996468 665 482 573 129 8000 8000 8000 0 128 128 128 0 1 1
62000 64000 1 1 0 0 176 10863 0 0 1646 1896858 954 954 954 0 8000 8000 8000 0 128 128 128 0 1 1
64000 66000 1 1 0 0 189 11564 0 0 1754 2083278 563 563 563 0 8000 8000 8000 0 128 128 128 0 1 1
66000 68000 1 1 0 0 185 11479 0 0 1727 1980598 363 363 363 0 8000 8000 8000 0 128 128 128 0 1 1
68000 70000 2 1 0 0 163 10154 0 0 1445 2004559 997 96 547 636 8000 8000 8000 0 128 128 128 0 1 1
70000 72000 1 1 0 0 161 10756 0 0 1431 1984838 634 634 634 0 8000 8000 8000 0 128 128 128 0 1 1
72000 74000 1 1 0 0 157 9881 0 0 1444 1999778 408 408 408 0 8000 8000 8000 0 128 128 128 0 1 1
74000 76000 1 1 0 0 167 10004 0 0 1585 2205368 404 404 404 0 8000 8000 8000 0 128 128 128 0 1 1
76000 78000 1 1 0 0 153 9321 0 0 1463 2024972 434 434 434 0 8000 8000 8000 0 128 128 128 0 1 1
78000 80000 1 1 0 0 136 8512 0 0 1288 1802376 375 375 375 0 8000 8000 8000 0 128 128 128 0 1 1
80000 82000 1 1 0 0 162 9781 0 0 1448 2010812 484 484 484 0 8000 8000 8000 0 128 128 128 0 1 1
82000 84000 1 1 0 0 150 9175 0 0 1434 1952221 364 364 364 0 8000 8000 8000 0 128 128 128 0 1 1
84000 86000 2 1 0 0 181 11199 0 0 1728 2390645 350 118 234 163 8000 8000 8000 0 128 128 128 0 2 2
86000 88000 2 1 0 0 146 9000 0 0 1402 1925338 733 117 425 435 8000 8000 8000 0 128 128 128 0 1 1
88000 90000 2 1 0 0 150 9194 0 0 1427 1980372 743 122 432 438 8000 8000 8000 0 128 128 128 0 1 1
90000 92000 2 1 0 0 162 9755 0 0 1554 2170191 737 119 428 437 8000 8000 8000 0 128 128 128 0 1 1
92000 94000 2 1 0 0 148 9102 0 0 1412 1950285 740 115 428 442 8000 8000 8000 0 128 128 128 0 1 1
94000 96000 2 1 0 0 147 9123 0 0 1395 1926580 739 120 429 437 8000 8000 8000 0 128 128 128 0 1 1
96000 98000 1 1 0 0 144 8936 0 0 1307 1808915 747 747 747 0 0 0 0 0 0 0 0 0 0 0
98000 100000 1 1 0 0 306 17918 0 0 2840 3933677 932 932 932 0 8000 8000 8000 0 128 128 128 0 2 2
100000 102000 2 1 0 0 136 8725 0 0 1303 1798763 999 335 667 469 8000 8000 8000 0 128 128 128 0 1 1
102000 104000 3 1 0 0 133 8344 0 0 1259 1739505 999 290 651 355 8000 8000 8000 0 128 128 128 0 1 1
104000 106000 2 1 0 0 183 10600 0 0 1767 2453085 900 664 782 166 8000 8000 8000 0 128 128 128 0 1 1
106000 108000 2 1 0 0 156 9480 0 0 1444 1996606 999 50 525 671 8000 8000 8000 0 128 128 128 0 1 1
108000 110000 1 1 0 0 153 9697 0 0 1367 1895612 981 981 981 0 8000 8000 8000 0 128 128 128 0 1 1
110000 112000 1 1 0 0 171 10569 0 0 1521 2100858 475 475 475 0 8000 8000 8000 0 128 128 128 0 1 1
112000 114000 1 1 0 0 170 10577 0 0 1532 2134795 358 358 358 0 8000 8000 8000 0 128 128 128 0 1 1
114000 116000 1 1 0 0 150 9572 0 0 1375 1908706 371 371 371 0 8000 8000 8000 0 128 128 128 0 1 1
116000 118000 1 1 0 0 149 9523 0 0 1371 1904258 376 376 376 0 8000 8000 8000 0 128 128 128 0 1 1
118000 120000 1 1 0 0 157 9518 0 0 1507 2107518 339 339 339 0 8000 8000 8000 0 128 128 128 0 1 1
120000 122000 1 1 0 0 152 9272 0 0 1478 2041350 341 341 341 0 8000 8000 8000 0 128 128 128 0 1 1
122000 124000 1 1 0 0 153 9669 0 0 1456 2014458 272 272 272 0 8000 8000 8000 0 128 128 128 0 1 1
124000 126000 1 1 0 0 146 8351 0 0 1346 1883015 450 450 450 0 8000 8000 8000 0 128 128 128 0 1 1
126000 128000 1 1 0 0 151 9514 0 0 1373 1915885 310 310 310 0 8000 8000 8000 0 128 128 128 0 1 1
128000 130000 1 1 0 0 165 10239 0 0 1530 2140154 352 352 352 0 8000 8000 8000 0 128 128 128 0 1 1
130000 132000 1 1 0 0 146 9005 0 0 1363 1896014 354 354 354 0 8000 8000 8000 0 128 128 128 0 1 1
132000 134000 1 1 0 0 149 9133 0 0 1424 1978605 347 347 347 0 8000 8000 8000 0 128 128 128 0 1 1
134000 136000 2 1 0 0 171 10823 0 0 1612 2235575 361 120 240 170 8000 8000 8000 0 128 128 128 0 2 2
136000 138000 1 1 0 0 68 7302 0 0 586 797063 746 746 746 0 8000 8000 8000 0 128 128 128 0 2 2
138000 140000 2 1 0 0 156 9931 0 0 1415 1983509 378 118 248 183 8000 8000 8000 0 128 128 128 0 2 2
140000 142000 2 1 0 0 177 10839 0 0 1467 2018734 737 117 427 438 8000 8000 8000 0 128 128 128 0 1 1
142000 144000 2 1 0 0 172 10681 0 0 1560 2147503 737 121 429 435 8000 8000 8000 0 128 128 128 0 1 1
144000 146000 2 1 0 0 264 16359 0 0 2397 3308763 760 387 574 263 8000 8000 8000 0 128 128 128 0 1 1
146000 148000 2 1 0 0 162 9759 0 0 1492 2058780 999 148 574 601 8000 8000 8000 0 128 128 128 0 1 1
148000 150000 1 1 0 0 2 752 0 0 6 4657 72 72 72 0 0 0 0 0 0 0 0 0 0 0
150000 152000 2 1 0 0 300 18260 0 0 2811 3887612 998 325 662 475 8000 8000 8000 0 128 128 128 0 2 2
152000 154000 2 1 0 0 155 9582 0 0 1433 1979840 887 665 776 156 8000 8000 8000 0 128 128 128 0 1 1
154000 156000 1 1 0 0 158 9851 0 0 1462 2024626 935 935 935 0 8000 8000 8000 0 128 128 128 0 1 1
156000 158000 2 1 0 0 162 10159 0 0 1440 2013657 998 68 533 657 8000 8000 8000 0 128 128 128 0 1 1
158000 160000 2 1 0 0 159 10192 0 0 1480 2046384 986 329 658 464 8000 8000 8000 0 128 128 128 0 1 1
160000 162000 2 1 0 0 175 10638 0 0 1616 2234183 664 488 576 124 8000 8000 8000 0 128 128 128 0 1 1
162000 164000 1 1 0 0 147 9041 0 0 1374 1911706 317 317 317 0 8000 8000 8000 0 128 128 128 0 1 1
164000 166000 1 1 0 0 165 9930 0 0 1378 1916274 654 654 654 0 8000 8000 8000 0 128 128 128 0 1 1
166000 168000 1 1 0 0 182 10726 0 0 1735 2402194 543 543 543 0 8000 8000 8000 0 128 128 128 0 1 1
168000 170000 1 1 0 0 149 9130 0 0 1395 1925228 377 377 377 0 8000 8000 8000 0 128 128 128 0 1 1
170000 172000 1 1 0 0 151 9224 0 0 1410 1945566 431 431 431 0 8000 8000 8000 0 128 128 128 0 1 1
172000 174000 1 1 0 0 153 9311 0 0 1453 2008889 388 388 388 0 8000 8000 8000 0 128 128 128 0 1 1
174000 176000 1 1 0 0 159 9979 0 0 1436 1998438 459 459 459 0 8000 8000 8000 0 128 128 128 0 1 1
176000 178000 1 1 0 0 154 9369 0 0 1441 2006306 425 425 425 0 8000 8000 8000 0 128 128 128 0 1 1
178000 180000 1 1 0 0 167 10005 0 0 1586 2213924 356 356 356 0 8000 8000 8000 0 128 128 128 0 1 1
180000 182000 2 1 0 0 172 10551 0 0 1583 2199368 410 118 264 206 8000 8000 8000 0 128 128 128 0 2 2
182000 184000 1 1 0 0 138 8486 0 0 1275 1751722 739 739 739 0 0 0 0 0 0 0 0 0 0 0
184000 186000 2 1 0 0 184 11538 0 0 1661 2311477 390 119 254 191 8000 8000 8000 0 128 128 128 0 2 2
186000 188000 1 1 0 0 143 8958 0 0 1274 1767823 734 734 734 0 0 0 0 0 0 0 0 0 0 0
188000 190000 2 1 0 0 188 11669 0 0 1690 2374563 608 123 366 342 8000 8000 8000 0 128 128 128 0 2 2
190000 192000 2 1 0 0 127 8052 0 0 1194 1659063 726 122 424 427 8000 8000 8000 0 128 128 128 0 1 1
192000 194000 2 1 0 0 161 9684 0 0 1511 2107979 745 117 431 443 8000 8000 8000 0 128 128 128 0 1 1
194000 196000 2 1 0 0 308 17747 0 0 2859 3940574 737 465 601 192 8000 8000 8000 0 128 128 128 0 1 1
196000 198000 2 1 0 0 118 7877 0 0 1069 1448735 999 335 667 470 8000 8000 8000 0 128 128 128 0 1 1
198000 200000 2 1 0 0 46 2767 0 0 419 567887 663 27 345 449 0 0 0 0 0 0 0 0 0 0
200000 202000 1 1 0 0 307 18036 0 0 2899 4044257 827 827 827 0 8000 8000 8000 0 128 128 128 0 2 2
202000 204000 1 1 0 0 148 9080 0 0 1417 1964619 953 953 953 0 8000 8000 8000 0 128 128 128 0 1 1
204000 206000 2 1 0 0 153 9560 0 0 1417 1973219 990 329 660 467 8000 8000 8000 0 128 128 128 0 1 1
206000 208000 2 1 0 0 153 9171 0 0 1432 1975454 664 423 544 170 8000 8000 8000 0 128 128 128 0 1 1
208000 210000 1 1 0 0 171 10604 0 0 1461 2034065 444 444 444 0 8000 8000 8000 0 128 128 128 0 1 1
210000 212000 1 1 0 0 153 9692 0 0 1402 1948845 285 285 285 0 8000 8000 8000 0 128 128 128 0 1 1
212000 214000 1 1 0 0 153 9315 0 0 1457 2020682 506 506 506 0 8000 8000 8000 0 128 128 128 0 1 1
214000 216000 1 1 0 0 160 9658 0 0 1536 2136463 360 360 360 0 8000 8000 8000 0 128 128 128 0 1 1
216000 218000 1 1 0 0 136 8497 0 0 1313 1821499 284 284 284 0 8000 8000 8000 0 128 128 128 0 1 1
218000 220000 1 1 0 0 148 9082 0 0 1429 1983882 363 363 363 0 8000 8000 8000 0 128 128 128 0 1 1
220000 222000 1 1 0 0 161 9695 0 0 1527 2124979 360 360 360 0 8000 8000 8000 0 128 128 128 0 1 1
222000 224000 1 1 0 0 137 8567 0 0 1243 1720415 383 383 383 0 8000 8000 8000 0 128 128 128 0 1 1
224000 226000 1 1 0 0 155 9814 0 0 1422 1987606 358 358 358 0 8000 8000 8000 0 128 128 128 0 1 1
226000 228000 2 1 0 0 172 10463 0 0 1669 2294737 357 119 238 168 8000 8000 8000 0 128 128 128 0 2 2
228000 230000 1 1 0 0 133 8094 0 0 1267 1752090 728 728 728 0 0 0 0 0 0 0 0 0 0 0
230000 232000 2 1 0 0 165 10205 0 0 1564 2195330 319 122 221 139 8000 8000 8000 0 128 128 128 0 2 2
232000 234000 2 1 0 0 169 10237 0 0 1599 2213917 742 123 433 437 8000 8000 8000 0 128 128 128 0 1 1
234000 236000 2 1 0 0 151 9570 0 0 1407 1935414 728 121 425 429 8000 8000 8000 0 128 128 128 0 1 1
236000 238000 2 1 0 0 154 9360 0 0 1462 2026592 743 119 431 441 8000 8000 8000 0 128 128 128 0 1 1
238000 240000 2 1 0 0 158 9567 0 0 1483 2048240 754 119 436 448 8000 8000 8000 0 128 128 128 0 1 1
240000 242000 2 1 0 0 142 8723 0 0 1337 1844371 727 93 410 447 8000 8000 8000 0 128 128 128 0 1 1
242000 244000 2 1 0 0 154 9439 0 0 1462 1993313 826 119 472 499 8000 8000 8000 0 128 128 128 0 1 1
244000 246000 2 1 0 0 258 15420 0 0 2466 3408887 746 338 542 288 8000 8000 8000 0 128 128 128 0 1 1
246000 248000 1 1 0 0 162 9770 0 0 1512 2113260 998 998 998 0 8000 8000 8000 0 128 128 128 0 1 1
248000 250000 2 1 0 0 125 8482 0 0 1089 1496711 994 331 663 468 8000 8000 8000 0 128 128 128 0 1 1
250000 252000 2 1 0 0 189 11286 0 0 1730 2309949 665 518 591 103 8000 8000 8000 0 128 128 128 0 1 1
252000 254000 2 1 0 0 171 10828 0 0 1520 2103628 998 327 663 473 8000 8000 8000 0 128 128 128 0 1 1
254000 256000 2 1 0 0 180 10893 0 0 1679 2331827 665 472 568 136 8000 8000 8000 0 128 128 128 0 1 1
256000 258000 1 1 0 0 164 10158 0 0 1502 2093587 306 306 306 0 8000 8000 8000 0 128 128 128 0 1 1
258000 260000 1 1 0 0 147 9393 0 0 1338 1840127 317 317 317 0 8000 8000 8000 0 128 128 128 0 1 1
260000 262000 1 1 0 0 143 9188 0 0 1285 1791353 311 311 311 0 8000 8000 8000 0 128 128 128 0 1 1
262000 264000 1 1 0 0 153 9672 0 0 1304 1813085 330 330 330 0 8000 8000 8000 0 128 128 128 0 1 1
264000 266000 1 1 0 0 174 10760 0 0 1565 2180196 422 422 422 0 8000 8000 8000 0 128 128 128 0 1 1
266000 268000 1 1 0 0 172 10435 0 0 1575 2166990 378 378 378 0 8000 8000 8000 0 128 128 128 0 1 1
268000 270000 1 1 0 0 140 8690 0 0 1350 1885033 366 366 366 0 8000 8000 8000 0 128 128 128 0 1 1
270000 272000 1 1 0 0 171 10185 0 0 1630 2209770 369 369 369 0 8000 8000 8000 0 128 128 128 0 1 1
272000 274000 1 1 0 0 161 9697 0 0 1537 2116622 395 395 395 0 8000 8000 8000 0 128 128 128 0 1 1
274000 276000 1 1 0 0 148 9063 0 0 1426 1956592 366 366 366 0 8000 8000 8000 0 128 128 128 0 1 1
276000 278000 2 1 0 0 168 10397 0 0 1610 2224631 368 124 246 173 8000 8000 8000 0 128 128 128 0 2 2
278000 280000 2 1 0 0 145 9208 0 0 1365 1894212 749 120 435 444 8000 8000 8000 0 128 128 128 0 1 1
280000 282000 2 1 0 0 145 8983 0 0 1392 1945337 731 124 428 429 8000 8000 8000 0 128 128 128 0 1 1
282000 284000 2 1 0 0 152 9250 0 0 1456 2018882 734 120 427 433 8000 8000 8000 0 128 128 128 0 1 1
284000 286000 2 1 0 0 156 9469 0 0 1495 2070208 749 124 436 441 8000 8000 8000 0 128 128 128 0 1 1
286000 288000 2 1 0 0 158 9520 0 0 1500 2057327 739 117 428 439 8000 8000 8000 0 128 128 128 0 1 1
288000 290000 2 1 0 0 258 15980 0 0 2414 3345191 745 347 546 281 8000 8000 8000 0 128 128 128 0 1 1
290000 292000 1 1 0 0 2 752 0 0 5 3566 72 72 72 0 0 0 0 0 0 0 0 0 0 0
292000 294000 1 1 0 0 145 9298 0 0 1294 1791043 318 318 318 0 8000 8000 8000 0 128 128 128 0 1 1
294000 296000 2 1 0 0 348 20923 0 0 3168 4373592 997 317 657 480 8000 8000 8000 0 128 128 128 0 2 2
296000 298000 2 1 0 0 182 11025 0 0 1677 2337643 975 666 820 218 8000 8000 8000 0 128 128 128 0 1 1
298000 300000 1 1 0 0 150 9974 0 0 1402 1931441 624 624 624 0 8000 8000 8000 0 128 128 128 0 1 1
300000 302000 0 0 0 0 0 0 0 0 0 0 0 0 0 0 0 0 0 0 0 0 0 0 0 0
