ts te nbins ncons c_pkts_all c_ack_cnt c_ack_cnt_p c_bytes_all c_bytes_uniq s_pkts_all s_ack_cnt s_ack_cnt_p s_bytes_all s_bytes_uniq c_pkts_retx s_pkts_retx c_pkts_data s_pkts_data max_bin min_bin avg_bin std_bin max_vid min_vid avg_vid std_vid max_aud min_aud avg_aud std_aud num_vid num_aud num_mfs
0 10000 62 38 1593 1581 1348 123363 122613 2362 2362 260 2920397 2636560 1 206 232 2090 999 0 429 352 1500 288 894 699 128 128 128 0 4 3 2
10000 20000 40 14 3571 3563 3459 93408 93373 5299 5299 193 7841862 7409262 1 317 102 5098 999 40 538 368 840 288 472 276 128 128 128 0 9 8 5
20000 30000 18 7 427 427 371 51437 51342 670 670 71 865274 845829 1 14 55 599 999 0 517 388 3000 1500 2175 629 128 128 128 0 8 6 5
30000 40000 28 20 125 125 31 169738 168926 176 176 150 11933 11933 0 0 92 24 989 16 275 347 4400 3000 3466 722 128 128 128 0 6 5 5
40000 50000 34 28 90 89 45 43089 43089 102 101 71 17880 17385 0 1 44 29 986 14 197 305 4400 4400 4400 0 128 128 128 0 6 6 5
50000 60000 38 31 101 100 44 34675 33553 111 111 74 15471 14976 2 1 43 23 987 0 180 292 4400 4400 4400 0 128 128 128 0 6 6 5
60000 70000 27 18 137 132 33 163758 163482 201 200 144 17941 17785 0 1 92 50 996 0 223 306 4400 4400 4400 0 128 128 128 0 6 6 5
70000 80000 14 8 54 54 19 27005 26483 57 57 36 6975 6480 0 1 30 17 972 17 379 371 4400 4400 4400 0 128 128 128 0 5 5 5
80000 90000 10 4 41 40 13 26103 26103 42 42 28 6365 6365 0 0 26 14 976 16 534 375 4400 4400 4400 0 128 128 128 0 5 5 5
90000 100000 32 25 79 78 37 31105 28654 87 87 62 15445 15445 3 0 40 24 989 14 222 336 4400 4400 4400 0 128 128 128 0 6 6 5
100000 110000 20 13 52 52 23 24509 24509 56 56 39 6893 6398 0 1 27 15 957 15 345 385 4400 4400 4400 0 128 128 128 0 5 5 5
110000 120000 6 4 27 27 9 17258 16462 29 29 21 3913 3648 1 0 17 8 976 15 446 440 4400 1500 2225 1450 128 128 128 0 4 3 5
120000 130000 23 15 278 275 143 170411 169573 410 410 166 300108 198865 2 69 131 241 960 15 372 277 1500 1500 1500 0 128 128 128 0 8 8 5
130000 140000 22 16 59 59 25 36329 35532 68 68 50 6300 6300 1 0 32 15 988 15 230 335 2300 2300 2300 0 128 128 128 0 5 5 5
140000 150000 20 14 53 53 25 25284 25284 55 55 41 6681 6186 0 1 28 13 990 15 274 377 2300 2300 2300 0 128 128 128 0 6 6 5
150000 160000 16 9 50 50 17 32758 32758 56 56 39 6294 6294 0 0 32 17 984 16 419 423 4400 2300 3980 939 128 128 128 0 5 5 5
160000 170000 14 7 45 45 15 28162 26279 50 50 35 6872 6377 2 1 30 15 989 0 385 394 4400 4400 4400 0 128 128 128 0 5 5 5
170000 180000 11 5 36 36 13 21645 21645 38 38 28 4976 4976 0 0 23 10 966 0 441 424 4400 4400 4400 0 128 128 128 0 5 5 5
180000 190000 28 22 122 121 38 143555 143555 172 172 133 20222 20222 0 0 82 37 943 17 283 360 4400 4400 4400 0 128 128 128 0 5 5 5
190000 200000 24 16 57 56 25 27386 26996 59 59 43 8018 8018 0 0 30 15 957 14 244 341 4400 4400 4400 0 128 128 128 0 6 6 5
200000 210000 12 5 48 48 17 28512 27309 51 51 34 6720 6720 1 0 30 15 970 8 537 394 4400 4400 4400 0 128 128 128 0 5 5 5
210000 220000 14 9 42 42 16 21306 21306 47 47 32 5487 5487 0 0 26 15 986 20 339 391 4400 4400 4400 0 128 128 128 0 5 5 5
220000 230000 20 13 45 45 21 20879 20879 49 49 36 5898 5403 0 1 24 13 980 14 338 417 4400 4400 4400 0 128 128 128 0 5 5 5
230000 240000 25 18 53 53 26 23106 21513 55 55 42 5150 5150 2 0 25 11 992 14 260 399 4400 4400 4400 0 128 128 128 0 5 5 5
240000 250000 35 28 263 261 140 150817 150817 407 407 156 285778 194689 0 60 109 236 974 15 277 294 4400 4400 4400 0 128 128 128 0 6 6 5
250000 260000 14 9 58 58 21 34495 34495 68 68 41 10575 9215 0 1 32 22 995 0 393 394 4400 4400 4400 0 128 128 128 0 5 5 5
260000 270000 8 3 37 37 13 21137 21137 39 39 26 5405 5405 0 0 23 12 997 145 717 359 4400 4400 4400 0 128 128 128 0 5 5 5
270000 280000 15 8 40 40 12 23046 21454 45 45 32 5306 5306 2 0 27 12 984 0 412 441 4400 4400 4400 0 128 128 128 0 5 5 5
280000 290000 23 15 49 49 22 24875 24875 55 55 40 6486 6486 0 0 27 15 988 0 286 391 4400 4400 4400 0 128 128 128 0 5 5 5
290000 300000 10 5 44 44 16 25059 24262 46 46 33 6318 6318 1 0 28 13 977 13 479 400 4400 4400 4400 0 128 128 128 0 6 6 5
