ts te nbins ncons c_pkts_all c_bytes_all s_pkts_all s_bytes_all max_bin_duration min_bin_duration avg_bin_duration std_bin_duration max_video_rate min_video_rate avg_video_rate std_video_rate max_audio_rate min_audio_rate avg_audio_rate std_audio_rate video_reqs audio_reqs media_reqs
0.0 10000.0 3 1 142.59434029405634 14862.029420961946 315.5212482198305 434551.64008252614 998.2459999999846 83.325927734375 692.6716425781487 527.7096387703205 1500.0 1500.0 1500.0 0.0 128.0 128.0 128.0 0.0 2 3 1
10000.0 20000.0 10 1 946.5057611797677 68026.69724550519 1658.9632800479244 2302073.8283398803 999.75900000002 323.7529296875 917.91320019532 210.3492801613675 1500.0 480.0 636.9230769230769 383.0444842613935 128.0 128.0 128.0 0.0 13 12 5
20000.0 30000.0 10 1 898.3629356832719 53670.1936842544 1563.8014672902073 2234156.490676147 999.6620000000694 181.844970703125 864.9134041015699 263.75482318014576 1500.0 1500.0 1500.0 0.0 128.0 128.0 128.0 0.0 5 5 5
30000.0 40000.0 11 1 931.5682023824598 55914.552742300606 1624.4188403705978 2313050.673511877 999.8399999999674 74.43310546869179 893.4834667968521 276.79855441289675 1500.0 1500.0 1500.0 0.0 128.0 128.0 128.0 0.0 5 5 5
40000.0 50000.0 9 1 839.4308509377247 50729.92616875133 1917.1196760107996 2743205.7731923144 999.1259999999893 178.242919921875 897.4924238281156 270.839528327819 2300.0 1500.0 2033.3333333333333 413.1182235954578 128.0 128.0 128.0 0.0 6 7 5
50000.0 60000.0 11 1 1448.1873843872668 81803.98604227543 3042.1287209723837 4355320.910740491 999.9529999999795 72.693115234375 896.5240177556724 278.42066343021037 3000.0 2300.0 2800.0 341.56502553198663 128.0 128.0 128.0 0.0 7 6 5
60000.0 70000.0 11 1 1271.8561879526999 69496.82913985882 2909.1376375740915 4191067.584010609 999.5109999999986 39.031982421875 900.5753515624991 286.7412229056517 3000.0 3000.0 3000.0 0.0 128.0 128.0 128.0 0.0 5 5 5
70000.0 80000.0 10 1 1160.5576559133995 67600.28739028727 2620.1251420077483 3758126.479163283 999.8240000000806 942.3510175780975 985.0322009765717 19.118107863634993 3000.0 3000.0 3000.0 0.0 128.0 128.0 128.0 0.0 5 5 5
80000.0 90000.0 11 1 1356.3502720956903 78321.22885397788 2931.8204494121564 4208774.281939148 999.4610000000685 12.785007812490221 899.4212794744261 294.92308398870136 3000.0 3000.0 3000.0 0.0 128.0 128.0 128.0 0.0 5 6 5
90000.0 100000.0 11 1 1254.6650966725358 70389.62437157267 2993.1384300556306 4311125.342786867 999.7860000000219 51.068933593749534 878.3424460227358 282.79740657693844 3000.0 3000.0 3000.0 0.0 128.0 128.0 128.0 0.0 6 5 5
100000.0 110000.0 11 1 1258.8056648936108 70851.59038616577 2878.58687496775 4130759.0131065645 999.6439999999711 169.73002734372858 902.6339058948744 251.73872281578582 3000.0 3000.0 3000.0 0.0 128.0 128.0 128.0 0.0 5 5 5
110000.0 120000.0 11 1 1247.7320999335693 71115.3086360295 2765.021369060297 3975689.6955027687 999.8829999999143 218.5610624999972 846.5231237570988 295.8321330502764 3000.0 3000.0 3000.0 0.0 128.0 128.0 128.0 0.0 5 5 5
120000.0 130000.0 11 1 1246.460815327067 72476.99743648339 2697.8329794786646 3884860.886607178 999.7289999998757 76.886962890625 841.9247876420427 312.98020784680546 3000.0 3000.0 3000.0 0.0 128.0 128.0 128.0 0.0 5 5 5
130000.0 140000.0 10 1 1209.6374866423866 69181.77266956423 2742.892718594502 3947630.3922279766 999.2480000000214 922.6150371093536 983.3650927734328 25.942261629622205 3000.0 3000.0 3000.0 0.0 128.0 128.0 128.0 0.0 5 6 5
140000.0 150000.0 11 1 1346.5246699061993 77103.26978035961 3149.182638954556 4545604.891826668 999.3059999999823 16.418109374993946 904.4224604048333 294.8559200160313 3000.0 3000.0 3000.0 0.0 128.0 128.0 128.0 0.0 6 5 5
150000.0 160000.0 11 1 1332.139284212487 74009.98870383012 2998.070197725076 4305989.823199491 998.8479999999981 46.34104492189363 904.1868235085329 285.18153898771357 3000.0 3000.0 3000.0 0.0 128.0 128.0 128.0 0.0 5 5 5
160000.0 170000.0 11 1 1176.6638401196283 70420.61265170023 2610.9003572432193 3746289.311513391 999.810999999987 66.29398632812081 801.5290827414666 340.2529211473266 3000.0 3000.0 3000.0 0.0 128.0 128.0 128.0 0.0 7 7 5
170000.0 180000.0 11 1 1236.853058273783 71124.23990373682 2847.065316823534 4097383.1198024764 999.6479999999865 101.2099609375 859.3859124644924 299.8833171725964 3000.0 3000.0 3000.0 0.0 128.0 128.0 128.0 0.0 5 6 5
180000.0 190000.0 10 1 1272.9891293954781 73107.19565729026 2896.896287796366 4173817.1823653276 999.9959999999846 167.468017578125 828.597005664045 302.2285394942124 3000.0 3000.0 3000.0 0.0 128.0 128.0 128.0 0.0 6 5 5
190000.0 200000.0 11 1 1412.6005674059136 79679.1012066678 3146.3080775752087 4528899.263684199 999.5699999999488 88.220947265625 897.2145390625017 272.9291841447144 3000.0 3000.0 3000.0 0.0 128.0 128.0 128.0 0.0 5 5 5
200000.0 210000.0 11 1 1316.5888581906624 75348.81952777055 2850.6579901013793 4089714.7365079806 999.9579999999842 46.408935546875 902.0281807528386 285.0815352847288 3000.0 3000.0 3000.0 0.0 128.0 128.0 128.0 0.0 5 5 5
210000.0 220000.0 11 1 1244.907541049871 71440.80564193545 2712.0561461335296 3896930.3162069395 999.8710000000428 13.04931640625 902.6481255326864 295.4042273246055 3000.0 3000.0 3000.0 0.0 128.0 128.0 128.0 0.0 5 5 5
220000.0 230000.0 10 1 1315.018297150471 74638.94273872077 2952.3541535845475 4260827.363005897 999.8560000000289 504.780999999959 913.3901683593634 178.37083764572043 3000.0 3000.0 3000.0 0.0 128.0 128.0 128.0 0.0 5 5 5
230000.0 240000.0 10 1 1251.3823740536502 72589.76810926621 2819.8444009817654 4064662.0702255233 999.8639999999432 138.84130859375 903.7479308593902 269.33199801980015 3000.0 3000.0 3000.0 0.0 128.0 128.0 128.0 0.0 6 6 5
240000.0 250000.0 11 1 1387.7738767846695 77624.68387511554 3111.4681006948745 4496752.241018142 999.9969999999739 103.782958984375 902.0685136718781 267.84881143949104 3000.0 3000.0 3000.0 0.0 128.0 128.0 128.0 0.0 5 5 5
250000.0 260000.0 11 1 1163.1129314592424 65427.01383183125 2658.6663256262295 3817518.9945998313 999.8299999999581 60.145263671875 902.2453004261373 281.19623913916723 3000.0 3000.0 3000.0 0.0 128.0 128.0 128.0 0.0 5 5 5
260000.0 270000.0 10 1 1385.7308177024377 78772.534183787 3015.0211726971306 4334368.694156503 998.6700000000419 725.4170000000158 939.7787736328203 100.79662365091218 3000.0 3000.0 3000.0 0.0 128.0 128.0 128.0 0.0 5 5 5
270000.0 280000.0 10 1 1155.4932185763137 69318.24258905418 2618.9986625922133 3761346.2366981865 998.7610000000568 180.269287109375 867.5185287109459 284.86386192687536 3000.0 3000.0 3000.0 0.0 128.0 128.0 128.0 0.0 7 7 5
280000.0 290000.0 11 1 1319.0835687855615 76264.32869934151 2930.2868553018516 4214208.493464235 998.9599999999627 98.951904296875 898.9714197443205 270.75878658375296 3000.0 3000.0 3000.0 0.0 128.0 128.0 128.0 0.0 6 6 5
290000.0 300000.0 10 1 1337.4619736401494 76298.49120434275 2940.361932358912 4234146.3676049 999.5509999999776 809.625 963.6340095703257 70.258476105757 3000.0 3000.0 3000.0 0.0 128.0 128.0 128.0 0.0 5 5 5
