ts te nbins ncons c_pkts_all c_ack_cnt c_ack_cnt_p c_bytes_all c_bytes_uniq s_pkts_all s_ack_cnt s_ack_cnt_p s_bytes_all s_bytes_uniq c_pkts_retx s_pkts_retx c_pkts_data s_pkts_data max_bin min_bin avg_bin std_bin max_vid min_vid avg_vid std_vid max_aud min_aud avg_aud std_aud num_vid num_aud num_mfs
0 5000 0 0 0 0 0 0 0 0 0 0 0 0 0 0 0 0 0 0 0 0 0 0 0 0 0 0 0 0 0  
5000 10000 11 4 946 942 919 20215 20215 1366 1366 26 2295128 2190873 0 68 22 1335 998 46 524 403 2300 2300 2300 0 128 128 128 0 6 5.0 3.0
10000 15000 16 5 1495 1494 1477 14261 14261 2118 2118 18 3805406 3643090 0 109 16 2098 998 39 563 396 2300 2300 2300 0 128 128 128 0 6 7.0 2.0
15000 20000 8 3 971 971 962 7803 7803 1415 1415 8 2640578 2472301 0 115 9 1407 998 34 553 416 4400 2300 3875 1050 128 128 128 0 4 3.0 3.0
20000 25000 11 3 1454 1454 1446 7145 7145 2264 2264 9 3999190 3886360 0 75 8 2255 999 207 676 333 4400 4400 4400 0 128 128 128 0 3 3.0 2.0
25000 30000 10 3 958 958 949 7692 7692 1501 1501 9 2727380 2626718 0 68 9 1492 999 27 523 445 6500 4400 5450 1212 128 128 128 0 4 3.0 3.0
30000 35000 8 2 1442 1442 1435 5647 5647 2213 2213 6 4080432 3865799 0 148 6 2206 999 172 673 391 6500 6500 6500 0 128 128 128 0 2 2.0 2.0
35000 40000 9 2 1450 1450 1442 6848 6848 2177 2177 8 3876119 3784252 0 62 8 2169 998 56 603 425 6500 6500 6500 0 128 128 128 0 3 3.0 3.0
40000 45000 9 3 1439 1439 1433 5661 5661 2273 2273 6 4044096 3938977 0 71 6 2267 999 72 657 371 6500 6500 6500 0 128 128 128 0 2 2.0 2.0
45000 50000 9 2 1598 1598 1591 6068 6068 2411 2411 7 4372987 4233429 0 94 7 2403 999 190 682 357 6500 4400 5800 1212 128 128 128 0 3 2.0 3.0
50000 55000 10 3 1426 1426 1417 7757 7757 2152 2152 9 3915761 3806614 0 74 9 2143 999 147 747 278 6500 4400 5800 1212 128 128 128 0 3 4.0 2.0
55000 60000 11 3 1504 1504 1496 6132 6132 2371 2371 7 4054420 3731875 0 201 7 2363 999 93 615 367 6500 6500 6500 0 128 128 128 0 2 3.0 3.0
60000 65000 9 2 1533 1533 1525 6742 6742 2477 2477 8 4273929 4157290 0 81 8 2468 998 299 821 230 6500 6500 6500 0 128 128 128 0 3 2.0 2.0
65000 70000 9 2 1558 1558 1551 5985 5985 2398 2398 7 4203483 4016621 0 126 7 2391 999 226 684 271 6500 6500 6500 0 128 128 128 0 2 3.0 3.0
70000 75000 10 2 1459 1459 1449 7606 6764 2291 2291 8 3962418 3781232 1 128 9 2282 999 122 731 331 6500 6500 6500 0 128 128 128 0 3 2.0 2.0
75000 80000 13 3 1696 1696 1690 5397 5397 2583 2583 6 4563276 4408363 0 106 6 2576 999 146 717 317 6500 6500 6500 0 128 128 128 0 2 2.0 3.0
80000 85000 12 3 1563 1563 1555 6872 6872 2398 2398 8 4243932 4114050 0 88 8 2389 999 141 617 335 6500 6500 6500 0 128 128 128 0 3 3.0 2.0
85000 90000 9 2 1644 1644 1636 6645 6645 2500 2500 7 4351517 4233122 0 84 7 2492 999 122 663 368 6500 6500 6500 0 128 128 128 0 3 3.0 3.0
90000 95000 10 2 1578 1578 1570 6881 6881 2408 2408 8 4315825 4007221 0 208 8 2400 999 212 766 340 6500 6500 6500 0 128 128 128 0 2 3.0 2.0
95000 100000 11 3 1601 1601 1594 5324 5324 2410 2410 6 4255211 4035969 0 155 6 2404 999 34 622 356 6500 6500 6500 0 128 128 128 0 3 2.0 3.0
100000 105000 11 3 1417 1417 1407 7850 7850 2184 2184 9 3939020 3857556 0 56 9 2174 999 80 567 368 4400 4400 4400 0 128 128 128 0 3 3.0 2.0
105000 110000 10 3 1354 1354 1346 6455 6455 2113 2113 7 3730458 3635626 0 67 7 2106 999 0 575 403 6500 4400 5450 1484 128 128 128 0 2 2.0 3.0
110000 115000 10 3 1446 1446 1439 6054 6054 2198 2198 7 3906744 3784888 0 86 7 2191 999 69 608 384 6500 6500 6500 0 128 128 128 0 3 3.0 2.0
115000 120000 10 3 1576 1576 1569 5809 5809 2407 2407 5 4166216 4050668 0 80 6 2401 999 115 684 358 6500 6500 6500 0 128 128 128 0 2 2.0 3.0
120000 125000 10 3 1440 1440 1432 6434 6434 2280 2280 7 3859547 3577182 0 197 7 2273 999 48 698 322 6500 3000 4750 2020 128 128 128 0 4 2.0 2.0
125000 130000 9 2 977 977 967 7938 7938 1485 1485 9 2664686 2595187 0 47 9 1476 999 78 594 381 4400 3000 3933 808 128 128 128 0 3 4.0 3.0
130000 135000 5 2 738 738 734 3985 3985 1149 1149 4 2064732 2044189 0 14 4 1144 999 179 782 347 4400 4400 4400 0 128 128 128 0 1 1.0 2.0
135000 140000 9 3 1176 1176 1167 7506 7506 1816 1816 9 3218316 3080999 0 93 9 1807 999 92 691 371 4400 4400 4400 0 128 128 128 0 3 3.0 3.0
140000 145000 12 3 1422 1422 1412 8368 8368 2188 2188 10 3862080 3785772 0 50 10 2178 999 132 673 378 4400 4400 4400 0 128 128 128 0 4 4.0 2.0
145000 150000 9 3 1393 1393 1386 5548 5548 2125 2125 6 3912069 3839145 0 48 6 2118 999 299 731 254 6500 6500 6500 0 128 128 128 0 2 3.0 3.0
150000 155000 13 3 1461 1461 1453 6961 6961 2304 2304 8 3989594 3858704 0 93 8 2296 999 1 692 402 6500 6500 6500 0 128 128 128 0 3 2.0 2.0
155000 160000 9 3 1620 1620 1612 6598 5756 2428 2428 7 4160608 4001580 1 111 7 2420 999 299 806 234 6500 6500 6500 0 128 128 128 0 2 3.0 3.0
160000 165000 11 3 1632 1632 1625 6449 6449 2462 2462 7 4237726 4071879 0 115 7 2454 998 198 752 267 6500 6500 6500 0 128 128 128 0 3 2.0 2.0
165000 170000 11 3 1506 1506 1497 7146 7146 2401 2401 8 4232478 3996488 0 160 8 2393 999 176 680 339 6500 4400 5100 1212 128 128 128 0 3 3.0 3.0
170000 175000 8 2 1093 1093 1086 5941 5941 1764 1764 6 3145729 3084287 0 44 7 1757 999 69 643 431 6500 4400 5450 1484 128 128 128 0 2 2.0 2.0
175000 180000 9 2 1123 1123 1115 6558 6558 1659 1659 8 3063946 2981721 0 57 7 1651 999 21 584 455 6500 4400 5100 1212 128 128 128 0 3 3.0 3.0
180000 185000 9 3 1450 1450 1444 5676 5676 2179 2179 6 3969657 3787563 0 127 6 2173 999 128 619 408 6500 6500 6500 0 128 128 128 0 2 2.0 2.0
185000 190000 11 3 1558 1558 1550 6470 6470 2498 2498 7 4411406 4324508 0 60 7 2490 999 42 587 410 6500 6500 6500 0 128 128 128 0 3 3.0 3.0
190000 195000 11 3 1717 1717 1709 6879 6879 2424 2424 8 4214393 3864596 0 234 8 2416 999 85 722 293 6500 6500 6500 0 128 128 128 0 2 3.0 2.0
195000 200000 10 3 1300 1299 1286 10030 10030 1941 1941 12 3499462 3204900 0 204 12 1929 999 44 718 323 6500 2300 3140 1878 128 128 128 0 5 4.0 3.0
200000 205000 8 2 905 905 897 7028 7028 1417 1417 8 2636819 2508019 0 70 8 1409 999 0 637 452 4400 4400 4400 0 128 128 128 0 3 3.0 2.0
205000 210000 9 2 844 844 836 6493 6493 1313 1313 7 2355142 2289231 0 46 7 1305 998 92 589 434 4400 4400 4400 0 128 128 128 0 3 3.0 3.0
210000 215000 8 2 833 833 826 5821 5821 1341 1341 6 2522439 2492679 0 21 6 1334 999 75 642 425 4400 4400 4400 0 128 128 128 0 2 2.0 2.0
215000 220000 9 2 978 978 970 6707 6707 1446 1446 8 2695176 2637941 0 36 8 1438 999 14 584 437 4400 4400 4400 0 128 128 128 0 3 3.0 3.0
220000 225000 8 2 884 884 877 5941 5941 1423 1423 7 2680694 2611917 0 46 7 1416 999 82 637 431 4400 4400 4400 0 128 128 128 0 2 2.0 2.0
225000 230000 9 2 891 891 883 6552 6552 1341 1341 7 2447858 2393974 0 36 7 1334 999 44 576 460 4400 4400 4400 0 128 128 128 0 3 3.0 3.0
230000 235000 8 2 1115 1115 1108 5848 5848 1737 1737 7 3171981 2975934 0 136 7 1730 999 56 636 432 4400 4400 4400 0 128 128 128 0 2 2.0 2.0
235000 240000 9 2 1103 1103 1094 7328 7328 1685 1685 8 3064763 2977205 0 56 8 1676 999 96 779 368 6500 4400 5800 1212 128 128 128 0 3 3.0 3.0
240000 245000 10 2 1710 1710 1702 6684 6684 2476 2476 8 4234542 4037361 0 134 8 2468 999 272 810 273 6500 6500 6500 0 128 128 128 0 3 3.0 2.0
245000 250000 11 2 1762 1762 1755 6413 6413 2608 2608 7 4555869 4259326 0 207 7 2600 999 264 817 243 6500 6500 6500 0 128 128 128 0 2 2.0 3.0
250000 255000 11 2 1439 1439 1432 6098 6098 2217 2217 7 3997647 3874011 0 84 7 2210 999 151 643 369 6500 6500 6500 0 128 128 128 0 3 3.0 2.0
255000 260000 11 3 1661 1660 1651 7928 7928 2513 2513 9 4443270 4183465 0 175 8 2502 999 58 611 360 6500 6500 6500 0 128 128 128 0 2 3.0 3.0
260000 265000 11 3 1313 1313 1306 6332 6332 2071 2071 7 3461271 3329442 0 92 7 2063 999 250 635 351 6500 6500 6500 0 128 128 128 0 3 2.0 2.0
265000 270000 11 2 1628 1628 1620 6621 6621 2547 2547 8 4543393 4225682 0 215 7 2538 998 96 682 341 6500 6500 6500 0 128 128 128 0 2 3.0 3.0
270000 275000 9 2 1527 1527 1519 6274 6274 2306 2306 7 4155638 3888318 0 178 7 2298 999 297 710 307 6500 6500 6500 0 128 128 128 0 3 2.0 2.0
275000 280000 11 3 1598 1598 1590 7190 7190 2444 2444 8 4254948 4136941 0 80 8 2435 999 140 725 332 6500 6500 6500 0 128 128 128 0 3 3.0 3.0
280000 285000 10 3 1458 1458 1451 6159 6159 2287 2287 7 4054131 3982584 0 51 7 2280 999 23 645 388 6500 6500 6500 0 128 128 128 0 2 3.0 2.0
285000 290000 13 4 1775 1774 1766 7195 7195 2646 2646 8 4570636 4303661 0 184 8 2637 999 105 580 359 6500 4400 5800 1212 128 128 128 0 3 2.0 3.0
290000 295000 13 4 1454 1454 1444 8325 8325 2184 2184 10 3959973 3774803 0 123 9 2173 999 75 533 360 6500 4400 5100 1212 128 128 128 0 3 3.0 2.0
295000 300000 11 4 1463 1463 1453 7506 7506 2289 2289 9 4095294 3953865 0 95 9 2279 999 101 621 347 6500 6500 6500 0 128 128 128 0 3 3.0 3.0
300000 305000 1 1 31 30 30 0 0 72 72 0 128612 125449 0 0 0 71 307 307 307 0 0 0 0 0 0 0 0 0 0 0.0 0.0
