ts te nbins ncons c_pkts_all c_ack_cnt c_ack_cnt_p c_bytes_all c_bytes_uniq s_pkts_all s_ack_cnt s_ack_cnt_p s_bytes_all s_bytes_uniq c_pkts_retx s_pkts_retx c_pkts_data s_pkts_data max_bin min_bin avg_bin std_bin max_vid min_vid avg_vid std_vid max_aud min_aud avg_aud std_aud num_vid num_aud num_mfs
0 5000 0 0 0 0 0 0 0 0 0 0 0 0 0 0 0 0 0 0 0 0 0 0 0 0 0 0 0 0 0  
5000 10000 14 4 516 512 489 20813 19141 776 776 27 1132351 843579 2 197 23 745 999 39 673 388 2300 480 1086 939 128 128 128 0 6 5.0 2.0
10000 15000 15 4 626 626 610 12918 12918 733 733 16 993341 865849 0 93 15 715 995 55 688 371 1500 480 735 472 128 128 128 0 8 7.0 3.0
15000 20000 9 2 528 528 520 6993 6993 799 799 8 1109601 1016813 0 65 8 791 998 40 684 371 1500 1500 1500 0 128 128 128 0 2 2.0 2.0
20000 25000 8 2 425 425 417 7232 7232 658 658 7 1045308 965563 0 56 8 651 999 191 668 353 1500 1500 1500 0 128 128 128 0 2 3.0 3.0
25000 30000 7 2 472 472 466 5208 5208 771 771 7 1355625 1301336 0 31 6 764 948 6 371 315 2300 1500 1766 461 128 128 128 0 3 2.0 2.0
30000 35000 6 3 698 698 689 7496 7496 878 878 9 1420000 1386400 0 20 9 869 999 36 557 458 3000 2300 2825 350 128 128 128 0 4 2.0 3.0
35000 40000 7 2 836 836 828 6001 6001 1340 1340 7 2287392 2257992 0 20 7 1333 998 191 714 333 3000 3000 3000 0 128 128 128 0 2 3.0 2.0
40000 45000 9 2 922 922 912 7978 7978 1445 1445 9 2430090 2405156 0 15 9 1435 999 94 767 376 3000 3000 3000 0 128 128 128 0 4 4.0 3.0
45000 50000 9 3 915 915 907 6963 6963 1503 1503 8 2623833 2543841 0 51 8 1494 999 28 489 450 4400 4400 4400 0 128 128 128 0 3 2.0 2.0
50000 55000 9 2 1026 1026 1018 6673 6673 1537 1537 7 2751836 2642272 0 75 8 1530 999 79 590 455 4400 4400 4400 0 128 128 128 0 3 3.0 3.0
55000 60000 10 3 1331 1331 1323 6672 6672 2104 2104 8 3603857 3535821 0 46 7 2096 999 29 528 473 6500 6500 6500 0 128 128 128 0 3 2.0 2.0
60000 65000 8 2 1372 1372 1365 5823 5823 2078 2078 6 3533072 3446712 0 60 6 2071 999 27 680 435 6500 4400 5100 1212 128 128 128 0 3 2.0 3.0
65000 70000 9 2 1138 1138 1130 6696 6696 1751 1751 8 3076840 3042526 0 23 8 1743 999 54 588 463 4400 4400 4400 0 128 128 128 0 2 3.0 2.0
70000 75000 7 2 917 917 910 6573 6573 1385 1385 7 2460361 2409961 0 35 7 1378 999 138 704 391 4400 4400 4400 0 128 128 128 0 3 2.0 3.0
75000 80000 8 2 1183 1183 1176 5844 5844 1845 1845 7 3193074 3100300 0 62 7 1838 999 88 660 421 4400 4400 4400 0 128 128 128 0 2 3.0 2.0
80000 85000 8 2 955 955 948 6301 6301 1475 1475 7 2526235 2433809 0 62 7 1468 999 121 671 399 4400 4400 4400 0 128 128 128 0 3 2.0 3.0
85000 90000 9 2 1244 1244 1237 6208 6208 1857 1857 7 3177081 3021376 0 103 7 1850 998 141 702 339 4400 4400 4400 0 128 128 128 0 2 3.0 2.0
90000 95000 9 2 1405 1405 1396 7799 6979 2160 2160 9 3873100 3673745 1 132 9 2150 999 175 758 332 4400 4400 4400 0 128 128 128 0 4 3.0 3.0
95000 100000 9 2 1098 1098 1089 7351 7351 1662 1662 8 2869473 2763071 0 71 8 1653 998 90 601 426 4400 4400 4400 0 128 128 128 0 2 3.0 2.0
100000 105000 9 3 996 996 988 5770 5770 1530 1530 6 2710473 2632988 0 54 6 1521 999 101 665 371 4400 4400 4400 0 128 128 128 0 3 2.0 3.0
105000 110000 9 2 1074 1074 1066 6732 6732 1655 1655 7 2808090 2723284 0 60 8 1647 999 78 585 446 4400 4400 4400 0 128 128 128 0 2 3.0 2.0
110000 115000 7 2 1106 1106 1099 6409 6409 1681 1681 7 2920426 2733941 0 126 7 1674 998 183 799 305 4400 4400 4400 0 128 128 128 0 3 2.0 3.0
115000 120000 9 2 1269 1269 1262 5968 5968 1884 1884 7 3296254 3121119 0 122 7 1877 999 74 657 394 4400 4400 4400 0 128 128 128 0 2 3.0 2.0
120000 125000 8 2 905 905 898 6202 6202 1387 1387 7 2311402 2131131 0 124 7 1380 999 78 717 345 4400 4400 4400 0 128 128 128 0 2 2.0 3.0
125000 130000 9 2 1267 1267 1259 6449 6449 1955 1955 7 3288312 3212724 0 51 7 1948 999 150 662 404 4400 4400 4400 0 128 128 128 0 3 3.0 2.0
130000 135000 8 2 1054 1054 1048 5776 5776 1599 1599 7 2779177 2634808 0 100 6 1592 999 112 715 346 4400 4400 4400 0 128 128 128 0 3 2.0 3.0
135000 140000 10 2 1492 1492 1482 8430 8430 2298 2298 9 3984046 3890880 0 66 10 2288 999 159 717 358 4400 4400 4400 0 128 128 128 0 3 4.0 2.0
140000 145000 9 2 1144 1144 1137 6027 6027 1808 1808 7 3203843 3148524 0 37 7 1800 999 36 612 416 6500 4400 5800 1212 128 128 128 0 3 3.0 3.0
145000 150000 8 2 1526 1526 1519 6325 6325 2432 2432 7 4221196 4101965 0 83 7 2424 999 85 682 399 6500 6500 6500 0 128 128 128 0 2 2.0 2.0
150000 155000 9 2 1527 1527 1518 6757 6757 2333 2333 8 4023311 3929246 0 66 8 2325 999 80 597 450 6500 6500 6500 0 128 128 128 0 3 3.0 3.0
155000 160000 8 2 1448 1448 1440 5912 5912 2248 2248 7 4011855 3871594 0 93 7 2241 999 92 671 426 6500 4400 5450 1484 128 128 128 0 2 2.0 2.0
160000 165000 7 2 1060 1060 1053 6306 6306 1626 1626 7 2775755 2708840 0 46 7 1619 998 134 713 363 4400 4400 4400 0 128 128 128 0 3 2.0 3.0
165000 170000 9 2 1266 1266 1259 6043 6043 1924 1924 7 3207444 3090310 0 82 7 1916 999 119 644 399 4400 4400 4400 0 128 128 128 0 2 3.0 2.0
170000 175000 8 2 981 981 974 6437 6437 1545 1545 7 2645550 2523333 0 84 7 1537 999 127 707 374 4400 4400 4400 0 128 128 128 0 3 2.0 3.0
175000 180000 9 2 1178 1178 1171 6072 6072 1820 1820 7 3121613 2975235 0 97 7 1813 999 137 674 353 4400 4400 4400 0 128 128 128 0 2 3.0 2.0
180000 185000 9 2 960 960 952 6745 6745 1534 1534 8 2468653 2349129 0 77 8 1526 997 95 680 403 4400 4400 4400 0 128 128 128 0 3 3.0 3.0
185000 190000 11 3 1632 1631 1620 9708 9708 2554 2554 11 4257896 4097566 0 110 11 2541 999 114 586 382 4400 4400 4400 0 128 128 128 0 3 3.0 2.0
190000 195000 10 3 1201 1201 1192 7183 7183 1833 1833 8 3204415 3137201 0 48 8 1823 998 92 549 431 6500 4400 5800 1212 128 128 128 0 3 3.0 3.0
195000 200000 9 2 1436 1436 1430 5281 5281 2363 2363 7 4088602 4039203 0 35 6 2356 998 21 600 448 6500 6500 6500 0 128 128 128 0 2 2.0 2.0
200000 205000 9 2 1591 1591 1584 5782 5782 2428 2428 6 4035692 3961439 0 52 6 2421 999 52 584 446 6500 4400 5800 1212 128 128 128 0 3 3.0 3.0
205000 210000 9 2 1139 1139 1131 6758 6758 1729 1729 7 2975801 2898781 0 54 8 1721 999 24 545 429 4400 4400 4400 0 128 128 128 0 2 2.0 2.0
210000 215000 8 2 971 971 964 5783 5783 1551 1551 7 2620618 2565958 0 39 6 1544 999 90 637 445 4400 4400 4400 0 128 128 128 0 3 2.0 3.0
215000 220000 9 2 1177 1177 1169 6658 6658 1844 1844 7 3101137 2953820 0 99 7 1836 999 91 622 424 4400 4400 4400 0 128 128 128 0 2 3.0 2.0
220000 225000 8 2 1071 1071 1063 6321 6321 1544 1544 7 2714778 2550008 0 111 7 1536 998 141 748 331 4400 4400 4400 0 128 128 128 0 3 2.0 3.0
225000 230000 10 2 1120 1120 1113 6113 6113 1674 1674 7 2954548 2883081 0 48 7 1667 999 83 712 401 4400 4400 4400 0 128 128 128 0 2 3.0 2.0
230000 235000 11 3 1375 1374 1362 10282 10282 2120 2120 12 3644941 3578410 0 47 11 2106 999 138 590 383 4400 4400 4400 0 128 128 128 0 3 3.0 3.0
235000 240000 10 3 1122 1122 1113 6234 6234 1714 1714 8 2981322 2896553 0 57 7 1705 999 103 480 379 4400 4400 4400 0 128 128 128 0 3 3.0 2.0
240000 245000 8 2 1034 1034 1026 6721 6721 1604 1604 7 2746032 2665677 0 56 8 1597 999 117 661 360 4400 4400 4400 0 128 128 128 0 2 2.0 3.0
245000 250000 9 2 1146 1146 1140 5632 5632 1759 1759 7 2995660 2932045 0 43 6 1751 999 5 566 452 4400 4400 4400 0 128 128 128 0 3 3.0 2.0
250000 255000 8 2 976 976 968 6485 6485 1444 1444 7 2546874 2488559 0 41 7 1436 999 98 595 411 4400 4400 4400 0 128 128 128 0 2 2.0 3.0
255000 260000 9 2 1156 1156 1149 6024 6024 1768 1768 7 3051876 2998372 0 37 7 1761 999 79 558 444 4400 4400 4400 0 128 128 128 0 3 3.0 2.0
260000 265000 8 2 1020 1020 1012 5943 5943 1539 1539 7 2731955 2695498 0 26 7 1532 999 140 631 403 4400 4400 4400 0 128 128 128 0 3 2.0 3.0
265000 270000 9 2 1026 1026 1018 6667 6667 1619 1619 7 2842043 2795447 0 33 7 1611 999 102 587 450 4400 4400 4400 0 128 128 128 0 2 3.0 2.0
270000 275000 8 2 1027 1027 1019 6564 6564 1592 1592 6 2666256 2615146 0 35 7 1585 999 83 668 421 4400 4400 4400 0 128 128 128 0 3 2.0 3.0
275000 280000 8 2 1122 1122 1115 5844 5844 1681 1681 7 2958562 2833338 0 88 7 1673 998 142 652 369 4400 4400 4400 0 128 128 128 0 2 3.0 2.0
280000 285000 10 2 1457 1457 1447 8359 8359 2270 2270 10 3729585 3612183 0 82 10 2260 998 115 661 347 4400 4400 4400 0 128 128 128 0 4 3.0 3.0
285000 290000 10 3 1226 1225 1216 7969 7969 1877 1877 9 3106254 3000590 0 75 8 1866 999 101 562 407 4400 4400 4400 0 128 128 128 0 2 3.0 2.0
290000 295000 9 3 1082 1082 1074 6217 6217 1705 1705 8 2966169 2737010 0 157 7 1696 999 110 622 396 4400 4400 4400 0 128 128 128 0 3 2.0 3.0
295000 300000 9 2 1190 1190 1179 8812 8812 1743 1743 10 2993216 2887046 0 73 10 1733 999 24 712 383 4400 4400 4400 0 128 128 128 0 2 1.0 2.0
300000 305000 1 1 74 74 74 0 0 106 106 0 177755 169541 0 5 0 106 210 210 210 0 0 0 0 0 0 0 0 0 0 0.0 0.0
