ts te nbins ncons c_tcp_packs c_tcp_bytes c_udp_packs c_udp_bytes s_tcp_packs s_tcp_bytes s_udp_packs s_udp_bytes max_bins_span min_bins_span avg_bins_span std_bins_span max_video_rate min_video_rate avg_video_rate std_video_rate max_audio_rate min_audio_rate avg_audio_rate std_audio_rate video_requests audio_requests
0 1000 13 11 81 55084 0 0 123 30501 0 0 622 2 175 177 0 0 0 0 0 0 0 0 0 0
1000 2000 19 18 109 12364 9 4485 147 46991 9 6628 632 45 274 202 0 0 0 0 0 0 0 0 0 0
2000 3000 8 7 14 3688 0 0 19 3266 0 0 633 0 146 206 0 0 0 0 0 0 0 0 0 0
3000 4000 2 2 2 55 0 0 3 115 0 0 48 0 24 33 0 0 0 0 0 0 0 0 0 0
4000 5000 3 3 12 4133 0 0 13 1255 0 0 195 39 140 88 0 0 0 0 0 0 0 0 0 0
5000 6000 4 4 13 3684 0 0 16 4783 0 0 389 61 196 146 0 0 0 0 0 0 0 0 0 0
6000 7000 11 9 1700 21713 67 8739 4022 5830386 166 202297 832 0 381 301 0 0 0 0 0 0 0 0 0 0
7000 8000 9 7 1277 13572 0 0 3213 4739668 0 0 810 0 305 253 0 0 0 0 0 0 0 0 0 0
8000 9000 0 0 0 0 0 0 0 0 0 0 0 0 0 0 0 0 0 0 0 0 0 0 0 0
9000 10000 13 13 22 5874 66 32559 25 1256 84 30412 595 11 131 147 4400 4400 4400 0 128 128 128 0 5 3
10000 11000 13 12 74 45792 11 5803 93 11479 12 7049 388 0 206 151 8000 4400 5600 1859 128 128 128 0 6 8
11000 12000 5 4 25 9245 42 6636 34 11311 74 78767 981 6 281 403 4400 4400 4400 0 128 128 128 0 1 1
12000 13000 2 2 5 3152 13 1979 5 990 20 4980 496 193 344 213 0 0 0 0 0 0 0 0 0 0
13000 14000 0 0 0 0 0 0 0 0 0 0 0 0 0 0 0 0 0 0 0 0 0 0 0 0
14000 15000 2 2 0 0 8 6955 0 0 7 312 100 25 62 52 0 0 0 0 0 0 0 0 0 0
15000 16000 2 2 2 1427 2 235 3 495 2 330 238 67 152 121 8000 8000 8000 0 128 128 128 0 1 1
16000 17000 0 0 0 0 0 0 0 0 0 0 0 0 0 0 0 0 0 0 0 0 0 0 0 0
17000 18000 0 0 0 0 0 0 0 0 0 0 0 0 0 0 0 0 0 0 0 0 0 0 0 0
18000 19000 0 0 0 0 0 0 0 0 0 0 0 0 0 0 0 0 0 0 0 0 0 0 0 0
19000 20000 3 3 9 4784 0 0 15 4256 0 0 144 16 76 64 8000 8000 8000 0 128 128 128 0 1 1
20000 21000 3 3 11 18078 0 0 14 910 0 0 214 15 143 111 8000 8000 8000 0 128 128 128 0 1 1
21000 22000 0 0 0 0 0 0 0 0 0 0 0 0 0 0 0 0 0 0 0 0 0 0 0 0
22000 23000 0 0 0 0 0 0 0 0 0 0 0 0 0 0 0 0 0 0 0 0 0 0 0 0
23000 24000 0 0 0 0 0 0 0 0 0 0 0 0 0 0 0 0 0 0 0 0 0 0 0 0
24000 25000 0 0 0 0 0 0 0 0 0 0 0 0 0 0 0 0 0 0 0 0 0 0 0 0
25000 26000 0 0 0 0 0 0 0 0 0 0 0 0 0 0 0 0 0 0 0 0 0 0 0 0
26000 27000 0 0 0 0 0 0 0 0 0 0 0 0 0 0 0 0 0 0 0 0 0 0 0 0
27000 28000 0 0 0 0 0 0 0 0 0 0 0 0 0 0 0 0 0 0 0 0 0 0 0 0
28000 29000 0 0 0 0 0 0 0 0 0 0 0 0 0 0 0 0 0 0 0 0 0 0 0 0
29000 30000 2 2 7 5041 0 0 13 4310 0 0 131 80 106 36 0 0 0 0 0 0 0 0 0 0
30000 31000 6 6 66 143654 0 0 106 1669 0 0 384 2 188 151 8000 8000 8000 0 128 128 128 0 1 1
31000 32000 0 0 0 0 0 0 0 0 0 0 0 0 0 0 0 0 0 0 0 0 0 0 0 0
32000 33000 0 0 0 0 0 0 0 0 0 0 0 0 0 0 0 0 0 0 0 0 0 0 0 0
33000 34000 0 0 0 0 0 0 0 0 0 0 0 0 0 0 0 0 0 0 0 0 0 0 0 0
34000 35000 0 0 0 0 0 0 0 0 0 0 0 0 0 0 0 0 0 0 0 0 0 0 0 0
35000 36000 0 0 0 0 0 0 0 0 0 0 0 0 0 0 0 0 0 0 0 0 0 0 0 0
36000 37000 3 3 1 35 17 10592 2 31 24 14668 257 14 176 139 8000 8000 8000 0 128 128 128 0 1 1
37000 38000 0 0 0 0 0 0 0 0 0 0 0 0 0 0 0 0 0 0 0 0 0 0 0 0
38000 39000 7 7 7 0 0 0 7 0 0 0 23 16 20 3 0 0 0 0 0 0 0 0 0 0
39000 40000 5 5 8 5160 0 0 14 4180 0 0 145 0 42 61 8000 8000 8000 0 128 128 128 0 1 1
40000 41000 10 10 29 17352 0 0 37 7145 0 0 469 15 116 149 0 0 0 0 0 0 0 0 0 0
41000 42000 1 1 2 35 0 0 2 31 0 0 25 25 25 0 8000 8000 8000 0 128 128 128 0 1 1
42000 43000 1 1 1 0 0 0 1 0 0 0 30 30 30 0 0 0 0 0 0 0 0 0 0 0
43000 44000 0 0 0 0 0 0 0 0 0 0 0 0 0 0 0 0 0 0 0 0 0 0 0 0
44000 45000 2 2 2 0 0 0 2 0 0 0 16 14 15 1 0 0 0 0 0 0 0 0 0 0
45000 46000 1 1 1 0 0 0 1 0 0 0 29 29 29 0 8000 8000 8000 0 128 128 128 0 1 1
46000 47000 8 8 8 0 0 0 8 0 0 0 214 16 45 68 0 0 0 0 0 0 0 0 0 0
47000 48000 3 3 7 6710 0 0 9 587 0 0 264 15 102 140 0 0 0 0 0 0 0 0 0 0
48000 49000 5 5 11 988 0 0 13 162 0 0 200 22 58 79 0 0 0 0 0 0 0 0 0 0
49000 50000 2 2 7 4988 0 0 12 4300 0 0 128 79 104 34 8000 8000 8000 0 128 128 128 0 2 2
50000 51000 4 4 9 11135 0 0 12 868 0 0 183 5 95 93 0 0 0 0 0 0 0 0 0 0
51000 52000 1 1 1 0 0 0 1 0 0 0 27 27 27 0 0 0 0 0 0 0 0 0 0 0
52000 53000 6 6 6 0 0 0 6 0 0 0 49 49 49 0 0 0 0 0 0 0 0 0 0 0
53000 54000 0 0 0 0 0 0 0 0 0 0 0 0 0 0 0 0 0 0 0 0 0 0 0 0
54000 55000 1 1 1 0 0 0 1 0 0 0 63 63 63 0 0 0 0 0 0 0 0 0 0 0
55000 56000 0 0 0 0 0 0 0 0 0 0 0 0 0 0 0 0 0 0 0 0 0 0 0 0
56000 57000 8 8 8 0 0 0 8 0 0 0 74 71 72 1 0 0 0 0 0 0 0 0 0 0
57000 58000 0 0 0 0 0 0 0 0 0 0 0 0 0 0 0 0 0 0 0 0 0 0 0 0
58000 59000 0 0 0 0 0 0 0 0 0 0 0 0 0 0 0 0 0 0 0 0 0 0 0 0
59000 60000 15 15 22 5074 0 0 27 4593 0 0 145 1 26 35 8000 8000 8000 0 128 128 128 0 2 2
60000 61000 16 16 31 14535 0 0 35 6265 0 0 233 14 49 71 0 0 0 0 0 0 0 0 0 0
61000 62000 2 2 4 0 0 0 5 154 0 0 17 1 9 11 8000 8000 8000 0 128 128 128 0 1 1
62000 63000 0 0 0 0 0 0 0 0 0 0 0 0 0 0 0 0 0 0 0 0 0 0 0 0
63000 64000 0 0 0 0 0 0 0 0 0 0 0 0 0 0 0 0 0 0 0 0 0 0 0 0
64000 65000 0 0 0 0 0 0 0 0 0 0 0 0 0 0 0 0 0 0 0 0 0 0 0 0
65000 66000 0 0 0 0 0 0 0 0 0 0 0 0 0 0 0 0 0 0 0 0 0 0 0 0
66000 67000 5 5 61 130085 0 0 108 1384 0 0 257 20 104 109 0 0 0 0 0 0 0 0 0 0
67000 68000 0 0 0 0 0 0 0 0 0 0 0 0 0 0 0 0 0 0 0 0 0 0 0 0
68000 69000 0 0 0 0 0 0 0 0 0 0 0 0 0 0 0 0 0 0 0 0 0 0 0 0
69000 70000 1 1 4 2587 0 0 7 3033 0 0 118 118 118 0 8000 8000 8000 0 128 128 128 0 1 1
70000 71000 7 7 23 18913 0 0 35 2480 0 0 202 25 99 86 0 0 0 0 0 0 0 0 0 0
71000 72000 1 1 1 35 0 0 2 31 0 0 24 24 24 0 0 0 0 0 0 0 0 0 0 0
72000 73000 0 0 0 0 0 0 0 0 0 0 0 0 0 0 0 0 0 0 0 0 0 0 0 0
73000 74000 0 0 0 0 0 0 0 0 0 0 0 0 0 0 0 0 0 0 0 0 0 0 0 0
74000 75000 0 0 0 0 0 0 0 0 0 0 0 0 0 0 0 0 0 0 0 0 0 0 0 0
75000 76000 0 0 0 0 0 0 0 0 0 0 0 0 0 0 0 0 0 0 0 0 0 0 0 0
76000 77000 0 0 0 0 0 0 0 0 0 0 0 0 0 0 0 0 0 0 0 0 0 0 0 0
77000 78000 1 1 1 0 0 0 1 0 0 0 211 211 211 0 8000 8000 8000 0 128 128 128 0 1 1
78000 79000 0 0 0 0 0 0 0 0 0 0 0 0 0 0 0 0 0 0 0 0 0 0 0 0
79000 80000 0 0 0 0 0 0 0 0 0 0 0 0 0 0 0 0 0 0 0 0 0 0 0 0
80000 81000 4 4 12 12750 0 0 17 1416 0 0 209 17 141 85 0 0 0 0 0 0 0 0 0 0
81000 82000 0 0 0 0 0 0 0 0 0 0 0 0 0 0 0 0 0 0 0 0 0 0 0 0
82000 83000 0 0 0 0 0 0 0 0 0 0 0 0 0 0 0 0 0 0 0 0 0 0 0 0
83000 84000 1 1 1 0 0 0 1 0 0 0 16 16 16 0 8000 8000 8000 0 128 128 128 0 1 1
84000 85000 0 0 0 0 0 0 0 0 0 0 0 0 0 0 0 0 0 0 0 0 0 0 0 0
85000 86000 0 0 0 0 0 0 0 0 0 0 0 0 0 0 0 0 0 0 0 0 0 0 0 0
86000 87000 0 0 0 0 0 0 0 0 0 0 0 0 0 0 0 0 0 0 0 0 0 0 0 0
87000 88000 2 2 5 4612 0 0 6 587 0 0 202 15 109 132 8000 8000 8000 0 128 128 128 0 1 1
88000 89000 0 0 0 0 0 0 0 0 0 0 0 0 0 0 0 0 0 0 0 0 0 0 0 0
89000 90000 2 2 2 0 0 0 2 0 0 0 20 20 20 0 8000 8000 8000 0 128 128 128 0 1 1
90000 91000 3 3 11 12263 0 0 15 875 0 0 182 24 124 86 8000 8000 8000 0 0 0 0 0 1 0
91000 92000 5 5 5 0 0 0 5 0 0 0 28 19 22 3 0 0 0 0 0 0 0 0 0 0
92000 93000 0 0 0 0 0 0 0 0 0 0 0 0 0 0 0 0 0 0 0 0 0 0 0 0
93000 94000 8 8 8 0 0 0 8 0 0 0 66 62 65 1 8000 8000 8000 0 128 128 128 0 2 2
94000 95000 0 0 0 0 0 0 0 0 0 0 0 0 0 0 0 0 0 0 0 0 0 0 0 0
95000 96000 1 1 1 0 0 0 1 0 0 0 229 229 229 0 8000 8000 8000 0 128 128 128 0 1 1
96000 97000 3 3 1 35 15 6757 2 31 18 9318 108 16 77 53 0 0 0 0 0 0 0 0 0 0
97000 98000 5 5 4 0 0 0 4 0 0 0 229 225 228 1 8000 8000 8000 0 128 128 128 0 1 1
98000 99000 5 5 0 0 0 0 0 0 0 0 52 51 51 0 0 0 0 0 0 0 0 0 0 0
99000 100000 0 0 0 0 0 0 0 0 0 0 0 0 0 0 0 0 0 0 0 0 0 0 0 0
100000 101000 3 3 9 10947 0 0 11 875 0 0 185 15 127 96 0 0 0 0 0 0 0 0 0 0
101000 102000 9 9 9 35 0 0 10 31 0 0 34 22 32 3 8000 8000 8000 0 128 128 128 0 1 1
102000 103000 0 0 0 0 0 0 0 0 0 0 0 0 0 0 0 0 0 0 0 0 0 0 0 0
103000 104000 0 0 0 0 0 0 0 0 0 0 0 0 0 0 0 0 0 0 0 0 0 0 0 0
104000 105000 0 0 0 0 0 0 0 0 0 0 0 0 0 0 0 0 0 0 0 0 0 0 0 0
105000 106000 0 0 0 0 0 0 0 0 0 0 0 0 0 0 0 0 0 0 0 0 0 0 0 0
106000 107000 0 0 0 0 0 0 0 0 0 0 0 0 0 0 0 0 0 0 0 0 0 0 0 0
107000 108000 0 0 0 0 0 0 0 0 0 0 0 0 0 0 0 0 0 0 0 0 0 0 0 0
108000 109000 0 0 0 0 0 0 0 0 0 0 0 0 0 0 0 0 0 0 0 0 0 0 0 0
109000 110000 0 0 0 0 0 0 0 0 0 0 0 0 0 0 0 0 0 0 0 0 0 0 0 0
110000 111000 2 2 8 10332 0 0 11 844 0 0 182 168 175 9 0 0 0 0 0 0 0 0 0 0
111000 112000 0 0 0 0 0 0 0 0 0 0 0 0 0 0 0 0 0 0 0 0 0 0 0 0
112000 113000 1 1 1 0 0 0 1 0 0 0 17 17 17 0 0 0 0 0 0 0 0 0 0 0
113000 114000 0 0 0 0 0 0 0 0 0 0 0 0 0 0 0 0 0 0 0 0 0 0 0 0
114000 115000 0 0 0 0 0 0 0 0 0 0 0 0 0 0 0 0 0 0 0 0 0 0 0 0
115000 116000 0 0 0 0 0 0 0 0 0 0 0 0 0 0 0 0 0 0 0 0 0 0 0 0
116000 117000 1 1 1 0 0 0 1 0 0 0 22 22 22 0 0 0 0 0 0 0 0 0 0 0
117000 118000 0 0 0 0 0 0 0 0 0 0 0 0 0 0 0 0 0 0 0 0 0 0 0 0
118000 119000 0 0 0 0 0 0 0 0 0 0 0 0 0 0 0 0 0 0 0 0 0 0 0 0
119000 120000 0 0 0 0 0 0 0 0 0 0 0 0 0 0 0 0 0 0 0 0 0 0 0 0
120000 121000 4 4 11 11625 0 0 16 1370 0 0 195 15 142 84 0 0 0 0 0 0 0 0 0 0
121000 122000 1 1 5 221 0 0 5 1293 0 0 60 60 60 0 8000 8000 8000 0 128 128 128 0 3 3
122000 123000 5 5 63 4628 0 0 138 178040 0 0 179 15 90 79 0 0 0 0 0 0 0 0 0 0
123000 124000 4 4 0 0 35 15558 0 0 47 19114 162 108 132 23 8000 8000 8000 0 128 128 128 0 1 1
124000 125000 0 0 0 0 0 0 0 0 0 0 0 0 0 0 0 0 0 0 0 0 0 0 0 0
125000 126000 0 0 0 0 0 0 0 0 0 0 0 0 0 0 0 0 0 0 0 0 0 0 0 0
126000 127000 3 3 50 112783 0 0 95 1171 0 0 522 27 232 257 8000 8000 8000 0 128 128 128 0 1 1
127000 128000 4 3 17 10306 0 0 21 2669 0 0 312 0 179 133 0 0 0 0 0 0 0 0 0 0
128000 129000 1 1 1 0 0 0 1 0 0 0 18 18 18 0 8000 8000 8000 0 128 128 128 0 1 1
129000 130000 2 2 8 4119 0 0 14 4959 0 0 134 28 81 75 0 0 0 0 0 0 0 0 0 0
130000 131000 4 4 24 26078 0 0 34 5770 0 0 201 15 141 87 0 0 0 0 0 0 0 0 0 0
131000 132000 1 1 2 35 0 0 3 62 0 0 20 20 20 0 8000 8000 8000 0 128 128 128 0 2 2
132000 133000 1 1 1 0 0 0 1 0 0 0 15 15 15 0 0 0 0 0 0 0 0 0 0 0
133000 134000 0 0 0 0 0 0 0 0 0 0 0 0 0 0 0 0 0 0 0 0 0 0 0 0
134000 135000 2 2 2 0 0 0 2 0 0 0 16 16 16 0 0 0 0 0 0 0 0 0 0 0
135000 136000 0 0 0 0 0 0 0 0 0 0 0 0 0 0 0 0 0 0 0 0 0 0 0 0
136000 137000 5 5 5 0 0 0 5 0 0 0 29 26 27 1 0 0 0 0 0 0 0 0 0 0
137000 138000 1 1 2 0 0 0 3 77 0 0 14 14 14 0 0 0 0 0 0 0 0 0 0 0
138000 139000 5 5 5 0 0 0 5 0 0 0 32 31 31 0 8000 8000 8000 0 128 128 128 0 1 1
139000 140000 0 0 0 0 0 0 0 0 0 0 0 0 0 0 0 0 0 0 0 0 0 0 0 0
140000 141000 4 4 13 11341 0 0 18 998 0 0 204 16 110 103 0 0 0 0 0 0 0 0 0 0
141000 142000 0 0 0 0 0 0 0 0 0 0 0 0 0 0 0 0 0 0 0 0 0 0 0 0
142000 143000 0 0 0 0 0 0 0 0 0 0 0 0 0 0 0 0 0 0 0 0 0 0 0 0
143000 144000 5 5 5 0 0 0 5 0 0 0 22 20 21 0 8000 8000 8000 0 128 128 128 0 1 1
144000 145000 0 0 0 0 0 0 0 0 0 0 0 0 0 0 0 0 0 0 0 0 0 0 0 0
145000 146000 0 0 0 0 0 0 0 0 0 0 0 0 0 0 0 0 0 0 0 0 0 0 0 0
146000 147000 8 8 8 0 0 0 8 0 0 0 28 21 24 3 0 0 0 0 0 0 0 0 0 0
147000 148000 0 0 0 0 0 0 0 0 0 0 0 0 0 0 0 0 0 0 0 0 0 0 0 0
148000 149000 0 0 0 0 0 0 0 0 0 0 0 0 0 0 0 0 0 0 0 0 0 0 0 0
149000 150000 0 0 0 0 0 0 0 0 0 0 0 0 0 0 0 0 0 0 0 0 0 0 0 0
150000 151000 3 3 9 10968 0 0 14 875 0 0 201 21 133 98 0 0 0 0 0 0 0 0 0 0
151000 152000 0 0 0 0 0 0 0 0 0 0 0 0 0 0 0 0 0 0 0 0 0 0 0 0
152000 153000 0 0 0 0 0 0 0 0 0 0 0 0 0 0 0 0 0 0 0 0 0 0 0 0
153000 154000 0 0 0 0 0 0 0 0 0 0 0 0 0 0 0 0 0 0 0 0 0 0 0 0
154000 155000 0 0 0 0 0 0 0 0 0 0 0 0 0 0 0 0 0 0 0 0 0 0 0 0
155000 156000 0 0 0 0 0 0 0 0 0 0 0 0 0 0 0 0 0 0 0 0 0 0 0 0
156000 157000 3 3 1 35 12 5436 2 31 16 8015 71 14 51 32 0 0 0 0 0 0 0 0 0 0
157000 158000 0 0 0 0 0 0 0 0 0 0 0 0 0 0 0 0 0 0 0 0 0 0 0 0
158000 159000 0 0 0 0 0 0 0 0 0 0 0 0 0 0 0 0 0 0 0 0 0 0 0 0
159000 160000 0 0 0 0 0 0 0 0 0 0 0 0 0 0 0 0 0 0 0 0 0 0 0 0
160000 161000 4 4 11 11629 0 0 16 1370 0 0 202 26 149 82 0 0 0 0 0 0 0 0 0 0
161000 162000 1 1 2 35 0 0 2 31 0 0 34 34 34 0 8000 8000 8000 0 128 128 128 0 1 1
162000 163000 0 0 0 0 0 0 0 0 0 0 0 0 0 0 0 0 0 0 0 0 0 0 0 0
163000 164000 0 0 0 0 0 0 0 0 0 0 0 0 0 0 0 0 0 0 0 0 0 0 0 0
164000 165000 0 0 0 0 0 0 0 0 0 0 0 0 0 0 0 0 0 0 0 0 0 0 0 0
165000 166000 0 0 0 0 0 0 0 0 0 0 0 0 0 0 0 0 0 0 0 0 0 0 0 0
166000 167000 0 0 0 0 0 0 0 0 0 0 0 0 0 0 0 0 0 0 0 0 0 0 0 0
167000 168000 3 3 6 4640 0 0 7 531 0 0 205 14 78 110 0 0 0 0 0 0 0 0 0 0
168000 169000 0 0 0 0 0 0 0 0 0 0 0 0 0 0 0 0 0 0 0 0 0 0 0 0
169000 170000 2 2 2 0 0 0 2 0 0 0 118 117 117 0 8000 8000 8000 0 128 128 128 0 2 2
170000 171000 2 2 9 11044 0 0 12 1266 0 0 395 367 381 19 8000 8000 8000 0 128 128 128 0 1 1
171000 172000 1 1 1 0 0 0 1 0 0 0 17 17 17 0 0 0 0 0 0 0 0 0 0 0
172000 173000 0 0 0 0 0 0 0 0 0 0 0 0 0 0 0 0 0 0 0 0 0 0 0 0
173000 174000 1 1 1 0 0 0 1 0 0 0 87 87 87 0 8000 8000 8000 0 128 128 128 0 1 1
174000 175000 0 0 0 0 0 0 0 0 0 0 0 0 0 0 0 0 0 0 0 0 0 0 0 0
175000 176000 1 1 1 0 0 0 1 0 0 0 18 18 18 0 8000 8000 8000 0 128 128 128 0 1 1
176000 177000 0 0 0 0 0 0 0 0 0 0 0 0 0 0 0 0 0 0 0 0 0 0 0 0
177000 178000 1 1 1 0 0 0 1 0 0 0 15 15 15 0 0 0 0 0 0 0 0 0 0 0
178000 179000 0 0 0 0 0 0 0 0 0 0 0 0 0 0 0 0 0 0 0 0 0 0 0 0
179000 180000 2 2 2 0 0 0 2 0 0 0 16 16 16 0 8000 8000 8000 0 128 128 128 0 1 1
180000 181000 3 3 11 10374 0 0 14 1719 0 0 501 24 333 267 8000 8000 8000 0 128 128 128 0 1 1
181000 182000 5 5 5 0 0 0 5 0 0 0 17 16 16 0 0 0 0 0 0 0 0 0 0 0
182000 183000 0 0 0 0 0 0 0 0 0 0 0 0 0 0 0 0 0 0 0 0 0 0 0 0
183000 184000 5 5 5 0 0 0 5 0 0 0 19 16 17 1 8000 8000 8000 0 128 128 128 0 2 2
184000 185000 0 0 0 0 0 0 0 0 0 0 0 0 0 0 0 0 0 0 0 0 0 0 0 0
185000 186000 0 0 0 0 0 0 0 0 0 0 0 0 0 0 0 0 0 0 0 0 0 0 0 0
186000 187000 3 3 51 111065 0 0 91 1047 0 0 182 22 115 83 8000 8000 8000 0 128 128 128 0 1 1
187000 188000 1 1 1 0 0 0 1 0 0 0 24 24 24 0 0 0 0 0 0 0 0 0 0 0
188000 189000 0 0 0 0 0 0 0 0 0 0 0 0 0 0 0 0 0 0 0 0 0 0 0 0
189000 190000 7 7 14 4264 0 0 19 5115 0 0 132 17 41 45 8000 8000 8000 0 128 128 128 0 2 2
190000 191000 4 4 20 17587 0 0 28 6288 0 0 362 15 186 142 0 0 0 0 0 0 0 0 0 0
191000 192000 9 9 9 35 0 0 10 62 0 0 21 16 18 2 8000 8000 8000 0 128 128 128 0 1 1
192000 193000 4 4 0 0 0 0 0 0 0 0 3 3 3 0 0 0 0 0 0 0 0 0 0 0
193000 194000 0 0 0 0 0 0 0 0 0 0 0 0 0 0 0 0 0 0 0 0 0 0 0 0
194000 195000 0 0 0 0 0 0 0 0 0 0 0 0 0 0 0 0 0 0 0 0 0 0 0 0
195000 196000 0 0 0 0 0 0 0 0 0 0 0 0 0 0 0 0 0 0 0 0 0 0 0 0
196000 197000 0 0 0 0 0 0 0 0 0 0 0 0 0 0 0 0 0 0 0 0 0 0 0 0
197000 198000 0 0 0 0 0 0 0 0 0 0 0 0 0 0 0 0 0 0 0 0 0 0 0 0
198000 199000 0 0 0 0 0 0 0 0 0 0 0 0 0 0 0 0 0 0 0 0 0 0 0 0
199000 200000 0 0 0 0 0 0 0 0 0 0 0 0 0 0 0 0 0 0 0 0 0 0 0 0
200000 201000 4 4 12 11587 0 0 17 1416 0 0 203 21 145 83 0 0 0 0 0 0 0 0 0 0
201000 202000 0 0 0 0 0 0 0 0 0 0 0 0 0 0 0 0 0 0 0 0 0 0 0 0
202000 203000 0 0 0 0 0 0 0 0 0 0 0 0 0 0 0 0 0 0 0 0 0 0 0 0
203000 204000 0 0 0 0 0 0 0 0 0 0 0 0 0 0 0 0 0 0 0 0 0 0 0 0
204000 205000 0 0 0 0 0 0 0 0 0 0 0 0 0 0 0 0 0 0 0 0 0 0 0 0
205000 206000 0 0 0 0 0 0 0 0 0 0 0 0 0 0 0 0 0 0 0 0 0 0 0 0
206000 207000 0 0 0 0 0 0 0 0 0 0 0 0 0 0 0 0 0 0 0 0 0 0 0 0
207000 208000 1 1 5 5893 0 0 6 587 0 0 262 262 262 0 8000 8000 8000 0 128 128 128 0 1 1
208000 209000 0 0 0 0 0 0 0 0 0 0 0 0 0 0 0 0 0 0 0 0 0 0 0 0
209000 210000 0 0 0 0 0 0 0 0 0 0 0 0 0 0 0 0 0 0 0 0 0 0 0 0
210000 211000 3 3 7 9016 0 0 10 776 0 0 504 5 225 254 0 0 0 0 0 0 0 0 0 0
211000 212000 2 2 1 883 0 0 2 98 0 0 115 10 63 74 8000 8000 8000 0 128 128 128 0 2 2
212000 213000 2 2 2 0 0 0 2 0 0 0 25 23 24 1 0 0 0 0 0 0 0 0 0 0
213000 214000 0 0 0 0 0 0 0 0 0 0 0 0 0 0 0 0 0 0 0 0 0 0 0 0
214000 215000 2 2 2 0 0 0 2 0 0 0 21 17 19 2 8000 8000 8000 0 128 128 128 0 1 1
215000 216000 0 0 0 0 0 0 0 0 0 0 0 0 0 0 0 0 0 0 0 0 0 0 0 0
216000 217000 3 3 1 35 14 7938 2 31 20 10601 76 15 54 33 0 0 0 0 0 0 0 0 0 0
217000 218000 0 0 0 0 0 0 0 0 0 0 0 0 0 0 0 0 0 0 0 0 0 0 0 0
218000 219000 1 1 1 0 0 0 1 0 0 0 134 134 134 0 8000 8000 8000 0 128 128 128 0 1 1
219000 220000 0 0 0 0 0 0 0 0 0 0 0 0 0 0 0 0 0 0 0 0 0 0 0 0
220000 221000 3 3 9 11545 0 0 14 875 0 0 186 20 127 92 0 0 0 0 0 0 0 0 0 0
221000 222000 1 1 1 35 0 0 2 31 0 0 15 15 15 0 8000 8000 8000 0 128 128 128 0 1 1
222000 223000 1 1 1 0 0 0 1 0 0 0 25 25 25 0 0 0 0 0 0 0 0 0 0 0
223000 224000 0 0 0 0 0 0 0 0 0 0 0 0 0 0 0 0 0 0 0 0 0 0 0 0
224000 225000 2 2 2 0 0 0 2 0 0 0 16 16 16 0 0 0 0 0 0 0 0 0 0 0
225000 226000 0 0 0 0 0 0 0 0 0 0 0 0 0 0 0 0 0 0 0 0 0 0 0 0
226000 227000 5 5 5 0 0 0 5 0 0 0 76 76 76 0 8000 8000 8000 0 128 128 128 0 1 1
227000 228000 0 0 0 0 0 0 0 0 0 0 0 0 0 0 0 0 0 0 0 0 0 0 0 0
228000 229000 5 5 5 0 0 0 5 0 0 0 17 16 16 0 0 0 0 0 0 0 0 0 0 0
229000 230000 0 0 0 0 0 0 0 0 0 0 0 0 0 0 0 0 0 0 0 0 0 0 0 0
230000 231000 2 2 8 11505 0 0 11 844 0 0 214 175 195 27 8000 8000 8000 0 0 0 0 0 1 0
231000 232000 1 1 1 0 0 0 1 0 0 0 16 16 16 0 0 0 0 0 0 0 0 0 0 0
232000 233000 1 1 1 0 0 0 1 0 0 0 16 16 16 0 0 0 0 0 0 0 0 0 0 0
233000 234000 1 1 2 0 0 0 3 73 0 0 141 141 141 0 8000 8000 8000 0 128 128 128 0 2 2
234000 235000 6 6 3 0 0 0 3 0 0 0 9 9 9 0 0 0 0 0 0 0 0 0 0 0
235000 236000 6 6 2 0 0 0 2 0 0 0 9 6 8 1 8000 8000 8000 0 128 128 128 0 1 1
236000 237000 1 1 2 0 0 0 3 39 0 0 18 18 18 0 0 0 0 0 0 0 0 0 0 0
237000 238000 9 9 11 0 0 0 11 39 0 0 26 19 23 3 8000 8000 8000 0 128 128 128 0 1 1
238000 239000 0 0 0 0 0 0 0 0 0 0 0 0 0 0 0 0 0 0 0 0 0 0 0 0
239000 240000 0 0 0 0 0 0 0 0 0 0 0 0 0 0 0 0 0 0 0 0 0 0 0 0
240000 241000 3 3 10 11589 0 0 12 1339 0 0 203 172 183 17 0 0 0 0 0 0 0 0 0 0
241000 242000 7 7 12 138 0 0 18 816 0 0 207 2 47 72 8000 8000 8000 0 128 128 128 0 1 1
242000 243000 11 11 66 4757 17 9364 154 178945 25 11303 178 8 70 56 0 0 0 0 0 0 0 0 0 0
243000 244000 4 4 0 0 17 8579 0 0 23 9062 124 8 56 48 8000 8000 8000 0 128 128 128 0 1 1
244000 245000 0 0 0 0 0 0 0 0 0 0 0 0 0 0 0 0 0 0 0 0 0 0 0 0
245000 246000 1 1 2 0 0 0 3 39 0 0 30 30 30 0 8000 8000 8000 0 128 128 128 0 1 1
246000 247000 4 4 49 110016 0 0 91 1086 0 0 183 16 90 85 0 0 0 0 0 0 0 0 0 0
247000 248000 5 5 27 10961 0 0 31 7151 0 0 416 15 210 194 8000 8000 8000 0 128 128 128 0 1 1
248000 249000 0 0 0 0 0 0 0 0 0 0 0 0 0 0 0 0 0 0 0 0 0 0 0 0
249000 250000 1 1 6 2942 0 0 10 3401 0 0 182 182 182 0 8000 8000 8000 0 128 128 128 0 1 1
250000 251000 7 7 30 24978 0 0 41 7412 0 0 267 14 102 106 0 0 0 0 0 0 0 0 0 0
251000 252000 1 1 1 35 0 0 2 31 0 0 18 18 18 0 8000 8000 8000 0 128 128 128 0 1 1
252000 253000 0 0 0 0 0 0 0 0 0 0 0 0 0 0 0 0 0 0 0 0 0 0 0 0
253000 254000 0 0 0 0 0 0 0 0 0 0 0 0 0 0 0 0 0 0 0 0 0 0 0 0
254000 255000 0 0 0 0 0 0 0 0 0 0 0 0 0 0 0 0 0 0 0 0 0 0 0 0
255000 256000 0 0 0 0 0 0 0 0 0 0 0 0 0 0 0 0 0 0 0 0 0 0 0 0
256000 257000 0 0 0 0 0 0 0 0 0 0 0 0 0 0 0 0 0 0 0 0 0 0 0 0
257000 258000 1 1 2 0 0 0 2 77 0 0 0 0 0 0 0 0 0 0 0 0 0 0 0 0
258000 259000 0 0 0 0 0 0 0 0 0 0 0 0 0 0 0 0 0 0 0 0 0 0 0 0
259000 260000 0 0 0 0 0 0 0 0 0 0 0 0 0 0 0 0 0 0 0 0 0 0 0 0
260000 261000 3 3 11 10335 0 0 15 921 0 0 215 15 135 106 0 0 0 0 0 0 0 0 0 0
261000 262000 1 1 1 0 0 0 1 0 0 0 14 14 14 0 8000 8000 8000 0 128 128 128 0 1 1
262000 263000 0 0 0 0 0 0 0 0 0 0 0 0 0 0 0 0 0 0 0 0 0 0 0 0
263000 264000 0 0 0 0 0 0 0 0 0 0 0 0 0 0 0 0 0 0 0 0 0 0 0 0
264000 265000 0 0 0 0 0 0 0 0 0 0 0 0 0 0 0 0 0 0 0 0 0 0 0 0
265000 266000 0 0 0 0 0 0 0 0 0 0 0 0 0 0 0 0 0 0 0 0 0 0 0 0
266000 267000 0 0 0 0 0 0 0 0 0 0 0 0 0 0 0 0 0 0 0 0 0 0 0 0
267000 268000 0 0 0 0 0 0 0 0 0 0 0 0 0 0 0 0 0 0 0 0 0 0 0 0
268000 269000 0 0 0 0 0 0 0 0 0 0 0 0 0 0 0 0 0 0 0 0 0 0 0 0
269000 270000 1 1 1 0 0 0 1 0 0 0 31 31 31 0 0 0 0 0 0 0 0 0 0 0
270000 271000 2 2 11 10538 0 0 15 1688 0 0 399 341 370 41 8000 8000 8000 0 128 128 128 0 1 1
271000 272000 2 2 2 35 0 0 3 31 0 0 23 22 22 0 0 0 0 0 0 0 0 0 0 0
272000 273000 0 0 0 0 0 0 0 0 0 0 0 0 0 0 0 0 0 0 0 0 0 0 0 0
273000 274000 2 2 2 0 0 0 2 0 0 0 16 16 16 0 0 0 0 0 0 0 0 0 0 0
274000 275000 0 0 0 0 0 0 0 0 0 0 0 0 0 0 0 0 0 0 0 0 0 0 0 0
275000 276000 0 0 0 0 0 0 0 0 0 0 0 0 0 0 0 0 0 0 0 0 0 0 0 0
276000 277000 3 3 1 35 12 5434 2 31 16 8012 90 28 67 33 0 0 0 0 0 0 0 0 0 0
277000 278000 0 0 0 0 0 0 0 0 0 0 0 0 0 0 0 0 0 0 0 0 0 0 0 0
278000 279000 0 0 0 0 0 0 0 0 0 0 0 0 0 0 0 0 0 0 0 0 0 0 0 0
279000 280000 0 0 0 0 0 0 0 0 0 0 0 0 0 0 0 0 0 0 0 0 0 0 0 0
280000 281000 6 6 13 12800 0 0 18 1370 0 0 179 22 135 58 0 0 0 0 0 0 0 0 0 0
281000 282000 0 0 0 0 0 0 0 0 0 0 0 0 0 0 0 0 0 0 0 0 0 0 0 0
282000 283000 7 7 7 35 0 0 8 31 0 0 248 17 215 87 0 0 0 0 0 0 0 0 0 0
283000 284000 0 0 0 0 0 0 0 0 0 0 0 0 0 0 0 0 0 0 0 0 0 0 0 0
284000 285000 0 0 0 0 0 0 0 0 0 0 0 0 0 0 0 0 0 0 0 0 0 0 0 0
285000 286000 0 0 0 0 0 0 0 0 0 0 0 0 0 0 0 0 0 0 0 0 0 0 0 0
286000 287000 0 0 0 0 0 0 0 0 0 0 0 0 0 0 0 0 0 0 0 0 0 0 0 0
287000 288000 1 1 4 4653 0 0 4 587 0 0 263 263 263 0 0 0 0 0 0 0 0 0 0 0
288000 289000 3 3 3 0 0 0 3 0 0 0 16 15 15 0 0 0 0 0 0 0 0 0 0 0
289000 290000 0 0 0 0 0 0 0 0 0 0 0 0 0 0 0 0 0 0 0 0 0 0 0 0
290000 291000 2 2 9 11038 0 0 12 844 0 0 191 190 191 0 0 0 0 0 0 0 0 0 0 0
291000 292000 1 1 1 0 0 0 1 0 0 0 26 26 26 0 0 0 0 0 0 0 0 0 0 0
292000 293000 0 0 0 0 0 0 0 0 0 0 0 0 0 0 0 0 0 0 0 0 0 0 0 0
293000 294000 0 0 0 0 0 0 0 0 0 0 0 0 0 0 0 0 0 0 0 0 0 0 0 0
294000 295000 0 0 0 0 0 0 0 0 0 0 0 0 0 0 0 0 0 0 0 0 0 0 0 0
295000 296000 1 1 1 0 0 0 1 0 0 0 16 16 16 0 8000 8000 8000 0 128 128 128 0 1 1
296000 297000 0 0 0 0 0 0 0 0 0 0 0 0 0 0 0 0 0 0 0 0 0 0 0 0
297000 298000 0 0 0 0 0 0 0 0 0 0 0 0 0 0 0 0 0 0 0 0 0 0 0 0
298000 299000 0 0 0 0 0 0 0 0 0 0 0 0 0 0 0 0 0 0 0 0 0 0 0 0
299000 300000 0 0 0 0 0 0 0 0 0 0 0 0 0 0 0 0 0 0 0 0 0 0 0 0
300000 301000 0 0 0 0 0 0 0 0 0 0 0 0 0 0 0 0 0 0 0 0 0 0 0 0
