ts te nbins ncons c_tcp_packs c_tcp_bytes c_udp_packs c_udp_bytes s_tcp_packs s_tcp_bytes s_udp_packs s_udp_bytes max_bins_span min_bins_span avg_bins_span std_bins_span max_video_rate min_video_rate avg_video_rate std_video_rate max_audio_rate min_audio_rate avg_audio_rate std_audio_rate video_requests audio_requests
0 10000 66 42 1362 122320 40 17825 1884 2125429 44 13525 999 21 374 324 2300 288 958 1038 128 128 128 0 6 5
10000 20000 33 9 3035 83725 94 17117 4600 6382415 140 107907 999 48 591 378 288 288 288 0 128 128 128 0 9 9
20000 30000 25 11 1380 42842 35 16447 2173 2981220 43 27438 999 0 444 346 288 288 288 0 128 128 128 0 5 4
30000 40000 26 20 133 169391 0 0 186 17596 0 0 919 15 201 263 840 288 567 239 128 128 128 0 8 6
40000 50000 38 34 86 38635 15 7975 98 14201 18 9307 462 13 95 144 840 840 840 0 128 128 128 0 5 5
50000 60000 33 28 93 31513 0 0 103 16173 0 0 736 15 122 191 840 840 840 0 128 128 128 0 5 5
60000 70000 18 14 134 162900 0 0 197 21371 0 0 813 1 226 248 840 840 840 0 128 128 128 0 5 5
70000 80000 11 6 46 27105 0 0 47 6749 0 0 976 0 294 307 840 840 840 0 128 128 128 0 5 5
80000 90000 11 5 55 34092 0 0 59 8601 0 0 916 0 365 353 2300 840 1540 597 128 128 128 0 7 6
90000 100000 31 27 59 23275 0 0 62 5113 0 0 582 14 103 181 2300 2300 2300 0 128 128 128 0 5 5
100000 110000 14 8 41 21532 17 9256 43 5783 20 10579 833 16 270 222 2300 2300 2300 0 128 128 128 0 5 6
110000 120000 12 7 47 25642 0 0 49 5924 0 0 985 14 302 333 2300 2300 2300 0 128 128 128 0 6 5
120000 130000 21 16 266 156328 43 26046 357 238811 53 25944 999 38 383 325 2300 2300 2300 0 128 128 128 0 5 5
130000 140000 20 16 57 32194 0 0 63 5922 0 0 760 10 198 270 2300 2300 2300 0 128 128 128 0 5 5
140000 150000 20 15 48 21925 0 0 51 5706 0 0 872 0 168 250 2300 2300 2300 0 128 128 128 0 5 5
150000 160000 10 5 45 25886 0 0 50 6875 0 0 991 20 415 385 2300 2300 2300 0 128 128 128 0 6 6
160000 170000 14 10 45 26019 15 9100 48 6871 18 9317 795 16 279 282 2300 2300 2300 0 128 128 128 0 5 5
170000 180000 10 6 38 20864 0 0 40 5328 0 0 985 15 331 333 2300 2300 2300 0 128 128 128 0 5 5
180000 190000 32 27 123 136233 0 0 163 16365 0 0 972 13 146 256 2300 2300 2300 0 128 128 128 0 5 6
190000 200000 13 8 47 25624 0 0 50 6526 0 0 807 0 281 286 2300 2300 2300 0 128 128 128 0 5 4
200000 210000 10 4 41 27188 0 0 46 7028 0 0 987 14 388 310 2300 2300 2300 0 128 128 128 0 6 7
210000 220000 12 7 44 24981 0 0 48 6191 0 0 806 17 280 307 2300 2300 2300 0 128 128 128 0 5 4
220000 230000 19 15 47 21347 14 10278 49 5854 20 10600 591 14 165 215 2300 2300 2300 0 128 128 128 0 5 5
230000 240000 23 19 53 21961 0 0 56 5367 0 0 917 14 145 240 2300 2300 2300 0 128 128 128 0 5 5
240000 250000 36 30 284 155258 34 15931 394 236657 44 17787 961 15 242 303 2300 2300 2300 0 128 128 128 0 6 6
250000 260000 12 7 52 34944 0 0 57 7200 0 0 941 3 308 302 2300 2300 2300 0 128 128 128 0 5 5
260000 270000 7 4 32 19195 0 0 35 4425 0 0 793 6 340 318 2300 2300 2300 0 128 128 128 0 4 4
270000 280000 17 11 51 24554 0 0 52 6380 0 0 971 0 261 342 2300 2300 2300 0 128 128 128 0 6 6
280000 290000 16 12 46 26018 15 9097 49 6376 18 9314 707 16 215 234 2300 2300 2300 0 128 128 128 0 5 5
290000 300000 9 5 37 21192 0 0 39 5328 0 0 858 14 371 323 2300 2300 2300 0 128 128 128 0 5 5
