ts te nbins ncons c_tcp_packs c_tcp_bytes c_udp_packs c_udp_bytes s_tcp_packs s_tcp_bytes s_udp_packs s_udp_bytes max_bins_span min_bins_span avg_bins_span std_bins_span max_video_rate min_video_rate avg_video_rate std_video_rate max_audio_rate min_audio_rate avg_audio_rate std_audio_rate video_requests audio_requests
0 2000 16 15 82 32602 0 0 130 56037 0 0 819 1 210 272 0 0 0 0 0 0 0 0 0 0
2000 4000 21 20 107 11771 7 3206 161 49891 9 5947 776 133 431 181 0 0 0 0 0 0 0 0 0 0
4000 6000 12 11 46 11586 9 4692 62 8961 7 5320 529 21 243 144 0 0 0 0 0 0 0 0 0 0
6000 8000 12 11 64 26788 12 6382 82 18803 10 7235 735 0 293 190 4400 4400 4400 0 128 128 128 0 7 8
8000 10000 6 6 2 713 38 24574 3 78 38 13893 247 7 127 84 4400 4400 4400 0 128 128 128 0 2 1
10000 12000 13 12 56 73260 100 57112 91 12674 113 55059 412 69 219 117 8000 8000 8000 0 128 128 128 0 2 2
12000 14000 2 1 0 0 51 7208 0 0 83 65518 715 198 456 365 8000 8000 8000 0 128 128 128 0 1 1
14000 16000 2 2 0 0 15 13694 0 0 12 702 124 110 117 10 8000 8000 8000 0 128 128 128 0 1 1
16000 18000 2 2 7 4812 0 0 12 4290 0 0 350 273 312 54 8000 8000 8000 0 128 128 128 0 1 1
18000 20000 1 1 0 354 0 0 1 73 0 0 69 69 69 0 8000 8000 8000 0 128 128 128 0 1 1
20000 22000 2 2 9 14237 0 0 16 844 0 0 558 465 512 65 8000 8000 8000 0 128 128 128 0 1 1
22000 24000 0 0 0 0 0 0 0 0 0 0 0 0 0 0 0 0 0 0 0 0 0 0 0 0
24000 26000 0 0 0 0 0 0 0 0 0 0 0 0 0 0 0 0 0 0 0 0 0 0 0 0
26000 28000 2 2 7 5036 0 0 14 4338 0 0 332 285 309 33 8000 8000 8000 0 128 128 128 0 1 1
28000 30000 1 1 0 130 0 0 0 26 0 0 23 23 23 0 8000 8000 8000 0 128 128 128 0 2 2
30000 32000 4 4 69 152623 0 0 121 1539 0 0 796 262 402 262 8000 8000 8000 0 128 128 128 0 1 1
32000 34000 1 1 2 35 0 0 3 31 0 0 271 271 271 0 8000 8000 8000 0 128 128 128 0 1 1
34000 36000 1 1 0 26 0 0 2 23 0 0 196 196 196 0 8000 8000 8000 0 128 128 128 0 1 1
36000 38000 7 7 13 4900 11 5320 20 5916 13 6579 361 18 129 116 8000 8000 8000 0 128 128 128 0 1 1
38000 40000 6 6 9 3090 2 1404 14 4108 2 1442 259 1 121 111 8000 8000 8000 0 128 128 128 0 1 1
40000 42000 13 13 19 10797 0 0 25 800 0 0 288 81 112 75 8000 8000 8000 0 128 128 128 0 1 1
42000 44000 1 1 1 0 0 0 1 0 0 0 16 16 16 0 8000 8000 8000 0 128 128 128 0 1 1
44000 46000 0 0 0 0 0 0 0 0 0 0 0 0 0 0 0 0 0 0 0 0 0 0 0 0
46000 48000 13 13 23 11712 0 0 30 4548 0 0 357 16 87 133 8000 8000 8000 0 128 128 128 0 1 1
48000 50000 8 8 6 737 0 0 8 356 0 0 102 16 30 29 8000 8000 8000 0 128 128 128 0 1 1
50000 52000 9 9 15 10705 0 0 21 800 0 0 281 16 76 114 8000 8000 8000 0 128 128 128 0 1 1
52000 54000 2 2 2 0 0 0 2 0 0 0 22 17 19 3 8000 8000 8000 0 128 128 128 0 1 1
54000 56000 0 0 0 0 0 0 0 0 0 0 0 0 0 0 0 0 0 0 0 0 0 0 0 0
56000 58000 3 3 8 4859 0 0 14 4310 0 0 337 19 209 167 8000 8000 8000 0 128 128 128 0 1 1
58000 60000 1 1 0 319 0 0 0 65 0 0 60 60 60 0 8000 8000 8000 0 128 128 128 0 1 1
60000 62000 15 15 35 13063 0 0 33 1194 0 0 282 21 73 102 8000 8000 8000 0 128 128 128 0 1 1
62000 64000 3 3 5 35 0 0 9 185 0 0 259 19 99 137 8000 8000 8000 0 128 128 128 0 1 1
64000 66000 3 3 20 32414 0 0 32 1664 0 0 163 20 93 71 8000 8000 8000 0 128 128 128 0 1 1
66000 68000 5 5 57 101065 0 0 100 9019 0 0 348 116 241 91 8000 8000 8000 0 128 128 128 0 1 1
68000 70000 3 3 1 260 0 0 5 93 0 0 267 35 182 127 8000 8000 8000 0 128 128 128 0 1 1
70000 72000 3 3 10 12233 0 0 15 756 0 0 292 47 206 137 8000 8000 8000 0 128 128 128 0 1 1
72000 74000 0 0 0 0 0 0 0 0 0 0 0 0 0 0 0 0 0 0 0 0 0 0 0 0
74000 76000 1 1 1 0 0 0 1 0 0 0 37 37 37 0 8000 8000 8000 0 128 128 128 0 2 2
76000 78000 1 1 2 0 0 0 3 77 0 0 27 27 27 0 0 0 0 0 0 0 0 0 0 0
78000 80000 0 0 0 0 0 0 0 0 0 0 0 0 0 0 0 0 0 0 0 0 0 0 0 0
80000 82000 3 3 10 10359 0 0 15 756 0 0 267 22 181 137 8000 8000 8000 0 128 128 128 0 2 2
82000 84000 0 0 0 0 0 0 0 0 0 0 0 0 0 0 0 0 0 0 0 0 0 0 0 0
84000 86000 0 0 0 0 0 0 0 0 0 0 0 0 0 0 0 0 0 0 0 0 0 0 0 0
86000 88000 2 2 5 4718 0 0 7 533 0 0 269 17 143 178 8000 8000 8000 0 128 128 128 0 1 1
88000 90000 0 0 0 0 0 0 0 0 0 0 0 0 0 0 0 0 0 0 0 0 0 0 0 0
90000 92000 2 2 8 11877 0 0 14 756 0 0 259 254 257 3 8000 8000 8000 0 128 128 128 0 1 1
92000 94000 2 2 2 35 0 0 4 31 0 0 265 20 142 173 8000 8000 8000 0 128 128 128 0 1 1
94000 96000 13 13 12 17 0 0 13 15 0 0 122 21 30 27 8000 8000 8000 0 128 128 128 0 1 1
96000 98000 6 6 2 29 5 2522 4 25 6 3469 128 17 53 43 8000 8000 8000 0 128 128 128 0 1 1
98000 100000 9 9 6 58 9 4235 10 51 11 5831 251 18 71 84 8000 8000 8000 0 128 128 128 0 1 1
100000 102000 2 2 8 10364 0 0 14 756 0 0 257 251 254 4 8000 8000 8000 0 128 128 128 0 1 1
102000 104000 0 0 0 0 0 0 0 0 0 0 0 0 0 0 0 0 0 0 0 0 0 0 0 0
104000 106000 0 0 0 0 0 0 0 0 0 0 0 0 0 0 0 0 0 0 0 0 0 0 0 0
106000 108000 1 1 1 0 0 0 1 0 0 0 17 17 17 0 8000 8000 8000 0 128 128 128 0 1 1
108000 110000 0 0 0 0 0 0 0 0 0 0 0 0 0 0 0 0 0 0 0 0 0 0 0 0
110000 112000 2 2 8 11225 0 0 14 756 0 0 281 276 279 3 8000 8000 8000 0 128 128 128 0 1 1
112000 114000 1 1 1 0 0 0 1 0 0 0 18 18 18 0 8000 8000 8000 0 128 128 128 0 1 1
114000 116000 9 9 9 0 0 0 17 0 0 0 22 17 19 1 8000 8000 8000 0 128 128 128 0 1 1
116000 118000 5 5 5 0 0 0 10 0 0 0 34 17 21 7 8000 8000 8000 0 128 128 128 0 1 1
118000 120000 3 3 3 0 0 0 5 0 0 0 40 32 36 4 8000 8000 8000 0 128 128 128 0 1 1
120000 122000 5 5 14 9516 0 0 15 756 0 0 938 20 307 374 8000 8000 8000 0 128 128 128 0 1 1
122000 124000 7 6 49 7140 0 0 87 105873 0 0 951 0 220 345 8000 8000 8000 0 128 128 128 0 1 1
124000 126000 6 6 45 39712 0 0 82 70475 0 0 386 18 179 134 8000 8000 8000 0 128 128 128 0 1 1
126000 128000 11 9 72 93189 0 0 122 18602 0 0 699 0 286 223 8000 8000 8000 0 128 128 128 0 2 2
128000 130000 4 4 9 5201 0 0 18 4429 0 0 364 202 277 66 8000 8000 8000 0 128 128 128 0 1 1
130000 132000 3 3 12 20619 0 0 21 756 0 0 283 0 183 158 8000 8000 8000 0 128 128 128 0 1 1
132000 134000 0 0 0 0 0 0 0 0 0 0 0 0 0 0 0 0 0 0 0 0 0 0 0 0
134000 136000 0 0 0 0 0 0 0 0 0 0 0 0 0 0 0 0 0 0 0 0 0 0 0 0
136000 138000 1 1 2 0 0 0 2 77 0 0 0 0 0 0 8000 8000 8000 0 128 128 128 0 1 1
138000 140000 1 1 3 0 0 0 3 77 0 0 27 27 27 0 8000 8000 8000 0 128 128 128 0 1 1
140000 142000 2 2 8 10370 0 0 14 756 0 0 278 265 272 9 8000 8000 8000 0 128 128 128 0 1 1
142000 144000 0 0 0 0 0 0 0 0 0 0 0 0 0 0 0 0 0 0 0 0 0 0 0 0
144000 146000 0 0 0 0 0 0 0 0 0 0 0 0 0 0 0 0 0 0 0 0 0 0 0 0
146000 148000 1 1 1 0 0 0 1 0 0 0 40 40 40 0 8000 8000 8000 0 128 128 128 0 1 1
148000 150000 0 0 0 0 0 0 0 0 0 0 0 0 0 0 0 0 0 0 0 0 0 0 0 0
150000 152000 4 4 13 10374 0 0 15 756 0 0 944 17 374 397 8000 8000 8000 0 128 128 128 0 1 1
152000 154000 2 2 1 35 0 0 3 31 0 0 247 0 123 174 8000 8000 8000 0 128 128 128 0 1 1
154000 156000 2 2 0 7 0 0 0 6 0 0 62 0 31 44 8000 8000 8000 0 128 128 128 0 1 1
156000 158000 3 3 0 30 0 0 2 26 0 0 222 0 81 121 8000 8000 8000 0 128 128 128 0 1 1
158000 160000 3 3 1 67 0 0 5 59 0 0 259 0 168 146 8000 8000 8000 0 128 128 128 0 1 1
160000 162000 2 2 8 10376 0 0 14 756 0 0 268 258 263 7 8000 8000 8000 0 128 128 128 0 1 1
162000 164000 0 0 0 0 0 0 0 0 0 0 0 0 0 0 0 0 0 0 0 0 0 0 0 0
164000 166000 0 0 0 0 0 0 0 0 0 0 0 0 0 0 0 0 0 0 0 0 0 0 0 0
166000 168000 1 1 4 4678 0 0 6 533 0 0 268 268 268 0 8000 8000 8000 0 128 128 128 0 1 1
168000 170000 2 2 2 0 0 0 2 0 0 0 33 27 30 4 8000 8000 8000 0 128 128 128 0 1 1
170000 172000 3 3 9 11255 0 0 15 756 0 0 283 21 188 145 8000 8000 8000 0 128 128 128 0 1 1
172000 174000 1 1 1 0 0 0 1 0 0 0 18 18 18 0 8000 8000 8000 0 128 128 128 0 2 2
174000 176000 0 0 0 0 0 0 0 0 0 0 0 0 0 0 0 0 0 0 0 0 0 0 0 0
176000 178000 1 1 1 0 0 0 1 0 0 0 41 41 41 0 8000 8000 8000 0 128 128 128 0 1 1
178000 180000 0 0 0 0 0 0 0 0 0 0 0 0 0 0 0 0 0 0 0 0 0 0 0 0
180000 182000 3 3 12 11010 0 0 14 756 0 0 956 266 501 393 0 0 0 0 0 0 0 0 0 0
182000 184000 2 2 1 35 0 0 3 31 0 0 259 0 129 183 8000 8000 8000 0 128 128 128 0 2 2
184000 186000 3 3 14 34042 0 0 29 164 0 0 117 0 46 62 8000 8000 8000 0 128 128 128 0 1 1
186000 188000 2 2 33 75839 0 0 66 387 0 0 261 236 249 17 8000 8000 8000 0 128 128 128 0 1 1
188000 190000 6 5 18 7678 0 0 30 4757 0 0 407 0 211 173 8000 8000 8000 0 128 128 128 0 1 1
190000 192000 2 2 8 11984 0 0 14 756 0 0 278 266 272 8 8000 8000 8000 0 128 128 128 0 1 1
192000 194000 0 0 0 0 0 0 0 0 0 0 0 0 0 0 0 0 0 0 0 0 0 0 0 0
194000 196000 0 0 0 0 0 0 0 0 0 0 0 0 0 0 0 0 0 0 0 0 0 0 0 0
196000 198000 0 0 0 0 0 0 0 0 0 0 0 0 0 0 0 0 0 0 0 0 0 0 0 0
198000 200000 1 1 2 0 0 0 3 77 0 0 20 20 20 0 8000 8000 8000 0 128 128 128 0 1 1
200000 202000 2 2 9 10376 0 0 15 775 0 0 258 174 216 59 8000 8000 8000 0 128 128 128 0 1 1
202000 204000 0 0 0 0 0 0 0 0 0 0 0 0 0 0 0 0 0 0 0 0 0 0 0 0
204000 206000 0 0 0 0 0 0 0 0 0 0 0 0 0 0 0 0 0 0 0 0 0 0 0 0
206000 208000 1 1 4 4688 0 0 6 533 0 0 268 268 268 0 8000 8000 8000 0 128 128 128 0 1 1
208000 210000 0 0 0 0 0 0 0 0 0 0 0 0 0 0 0 0 0 0 0 0 0 0 0 0
210000 212000 2 2 15 12820 0 0 21 5013 0 0 317 273 295 31 8000 8000 8000 0 128 128 128 0 1 1
212000 214000 1 1 1 35 0 0 3 31 0 0 246 246 246 0 8000 8000 8000 0 128 128 128 0 1 1
214000 216000 2 2 2 0 0 0 2 0 0 0 26 23 25 1 8000 8000 8000 0 128 128 128 0 1 1
216000 218000 1 1 1 35 0 0 3 31 0 0 245 245 245 0 8000 8000 8000 0 128 128 128 0 2 2
218000 220000 2 2 2 70 0 0 6 62 0 0 265 248 256 11 0 0 0 0 0 0 0 0 0 0
220000 222000 2 2 8 11224 0 0 14 756 0 0 277 270 274 4 8000 8000 8000 0 128 128 128 0 2 2
222000 224000 0 0 0 0 0 0 0 0 0 0 0 0 0 0 0 0 0 0 0 0 0 0 0 0
224000 226000 0 0 0 0 0 0 0 0 0 0 0 0 0 0 0 0 0 0 0 0 0 0 0 0
226000 228000 0 0 0 0 0 0 0 0 0 0 0 0 0 0 0 0 0 0 0 0 0 0 0 0
228000 230000 0 0 0 0 0 0 0 0 0 0 0 0 0 0 0 0 0 0 0 0 0 0 0 0
230000 232000 3 3 9 10692 0 0 15 756 0 0 274 19 188 146 8000 8000 8000 0 128 128 128 0 1 1
232000 234000 0 0 0 0 0 0 0 0 0 0 0 0 0 0 0 0 0 0 0 0 0 0 0 0
234000 236000 1 1 1 0 0 0 1 0 0 0 32 32 32 0 8000 8000 8000 0 128 128 128 0 1 1
236000 238000 1 1 1 0 0 0 2 0 0 0 22 22 22 0 8000 8000 8000 0 128 128 128 0 1 1
238000 240000 1 1 1 0 0 0 2 0 0 0 23 23 23 0 8000 8000 8000 0 128 128 128 0 1 1
240000 242000 2 2 8 10374 0 0 14 756 0 0 272 267 269 3 8000 8000 8000 0 128 128 128 0 1 1
242000 244000 3 3 60 7524 0 0 101 116403 0 0 919 286 530 340 8000 8000 8000 0 128 128 128 0 1 1
244000 246000 4 4 54 43036 0 0 94 63725 0 0 908 119 407 368 8000 8000 8000 0 128 128 128 0 1 1
246000 248000 7 6 63 91109 0 0 110 14824 0 0 658 85 367 189 8000 8000 8000 0 128 128 128 0 1 1
248000 250000 4 4 11 5198 0 0 20 4430 0 0 346 255 284 41 8000 8000 8000 0 128 128 128 0 1 1
250000 252000 2 2 13 19455 0 0 20 775 0 0 390 173 281 153 8000 8000 8000 0 128 128 128 0 1 1
252000 254000 0 0 0 0 0 0 0 0 0 0 0 0 0 0 0 0 0 0 0 0 0 0 0 0
254000 256000 0 0 0 0 0 0 0 0 0 0 0 0 0 0 0 0 0 0 0 0 0 0 0 0
256000 258000 1 1 3 0 0 0 4 77 0 0 18 18 18 0 8000 8000 8000 0 128 128 128 0 1 1
258000 260000 1 1 3 0 0 0 3 77 0 0 27 27 27 0 8000 8000 8000 0 128 128 128 0 1 1
260000 262000 2 2 13 13655 0 0 19 1215 0 0 329 261 295 47 8000 8000 8000 0 128 128 128 0 1 1
262000 264000 0 0 0 0 0 0 0 0 0 0 0 0 0 0 0 0 0 0 0 0 0 0 0 0
264000 266000 0 0 0 0 0 0 0 0 0 0 0 0 0 0 0 0 0 0 0 0 0 0 0 0
266000 268000 0 0 0 0 0 0 0 0 0 0 0 0 0 0 0 0 0 0 0 0 0 0 0 0
268000 270000 0 0 0 0 0 0 0 0 0 0 0 0 0 0 0 0 0 0 0 0 0 0 0 0
270000 272000 2 2 8 10371 0 0 14 756 0 0 262 259 261 2 8000 8000 8000 0 128 128 128 0 1 1
272000 274000 1 1 1 35 0 0 3 31 0 0 250 250 250 0 8000 8000 8000 0 128 128 128 0 1 1
274000 276000 0 0 0 0 0 0 0 0 0 0 0 0 0 0 0 0 0 0 0 0 0 0 0 0
276000 278000 1 1 1 35 0 0 3 31 0 0 259 259 259 0 8000 8000 8000 0 128 128 128 0 1 1
278000 280000 2 2 2 70 0 0 6 62 0 0 269 264 267 3 8000 8000 8000 0 128 128 128 0 1 1
280000 282000 2 2 8 10372 0 0 14 756 0 0 255 255 255 0 8000 8000 8000 0 128 128 128 0 1 1
282000 284000 0 0 0 0 0 0 0 0 0 0 0 0 0 0 0 0 0 0 0 0 0 0 0 0
284000 286000 0 0 0 0 0 0 0 0 0 0 0 0 0 0 0 0 0 0 0 0 0 0 0 0
286000 288000 1 1 4 4688 0 0 6 533 0 0 271 271 271 0 8000 8000 8000 0 128 128 128 0 1 1
288000 290000 1 1 1 0 0 0 1 0 0 0 22 22 22 0 8000 8000 8000 0 128 128 128 0 1 1
290000 292000 4 4 12 10731 0 0 17 775 0 0 367 20 150 157 8000 8000 8000 0 128 128 128 0 1 1
292000 294000 0 0 0 0 0 0 0 0 0 0 0 0 0 0 0 0 0 0 0 0 0 0 0 0
294000 296000 1 1 1 0 0 0 1 0 0 0 30 30 30 0 8000 8000 8000 0 128 128 128 0 1 1
296000 298000 0 0 0 0 0 0 0 0 0 0 0 0 0 0 0 0 0 0 0 0 0 0 0 0
298000 300000 0 0 0 0 0 0 0 0 0 0 0 0 0 0 0 0 0 0 0 0 0 0 0 0
