ts te nbins ncons c_tcp_packs c_tcp_bytes c_udp_packs c_udp_bytes s_tcp_packs s_tcp_bytes s_udp_packs s_udp_bytes max_bins_span min_bins_span avg_bins_span std_bins_span max_video_rate min_video_rate avg_video_rate std_video_rate max_audio_rate min_audio_rate avg_audio_rate std_audio_rate video_requests audio_requests
0 2000 29 28 179 56450 7 3204 290 98190 9 5947 919 31 383 233 0 0 0 0 0 0 0 0 0 0
2000 4000 6 6 10 581 0 0 15 4012 0 0 389 19 151 147 0 0 0 0 0 0 0 0 0 0
4000 6000 15 13 85 31166 125 9762 113 18798 171 202814 936 29 363 217 0 0 0 0 0 0 0 0 0 0
6000 8000 6 5 29 13493 0 0 39 3493 0 0 414 0 232 188 4400 4400 4400 0 128 128 128 0 8 8
8000 10000 13 13 15 4522 172 66726 19 7580 245 180850 617 68 216 151 4400 4400 4400 0 128 128 128 0 1 1
10000 12000 6 5 35 36298 62 9637 54 11762 103 88418 988 76 377 329 8000 8000 8000 0 128 128 128 0 2 2
12000 14000 0 0 0 0 0 0 0 0 0 0 0 0 0 0 0 0 0 0 0 0 0 0 0 0
14000 16000 2 2 0 0 15 13693 0 0 11 678 100 96 98 2 8000 8000 8000 0 128 128 128 0 1 1
16000 18000 2 2 10 5167 0 0 15 4366 0 0 364 337 351 18 0 0 0 0 0 0 0 0 0 0
18000 20000 0 0 0 0 0 0 0 0 0 0 0 0 0 0 0 0 0 0 0 0 0 0 0 0
20000 22000 2 2 8 10054 0 0 13 844 0 0 269 258 263 8 8000 8000 8000 0 128 128 128 0 3 3
22000 24000 0 0 0 0 0 0 0 0 0 0 0 0 0 0 0 0 0 0 0 0 0 0 0 0
24000 26000 0 0 0 0 0 0 0 0 0 0 0 0 0 0 0 0 0 0 0 0 0 0 0 0
26000 28000 2 2 8 5173 0 0 14 4367 0 0 346 328 337 13 8000 8000 8000 0 128 128 128 0 2 2
28000 30000 0 0 0 0 0 0 0 0 0 0 0 0 0 0 0 0 0 0 0 0 0 0 0 0
30000 32000 5 5 58 137978 0 0 113 1636 0 0 411 259 296 64 8000 8000 8000 0 128 128 128 0 2 2
32000 34000 0 0 0 0 0 0 0 0 0 0 0 0 0 0 0 0 0 0 0 0 0 0 0 0
34000 36000 1 1 2 35 0 0 3 31 0 0 245 245 245 0 8000 8000 8000 0 128 128 128 0 2 2
36000 38000 4 4 19 10466 0 0 28 4672 0 0 460 263 372 83 8000 8000 8000 0 128 128 128 0 1 1
38000 40000 10 10 10 3041 12 5438 12 103 16 8019 410 21 96 132 8000 8000 8000 0 128 128 128 0 1 1
40000 42000 8 8 14 11961 0 0 20 844 0 0 277 26 89 115 8000 8000 8000 0 128 128 128 0 1 1
42000 44000 1 1 1 0 0 0 1 0 0 0 32 32 32 0 8000 8000 8000 0 128 128 128 0 1 1
44000 46000 3 3 3 0 0 0 3 0 0 0 30 19 25 5 8000 8000 8000 0 128 128 128 0 1 1
46000 48000 17 17 27 11829 0 0 36 4899 0 0 397 16 81 131 8000 8000 8000 0 128 128 128 0 1 1
48000 50000 1 1 1 0 0 0 1 0 0 0 17 17 17 0 8000 8000 8000 0 128 128 128 0 1 1
50000 52000 9 9 15 10694 0 0 21 844 0 0 277 19 93 105 8000 8000 8000 0 128 128 128 0 1 1
52000 54000 4 4 4 0 0 0 4 0 0 0 18 17 17 0 8000 8000 8000 0 128 128 128 0 1 1
54000 56000 0 0 0 0 0 0 0 0 0 0 0 0 0 0 0 0 0 0 0 0 0 0 0 0
56000 58000 2 2 8 5179 0 0 15 4374 0 0 357 304 331 37 8000 8000 8000 0 128 128 128 0 1 1
58000 60000 0 0 0 0 0 0 0 0 0 0 0 0 0 0 0 0 0 0 0 0 0 0 0 0
60000 62000 17 17 37 10389 0 0 39 1106 0 0 281 21 66 93 8000 8000 8000 0 128 128 128 0 1 1
62000 64000 0 0 0 0 0 0 0 0 0 0 0 0 0 0 0 0 0 0 0 0 0 0 0 0
64000 66000 3 3 66 127178 0 0 118 6343 0 0 465 20 257 223 8000 8000 8000 0 128 128 128 0 1 1
66000 68000 5 5 24 10487 0 0 33 9542 0 0 414 39 237 156 8000 8000 8000 0 128 128 128 0 1 1
68000 70000 2 2 1 353 0 0 4 470 0 0 275 33 154 171 8000 8000 8000 0 128 128 128 0 1 1
70000 72000 5 5 14 11964 0 0 17 844 0 0 279 22 119 133 8000 8000 8000 0 128 128 128 0 1 1
72000 74000 0 0 0 0 0 0 0 0 0 0 0 0 0 0 0 0 0 0 0 0 0 0 0 0
74000 76000 0 0 0 0 0 0 0 0 0 0 0 0 0 0 0 0 0 0 0 0 0 0 0 0
76000 78000 3 3 6 0 0 0 6 77 0 0 33 25 28 4 8000 8000 8000 0 128 128 128 0 1 1
78000 80000 0 0 0 0 0 0 0 0 0 0 0 0 0 0 0 0 0 0 0 0 0 0 0 0
80000 82000 2 2 8 11503 0 0 14 844 0 0 281 278 280 2 8000 8000 8000 0 128 128 128 0 3 3
82000 84000 0 0 0 0 0 0 0 0 0 0 0 0 0 0 0 0 0 0 0 0 0 0 0 0
84000 86000 0 0 0 0 0 0 0 0 0 0 0 0 0 0 0 0 0 0 0 0 0 0 0 0
86000 88000 1 1 4 4773 0 0 6 525 0 0 255 255 255 0 8000 8000 8000 0 128 128 128 0 1 1
88000 90000 1 1 1 0 0 0 1 0 0 0 22 22 22 0 0 0 0 0 0 0 0 0 0 0
90000 92000 6 6 14 14617 0 0 24 1192 0 0 284 18 188 130 8000 8000 8000 0 128 128 128 0 1 1
92000 94000 12 12 12 0 0 0 12 0 0 0 39 27 36 5 8000 8000 8000 0 128 128 128 0 2 2
94000 96000 2 2 2 35 0 0 4 31 0 0 259 17 138 170 8000 8000 8000 0 128 128 128 0 1 1
96000 98000 6 6 6 35 0 0 8 31 0 0 252 17 57 95 8000 8000 8000 0 128 128 128 0 1 1
98000 100000 4 4 2 35 14 7938 4 31 18 9321 255 74 140 86 8000 8000 8000 0 128 128 128 0 1 1
100000 102000 2 2 8 11790 0 0 14 800 0 0 274 272 273 1 8000 8000 8000 0 128 128 128 0 1 1
102000 104000 0 0 0 0 0 0 0 0 0 0 0 0 0 0 0 0 0 0 0 0 0 0 0 0
104000 106000 0 0 0 0 0 0 0 0 0 0 0 0 0 0 0 0 0 0 0 0 0 0 0 0
106000 108000 1 1 1 0 0 0 2 0 0 0 18 18 18 0 8000 8000 8000 0 128 128 128 0 1 1
108000 110000 0 0 0 0 0 0 0 0 0 0 0 0 0 0 0 0 0 0 0 0 0 0 0 0
110000 112000 5 5 11 10377 0 0 18 800 0 0 280 19 124 132 8000 8000 8000 0 128 128 128 0 1 1
112000 114000 3 3 3 0 0 0 5 0 0 0 21 19 20 0 8000 8000 8000 0 128 128 128 0 1 1
114000 116000 3 3 3 0 0 0 6 0 0 0 22 18 20 2 8000 8000 8000 0 128 128 128 0 1 1
116000 118000 4 4 5 0 0 0 8 0 0 0 255 19 90 111 8000 8000 8000 0 128 128 128 0 1 1
118000 120000 7 7 7 0 0 0 13 0 0 0 76 18 31 21 8000 8000 8000 0 128 128 128 0 1 1
120000 122000 9 9 50 15489 0 0 83 62487 0 0 943 16 348 345 8000 8000 8000 0 128 128 128 0 1 1
122000 124000 10 8 54 12011 0 0 114 116692 0 0 592 0 140 228 8000 8000 8000 0 128 128 128 0 2 2
124000 126000 7 5 76 122902 0 0 135 13537 0 0 525 255 406 93 8000 8000 8000 0 128 128 128 0 1 1
126000 128000 5 5 11 7312 0 0 17 3028 0 0 278 0 157 144 8000 8000 8000 0 128 128 128 0 1 1
128000 130000 6 6 10 5225 0 0 18 4411 0 0 544 0 197 228 8000 8000 8000 0 128 128 128 0 1 1
130000 132000 2 2 12 20627 0 0 21 800 0 0 280 272 276 5 8000 8000 8000 0 128 128 128 0 1 1
132000 134000 0 0 0 0 0 0 0 0 0 0 0 0 0 0 0 0 0 0 0 0 0 0 0 0
134000 136000 1 1 1 0 0 0 1 0 0 0 17 17 17 0 8000 8000 8000 0 128 128 128 0 1 1
136000 138000 1 1 3 0 0 0 3 77 0 0 25 25 25 0 8000 8000 8000 0 128 128 128 0 1 1
138000 140000 1 1 3 0 0 0 4 77 0 0 24 24 24 0 0 0 0 0 0 0 0 0 0 0
140000 142000 2 2 8 9201 0 0 12 800 0 0 275 258 267 12 8000 8000 8000 0 128 128 128 0 2 2
142000 144000 0 0 0 0 0 0 0 0 0 0 0 0 0 0 0 0 0 0 0 0 0 0 0 0
144000 146000 0 0 0 0 0 0 0 0 0 0 0 0 0 0 0 0 0 0 0 0 0 0 0 0
146000 148000 1 1 1 0 0 0 1 0 0 0 40 40 40 0 8000 8000 8000 0 128 128 128 0 2 2
148000 150000 0 0 0 0 0 0 0 0 0 0 0 0 0 0 0 0 0 0 0 0 0 0 0 0
150000 152000 4 4 13 11575 0 0 17 831 0 0 953 259 436 344 8000 8000 8000 0 128 128 128 0 1 1
152000 154000 2 1 0 0 0 0 0 0 0 0 0 0 0 0 8000 8000 8000 0 128 128 128 0 1 1
154000 156000 1 1 1 35 0 0 3 31 0 0 247 247 247 0 8000 8000 8000 0 128 128 128 0 1 1
156000 158000 2 2 0 30 0 0 2 27 0 0 227 0 113 160 8000 8000 8000 0 128 128 128 0 1 1
158000 160000 3 3 1 39 0 0 3 34 0 0 250 0 93 136 8000 8000 8000 0 128 128 128 0 1 1
160000 162000 2 2 8 10370 0 0 14 800 0 0 268 254 261 10 8000 8000 8000 0 128 128 128 0 1 1
162000 164000 0 0 0 0 0 0 0 0 0 0 0 0 0 0 0 0 0 0 0 0 0 0 0 0
164000 166000 0 0 0 0 0 0 0 0 0 0 0 0 0 0 0 0 0 0 0 0 0 0 0 0
166000 168000 1 1 4 4663 0 0 6 525 0 0 372 372 372 0 8000 8000 8000 0 128 128 128 0 1 1
168000 170000 2 2 2 0 0 0 2 0 0 0 22 22 22 0 0 0 0 0 0 0 0 0 0 0
170000 172000 3 3 9 9552 0 0 13 800 0 0 264 240 252 11 8000 8000 8000 0 128 128 128 0 3 3
172000 174000 0 0 0 0 0 0 0 0 0 0 0 0 0 0 0 0 0 0 0 0 0 0 0 0
174000 176000 1 1 1 0 0 0 1 0 0 0 19 19 19 0 0 0 0 0 0 0 0 0 0 0
176000 178000 0 0 0 0 0 0 0 0 0 0 0 0 0 0 0 0 0 0 0 0 0 0 0 0
178000 180000 0 0 0 0 0 0 0 0 0 0 0 0 0 0 0 0 0 0 0 0 0 0 0 0
180000 182000 4 4 10 11576 0 0 18 831 0 0 288 104 224 82 8000 8000 8000 0 128 128 128 0 1 1
182000 184000 0 0 0 0 0 0 0 0 0 0 0 0 0 0 0 0 0 0 0 0 0 0 0 0
184000 186000 2 2 47 109719 0 0 94 552 0 0 394 262 328 93 8000 8000 8000 0 128 128 128 0 2 2
186000 188000 1 1 0 28 0 0 2 24 0 0 197 197 197 0 0 0 0 0 0 0 0 0 0 0
188000 190000 4 4 11 5381 0 0 19 4115 0 0 362 47 238 134 8000 8000 8000 0 128 128 128 0 2 2
190000 192000 2 2 10 13160 0 0 16 800 0 0 274 259 267 10 0 0 0 0 0 0 0 0 0 0
192000 194000 0 0 0 0 0 0 0 0 0 0 0 0 0 0 0 0 0 0 0 0 0 0 0 0
194000 196000 0 0 0 0 0 0 0 0 0 0 0 0 0 0 0 0 0 0 0 0 0 0 0 0
196000 198000 0 0 0 0 0 0 0 0 0 0 0 0 0 0 0 0 0 0 0 0 0 0 0 0
198000 200000 0 0 0 0 0 0 0 0 0 0 0 0 0 0 0 0 0 0 0 0 0 0 0 0
200000 202000 2 2 8 10372 0 0 14 800 0 0 281 276 279 3 8000 8000 8000 0 128 128 128 0 1 1
202000 204000 0 0 0 0 0 0 0 0 0 0 0 0 0 0 0 0 0 0 0 0 0 0 0 0
204000 206000 1 1 1 0 0 0 0 0 0 0 345 345 345 0 0 0 0 0 0 0 0 0 0 0
206000 208000 3 2 7 4672 0 0 6 525 0 0 642 401 511 121 8000 8000 8000 0 128 128 128 0 1 1
208000 210000 1 1 0 0 0 0 0 0 0 0 0 0 0 0 0 0 0 0 0 0 0 0 0 0
210000 212000 4 4 9 9583 0 0 15 831 0 0 264 0 194 129 8000 8000 8000 0 128 128 128 0 2 2
212000 214000 3 3 2 0 0 0 2 0 0 0 19 0 12 10 8000 8000 8000 0 128 128 128 0 1 1
214000 216000 2 2 1 35 0 0 3 31 0 0 268 0 134 189 0 0 0 0 0 0 0 0 0 0
216000 218000 1 1 0 22 0 0 1 19 0 0 168 168 168 0 8000 8000 8000 0 128 128 128 0 3 3
218000 220000 3 3 5 47 0 0 4 42 0 0 919 94 420 438 8000 8000 8000 0 128 128 128 0 1 1
220000 222000 3 3 8 12715 0 0 14 800 0 0 271 0 180 155 8000 8000 8000 0 128 128 128 0 1 1
222000 224000 1 1 0 0 0 0 0 0 0 0 0 0 0 0 8000 8000 8000 0 128 128 128 0 1 1
224000 226000 1 1 0 0 0 0 0 0 0 0 0 0 0 0 8000 8000 8000 0 128 128 128 0 1 1
226000 228000 0 0 0 0 0 0 0 0 0 0 0 0 0 0 0 0 0 0 0 0 0 0 0 0
228000 230000 0 0 0 0 0 0 0 0 0 0 0 0 0 0 0 0 0 0 0 0 0 0 0 0
230000 232000 3 3 11 10373 0 0 16 819 0 0 255 18 153 122 8000 8000 8000 0 128 128 128 0 1 1
232000 234000 3 3 2 0 0 0 3 0 0 0 18 0 12 10 8000 8000 8000 0 128 128 128 0 1 1
234000 236000 0 0 0 0 0 0 0 0 0 0 0 0 0 0 0 0 0 0 0 0 0 0 0 0
236000 238000 0 0 0 0 0 0 0 0 0 0 0 0 0 0 0 0 0 0 0 0 0 0 0 0
238000 240000 0 0 0 0 0 0 0 0 0 0 0 0 0 0 0 0 0 0 0 0 0 0 0 0
240000 242000 6 6 41 16322 0 0 62 42383 0 0 516 27 240 170 8000 8000 8000 0 128 128 128 0 1 1
242000 244000 4 4 77 12476 0 0 117 140788 0 0 583 100 355 198 8000 8000 8000 0 128 128 128 0 1 1
244000 246000 6 4 66 116074 0 0 121 10170 0 0 634 0 345 210 8000 8000 8000 0 128 128 128 0 1 1
246000 248000 3 3 20 11300 0 0 30 7215 0 0 904 133 548 388 8000 8000 8000 0 128 128 128 0 1 1
248000 250000 5 5 11 6332 0 0 18 4263 0 0 480 0 254 189 8000 8000 8000 0 128 128 128 0 1 1
250000 252000 3 3 13 21422 0 0 23 947 0 0 332 277 298 30 8000 8000 8000 0 128 128 128 0 1 1
252000 254000 0 0 0 0 0 0 0 0 0 0 0 0 0 0 0 0 0 0 0 0 0 0 0 0
254000 256000 0 0 0 0 0 0 0 0 0 0 0 0 0 0 0 0 0 0 0 0 0 0 0 0
256000 258000 1 1 2 0 0 0 3 77 0 0 19 19 19 0 8000 8000 8000 0 128 128 128 0 1 1
258000 260000 1 1 2 0 0 0 3 77 0 0 28 28 28 0 8000 8000 8000 0 128 128 128 0 2 2
260000 262000 2 2 8 11223 0 0 14 800 0 0 289 253 271 25 0 0 0 0 0 0 0 0 0 0
262000 264000 0 0 0 0 0 0 0 0 0 0 0 0 0 0 0 0 0 0 0 0 0 0 0 0
264000 266000 0 0 0 0 0 0 0 0 0 0 0 0 0 0 0 0 0 0 0 0 0 0 0 0
266000 268000 0 0 0 0 0 0 0 0 0 0 0 0 0 0 0 0 0 0 0 0 0 0 0 0
268000 270000 0 0 0 0 0 0 0 0 0 0 0 0 0 0 0 0 0 0 0 0 0 0 0 0
270000 272000 3 3 9 10726 0 0 17 831 0 0 272 265 269 3 8000 8000 8000 0 128 128 128 0 1 1
272000 274000 0 0 0 0 0 0 0 0 0 0 0 0 0 0 0 0 0 0 0 0 0 0 0 0
274000 276000 1 1 1 35 0 0 3 31 0 0 253 253 253 0 0 0 0 0 0 0 0 0 0 0
276000 278000 2 2 0 12 0 0 1 10 0 0 103 0 51 73 8000 8000 8000 0 128 128 128 0 1 1
278000 280000 2 2 1 57 0 0 4 51 0 0 396 194 295 142 8000 8000 8000 0 128 128 128 0 2 2
280000 282000 2 2 8 10370 0 0 14 800 0 0 280 262 271 12 8000 8000 8000 0 128 128 128 0 1 1
282000 284000 0 0 0 0 0 0 0 0 0 0 0 0 0 0 0 0 0 0 0 0 0 0 0 0
284000 286000 0 0 0 0 0 0 0 0 0 0 0 0 0 0 0 0 0 0 0 0 0 0 0 0
286000 288000 3 3 6 4672 0 0 8 525 0 0 377 32 147 199 8000 8000 8000 0 128 128 128 0 2 2
288000 290000 0 0 0 0 0 0 0 0 0 0 0 0 0 0 0 0 0 0 0 0 0 0 0 0
290000 292000 3 3 9 10719 0 0 15 800 0 0 269 19 185 142 0 0 0 0 0 0 0 0 0 0
292000 294000 0 0 0 0 0 0 0 0 0 0 0 0 0 0 0 0 0 0 0 0 0 0 0 0
294000 296000 1 1 1 0 0 0 1 0 0 0 188 188 188 0 8000 8000 8000 0 128 128 128 0 1 1
296000 298000 0 0 0 0 0 0 0 0 0 0 0 0 0 0 0 0 0 0 0 0 0 0 0 0
298000 300000 0 0 0 0 0 0 0 0 0 0 0 0 0 0 0 0 0 0 0 0 0 0 0 0
300000 302000 0 0 0 0 0 0 0 0 0 0 0 0 0 0 0 0 0 0 0 0 0 0 0 0
