ts te nbins ncons c_tcp_packs c_tcp_bytes c_udp_packs c_udp_bytes s_tcp_packs s_tcp_bytes s_udp_packs s_udp_bytes max_bins_span min_bins_span avg_bins_span std_bins_span max_video_rate min_video_rate avg_video_rate std_video_rate max_audio_rate min_audio_rate avg_audio_rate std_audio_rate video_requests audio_requests
0 2000 31 29 183 70361 7 3207 298 153764 9 5939 987 0 377 272 0 0 0 0 0 0 0 0 0 0
2000 4000 4 4 8 967 0 0 12 1963 0 0 498 189 294 141 0 0 0 0 0 0 0 0 0 0
4000 6000 13 11 70 21677 0 0 97 11006 0 0 944 27 384 268 0 0 0 0 0 0 0 0 0 0
6000 8000 5 5 23 11410 0 0 35 3227 0 0 432 115 269 130 4400 4400 4400 0 128 128 128 0 8 8
8000 10000 11 11 21 7210 107 62814 29 15616 119 44321 551 70 194 145 0 0 0 0 0 0 0 0 0 0
10000 12000 7 6 44 68053 63 10484 74 4450 105 88263 994 133 382 285 4400 4400 4400 0 128 128 128 0 2 3
12000 14000 1 1 0 0 16 16168 0 0 10 281 111 111 111 0 8000 8000 8000 0 128 128 128 0 2 1
14000 16000 1 1 0 0 2 291 0 0 3 442 89 89 89 0 8000 8000 8000 0 128 128 128 0 1 1
16000 18000 2 2 8 5170 0 0 14 4366 0 0 340 325 333 10 8000 8000 8000 0 128 128 128 0 1 1
18000 20000 0 0 0 0 0 0 0 0 0 0 0 0 0 0 0 0 0 0 0 0 0 0 0 0
20000 22000 2 2 11 14153 0 0 18 775 0 0 314 305 310 6 8000 8000 8000 0 128 128 128 0 1 1
22000 24000 0 0 0 0 0 0 0 0 0 0 0 0 0 0 0 0 0 0 0 0 0 0 0 0
24000 26000 0 0 0 0 0 0 0 0 0 0 0 0 0 0 0 0 0 0 0 0 0 0 0 0
26000 28000 3 3 20 9307 0 0 29 9945 0 0 426 44 277 203 8000 8000 8000 0 128 128 128 0 2 2
28000 30000 0 0 0 0 0 0 0 0 0 0 0 0 0 0 0 0 0 0 0 0 0 0 0 0
30000 32000 5 5 62 132157 0 0 110 1452 0 0 474 282 346 74 8000 8000 8000 0 128 128 128 0 1 1
32000 34000 0 0 0 0 0 0 0 0 0 0 0 0 0 0 0 0 0 0 0 0 0 0 0 0
34000 36000 1 1 1 35 0 0 3 31 0 0 250 250 250 0 8000 8000 8000 0 128 128 128 0 1 1
36000 38000 4 4 10 5246 0 0 21 4432 0 0 403 246 306 73 8000 8000 8000 0 128 128 128 0 2 2
38000 40000 2 2 0 0 12 5437 0 0 16 8023 66 61 64 3 8000 8000 8000 0 128 128 128 0 1 1
40000 42000 13 13 19 11973 0 0 25 756 0 0 279 16 57 95 0 0 0 0 0 0 0 0 0 0
42000 44000 2 2 2 0 0 0 2 0 0 0 26 23 24 2 8000 8000 8000 0 128 128 128 0 2 2
44000 46000 4 4 4 2496 0 0 6 197 0 0 151 8 52 66 8000 8000 8000 0 128 128 128 0 1 1
46000 48000 15 15 23 9084 0 0 31 4682 0 0 398 9 86 121 8000 8000 8000 0 128 128 128 0 1 1
48000 50000 3 3 3 0 0 0 3 0 0 0 30 18 26 6 8000 8000 8000 0 128 128 128 0 1 1
50000 52000 6 6 14 10702 0 0 19 775 0 0 271 21 101 103 0 0 0 0 0 0 0 0 0 0
52000 54000 2 2 2 0 0 0 2 0 0 0 61 38 49 16 8000 8000 8000 0 128 128 128 0 2 2
54000 56000 1 1 1 0 0 0 1 0 0 0 83 83 83 0 8000 8000 8000 0 128 128 128 0 1 1
56000 58000 14 14 48 10737 0 0 46 9952 0 0 714 20 122 211 8000 8000 8000 0 128 128 128 0 1 1
58000 60000 0 0 0 0 0 0 0 0 0 0 0 0 0 0 0 0 0 0 0 0 0 0 0 0
60000 62000 6 6 17 10393 0 0 28 1018 0 0 390 22 178 174 8000 8000 8000 0 128 128 128 0 1 1
62000 64000 0 0 0 0 0 0 0 0 0 0 0 0 0 0 0 0 0 0 0 0 0 0 0 0
64000 66000 4 3 54 60313 0 0 62 5957 0 0 991 21 348 440 8000 8000 8000 0 128 128 128 0 1 1
66000 68000 6 5 63 74780 0 0 73 4545 0 0 856 264 499 241 0 0 0 0 0 0 0 0 0 0
68000 70000 3 1 38 51311 0 0 41 88 0 0 962 140 639 437 8000 8000 8000 0 128 128 128 0 2 2
70000 72000 6 4 36 40883 0 0 41 824 0 0 994 0 314 365 8000 8000 8000 0 128 128 128 0 1 1
72000 74000 1 1 0 0 0 0 0 0 0 0 0 0 0 0 0 0 0 0 0 0 0 0 0 0
74000 76000 2 1 18 24961 0 0 15 42 0 0 926 64 495 609 8000 8000 8000 0 128 128 128 0 2 2
76000 78000 4 3 20 22230 0 0 23 119 0 0 923 16 407 461 8000 8000 8000 0 128 128 128 0 1 1
78000 80000 1 1 0 0 0 0 0 0 0 0 0 0 0 0 8000 8000 8000 0 128 128 128 0 1 1
80000 82000 4 3 24 33060 0 0 29 766 0 0 991 236 439 368 8000 8000 8000 0 128 128 128 0 1 1
82000 84000 2 1 26 34208 0 0 25 73 0 0 739 679 709 42 8000 8000 8000 0 128 128 128 0 1 1
84000 86000 3 2 27 36771 0 0 24 243 0 0 768 151 483 311 8000 8000 8000 0 128 128 128 0 1 1
86000 88000 3 2 18 23221 0 0 19 366 0 0 696 203 403 259 8000 8000 8000 0 128 128 128 0 1 1
88000 90000 5 3 22 26582 0 0 21 49 0 0 979 17 380 416 8000 8000 8000 0 128 128 128 0 1 1
90000 92000 10 8 26 29298 0 0 31 802 0 0 572 17 181 192 8000 8000 8000 0 128 128 128 0 1 1
92000 94000 10 9 19 16295 0 0 17 0 0 0 930 17 159 312 8000 8000 8000 0 128 128 128 0 1 1
94000 96000 6 6 5 35 0 0 7 31 0 0 254 0 54 98 0 0 0 0 0 0 0 0 0 0
96000 98000 5 5 9 6290 0 0 14 62 0 0 570 18 226 227 8000 8000 8000 0 128 128 128 0 3 3
98000 100000 3 3 1 0 17 9253 1 0 19 10564 103 18 66 43 0 0 0 0 0 0 0 0 0 0
100000 102000 2 2 9 11123 0 0 13 756 0 0 281 277 279 3 8000 8000 8000 0 128 128 128 0 2 2
102000 104000 0 0 0 0 0 0 0 0 0 0 0 0 0 0 0 0 0 0 0 0 0 0 0 0
104000 106000 0 0 0 0 0 0 0 0 0 0 0 0 0 0 0 0 0 0 0 0 0 0 0 0
106000 108000 0 0 0 0 0 0 0 0 0 0 0 0 0 0 0 0 0 0 0 0 0 0 0 0
108000 110000 1 1 1 0 0 0 2 0 0 0 25 25 25 0 0 0 0 0 0 0 0 0 0 0
110000 112000 2 2 8 10378 0 0 14 756 0 0 283 279 281 2 0 0 0 0 0 0 0 0 0 0
112000 114000 4 4 4 0 0 0 7 0 0 0 24 18 20 2 8000 8000 8000 0 128 128 128 0 2 2
114000 116000 1 1 1 0 0 0 2 0 0 0 18 18 18 0 8000 8000 8000 0 128 128 128 0 2 2
116000 118000 5 5 5 0 0 0 10 0 0 0 22 19 21 1 0 0 0 0 0 0 0 0 0 0
118000 120000 4 4 4 0 0 0 8 0 0 0 112 19 47 43 8000 8000 8000 0 128 128 128 0 2 2
120000 122000 5 5 20 14377 0 0 32 1901 0 0 369 19 238 130 0 0 0 0 0 0 0 0 0 0
122000 124000 4 4 75 7161 0 0 127 172040 0 0 398 18 119 186 8000 8000 8000 0 128 128 128 0 1 1
124000 126000 10 9 37 14794 0 0 57 16136 0 0 991 20 300 361 8000 8000 8000 0 128 128 128 0 2 2
126000 128000 10 8 33 17157 0 0 53 14775 0 0 392 0 202 139 0 0 0 0 0 0 0 0 0 0
128000 130000 1 1 3 2999 0 0 5 225 0 0 564 564 564 0 8000 8000 8000 0 128 128 128 0 1 1
130000 132000 3 3 17 17915 0 0 21 775 0 0 933 262 489 384 8000 8000 8000 0 128 128 128 0 3 3
132000 134000 2 1 0 0 0 0 0 0 0 0 0 0 0 0 0 0 0 0 0 0 0 0 0 0
134000 136000 1 1 1 0 0 0 1 50 0 0 94 94 94 0 8000 8000 8000 0 128 128 128 0 2 2
136000 138000 2 2 1 0 0 0 1 26 0 0 49 0 24 34 8000 8000 8000 0 128 128 128 0 1 1
138000 140000 2 2 3 0 0 0 3 77 0 0 23 0 11 16 0 0 0 0 0 0 0 0 0 0
140000 142000 2 2 13 13592 0 0 19 1215 0 0 335 274 305 42 0 0 0 0 0 0 0 0 0 0
142000 144000 1 1 1 0 0 0 1 0 0 0 18 18 18 0 8000 8000 8000 0 128 128 128 0 3 3
144000 146000 0 0 0 0 0 0 0 0 0 0 0 0 0 0 0 0 0 0 0 0 0 0 0 0
146000 148000 0 0 0 0 0 0 0 0 0 0 0 0 0 0 0 0 0 0 0 0 0 0 0 0
148000 150000 0 0 0 0 0 0 0 0 0 0 0 0 0 0 0 0 0 0 0 0 0 0 0 0
150000 152000 3 3 9 11579 0 0 17 787 0 0 282 269 273 7 8000 8000 8000 0 128 128 128 0 1 1
152000 154000 0 0 0 0 0 0 0 0 0 0 0 0 0 0 0 0 0 0 0 0 0 0 0 0
154000 156000 1 1 1 35 0 0 3 31 0 0 273 273 273 0 0 0 0 0 0 0 0 0 0 0
156000 158000 3 3 5 70 0 0 9 139 0 0 262 19 178 137 8000 8000 8000 0 128 128 128 0 2 2
158000 160000 0 0 0 0 0 0 0 0 0 0 0 0 0 0 0 0 0 0 0 0 0 0 0 0
160000 162000 2 2 8 10380 0 0 14 756 0 0 323 279 301 30 8000 8000 8000 0 128 128 128 0 1 1
162000 164000 0 0 0 0 0 0 0 0 0 0 0 0 0 0 0 0 0 0 0 0 0 0 0 0
164000 166000 1 1 2 1813 0 0 3 218 0 0 152 152 152 0 8000 8000 8000 0 128 128 128 0 1 1
166000 168000 2 2 3 2397 0 0 5 288 0 0 202 18 110 130 0 0 0 0 0 0 0 0 0 0
168000 170000 1 1 1 0 0 0 1 0 0 0 17 17 17 0 8000 8000 8000 0 128 128 128 0 2 2
170000 172000 2 2 10 11804 0 0 16 775 0 0 275 192 234 58 8000 8000 8000 0 128 128 128 0 1 1
172000 174000 1 1 1 0 0 0 1 0 0 0 17 17 17 0 8000 8000 8000 0 128 128 128 0 1 1
174000 176000 0 0 0 0 0 0 0 0 0 0 0 0 0 0 0 0 0 0 0 0 0 0 0 0
176000 178000 0 0 0 0 0 0 0 0 0 0 0 0 0 0 0 0 0 0 0 0 0 0 0 0
178000 180000 0 0 0 0 0 0 0 0 0 0 0 0 0 0 0 0 0 0 0 0 0 0 0 0
180000 182000 3 3 15 11459 0 0 21 1246 0 0 384 249 301 72 8000 8000 8000 0 128 128 128 0 2 2
182000 184000 0 0 0 0 0 0 0 0 0 0 0 0 0 0 0 0 0 0 0 0 0 0 0 0
184000 186000 1 1 1 35 0 0 3 31 0 0 257 257 257 0 8000 8000 8000 0 128 128 128 0 1 1
186000 188000 4 4 17 7616 0 0 28 8071 0 0 340 245 295 43 8000 8000 8000 0 128 128 128 0 2 2
188000 190000 1 1 4 1980 0 0 5 1924 0 0 158 158 158 0 0 0 0 0 0 0 0 0 0 0
190000 192000 2 2 12 15107 0 0 17 775 0 0 278 245 262 23 8000 8000 8000 0 128 128 128 0 2 2
192000 194000 0 0 0 0 0 0 0 0 0 0 0 0 0 0 0 0 0 0 0 0 0 0 0 0
194000 196000 0 0 0 0 0 0 0 0 0 0 0 0 0 0 0 0 0 0 0 0 0 0 0 0
196000 198000 1 1 2 0 0 0 3 77 0 0 19 19 19 0 8000 8000 8000 0 128 128 128 0 1 1
198000 200000 0 0 0 0 0 0 0 0 0 0 0 0 0 0 0 0 0 0 0 0 0 0 0 0
200000 202000 2 2 13 13330 0 0 19 1215 0 0 336 277 306 41 8000 8000 8000 0 128 128 128 0 1 1
202000 204000 0 0 0 0 0 0 0 0 0 0 0 0 0 0 0 0 0 0 0 0 0 0 0 0
204000 206000 1 1 2 1815 0 0 3 218 0 0 153 153 153 0 0 0 0 0 0 0 0 0 0 0
206000 208000 1 1 2 2403 0 0 4 288 0 0 202 202 202 0 8000 8000 8000 0 128 128 128 0 2 2
208000 210000 0 0 0 0 0 0 0 0 0 0 0 0 0 0 0 0 0 0 0 0 0 0 0 0
210000 212000 3 3 10 11218 0 0 18 787 0 0 272 261 266 5 8000 8000 8000 0 128 128 128 0 1 1
212000 214000 0 0 0 0 0 0 0 0 0 0 0 0 0 0 0 0 0 0 0 0 0 0 0 0
214000 216000 3 3 3 35 0 0 5 31 0 0 275 17 103 148 8000 8000 8000 0 128 128 128 0 1 1
216000 218000 2 2 2 70 0 0 6 62 0 0 261 259 260 1 8000 8000 8000 0 128 128 128 0 1 1
218000 220000 0 0 0 0 0 0 0 0 0 0 0 0 0 0 0 0 0 0 0 0 0 0 0 0
220000 222000 2 2 10 9792 0 0 12 775 0 0 277 151 214 89 8000 8000 8000 0 128 128 128 0 2 2
222000 224000 0 0 0 0 0 0 0 0 0 0 0 0 0 0 0 0 0 0 0 0 0 0 0 0
224000 226000 0 0 0 0 0 0 0 0 0 0 0 0 0 0 0 0 0 0 0 0 0 0 0 0
226000 228000 0 0 0 0 0 0 0 0 0 0 0 0 0 0 0 0 0 0 0 0 0 0 0 0
228000 230000 0 0 0 0 0 0 0 0 0 0 0 0 0 0 0 0 0 0 0 0 0 0 0 0
230000 232000 2 2 15 15210 0 0 21 5440 0 0 333 265 299 47 8000 8000 8000 0 128 128 128 0 1 1
232000 234000 1 1 1 0 0 0 1 0 0 0 18 18 18 0 0 0 0 0 0 0 0 0 0 0
234000 236000 2 2 2 0 0 0 4 0 0 0 18 18 18 0 8000 8000 8000 0 128 128 128 0 2 2
236000 238000 0 0 0 0 0 0 0 0 0 0 0 0 0 0 0 0 0 0 0 0 0 0 0 0
238000 240000 0 0 0 0 0 0 0 0 0 0 0 0 0 0 0 0 0 0 0 0 0 0 0 0
240000 242000 5 5 47 15642 0 0 72 56245 0 0 532 248 380 127 8000 8000 8000 0 128 128 128 0 1 1
242000 244000 2 1 55 5543 0 0 86 116376 0 0 585 468 527 82 0 0 0 0 0 0 0 0 0 0
244000 246000 3 3 3 2168 0 0 7 485 0 0 259 51 154 103 8000 8000 8000 0 128 128 128 0 1 1
246000 248000 6 6 27 13669 0 0 40 11282 0 0 547 203 328 117 0 0 0 0 0 0 0 0 0 0
248000 250000 2 2 6 2954 0 0 7 2345 0 0 208 117 163 64 8000 8000 8000 0 128 128 128 0 3 3
250000 252000 3 3 22 22914 0 0 32 3845 0 0 772 258 431 295 0 0 0 0 0 0 0 0 0 0
252000 254000 0 0 0 0 0 0 0 0 0 0 0 0 0 0 0 0 0 0 0 0 0 0 0 0
254000 256000 0 0 0 0 0 0 0 0 0 0 0 0 0 0 0 0 0 0 0 0 0 0 0 0
256000 258000 1 1 1 0 0 0 1 26 0 0 77 77 77 0 8000 8000 8000 0 128 128 128 0 1 1
258000 260000 1 1 1 0 0 0 1 50 0 0 147 147 147 0 8000 8000 8000 0 128 128 128 0 1 1
260000 262000 3 3 13 11227 0 0 19 877 0 0 281 22 189 144 8000 8000 8000 0 128 128 128 0 2 2
262000 264000 0 0 0 0 0 0 0 0 0 0 0 0 0 0 0 0 0 0 0 0 0 0 0 0
264000 266000 0 0 0 0 0 0 0 0 0 0 0 0 0 0 0 0 0 0 0 0 0 0 0 0
266000 268000 0 0 0 0 0 0 0 0 0 0 0 0 0 0 0 0 0 0 0 0 0 0 0 0
268000 270000 0 0 0 0 0 0 0 0 0 0 0 0 0 0 0 0 0 0 0 0 0 0 0 0
270000 272000 3 3 11 11587 0 0 19 833 0 0 440 255 371 101 8000 8000 8000 0 128 128 128 0 1 1
272000 274000 0 0 0 0 0 0 0 0 0 0 0 0 0 0 0 0 0 0 0 0 0 0 0 0
274000 276000 1 1 1 35 0 0 3 31 0 0 244 244 244 0 8000 8000 8000 0 128 128 128 0 1 1
276000 278000 2 2 2 70 0 0 6 62 0 0 257 252 254 3 8000 8000 8000 0 128 128 128 0 2 2
278000 280000 0 0 0 0 0 0 0 0 0 0 0 0 0 0 0 0 0 0 0 0 0 0 0 0
280000 282000 2 2 10 11553 0 0 16 802 0 0 535 494 515 29 8000 8000 8000 0 128 128 128 0 1 1
282000 284000 0 0 0 0 0 0 0 0 0 0 0 0 0 0 0 0 0 0 0 0 0 0 0 0
284000 286000 1 1 2 1834 0 0 3 220 0 0 153 153 153 0 8000 8000 8000 0 128 128 128 0 1 1
286000 288000 2 2 3 2383 0 0 5 286 0 0 199 28 114 120 0 0 0 0 0 0 0 0 0 0
288000 290000 1 1 1 0 0 0 1 0 0 0 26 26 26 0 0 0 0 0 0 0 0 0 0 0
290000 292000 2 2 8 8389 0 0 12 800 0 0 290 277 283 9 8000 8000 8000 0 128 128 128 0 2 2
292000 294000 1 1 1 0 0 0 1 0 0 0 16 16 16 0 8000 8000 8000 0 128 128 128 0 1 1
294000 296000 0 0 0 0 0 0 0 0 0 0 0 0 0 0 0 0 0 0 0 0 0 0 0 0
296000 298000 0 0 0 0 0 0 0 0 0 0 0 0 0 0 0 0 0 0 0 0 0 0 0 0
298000 300000 0 0 0 0 0 0 0 0 0 0 0 0 0 0 0 0 0 0 0 0 0 0 0 0
300000 302000 0 0 0 0 0 0 0 0 0 0 0 0 0 0 0 0 0 0 0 0 0 0 0 0
