ts te nbins ncons c_pkts_all c_bytes_all s_pkts_all s_bytes_all max_bin min_bin avg_bin std_bin max_vid min_vid avg_vid std_vid max_aud min_aud avg_aud std_aud num_vid num_aud num_mfs
0 10000 5 1 1167 76896 8456 10286302 999 0 782 438 4400 4400 4400 0 128 128 128 0 10 10 2.0
10000 20000 7 1 1066 63779 9716 11573937 989 0 725 381 8000 8000 8000 0 128 128 128 0 7 7 6.0
20000 30000 9 1 959 57275 8922 10568948 999 30 643 403 8000 8000 8000 0 128 128 128 0 5 5 5.0
30000 40000 5 1 959 57644 8854 10474777 900 352 491 230 8000 8000 8000 0 128 128 128 0 5 5 5.0
40000 50000 5 1 920 55694 8390 9937979 708 372 519 124 8000 8000 8000 0 128 128 128 0 5 5 5.0
50000 60000 5 1 903 53948 8442 10004609 992 350 651 308 8000 8000 8000 0 128 128 128 0 5 5 5.0
60000 70000 6 1 952 57038 8752 11178903 991 703 904 107 8000 8000 8000 0 128 128 128 0 6 6 5.0
70000 80000 7 1 828 50296 7811 10797629 998 296 746 257 8000 8000 8000 0 128 128 128 0 5 5 5.0
80000 90000 5 1 783 48674 7176 9983196 437 309 367 52 8000 8000 8000 0 128 128 128 0 5 5 5.0
90000 100000 5 1 781 48083 7222 10094472 532 349 468 70 8000 8000 8000 0 128 128 128 0 5 5 5.0
100000 110000 7 1 761 47392 7167 10030360 999 474 788 224 8000 8000 8000 0 128 128 128 0 5 5 5.0
110000 120000 8 1 889 54406 8196 11511561 999 405 768 233 8000 8000 8000 0 128 128 128 0 6 6 5.0
120000 130000 6 1 795 48956 7414 10353848 997 116 665 353 8000 8000 8000 0 128 128 128 0 5 5 5.0
130000 140000 5 1 742 47027 6811 9499139 446 324 383 43 8000 8000 8000 0 128 128 128 0 5 5 5.0
140000 150000 5 1 779 48183 7256 10188766 602 458 518 70 8000 8000 8000 0 128 128 128 0 5 5 5.0
150000 160000 7 1 800 49221 7386 10332494 998 483 881 178 8000 8000 8000 0 128 128 128 0 5 5 5.0
160000 170000 7 1 878 53197 8237 11467914 999 338 812 235 8000 8000 8000 0 128 128 128 0 6 6 5.0
170000 180000 6 1 795 48780 7613 10578567 879 171 577 308 8000 8000 8000 0 128 128 128 0 5 5 5.0
180000 190000 5 1 765 46912 7078 9831925 505 302 394 84 8000 8000 8000 0 128 128 128 0 5 5 5.0
190000 200000 5 1 788 48447 7300 10249317 961 482 602 203 8000 8000 8000 0 128 128 128 0 5 5 5.0
200000 210000 7 1 734 45744 6913 9684049 999 906 949 33 8000 8000 8000 0 128 128 128 0 5 5 5.0
210000 220000 8 1 902 54871 8349 11721268 998 259 840 259 8000 8000 8000 0 128 128 128 0 6 6 5.0
220000 230000 7 1 826 50139 7612 10583805 999 237 578 309 8000 8000 8000 0 128 128 128 0 5 5 5.0
230000 240000 5 1 785 48611 7154 9934693 540 383 465 58 8000 8000 8000 0 128 128 128 0 5 5 5.0
240000 250000 5 1 748 45988 7089 9934226 958 464 718 238 8000 8000 8000 0 128 128 128 0 5 5 5.0
250000 260000 7 1 869 53501 8048 11283320 997 586 910 145 8000 8000 8000 0 128 128 128 0 6 6 5.0
260000 270000 6 1 805 48938 7627 10679806 947 245 689 309 8000 8000 8000 0 128 128 128 0 5 5 5.0
270000 280000 5 1 802 49543 7235 10010015 977 362 530 252 8000 8000 8000 0 128 128 128 0 5 5 5.0
280000 290000 5 1 766 46896 7030 9885221 513 348 451 61 8000 8000 8000 0 128 128 128 0 5 5 5.0
290000 300000 5 1 768 47726 7222 10103810 961 464 762 270 8000 8000 8000 0 128 128 128 0 5 5 5.0
300000 310000 0 0 0 0 0 0 0 0 0 0 0 0 0 0 0 0 0 0 0 0 
