ts te nbins ncons c_pkts_all c_bytes_all s_pkts_all s_bytes_all max_bin min_bin avg_bin std_bin max_vid min_vid avg_vid std_vid max_aud min_aud avg_aud std_aud num_vid num_aud num_mfs
0 10000 3 1 936 60092 7686 9315363 864 568 749 159 4400 4400 4400 0 128 128 128 0 9 9 2.0
10000 20000 6 1 671 43135 5907 6998188 999 252 703 315 8000 4400 7400 1469 128 128 128 0 6 6 5.0
20000 30000 5 1 957 58261 9018 10715837 573 346 431 94 8000 8000 8000 0 128 128 128 0 7 7 5.0
30000 40000 6 1 944 59368 8807 10403133 571 117 376 154 8000 8000 8000 0 128 128 128 0 6 6 5.0
40000 50000 6 1 1042 61667 9851 11619037 885 358 760 205 8000 8000 8000 0 128 128 128 0 5 5 5.0
50000 60000 8 1 937 56252 8728 10237204 999 53 675 444 8000 8000 8000 0 128 128 128 0 5 5 5.0
60000 70000 7 1 893 54910 8257 9961761 997 96 589 319 8000 8000 8000 0 128 128 128 0 5 5 5.0
70000 80000 5 1 774 48474 7211 10017332 634 375 451 104 8000 8000 8000 0 128 128 128 0 5 5 5.0
80000 90000 6 1 790 48349 7439 10259389 860 122 505 295 8000 8000 8000 0 128 128 128 0 6 6 5.0
90000 100000 5 1 909 54836 8510 11789650 932 737 850 70 8000 8000 8000 0 128 128 128 0 5 5 5.0
100000 110000 8 1 762 46847 7141 9883573 999 50 860 329 8000 8000 8000 0 128 128 128 0 5 5 5.0
110000 120000 5 1 797 49759 7306 10156135 475 339 384 53 8000 8000 8000 0 128 128 128 0 5 5 5.0
120000 130000 5 1 767 47045 7183 9994862 450 272 345 66 8000 8000 8000 0 128 128 128 0 5 5 4.0
130000 140000 6 1 691 46195 6401 8890767 867 118 404 246 8000 8000 8000 0 128 128 128 0 8 8 5.0
140000 150000 7 1 777 48390 6924 9538439 999 72 583 376 8000 8000 8000 0 128 128 128 0 4 4 5.0
150000 160000 8 1 935 58045 8627 11952120 998 68 774 364 8000 8000 8000 0 128 128 128 0 6 6 5.0
160000 170000 6 1 818 49465 7498 10389585 664 317 507 142 8000 8000 8000 0 128 128 128 0 5 5 5.0
170000 180000 5 1 784 47888 7326 10173123 459 356 412 40 8000 8000 8000 0 128 128 128 0 5 5 5.0
180000 190000 6 1 827 51204 7485 10404955 857 123 540 288 8000 8000 8000 0 128 128 128 0 6 6 5.0
190000 200000 7 1 761 46130 7055 9724240 999 27 705 350 8000 8000 8000 0 128 128 128 0 4 4 5.0
200000 210000 6 1 933 56452 8627 11991615 994 423 772 268 8000 8000 8000 0 128 128 128 0 6 6 5.0
210000 220000 5 1 750 46244 7137 9911371 506 284 359 90 8000 8000 8000 0 128 128 128 0 5 5 5.0
220000 230000 5 1 759 46634 7129 9879828 847 357 461 216 8000 8000 8000 0 128 128 128 0 5 5 5.0
230000 240000 6 1 798 48941 7516 10419495 873 119 649 338 8000 8000 8000 0 128 128 128 0 6 6 5.0
240000 250000 7 1 842 51836 7868 10856543 998 331 739 290 8000 8000 8000 0 128 128 128 0 5 5 5.0
250000 260000 7 1 852 52559 7770 10679119 998 306 610 290 8000 8000 8000 0 128 128 128 0 5 5 5.0
260000 270000 5 1 782 48745 7079 9836657 422 311 361 43 8000 8000 8000 0 128 128 128 0 5 5 5.0
270000 280000 6 1 794 48550 7568 10401828 873 120 415 246 8000 8000 8000 0 128 128 128 0 6 6 5.0
280000 290000 6 1 871 53204 8260 11436948 869 347 755 206 8000 8000 8000 0 128 128 128 0 5 5 5.0
290000 300000 6 1 828 51973 7547 10437286 997 72 662 395 8000 8000 8000 0 128 128 128 0 5 5 5.0
300000 310000 0 0 0 0 0 0 0 0 0 0 0 0 0 0 0 0 0 0 0 0 
