ts te nbins ncons c_tcp_packs c_tcp_bytes c_udp_packs c_udp_bytes s_tcp_packs s_tcp_bytes s_udp_packs s_udp_bytes max_bins_span min_bins_span avg_bins_span std_bins_span max_video_rate min_video_rate avg_video_rate std_video_rate max_audio_rate min_audio_rate avg_audio_rate std_audio_rate video_requests audio_requests
0 1000 0 0 0 0 0 0 0 0 0 0 0 0 0 0 0 0 0 0 0 0 0 0 0 0
1000 2000 0 0 0 0 0 0 0 0 0 0 0 0 0 0 0 0 0 0 0 0 0 0 0 0
2000 3000 0 0 0 0 0 0 0 0 0 0 0 0 0 0 0 0 0 0 0 0 0 0 0 0
3000 4000 0 0 0 0 0 0 0 0 0 0 0 0 0 0 0 0 0 0 0 0 0 0 0 0
4000 5000 0 0 0 0 0 0 0 0 0 0 0 0 0 0 0 0 0 0 0 0 0 0 0 0
5000 6000 0 0 0 0 0 0 0 0 0 0 0 0 0 0 0 0 0 0 0 0 0 0 0 0
6000 7000 1 1 0 0 57 4613 0 0 160 188792 355 355 355 0 2300 2300 2300 0 128 128 128 0 2 2
7000 8000 2 1 0 0 147 10217 0 0 416 495834 641 352 497 204 0 0 0 0 0 0 0 0 0 0
8000 9000 2 1 0 0 118 5160 0 0 331 403759 647 345 496 213 1500 1500 1500 0 128 128 128 0 2 1
9000 10000 2 1 0 0 104 4591 0 0 268 330012 654 344 499 219 1500 1500 1500 0 128 128 128 0 1 1
10000 11000 2 1 0 0 95 3788 0 0 242 300591 654 338 496 223 1500 1500 1500 0 128 128 128 0 1 1
11000 12000 2 1 0 0 96 3815 0 0 244 301282 658 334 496 229 1500 1500 1500 0 128 128 128 0 1 1
12000 13000 2 1 0 0 102 4638 0 0 246 301270 663 332 497 234 1500 1500 1500 0 0 0 0 0 1 0
13000 14000 2 1 0 0 110 4498 0 0 246 301677 665 329 497 237 840 840 840 0 128 128 128 0 2 1
14000 15000 2 1 0 0 109 4750 0 0 253 314237 665 328 497 238 840 840 840 0 128 128 128 0 1 1
15000 16000 2 1 0 0 94 4304 0 0 223 276787 661 325 493 237 840 840 840 0 128 128 128 0 1 1
16000 17000 2 1 0 0 90 3985 0 0 206 253381 672 324 498 246 480 480 480 0 128 128 128 0 2 1
17000 18000 2 1 0 0 98 4783 0 0 245 294625 675 323 499 248 480 480 480 0 128 128 128 0 1 1
18000 19000 2 1 0 0 114 5704 0 0 301 354003 673 318 496 251 480 480 480 0 128 128 128 0 2 3
19000 20000 1 1 0 0 68 3195 0 0 144 168343 646 646 646 0 0 0 0 0 0 0 0 0 0 0
20000 21000 1 1 0 0 19 922 0 0 42 50190 219 219 219 0 1500 1500 1500 0 128 128 128 0 1 1
21000 22000 2 1 0 0 92 4268 0 0 192 231166 780 212 496 401 0 0 0 0 0 0 0 0 0 0
22000 23000 2 1 0 0 94 4141 0 0 182 222247 781 190 486 417 0 0 0 0 0 0 0 0 0 0
23000 24000 2 1 0 0 61 2803 0 0 145 173718 803 186 495 436 1500 1500 1500 0 128 128 128 0 1 1
24000 25000 2 1 0 0 92 3439 0 0 222 274951 805 182 493 440 0 0 0 0 0 0 0 0 0 0
25000 26000 2 1 0 0 93 3898 0 0 228 275198 817 174 496 454 1500 1500 1500 0 128 128 128 0 1 1
26000 27000 2 1 0 0 60 2443 0 0 126 153046 811 142 477 472 1500 1500 1500 0 128 128 128 0 1 1
27000 28000 2 1 0 0 103 4897 0 0 204 250654 849 137 493 503 0 0 0 0 0 0 0 0 0 0
28000 29000 2 1 0 0 85 3243 0 0 194 238117 832 135 484 492 840 840 840 0 128 128 128 0 1 1
29000 30000 1 1 0 0 74 3264 0 0 192 228517 691 691 691 0 0 0 0 0 0 0 0 0 0 0
30000 31000 0 0 0 0 0 0 0 0 0 0 0 0 0 0 0 0 0 0 0 0 0 0 0 0
31000 32000 1 1 0 0 56 2601 0 0 217 254758 656 656 656 0 840 840 840 0 128 128 128 0 1 1
32000 33000 1 1 0 0 25 1153 0 0 92 111050 219 219 219 0 840 840 840 0 0 0 0 0 1 0
33000 34000 1 1 0 0 32 1501 0 0 121 144491 285 285 285 0 0 0 0 0 128 128 128 0 0 1
34000 35000 1 1 0 0 3 140 0 0 6 2308 58 58 58 0 0 0 0 0 0 0 0 0 0 0
35000 36000 0 0 0 0 0 0 0 0 0 0 0 0 0 0 0 0 0 0 0 0 0 0 0 0
36000 37000 1 1 0 0 29 1362 0 0 103 122932 218 218 218 0 840 840 840 0 0 0 0 0 1 0
37000 38000 1 1 0 0 84 3880 0 0 296 350060 623 623 623 0 840 840 840 0 128 128 128 0 1 2
38000 39000 1 1 0 0 21 970 0 0 72 86217 218 218 218 0 840 840 840 0 0 0 0 0 1 0
39000 40000 1 1 0 0 38 1743 0 0 131 154789 392 392 392 0 0 0 0 0 128 128 128 0 0 1
40000 41000 1 1 0 0 20 987 0 0 71 83189 219 219 219 0 840 840 840 0 0 0 0 0 1 0
41000 42000 1 1 0 0 37 1754 0 0 126 147891 389 389 389 0 0 0 0 0 128 128 128 0 0 1
42000 43000 1 1 0 0 25 1102 0 0 86 100737 218 218 218 0 840 840 840 0 0 0 0 0 1 0
43000 44000 1 1 0 0 47 2067 0 0 161 188971 409 409 409 0 0 0 0 0 128 128 128 0 0 1
44000 45000 1 1 0 0 22 1034 0 0 78 92131 219 219 219 0 840 840 840 0 0 0 0 0 1 0
45000 46000 1 1 0 0 33 1560 0 0 118 138950 330 330 330 0 0 0 0 0 128 128 128 0 0 1
46000 47000 1 1 0 0 19 857 0 0 65 75764 218 218 218 0 840 840 840 0 0 0 0 0 1 0
47000 48000 1 1 0 0 42 1935 0 0 147 171085 494 494 494 0 0 0 0 0 128 128 128 0 0 1
48000 49000 1 1 0 0 18 810 0 0 58 68193 218 218 218 0 840 840 840 0 0 0 0 0 1 0
49000 50000 1 1 0 0 45 2066 0 0 149 173838 556 556 556 0 0 0 0 0 128 128 128 0 0 1
50000 51000 1 1 0 0 23 1130 0 0 82 93210 218 218 218 0 840 840 840 0 0 0 0 0 1 0
51000 52000 1 1 0 0 27 1306 0 0 94 107766 252 252 252 0 0 0 0 0 128 128 128 0 0 1
52000 53000 1 1 0 0 24 1125 0 0 84 99406 219 219 219 0 840 840 840 0 0 0 0 0 1 0
53000 54000 1 1 0 0 34 1570 0 0 118 138774 305 305 305 0 0 0 0 0 128 128 128 0 0 1
54000 55000 1 1 0 0 24 1157 0 0 75 89644 219 219 219 0 840 840 840 0 0 0 0 0 1 0
55000 56000 1 1 0 0 35 1696 0 0 111 131470 322 322 322 0 0 0 0 0 128 128 128 0 0 1
56000 57000 1 1 0 0 29 1396 0 0 106 127087 218 218 218 0 840 840 840 0 0 0 0 0 1 0
57000 58000 1 1 0 0 79 3740 0 0 286 340365 584 584 584 0 840 840 840 0 128 128 128 0 1 2
58000 59000 1 1 0 0 3 141 0 0 6 2327 72 72 72 0 0 0 0 0 0 0 0 0 0 0
59000 60000 0 0 0 0 0 0 0 0 0 0 0 0 0 0 0 0 0 0 0 0 0 0 0 0
60000 61000 1 1 0 0 34 1586 0 0 118 142945 218 218 218 0 1500 1500 1500 0 128 128 128 0 1 1
61000 62000 2 1 0 0 131 5936 0 0 443 535288 780 215 497 399 1500 1500 1500 0 128 128 128 0 1 1
62000 63000 2 1 0 0 57 2257 0 0 162 197640 779 189 484 417 1500 1500 1500 0 0 0 0 0 1 0
63000 64000 1 1 0 0 94 3997 0 0 283 339287 589 589 589 0 0 0 0 0 128 128 128 0 0 1
64000 65000 1 1 0 0 30 1200 0 0 106 129856 219 219 219 0 2300 2300 2300 0 0 0 0 0 1 0
65000 66000 2 1 0 0 107 4296 0 0 376 458311 774 218 496 392 0 0 0 0 128 128 128 0 0 1
66000 67000 2 1 0 0 30 1198 0 0 91 111031 780 191 486 416 2300 2300 2300 0 0 0 0 0 1 0
67000 68000 1 1 0 0 106 4126 0 0 379 463242 799 799 799 0 0 0 0 0 128 128 128 0 0 1
68000 69000 1 1 0 0 26 1040 0 0 93 114395 219 219 219 0 2300 2300 2300 0 0 0 0 0 1 0
69000 70000 2 1 0 0 99 3916 0 0 348 427120 777 215 496 397 0 0 0 0 128 128 128 0 0 1
70000 71000 2 1 0 0 50 1862 0 0 156 189687 780 198 489 411 2300 2300 2300 0 0 0 0 0 1 0
71000 72000 1 1 0 0 107 4151 0 0 371 448094 781 781 781 0 0 0 0 0 128 128 128 0 0 1
72000 73000 1 1 0 0 26 1046 0 0 87 106801 219 219 219 0 2300 2300 2300 0 0 0 0 0 1 0
73000 74000 2 1 0 0 99 3893 0 0 325 397939 780 213 497 401 0 0 0 0 128 128 128 0 0 1
74000 75000 2 1 0 0 47 1747 0 0 157 192860 780 199 489 411 2300 2300 2300 0 0 0 0 0 1 0
75000 76000 1 1 0 0 108 4159 0 0 382 467966 719 719 719 0 0 0 0 0 128 128 128 0 0 1
76000 77000 1 1 0 0 30 1199 0 0 105 127300 219 219 219 0 2300 2300 2300 0 0 0 0 0 1 0
77000 78000 1 1 0 0 93 3665 0 0 321 389171 670 670 670 0 0 0 0 0 128 128 128 0 0 1
78000 79000 1 1 0 0 27 1077 0 0 100 122251 219 219 219 0 2300 2300 2300 0 0 0 0 0 1 0
79000 80000 2 1 0 0 103 4018 0 0 372 452901 777 217 497 396 0 0 0 0 128 128 128 0 0 1
80000 81000 2 1 0 0 46 1707 0 0 151 186067 781 197 489 412 2300 2300 2300 0 0 0 0 0 1 0
81000 82000 2 1 0 0 107 4188 0 0 393 481417 799 194 496 427 0 0 0 0 128 128 128 0 0 1
82000 83000 2 1 0 0 40 1505 0 0 115 139311 804 192 498 432 2300 2300 2300 0 0 0 0 0 1 0
83000 84000 2 1 0 0 116 4460 0 0 399 486891 804 190 497 434 0 0 0 0 128 128 128 0 0 1
84000 85000 2 1 0 0 41 1621 0 0 103 125123 807 189 498 436 2300 2300 2300 0 0 0 0 0 1 0
85000 86000 1 1 0 0 120 4885 0 0 361 444328 728 728 728 0 0 0 0 0 128 128 128 0 0 1
86000 87000 1 1 0 0 34 1411 0 0 106 131178 219 219 219 0 2300 2300 2300 0 0 0 0 0 1 0
87000 88000 2 1 0 0 125 5172 0 0 385 472532 780 218 499 397 0 0 0 0 128 128 128 0 0 1
88000 89000 2 1 0 0 36 1432 0 0 99 118922 780 188 484 419 2300 2300 2300 0 0 0 0 0 1 0
89000 90000 2 1 0 0 104 4074 0 0 362 443730 810 187 499 440 0 0 0 0 128 128 128 0 0 1
90000 91000 2 1 0 0 43 1615 0 0 130 158332 808 186 497 440 2300 2300 2300 0 0 0 0 0 1 0
91000 92000 2 1 0 0 113 4381 0 0 390 473062 811 182 496 445 0 0 0 0 128 128 128 0 0 1
92000 93000 2 1 0 0 29 1140 0 0 84 101242 810 171 491 451 2300 2300 2300 0 0 0 0 0 1 0
93000 94000 2 1 0 0 114 4525 0 0 399 486748 825 168 497 464 0 0 0 0 128 128 128 0 0 1
94000 95000 2 1 0 0 33 1389 0 0 83 99388 828 167 497 467 2300 2300 2300 0 0 0 0 0 1 0
95000 96000 2 1 0 0 118 5173 0 0 399 491377 830 164 497 471 0 0 0 0 128 128 128 0 0 1
96000 97000 2 1 0 0 38 1732 0 0 113 135618 829 150 489 480 2300 2300 2300 0 0 0 0 0 1 0
97000 98000 1 1 0 0 123 4649 0 0 417 516386 771 771 771 0 0 0 0 0 128 128 128 0 0 1
98000 99000 1 1 0 0 28 1213 0 0 95 115998 219 219 219 0 2300 2300 2300 0 0 0 0 0 1 0
99000 100000 2 1 0 0 106 4476 0 0 351 426131 779 213 496 400 0 0 0 0 128 128 128 0 0 1
100000 101000 2 1 0 0 41 1703 0 0 132 160817 781 198 489 412 2300 2300 2300 0 0 0 0 0 1 0
101000 102000 2 1 0 0 135 5691 0 0 466 571787 801 198 499 426 2300 2300 2300 0 128 128 128 0 1 2
102000 103000 2 1 0 0 134 5083 0 0 422 520995 780 42 411 521 0 0 0 0 0 0 0 0 0 0
103000 104000 0 0 0 0 0 0 0 0 0 0 0 0 0 0 0 0 0 0 0 0 0 0 0 0
104000 105000 1 1 0 0 30 1232 0 0 108 132942 219 219 219 0 2300 2300 2300 0 0 0 0 0 1 0
105000 106000 2 1 0 0 110 4480 0 0 388 473814 779 215 497 398 0 0 0 0 128 128 128 0 0 1
106000 107000 2 1 0 0 38 1667 0 0 106 129136 781 190 486 418 2300 2300 2300 0 0 0 0 0 1 0
107000 108000 2 1 0 0 148 6398 0 0 506 623927 809 186 498 440 2300 2300 2300 0 128 128 128 0 1 2
108000 109000 2 1 0 0 140 5125 0 0 450 557444 784 183 484 424 2300 2300 2300 0 0 0 0 0 1 0
109000 110000 1 1 0 0 115 4646 0 0 375 457069 765 765 765 0 0 0 0 0 128 128 128 0 0 1
110000 111000 1 1 0 0 31 1267 0 0 110 134977 219 219 219 0 2300 2300 2300 0 0 0 0 0 1 0
111000 112000 2 1 0 0 119 4791 0 0 393 477928 775 46 410 515 0 0 0 0 128 128 128 0 0 1
112000 113000 1 1 0 0 28 1158 0 0 98 119525 219 219 219 0 2300 2300 2300 0 0 0 0 0 1 0
113000 114000 2 1 0 0 105 4296 0 0 361 439504 779 215 497 399 0 0 0 0 128 128 128 0 0 1
114000 115000 2 1 0 0 45 1756 0 0 134 164945 780 190 485 417 2300 2300 2300 0 0 0 0 0 1 0
115000 116000 1 1 0 0 118 4764 0 0 394 480657 805 805 805 0 0 0 0 0 128 128 128 0 0 1
116000 117000 1 1 0 0 29 1208 0 0 99 120978 218 218 218 0 2300 2300 2300 0 0 0 0 0 1 0
117000 118000 1 1 0 0 103 4206 0 0 345 421095 761 761 761 0 0 0 0 0 128 128 128 0 0 1
118000 119000 1 1 0 0 30 1243 0 0 106 129030 218 218 218 0 2300 2300 2300 0 0 0 0 0 1 0
119000 120000 2 1 0 0 112 4555 0 0 383 465974 780 217 499 398 0 0 0 0 128 128 128 0 0 1
120000 121000 2 1 0 0 37 1494 0 0 110 133733 780 197 489 411 2300 2300 2300 0 0 0 0 0 1 0
121000 122000 2 1 0 0 124 4999 0 0 412 502497 800 196 498 427 0 0 0 0 128 128 128 0 0 1
122000 123000 1 1 0 0 0 14 0 0 0 850 4 4 4 0 0 0 0 0 0 0 0 0 0 0
123000 124000 1 1 0 0 93 4073 0 0 330 404398 726 726 726 0 2300 2300 2300 0 128 128 128 0 1 1
124000 125000 2 1 0 0 155 6099 0 0 515 639102 721 272 496 317 2300 2300 2300 0 128 128 128 0 1 1
125000 126000 1 1 0 0 42 1596 0 0 136 170151 251 251 251 0 0 0 0 0 0 0 0 0 0 0
126000 127000 1 1 0 0 29 1218 0 0 101 124652 219 219 219 0 2300 2300 2300 0 0 0 0 0 1 0
127000 128000 2 1 0 0 108 4424 0 0 363 444395 780 214 497 400 0 0 0 0 128 128 128 0 0 1
128000 129000 2 1 0 0 37 1547 0 0 101 124122 781 193 487 415 2300 2300 2300 0 0 0 0 0 1 0
129000 130000 2 1 0 0 128 5296 0 0 418 512395 805 192 499 433 0 0 0 0 128 128 128 0 0 1
130000 131000 2 1 0 0 47 2010 0 0 119 143189 781 191 486 416 2300 2300 2300 0 0 0 0 0 1 0
131000 132000 2 1 0 0 140 6159 0 0 440 533010 793 166 480 443 0 0 0 0 128 128 128 0 0 1
132000 133000 2 1 0 0 20 856 0 0 59 72067 824 116 470 500 2300 2300 2300 0 0 0 0 0 1 0
133000 134000 1 1 0 0 117 4840 0 0 379 464180 761 761 761 0 0 0 0 0 128 128 128 0 0 1
134000 135000 1 1 0 0 26 1083 0 0 91 110357 217 217 217 0 2300 2300 2300 0 0 0 0 0 1 0
135000 136000 2 1 0 0 99 4092 0 0 340 411867 780 214 497 399 0 0 0 0 128 128 128 0 0 1
136000 137000 2 1 0 0 46 1815 0 0 138 169001 783 195 489 415 2300 2300 2300 0 0 0 0 0 1 0
137000 138000 2 1 0 0 109 4430 0 0 372 454586 803 195 499 429 0 0 0 0 128 128 128 0 0 1
138000 139000 2 1 0 0 45 1782 0 0 133 161433 802 192 497 431 2300 2300 2300 0 0 0 0 0 1 0
139000 140000 1 1 0 0 103 4227 0 0 342 418701 739 739 739 0 0 0 0 0 128 128 128 0 0 1
140000 141000 1 1 0 0 25 1058 0 0 88 108080 217 217 217 0 2300 2300 2300 0 0 0 0 0 1 0
141000 142000 2 1 0 0 99 4108 0 0 333 406602 776 217 497 395 0 0 0 0 128 128 128 0 0 1
142000 143000 2 1 0 0 64 2439 0 0 165 203378 781 194 488 415 2300 2300 2300 0 0 0 0 0 1 0
143000 144000 1 1 0 0 120 4815 0 0 400 492690 761 761 761 0 0 0 0 0 128 128 128 0 0 1
144000 145000 1 1 0 0 28 1177 0 0 98 118334 218 218 218 0 2300 2300 2300 0 0 0 0 0 1 0
145000 146000 1 1 0 0 103 4204 0 0 349 422398 780 780 780 0 0 0 0 0 128 128 128 0 0 1
146000 147000 1 1 0 0 27 1142 0 0 94 115703 219 219 219 0 2300 2300 2300 0 0 0 0 0 1 0
147000 148000 2 1 0 0 102 4205 0 0 344 419430 780 216 498 398 0 0 0 0 128 128 128 0 0 1
148000 149000 2 1 0 0 38 1525 0 0 109 132847 782 189 486 419 2300 2300 2300 0 0 0 0 0 1 0
149000 150000 2 1 0 0 112 4566 0 0 383 466857 806 188 497 436 0 0 0 0 128 128 128 0 0 1
150000 151000 2 1 0 0 48 2023 0 0 132 156179 809 184 497 441 2300 2300 2300 0 0 0 0 0 1 0
151000 152000 1 1 0 0 100 4571 0 0 312 376209 711 711 711 0 0 0 0 0 128 128 128 0 0 1
152000 153000 1 1 0 0 34 1375 0 0 116 144412 217 217 217 0 2300 2300 2300 0 0 0 0 0 1 0
153000 154000 2 1 0 0 124 5023 0 0 421 521021 781 211 496 403 0 0 0 0 128 128 128 0 0 1
154000 155000 2 1 0 0 38 1542 0 0 108 131571 781 189 485 418 2300 2300 2300 0 0 0 0 0 1 0
155000 156000 1 1 0 0 117 4747 0 0 385 472407 744 744 744 0 0 0 0 0 128 128 128 0 0 1
156000 157000 1 1 0 0 34 1530 0 0 107 129938 218 218 218 0 2300 2300 2300 0 0 0 0 0 1 0
157000 158000 2 1 0 0 160 7010 0 0 486 592535 780 212 496 401 2300 2300 2300 0 128 128 128 0 1 2
158000 159000 2 1 0 0 162 6587 0 0 459 566379 781 175 478 428 2300 2300 2300 0 0 0 0 0 1 0
159000 160000 2 1 0 0 112 4572 0 0 382 465589 821 174 498 457 0 0 0 0 128 128 128 0 0 1
160000 161000 2 1 0 0 42 1693 0 0 111 134375 824 169 496 463 2300 2300 2300 0 0 0 0 0 1 0
161000 162000 1 1 0 0 113 4679 0 0 372 448938 752 752 752 0 0 0 0 0 128 128 128 0 0 1
162000 163000 1 1 0 0 28 1184 0 0 96 117921 217 217 217 0 2300 2300 2300 0 0 0 0 0 1 0
163000 164000 2 1 0 0 107 4434 0 0 359 438861 776 217 496 395 0 0 0 0 128 128 128 0 0 1
164000 165000 2 1 0 0 43 1798 0 0 134 164275 781 196 489 413 2300 2300 2300 0 0 0 0 0 1 0
165000 166000 2 1 0 0 98 4393 0 0 337 413446 800 194 497 428 0 0 0 0 128 128 128 0 0 1
166000 167000 2 1 0 0 46 1811 0 0 138 168730 782 180 481 425 2300 2300 2300 0 0 0 0 0 1 0
167000 168000 2 1 0 0 102 4217 0 0 352 424513 818 176 497 454 0 0 0 0 128 128 128 0 0 1
168000 169000 2 1 0 0 38 1524 0 0 109 130358 817 175 496 454 2300 2300 2300 0 0 0 0 0 1 0
169000 170000 2 1 0 0 112 4634 0 0 377 461829 822 175 498 457 0 0 0 0 128 128 128 0 0 1
170000 171000 2 1 0 0 43 1978 0 0 120 143607 822 157 490 470 2300 2300 2300 0 0 0 0 0 1 0
171000 172000 2 1 0 0 131 5248 0 0 427 523708 840 153 497 485 0 0 0 0 128 128 128 0 0 1
172000 173000 2 1 0 0 30 1480 0 0 80 92999 836 149 493 485 2300 2300 2300 0 0 0 0 0 1 0
173000 174000 2 1 0 0 95 3719 0 0 339 414598 849 146 497 497 0 0 0 0 128 128 128 0 0 1
174000 175000 2 1 0 0 59 2494 0 0 169 206065 851 144 498 499 2300 2300 2300 0 0 0 0 0 1 0
175000 176000 1 1 0 0 120 4599 0 0 401 494282 716 716 716 0 0 0 0 0 128 128 128 0 0 1
176000 177000 1 1 0 0 30 1265 0 0 105 129259 218 218 218 0 2300 2300 2300 0 0 0 0 0 1 0
177000 178000 2 1 0 0 111 4562 0 0 376 459239 778 216 497 397 0 0 0 0 128 128 128 0 0 1
178000 179000 2 1 0 0 30 1235 0 0 83 100209 781 196 488 413 2300 2300 2300 0 0 0 0 0 1 0
179000 180000 2 1 0 0 103 4248 0 0 349 424309 801 192 497 430 0 0 0 0 128 128 128 0 0 1
180000 181000 2 1 0 0 54 2175 0 0 150 183003 802 192 497 430 2300 2300 2300 0 0 0 0 0 1 0
181000 182000 2 1 0 0 136 5679 0 0 414 502425 807 187 497 438 0 0 0 0 128 128 128 0 0 1
182000 183000 2 1 0 0 30 1255 0 0 98 118011 809 184 497 441 2300 2300 2300 0 0 0 0 0 1 0
183000 184000 2 1 0 0 122 4968 0 0 413 507535 814 179 496 448 0 0 0 0 128 128 128 0 0 1
184000 185000 2 1 0 0 35 1447 0 0 93 110186 818 175 497 454 2300 2300 2300 0 0 0 0 0 1 0
185000 186000 2 1 0 0 128 5288 0 0 410 500695 818 175 497 455 0 0 0 0 128 128 128 0 0 1
186000 187000 2 1 0 0 32 1507 0 0 94 113019 823 170 497 461 2300 2300 2300 0 0 0 0 0 1 0
187000 188000 2 1 0 0 146 6757 0 0 442 543903 826 168 497 464 0 0 0 0 128 128 128 0 0 1
188000 189000 2 1 0 0 38 1849 0 0 106 125141 824 150 487 476 2300 2300 2300 0 0 0 0 0 1 0
189000 190000 2 1 0 0 140 5952 0 0 507 620375 848 147 498 495 2300 2300 2300 0 128 128 128 0 1 2
190000 191000 2 1 0 0 126 4966 0 0 389 477689 848 143 496 498 2300 2300 2300 0 0 0 0 0 1 0
191000 192000 1 1 0 0 140 5665 0 0 406 494719 791 791 791 0 0 0 0 0 128 128 128 0 0 1
192000 193000 1 1 0 0 30 1240 0 0 105 128808 219 219 219 0 2300 2300 2300 0 128 128 128 0 1 1
193000 194000 2 1 0 0 111 4533 0 0 381 465544 776 216 496 396 0 0 0 0 0 0 0 0 0 0
194000 195000 2 1 0 0 39 1587 0 0 115 141394 781 148 464 447 4400 4400 4400 0 128 128 128 0 2 1
195000 196000 2 1 0 0 155 6409 0 0 522 638445 849 146 497 497 0 0 0 0 0 0 0 0 0 0
196000 197000 1 1 0 0 51 1876 0 0 145 175674 841 841 841 0 0 0 0 0 0 0 0 0 0 0
197000 198000 0 0 0 0 0 0 0 0 0 0 0 0 0 0 0 0 0 0 0 0 0 0 0 0
198000 199000 1 1 0 0 34 1376 0 0 114 141598 218 218 218 0 4400 4400 4400 0 128 128 128 0 1 1
199000 200000 2 1 0 0 154 6056 0 0 514 634440 780 214 497 400 0 0 0 0 0 0 0 0 0 0
200000 201000 2 1 0 0 140 5205 0 0 463 574183 779 189 484 417 3000 3000 3000 0 0 0 0 0 2 0
201000 202000 2 1 0 0 135 5808 0 0 481 583040 810 188 499 440 0 0 0 0 128 128 128 0 0 1
202000 203000 2 1 0 0 161 6481 0 0 532 648854 810 185 498 441 3000 3000 3000 0 128 128 128 0 1 1
203000 204000 2 1 0 0 147 5770 0 0 478 586774 812 182 497 445 3000 3000 3000 0 128 128 128 0 1 1
204000 205000 2 1 0 0 118 4362 0 0 377 466415 816 178 497 451 3000 3000 3000 0 0 0 0 0 1 0
205000 206000 2 1 0 0 123 4936 0 0 427 522166 816 177 497 452 0 0 0 0 128 128 128 0 0 1
206000 207000 2 1 0 0 75 2855 0 0 234 285508 821 169 495 460 3000 3000 3000 0 0 0 0 0 1 0
207000 208000 2 1 0 0 143 5884 0 0 463 569576 830 168 499 467 0 0 0 0 128 128 128 0 0 1
208000 209000 2 1 0 0 56 2222 0 0 144 173501 827 168 498 465 3000 3000 3000 0 0 0 0 0 1 0
209000 210000 2 1 0 0 145 5805 0 0 478 591079 831 162 496 472 0 0 0 0 128 128 128 0 0 1
210000 211000 2 1 0 0 47 2100 0 0 129 152488 836 159 497 478 3000 3000 3000 0 0 0 0 0 1 0
211000 212000 2 1 0 0 144 5643 0 0 458 561278 838 148 493 488 0 0 0 0 128 128 128 0 0 1
212000 213000 2 1 0 0 68 2836 0 0 201 245130 835 143 489 489 3000 3000 3000 0 0 0 0 0 1 0
213000 214000 2 1 0 0 143 5445 0 0 504 624267 854 140 497 505 0 0 0 0 128 128 128 0 0 1
214000 215000 2 1 0 0 48 2111 0 0 140 165402 855 138 497 507 3000 3000 3000 0 0 0 0 0 1 0
215000 216000 2 1 0 0 144 5474 0 0 502 623289 860 134 497 513 0 0 0 0 128 128 128 0 0 1
216000 217000 2 1 0 0 20 1056 0 0 41 43855 858 57 458 566 3000 3000 3000 0 0 0 0 0 1 0
217000 218000 2 1 0 0 158 5962 0 0 559 684595 940 53 497 627 0 0 0 0 128 128 128 0 0 1
218000 219000 2 1 0 0 31 1489 0 0 90 98378 944 48 496 633 3000 3000 3000 0 0 0 0 0 1 0
219000 220000 2 1 0 0 167 6259 0 0 562 700055 949 45 497 639 0 0 0 0 128 128 128 0 0 1
220000 221000 2 1 0 0 18 1030 0 0 34 31971 951 37 494 646 3000 3000 3000 0 0 0 0 0 1 0
221000 222000 2 1 0 0 176 6709 0 0 585 725466 962 32 497 657 0 0 0 0 128 128 128 0 0 1
222000 223000 2 1 0 0 25 1261 0 0 77 88870 967 27 497 665 3000 3000 3000 0 0 0 0 0 1 0
223000 224000 2 1 0 0 169 6457 0 0 574 712934 971 26 498 668 0 0 0 0 128 128 128 0 0 1
224000 225000 1 1 0 0 16 960 0 0 14 8500 859 859 859 0 3000 3000 3000 0 0 0 0 0 1 0
225000 226000 1 1 0 0 162 6094 0 0 563 695482 983 983 983 0 0 0 0 0 128 128 128 0 0 1
226000 227000 2 1 0 0 16 1316 0 0 20 15391 981 13 497 684 3000 3000 3000 0 0 0 0 0 1 0
227000 228000 2 1 0 0 158 5929 0 0 568 702729 977 15 496 680 3000 3000 3000 0 128 128 128 0 1 1
228000 229000 2 1 0 0 164 6173 0 0 583 724830 975 19 497 675 0 0 0 0 128 128 128 0 0 1
229000 230000 2 1 0 0 152 6185 0 0 491 605074 972 22 497 672 3000 3000 3000 0 128 128 128 0 1 1
230000 231000 2 1 0 0 107 4665 0 0 293 347862 966 27 496 664 1500 1500 1500 0 128 128 128 0 1 1
231000 232000 2 1 0 0 86 3134 0 0 292 360877 490 32 261 324 0 0 0 0 0 0 0 0 0 0
232000 233000 1 1 0 0 26 1107 0 0 85 104196 217 217 217 0 4400 4400 4400 0 128 128 128 0 1 1
233000 234000 2 1 0 0 112 4561 0 0 362 444058 751 140 445 432 0 0 0 0 0 0 0 0 0 0
234000 235000 2 1 0 0 146 5335 0 0 490 606228 854 138 496 506 4400 4400 4400 0 128 128 128 0 1 1
235000 236000 2 1 0 0 146 5757 0 0 512 634768 856 135 496 509 0 0 0 0 0 0 0 0 0 0
236000 237000 1 1 0 0 95 3398 0 0 322 397664 844 844 844 0 0 0 0 0 0 0 0 0 0 0
237000 238000 0 0 0 0 0 0 0 0 0 0 0 0 0 0 0 0 0 0 0 0 0 0 0 0
238000 239000 1 1 0 0 35 1505 0 0 114 140799 216 216 216 0 4400 4400 4400 0 128 128 128 0 1 1
239000 240000 2 1 0 0 149 6183 0 0 480 590952 720 206 463 363 0 0 0 0 128 128 128 0 0 1
240000 241000 2 1 0 0 150 5814 0 0 490 604571 793 206 499 415 3000 3000 3000 0 0 0 0 0 1 0
241000 242000 2 1 0 0 156 6134 0 0 511 632313 789 205 497 412 3000 3000 3000 0 128 128 128 0 1 1
242000 243000 2 1 0 0 153 5655 0 0 468 577196 792 202 497 416 0 0 0 0 0 0 0 0 0 0
243000 244000 1 1 0 0 29 1075 0 0 87 106793 178 178 178 0 0 0 0 0 0 0 0 0 0 0
244000 245000 1 1 0 0 19 842 0 0 65 79626 218 218 218 0 2300 2300 2300 0 0 0 0 0 1 0
245000 246000 2 1 0 0 82 3516 0 0 274 333451 776 218 497 394 0 0 0 0 128 128 128 0 0 1
246000 247000 2 1 0 0 80 3043 0 0 247 305654 780 198 489 411 2300 2300 2300 0 0 0 0 0 1 0
247000 248000 2 1 0 0 119 4792 0 0 411 500737 801 191 496 430 0 0 0 0 128 128 128 0 0 1
248000 249000 2 1 0 0 36 1482 0 0 97 115625 806 187 497 437 2300 2300 2300 0 0 0 0 0 1 0
249000 250000 2 1 0 0 120 4944 0 0 399 485527 811 185 498 442 0 0 0 0 128 128 128 0 0 1
250000 251000 2 1 0 0 27 1133 0 0 82 97754 813 181 497 447 2300 2300 2300 0 0 0 0 0 1 0
251000 252000 2 1 0 0 113 4751 0 0 376 455936 816 177 496 451 0 0 0 0 128 128 128 0 0 1
252000 253000 2 1 0 0 42 1978 0 0 120 143053 815 163 489 460 2300 2300 2300 0 0 0 0 0 1 0
253000 254000 2 1 0 0 108 4516 0 0 382 469461 836 163 499 475 2300 2300 2300 0 128 128 128 0 1 1
254000 255000 2 1 0 0 170 6503 0 0 566 705928 836 163 499 475 2300 2300 2300 0 128 128 128 0 1 2
255000 256000 2 1 0 0 134 5411 0 0 435 531751 834 161 498 475 0 0 0 0 0 0 0 0 0 0
256000 257000 2 1 0 0 48 2089 0 0 136 163413 828 154 491 476 2300 2300 2300 0 0 0 0 0 1 0
257000 258000 2 1 0 0 110 4282 0 0 372 454584 845 150 497 491 0 0 0 0 128 128 128 0 0 1
258000 259000 2 1 0 0 34 1611 0 0 94 109938 848 104 476 525 2300 2300 2300 0 0 0 0 0 1 0
259000 260000 1 1 0 0 117 4488 0 0 389 483259 668 668 668 0 0 0 0 0 128 128 128 0 0 1
260000 261000 1 1 0 0 29 1225 0 0 103 125623 218 218 218 0 2300 2300 2300 0 0 0 0 0 1 0
261000 262000 2 1 0 0 111 4555 0 0 379 461193 779 215 497 398 0 0 0 0 128 128 128 0 0 1
262000 263000 2 1 0 0 46 1840 0 0 134 163784 781 196 489 413 2300 2300 2300 0 0 0 0 0 1 0
263000 264000 1 1 0 0 106 4326 0 0 351 429380 725 725 725 0 0 0 0 0 128 128 128 0 0 1
264000 265000 1 1 0 0 24 1034 0 0 77 93162 219 219 219 0 2300 2300 2300 0 0 0 0 0 1 0
265000 266000 2 1 0 0 100 4161 0 0 313 377604 776 219 497 393 0 0 0 0 128 128 128 0 0 1
266000 267000 2 1 0 0 77 2949 0 0 234 288552 780 199 490 410 2300 2300 2300 0 0 0 0 0 1 0
267000 268000 2 1 0 0 116 4695 0 0 385 468115 793 199 496 420 0 0 0 0 128 128 128 0 0 1
268000 269000 2 1 0 0 35 1415 0 0 98 119527 781 194 488 415 2300 2300 2300 0 0 0 0 0 1 0
269000 270000 2 1 0 0 117 4770 0 0 405 494822 804 190 497 434 0 0 0 0 128 128 128 0 0 1
270000 271000 2 1 0 0 35 1412 0 0 99 118815 809 187 498 439 2300 2300 2300 0 0 0 0 0 1 0
271000 272000 2 1 0 0 114 4657 0 0 406 493563 810 184 497 442 0 0 0 0 128 128 128 0 0 1
272000 273000 2 1 0 0 33 1347 0 0 97 115362 810 184 497 443 2300 2300 2300 0 0 0 0 0 1 0
273000 274000 2 1 0 0 124 5080 0 0 410 502853 815 179 497 449 0 0 0 0 128 128 128 0 0 1
274000 275000 2 1 0 0 24 1306 0 0 68 80642 820 165 492 463 2300 2300 2300 0 0 0 0 0 1 0
275000 276000 2 1 0 0 99 4221 0 0 339 414212 832 162 497 473 0 0 0 0 128 128 128 0 0 1
276000 277000 2 1 0 0 56 2507 0 0 161 196286 831 147 489 483 2300 2300 2300 0 0 0 0 0 1 0
277000 278000 2 1 0 0 163 6844 0 0 544 671047 852 147 499 498 2300 2300 2300 0 128 128 128 0 1 2
278000 279000 2 1 0 0 133 5397 0 0 410 503344 849 146 497 496 2300 2300 2300 0 128 128 128 0 1 1
279000 280000 2 1 0 0 128 4543 0 0 427 524368 845 129 487 505 0 0 0 0 0 0 0 0 0 0
280000 281000 1 1 0 0 2 126 0 0 6 2042 836 836 836 0 0 0 0 0 0 0 0 0 0 0
281000 282000 0 0 0 0 0 0 0 0 0 0 0 0 0 0 0 0 0 0 0 0 0 0 0 0
282000 283000 1 1 0 0 35 1423 0 0 119 147261 218 218 218 0 4400 4400 4400 0 128 128 128 0 1 1
283000 284000 2 1 0 0 151 5978 0 0 502 620637 779 215 497 398 0 0 0 0 0 0 0 0 0 0
284000 285000 2 1 0 0 121 4534 0 0 388 482614 780 189 485 417 4400 4400 4400 0 0 0 0 0 1 0
285000 286000 2 1 0 0 165 6582 0 0 573 709180 809 187 498 440 0 0 0 0 128 128 128 0 0 1
286000 287000 2 1 0 0 172 6737 0 0 577 720605 806 186 496 438 4400 4400 4400 0 128 128 128 0 1 1
287000 288000 2 1 0 0 170 6170 0 0 571 712025 812 182 497 444 3000 3000 3000 0 128 128 128 0 1 1
288000 289000 2 1 0 0 152 6045 0 0 490 602639 816 176 496 452 0 0 0 0 0 0 0 0 0 0
289000 290000 1 1 0 0 38 1357 0 0 104 126972 329 329 329 0 0 0 0 0 0 0 0 0 0 0
290000 291000 1 1 0 0 30 1308 0 0 107 130919 218 218 218 0 3000 3000 3000 0 0 0 0 0 1 0
291000 292000 2 1 0 0 144 6052 0 0 509 624901 779 217 498 397 3000 3000 3000 0 128 128 128 0 1 1
292000 293000 2 1 0 0 157 6006 0 0 536 666348 779 215 497 398 0 0 0 0 128 128 128 0 0 1
293000 294000 2 1 0 0 117 4750 0 0 390 475403 783 212 498 403 3000 3000 3000 0 128 128 128 0 1 1
294000 295000 2 1 0 0 123 4550 0 0 415 514908 782 182 482 424 2300 2300 2300 0 0 0 0 0 1 0
295000 296000 1 1 0 0 106 4361 0 0 357 437939 765 765 765 0 0 0 0 0 128 128 128 0 0 1
296000 297000 1 1 0 0 29 1201 0 0 99 121459 217 217 217 0 2300 2300 2300 0 128 128 128 0 1 1
297000 298000 2 1 0 0 109 4489 0 0 368 448206 779 217 498 397 0 0 0 0 0 0 0 0 0 0
298000 299000 2 1 0 0 20 769 0 0 45 51660 781 58 419 511 0 0 0 0 0 0 0 0 0 0
299000 300000 0 0 0 0 0 0 0 0 0 0 0 0 0 0 0 0 0 0 0 0 0 0 0 0
300000 301000 0 0 0 0 0 0 0 0 0 0 0 0 0 0 0 0 0 0 0 0 0 0 0 0
