ts te nbins ncons c_pkts_all c_ack_cnt c_ack_cnt_p c_bytes_all c_bytes_uniq s_pkts_all s_ack_cnt s_ack_cnt_p s_bytes_all s_bytes_uniq c_pkts_retx s_pkts_retx c_pkts_data s_pkts_data max_bin_duration min_bin_duration avg_bin_duration std_bin_duration max_video_rate min_video_rate avg_video_rate std_video_rate max_audio_rate min_audio_rate avg_audio_rate std_audio_rate video_reqs audio_reqs media_reqs
0.0 5000.0 0 0 0.0 0.0 0.0 0.0 0.0 0.0 0.0 0.0 0.0 0.0 0.0 0.0 0.0 0.0 0.0 0.0 0.0 0.0 0.0 0.0 0.0 0.0 0.0 0.0 0.0 0.0 0  
5000.0 10000.0 9 4 447.923205791555 443.923205791555 425.91243904389864 16412.219473454876 16412.219473454876 662.0058241246948 662.0058241246948 29.507165951546718 1028878.550935277 869197.8402366345 0.0 105.04544702729397 18.010766747656348 628.4986581731481 998.2799999999988 220.85009765625 621.7368865017359 295.60215834159163 1500.0 840.0 1236.0 361.4968879534096 128.0 128.0 128.0 0.0 5 4.0 2.0
10000.0 15000.0 14 4 737.076794208445 737.076794208445 720.0875609561014 14237.780526545124 14237.780526545124 1099.9941758753052 1099.9941758753052 33.49283404845329 1973522.449064723 1799629.1597633655 0.0 107.95455297270603 16.989233252343652 1066.501341826852 991.3770000000004 0.0 666.1315729631694 367.48783973323145 840.0 840.0 840.0 0.0 128.0 128.0 128.0 0.0 7 7.0 2.0
15000.0 20000.0 8 3 640.3556474596106 640.3556474596106 630.8257587196136 7940.166319077459 7940.166319077459 888.5076367393933 888.5076367393933 17.05977747999396 1765765.414703024 1754661.414703024 0.0 8.0 9.52988873999698 871.4478592593994 999.5339999999997 262.28600000000006 726.3202460937482 298.99892167779484 3000.0 3000.0 3000.0 0.0 128.0 128.0 128.0 0.0 4 3.0 3.0
20000.0 25000.0 8 2 662.8129210360698 662.8129210360698 655.3646895524962 6211.673466486087 6211.673466486087 911.084352538784 911.084352538784 11.918342743576574 1919290.1578524385 1912350.1578524385 0.0 5.0 7.448231483573555 899.1660097952074 999.8940000000002 233.41700000000128 670.9562556152341 331.2512170534953 3000.0 3000.0 3000.0 0.0 128.0 128.0 128.0 0.0 2 2.0 2.0
25000.0 30000.0 9 2 709.3158205425204 709.3158205425204 701.7220391640724 6333.701363336159 6333.701363336159 960.9188894730681 960.9188894730681 13.165682980466766 1911043.9410181972 1878131.9410181972 0.0 22.0 7.5937813784481145 947.7532064926013 997.5570000000007 176.75899999999092 628.6178784722223 358.3234936070306 3000.0 3000.0 3000.0 0.0 128.0 128.0 128.0 0.0 3 3.0 3.0
30000.0 35000.0 8 2 591.816833716042 591.816833716042 583.8018610350542 6675.695763165535 6675.695763165535 853.3772182860039 853.3772182860039 12.443071078969087 1786809.8455613179 1740046.8455613179 0.0 32.0 8.01497268098774 840.9341472070348 998.5959999999977 259.375 679.8906315917966 319.7911557333354 3000.0 2300.0 2533.3333333333335 404.14518843273805 128.0 128.0 128.0 0.0 3 2.0 2.0
35000.0 40000.0 8 2 450.9869624976037 450.9869624976037 442.31046125668104 7246.525279083063 5564.525279083063 650.7828727939179 650.7828727939179 12.466627812710012 1318366.0860575617 1300734.6051826882 2.0 11.107004191432805 8.676501240922711 638.316244981208 998.8570000000036 262.539306640625 668.2822917480471 335.50824588497466 2300.0 2300.0 2300.0 0.0 128.0 128.0 128.0 0.0 3 2.0 3.0
40000.0 45000.0 8 2 602.7118147481534 602.7118147481534 594.9751902720825 6464.237808851697 6464.237808851697 834.3290301688328 834.3290301688328 14.946497904283596 1750477.5548074606 1716178.035682334 0.0 18.892995808567193 7.736624476070899 819.3825322645491 997.948000000004 275.7830000000031 669.4974616699228 332.2802375114197 2300.0 2300.0 2300.0 0.0 128.0 128.0 128.0 0.0 2 3.0 2.0
45000.0 50000.0 8 2 459.11782247835123 459.11782247835123 450.5167979350612 7170.062665450188 7170.062665450188 646.7905650519419 646.7905650519419 14.202049086580022 1389935.6915276144 1388547.6915276144 0.0 1.0 8.601024543290011 632.5885159653619 998.1290000000008 253.8399999999965 671.5526184082046 365.1350101509439 2300.0 2300.0 2300.0 0.0 128.0 128.0 128.0 0.0 3 3.0 3.0
50000.0 55000.0 10 3 726.7466813851905 726.7466813851905 717.3917419685934 7508.620121127916 7508.620121127916 1036.260969998376 1036.260969998376 16.39146650680791 2036741.8594537133 1961184.8594537133 0.0 41.0 8.992491050097922 1019.5070551250685 997.7160000000003 207.68798828125 755.6309001953138 306.10683101737607 2300.0 2300.0 2300.0 0.0 128.0 128.0 128.0 0.0 3 3.0 2.0
55000.0 60000.0 11 3 542.120066914719 542.120066914719 533.0760308746062 7019.317213421896 7019.317213421896 750.3794297237896 750.3794297237896 13.652208265708499 1497471.3291386613 1436760.2644222353 0.0 37.24572385909643 8.40648440661207 736.0896698245804 998.0779999999941 244.930908203125 581.2096326349433 312.7529730955792 2300.0 2300.0 2300.0 0.0 128.0 128.0 128.0 0.0 3 3.0 3.0
60000.0 65000.0 8 3 528.0154292217392 528.0154292217392 521.0154292217392 5004.0 5004.0 750.5690352258928 750.5690352258928 10.75427614090357 1586412.119880011 1566163.184596437 0.0 9.75427614090357 6.0 738.8147590849892 998.7329999999929 274.0200000000041 692.1628864746071 348.279211179272 2300.0 2300.0 2300.0 0.0 128.0 128.0 128.0 0.0 2 2.0 2.0
65000.0 70000.0 8 2 465.2648809119287 465.2648809119287 456.6561523798637 7176.549423998721 7176.549423998721 673.6147784320231 673.6147784320231 13.826185596194968 1315128.5124515563 1295788.5124515563 0.0 11.0 8.60872853206499 659.788592835828 999.4510000000009 273.24800000000687 676.8308728027368 353.5957524388461 2300.0 2300.0 2300.0 0.0 128.0 128.0 128.0 0.0 3 3.0 3.0
70000.0 75000.0 8 2 486.08487467846544 486.08487467846544 478.725116755999 6138.262819716827 6138.262819716827 659.6404365219651 659.6404365219651 12.142300858336377 1457818.9359075823 1431681.9359075823 0.0 15.0 7.359757922466356 647.4981356636288 999.476999999999 253.91800000001967 707.7806213378935 316.8182079667081 2300.0 2300.0 2300.0 0.0 128.0 128.0 128.0 0.0 2 2.0 2.0
75000.0 80000.0 7 2 471.5557919260518 471.5557919260518 465.25749241248764 5251.886895771906 5251.886895771906 628.5867677329437 628.5867677329437 10.931692497612072 1473671.945004897 1451693.85253888 0.0 12.234108792621477 6.298299513564268 617.6550752353317 998.8390000000072 259.97000000000116 656.0160039062529 326.0792998090314 2300.0 2300.0 2300.0 0.0 128.0 128.0 128.0 0.0 3 2.0 3.0
80000.0 85000.0 9 2 504.73137066422805 504.73137066422805 495.8782967150203 7383.904451791642 7383.904451791642 639.395986113967 639.395986113967 13.659751006508264 1503864.2484155572 1473214.3408815742 0.0 19.765891207378523 8.853073949207753 625.7362351074587 999.3579999999783 256.8139999999985 639.4938927951347 333.8228653834315 2300.0 2300.0 2300.0 0.0 128.0 128.0 128.0 0.0 2 3.0 2.0
85000.0 90000.0 8 2 532.1793701581773 532.1793701581773 525.0285424196818 5969.337850689817 5969.337850689817 674.7101671050265 674.7101671050265 13.346101525046716 1498193.9063720526 1444345.9063720526 0.0 37.0 7.150827738495568 661.3640655799798 997.7540000000008 251.1079999999929 592.926258056641 335.52569984495267 2300.0 2300.0 2300.0 0.0 128.0 128.0 128.0 0.0 3 3.0 3.0
90000.0 95000.0 8 2 495.4002334289074 495.4002334289074 487.9918981236331 6174.326638682944 6174.326638682944 651.62643178398 651.62643178398 12.772991477374834 1402642.6730219282 1342523.6730219282 0.0 34.0 7.408335305274299 638.8534403066053 998.7359999999899 258.15499999999884 671.2964902343738 339.6284820338649 2300.0 2300.0 2300.0 0.0 128.0 128.0 128.0 0.0 2 2.0 2.0
95000.0 100000.0 8 2 506.29656875838504 506.29656875838504 498.44937462597954 6542.806712057198 6542.806712057198 651.40480484714 651.40480484714 12.899628319362824 1543430.6313671027 1527281.8322312257 0.0 11.314605121744222 7.847194132405454 638.5051765277772 997.6820000000007 254.53700000001118 613.3252500000017 331.21966794626496 2300.0 2300.0 2300.0 0.0 128.0 128.0 128.0 0.0 3 3.0 3.0
100000.0 105000.0 11 3 768.1920968076874 767.1920968076874 755.8171760179944 9938.770788206695 9938.770788206695 966.4292284463013 966.4292284463013 21.322486602735722 2068977.829877369 2028771.6290132464 0.0 27.685394878255778 11.374920789693093 944.1067418435657 998.755999999994 248.69999999998254 741.0555717329527 304.93528460158706 2300.0 2300.0 2300.0 0.0 128.0 128.0 128.0 0.0 3 3.0 2.0
105000.0 110000.0 9 2 534.3703286089485 534.3703286089485 526.2714664921203 6757.154419084252 6757.154419084252 664.3061048310005 664.3061048310005 14.098862116828222 1420948.0038913947 1391963.020872213 0.0 17.015054176882124 8.098862116828222 650.2072427141724 998.775999999998 107.9208984375 594.3354008246517 379.44387393578955 2300.0 2300.0 2300.0 0.0 128.0 128.0 128.0 0.0 3 3.0 3.0
110000.0 115000.0 7 2 524.7927506105418 524.7927506105418 518.158706167278 5523.916443476288 5523.916443476288 684.7620940581395 684.7620940581395 10.0 1479373.245664789 1438295.228683971 0.0 23.984945823117876 6.634044443263766 674.7620940581395 999.3869999999879 265.83400000000256 619.5756294642799 334.06982221157654 2300.0 2300.0 2300.0 0.0 128.0 128.0 128.0 0.0 2 2.0 2.0
115000.0 120000.0 9 2 583.3208315151124 583.3208315151124 574.9548759583762 6986.083556523712 6986.083556523712 746.3403735005834 746.3403735005834 14.406794846105337 1691038.3574214526 1665747.7783977124 0.0 16.254358768842696 8.365955556736234 731.9335786544782 999.7330000000075 266.16699999998673 615.7477526041653 357.395724715296 2300.0 2300.0 2300.0 0.0 128.0 128.0 128.0 0.0 3 3.0 3.0
120000.0 125000.0 7 2 589.810901931566 589.810901931566 583.810901931566 5004.0 5004.0 759.1828266269298 759.1828266269298 10.593205153894663 1471931.7106043182 1417591.2896280584 0.0 34.74564123115731 6.0 748.5896214730351 998.4370000000054 264.3619999999937 647.3442745535701 343.9587667585344 2300.0 2300.0 2300.0 0.0 128.0 128.0 128.0 0.0 2 2.0 2.0
125000.0 130000.0 6 2 606.4811105969334 606.4811105969334 597.5611028844546 7438.646493907068 7438.646493907068 1583.3662316827927 1583.3662316827927 15.840015424957407 3045883.8585514617 1766063.3010858605 0.0 685.523516890289 8.920007712478704 1567.5262162578354 999.8390000000072 387.2509999999893 834.220665039063 229.1855008280602 2300.0 2300.0 2300.0 0.0 128.0 128.0 128.0 0.0 3 3.0 3.0
130000.0 135000.0 8 2 654.5188894030666 654.5188894030666 648.4388971155454 5071.353506092932 5071.353506092932 1273.6337683172073 1273.6337683172073 10.159984575042593 2423776.1414485383 1180915.6989141395 0.0 682.476483109711 6.079992287521296 1263.4737837421646 998.7049999999872 79.96900976562756 520.4226262207012 349.5623106370254 2300.0 2300.0 2300.0 0.0 128.0 128.0 128.0 0.0 2 2.0 2.0
135000.0 140000.0 8 2 429.29311658247207 429.29311658247207 420.29311658247207 7506.0 7506.0 568.7177404536053 568.7177404536053 13.996792505154605 1370565.9133794517 1367140.9343317405 0.0 2.990377515463817 9.0 554.7209479484507 998.5890000000072 256.59700000000885 652.7717451171848 361.1545848694643 2300.0 2300.0 2300.0 0.0 128.0 128.0 128.0 0.0 3 3.0 3.0
140000.0 145000.0 7 2 438.19544509096806 438.19544509096806 431.5637026549962 5522.028797496932 5522.028797496932 557.1390787838629 557.1390787838629 11.003207494845395 1422981.293100452 1419534.2721481633 0.0 3.009622484536183 6.631742435971869 546.1358712890176 999.1259999999893 271.6009999999951 659.2681922433009 320.3727169982444 2300.0 2300.0 2300.0 0.0 128.0 128.0 128.0 0.0 2 2.0 2.0
145000.0 150000.0 11 3 623.5007104492707 623.5007104492707 613.3993498980618 7604.822710052495 7604.822710052495 860.760594288348 860.760594288348 16.988705133084707 1893891.059450256 1846045.6656785859 0.0 30.514297183662666 9.10136055120906 842.7718891552632 999.8479999999981 186.279296875 670.7156585582362 343.22689390918003 2300.0 2300.0 2300.0 0.0 128.0 128.0 128.0 0.0 4 3.0 3.0
150000.0 155000.0 11 3 614.2309433850114 613.2309433850114 602.3785526435155 9313.693780980968 8660.693780980968 739.5535739315374 739.5535739315374 18.889535459930446 1734515.9694199797 1716084.3631916498 1.0 13.485702816337334 10.852390741495839 719.6640384716069 998.1669999999867 0.0 610.3454914772724 362.2337595196418 2300.0 2300.0 2300.0 0.0 128.0 128.0 128.0 0.0 2 3.0 2.0
155000.0 160000.0 8 3 566.7797844922777 566.7797844922777 559.3652782209546 5337.454711469605 5337.454711469605 699.8290125426465 699.8290125426465 12.121759406984847 1410037.7646498606 1285878.7646498606 0.0 79.0 6.414506271323231 686.7072531356616 998.3649999999907 268.90499999999884 658.7171303710929 334.39023974868087 2300.0 2300.0 2300.0 0.0 128.0 128.0 128.0 0.0 2 2.0 3.0
160000.0 165000.0 9 3 555.01564990682 554.01564990682 542.01564990682 10193.0 8823.0 732.7491900770717 732.7491900770717 19.0 1708033.6731906193 1708033.6731906193 2.0 0.0 12.0 712.7491900770717 999.2390000000596 0.0 699.5223218316128 340.5355588100498 2300.0 2300.0 2300.0 0.0 128.0 128.0 128.0 0.0 3 3.0 2.0
165000.0 170000.0 10 3 488.08288465515653 488.08288465515653 478.515316616507 7141.943447302201 7141.943447302201 674.9126102018587 674.9126102018587 15.135136077299164 1423527.1044818878 1379821.6410830768 0.0 24.55888450965807 8.567568038649583 657.7774741245596 998.0690000000177 17.301103515637806 692.635909375007 346.259261936424 2300.0 2300.0 2300.0 0.0 128.0 128.0 128.0 0.0 3 3.0 3.0
170000.0 175000.0 9 2 519.3068628442569 519.3068628442569 512.0565702388861 6047.698747878665 6047.698747878665 678.6096422971507 678.6096422971507 11.682724566721133 1599420.7884444923 1592644.251843303 0.0 2.44111549034193 7.250292605370714 666.9269177304295 997.7369999999937 12.618921874993248 579.8658819444504 395.17242173680347 2300.0 2300.0 2300.0 0.0 128.0 128.0 128.0 0.0 2 2.0 2.0
175000.0 180000.0 9 2 498.0475863497463 498.0475863497463 489.8654469937666 6826.357804819134 6826.357804819134 686.5785600456536 686.5785600456536 14.182139355979704 1435387.5672048773 1427813.7625854425 0.0 5.576605528639768 8.182139355979704 672.3964206896738 999.5190000000002 259.82300000000396 589.1189973958406 344.8445457709244 2300.0 2300.0 2300.0 0.0 128.0 128.0 128.0 0.0 3 3.0 3.0
180000.0 185000.0 7 2 480.85802524966 480.85802524966 474.22525002451897 5522.875684615614 5522.875684615614 655.1332541324949 655.1332541324949 10.0 1403558.2062387865 1400769.7188457253 0.0 2.0561696965012244 6.632775225140993 645.1332541324949 999.5 273.83499999999185 614.5971489955513 306.180714439883 2300.0 2300.0 2300.0 0.0 128.0 128.0 128.0 0.0 2 2.0 2.0
185000.0 190000.0 11 3 552.3913201936597 551.3913201936597 540.0240954188007 9937.124315384386 9188.124315384386 795.3908337592552 795.3908337592552 19.0 1581776.3780881506 1577136.6701006466 1.0 3.3672247748590074 11.367224774859007 775.3908337592552 995.00900000002 0.0 617.395831143465 395.99433256635206 2300.0 2300.0 2300.0 0.0 128.0 128.0 128.0 0.0 3 3.0 3.0
190000.0 195000.0 10 4 502.32176152572373 501.80101507621396 491.0307643010509 8318.195964622599 7961.484646708399 688.9121449033073 688.9121449033073 16.22239466772755 1443398.1095453536 1427874.5234616536 0.5207464495097813 8.085934437328874 9.770250775163076 671.1690037860701 999.3140000000421 265.19699999998556 618.7096007812536 325.35315083908904 2300.0 2300.0 2300.0 0.0 128.0 128.0 128.0 0.0 3 3.0 2.0
195000.0 200000.0 13 3 663.9651104928951 663.485856942405 653.256107717568 8695.804035377401 8367.515353291601 954.8351749984627 954.8351749984627 18.080739381303932 1864178.3745052335 1837058.246908425 0.47925355049021867 18.036003905891487 10.229749224836926 935.2751820666685 998.4189999999944 0.0 547.8766021634667 357.5635004981018 2300.0 2300.0 2300.0 0.0 128.0 128.0 128.0 0.0 3 3.0 3.0
200000.0 205000.0 9 3 622.9819727255775 622.9819727255775 615.4963857538297 5407.522773522475 5407.522773522475 829.8497635282406 829.8497635282406 12.425246408590317 1543510.5124858653 1518677.2261663738 0.0 16.87806165677964 6.485586971747865 817.4245171196502 998.7080000000133 19.04899999999907 593.9160117187647 395.00504032031796 2300.0 2300.0 2300.0 0.0 128.0 128.0 128.0 0.0 2 2.0 2.0
205000.0 210000.0 4 2 207.02882605650427 207.02882605650427 203.51441302825214 2918.4772264775247 2918.4772264775247 268.0288260565043 268.0288260565043 6.271619542378203 587562.285814734 575740.285814734 0.0 7.0 3.514413028252135 261.7572065141261 996.5419999999867 283.7639999999956 634.676992187502 294.38652832726723 2300.0 2300.0 2300.0 0.0 128.0 128.0 128.0 0.0 1 1.0 3.0
210000.0 215000.0 8 3 450.0 449.0 439.0 8803.0 7961.0 609.0 609.0 16.0 1331928.0 1170939.0 1.0 80.0 10.0 592.0 997.7939999999944 65.23099999999977 588.7963749999908 382.0980045302298 2300.0 2300.0 2300.0 0.0 128.0 128.0 128.0 0.0 2 2.0 2.0
215000.0 220000.0 8 3 612.6328035327638 612.6328035327638 602.6795903950822 8294.979756826551 7474.979756826551 880.1528743595582 880.1528743595582 15.604284183575622 1615642.527818482 1541856.168307902 1.0 39.86899978090047 9.953213137681717 864.5485901759826 998.0710000000254 294.346923828125 709.764727050795 276.45873170074117 2300.0 2300.0 2300.0 0.0 128.0 128.0 128.0 0.0 3 3.0 3.0
220000.0 225000.0 13 3 918.3262033884316 918.3262033884316 907.6978467871968 8875.907429084844 8875.907429084844 1279.7713050690315 1279.7713050690315 19.395715816424378 2496056.442926307 2443129.802436887 0.0 35.13100021909953 10.62835660123462 1260.3755892526074 999.7850000000035 23.350000000034925 695.7750378605829 370.1359666966978 2300.0 2300.0 2300.0 0.0 128.0 128.0 128.0 0.0 4 4.0 2.0
225000.0 230000.0 9 2 540.3968003850118 540.3968003850118 530.9783701239281 7849.112814088605 7029.112814088605 776.9722038443531 776.9722038443531 14.255930121770119 1457532.9050904582 1449108.9050904582 1.0 7.0 9.418430261083664 762.716273722583 999.1459999999788 253.3740000000107 559.7073999566039 337.00762657431227 2300.0 2300.0 2300.0 0.0 128.0 128.0 128.0 0.0 3 3.0 3.0
230000.0 235000.0 10 3 569.8917640579681 569.8917640579681 563.4159837207189 5394.139876544341 5394.139876544341 801.3027487657307 801.3027487657307 12.219850215479077 1634608.1646098173 1620728.1646098173 0.0 8.0 6.475780337249196 789.0828985502517 999.8489999999874 0.0 724.219809179692 349.1000541278692 2300.0 2300.0 2300.0 0.0 128.0 128.0 128.0 0.0 2 2.0 2.0
235000.0 240000.0 9 2 628.2687298052797 628.2687298052797 618.7445101425288 7957.860123455659 7115.860123455659 790.7275317449889 790.7275317449889 15.524219662750804 1517523.9604003262 1465129.9604003262 1.0 33.0 9.524219662750804 775.2033120822381 998.9169999999867 186.9772949219332 598.6549216579944 370.46048834411727 2300.0 2300.0 2300.0 0.0 128.0 128.0 128.0 0.0 3 3.0 3.0
240000.0 245000.0 10 3 495.55770124286283 495.55770124286283 487.06504558606497 7053.396850799018 5413.396850799018 755.8777196740211 755.8777196740211 10.492655656797854 1402628.6195528684 1301314.5116396071 2.0 57.696023728347235 8.492655656797854 745.3850640172233 997.4650000000256 160.89794921875 655.9567675781203 370.91319095357807 2300.0 2300.0 2300.0 0.0 128.0 128.0 128.0 0.0 2 2.0 2.0
245000.0 250000.0 10 2 612.2006437555889 612.2006437555889 603.6932994123868 7096.603149200982 7096.603149200982 888.7931926529902 888.7931926529902 14.507344343202146 1675886.9841532807 1648870.092066542 0.0 16.303976271652765 8.507344343202146 874.2858483097881 999.929999999993 172.011962890625 662.4028992187523 290.29380633284825 2300.0 2300.0 2300.0 0.0 128.0 128.0 128.0 0.0 3 3.0 3.0
250000.0 255000.0 7 2 621.0330873403153 621.0330873403153 614.4089388148948 5515.8017908448355 5515.8017908448355 786.0587616855845 786.0587616855845 10.0 1401302.0277648778 1401302.0277648778 0.0 0.0 6.624148525420531 776.0587616855845 999.9380000000237 301.9780000000028 774.4967628348137 263.59081919118233 2300.0 2300.0 2300.0 0.0 128.0 128.0 128.0 0.0 2 2.0 2.0
255000.0 260000.0 9 2 604.901828470376 604.901828470376 596.5259769957966 6994.1982091551645 6994.1982091551645 873.6586090574148 873.6586090574148 14.034524405915594 1637781.6139573052 1612761.6139573052 0.0 17.0 8.37585147457947 859.6240846514992 999.2870000000112 257.98399999999674 664.9356332465281 325.4316864531576 2300.0 2300.0 2300.0 0.0 128.0 128.0 128.0 0.0 3 3.0 3.0
260000.0 265000.0 8 2 475.0570889328369 475.0570889328369 468.03018890085673 5857.353926575523 5857.353926575523 659.5996542336527 659.5996542336527 11.992375626064579 1407653.6064090887 1399585.6064090887 0.0 7.0 7.026900031980172 647.6072786075881 999.2689999999711 287.97299999999814 740.7777409667906 286.7282695246458 2300.0 2300.0 2300.0 0.0 128.0 128.0 128.0 0.0 2 2.0 2.0
265000.0 270000.0 11 3 669.4211593616373 669.4211593616373 660.6336917357163 7337.327712984153 7337.327712984153 920.5605383370427 920.5605383370427 16.10979948037522 1897243.5254473088 1855673.5254473088 0.0 27.0 8.787467625920995 904.4507388566674 998.5530000000144 65.04700000002049 674.1144073153581 324.32500568381005 2300.0 2300.0 2300.0 0.0 128.0 128.0 128.0 0.0 4 3.0 3.0
270000.0 275000.0 9 2 502.18590477627333 502.18590477627333 494.0002724341745 6843.318360440325 6001.318360440325 716.1126998026101 716.1126998026101 14.863300487644608 1529250.388368656 1529250.388368656 1.0 0.0 8.185632342098835 701.2493993149656 998.3099999999977 302.0599999999977 720.4439444444465 268.1363192554829 2300.0 2300.0 2300.0 0.0 128.0 128.0 128.0 0.0 2 3.0 2.0
275000.0 280000.0 11 3 594.4844372537946 594.4844372537946 585.9448176874024 7118.359674902218 7118.359674902218 846.528628360516 846.528628360516 14.079239132784366 1609699.428632117 1544047.428632117 0.0 40.0 8.539619566392183 832.4493892277317 998.6359999999986 46.70000000001164 665.2607270951743 347.5266914404168 2300.0 1500.0 1766.6666666666667 461.8802153517006 128.0 128.0 128.0 0.0 3 3.0 3.0
280000.0 285000.0 7 2 330.9404758157897 330.9404758157897 323.84682737651855 5910.920089741709 5910.920089741709 476.949676457812 476.949676457812 10.920760867215634 963554.6568979634 944273.6568979634 0.0 15.0 7.093648439271143 466.0289155905964 998.2050000000163 375.4780000000028 696.9354302455322 241.01081519565184 1500.0 1500.0 1500.0 0.0 128.0 128.0 128.0 0.0 2 2.0 2.0
285000.0 290000.0 9 2 395.28394213123784 395.28394213123784 387.7634948364826 6274.918959031049 6274.918959031049 539.0779889265958 539.0779889265958 13.307430600837277 1060389.6086459213 1024419.9938662825 0.0 23.614779638759124 7.5204472947553125 525.7705583257587 997.9029999999912 365.34208007814595 731.389102647579 257.43744210109924 1500.0 1500.0 1500.0 0.0 128.0 128.0 128.0 0.0 3 3.0 3.0
290000.0 295000.0 8 2 317.8397583514759 317.8397583514759 310.99347365189453 5715.801276325024 5715.801276325024 454.99223664902064 454.99223664902064 12.692569399162723 942558.4779598933 921978.092739532 0.0 15.385220361240874 6.8462846995813615 442.2996672498579 998.8250000000116 260.76899999997113 569.8641567382801 298.0263511641553 1500.0 1500.0 1500.0 0.0 128.0 128.0 128.0 0.0 2 2.0 2.0
295000.0 300000.0 11 3 347.95814661472315 347.384288275842 336.23657159807954 8787.18872133797 7147.1887213379705 532.4768641340481 532.4768641340481 15.1477166777624 971982.4072455426 927936.4072455426 2.0 31.0 10.5738583388812 517.3291474562857 998.5030000000261 91.14590234373463 716.8192011718797 348.58281369173056 1500.0 1500.0 1500.0 0.0 128.0 128.0 128.0 0.0 3 3.0 3.0
