ts te nbins ncons c_pkts_all c_bytes_all s_pkts_all s_bytes_all max_bin_duration min_bin_duration avg_bin_duration std_bin_duration max_video_rate min_video_rate avg_video_rate std_video_rate max_audio_rate min_audio_rate avg_audio_rate std_audio_rate video_reqs audio_reqs media_reqs
0.0 10000.0 5 1 750.7218427645282 52884.29830465457 2042.6647400458776 2920029.5505920425 999.3040000000037 324.029296875 837.840459375002 290.3374213194645 2300.0 1500.0 1700.0 370.32803990902056 128.0 128.0 128.0 0.0 8 8 2
10000.0 20000.0 9 1 1082.4200475279115 65665.80183170865 2668.5120815642845 3826007.998806946 999.2949999999837 0.0 719.1275253906174 365.5328141368954 4400.0 1500.0 2587.5 1500.8925915696204 128.0 128.0 128.0 0.0 8 8 4
20000.0 30000.0 11 1 1663.3465737635688 89721.75649917968 4423.429157638047 6394801.332469412 999.6510000000126 126.110107421875 894.9880074573871 264.7208114653538 4400.0 4400.0 4400.0 0.0 128.0 128.0 128.0 0.0 5 5 4
30000.0 40000.0 9 1 1415.5519979030864 76816.819194746 3816.726167198753 5520881.028395337 999.9010000000126 230.43994140625 892.9798704427085 252.1347515241129 4400.0 4400.0 4400.0 0.0 128.0 128.0 128.0 0.0 5 5 5
40000.0 50000.0 11 1 1767.6912229835011 95830.81375082121 4762.496797150168 6891460.822330727 999.4920000000275 182.529296875 901.7748504971704 248.32967157988944 4400.0 4400.0 4400.0 0.0 128.0 128.0 128.0 0.0 6 6 5
50000.0 60000.0 10 1 1542.8883115269164 86384.48962340677 4139.011147205949 5988352.396596145 999.7459999999846 227.785888671875 841.0753591796674 290.94836295455815 4400.0 4400.0 4400.0 0.0 128.0 128.0 128.0 0.0 5 6 5
60000.0 70000.0 9 1 1392.8965951967953 77086.85781487281 3471.355821648591 5002987.855989749 999.8499999999767 240.7919921875 874.7861226128363 249.2678461760844 4400.0 4400.0 4400.0 0.0 128.0 128.0 128.0 0.0 5 4 4
70000.0 80000.0 11 1 1522.9655766772569 88488.77129266999 4127.539683348153 5952080.099920984 999.3719999999739 186.72509765625 897.7831004971468 246.61557950233134 4400.0 3000.0 3700.0 748.3314773547883 128.0 128.0 128.0 0.0 8 8 3
80000.0 90000.0 11 1 1476.1078480984395 82279.95538607819 3977.8306809639266 5739403.148759621 999.9400000000023 93.305908203125 896.3402555042518 272.0262730193868 4400.0 4400.0 4400.0 0.0 128.0 128.0 128.0 0.0 5 5 5
90000.0 100000.0 10 1 1536.958577800679 84946.94784704706 4157.264365284895 6018443.988169438 999.5740000000224 240.697265625 841.519635742181 306.5657382593223 4400.0 4400.0 4400.0 0.0 128.0 128.0 128.0 0.0 5 6 5
100000.0 110000.0 10 1 1545.039808096649 86923.61913542644 4112.881579790286 5954370.85318832 999.4510000000009 235.489990234375 833.5448724609392 293.21365743401753 4400.0 4400.0 4400.0 0.0 128.0 128.0 128.0 0.0 5 4 5
110000.0 120000.0 10 1 1373.8682394328853 78228.35218046638 3667.392644818153 5300989.028930776 999.4990000000107 34.81500000000233 800.1727130859333 361.5911929649478 4400.0 3000.0 3700.0 766.8115805072325 128.0 128.0 128.0 0.0 6 6 4
120000.0 130000.0 10 1 1343.7541005860467 77849.43992649492 3498.209724254649 5052481.22009657 999.9880000000121 24.353000000002794 800.7444847656297 364.0976210120847 4400.0 3000.0 3933.3333333333335 722.9568912920512 128.0 128.0 128.0 0.0 6 6 4
130000.0 140000.0 9 1 1478.6062466749363 81524.54997303885 3953.9867121461625 5717079.223114543 999.969000000041 234.78125 885.8672534722136 256.4110528182024 4400.0 4400.0 4400.0 0.0 128.0 128.0 128.0 0.0 5 5 3
140000.0 150000.0 9 1 1413.8429260086375 77297.1857086787 3817.6358914616794 5528569.25908181 999.5810000000056 230.007080078125 882.0206477864542 256.23491581623466 4400.0 4400.0 4400.0 0.0 128.0 128.0 128.0 0.0 5 5 3
150000.0 160000.0 11 1 1679.6145096642852 91504.39691246129 4547.748355097947 6569836.616332951 999.8579999999492 185.867919921875 895.8478945312302 245.0848245631036 4400.0 4400.0 4400.0 0.0 128.0 128.0 128.0 0.0 6 5 5
160000.0 170000.0 10 1 1556.138484425102 87809.76619879449 4174.106661738488 6035283.868113551 999.9619999999995 240.0009765625 845.1491056640283 281.55179771409274 4400.0 4400.0 4400.0 0.0 128.0 128.0 128.0 0.0 5 6 5
170000.0 180000.0 11 1 1751.4589624147338 97621.56990046387 4630.876469140499 6696900.196055076 999.5329999999958 190.25927734375 900.3291182528483 245.9841281380142 4400.0 4400.0 4400.0 0.0 128.0 128.0 128.0 0.0 6 5 5
180000.0 190000.0 9 1 1337.6135207122832 73635.2755947434 3653.6884135343757 5284849.887872281 999.8530000000028 231.7900390625 854.629084635403 262.44853207822405 4400.0 4400.0 4400.0 0.0 128.0 128.0 128.0 0.0 4 5 3
190000.0 200000.0 11 1 1669.12171246056 91400.01893082568 4470.741059462339 6457991.144055878 998.9959999999264 181.658935546875 900.182808771285 248.19589244288946 4400.0 4400.0 4400.0 0.0 128.0 128.0 128.0 0.0 6 6 5
200000.0 210000.0 10 1 1408.9798739048804 76440.69213163288 3879.3672986296597 5606570.165946577 999.9449999999488 36.72199999995064 808.1482960937312 360.60008585891353 4400.0 4400.0 4400.0 0.0 128.0 128.0 128.0 0.0 5 5 4
210000.0 220000.0 10 1 1442.1583468407139 80333.52104315042 3892.830703967916 5634435.756240028 999.8159999999916 235.635986328125 823.2616089843563 313.8961251860634 4400.0 4400.0 4400.0 0.0 128.0 128.0 128.0 0.0 5 5 5
220000.0 230000.0 11 1 1674.233707332549 91784.52418590289 4546.257872796742 6568852.995389383 999.9610000000102 191.4130859375 899.2749181463045 245.18094059118218 4400.0 3000.0 4000.0 683.1300510639733 128.0 128.0 128.0 0.0 7 6 5
230000.0 240000.0 11 1 1580.0796776213997 89540.65510594226 4300.050145500353 6196631.0422235485 999.1920000000391 138.488037109375 901.4980864701687 259.31003520853125 4400.0 3000.0 4166.666666666667 571.5476066494082 128.0 128.0 128.0 0.0 6 7 5
240000.0 250000.0 10 1 1328.5579357861875 75498.72798873854 3570.9062307127006 5156813.602733499 999.6330000000307 110.77500000002328 814.8647220703191 341.91744228655926 4400.0 3000.0 3933.3333333333335 722.9568912920512 128.0 128.0 128.0 0.0 6 6 4
250000.0 260000.0 11 1 1336.0553705770167 77406.1590961863 3596.2720336804587 5178839.299751569 999.9960000000428 115.322021484375 889.6603421519976 265.9902179859767 4400.0 3000.0 4000.0 683.1300510639733 128.0 128.0 128.0 0.0 7 7 5
260000.0 270000.0 8 1 1180.1517831622386 66159.78622345548 3118.1583770198527 4497508.227405693 999.9250000000466 231.822998046875 853.3271220703173 259.0978848236435 4400.0 3000.0 3560.0 766.8115805072325 128.0 128.0 128.0 0.0 5 3 5
270000.0 280000.0 11 1 1705.7175828644927 99750.33321963112 4423.915768668727 6377399.585758771 999.905999999959 206.30810546875 905.156009765617 241.91568325181046 4400.0 3000.0 3800.0 748.3314773547883 128.0 128.0 128.0 0.0 7 9 5
280000.0 290000.0 10 1 1256.6173408163709 69704.77147165163 3352.4847153600826 4838370.206662736 998.5300000000279 66.54599999997299 800.3056992187397 363.86367914482713 4400.0 4400.0 4400.0 0.0 128.0 128.0 128.0 0.0 5 5 5
290000.0 300000.0 11 1 1668.8009416709253 95873.0679895543 4336.140216157899 6252450.165595363 999.716999999946 128.747314453125 902.0639287997037 262.0236183488539 4400.0 3000.0 3875.0 724.568837309472 128.0 128.0 128.0 0.0 8 8 5
