ts te nbins ncons c_pkts_all c_ack_cnt c_ack_cnt_p c_bytes_all c_bytes_uniq s_pkts_all s_ack_cnt s_ack_cnt_p s_bytes_all s_bytes_uniq c_pkts_retx s_pkts_retx c_pkts_data s_pkts_data max_bin_duration min_bin_duration avg_bin_duration std_bin_duration max_video_rate min_video_rate avg_video_rate std_video_rate max_audio_rate min_audio_rate avg_audio_rate std_audio_rate video_reqs audio_reqs media_reqs
0.0 10000.0 10 4 141.85944936995475 136.85944936995475 118.85944936995475 15625.0 15625.0 236.5918805411991 236.5918805411991 21.0 322318.5140455946 240107.0 0.0 57.59188054119908 17.0 211.5918805411991 981.1889999999985 3.870999999999185 556.9585083984373 405.5366524385374 2300.0 480.0 1390.0 1050.777489925119 128.0 128.0 128.0 0.0 4 3 2
10000.0 20000.0 22 3 524.1405506300453 524.1405506300453 500.14055063004525 20058.0 20058.0 694.4081194588009 694.4081194588009 24.0 943978.4859544054 773468.0 0.0 122.40811945880091 24.0 670.4081194588009 999.6800000000003 139.37900000000081 737.9177234552557 334.0218803821494 288.0 288.0 288.0 0.0 128.0 128.0 128.0 0.0 10 9 5
20000.0 30000.0 15 3 616.0 616.0 598.0 15015.0 15015.0 656.0 656.0 18.0 1019440.0 957840.0 0.0 44.0 18.0 638.0 990.0339999999997 50.309000000001106 556.9959333333322 341.97008185417667 840.0 480.0 685.7142857142857 192.42809417694556 128.0 128.0 128.0 0.0 7 6 5
30000.0 40000.0 15 4 1246.0470996618928 1245.0470996618928 1225.2853247464195 16946.890928997476 16946.890928997476 1651.808874577366 1651.808874577366 20.523549830946376 2673176.765004027 2608124.765004027 0.0 47.0 19.761774915473186 1630.2853247464195 997.1889999999912 40.1869999999908 496.9110602864564 347.07594572720524 3000.0 1500.0 2157.1428571428573 677.8818551368738 128.0 128.0 128.0 0.0 7 5 5
40000.0 50000.0 19 3 1927.0334985709787 1927.0334985709787 1910.3396813016095 13934.806506270214 13934.806506270214 2745.626986176766 2745.626986176766 16.932042353896115 4676595.189479989 4575157.36042121 0.0 70.45559218484249 16.693817269369305 2728.69494382287 999.4079999999958 25.735000000000582 621.804807771381 394.50199078511577 3000.0 3000.0 3000.0 0.0 128.0 128.0 128.0 0.0 6 6 5
50000.0 60000.0 18 3 1629.745227023424 1629.745227023424 1613.4131789424107 13630.495668582844 13630.495668582844 2489.0382649730564 2489.0382649730564 16.332048081013255 4214976.551027356 4138614.3800861347 0.0 52.54440781515751 16.332048081013255 2472.706216892043 999.6640000000043 48.721000000005006 725.1278744574665 364.47702823973606 3000.0 3000.0 3000.0 0.0 128.0 128.0 128.0 0.0 6 6 5
60000.0 70000.0 20 3 2613.780151577729 2613.780151577729 2596.1593339928763 14703.319948595607 14703.319948595607 3632.442056866216 3632.442056866216 17.620817584853107 5923457.187850591 5739578.276663327 0.0 129.6338314028354 17.620817584853107 3614.8212392813625 999.9959999999992 71.84100000000035 743.9475149414066 325.8283339768995 4400.0 3000.0 4200.0 529.1502622129182 128.0 128.0 128.0 0.0 7 6 5
70000.0 80000.0 19 4 2748.8826118923503 2748.8826118923503 2731.9440021305845 14144.94131674734 14144.94131674734 3868.1079351621647 3868.1079351621647 16.938609761765857 6413632.928850124 6181826.165652623 0.0 163.14265720250413 16.938609761765857 3851.1693254003985 999.7719999999972 53.64099999998871 786.8765266241787 313.80730038471086 4400.0 4400.0 4400.0 0.0 128.0 128.0 128.0 0.0 6 5 5
80000.0 90000.0 17 2 2320.511411273625 2320.511411273625 2306.8584788861 11372.545630806519 11372.545630806519 3359.9758822444314 3359.9758822444314 13.652932387525297 5488425.377787914 5251258.052172679 0.0 167.22351139466048 13.652932387525297 3346.3229498569062 999.7989999999991 1.804999999993015 783.4103943014728 336.6847745571039 4400.0 4400.0 4400.0 0.0 128.0 128.0 128.0 0.0 4 5 5
90000.0 100000.0 16 3 1821.5069566212571 1821.5069566212571 1805.0192942430858 13761.1337593818 13761.1337593818 2803.82305374556 2803.82305374556 16.236343237108766 4622581.227762455 4542176.173609522 0.0 55.432181537809335 16.48766237817134 2787.5867105084512 999.5040000000008 123.15400000000955 704.2068239746104 358.1792936955477 4400.0 3000.0 3233.3333333333335 571.5476066494082 128.0 128.0 128.0 0.0 6 6 5
100000.0 110000.0 18 2 1640.313127213571 1640.313127213571 1623.7350679275914 13837.27863864346 13837.27863864346 2553.800921127777 2553.800921127777 16.82937842704226 4221320.069207304 4030347.091632817 0.0 135.94664810110876 16.578059285979688 2536.9715427007354 999.9140000000043 101.86872656250489 682.65065842014 369.3697393377076 3000.0 3000.0 3000.0 0.0 128.0 128.0 128.0 0.0 5 5 5
110000.0 120000.0 18 3 2189.611300314195 2189.611300314195 2173.0014652658497 13022.406353896253 13022.406353896253 3242.3053386126435 3242.3053386126435 15.609835048344829 5437200.652505139 5271591.993270146 0.0 116.7545210485198 15.609835048344829 3225.695503564298 999.3910000000033 61.76900000000023 668.530550130208 371.7489883280189 4400.0 3000.0 3933.3333333333335 722.9568912920512 128.0 128.0 128.0 0.0 6 6 5
120000.0 130000.0 13 2 1347.9264398801936 1347.9264398801936 1334.7369114178316 10987.852794958935 10987.852794958935 2121.835009852817 2121.835009852817 13.189528462361816 3491731.9291705154 3401826.384483848 0.0 61.72681763333347 13.189528462361816 2108.6454813904556 999.5780000000086 248.53200000000652 684.8957756911069 327.2628520496736 4400.0 3000.0 3350.0 700.0 128.0 128.0 128.0 0.0 4 4 5
130000.0 140000.0 18 3 1875.7268267576499 1875.7268267576499 1858.897836928963 14047.739606103973 14047.739606103973 2801.7278278025124 2801.7278278025124 16.828989828686765 4754327.403418871 4594320.028859537 0.0 104.43245680328411 16.828989828686765 2784.8988379738257 999.7790000000095 43.85800000000745 688.4644968532973 397.3999343461986 4400.0 3000.0 3466.6666666666665 722.9568912920512 128.0 128.0 128.0 0.0 6 6 5
140000.0 150000.0 16 2 1937.1691070933366 1937.1691070933366 1922.1655184430579 12513.02164353459 12513.02164353459 2928.9924640429344 2928.9924640429344 15.003588650278608 4916127.257806068 4768818.118630255 0.0 100.07933872182113 15.003588650278608 2913.988875392656 999.6300000000047 82.26900000002934 658.5593200683597 420.00967955569524 4400.0 4400.0 4400.0 0.0 128.0 128.0 128.0 0.0 5 5 5
150000.0 160000.0 16 2 1988.0729045937856 1988.0729045937856 1973.084100018597 12500.573452308956 12500.573452308956 2902.2347431069747 2902.2347431069747 14.988804575188784 4767900.559221748 4583131.697879193 0.0 132.17918667325358 14.988804575188784 2887.2459385317857 999.9739999999874 90.74600000001374 658.3633057861298 411.70152266582505 4400.0 4400.0 4400.0 0.0 128.0 128.0 128.0 0.0 5 5 5
160000.0 170000.0 16 2 1868.9840048137485 1868.9840048137485 1853.8947180587213 12585.627937764879 12585.627937764879 2797.185716621479 2797.185716621479 14.752949481890752 4645918.021535815 4499324.80837929 0.0 100.20658082608983 15.089286755027263 2782.432767139588 999.7360000000044 81.01399999999558 711.120924316414 372.7553004086017 4400.0 4400.0 4400.0 0.0 128.0 128.0 128.0 0.0 5 5 5
170000.0 180000.0 17 3 1689.13514837564 1689.13514837564 1673.7862324530233 11967.78996912944 11967.78996912944 2646.623740581048 2646.623740581048 14.685253195753353 4348974.566101072 4228317.837169022 0.0 85.32831976242794 14.348915922616841 2630.938487385295 999.4590000000026 83.36712109376094 619.1889505974352 323.721987257433 4400.0 3000.0 3280.0 626.0990336999411 128.0 128.0 128.0 0.0 5 5 5
180000.0 190000.0 17 2 2002.377101271569 2002.377101271569 1984.811936318013 14661.417638576044 14661.417638576044 3015.6678390750867 3015.6678390750867 17.56516495355585 4949486.854581024 4730301.407396383 0.0 151.91394889235204 17.565164953555854 2998.102674121531 999.823000000004 92.08999999999651 723.3527749310699 334.16719523759843 4400.0 3000.0 3466.6666666666665 722.9568912920512 128.0 128.0 128.0 0.0 6 6 5
190000.0 200000.0 16 2 1983.7329150594219 1983.7329150594219 1968.7433972503645 12501.173995226307 12501.173995226307 3018.452532854947 3018.452532854947 14.989517809057372 5175632.6931372415 5039672.836904449 0.0 90.11418302342248 14.989517809057372 3003.4630150458897 999.987999999983 47.25500000000466 647.5647478027367 414.85852990417055 4400.0 4400.0 4400.0 0.0 128.0 128.0 128.0 0.0 5 5 5
200000.0 210000.0 16 2 2018.4284440742633 2018.4284440742633 2003.4206988918986 12516.521443551195 12516.521443551195 3085.896707203024 3085.896707203024 15.007745182364841 5171361.473336157 5042816.13046921 0.0 90.13100319618559 15.007745182364841 3070.888962020659 999.9459999999963 82.46799999999348 653.7249925537308 418.033576796063 4400.0 4400.0 4400.0 0.0 128.0 128.0 128.0 0.0 5 5 5
210000.0 220000.0 16 2 1771.484385399669 1771.484385399669 1756.6901578556635 12337.256700511381 12337.256700511381 2681.581002813732 2681.581002813732 14.534108168970585 4433578.448649636 4198119.822118542 0.0 162.93423221484616 14.794227544005619 2667.046894644762 999.0819999999949 103.76199999998789 669.4730029296861 360.28388971454433 4400.0 3000.0 3280.0 626.0990336999411 128.0 128.0 128.0 0.0 5 5 5
220000.0 230000.0 18 2 1800.1083139994414 1800.1083139994414 1782.9455668256733 14328.516011854084 14328.516011854084 2705.857434967977 2705.857434967977 17.42286654880313 4488931.573783266 4362055.399414099 0.0 89.82058156554577 17.162747173768093 2688.434568419174 999.8930000000109 17.964999999996508 718.8028386501763 377.1505055642397 3000.0 3000.0 3000.0 0.0 128.0 128.0 128.0 0.0 6 6 5
230000.0 240000.0 16 2 1975.4759607435997 1975.4759607435997 1960.4373699823525 12542.493420970168 12542.493420970168 3047.852197336789 3047.852197336789 15.03859076124723 5080604.405390877 4915404.405390877 0.0 108.0 15.03859076124723 3032.8136065755416 999.7589999999909 44.383000000030734 662.4951806640747 415.1078552480479 4400.0 3000.0 4120.0 626.0990336999411 128.0 128.0 128.0 0.0 5 5 5
240000.0 250000.0 16 3 2043.1955202746658 2042.1955202746658 2025.1874584997777 14653.788014455851 14653.788014455851 2995.567212044459 2995.567212044459 18.008061774888183 4921206.52600587 4563091.377076026 0.0 250.21653494988823 17.008061774888183 2976.559150269571 999.8329999999842 88.61300000001211 630.5801320800892 354.4213551412283 4400.0 2300.0 3280.0 1061.602562167217 128.0 128.0 128.0 0.0 5 5 5
250000.0 260000.0 16 2 1961.5088284013138 1961.5088284013138 1946.6063293444581 12428.717755547772 12428.717755547772 2966.5967895975978 2966.5967895975978 14.902499056855783 4962654.935874648 4788838.238204851 0.0 121.6477251989227 14.902499056855783 2951.6942905407423 999.914999999979 80.72499999997672 693.9767347412126 360.2149473607136 4400.0 3000.0 3840.0 766.8115805072325 128.0 128.0 128.0 0.0 5 5 5
260000.0 270000.0 16 2 1694.4246567972893 1694.4246567972893 1679.3205943068892 12596.807067241674 12596.807067241674 2431.607463229951 2431.607463229951 15.104062490400091 4037890.0811647996 3765310.306053092 0.0 183.71404107358117 15.104062490400091 2416.5034007395507 999.7160000000149 166.74699999997392 730.082828857423 305.7510468898212 3000.0 3000.0 3000.0 0.0 128.0 128.0 128.0 0.0 5 5 5
270000.0 280000.0 18 3 1972.0466584619767 1972.0466584619767 1955.0747930167818 14168.310704853971 14168.310704853971 2837.3020392484013 2837.3020392484013 16.971865445194737 4685547.515734788 4529776.622748608 0.0 106.77492356155791 16.971865445194737 2820.330173803207 999.6130000000121 73.13500000000931 706.6506651475793 388.5883744412453 4400.0 3000.0 3233.3333333333335 571.5476066494082 128.0 128.0 128.0 0.0 6 6 5
280000.0 290000.0 16 2 2050.6701585366573 2050.6701585366573 2035.6536799395274 12523.87497878337 12523.87497878337 3148.578896537246 3148.578896537246 15.016478597129893 5349840.248642905 5233376.03523553 0.0 79.50309216728643 15.016478597129893 3133.5624179401157 999.9789999999921 78.1589999999851 654.6237436523443 420.0566640867832 4400.0 4400.0 4400.0 0.0 128.0 128.0 128.0 0.0 5 5 5
290000.0 300000.0 16 2 2257.6986652796168 2257.6986652796168 2242.6982318947285 12510.36491007606 12510.36491007606 3462.995296841908 3462.995296841908 15.000433384888433 5759034.415169677 5585867.249930378 0.0 122.37646400890848 15.000433384888433 3447.9948634570196 999.789999999979 51.75500000000466 653.0324350585906 395.446601124912 4400.0 4400.0 4400.0 0.0 128.0 128.0 128.0 0.0 5 5 5
300000.0 310000.0 1 1 74.40257603713843 74.40257603713843 74.08864111715052 264.3332026298336 264.3332026298336 126.51577275513414 126.51577275513414 0.3139349199879259 204811.14180012286 199537.0351443257 0.0 3.7672190398551106 0.3139349199879259 126.20183783514621 313.78705664060544 313.78705664060544 313.78705664060544 0.0 0.0 0.0 0.0 0.0 0.0 0.0 0.0 0.0 0 0 0
