ts te nbins ncons c_tcp_packs c_tcp_bytes c_udp_packs c_udp_bytes s_tcp_packs s_tcp_bytes s_udp_packs s_udp_bytes max_bins_span min_bins_span avg_bins_span std_bins_span max_video_rate min_video_rate avg_video_rate std_video_rate max_audio_rate min_audio_rate avg_audio_rate std_audio_rate video_requests audio_requests
0 2000 28 25 151 35535 7 3207 224 91203 9 6126 919 0 373 291 0 0 0 0 0 0 0 0 0 0
2000 4000 6 5 10 1149 0 0 18 3822 0 0 795 43 290 266 0 0 0 0 0 0 0 0 0 0
4000 6000 15 13 82 24092 17 6629 109 31984 16 9887 846 20 361 198 2300 2300 2300 0 128 128 128 0 2 2
6000 8000 8 7 35 14808 0 0 50 10520 0 0 787 52 333 251 840 840 840 0 128 128 128 0 5 5
8000 10000 11 11 39 17029 105 57596 56 16231 120 43215 698 64 256 216 840 840 840 0 128 128 128 0 4 4
10000 12000 7 6 21 32829 102 17107 38 4677 171 158564 994 172 388 276 8000 8000 8000 0 128 128 128 0 2 2
12000 14000 1 1 0 0 5 5323 0 0 3 110 64 64 64 0 8000 8000 8000 0 128 128 128 0 1 1
14000 16000 2 2 0 0 14 9753 0 0 11 659 146 114 130 22 8000 8000 8000 0 128 128 128 0 1 1
16000 18000 2 2 6 4215 0 0 12 3950 0 0 430 231 330 140 0 0 0 0 0 0 0 0 0 0
18000 20000 2 2 1 954 0 0 2 417 0 0 164 30 97 94 4400 4400 4400 0 128 128 128 0 2 2
20000 22000 3 2 9 11424 0 0 15 1135 0 0 769 0 341 392 4400 4400 4400 0 128 128 128 0 1 1
22000 24000 0 0 0 0 0 0 0 0 0 0 0 0 0 0 0 0 0 0 0 0 0 0 0 0
24000 26000 0 0 0 0 0 0 0 0 0 0 0 0 0 0 0 0 0 0 0 0 0 0 0 0
26000 28000 2 2 5 1929 0 0 10 3506 0 0 434 75 254 253 4400 4400 4400 0 128 128 128 0 1 1
28000 30000 2 2 18 7664 0 0 23 8518 0 0 998 339 669 465 4400 4400 4400 0 128 128 128 0 2 2
30000 32000 5 5 68 149694 0 0 121 1452 0 0 832 266 442 250 4400 4400 4400 0 128 128 128 0 1 1
32000 34000 0 0 0 0 0 0 0 0 0 0 0 0 0 0 0 0 0 0 0 0 0 0 0 0
34000 36000 1 1 2 35 0 0 3 31 0 0 327 327 327 0 4400 4400 4400 0 128 128 128 0 1 1
36000 38000 6 6 11 5073 18 9338 20 4403 20 10583 402 181 279 81 4400 4400 4400 0 128 128 128 0 1 1
38000 40000 1 1 0 188 0 0 0 38 0 0 33 33 33 0 4400 4400 4400 0 128 128 128 0 1 2
40000 42000 13 13 19 11389 0 0 25 756 0 0 289 20 64 98 4400 4400 4400 0 0 0 0 0 1 0
42000 44000 0 0 0 0 0 0 0 0 0 0 0 0 0 0 0 0 0 0 0 0 0 0 0 0
44000 46000 5 5 5 0 0 0 5 0 0 0 18 17 17 0 4400 4400 4400 0 128 128 128 0 1 1
46000 48000 15 15 28 12040 0 0 39 4700 0 0 650 17 105 188 4400 4400 4400 0 128 128 128 0 2 2
48000 50000 4 4 4 0 0 0 4 0 0 0 174 17 61 75 4400 4400 4400 0 128 128 128 0 1 1
50000 52000 7 7 13 11292 0 0 19 756 0 0 288 16 94 128 4400 4400 4400 0 128 128 128 0 1 1
52000 54000 1 1 1 0 0 0 1 0 0 0 24 24 24 0 4400 4400 4400 0 128 128 128 0 1 1
54000 56000 1 1 1 0 0 0 1 0 0 0 16 16 16 0 4400 4400 4400 0 128 128 128 0 1 1
56000 58000 12 12 30 7156 0 0 28 5509 0 0 397 69 144 114 4400 4400 4400 0 128 128 128 0 1 1
58000 60000 4 3 13 5085 0 0 16 4455 0 0 725 0 266 317 4400 4400 4400 0 128 128 128 0 1 1
60000 62000 7 7 20 10396 0 0 27 1320 0 0 556 62 204 192 4400 4400 4400 0 128 128 128 0 1 1
62000 64000 0 0 0 0 0 0 0 0 0 0 0 0 0 0 0 0 0 0 0 0 0 0 0 0
64000 66000 5 5 67 129840 0 0 125 6420 0 0 660 58 270 243 4400 4400 4400 0 128 128 128 0 1 1
66000 68000 4 4 9 4921 0 0 18 4133 0 0 432 253 328 74 4400 4400 4400 0 128 128 128 0 1 1
68000 70000 2 2 1 1733 0 0 3 311 0 0 272 13 143 182 4400 4400 4400 0 128 128 128 0 1 1
70000 72000 3 3 11 11977 0 0 16 775 0 0 274 67 187 107 4400 4400 4400 0 128 128 128 0 1 1
72000 74000 0 0 0 0 0 0 0 0 0 0 0 0 0 0 0 0 0 0 0 0 0 0 0 0
74000 76000 0 0 0 0 0 0 0 0 0 0 0 0 0 0 0 0 0 0 0 0 0 0 0 0
76000 78000 3 3 3 0 0 0 4 53 0 0 41 19 26 12 4400 4400 4400 0 128 128 128 0 1 1
78000 80000 1 1 0 0 0 0 0 23 0 0 18 18 18 0 4400 4400 4400 0 128 128 128 0 1 1
80000 82000 2 2 8 10954 0 0 14 756 0 0 291 284 288 5 4400 4400 4400 0 128 128 128 0 1 1
82000 84000 0 0 0 0 0 0 0 0 0 0 0 0 0 0 0 0 0 0 0 0 0 0 0 0
84000 86000 1 1 1 0 0 0 1 0 0 0 30 30 30 0 4400 4400 4400 0 128 128 128 0 1 1
86000 88000 2 2 7 4150 0 0 10 314 0 0 648 17 333 446 4400 4400 4400 0 128 128 128 0 1 2
88000 90000 1 1 1 0 0 0 1 0 0 0 25 25 25 0 4400 4400 4400 0 0 0 0 0 2 0
90000 92000 12 12 17 10751 0 0 25 787 0 0 318 0 84 121 4400 4400 4400 0 128 128 128 0 1 2
92000 94000 4 4 4 0 0 0 4 0 0 0 27 25 26 0 4400 4400 4400 0 128 128 128 0 1 1
94000 96000 4 4 4 35 0 0 6 31 0 0 339 16 97 161 4400 4400 4400 0 128 128 128 0 1 1
96000 98000 7 7 5 70 19 9381 9 62 23 12427 311 16 169 143 4400 4400 4400 0 128 128 128 0 1 1
98000 100000 0 0 0 0 0 0 0 0 0 0 0 0 0 0 0 0 0 0 0 0 0 0 0 0
100000 102000 2 2 8 10950 0 0 14 756 0 0 280 280 280 0 4400 4400 4400 0 128 128 128 0 1 1
102000 104000 0 0 0 0 0 0 0 0 0 0 0 0 0 0 0 0 0 0 0 0 0 0 0 0
104000 106000 0 0 0 0 0 0 0 0 0 0 0 0 0 0 0 0 0 0 0 0 0 0 0 0
106000 108000 1 1 1 0 0 0 2 0 0 0 76 76 76 0 4400 4400 4400 0 128 128 128 0 1 1
108000 110000 0 0 0 0 0 0 0 0 0 0 0 0 0 0 0 0 0 0 0 0 0 0 0 0
110000 112000 4 4 10 10381 0 0 17 756 0 0 276 23 165 128 4400 4400 4400 0 128 128 128 0 1 1
112000 114000 3 3 3 0 0 0 6 0 0 0 83 19 61 36 4400 4400 4400 0 128 128 128 0 1 1
114000 116000 5 5 5 0 0 0 9 0 0 0 80 18 54 29 4400 4400 4400 0 128 128 128 0 1 1
116000 118000 2 2 2 0 0 0 4 0 0 0 82 75 79 4 4400 4400 4400 0 128 128 128 0 1 1
118000 120000 6 6 6 0 0 0 12 0 0 0 82 23 67 22 4400 4400 4400 0 128 128 128 0 1 1
120000 122000 9 9 25 13099 0 0 41 8629 0 0 446 17 180 151 4400 4400 4400 0 128 128 128 0 1 1
122000 124000 7 7 67 9602 0 0 94 145520 0 0 773 23 260 296 4400 4400 4400 0 128 128 128 0 1 1
124000 126000 9 7 93 124570 0 0 151 13093 0 0 944 0 455 250 4400 4400 4400 0 128 128 128 0 1 1
126000 128000 6 6 10 5370 0 0 19 1843 0 0 647 0 223 245 4400 4400 4400 0 128 128 128 0 1 1
128000 130000 3 3 10 5162 0 0 17 6282 0 0 797 10 402 393 4400 4400 4400 0 128 128 128 0 1 1
130000 132000 3 3 11 19612 0 0 20 756 0 0 294 0 188 163 4400 4400 4400 0 128 128 128 0 1 1
132000 134000 1 1 0 0 0 0 0 0 0 0 0 0 0 0 4400 4400 4400 0 128 128 128 0 1 2
134000 136000 2 2 5 0 0 0 7 154 0 0 94 22 58 50 4400 4400 4400 0 128 128 128 0 2 1
136000 138000 0 0 0 0 0 0 0 0 0 0 0 0 0 0 0 0 0 0 0 0 0 0 0 0
138000 140000 1 1 2 0 0 0 3 77 0 0 81 81 81 0 4400 4400 4400 0 128 128 128 0 1 1
140000 142000 3 3 9 10968 0 0 15 756 0 0 274 100 212 97 4400 4400 4400 0 128 128 128 0 1 1
142000 144000 0 0 0 0 0 0 0 0 0 0 0 0 0 0 0 0 0 0 0 0 0 0 0 0
144000 146000 0 0 0 0 0 0 0 0 0 0 0 0 0 0 0 0 0 0 0 0 0 0 0 0
146000 148000 0 0 0 0 0 0 0 0 0 0 0 0 0 0 0 0 0 0 0 0 0 0 0 0
148000 150000 0 0 0 0 0 0 0 0 0 0 0 0 0 0 0 0 0 0 0 0 0 0 0 0
150000 152000 5 4 14 10418 0 0 18 806 0 0 563 0 261 202 4400 4400 4400 0 128 128 128 0 1 1
152000 154000 1 1 0 0 0 0 0 0 0 0 0 0 0 0 4400 4400 4400 0 128 128 128 0 1 1
154000 156000 2 2 3 35 0 0 5 63 0 0 679 0 339 480 4400 4400 4400 0 128 128 128 0 1 1
156000 158000 2 2 1 59 0 0 5 52 0 0 254 219 237 24 4400 4400 4400 0 128 128 128 0 1 1
158000 160000 2 2 1 10 0 0 1 9 0 0 563 90 326 334 4400 4400 4400 0 128 128 128 0 1 1
160000 162000 2 2 13 12489 0 0 19 1215 0 0 481 424 452 40 4400 4400 4400 0 128 128 128 0 1 1
162000 164000 0 0 0 0 0 0 0 0 0 0 0 0 0 0 0 0 0 0 0 0 0 0 0 0
164000 166000 0 0 0 0 0 0 0 0 0 0 0 0 0 0 0 0 0 0 0 0 0 0 0 0
166000 168000 3 3 8 4188 0 0 12 349 0 0 584 20 208 325 4400 4400 4400 0 128 128 128 0 1 1
168000 170000 0 0 0 0 0 0 0 0 0 0 0 0 0 0 0 0 0 0 0 0 0 0 0 0
170000 172000 3 3 9 11003 0 0 15 756 0 0 270 16 185 146 4400 4400 4400 0 128 128 128 0 1 1
172000 174000 0 0 0 0 0 0 0 0 0 0 0 0 0 0 0 0 0 0 0 0 0 0 0 0
174000 176000 1 1 1 0 0 0 1 0 0 0 18 18 18 0 4400 4400 4400 0 128 128 128 0 1 1
176000 178000 0 0 0 0 0 0 0 0 0 0 0 0 0 0 0 0 0 0 0 0 0 0 0 0
178000 180000 0 0 0 0 0 0 0 0 0 0 0 0 0 0 0 0 0 0 0 0 0 0 0 0
180000 182000 4 4 10 10740 0 0 18 787 0 0 304 20 215 131 4400 4400 4400 0 128 128 128 0 1 1
182000 184000 0 0 0 0 0 0 0 0 0 0 0 0 0 0 0 0 0 0 0 0 0 0 0 0
184000 186000 3 3 49 109671 0 0 94 552 0 0 501 0 270 253 4400 4400 4400 0 128 128 128 0 2 1
186000 188000 2 2 1 52 0 0 4 46 0 0 322 138 230 130 4400 4400 4400 0 128 128 128 0 1 1
188000 190000 3 3 17 7695 0 0 26 4734 0 0 571 137 426 250 4400 4400 4400 0 128 128 128 0 1 1
190000 192000 2 2 10 12582 0 0 15 775 0 0 264 203 233 43 4400 4400 4400 0 128 128 128 0 1 1
192000 194000 0 0 0 0 0 0 0 0 0 0 0 0 0 0 0 0 0 0 0 0 0 0 0 0
194000 196000 0 0 0 0 0 0 0 0 0 0 0 0 0 0 0 0 0 0 0 0 0 0 0 0
196000 198000 0 0 0 0 0 0 0 0 0 0 0 0 0 0 0 0 0 0 0 0 0 0 0 0
198000 200000 1 1 2 0 0 0 3 77 0 0 77 77 77 0 4400 4400 4400 0 128 128 128 0 1 1
200000 202000 2 2 15 12456 0 0 20 1234 0 0 431 205 318 159 4400 4400 4400 0 128 128 128 0 1 1
202000 204000 0 0 0 0 0 0 0 0 0 0 0 0 0 0 0 0 0 0 0 0 0 0 0 0
204000 206000 0 0 0 0 0 0 0 0 0 0 0 0 0 0 0 0 0 0 0 0 0 0 0 0
206000 208000 1 1 7 4191 0 0 10 314 0 0 645 645 645 0 4400 4400 4400 0 128 128 128 0 1 1
208000 210000 0 0 0 0 0 0 0 0 0 0 0 0 0 0 0 0 0 0 0 0 0 0 0 0
210000 212000 3 3 14 12813 0 0 22 1246 0 0 469 299 399 89 4400 4400 4400 0 128 128 128 0 1 1
212000 214000 2 2 2 0 0 0 2 0 0 0 26 26 26 0 4400 4400 4400 0 128 128 128 0 1 1
214000 216000 1 1 1 35 0 0 3 31 0 0 304 304 304 0 4400 4400 4400 0 128 128 128 0 1 1
216000 218000 2 2 1 45 0 0 3 40 0 0 288 98 193 134 4400 4400 4400 0 128 128 128 0 1 1
218000 220000 1 1 0 24 0 0 2 21 0 0 218 218 218 0 4400 4400 4400 0 128 128 128 0 1 1
220000 222000 2 2 8 10382 0 0 14 756 0 0 259 258 258 0 4400 4400 4400 0 128 128 128 0 1 1
222000 224000 0 0 0 0 0 0 0 0 0 0 0 0 0 0 0 0 0 0 0 0 0 0 0 0
224000 226000 0 0 0 0 0 0 0 0 0 0 0 0 0 0 0 0 0 0 0 0 0 0 0 0
226000 228000 0 0 0 0 0 0 0 0 0 0 0 0 0 0 0 0 0 0 0 0 0 0 0 0
228000 230000 0 0 0 0 0 0 0 0 0 0 0 0 0 0 0 0 0 0 0 0 0 0 0 0
230000 232000 3 3 9 11556 0 0 17 1135 0 0 677 18 317 333 4400 4400 4400 0 128 128 128 0 2 2
232000 234000 0 0 0 0 0 0 0 0 0 0 0 0 0 0 0 0 0 0 0 0 0 0 0 0
234000 236000 3 3 3 0 0 0 5 0 0 0 83 24 54 29 4400 4400 4400 0 128 128 128 0 1 2
236000 238000 0 0 0 0 0 0 0 0 0 0 0 0 0 0 0 0 0 0 0 0 0 0 0 0
238000 240000 0 0 0 0 0 0 0 0 0 0 0 0 0 0 0 0 0 0 0 0 0 0 0 0
240000 242000 5 5 61 16872 0 0 92 94820 0 0 323 274 294 20 0 0 0 0 0 0 0 0 0 0
242000 244000 3 3 52 14141 0 0 76 86472 0 0 982 259 679 375 4400 4400 4400 0 128 128 128 0 2 2
244000 246000 6 5 60 111546 0 0 114 6367 0 0 620 22 300 204 4400 4400 4400 0 128 128 128 0 1 1
246000 248000 4 4 19 8787 0 0 29 6756 0 0 639 3 376 282 4400 4400 4400 0 128 128 128 0 1 1
248000 250000 3 3 9 5191 0 0 16 4396 0 0 387 327 351 31 4400 4400 4400 0 128 128 128 0 1 1
250000 252000 3 3 11 19040 0 0 20 759 0 0 292 3 194 165 4400 4400 4400 0 128 128 128 0 1 1
252000 254000 0 0 0 0 0 0 0 0 0 0 0 0 0 0 0 0 0 0 0 0 0 0 0 0
254000 256000 0 0 0 0 0 0 0 0 0 0 0 0 0 0 0 0 0 0 0 0 0 0 0 0
256000 258000 1 1 4 0 0 0 4 77 0 0 19 19 19 0 4400 4400 4400 0 128 128 128 0 1 1
258000 260000 1 1 3 0 0 0 4 77 0 0 71 71 71 0 4400 4400 4400 0 128 128 128 0 1 1
260000 262000 2 2 8 10384 0 0 14 756 0 0 293 275 284 12 4400 4400 4400 0 128 128 128 0 1 1
262000 264000 0 0 0 0 0 0 0 0 0 0 0 0 0 0 0 0 0 0 0 0 0 0 0 0
264000 266000 0 0 0 0 0 0 0 0 0 0 0 0 0 0 0 0 0 0 0 0 0 0 0 0
266000 268000 0 0 0 0 0 0 0 0 0 0 0 0 0 0 0 0 0 0 0 0 0 0 0 0
268000 270000 0 0 0 0 0 0 0 0 0 0 0 0 0 0 0 0 0 0 0 0 0 0 0 0
270000 272000 3 3 11 11008 0 0 19 806 0 0 307 182 255 65 4400 4400 4400 0 128 128 128 0 1 1
272000 274000 0 0 0 0 0 0 0 0 0 0 0 0 0 0 0 0 0 0 0 0 0 0 0 0
274000 276000 1 1 1 35 0 0 3 31 0 0 319 319 319 0 4400 4400 4400 0 128 128 128 0 1 1
276000 278000 1 1 1 35 0 0 3 31 0 0 305 305 305 0 4400 4400 4400 0 128 128 128 0 2 2
278000 280000 1 1 1 35 0 0 3 31 0 0 288 288 288 0 0 0 0 0 0 0 0 0 0 0
280000 282000 2 2 13 12425 0 0 19 1215 0 0 316 259 287 40 4400 4400 4400 0 128 128 128 0 1 2
282000 284000 0 0 0 0 0 0 0 0 0 0 0 0 0 0 0 0 0 0 0 0 0 0 0 0
284000 286000 0 0 0 0 0 0 0 0 0 0 0 0 0 0 0 0 0 0 0 0 0 0 0 0
286000 288000 1 1 6 4187 0 0 9 314 0 0 636 636 636 0 4400 4400 4400 0 128 128 128 0 1 1
288000 290000 2 2 2 0 0 0 2 0 0 0 19 18 19 0 4400 4400 4400 0 128 128 128 0 1 1
290000 292000 3 3 12 12095 0 0 17 775 0 0 261 18 162 127 4400 4400 4400 0 128 128 128 0 1 1
292000 294000 0 0 0 0 0 0 0 0 0 0 0 0 0 0 0 0 0 0 0 0 0 0 0 0
294000 296000 1 1 1 0 0 0 1 0 0 0 28 28 28 0 4400 4400 4400 0 128 128 128 0 1 1
296000 298000 0 0 0 0 0 0 0 0 0 0 0 0 0 0 0 0 0 0 0 0 0 0 0 0
298000 300000 0 0 0 0 0 0 0 0 0 0 0 0 0 0 0 0 0 0 0 0 0 0 0 0
