ts te nbins ncons c_tcp_packs c_tcp_bytes c_udp_packs c_udp_bytes s_tcp_packs s_tcp_bytes s_udp_packs s_udp_bytes max_bins_span min_bins_span avg_bins_span std_bins_span max_video_rate min_video_rate avg_video_rate std_video_rate max_audio_rate min_audio_rate avg_audio_rate std_audio_rate video_requests audio_requests
0 2000 23 22 220 52977 12 4577 309 182118 14 9998 950 41 327 279 0 0 0 0 0 0 0 0 0 0
2000 4000 7 6 14 2925 0 0 20 4209 0 0 223 3 108 92 0 0 0 0 0 0 0 0 0 0
4000 6000 13 12 288 25189 0 0 398 473160 0 0 910 0 388 351 0 0 0 0 0 0 0 0 0 0
6000 8000 16 8 529 31691 0 0 735 950290 0 0 997 0 481 368 2300 840 1570 842 128 128 128 0 4 3
8000 10000 19 14 472 17781 31 17992 709 907932 29 3816 999 0 399 325 840 840 840 0 128 128 128 0 3 3
10000 12000 16 9 547 60121 26 9733 754 928767 39 26509 997 54 545 372 840 840 840 0 128 128 128 0 3 2
12000 14000 6 3 436 7656 2 494 675 947163 3 998 999 70 616 410 840 840 840 0 128 128 128 0 2 1
14000 16000 7 4 551 6257 6 1808 908 1283524 7 575 999 123 540 413 840 840 840 0 0 0 0 0 1 0
16000 18000 8 4 665 9947 0 0 971 1358158 0 0 999 130 579 319 840 840 840 0 128 128 128 0 1 1
18000 20000 4 2 661 4898 0 0 938 1312622 0 0 998 129 710 392 0 0 0 0 128 128 128 0 0 3
20000 22000 5 3 674 10021 0 0 912 1281926 0 0 999 133 476 420 840 840 840 0 128 128 128 0 2 1
22000 24000 6 2 521 8819 0 0 822 1139138 0 0 994 73 551 401 480 480 480 0 128 128 128 0 2 2
24000 26000 6 3 538 3209 0 0 719 1006605 0 0 999 1 333 377 480 480 480 0 128 128 128 0 1 1
26000 28000 4 4 22 12959 0 0 26 5857 0 0 981 375 735 263 840 840 840 0 128 128 128 0 1 1
28000 30000 5 3 25 12213 0 0 33 10311 0 0 880 12 241 360 1500 1500 1500 0 128 128 128 0 2 1
30000 32000 5 5 64 140992 0 0 104 2226 0 0 670 25 308 263 1500 1500 1500 0 128 128 128 0 1 1
32000 34000 4 3 20 11605 0 0 26 6417 0 0 784 117 329 306 2300 2300 2300 0 128 128 128 0 1 1
34000 36000 11 11 17 3205 0 0 17 1021 0 0 895 15 101 263 2300 2300 2300 0 128 128 128 0 1 1
36000 38000 1 1 4 2811 0 0 4 584 0 0 566 566 566 0 2300 2300 2300 0 128 128 128 0 2 2
38000 40000 8 6 24 10988 0 0 31 6570 0 0 392 15 176 148 2300 2300 2300 0 128 128 128 0 1 1
40000 42000 3 2 15 12875 0 0 16 2173 0 0 832 177 453 339 2300 2300 2300 0 128 128 128 0 1 1
42000 44000 6 6 9 3242 17 8045 9 990 18 9589 483 18 167 189 4400 4400 4400 0 128 128 128 0 2 1
44000 46000 6 6 11 3174 0 0 11 990 0 0 728 14 137 289 4400 4400 4400 0 128 128 128 0 1 1
46000 48000 12 12 17 3171 0 0 17 990 0 0 973 16 98 275 4400 4400 4400 0 128 128 128 0 1 1
48000 50000 7 7 23 15159 0 0 30 5949 0 0 763 15 211 275 4400 4400 4400 0 128 128 128 0 1 1
50000 52000 16 16 36 10560 0 0 37 1431 0 0 805 16 100 194 4400 4400 4400 0 128 128 128 0 1 1
52000 54000 4 4 9 3172 0 0 8 990 0 0 764 20 207 371 4400 4400 4400 0 128 128 128 0 1 1
54000 56000 6 6 23 6299 0 0 26 5738 0 0 651 17 194 277 4400 4400 4400 0 128 128 128 0 1 1
56000 58000 2 2 7 3172 0 0 7 990 0 0 687 18 353 472 4400 4400 4400 0 128 128 128 0 1 1
58000 60000 6 6 30 12717 0 0 36 10979 0 0 790 19 233 285 4400 4400 4400 0 128 128 128 0 1 1
60000 62000 9 9 24 11524 0 0 29 2035 0 0 802 20 157 249 4400 4400 4400 0 128 128 128 0 1 1
62000 64000 1 1 6 3174 0 0 6 990 0 0 660 660 660 0 4400 4400 4400 0 128 128 128 0 1 1
64000 66000 5 4 70 136046 0 0 117 6532 0 0 638 36 272 295 4400 4400 4400 0 128 128 128 0 1 1
66000 68000 2 1 7 4093 0 0 7 1397 0 0 845 37 441 571 4400 4400 4400 0 128 128 128 0 1 1
68000 70000 4 4 14 6900 0 0 17 4965 0 0 197 19 116 79 0 0 0 0 0 0 0 0 0 0
70000 72000 2 2 7 8462 0 0 8 844 0 0 188 178 183 7 4400 4400 4400 0 128 128 128 0 1 1
72000 74000 4 3 11 4617 0 0 11 1415 0 0 532 23 244 211 4400 3000 3466 808 128 128 128 0 3 2
74000 76000 2 1 6 3498 0 0 6 1059 0 0 285 205 245 56 0 0 0 0 0 0 0 0 0 0
76000 78000 1 1 3 1666 0 0 3 519 0 0 280 280 280 0 3000 3000 3000 0 128 128 128 0 2 2
78000 80000 3 2 9 4684 0 0 10 1537 0 0 470 37 254 216 3000 3000 3000 0 128 128 128 0 1 1
80000 82000 3 2 14 12211 0 0 14 1959 0 0 460 174 295 148 3000 3000 3000 0 128 128 128 0 1 1
82000 84000 2 1 5 2989 0 0 5 932 0 0 225 202 213 16 3000 3000 3000 0 128 128 128 0 1 1
84000 86000 3 2 6 2710 0 0 6 845 0 0 229 17 138 109 3000 3000 3000 0 128 128 128 0 1 1
86000 88000 1 1 3 2065 0 0 3 644 0 0 313 313 313 0 0 0 0 0 0 0 0 0 0 0
88000 90000 4 3 13 9251 0 0 15 1998 0 0 965 16 381 410 2300 2300 2300 0 128 128 128 0 2 2
90000 92000 6 4 14 10049 0 0 15 2070 0 0 670 19 343 318 2300 2300 2300 0 128 128 128 0 1 1
92000 94000 12 11 18 4363 0 0 18 1361 0 0 840 17 103 238 2300 2300 2300 0 128 128 128 0 1 1
94000 96000 5 4 9 3207 0 0 10 1021 0 0 841 0 180 369 2300 2300 2300 0 128 128 128 0 1 1
96000 98000 5 5 10 3177 0 0 10 990 0 0 441 15 101 189 2300 2300 2300 0 128 128 128 0 1 1
98000 100000 4 4 8 2895 0 0 9 923 0 0 383 14 119 177 2300 2300 2300 0 128 128 128 0 1 1
100000 102000 9 8 13 8201 0 0 15 1034 0 0 218 16 64 85 2300 2300 2300 0 128 128 128 0 1 1
102000 104000 5 4 8 4115 16 9223 8 1013 18 10515 470 24 218 160 2300 2300 2300 0 128 128 128 0 2 2
104000 106000 3 1 12 6538 0 0 12 2308 0 0 409 267 356 77 2300 2300 2300 0 128 128 128 0 1 1
106000 108000 2 1 6 3567 0 0 6 1112 0 0 451 57 254 278 2300 2300 2300 0 128 128 128 0 1 1
108000 110000 1 1 5 2827 0 0 5 882 0 0 408 408 408 0 2300 2300 2300 0 128 128 128 0 1 1
110000 112000 4 3 10 8969 0 0 10 1267 0 0 334 16 147 145 2300 2300 2300 0 128 128 128 0 1 1
112000 114000 2 1 7 3979 0 0 7 1241 0 0 460 113 287 244 2300 2300 2300 0 128 128 128 0 1 1
114000 116000 2 2 7 3175 0 0 7 990 0 0 458 14 236 313 2300 2300 2300 0 128 128 128 0 1 1
116000 118000 3 3 8 3171 0 0 8 990 0 0 450 15 160 251 2300 2300 2300 0 128 128 128 0 1 1
118000 120000 1 1 3 2216 0 0 3 740 0 0 473 473 473 0 2300 2300 2300 0 128 128 128 0 1 1
120000 122000 6 5 106 14311 0 0 154 179167 0 0 530 17 288 199 2300 2300 2300 0 128 128 128 0 1 1
122000 124000 9 8 25 7353 43 22426 25 13216 52 32139 453 8 197 134 2300 2300 2300 0 128 128 128 0 1 1
124000 126000 4 4 53 112281 0 0 91 3143 0 0 571 43 239 247 2300 2300 2300 0 128 128 128 0 1 1
126000 128000 3 2 18 8212 0 0 20 5408 0 0 454 132 308 162 2300 2300 2300 0 128 128 128 0 1 1
128000 130000 6 6 25 12419 0 0 34 10933 0 0 202 15 131 79 2300 2300 2300 0 128 128 128 0 1 1
130000 132000 4 3 16 19789 0 0 21 1723 0 0 261 192 231 34 2300 2300 2300 0 128 128 128 0 2 2
132000 134000 4 3 16 7114 0 0 16 2169 0 0 991 16 419 455 2300 2300 2300 0 128 128 128 0 1 1
134000 136000 2 2 7 3174 0 0 7 990 0 0 971 16 493 675 2300 2300 2300 0 128 128 128 0 1 1
136000 138000 9 9 16 4745 0 0 18 1562 0 0 744 0 100 241 4400 4400 4400 0 128 128 128 0 1 1
138000 140000 4 4 11 3173 0 0 10 1067 0 0 970 0 251 479 4400 4400 4400 0 128 128 128 0 1 1
140000 142000 6 6 15 10022 0 0 15 1412 0 0 803 16 179 315 4400 4400 4400 0 128 128 128 0 1 1
142000 144000 3 3 8 3173 0 0 8 990 0 0 925 19 321 523 4400 4400 4400 0 128 128 128 0 1 1
144000 146000 7 7 9 1587 0 0 9 495 0 0 202 17 45 69 0 0 0 0 0 0 0 0 0 0
146000 148000 2 2 4 1588 0 0 4 495 0 0 228 17 123 149 4400 4400 4400 0 128 128 128 0 1 1
148000 150000 2 1 13 6477 0 0 13 2475 0 0 557 514 535 30 2300 2300 2300 0 128 128 128 0 2 2
150000 152000 3 3 8 7859 0 0 10 948 0 0 197 17 131 99 0 0 0 0 0 0 0 0 0 0
152000 154000 1 1 3 1942 0 0 3 403 0 0 397 397 397 0 2300 2300 2300 0 128 128 128 0 2 2
154000 156000 4 2 15 7608 0 0 16 2597 0 0 990 42 414 458 2300 2300 2300 0 128 128 128 0 1 1
156000 158000 1 1 6 3172 0 0 6 990 0 0 445 445 445 0 2300 2300 2300 0 128 128 128 0 1 1
158000 160000 2 2 6 2822 0 0 7 962 0 0 600 43 322 393 2300 2300 2300 0 128 128 128 0 1 1
160000 162000 2 2 6 7582 0 0 7 975 0 0 356 288 322 48 0 0 0 0 0 0 0 0 0 0
162000 164000 4 4 7 3175 16 8005 7 990 16 8031 448 26 207 175 2300 2300 2300 0 128 128 128 0 1 1
164000 166000 1 1 4 2410 0 0 3 563 0 0 375 375 375 0 2300 2300 2300 0 128 128 128 0 2 2
166000 168000 3 1 13 7108 0 0 14 2406 0 0 995 241 616 377 2300 2300 2300 0 128 128 128 0 1 1
168000 170000 5 5 7 3397 0 0 7 522 0 0 192 24 64 72 0 0 0 0 0 0 0 0 0 0
170000 172000 3 3 9 7288 0 0 10 1074 0 0 283 16 160 134 2300 2300 2300 0 128 128 128 0 1 1
172000 174000 3 2 8 4045 0 0 8 1262 0 0 430 14 202 210 2300 2300 2300 0 128 128 128 0 2 2
174000 176000 5 3 12 5421 0 0 13 2186 0 0 514 15 171 219 2300 2300 2300 0 128 128 128 0 1 1
176000 178000 1 1 2 1206 0 0 2 376 0 0 165 165 165 0 0 0 0 0 0 0 0 0 0 0
178000 180000 3 2 8 4424 0 0 8 885 0 0 892 16 416 443 2300 2300 2300 0 128 128 128 0 2 2
180000 182000 6 4 16 10723 0 0 17 2537 0 0 996 16 328 375 2300 2300 2300 0 128 128 128 0 1 1
182000 184000 9 9 13 2627 0 0 13 819 0 0 393 16 61 124 2300 2300 2300 0 128 128 128 0 1 1
184000 186000 6 5 51 110455 0 0 87 1217 0 0 258 16 96 102 2300 2300 2300 0 0 0 0 0 1 0
186000 188000 5 5 13 4825 0 0 12 1485 0 0 959 16 207 420 2300 2300 2300 0 128 128 128 0 1 2
188000 190000 7 6 28 12604 0 0 34 6253 0 0 915 0 222 328 2300 2300 2300 0 128 128 128 0 1 1
190000 192000 9 9 21 12392 0 0 21 1856 0 0 460 15 118 161 2300 2300 2300 0 128 128 128 0 1 1
192000 194000 2 2 6 3227 0 0 5 755 0 0 502 15 259 344 2300 2300 2300 0 128 128 128 0 2 2
194000 196000 3 1 12 6290 0 0 12 2214 0 0 985 447 639 299 2300 2300 2300 0 128 128 128 0 1 1
196000 198000 1 1 5 3173 0 0 5 495 0 0 951 951 951 0 2300 2300 2300 0 128 128 128 0 1 1
198000 200000 3 2 11 4744 0 0 12 2057 0 0 961 0 419 492 4400 4400 4400 0 128 128 128 0 1 1
200000 202000 2 2 13 11286 0 0 13 1907 0 0 756 181 469 406 4400 4400 4400 0 128 128 128 0 1 1
202000 204000 2 1 7 4072 0 0 7 1110 0 0 514 206 360 218 3000 3000 3000 0 128 128 128 0 1 1
204000 206000 3 1 6 4035 0 0 5 900 0 0 959 30 542 471 3000 3000 3000 0 128 128 128 0 1 1
206000 208000 3 2 7 3122 0 0 7 1454 0 0 961 17 393 500 3000 3000 3000 0 128 128 128 0 1 1
208000 210000 2 2 6 5224 0 0 7 1092 0 0 263 196 230 47 3000 3000 3000 0 128 128 128 0 1 1
210000 212000 4 3 10 9507 0 0 13 1247 0 0 193 18 144 84 3000 3000 3000 0 128 128 128 0 1 1
212000 214000 5 4 8 2816 0 0 8 1009 0 0 289 16 101 123 3000 3000 3000 0 128 128 128 0 1 1
214000 216000 3 2 9 4390 0 0 10 1753 0 0 461 56 268 203 3000 3000 3000 0 128 128 128 0 1 1
216000 218000 2 1 4 2526 0 0 4 788 0 0 195 161 178 23 3000 3000 3000 0 128 128 128 0 1 1
218000 220000 4 3 8 3669 0 0 9 1164 0 0 261 15 151 125 3000 3000 3000 0 128 128 128 0 1 1
220000 222000 2 2 6 6929 0 0 7 838 0 0 196 189 193 4 0 0 0 0 0 0 0 0 0 0
222000 224000 4 4 2 1033 18 11727 2 322 23 14627 348 24 187 136 3000 3000 3000 0 128 128 128 0 1 1
224000 226000 3 2 8 4327 0 0 8 1204 0 0 309 16 209 167 3000 3000 3000 0 128 128 128 0 2 2
226000 228000 9 8 16 5079 0 0 16 1442 0 0 489 15 95 167 3000 3000 3000 0 128 128 128 0 1 1
228000 230000 4 3 12 4891 0 0 12 1980 0 0 988 27 355 453 2300 2300 2300 0 128 128 128 0 1 1
230000 232000 7 7 14 9343 0 0 15 1150 0 0 478 16 112 177 2300 2300 2300 0 128 128 128 0 2 2
232000 234000 7 5 17 6406 0 0 18 2280 0 0 966 14 229 369 2300 2300 2300 0 128 128 128 0 1 1
234000 236000 8 8 12 3171 0 0 12 990 0 0 936 19 136 323 2300 2300 2300 0 128 128 128 0 1 1
236000 238000 2 2 8 4743 0 0 9 1485 0 0 772 0 386 545 4400 4400 4400 0 128 128 128 0 1 1
238000 240000 3 3 9 3171 0 0 10 1063 0 0 787 17 282 438 4400 4400 4400 0 128 128 128 0 1 1
240000 242000 12 11 113 14431 0 0 167 179150 0 0 444 16 118 144 0 0 0 0 0 0 0 0 0 0
242000 244000 8 8 9 1782 36 15991 11 694 46 17783 344 22 137 105 4400 4400 4400 0 128 128 128 0 1 1
244000 246000 6 5 64 121117 0 0 103 2960 0 0 827 48 291 301 3000 3000 3000 0 128 128 128 0 2 2
246000 248000 5 4 25 8719 0 0 30 8225 0 0 717 47 277 294 3000 3000 3000 0 128 128 128 0 1 1
248000 250000 7 6 34 16535 0 0 46 12215 0 0 433 52 204 132 3000 3000 3000 0 128 128 128 0 1 1
250000 252000 5 4 19 20321 0 0 23 1994 0 0 311 21 185 108 3000 3000 3000 0 128 128 128 0 1 1
252000 254000 3 2 5 2477 0 0 5 773 0 0 235 16 123 109 3000 3000 3000 0 128 128 128 0 1 1
254000 256000 2 1 6 3368 0 0 5 1050 0 0 249 229 239 13 3000 3000 3000 0 128 128 128 0 1 1
256000 258000 3 2 4 1475 0 0 5 537 0 0 189 15 100 87 3000 3000 3000 0 128 128 128 0 1 1
258000 260000 3 2 8 3308 0 0 9 1108 0 0 453 18 171 244 3000 3000 3000 0 128 128 128 0 1 1
260000 262000 3 2 21 15144 0 0 23 3318 0 0 898 181 622 386 2300 2300 2300 0 128 128 128 0 1 1
262000 264000 0 0 0 0 0 0 0 0 0 0 0 0 0 0 0 0 0 0 0 0 0 0 0 0
264000 266000 3 2 9 4432 0 0 10 1421 0 0 978 121 494 439 2300 2300 2300 0 128 128 128 0 2 2
266000 268000 3 1 10 5088 0 0 8 1587 0 0 815 245 547 286 2300 2300 2300 0 128 128 128 0 1 1
268000 270000 1 1 6 3173 0 0 5 990 0 0 481 481 481 0 2300 2300 2300 0 128 128 128 0 1 1
270000 272000 4 4 11 9245 0 0 14 1073 0 0 545 16 198 246 2300 2300 2300 0 128 128 128 0 2 2
272000 274000 4 2 13 6536 0 0 13 2349 0 0 494 24 261 198 2300 2300 2300 0 128 128 128 0 1 1
274000 276000 2 2 7 3275 0 0 7 1021 0 0 505 57 281 316 4400 4400 4400 0 128 128 128 0 1 1
276000 278000 3 3 8 3173 0 0 8 990 0 0 577 23 208 319 4400 4400 4400 0 128 128 128 0 1 1
278000 280000 3 3 8 3209 0 0 8 1021 0 0 759 23 283 412 4400 4400 4400 0 128 128 128 0 1 1
280000 282000 7 7 18 11348 0 0 19 1907 0 0 832 16 157 303 4400 4400 4400 0 128 128 128 0 1 1
282000 284000 3 3 6 3173 16 8005 6 990 17 9275 681 180 359 279 4400 4400 4400 0 128 128 128 0 1 1
284000 286000 1 1 6 3169 0 0 6 990 0 0 703 703 703 0 4400 4400 4400 0 128 128 128 0 1 1
286000 288000 4 4 9 3174 0 0 9 990 0 0 747 17 200 364 4400 4400 4400 0 128 128 128 0 1 1
288000 290000 3 2 9 6571 0 0 10 1512 0 0 245 196 216 25 4400 4400 4400 0 128 128 128 0 1 1
290000 292000 3 3 12 9327 0 0 13 1412 0 0 635 23 312 307 4400 4400 4400 0 128 128 128 0 1 1
292000 294000 2 2 7 3175 0 0 7 990 0 0 721 16 369 498 4400 4400 4400 0 128 128 128 0 1 1
294000 296000 2 2 4 1587 0 0 4 495 0 0 211 16 114 137 0 0 0 0 0 0 0 0 0 0
296000 298000 1 1 3 1585 0 0 3 495 0 0 208 208 208 0 4400 4400 4400 0 128 128 128 0 1 1
298000 300000 3 2 14 6363 0 0 14 1990 0 0 870 43 392 428 3000 3000 3000 0 128 128 128 0 2 1
300000 302000 1 1 2 1555 0 0 2 484 0 0 253 253 253 0 0 0 0 0 0 0 0 0 0 0
