ts te nbins ncons c_pkts_all c_bytes_all s_pkts_all s_bytes_all max_bin min_bin avg_bin std_bin max_vid min_vid avg_vid std_vid max_aud min_aud avg_aud std_aud num_vid num_aud num_mfs
0 1000 0 0 0 0 0 0 0 0 0 0 0 0 0 0 0 0 0 0 0 0 
1000 2000 0 0 0 0 0 0 0 0 0 0 0 0 0 0 0 0 0 0 0 0 
2000 3000 0 0 0 0 0 0 0 0 0 0 0 0 0 0 0 0 0 0 0 0 
3000 4000 0 0 0 0 0 0 0 0 0 0 0 0 0 0 0 0 0 0 0 0 
4000 5000 0 0 0 0 0 0 0 0 0 0 0 0 0 0 0 0 0 0 0 0 
5000 6000 1 1 25 3364 53 73990 277 277 277 0 0 0 0 0 0 0 0 0 0 0 1.0
6000 7000 2 1 110 11901 246 345830 714 275 495 310 2300 2300 2300 0 128 128 128 0 2 3 0.0
7000 8000 2 1 148 10613 374 538409 723 254 488 331 1500 1500 1500 0 128 128 128 0 2 2 0.0
8000 9000 2 1 145 9219 372 530778 743 250 496 348 1500 1500 1500 0 128 128 128 0 1 1 1.0
9000 10000 2 1 183 11087 390 559858 747 248 497 353 1500 1500 1500 0 128 128 128 0 1 1 0.0
10000 11000 2 1 149 9204 341 496459 750 243 497 358 1500 1500 1500 0 128 128 128 0 1 1 1.0
11000 12000 2 1 134 7658 312 453473 751 243 497 358 1500 1500 1500 0 128 128 128 0 1 1 0.0
12000 13000 2 1 119 7368 258 374109 752 238 495 363 1500 1500 1500 0 128 128 128 0 1 1 1.0
13000 14000 2 1 112 6626 204 293679 760 235 498 371 1500 1500 1500 0 128 128 128 0 1 1 0.0
14000 15000 2 1 136 7322 259 376584 758 232 495 372 1500 1500 1500 0 128 128 128 0 1 1 1.0
15000 16000 2 1 119 7096 250 362905 758 230 494 373 1500 1500 1500 0 128 128 128 0 1 1 0.0
16000 17000 2 1 120 7468 247 356579 759 230 495 373 0 0 0 0 0 0 0 0 0 0 1.0
17000 18000 2 1 130 7700 259 372157 768 228 498 381 1500 1500 1500 0 128 128 128 0 1 1 0.0
18000 19000 2 1 148 8892 308 440095 767 223 495 385 1500 1500 1500 0 128 128 128 0 1 1 1.0
19000 20000 2 1 124 6929 256 369565 772 220 496 390 1500 1500 1500 0 0 0 0 0 1 0 0.0
20000 21000 2 1 154 9185 284 410788 778 211 494 401 1500 1500 1500 0 128 128 128 0 1 1 1.0
21000 22000 1 1 65 3060 132 190505 480 480 480 0 0 0 0 0 0 0 0 0 0 0 0.0
22000 23000 1 1 116 8656 196 278892 852 852 852 0 2300 2300 2300 0 128 128 128 0 2 2 1.0
23000 24000 2 1 133 6795 272 394594 852 145 498 499 0 0 0 0 0 0 0 0 0 0 0.0
24000 25000 2 1 146 8560 305 436811 850 146 498 497 2300 2300 2300 0 128 128 128 0 1 1 1.0
25000 26000 2 1 68 3426 207 298362 289 149 219 99 0 0 0 0 0 0 0 0 0 0 0.0
26000 27000 1 1 98 6091 329 470105 631 631 631 0 2300 2300 2300 0 128 128 128 0 1 1 1.0
27000 28000 1 1 38 2384 128 184053 247 247 247 0 0 0 0 0 0 0 0 0 0 0 0.0
28000 29000 1 1 139 9523 426 608719 850 850 850 0 3000 3000 3000 0 128 128 128 0 2 2 1.0
29000 30000 1 1 22 1543 69 98632 137 137 137 0 0 0 0 0 0 0 0 0 0 0 0.0
30000 31000 1 1 152 9093 495 712840 853 853 853 0 3000 3000 3000 0 128 128 128 0 1 1 1.0
31000 32000 2 1 27 2147 83 118326 849 141 495 500 0 0 0 0 0 0 0 0 0 0 0.0
32000 33000 2 1 157 8851 492 702111 810 149 479 467 3000 3000 3000 0 128 128 128 0 1 1 1.0
33000 34000 2 1 51 3309 124 171803 805 186 496 437 0 0 0 0 0 0 0 0 0 0 0.0
34000 35000 2 1 139 7872 445 639572 800 180 490 438 3000 3000 3000 0 128 128 128 0 1 1 1.0
35000 36000 1 1 21 1199 70 100789 126 126 126 0 0 0 0 0 0 0 0 0 0 0 0.0
36000 37000 1 1 145 10239 464 666088 852 852 852 0 4400 4400 4400 0 128 128 128 0 2 3 1.0
37000 38000 2 1 157 9044 509 732933 850 146 498 497 4400 4400 4400 0 0 0 0 0 1 0 0.0
38000 39000 2 1 191 10494 623 904680 848 146 497 496 0 0 0 0 128 128 128 0 0 1 1.0
39000 40000 2 1 190 9912 612 886381 847 150 498 493 4400 4400 4400 0 0 0 0 0 1 0 0.0
40000 41000 2 1 77 3784 238 341976 275 149 212 89 0 0 0 0 0 0 0 0 0 0 1.0
41000 42000 0 0 0 0 0 0 0 0 0 0 0 0 0 0 0 0 0 0 0 0 
42000 43000 1 1 112 7546 357 512476 852 852 852 0 4400 4400 4400 0 128 128 128 0 1 2 1.0
43000 44000 2 1 173 9526 555 793805 849 144 496 498 4400 4400 4400 0 0 0 0 0 1 0 0.0
44000 45000 2 1 205 9850 608 870012 847 148 497 494 0 0 0 0 0 0 0 0 0 0 1.0
45000 46000 1 1 12 587 36 52108 59 59 59 0 0 0 0 0 0 0 0 0 0 0 0.0
46000 47000 1 1 155 10041 463 663939 851 851 851 0 4400 4400 4400 0 128 128 128 0 1 2 1.0
47000 48000 2 1 187 10441 589 851928 850 146 498 497 4400 4400 4400 0 0 0 0 0 1 0 0.0
48000 49000 2 1 177 9743 562 813344 850 148 499 496 4400 4400 4400 0 128 128 128 0 1 1 1.0
49000 50000 2 1 199 10655 625 907344 826 147 487 480 0 0 0 0 0 0 0 0 0 0 0.0
50000 51000 2 1 160 8872 521 752897 826 167 497 466 4400 4400 4400 0 128 128 128 0 1 1 1.0
51000 52000 2 1 147 7680 474 684161 826 173 499 462 0 0 0 0 0 0 0 0 0 0 0.0
52000 53000 2 1 117 6669 404 581776 822 147 484 477 4400 4400 4400 0 128 128 128 0 1 1 1.0
53000 54000 2 1 138 7528 363 519582 821 175 498 456 0 0 0 0 0 0 0 0 0 0 0.0
54000 55000 2 1 150 8453 519 750621 820 178 499 453 4400 4400 4400 0 128 128 128 0 1 1 1.0
55000 56000 2 1 124 7142 358 516171 819 177 498 454 0 0 0 0 0 0 0 0 0 0 0.0
56000 57000 2 1 23 1293 54 72204 147 62 104 60 0 0 0 0 0 0 0 0 0 0 1.0
57000 58000 0 0 0 0 0 0 0 0 0 0 0 0 0 0 0 0 0 0 0 0 
58000 59000 1 1 147 9397 519 750231 851 851 851 0 4400 4400 4400 0 128 128 128 0 1 2 1.0
59000 60000 2 1 179 9873 558 807120 850 144 497 498 4400 4400 4400 0 0 0 0 0 1 0 0.0
60000 61000 2 1 184 11227 555 802673 849 149 499 495 0 0 0 0 128 128 128 0 0 1 1.0
61000 62000 2 1 131 6959 456 659595 827 82 455 527 4400 4400 4400 0 0 0 0 0 1 0 0.0
62000 63000 2 1 30 1530 92 127959 171 40 106 92 0 0 0 0 0 0 0 0 0 0 1.0
63000 64000 0 0 0 0 0 0 0 0 0 0 0 0 0 0 0 0 0 0 0 0 
64000 65000 1 1 153 11403 508 732583 850 850 850 0 4400 4400 4400 0 128 128 128 0 1 3 1.0
65000 66000 2 1 178 9927 596 860925 845 146 496 494 4400 4400 4400 0 0 0 0 0 2 0 0.0
66000 67000 2 1 179 10208 590 853742 839 153 496 484 4400 4400 4400 0 128 128 128 0 1 1 1.0
67000 68000 2 1 176 9551 554 803005 837 159 498 479 0 0 0 0 0 0 0 0 0 0 0.0
68000 69000 2 1 164 9240 537 774078 813 147 480 471 4400 4400 4400 0 128 128 128 0 1 1 1.0
69000 70000 2 1 101 5628 306 438299 811 183 497 443 0 0 0 0 0 0 0 0 0 0 0.0
70000 71000 2 1 160 9072 539 777162 799 182 490 436 4400 4400 4400 0 128 128 128 0 1 1 1.0
71000 72000 2 1 102 6001 292 419082 798 199 499 423 0 0 0 0 0 0 0 0 0 0 0.0
72000 73000 2 1 18 1077 45 61603 198 18 108 127 0 0 0 0 0 0 0 0 0 0 1.0
73000 74000 0 0 0 0 0 0 0 0 0 0 0 0 0 0 0 0 0 0 0 0 
74000 75000 1 1 167 9961 536 774888 851 851 851 0 4400 4400 4400 0 128 128 128 0 1 1 1.0
75000 76000 2 1 89 5499 235 337740 851 147 499 497 0 0 0 0 0 0 0 0 0 0 0.0
76000 77000 2 1 144 8169 524 755070 816 148 482 472 4400 4400 4400 0 128 128 128 0 1 1 1.0
77000 78000 2 1 177 10413 549 796182 815 180 498 448 4400 4400 4400 0 128 128 128 0 1 1 0.0
78000 79000 2 1 171 8721 534 774871 730 181 456 387 0 0 0 0 0 0 0 0 0 0 1.0
79000 80000 0 0 0 0 0 0 0 0 0 0 0 0 0 0 0 0 0 0 0 0 
80000 81000 1 1 143 8655 487 702645 850 850 850 0 4400 4400 4400 0 128 128 128 0 1 1 1.0
81000 82000 2 1 179 10708 619 896254 849 148 498 495 4400 4400 4400 0 128 128 128 0 1 1 0.0
82000 83000 2 1 155 8835 478 687121 848 148 498 495 4400 4400 4400 0 128 128 128 0 1 1 1.0
83000 84000 2 1 165 8596 627 910007 847 148 497 494 0 0 0 0 0 0 0 0 0 0 0.0
84000 85000 2 1 162 8995 552 796124 843 150 497 489 4400 4400 4400 0 128 128 128 0 1 1 1.0
85000 86000 2 1 174 10435 575 831854 842 155 499 485 4400 4400 4400 0 128 128 128 0 1 1 0.0
86000 87000 2 1 174 8765 576 833604 841 156 498 484 0 0 0 0 0 0 0 0 0 0 1.0
87000 88000 1 1 7 342 23 33886 40 40 40 0 0 0 0 0 0 0 0 0 0 0 0.0
88000 89000 1 1 146 10426 482 690459 851 851 851 0 6500 6500 6500 0 128 128 128 0 2 3 1.0
89000 90000 2 1 181 9894 630 913242 849 145 497 497 0 0 0 0 0 0 0 0 0 0 0.0
90000 91000 2 1 172 8975 578 836209 847 149 498 493 6500 6500 6500 0 0 0 0 0 1 0 1.0
91000 92000 2 1 171 8964 574 830291 846 149 497 492 0 0 0 0 0 0 0 0 0 0 0.0
92000 93000 2 1 157 9303 562 808165 823 148 485 477 6500 6500 6500 0 128 128 128 0 1 2 1.0
93000 94000 2 1 158 8450 551 799519 822 172 497 459 0 0 0 0 0 0 0 0 0 0 0.0
94000 95000 2 1 165 8618 575 829313 818 176 497 453 6500 6500 6500 0 0 0 0 0 1 0 1.0
95000 96000 2 1 180 9509 591 854601 814 179 496 448 0 0 0 0 0 0 0 0 0 0 0.0
96000 97000 2 1 164 9804 562 810637 805 162 484 454 6500 6500 6500 0 128 128 128 0 1 2 1.0
97000 98000 2 1 182 10296 616 893640 805 192 498 433 0 0 0 0 0 0 0 0 0 0 0.0
98000 99000 2 1 142 7004 499 720063 801 194 497 429 6500 6500 6500 0 0 0 0 0 1 0 1.0
99000 100000 2 1 171 8766 595 864141 799 198 499 425 0 0 0 0 0 0 0 0 0 0 0.0
100000 101000 2 1 178 10258 628 910543 799 199 499 423 6500 6500 6500 0 128 128 128 0 1 2 1.0
101000 102000 2 1 169 9095 598 866274 796 198 497 423 0 0 0 0 0 0 0 0 0 0 0.0
102000 103000 2 1 171 9600 575 831381 766 177 471 416 6500 6500 6500 0 128 128 128 0 1 1 1.0
103000 104000 2 1 160 9099 544 790215 764 232 498 376 0 0 0 0 0 0 0 0 0 0 0.0
104000 105000 2 1 188 10024 612 889107 764 233 498 375 6500 6500 6500 0 128 128 128 0 1 1 1.0
105000 106000 2 1 178 10266 618 896795 763 230 497 377 6500 6500 6500 0 0 0 0 0 1 0 0.0
106000 107000 2 1 179 9054 640 929879 763 232 497 375 0 0 0 0 128 128 128 0 0 1 1.0
107000 108000 2 1 181 9802 639 927217 759 235 497 370 6500 6500 6500 0 0 0 0 0 1 0 0.0
108000 109000 2 1 162 8684 548 796510 759 238 498 368 0 0 0 0 128 128 128 0 0 1 1.0
109000 110000 2 1 166 9071 620 900466 757 239 498 366 6500 6500 6500 0 0 0 0 0 1 0 0.0
110000 111000 2 1 181 8998 636 923548 754 238 496 364 0 0 0 0 0 0 0 0 0 0 1.0
111000 112000 2 1 96 5091 299 428995 752 245 498 358 0 0 0 0 0 0 0 0 0 0 0.0
112000 113000 2 1 134 8074 469 675490 741 233 487 358 6500 6500 6500 0 128 128 128 0 1 2 1.0
113000 114000 2 1 170 10174 590 850944 740 257 499 341 0 0 0 0 0 0 0 0 0 0 0.0
114000 115000 2 1 173 8906 586 850391 728 257 493 332 4400 4400 4400 0 0 0 0 0 2 0 1.0
115000 116000 2 1 95 5567 294 420982 728 269 498 324 0 0 0 0 0 0 0 0 0 0 0.0
116000 117000 2 1 141 8054 510 738388 694 265 479 302 4400 4400 4400 0 128 128 128 0 1 2 1.0
117000 118000 2 1 176 10286 605 874890 693 305 499 274 4400 4400 4400 0 128 128 128 0 1 1 0.0
118000 119000 2 1 160 8295 509 731302 591 301 446 205 0 0 0 0 0 0 0 0 0 0 1.0
119000 120000 0 0 0 0 0 0 0 0 0 0 0 0 0 0 0 0 0 0 0 0 
120000 121000 1 1 144 8643 515 746490 851 851 851 0 4400 4400 4400 0 128 128 128 0 1 1 1.0
121000 122000 2 1 198 11750 609 881155 848 147 497 495 4400 4400 4400 0 128 128 128 0 1 1 0.0
122000 123000 2 1 195 10744 499 720629 815 150 482 470 0 0 0 0 0 0 0 0 0 0 1.0
123000 124000 0 0 0 0 0 0 0 0 0 0 0 0 0 0 0 0 0 0 0 0 
124000 125000 1 1 129 7699 488 708963 811 811 811 0 4400 4400 4400 0 128 128 128 0 1 1 1.0
125000 126000 2 1 141 8635 508 737362 809 187 498 439 4400 4400 4400 0 128 128 128 0 1 1 0.0
126000 127000 2 1 171 9870 573 827991 807 187 497 438 4400 4400 4400 0 128 128 128 0 1 1 1.0
127000 128000 2 1 186 9937 650 943412 805 192 498 433 0 0 0 0 0 0 0 0 0 0 0.0
128000 129000 2 1 177 9920 564 813806 804 193 498 432 4400 4400 4400 0 128 128 128 0 1 1 1.0
129000 130000 2 1 176 10427 595 861693 802 194 498 429 4400 4400 4400 0 128 128 128 0 1 1 0.0
130000 131000 2 1 167 8268 591 855532 799 194 496 427 0 0 0 0 0 0 0 0 0 0 1.0
131000 132000 1 1 1 47 3 5243 6 6 6 0 0 0 0 0 0 0 0 0 0 0 0.0
132000 133000 1 1 127 8968 433 621188 852 852 852 0 6500 6500 6500 0 128 128 128 0 2 2 1.0
133000 134000 2 1 213 12634 634 920394 852 144 498 500 0 0 0 0 128 128 128 0 0 1 0.0
134000 135000 2 1 198 10716 636 920447 852 146 499 498 6500 6500 6500 0 0 0 0 0 1 0 1.0
135000 136000 2 1 186 9214 624 904822 851 144 498 499 0 0 0 0 0 0 0 0 0 0 0.0
136000 137000 2 1 146 9217 547 787771 847 128 488 508 6500 6500 6500 0 128 128 128 0 1 2 1.0
137000 138000 2 1 180 10271 621 900346 845 152 498 490 0 0 0 0 0 0 0 0 0 0 0.0
138000 139000 2 1 177 8742 582 840915 841 153 497 486 6500 6500 6500 0 0 0 0 0 1 0 1.0
139000 140000 2 1 154 7946 515 744135 840 155 497 484 0 0 0 0 0 0 0 0 0 0 0.0
140000 141000 2 1 28 1455 82 113867 148 46 97 72 0 0 0 0 0 0 0 0 0 0 1.0
141000 142000 0 0 0 0 0 0 0 0 0 0 0 0 0 0 0 0 0 0 0 0 
142000 143000 1 1 132 8714 438 630049 853 853 853 0 6500 6500 6500 0 128 128 128 0 1 2 1.0
143000 144000 2 1 173 9415 617 895850 846 145 496 495 0 0 0 0 0 0 0 0 0 0 0.0
144000 145000 2 1 167 9173 654 950612 845 153 499 489 4400 4400 4400 0 0 0 0 0 2 0 1.0
145000 146000 2 1 188 11666 618 895518 845 153 499 488 4400 4400 4400 0 128 128 128 0 1 2 0.0
146000 147000 2 1 175 9940 637 924330 843 154 498 487 4400 4400 4400 0 128 128 128 0 1 1 1.0
147000 148000 2 1 149 7817 514 743507 842 151 496 488 0 0 0 0 0 0 0 0 0 0 0.0
148000 149000 2 1 165 9362 536 774116 808 150 479 465 4400 4400 4400 0 128 128 128 0 1 1 1.0
149000 150000 2 1 115 6650 308 443770 808 189 498 437 0 0 0 0 0 0 0 0 0 0 0.0
150000 151000 2 1 137 7892 483 697556 791 150 470 453 4400 4400 4400 0 128 128 128 0 1 1 1.0
151000 152000 2 1 89 5669 267 382010 790 204 497 413 0 0 0 0 0 0 0 0 0 0 0.0
152000 153000 2 1 146 7758 521 754056 784 205 494 409 4400 4400 4400 0 128 128 128 0 1 1 1.0
153000 154000 2 1 88 5033 288 414604 782 215 498 400 0 0 0 0 0 0 0 0 0 0 0.0
154000 155000 2 1 145 8196 519 749037 776 203 490 405 4400 4400 4400 0 128 128 128 0 1 1 1.0
155000 156000 2 1 183 10654 622 901551 769 222 496 386 4400 4400 4400 0 128 128 128 0 1 1 0.0
156000 157000 2 1 174 9978 588 850448 765 229 497 378 4400 4400 4400 0 128 128 128 0 1 1 1.0
157000 158000 2 1 189 11284 583 842176 765 234 499 374 0 0 0 0 0 0 0 0 0 0 0.0
158000 159000 2 1 172 8892 597 863515 754 218 486 379 4400 4400 4400 0 128 128 128 0 1 1 1.0
159000 160000 2 1 127 7884 326 465565 751 242 496 360 0 0 0 0 0 0 0 0 0 0 0.0
160000 161000 2 1 157 8291 500 721759 739 220 480 367 4400 4400 4400 0 128 128 128 0 1 1 1.0
161000 162000 2 1 98 6270 301 431265 735 259 497 337 0 0 0 0 0 0 0 0 0 0 0.0
162000 163000 2 1 153 8061 500 724951 664 255 459 289 4400 4400 4400 0 128 128 128 0 1 1 1.0
163000 164000 2 1 98 6137 312 447202 663 332 498 234 0 0 0 0 0 0 0 0 0 0 0.0
164000 165000 2 1 128 6824 437 630257 662 336 499 230 4400 4400 4400 0 128 128 128 0 1 1 1.0
165000 166000 2 1 101 5308 334 478459 646 336 491 219 0 0 0 0 0 0 0 0 0 0 0.0
166000 167000 1 1 15 890 46 65828 224 224 224 0 0 0 0 0 0 0 0 0 0 0 1.0
167000 168000 0 0 0 0 0 0 0 0 0 0 0 0 0 0 0 0 0 0 0 0 
168000 169000 1 1 154 9713 526 758649 848 848 848 0 4400 4400 4400 0 128 128 128 0 1 2 1.0
169000 170000 2 1 198 11465 627 908511 844 151 498 490 4400 4400 4400 0 0 0 0 0 1 0 0.0
170000 171000 2 1 164 9224 527 762615 844 149 497 491 4400 4400 4400 0 128 128 128 0 1 1 1.0
171000 172000 2 1 185 9737 592 857445 842 150 496 489 0 0 0 0 0 0 0 0 0 0 0.0
172000 173000 2 1 163 9117 547 787694 824 148 486 477 4400 4400 4400 0 128 128 128 0 1 1 1.0
173000 174000 2 1 100 5745 298 429083 819 173 496 456 0 0 0 0 0 0 0 0 0 0 0.0
174000 175000 2 1 149 9453 496 712966 811 150 480 467 6500 6500 6500 0 128 128 128 0 2 2 1.0
175000 176000 2 1 183 10027 582 839971 808 188 498 438 0 0 0 0 0 0 0 0 0 0 0.0
176000 177000 2 1 37 1979 115 163232 190 25 108 116 0 0 0 0 0 0 0 0 0 0 1.0
177000 178000 0 0 0 0 0 0 0 0 0 0 0 0 0 0 0 0 0 0 0 0 
178000 179000 1 1 138 10080 466 671574 851 851 851 0 6500 6500 6500 0 128 128 128 0 1 4 1.0
179000 180000 2 1 151 8405 532 772368 850 147 498 496 0 0 0 0 0 0 0 0 0 0 0.0
180000 181000 2 1 186 10316 611 887236 847 147 497 494 4400 4400 4400 0 0 0 0 0 2 0 1.0
181000 182000 2 1 190 12914 625 906689 846 152 499 491 6500 4400 5450 1212 128 128 128 0 4 1 0.0
182000 183000 2 1 174 11288 612 886890 845 149 497 491 4400 4400 4400 0 128 128 128 0 1 3 1.0
183000 184000 2 1 162 9322 592 856972 844 152 498 489 4400 4400 4400 0 0 0 0 0 1 0 0.0
184000 185000 2 1 170 8744 510 738420 843 154 499 486 0 0 0 0 0 0 0 0 0 0 1.0
185000 186000 1 1 18 924 52 76342 106 106 106 0 0 0 0 0 0 0 0 0 0 0 0.0
186000 187000 1 1 155 10958 502 723416 851 851 851 0 6500 6500 6500 0 128 128 128 0 2 3 1.0
187000 188000 2 1 170 9985 572 827293 850 147 498 496 0 0 0 0 0 0 0 0 0 0 0.0
188000 189000 2 1 180 8984 640 930028 837 148 492 487 6500 6500 6500 0 0 0 0 0 1 0 1.0
189000 190000 2 1 125 6539 434 628175 835 162 498 476 0 0 0 0 0 0 0 0 0 0 0.0
190000 191000 2 1 148 8261 525 754740 821 147 484 476 6500 6500 6500 0 128 128 128 0 1 1 1.0
191000 192000 2 1 182 9574 627 908888 819 178 498 452 0 0 0 0 0 0 0 0 0 0 0.0
192000 193000 2 1 173 9588 575 824169 818 178 498 452 6500 6500 6500 0 128 128 128 0 1 1 1.0
193000 194000 2 1 179 9371 622 901618 817 178 497 451 0 0 0 0 0 0 0 0 0 0 0.0
194000 195000 2 1 163 9132 561 812438 814 181 498 447 6500 6500 6500 0 128 128 128 0 1 1 1.0
195000 196000 2 1 152 8046 522 756082 812 184 498 443 0 0 0 0 0 0 0 0 0 0 0.0
196000 197000 2 1 173 9576 557 802150 812 185 498 442 6500 6500 6500 0 128 128 128 0 1 1 1.0
197000 198000 2 1 174 9103 606 876364 812 181 497 445 0 0 0 0 0 0 0 0 0 0 0.0
198000 199000 2 1 169 10467 592 857854 808 184 496 441 4400 4400 4400 0 128 128 128 0 2 2 1.0
199000 200000 2 1 77 5010 194 272179 807 189 498 436 0 0 0 0 0 0 0 0 0 0 0.0
200000 201000 2 1 166 10053 548 793129 802 186 494 436 4400 4400 4400 0 128 128 128 0 1 2 1.0
201000 202000 2 1 154 9002 552 798714 802 193 497 430 4400 4400 4400 0 0 0 0 0 1 0 0.0
202000 203000 2 1 172 9656 579 838704 801 197 499 427 0 0 0 0 128 128 128 0 0 1 1.0
203000 204000 2 1 169 8859 615 893516 763 169 466 419 4400 4400 4400 0 0 0 0 0 1 0 0.0
204000 205000 2 1 106 5479 311 447373 276 232 254 31 0 0 0 0 0 0 0 0 0 0 1.0
205000 206000 0 0 0 0 0 0 0 0 0 0 0 0 0 0 0 0 0 0 0 0 
206000 207000 1 1 151 9635 502 724385 852 852 852 0 4400 4400 4400 0 128 128 128 0 1 2 1.0
207000 208000 2 1 185 9995 617 892013 851 146 498 498 4400 4400 4400 0 0 0 0 0 1 0 0.0
208000 209000 2 1 157 9423 541 780651 850 147 498 496 4400 4400 4400 0 128 128 128 0 1 1 1.0
209000 210000 2 1 168 8877 589 851855 847 147 497 495 0 0 0 0 0 0 0 0 0 0 0.0
210000 211000 2 1 152 8441 549 792664 788 147 467 452 4400 4400 4400 0 128 128 128 0 1 1 1.0
211000 212000 2 1 122 6899 359 516709 784 211 497 405 0 0 0 0 0 0 0 0 0 0 0.0
212000 213000 2 1 139 7830 500 723260 781 204 492 408 4400 4400 4400 0 128 128 128 0 1 1 1.0
213000 214000 2 1 76 4641 206 291612 780 217 498 397 0 0 0 0 0 0 0 0 0 0 0.0
214000 215000 2 1 119 6895 426 614921 776 200 488 407 4400 4400 4400 0 128 128 128 0 1 1 1.0
215000 216000 2 1 99 6607 250 358960 775 221 498 391 0 0 0 0 0 0 0 0 0 0 0.0
216000 217000 2 1 140 7142 490 708420 765 213 489 389 4400 4400 4400 0 128 128 128 0 1 1 1.0
217000 218000 2 1 110 6917 338 482002 764 232 498 376 0 0 0 0 0 0 0 0 0 0 0.0
218000 219000 2 1 141 7201 499 721426 758 219 488 381 4400 4400 4400 0 128 128 128 0 1 1 1.0
219000 220000 2 1 116 7257 330 468358 756 240 498 365 0 0 0 0 0 0 0 0 0 0 0.0
220000 221000 2 1 130 6715 438 629398 725 238 482 344 4400 4400 4400 0 128 128 128 0 1 1 1.0
221000 222000 2 1 132 7936 394 564548 724 271 497 319 0 0 0 0 0 0 0 0 0 0 0.0
222000 223000 2 1 157 8216 518 748794 723 275 499 316 4400 4400 4400 0 128 128 128 0 1 1 1.0
223000 224000 2 1 105 5782 302 434468 722 273 498 317 0 0 0 0 0 0 0 0 0 0 0.0
224000 225000 1 1 19 1146 46 65655 233 233 233 0 0 0 0 0 0 0 0 0 0 0 1.0
225000 226000 0 0 0 0 0 0 0 0 0 0 0 0 0 0 0 0 0 0 0 0 
226000 227000 1 1 137 8752 509 735290 851 851 851 0 4400 4400 4400 0 128 128 128 0 1 2 1.0
227000 228000 2 1 174 9398 594 862582 851 147 499 497 4400 4400 4400 0 0 0 0 0 1 0 0.0
228000 229000 2 1 182 10651 624 907019 849 146 497 497 4400 4400 4400 0 128 128 128 0 1 1 1.0
229000 230000 2 1 187 10449 621 900995 848 150 499 493 0 0 0 0 128 128 128 0 0 1 0.0
230000 231000 2 1 170 9555 573 825902 845 129 487 506 4400 4400 4400 0 128 128 128 0 1 1 1.0
231000 232000 2 1 136 7836 488 704494 841 153 497 486 4400 4400 4400 0 0 0 0 0 1 0 0.0
232000 233000 2 1 162 11584 563 812526 829 157 493 475 0 0 0 0 0 0 0 0 0 0 1.0
233000 234000 0 0 0 0 0 0 0 0 0 0 0 0 0 0 0 0 0 0 0 0 
234000 235000 1 1 144 10347 466 668715 850 850 850 0 6500 6500 6500 0 128 128 128 0 2 3 1.0
235000 236000 2 1 198 11204 651 944517 846 148 497 493 0 0 0 0 0 0 0 0 0 0 0.0
236000 237000 2 1 175 9179 614 888496 842 151 497 488 6500 6500 6500 0 0 0 0 0 1 0 1.0
237000 238000 2 1 172 8858 626 908175 842 155 498 485 0 0 0 0 0 0 0 0 0 0 0.0
238000 239000 2 1 152 9065 545 784080 836 155 496 482 6500 6500 6500 0 128 128 128 0 1 2 1.0
239000 240000 2 1 141 7593 506 732698 835 162 499 476 0 0 0 0 0 0 0 0 0 0 0.0
240000 241000 2 1 159 8860 554 799743 834 162 498 475 6500 6500 6500 0 128 128 128 0 1 1 1.0
241000 242000 2 1 171 9056 565 812809 833 165 499 472 6500 6500 6500 0 0 0 0 0 1 0 0.0
242000 243000 2 1 170 8948 577 837210 831 162 497 473 0 0 0 0 0 0 0 0 0 0 1.0
243000 244000 2 1 183 10175 600 866513 828 166 497 468 0 0 0 0 128 128 128 0 0 2 0.0
244000 245000 2 1 129 8361 393 565683 692 120 406 404 4400 4400 4400 0 128 128 128 0 2 1 1.0
245000 246000 2 1 178 10855 592 858676 688 306 497 270 4400 4400 4400 0 0 0 0 0 1 0 0.0
246000 247000 2 1 179 9672 631 917167 688 309 498 267 0 0 0 0 128 128 128 0 0 1 1.0
247000 248000 2 1 176 9983 625 907641 688 309 498 267 4400 4400 4400 0 0 0 0 0 1 0 0.0
248000 249000 2 1 176 9024 628 911738 687 308 498 267 4400 4400 4400 0 128 128 128 0 1 1 1.0
249000 250000 2 1 93 4928 307 441256 683 311 497 262 0 0 0 0 0 0 0 0 0 0 0.0
250000 251000 1 1 15 905 43 61181 269 269 269 0 0 0 0 0 0 0 0 0 0 0 1.0
251000 252000 0 0 0 0 0 0 0 0 0 0 0 0 0 0 0 0 0 0 0 0 
252000 253000 1 1 150 9426 502 725488 851 851 851 0 4400 4400 4400 0 128 128 128 0 1 2 1.0
253000 254000 2 1 166 9502 588 850935 851 144 497 499 4400 4400 4400 0 0 0 0 0 1 0 0.0
254000 255000 2 1 166 9225 591 855952 847 147 497 495 4400 4400 4400 0 128 128 128 0 1 1 1.0
255000 256000 2 1 177 9249 634 920516 846 151 499 490 0 0 0 0 0 0 0 0 0 0 0.0
256000 257000 2 1 151 8486 532 765778 846 148 497 493 4400 4400 4400 0 128 128 128 0 1 1 1.0
257000 258000 2 1 93 5198 287 414576 843 150 496 489 0 0 0 0 0 0 0 0 0 0 0.0
258000 259000 2 1 139 7804 494 711432 804 147 476 464 4400 4400 4400 0 128 128 128 0 1 1 1.0
259000 260000 2 1 86 4920 276 396180 802 192 497 431 0 0 0 0 0 0 0 0 0 0 0.0
260000 261000 2 1 159 9186 515 742649 783 192 488 417 4400 4400 4400 0 128 128 128 0 1 1 1.0
261000 262000 2 1 120 6933 338 479331 782 215 498 401 0 0 0 0 0 0 0 0 0 0 0.0
262000 263000 2 1 146 8389 485 698706 769 209 489 395 4400 4400 4400 0 128 128 128 0 1 1 1.0
263000 264000 2 1 101 6839 306 439235 768 230 499 380 0 0 0 0 0 0 0 0 0 0 0.0
264000 265000 2 1 133 6808 497 718097 767 210 489 393 4400 4400 4400 0 128 128 128 0 1 1 1.0
265000 266000 2 1 87 5910 234 330585 766 232 499 377 0 0 0 0 0 0 0 0 0 0 0.0
266000 267000 2 1 136 7028 475 684213 722 231 476 347 4400 4400 4400 0 128 128 128 0 1 1 1.0
267000 268000 2 1 101 6433 296 421018 720 272 496 316 0 0 0 0 0 0 0 0 0 0 0.0
268000 269000 2 1 140 7372 486 702050 634 278 456 251 4400 4400 4400 0 128 128 128 0 1 1 1.0
269000 270000 2 1 114 6958 348 499630 633 365 499 190 0 0 0 0 0 0 0 0 0 0 0.0
270000 271000 2 1 139 7507 477 689433 632 365 499 188 4400 4400 4400 0 128 128 128 0 1 1 1.0
271000 272000 2 1 108 6527 338 484691 631 363 497 189 0 0 0 0 0 0 0 0 0 0 0.0
272000 273000 2 1 138 7443 474 685661 627 325 476 213 4400 4400 4400 0 128 128 128 0 1 1 1.0
273000 274000 2 1 108 6547 371 533129 624 370 497 179 0 0 0 0 0 0 0 0 0 0 0.0
274000 275000 2 1 132 7021 460 665275 593 320 456 192 4400 4400 4400 0 128 128 128 0 1 1 1.0
275000 276000 2 1 112 6665 378 544071 591 405 498 131 0 0 0 0 0 0 0 0 0 0 0.0
276000 277000 2 1 149 8287 458 661730 586 406 496 127 4400 4400 4400 0 128 128 128 0 1 1 1.0
277000 278000 2 1 114 7630 333 477474 586 409 497 125 0 0 0 0 0 0 0 0 0 0 0.0
278000 279000 2 1 139 8306 427 616280 585 411 498 123 6500 6500 6500 0 128 128 128 0 2 2 1.0
279000 280000 2 1 160 8961 532 767933 585 413 499 121 0 0 0 0 0 0 0 0 0 0 0.0
280000 281000 2 1 154 8172 572 827291 584 410 497 122 6500 6500 6500 0 128 128 128 0 1 1 1.0
281000 282000 2 1 166 9184 610 884222 584 414 499 119 0 0 0 0 0 0 0 0 0 0 0.0
282000 283000 2 1 140 7832 493 715609 492 375 433 82 6500 6500 6500 0 128 128 128 0 1 2 1.0
283000 284000 2 1 161 8662 556 806705 507 487 497 13 0 0 0 0 0 0 0 0 0 0 0.0
284000 285000 2 1 164 8823 584 847210 511 483 497 19 6500 6500 6500 0 128 128 128 0 1 1 1.0
285000 286000 2 1 169 9067 604 875895 514 478 496 25 0 0 0 0 0 0 0 0 0 0 0.0
286000 287000 2 1 181 9537 623 903086 519 474 496 31 6500 6500 6500 0 0 0 0 0 1 0 1.0
287000 288000 2 1 186 10073 636 923458 524 471 497 36 0 0 0 0 0 0 0 0 0 0 0.0
288000 289000 2 1 178 9660 627 910618 524 466 495 41 6500 6500 6500 0 128 128 128 0 1 1 1.0
289000 290000 2 1 175 9943 612 885137 533 464 498 48 0 0 0 0 0 0 0 0 0 0 0.0
290000 291000 2 1 171 9955 576 829256 535 463 499 50 4400 4400 4400 0 128 128 128 0 2 2 1.0
291000 292000 1 1 75 3594 257 370732 431 431 431 0 0 0 0 0 0 0 0 0 0 0 0.0
292000 293000 1 1 147 9421 517 747540 853 853 853 0 4400 4400 4400 0 128 128 128 0 1 2 1.0
293000 294000 2 1 145 7909 522 754211 851 145 498 499 4400 4400 4400 0 0 0 0 0 1 0 0.0
294000 295000 2 1 153 9088 542 783518 851 145 498 499 4400 4400 4400 0 128 128 128 0 1 1 1.0
295000 296000 2 1 176 9314 636 923746 846 148 497 493 0 0 0 0 0 0 0 0 0 0 0.0
296000 297000 2 1 68 3439 180 251822 177 152 165 17 0 0 0 0 0 0 0 0 0 0 1.0
297000 298000 0 0 0 0 0 0 0 0 0 0 0 0 0 0 0 0 0 0 0 0 
298000 299000 1 1 195 12750 545 785890 854 854 854 0 4400 4400 4400 0 128 128 128 0 1 2 1.0
299000 300000 2 1 205 11489 634 918068 853 145 499 500 4400 4400 4400 0 0 0 0 0 1 0 0.0
