ts te nbins ncons c_pkts_all c_bytes_all s_pkts_all s_bytes_all max_bin min_bin avg_bin std_bin max_vid min_vid avg_vid std_vid max_aud min_aud avg_aud std_aud num_vid num_aud num_mfs
0 1000 0 0 0 0 0 0 0 0 0 0 0 0 0 0 0 0 0 0 0 0 
1000 2000 0 0 0 0 0 0 0 0 0 0 0 0 0 0 0 0 0 0 0 0 
2000 3000 0 0 0 0 0 0 0 0 0 0 0 0 0 0 0 0 0 0 0 0 
3000 4000 0 0 0 0 0 0 0 0 0 0 0 0 0 0 0 0 0 0 0 0 
4000 5000 0 0 0 0 0 0 0 0 0 0 0 0 0 0 0 0 0 0 0 0 
5000 6000 0 0 0 0 0 0 0 0 0 0 0 0 0 0 0 0 0 0 0 0 
6000 7000 1 1 166 14148 441 631040 793 793 793 0 3000 3000 3000 0 128 128 128 0 2 3 1.0
7000 8000 2 1 220 16127 606 865957 792 204 498 415 1500 1500 1500 0 128 128 128 0 3 3 0.0
8000 9000 2 1 196 12506 504 723517 790 205 498 413 1500 1500 1500 0 128 128 128 0 1 1 1.0
9000 10000 2 1 105 6569 302 436147 789 207 498 411 1500 1500 1500 0 0 0 0 0 1 0 0.0
10000 11000 2 1 147 9859 402 579475 788 208 498 410 1500 1500 1500 0 128 128 128 0 1 2 1.0
11000 12000 2 1 159 9618 495 717640 788 211 499 407 1500 1500 1500 0 128 128 128 0 2 2 0.0
12000 13000 2 1 118 6521 376 541893 445 206 326 168 1500 1500 1500 0 0 0 0 0 1 0 1.0
13000 14000 0 0 0 0 0 0 0 0 0 0 0 0 0 0 0 0 0 0 0 0 
14000 15000 1 1 93 6731 304 438332 518 518 518 0 2300 2300 2300 0 128 128 128 0 2 3 1.0
15000 16000 2 1 159 9599 506 728668 481 408 445 51 2300 2300 2300 0 0 0 0 0 1 0 0.0
16000 17000 1 1 84 5570 247 353938 515 515 515 0 6500 6500 6500 0 128 128 128 0 2 2 1.0
17000 18000 2 1 152 8928 474 683064 511 482 497 20 0 0 0 0 0 0 0 0 0 0 0.0
18000 19000 2 1 157 8433 507 733111 483 470 477 8 6500 6500 6500 0 128 128 128 0 1 1 1.0
19000 20000 2 1 186 9901 600 867408 528 469 499 42 0 0 0 0 0 0 0 0 0 0 0.0
20000 21000 2 1 100 4960 325 466505 523 32 277 347 0 0 0 0 0 0 0 0 0 0 1.0
21000 22000 0 0 0 0 0 0 0 0 0 0 0 0 0 0 0 0 0 0 0 0 
22000 23000 1 1 86 5387 280 403830 516 516 516 0 6500 6500 6500 0 128 128 128 0 1 2 1.0
23000 24000 2 1 177 10194 595 861400 513 482 498 21 0 0 0 0 0 0 0 0 0 0 0.0
24000 25000 2 1 192 10704 647 940412 511 486 499 18 4400 4400 4400 0 128 128 128 0 2 2 1.0
25000 26000 2 1 187 10302 643 933750 511 487 499 17 4400 4400 4400 0 0 0 0 0 1 0 0.0
26000 27000 2 1 179 9557 631 915188 509 486 498 16 4400 4400 4400 0 128 128 128 0 1 1 1.0
27000 28000 2 1 168 9434 553 799536 506 489 497 11 0 0 0 0 128 128 128 0 0 1 0.0
28000 29000 2 1 171 9616 563 815392 504 492 498 8 4400 4400 4400 0 0 0 0 0 1 0 1.0
29000 30000 2 1 179 9371 600 869371 504 488 496 11 4400 4400 4400 0 128 128 128 0 1 1 0.0
30000 31000 2 1 188 9126 573 822130 501 495 498 4 0 0 0 0 0 0 0 0 0 0 1.0
31000 32000 1 1 24 1153 70 99870 120 120 120 0 0 0 0 0 0 0 0 0 0 0 0.0
32000 33000 1 1 82 5844 272 391992 517 517 517 0 6500 6500 6500 0 128 128 128 0 2 2 1.0
33000 34000 2 1 168 10328 568 819884 513 478 495 24 6500 6500 6500 0 128 128 128 0 1 1 0.0
34000 35000 2 1 188 9810 606 878853 511 483 497 20 0 0 0 0 0 0 0 0 0 0 1.0
35000 36000 2 1 178 9259 576 834515 511 486 498 17 6500 6500 6500 0 128 128 128 0 1 1 0.0
36000 37000 2 1 186 9713 606 879155 511 488 499 16 0 0 0 0 0 0 0 0 0 0 1.0
37000 38000 2 1 182 9632 594 862642 506 487 496 13 6500 6500 6500 0 128 128 128 0 1 1 0.0
38000 39000 2 1 176 9226 585 849046 502 493 498 6 0 0 0 0 128 128 128 0 0 1 1.0
39000 40000 2 1 192 10004 599 865042 501 495 498 3 6500 6500 6500 0 0 0 0 0 1 0 0.0
40000 41000 2 1 166 8736 550 794204 498 498 498 0 0 0 0 0 128 128 128 0 0 1 1.0
41000 42000 2 1 160 8622 550 798065 498 496 497 1 6500 6500 6500 0 0 0 0 0 1 0 0.0
42000 43000 2 1 186 10157 605 878509 501 496 498 3 0 0 0 0 128 128 128 0 0 1 1.0
43000 44000 2 1 189 10166 632 916379 502 494 498 5 6500 6500 6500 0 0 0 0 0 1 0 0.0
44000 45000 2 1 179 9595 623 904255 504 494 499 7 0 0 0 0 128 128 128 0 0 1 1.0
45000 46000 2 1 170 9164 582 844388 504 492 498 8 6500 6500 6500 0 0 0 0 0 1 0 0.0
46000 47000 2 1 179 9617 587 851245 501 492 496 6 0 0 0 0 128 128 128 0 0 1 1.0
47000 48000 2 1 197 10722 643 933710 506 490 498 11 6500 6500 6500 0 0 0 0 0 1 0 0.0
48000 49000 2 1 204 11299 650 943566 505 488 496 12 0 0 0 0 128 128 128 0 0 1 1.0
49000 50000 2 1 209 11477 641 929713 510 484 497 17 6500 6500 6500 0 0 0 0 0 1 0 0.0
50000 51000 2 1 189 10714 586 849081 513 484 498 20 0 0 0 0 128 128 128 0 0 1 1.0
51000 52000 2 1 178 9773 585 850418 500 476 488 16 6500 6500 6500 0 0 0 0 0 1 0 0.0
52000 53000 2 1 193 10463 625 907722 519 475 497 31 0 0 0 0 128 128 128 0 0 1 1.0
53000 54000 2 1 174 9413 577 837181 486 436 461 34 6500 6500 6500 0 0 0 0 0 1 0 0.0
54000 55000 2 1 180 9625 636 922425 559 436 498 86 0 0 0 0 128 128 128 0 0 1 1.0
55000 56000 2 1 184 9971 629 912462 562 436 499 89 6500 6500 6500 0 0 0 0 0 1 0 0.0
56000 57000 2 1 184 9949 592 859095 562 435 499 89 0 0 0 0 128 128 128 0 0 1 1.0
57000 58000 2 1 186 10252 569 824454 563 430 497 93 6500 6500 6500 0 0 0 0 0 1 0 0.0
58000 59000 2 1 193 10404 638 925626 568 425 496 101 6500 6500 6500 0 128 128 128 0 1 1 1.0
59000 60000 2 1 189 10253 636 923147 569 424 497 102 0 0 0 0 0 0 0 0 0 0 0.0
60000 61000 2 1 198 10699 630 914895 575 424 499 106 6500 6500 6500 0 128 128 128 0 1 1 1.0
61000 62000 2 1 178 9672 583 845124 575 419 497 110 0 0 0 0 0 0 0 0 0 0 0.0
62000 63000 2 1 175 9360 568 823412 580 418 499 114 6500 6500 6500 0 128 128 128 0 1 1 1.0
63000 64000 2 1 203 11284 632 916270 579 415 497 116 0 0 0 0 0 0 0 0 0 0 0.0
64000 65000 2 1 206 11510 611 884276 584 410 497 123 6500 6500 6500 0 128 128 128 0 1 1 1.0
65000 66000 2 1 180 9901 581 839100 589 407 498 128 0 0 0 0 0 0 0 0 0 0 0.0
66000 67000 2 1 162 8732 556 805739 591 406 498 130 6500 6500 6500 0 128 128 128 0 1 1 1.0
67000 68000 2 1 155 8653 500 724408 593 405 499 132 0 0 0 0 0 0 0 0 0 0 0.0
68000 69000 2 1 192 10425 634 920660 593 404 498 133 6500 6500 6500 0 128 128 128 0 1 1 1.0
69000 70000 2 1 191 10691 643 933996 594 400 497 136 0 0 0 0 128 128 128 0 0 1 0.0
70000 71000 2 1 199 11037 632 917330 597 398 497 140 6500 6500 6500 0 0 0 0 0 1 0 1.0
71000 72000 2 1 190 10552 572 830777 599 397 498 142 0 0 0 0 128 128 128 0 0 1 0.0
72000 73000 2 1 186 10124 585 849821 602 397 499 144 6500 6500 6500 0 0 0 0 0 1 0 1.0
73000 74000 2 1 186 9725 638 925505 598 395 497 143 0 0 0 0 128 128 128 0 0 1 0.0
74000 75000 2 1 179 9842 616 892738 602 395 499 146 6500 6500 6500 0 0 0 0 0 1 0 1.0
75000 76000 2 1 175 8716 573 828272 602 394 498 147 0 0 0 0 0 0 0 0 0 0 0.0
76000 77000 2 1 151 8170 497 713665 588 392 490 138 6500 6500 6500 0 128 128 128 0 1 1 1.0
77000 78000 2 1 167 9379 585 846793 607 389 498 153 0 0 0 0 128 128 128 0 0 1 0.0
78000 79000 2 1 179 10020 605 877526 607 386 497 156 6500 6500 6500 0 0 0 0 0 1 0 1.0
79000 80000 2 1 173 9497 586 849794 613 386 499 160 0 0 0 0 128 128 128 0 0 1 0.0
80000 81000 2 1 175 9337 610 885532 613 381 497 163 6500 6500 6500 0 0 0 0 0 1 0 1.0
81000 82000 2 1 153 8308 558 807896 617 376 496 170 0 0 0 0 128 128 128 0 0 1 0.0
82000 83000 2 1 154 8536 538 778659 623 375 499 175 6500 6500 6500 0 0 0 0 0 1 0 1.0
83000 84000 2 1 173 9905 583 843395 624 375 499 176 0 0 0 0 128 128 128 0 0 2 0.0
84000 85000 2 1 184 11608 629 911485 622 371 496 177 4400 4400 4400 0 0 0 0 0 2 0 1.0
85000 86000 2 1 130 10819 433 621975 626 368 497 182 0 0 0 0 0 0 0 0 0 0 0.0
86000 87000 2 1 91 5901 300 429670 624 357 490 189 4400 4400 4400 0 128 128 128 0 1 1 1.0
87000 88000 2 1 184 10215 629 911774 642 354 498 203 4400 4400 4400 0 128 128 128 0 1 1 0.0
88000 89000 2 1 183 10532 597 865428 644 354 499 205 0 0 0 0 128 128 128 0 0 1 1.0
89000 90000 2 1 177 9816 590 853124 645 354 499 206 4400 4400 4400 0 0 0 0 0 1 0 0.0
90000 91000 2 1 163 9398 499 720130 622 255 438 259 4400 4400 4400 0 128 128 128 0 1 1 1.0
91000 92000 2 1 147 7571 497 719948 741 254 498 344 0 0 0 0 0 0 0 0 0 0 0.0
92000 93000 2 1 109 6763 348 497190 743 252 497 347 4400 4400 4400 0 128 128 128 0 1 1 1.0
93000 94000 2 1 174 8912 582 842983 744 252 498 347 0 0 0 0 0 0 0 0 0 0 0.0
94000 95000 2 1 130 7728 438 629804 744 249 496 350 4400 4400 4400 0 128 128 128 0 1 1 1.0
95000 96000 2 1 150 7797 508 737022 748 247 497 353 0 0 0 0 0 0 0 0 0 0 0.0
96000 97000 2 1 83 5557 254 363006 750 247 499 356 4400 4400 4400 0 128 128 128 0 1 1 1.0
97000 98000 2 1 163 8463 532 771340 749 247 498 355 0 0 0 0 0 0 0 0 0 0 0.0
98000 99000 2 1 86 5643 253 361134 750 246 498 355 4400 4400 4400 0 128 128 128 0 1 1 1.0
99000 100000 1 1 135 6497 448 649449 727 727 727 0 0 0 0 0 0 0 0 0 0 0 0.0
100000 101000 1 1 90 5444 289 418083 516 516 516 0 4400 4400 4400 0 128 128 128 0 1 1 1.0
101000 102000 2 1 147 8564 455 657618 511 483 497 19 0 0 0 0 0 0 0 0 0 0 0.0
102000 103000 2 1 139 7787 438 632647 483 478 481 3 4400 4400 4400 0 128 128 128 0 1 1 1.0
103000 104000 2 1 123 6980 396 571094 520 473 496 33 0 0 0 0 0 0 0 0 0 0 0.0
104000 105000 2 1 112 6985 367 529047 484 470 477 9 6500 6500 6500 0 128 128 128 0 2 2 1.0
105000 106000 2 1 162 9466 547 791028 526 468 497 41 0 0 0 0 0 0 0 0 0 0 0.0
106000 107000 2 1 163 8852 547 790948 527 466 496 42 6500 6500 6500 0 128 128 128 0 1 1 1.0
107000 108000 2 1 196 10798 594 852303 532 463 498 49 0 0 0 0 0 0 0 0 0 0 0.0
108000 109000 2 1 215 11876 611 874148 536 463 499 51 6500 6500 6500 0 128 128 128 0 1 1 1.0
109000 110000 2 1 190 10459 595 858126 532 461 496 50 0 0 0 0 0 0 0 0 0 0 0.0
110000 111000 2 1 167 9145 561 811887 536 458 497 55 6500 6500 6500 0 128 128 128 0 1 1 1.0
111000 112000 2 1 158 8630 546 789569 541 454 497 61 0 0 0 0 0 0 0 0 0 0 0.0
112000 113000 2 1 178 9436 624 905543 545 450 497 67 6500 6500 6500 0 128 128 128 0 1 1 1.0
113000 114000 2 1 186 10010 613 888129 548 449 498 70 0 0 0 0 0 0 0 0 0 0 0.0
114000 115000 2 1 176 9491 582 842299 547 447 497 70 6500 6500 6500 0 128 128 128 0 1 1 1.0
115000 116000 2 1 168 9127 536 776442 552 441 497 78 0 0 0 0 0 0 0 0 0 0 0.0
116000 117000 2 1 185 9970 567 823556 557 436 497 85 6500 6500 6500 0 128 128 128 0 1 1 1.0
117000 118000 2 1 186 10718 616 894108 561 435 498 89 0 0 0 0 128 128 128 0 0 1 0.0
118000 119000 2 1 183 9947 621 901194 562 432 497 91 6500 6500 6500 0 0 0 0 0 1 0 1.0
119000 120000 2 1 172 9066 590 852506 565 430 497 95 0 0 0 0 128 128 128 0 0 1 0.0
120000 121000 2 1 169 9230 556 803731 552 420 486 93 6500 6500 6500 0 0 0 0 0 1 0 1.0
121000 122000 2 1 186 9677 555 806026 575 418 496 111 0 0 0 0 128 128 128 0 0 1 0.0
122000 123000 2 1 154 9780 412 597607 580 414 497 116 0 0 0 0 0 0 0 0 0 0 1.0
123000 124000 2 1 120 8339 389 563591 583 414 498 119 3000 3000 3000 0 128 128 128 0 2 2 0.0
124000 125000 2 1 172 9582 590 855082 585 413 499 121 3000 3000 3000 0 0 0 0 0 1 0 1.0
125000 126000 2 1 129 7191 427 613676 586 407 497 126 3000 3000 3000 0 128 128 128 0 1 1 0.0
126000 127000 1 1 54 2976 162 231347 570 570 570 0 0 0 0 0 0 0 0 0 0 0 1.0
127000 128000 1 1 146 9338 499 721079 875 875 875 0 4400 4400 4400 0 128 128 128 0 2 2 0.0
128000 129000 2 1 135 7807 383 553195 572 123 347 317 0 0 0 0 0 0 0 0 0 0 1.0
129000 130000 1 1 150 8522 498 721731 872 872 872 0 4400 4400 4400 0 128 128 128 0 1 1 0.0
130000 131000 2 1 106 7166 294 419756 869 127 498 525 0 0 0 0 0 0 0 0 0 0 1.0
131000 132000 2 1 142 7066 452 655337 828 124 476 497 4400 4400 4400 0 128 128 128 0 1 1 0.0
132000 133000 2 1 52 3156 138 194678 396 163 279 164 0 0 0 0 0 0 0 0 0 0 1.0
133000 134000 0 0 0 0 0 0 0 0 0 0 0 0 0 0 0 0 0 0 0 0 
134000 135000 1 1 95 6014 281 402861 515 515 515 0 4400 4400 4400 0 128 128 128 0 1 2 1.0
135000 136000 2 1 191 11400 574 826039 515 484 499 22 4400 4400 4400 0 0 0 0 0 1 0 0.0
136000 137000 2 1 195 11029 591 854902 514 482 498 22 0 0 0 0 128 128 128 0 0 1 1.0
137000 138000 2 1 169 9091 522 757808 482 368 425 79 4400 4400 4400 0 0 0 0 0 1 0 0.0
138000 139000 2 1 199 10945 614 890541 516 477 497 27 4400 4400 4400 0 128 128 128 0 1 1 1.0
139000 140000 2 1 167 9370 527 761426 520 475 497 31 0 0 0 0 0 0 0 0 0 0 0.0
140000 141000 2 1 145 7946 491 707925 483 470 477 9 4400 4400 4400 0 128 128 128 0 1 1 1.0
141000 142000 2 1 132 7528 415 597300 528 467 497 43 0 0 0 0 0 0 0 0 0 0 0.0
142000 143000 2 1 122 6960 388 557436 527 455 491 50 4400 4400 4400 0 128 128 128 0 1 1 1.0
143000 144000 2 1 122 6984 389 558976 544 449 497 67 0 0 0 0 0 0 0 0 0 0 0.0
144000 145000 2 1 116 6651 347 498861 543 440 492 72 4400 4400 4400 0 128 128 128 0 1 1 1.0
145000 146000 2 1 152 8478 452 654633 558 435 497 87 0 0 0 0 0 0 0 0 0 0 0.0
146000 147000 2 1 104 5846 279 401755 537 261 399 195 4400 4400 4400 0 128 128 128 0 1 1 1.0
147000 148000 2 1 156 8661 496 712851 735 260 498 336 0 0 0 0 0 0 0 0 0 0 0.0
148000 149000 1 1 79 3910 228 330300 389 389 389 0 0 0 0 0 0 0 0 0 0 0 0.0
149000 150000 0 0 0 0 0 0 0 0 0 0 0 0 0 0 0 0 0 0 0 0 
150000 151000 1 1 77 4734 255 366616 516 516 516 0 4400 4400 4400 0 128 128 128 0 1 1 1.0
151000 152000 2 1 128 7506 402 580209 512 482 497 20 0 0 0 0 0 0 0 0 0 0 0.0
152000 153000 2 1 132 7651 429 620687 482 458 470 17 4400 4400 4400 0 128 128 128 0 1 2 1.0
153000 154000 2 1 182 10484 618 895087 539 455 497 59 4400 4400 4400 0 0 0 0 0 1 0 0.0
154000 155000 2 1 179 9976 591 857408 542 454 498 62 4400 4400 4400 0 128 128 128 0 1 1 1.0
155000 156000 2 1 166 9009 531 769669 541 453 497 62 0 0 0 0 0 0 0 0 0 0 0.0
156000 157000 2 1 166 8923 521 753662 546 450 498 67 4400 4400 4400 0 128 128 128 0 1 1 1.0
157000 158000 2 1 121 6835 383 550923 545 447 496 69 0 0 0 0 0 0 0 0 0 0 0.0
158000 159000 2 1 44 2430 136 193773 548 0 274 387 0 0 0 0 0 0 0 0 0 0 1.0
159000 160000 0 0 0 0 0 0 0 0 0 0 0 0 0 0 0 0 0 0 0 0 
160000 161000 1 1 84 5052 299 431600 516 516 516 0 4400 4400 4400 0 128 128 128 0 1 1 1.0
161000 162000 2 1 128 7618 404 582634 515 483 499 22 0 0 0 0 0 0 0 0 0 0 0.0
162000 163000 2 1 136 8052 419 603233 484 483 483 0 4400 4400 4400 0 128 128 128 0 1 2 1.0
163000 164000 2 1 194 11098 627 907247 512 482 497 20 4400 4400 4400 0 0 0 0 0 1 0 0.0
164000 165000 2 1 190 9873 604 874227 514 481 497 23 0 0 0 0 0 0 0 0 0 0 1.0
165000 166000 1 1 16 796 54 78022 93 93 93 0 0 0 0 0 0 0 0 0 0 0 0.0
166000 167000 1 1 89 5629 309 446527 515 515 515 0 4400 4400 4400 0 128 128 128 0 1 2 1.0
167000 168000 2 1 190 11182 612 886668 513 482 498 22 4400 4400 4400 0 0 0 0 0 1 0 0.0
168000 169000 2 1 185 10315 607 880427 513 486 499 19 0 0 0 0 128 128 128 0 0 1 1.0
169000 170000 2 1 192 10565 585 846046 513 485 499 19 4400 4400 4400 0 0 0 0 0 1 0 0.0
170000 171000 2 1 111 6033 289 412766 483 57 270 301 0 0 0 0 0 0 0 0 0 0 1.0
171000 172000 0 0 0 0 0 0 0 0 0 0 0 0 0 0 0 0 0 0 0 0 
172000 173000 1 1 98 8034 318 458320 517 517 517 0 4400 4400 4400 0 128 128 128 0 1 2 1.0
173000 174000 2 1 202 13394 627 907371 517 479 498 26 4400 4400 4400 0 0 0 0 0 1 0 0.0
174000 175000 2 1 194 10287 601 869135 516 481 498 25 0 0 0 0 0 0 0 0 0 0 1.0
175000 176000 1 1 54 2863 175 252992 311 311 311 0 0 0 0 0 0 0 0 0 0 0 0.0
176000 177000 1 1 74 4901 246 353764 518 518 518 0 4400 4400 4400 0 128 128 128 0 1 2 1.0
177000 178000 2 1 163 9701 551 796448 516 479 497 26 4400 4400 4400 0 0 0 0 0 1 0 0.0
178000 179000 2 1 167 9251 574 832865 514 482 498 21 0 0 0 0 128 128 128 0 0 1 1.0
179000 180000 2 1 154 8294 523 757771 512 481 497 21 4400 4400 4400 0 0 0 0 0 1 0 0.0
180000 181000 2 1 158 8491 512 739022 482 471 476 7 4400 4400 4400 0 128 128 128 0 1 1 1.0
181000 182000 2 1 132 7461 382 549213 524 471 497 37 0 0 0 0 0 0 0 0 0 0 0.0
182000 183000 2 1 133 7665 375 539013 482 461 472 14 4400 4400 4400 0 128 128 128 0 1 1 1.0
183000 184000 2 1 138 7941 405 581039 537 457 497 56 0 0 0 0 0 0 0 0 0 0 0.0
184000 185000 2 1 136 8157 389 560979 540 437 488 72 4400 4400 4400 0 128 128 128 0 1 2 1.0
185000 186000 2 1 206 12119 607 877862 561 437 499 87 4400 4400 4400 0 0 0 0 0 1 0 0.0
186000 187000 2 1 188 10071 545 787832 561 436 499 88 0 0 0 0 0 0 0 0 0 0 1.0
187000 188000 1 1 49 2443 141 203608 245 245 245 0 0 0 0 0 0 0 0 0 0 0 0.0
188000 189000 1 1 90 5780 276 397449 518 518 518 0 4400 4400 4400 0 128 128 128 0 1 2 1.0
189000 190000 2 1 195 11737 589 852379 516 479 498 25 4400 4400 4400 0 0 0 0 0 1 0 0.0
190000 191000 2 1 188 11433 574 832271 514 482 498 22 0 0 0 0 128 128 128 0 0 2 1.0
191000 192000 2 1 197 11544 589 854119 510 485 497 17 6500 6500 6500 0 0 0 0 0 2 0 0.0
192000 193000 2 1 210 10922 620 900779 507 488 497 13 0 0 0 0 0 0 0 0 0 0 1.0
193000 194000 2 1 125 6635 340 491832 507 491 499 11 0 0 0 0 0 0 0 0 0 0 0.0
194000 195000 2 1 105 6153 309 445205 482 460 471 15 6500 6500 6500 0 128 128 128 0 1 1 1.0
195000 196000 2 1 175 9458 581 840492 538 458 498 56 0 0 0 0 0 0 0 0 0 0 0.0
196000 197000 2 1 179 10453 584 844328 539 435 487 72 4400 4400 4400 0 128 128 128 0 2 3 1.0
197000 198000 2 1 180 11222 555 802780 562 435 498 89 4400 4400 4400 0 0 0 0 0 1 0 0.0
198000 199000 2 1 195 10286 563 811867 561 433 497 90 0 0 0 0 0 0 0 0 0 0 1.0
199000 200000 1 1 76 3768 226 323356 368 368 368 0 0 0 0 0 0 0 0 0 0 0 0.0
200000 201000 1 1 85 5445 288 416438 517 517 517 0 4400 4400 4400 0 128 128 128 0 1 2 1.0
201000 202000 2 1 185 10999 597 864367 516 481 498 24 4400 4400 4400 0 0 0 0 0 1 0 0.0
202000 203000 2 1 178 10041 577 837203 513 482 498 21 4400 4400 4400 0 128 128 128 0 1 1 1.0
203000 204000 2 1 164 8855 531 770267 511 483 497 20 0 0 0 0 0 0 0 0 0 0 0.0
204000 205000 2 1 177 9563 528 758929 510 486 498 16 4400 4400 4400 0 128 128 128 0 1 1 1.0
205000 206000 2 1 150 8410 418 599331 510 484 497 17 0 0 0 0 0 0 0 0 0 0 0.0
206000 207000 2 1 136 8219 419 603114 482 464 473 13 6500 6500 6500 0 128 128 128 0 2 2 1.0
207000 208000 2 1 176 10346 556 797154 534 463 498 50 0 0 0 0 0 0 0 0 0 0 0.0
208000 209000 2 1 178 9679 558 800882 536 442 489 65 6500 6500 6500 0 128 128 128 0 1 1 1.0
209000 210000 2 1 190 10501 560 806647 552 442 497 78 0 0 0 0 0 0 0 0 0 0 0.0
210000 211000 2 1 122 6622 296 422151 553 31 292 369 0 0 0 0 0 0 0 0 0 0 1.0
211000 212000 0 0 0 0 0 0 0 0 0 0 0 0 0 0 0 0 0 0 0 0 
212000 213000 1 1 96 6222 285 408856 516 516 516 0 6500 6500 6500 0 128 128 128 0 1 2 1.0
213000 214000 2 1 194 11234 606 875362 512 482 497 21 0 0 0 0 0 0 0 0 0 0 0.0
214000 215000 2 1 198 10738 632 916651 512 483 497 20 4400 4400 4400 0 0 0 0 0 2 0 1.0
215000 216000 2 1 152 8413 473 684759 511 484 497 19 0 0 0 0 0 0 0 0 0 0 0.0
216000 217000 2 1 150 8900 460 664194 482 465 474 11 4400 4400 4400 0 128 128 128 0 1 3 1.0
217000 218000 2 1 215 12903 642 928732 532 465 498 47 4400 4400 4400 0 0 0 0 0 1 0 0.0
218000 219000 2 1 209 11302 606 879068 529 464 496 45 0 0 0 0 0 0 0 0 0 0 1.0
219000 220000 1 1 26 1312 76 110236 138 138 138 0 0 0 0 0 0 0 0 0 0 0 0.0
220000 221000 1 1 92 5875 301 433706 518 518 518 0 4400 4400 4400 0 128 128 128 0 1 2 1.0
221000 222000 2 1 209 12389 612 884025 517 480 498 25 4400 4400 4400 0 0 0 0 0 1 0 0.0
222000 223000 2 1 202 11401 607 879910 512 481 497 22 0 0 0 0 128 128 128 0 0 1 1.0
223000 224000 2 1 202 11088 614 891054 509 485 497 16 4400 4400 4400 0 0 0 0 0 1 0 0.0
224000 225000 2 1 137 7242 369 528381 488 145 316 242 0 0 0 0 0 0 0 0 0 0 1.0
225000 226000 0 0 0 0 0 0 0 0 0 0 0 0 0 0 0 0 0 0 0 0 
226000 227000 1 1 103 6222 307 444100 518 518 518 0 4400 4400 4400 0 128 128 128 0 1 1 1.0
227000 228000 2 1 167 9443 470 676352 480 324 402 110 0 0 0 0 0 0 0 0 0 0 0.0
228000 229000 1 1 86 5504 284 411154 515 515 515 0 4400 4400 4400 0 128 128 128 0 1 2 1.0
229000 230000 2 1 169 10465 543 785432 512 482 497 21 4400 4400 4400 0 0 0 0 0 1 0 0.0
230000 231000 2 1 191 12192 574 829346 512 486 499 18 4400 4400 4400 0 128 128 128 0 1 3 1.0
231000 232000 2 1 143 8889 435 627376 500 426 463 52 6500 6500 6500 0 0 0 0 0 2 0 0.0
232000 233000 2 1 59 3177 178 251148 483 47 265 308 0 0 0 0 0 0 0 0 0 0 1.0
233000 234000 0 0 0 0 0 0 0 0 0 0 0 0 0 0 0 0 0 0 0 0 
234000 235000 1 1 105 7071 316 456400 517 517 517 0 4400 4400 4400 0 128 128 128 0 2 2 1.0
235000 236000 2 1 202 11699 594 858252 516 480 498 25 0 0 0 0 0 0 0 0 0 0 0.0
236000 237000 2 1 110 6814 333 480264 512 62 287 318 4400 4400 4400 0 128 128 128 0 1 2 1.0
237000 238000 2 1 185 11085 570 825398 511 485 498 18 4400 4400 4400 0 0 0 0 0 1 0 0.0
238000 239000 2 1 191 11204 596 864906 510 487 499 16 0 0 0 0 128 128 128 0 0 1 1.0
239000 240000 2 1 199 11540 635 921818 510 483 497 18 4400 4400 4400 0 128 128 128 0 1 1 0.0
240000 241000 2 1 210 11425 646 939171 508 485 496 16 4400 4400 4400 0 128 128 128 0 1 1 1.0
241000 242000 2 1 192 10606 578 836880 505 489 497 11 4400 4400 4400 0 0 0 0 0 1 0 0.0
242000 243000 2 1 163 8619 490 706754 505 491 498 10 0 0 0 0 0 0 0 0 0 0 1.0
243000 244000 1 1 57 2739 164 236050 347 347 347 0 0 0 0 0 0 0 0 0 0 0 0.0
244000 245000 1 1 89 5745 288 416706 516 516 516 0 4400 4400 4400 0 128 128 128 0 1 2 1.0
245000 246000 2 1 195 11278 602 872054 513 482 498 22 4400 4400 4400 0 0 0 0 0 1 0 0.0
246000 247000 2 1 196 10433 612 887549 512 484 498 19 0 0 0 0 0 0 0 0 0 0 1.0
247000 248000 1 1 24 1318 81 117269 138 138 138 0 0 0 0 0 0 0 0 0 0 0 0.0
248000 249000 1 1 8 1039 8 6221 113 113 113 0 0 0 0 0 0 0 0 0 0 0 1.0
249000 250000 0 0 0 0 0 0 0 0 0 0 0 0 0 0 0 0 0 0 0 0 
250000 251000 1 1 94 5945 315 455877 517 517 517 0 4400 4400 4400 0 128 128 128 0 1 2 1.0
251000 252000 2 1 200 12170 594 858787 517 482 499 25 4400 4400 4400 0 128 128 128 0 1 1 0.0
252000 253000 2 1 213 12584 581 838349 517 479 498 26 0 0 0 0 0 0 0 0 0 0 0.0
253000 254000 2 1 201 10873 617 891806 515 482 498 23 4400 4400 4400 0 128 128 128 0 1 1 1.0
254000 255000 2 1 193 9846 622 904069 513 484 498 21 4400 4400 4400 0 0 0 0 0 1 0 0.0
255000 256000 2 1 137 7393 414 599363 509 484 497 17 0 0 0 0 0 0 0 0 0 0 0.0
256000 257000 2 1 133 7708 412 594166 484 473 478 7 4400 4400 4400 0 128 128 128 0 1 2 1.0
257000 258000 2 1 210 12112 638 922785 525 472 498 37 4400 4400 4400 0 0 0 0 0 1 0 0.0
258000 259000 2 1 190 10823 567 821433 527 471 499 39 0 0 0 0 128 128 128 0 0 1 1.0
259000 260000 2 1 180 9830 553 797300 526 467 496 41 4400 4400 4400 0 0 0 0 0 1 0 0.0
260000 261000 2 1 200 10851 605 871701 532 467 499 45 4400 4400 4400 0 128 128 128 0 1 1 1.0
261000 262000 2 1 142 8032 416 598926 532 466 499 46 0 0 0 0 0 0 0 0 0 0 0.0
262000 263000 2 1 131 7373 388 557969 485 461 473 16 4400 4400 4400 0 128 128 128 0 1 1 1.0
263000 264000 2 1 151 8712 438 630861 538 458 498 56 0 0 0 0 0 0 0 0 0 0 0.0
264000 265000 2 1 140 8782 381 547316 485 450 468 24 6500 6500 6500 0 128 128 128 0 2 2 1.0
265000 266000 2 1 195 11491 586 844971 547 448 498 70 0 0 0 0 0 0 0 0 0 0 0.0
266000 267000 2 1 179 9912 542 782796 550 445 497 74 6500 6500 6500 0 128 128 128 0 1 1 1.0
267000 268000 2 1 179 10092 510 736027 554 444 499 77 0 0 0 0 0 0 0 0 0 0 0.0
268000 269000 2 1 213 11607 629 911286 553 443 498 78 6500 6500 6500 0 128 128 128 0 1 1 1.0
269000 270000 2 1 200 10870 622 901426 556 442 499 80 0 0 0 0 0 0 0 0 0 0 0.0
270000 271000 2 1 134 6966 393 565785 554 103 328 318 0 0 0 0 0 0 0 0 0 0 1.0
271000 272000 0 0 0 0 0 0 0 0 0 0 0 0 0 0 0 0 0 0 0 0 
272000 273000 1 1 90 5744 275 394334 513 513 513 0 6500 6500 6500 0 128 128 128 0 1 2 1.0
273000 274000 2 1 187 11430 596 861817 509 483 496 18 0 0 0 0 0 0 0 0 0 0 0.0
274000 275000 2 1 202 11900 642 932078 508 490 499 12 3000 3000 3000 0 128 128 128 0 2 2 1.0
275000 276000 2 1 181 10193 546 790667 506 491 498 10 3000 3000 3000 0 0 0 0 0 1 0 0.0
276000 277000 2 1 163 8937 493 711233 481 474 477 4 3000 3000 3000 0 128 128 128 0 1 1 1.0
277000 278000 2 1 98 5830 294 422120 523 470 497 37 0 0 0 0 0 0 0 0 0 0 0.0
278000 279000 2 1 12 924 11 7718 482 68 275 292 0 0 0 0 0 0 0 0 0 0 1.0
279000 280000 0 0 0 0 0 0 0 0 0 0 0 0 0 0 0 0 0 0 0 0 
280000 281000 1 1 86 5637 269 386687 514 514 514 0 3000 3000 3000 0 128 128 128 0 1 2 1.0
281000 282000 2 1 211 12613 580 829574 513 485 499 19 3000 3000 3000 0 0 0 0 0 1 0 0.0
282000 283000 2 1 208 12176 574 822605 481 471 476 7 3000 3000 3000 0 128 128 128 0 1 2 1.0
283000 284000 2 1 191 11158 576 832505 526 468 497 41 3000 3000 3000 0 0 0 0 0 1 0 0.0
284000 285000 2 1 184 10313 529 763044 481 457 469 17 3000 3000 3000 0 128 128 128 0 1 1 1.0
285000 286000 1 1 103 5833 287 412619 536 536 536 0 0 0 0 0 0 0 0 0 0 0 0.0
286000 287000 1 1 86 5942 267 383360 516 516 516 0 6500 6500 6500 0 128 128 128 0 2 2 1.0
287000 288000 2 1 192 11553 580 837840 515 483 499 23 0 0 0 0 0 0 0 0 0 0 0.0
288000 289000 2 1 117 6229 319 456424 483 115 299 260 0 0 0 0 0 0 0 0 0 0 1.0
289000 290000 0 0 0 0 0 0 0 0 0 0 0 0 0 0 0 0 0 0 0 0 
290000 291000 1 1 99 5850 311 447933 512 512 512 0 6500 6500 6500 0 128 128 128 0 1 1 1.0
291000 292000 2 1 189 10586 577 831765 512 486 499 18 0 0 0 0 0 0 0 0 0 0 0.0
292000 293000 2 1 177 10228 533 768374 484 449 466 24 4400 4400 4400 0 128 128 128 0 2 2 1.0
293000 294000 2 1 145 8951 429 612361 548 447 497 70 0 0 0 0 0 0 0 0 0 0 0.0
294000 295000 2 1 128 7487 387 553607 549 431 490 82 4400 4400 4400 0 128 128 128 0 1 2 1.0
295000 296000 2 1 185 10747 596 862509 567 428 497 98 4400 4400 4400 0 0 0 0 0 1 0 0.0
296000 297000 2 1 186 10526 581 841421 570 427 499 101 0 0 0 0 128 128 128 0 0 1 1.0
297000 298000 2 1 177 9692 554 802720 571 425 498 103 4400 4400 4400 0 0 0 0 0 1 0 0.0
298000 299000 2 1 131 6651 376 541949 570 190 380 268 0 0 0 0 0 0 0 0 0 0 1.0
299000 300000 0 0 0 0 0 0 0 0 0 0 0 0 0 0 0 0 0 0 0 0 
300000 301000 0 0 0 0 0 0 0 0 0 0 0 0 0 0 0 0 0 0 0 0 
