ts te nbins ncons c_pkts_all c_ack_cnt c_ack_cnt_p c_bytes_all c_bytes_uniq s_pkts_all s_ack_cnt s_ack_cnt_p s_bytes_all s_bytes_uniq c_pkts_retx s_pkts_retx c_pkts_data s_pkts_data max_bin_duration min_bin_duration avg_bin_duration std_bin_duration max_video_rate min_video_rate avg_video_rate std_video_rate max_audio_rate min_audio_rate avg_audio_rate std_audio_rate video_reqs audio_reqs media_reqs
0.0 5000.0 0 0 0.0 0.0 0.0 0.0 0.0 0.0 0.0 0.0 0.0 0.0 0.0 0.0 0.0 0.0 0.0 0.0 0.0 0.0 0.0 0.0 0.0 0.0 0.0 0.0 0.0 0.0 0  
5000.0 10000.0 13 6 284.6453210096218 277.6453210096218 248.06625625247742 25868.41439600127 23555.41439600127 430.6128215120177 430.6128215120177 34.579064757144366 554515.0477980506 393659.7746413443 3.0 117.18519511193301 28.57906475714437 390.03375675487337 998.5430000000015 16.971000000005006 597.8737759915874 351.1932191700119 2300.0 288.0 958.6666666666666 1038.9923323425764 128.0 128.0 128.0 0.0 6 5.0 2.0
10000.0 15000.0 16 5 487.61466846721527 487.61466846721527 470.3184703433903 13638.301166393634 13638.301166393634 627.8966422028806 627.8966422028806 17.29619812382503 846466.4730909823 716506.1216472597 0.0 92.56953674551613 16.29619812382503 609.6004440790555 998.8700000000026 17.464884765624447 585.5975101318363 342.09921847873056 288.0 288.0 288.0 0.0 128.0 128.0 128.0 0.0 7 7.0 2.0
15000.0 20000.0 11 3 381.7995684807984 381.7995684807984 373.51796096637577 6905.212440129797 6905.212440129797 460.0798732215549 460.0798732215549 8.28160751442264 623601.574140377 521247.1059730616 0.0 74.02962011951104 8.28160751442264 451.79826570713226 998.8829999999944 78.7077500000014 771.6546045809645 343.12190036294515 840.0 840.0 840.0 0.0 128.0 128.0 128.0 0.0 4 3.0 3.0
20000.0 25000.0 9 2 446.4792824026165 446.4792824026165 437.83937699109185 7221.160451092234 7221.160451092234 695.1625002249668 695.1625002249668 8.639905411524655 989318.9757066243 802153.0684743687 0.0 130.21564802303982 8.639905411524655 686.5225948134422 998.8890000000029 31.8179999999993 741.8124585503473 298.71156977709086 840.0 840.0 840.0 0.0 128.0 128.0 128.0 0.0 3 3.0 2.0
25000.0 30000.0 13 4 1011.0931165117523 1010.0931165117523 999.390688562969 7242.883359213837 7242.883359213837 1313.3968720994599 1313.3968720994599 8.702427948783216 2029052.658899601 1726882.7018578365 0.0 201.46534122547592 8.702427948783216 1304.6944441506766 998.75 43.92500000000291 567.7776829927881 430.08615315779434 8000.0 3000.0 6000.0 2738.6127875258308 128.0 128.0 128.0 0.0 5 2.0 3.0
30000.0 35000.0 15 4 1477.4878200661874 1474.4878200661874 1459.9870238218873 13118.028187169226 13118.028187169226 2076.6182643087186 2076.6182643087186 16.50079624430009 3256291.5158715113 2935919.8151634345 1.0 228.52441431012514 14.50079624430009 2057.117468064418 999.4539999999979 22.938999999998487 647.0050980468747 343.5633893635293 3000.0 3000.0 3000.0 0.0 128.0 128.0 128.0 0.0 3 4.0 2.0
35000.0 40000.0 14 4 1296.220147748066 1296.220147748066 1283.5550738705908 9747.992204834116 9046.996102417059 1755.6782953994539 1755.6782953994539 12.665073877475198 2768151.199331579 2665506.753652955 0.8325369387375987 73.67531834187409 11.665073877475198 1742.0132215219787 999.4660000000003 5.830933593751979 600.866565290179 382.00852519441867 3000.0 3000.0 3000.0 0.0 128.0 128.0 128.0 0.0 4 4.0 3.0
40000.0 45000.0 9 3 1165.4400113216027 1165.4400113216027 1156.2757588349489 7634.348677392935 7493.344779809993 1375.761351128485 1375.761351128485 8.249589304589291 2216571.3850663295 2144769.805577428 0.16746306126240132 49.28684249207254 9.16425248665378 1367.5117618238958 999.7839999999997 67.90200000000186 587.9433324652782 464.60456254238784 4400.0 3000.0 3933.3333333333335 808.2903768654761 128.0 128.0 128.0 0.0 3 2.0 2.0
45000.0 50000.0 9 2 1101.5763971167153 1101.5763971167153 1094.5173108693602 5893.702536642637 5893.702536642637 1687.0811290807612 1687.0811290807612 7.973749429419702 2737928.2358119898 2629628.2582693854 0.0 76.357126816146 7.059086247355213 1679.1073796513415 999.8699999999953 83.44771679687256 636.7432033420126 415.532068799174 4400.0 4400.0 4400.0 0.0 128.0 128.0 128.0 0.0 3 3.0 3.0
50000.0 55000.0 10 3 1183.5023050519221 1183.5023050519221 1176.4165172034486 5896.8009582957075 5896.8009582957075 1717.3448751994647 1717.3448751994647 6.11158738851581 2761243.1534847505 2522834.484929549 0.0 160.32976325371547 7.085787848473609 1711.2332878109487 999.6230000000069 111.52188671875047 782.7906789062515 280.52904603499087 4400.0 3000.0 3700.0 989.9494936611666 128.0 128.0 128.0 0.0 2 2.0 2.0
55000.0 60000.0 9 2 895.6084132594775 895.6084132594775 887.5826137194354 6707.1556228346035 6707.1556228346035 1417.8156834718166 1417.8156834718166 8.889425909381426 2294090.5993562546 2177287.1432788917 0.0 80.9188971981165 8.0257995400422 1408.9262575624352 999.9959999999992 25.765097656243597 658.5572228732619 431.18787901435763 3000.0 3000.0 3000.0 0.0 128.0 128.0 128.0 0.0 3 3.0 3.0
60000.0 65000.0 8 2 694.0727322868202 694.0727322868202 686.6302593214708 6202.695034205342 6202.695034205342 1044.6003475291427 1044.6003475291427 7.553047055967964 1663891.89407025 1629053.2170112967 0.0 23.884769327823687 7.442472965349389 1037.0473004731748 999.5399999999936 104.69500000000698 635.1696501464867 431.48055828205 3000.0 3000.0 3000.0 0.0 128.0 128.0 128.0 0.0 2 2.0 2.0
65000.0 70000.0 9 2 1151.9289111911273 1151.9289111911273 1142.4925316682852 7887.298760851839 7887.298760851839 1810.276600559128 1810.276600559128 9.436379522842039 2873818.4025605153 2807254.3233607924 0.0 48.46719942837345 9.436379522842039 1800.8402210362858 999.7820000000065 100.72900000000664 706.8794424913197 376.6831218300883 4400.0 3000.0 3350.0 700.0 128.0 128.0 128.0 0.0 4 4.0 3.0
70000.0 75000.0 8 2 1190.3117855382934 1190.3117855382934 1182.3686441030673 6618.261161379536 6618.261161379536 1662.026039178606 1662.026039178606 7.032144473517439 2754544.505586542 2544513.297981045 0.0 128.11129418507468 7.943141435226305 1654.9938947050887 999.8910000000033 100.98500000000058 683.5209821777371 412.55171152101974 4400.0 4400.0 4400.0 0.0 128.0 128.0 128.0 0.0 2 2.0 2.0
75000.0 80000.0 9 2 1198.222694802721 1198.222694802721 1191.1653646948675 5892.135877893701 5892.135877893701 1889.5504848291723 1889.5504848291723 7.968327069562415 3078491.001719568 2927992.0533071393 0.0 101.41024582772913 7.0573301078535495 1881.58215775961 998.3329999999987 72.72200000000885 584.162552083338 463.08278603919575 4400.0 4400.0 4400.0 0.0 128.0 128.0 128.0 0.0 3 3.0 3.0
80000.0 85000.0 8 2 1125.2057884278884 1125.2057884278884 1118.167529285112 5858.027368388515 5858.027368388515 1717.312751619802 1717.312751619802 7.038259142776199 2730453.7432831796 2673411.276215652 0.0 40.74461933394815 7.038259142776199 1710.2744924770254 998.9250000000029 66.3689999999915 640.7710231933597 460.22256856932387 4400.0 4400.0 4400.0 0.0 128.0 128.0 128.0 0.0 2 2.0 2.0
85000.0 90000.0 9 2 1124.0258774895574 1124.0258774895574 1116.042071281147 6670.55165731072 6670.55165731072 1707.7925930317463 1707.7925930317463 7.98380620841054 2857593.780576772 2743100.1944603464 0.0 76.37279664555591 7.983806208410541 1699.8087868233358 999.9600000000064 81.91589648438094 591.9653259548634 456.84263027281503 4400.0 4400.0 4400.0 0.0 128.0 128.0 128.0 0.0 3 3.0 3.0
90000.0 95000.0 9 3 1213.4336960826215 1213.4336960826215 1205.4245829777878 5833.64217954953 5833.64217954953 1714.20206438262 1714.20206438262 7.009113104833666 2820698.44521972 2728341.75398631 0.0 62.466898974177845 7.009113104833666 1706.192951277786 999.9690000000119 64.8579999999929 634.9322267795166 435.6595780680545 4400.0 4400.0 4400.0 0.0 128.0 128.0 128.0 0.0 2 2.0 2.0
95000.0 100000.0 9 2 1163.1509545450558 1163.1509545450558 1154.2526443543854 7438.599999526882 7438.599999526882 1849.1536203502696 1849.1536203502696 8.802428059665193 3001152.2476888276 2871131.604982367 0.0 86.25891608992754 8.898310190670374 1840.3511922906048 999.9140000000043 78.55499999997846 672.57230794271 433.30129001335 4400.0 4400.0 4400.0 0.0 128.0 128.0 128.0 0.0 3 4.0 3.0
100000.0 105000.0 10 2 1221.9088078619307 1221.9088078619307 1214.5125195714397 6159.2697987077845 6159.2697987077845 1823.7097964025247 1823.7097964025247 7.492170421495835 2979493.0124073667 2854987.383894258 0.0 86.16974567252171 7.396288290490653 1816.217625981029 998.9389999999985 0.0 618.7018554687471 437.51269982441113 4400.0 4400.0 4400.0 0.0 128.0 128.0 128.0 0.0 3 2.0 2.0
105000.0 110000.0 11 3 1515.4974097883103 1514.4974097883103 1503.767034969238 9500.70496898207 9500.70496898207 2149.55087773461 2149.55087773461 11.730374819072374 3467583.840358128 3234524.8889540574 0.0 160.31922209826752 10.730374819072374 2136.820502915538 999.2949999999983 77.41968359376187 694.4662347301147 325.12559839373097 4400.0 4400.0 4400.0 0.0 128.0 128.0 128.0 0.0 3 3.0 3.0
110000.0 115000.0 9 3 1292.4316916585656 1292.4316916585656 1285.505225288574 5057.813193204078 5057.813193204078 1980.7514485420504 1980.7514485420504 6.926466369991845 3259868.581207993 3150785.2389626657 0.0 77.73159353298016 6.064524212474914 1972.9630400145418 999.9800000000105 21.48101367187337 697.1910952690976 375.60926785960686 4400.0 4400.0 4400.0 0.0 128.0 128.0 128.0 0.0 2 2.0 2.0
115000.0 120000.0 10 3 1035.1415370540738 1035.1415370540738 1026.110804917583 7415.631755554437 7415.631755554437 1643.3984073147585 1643.3984073147585 9.030732136490714 2737008.1143740173 2667701.121029485 0.0 48.50499524609452 8.892674294007646 1634.2296173357845 999.81700000001 25.219058593764203 548.9992087890656 457.73245989645994 4400.0 4400.0 4400.0 0.0 128.0 128.0 128.0 0.0 3 3.0 3.0
120000.0 125000.0 8 2 976.1050948362279 976.1050948362279 969.6646821655594 5360.125890230885 5360.125890230885 1409.651884154499 1409.651884154499 6.4404126706686045 2258209.5872939015 2047294.2171637737 0.0 144.65383580723423 6.4404126706686045 1403.2114714838303 991.3669999999984 62.1140000000014 509.0355090332014 396.0173494672622 4400.0 4400.0 4400.0 0.0 128.0 128.0 128.0 0.0 2 2.0 2.0
125000.0 130000.0 12 3 1413.032560712928 1412.032560712928 1399.450510045855 11049.87310251587 11049.87310251587 1973.0831295868045 1973.0831295868045 13.582050667073089 3201676.969700358 2923611.313579961 0.0 187.2722026740343 12.582050667073089 1958.5010789197315 999.8660000000091 143.57300000000396 759.736104003908 310.1958738932781 4400.0 4400.0 4400.0 0.0 128.0 128.0 128.0 0.0 2 3.0 3.0
130000.0 135000.0 11 3 1284.4199861439927 1284.4199861439927 1276.9195734814334 6250.275995974785 6250.275995974785 1859.893800760695 1859.893800760695 7.500412662559068 3000279.803181956 2732474.63299037 0.0 182.32061240165666 7.500412662559068 1852.393388098136 999.984999999986 39.19470312498743 711.8424296874992 361.23795919092527 4400.0 3000.0 3466.6666666666665 808.2903768654761 128.0 128.0 128.0 0.0 3 2.0 2.0
135000.0 140000.0 12 3 1195.2816149755201 1195.2816149755201 1186.0195317411794 7741.99592338181 7741.99592338181 1760.5352616170824 1760.5352616170824 8.416831437995821 2847491.0045963004 2662721.0619529546 0.0 126.08287604629169 9.26208323434052 1752.1184301790865 999.8800000000047 37.586000000010245 683.9154256184896 393.605674558224 4400.0 3000.0 3466.6666666666665 808.2903768654761 128.0 128.0 128.0 0.0 3 3.0 3.0
140000.0 145000.0 10 3 1296.9657054185466 1296.9657054185466 1290.6433389471954 5275.097332342213 5275.097332342213 1948.9427500667866 1948.9427500667866 7.167618267695773 3182659.7144096 3102522.6259804643 0.0 55.37061236543149 6.322366471351074 1941.775131799091 999.2850000000035 0.0 678.5760910156271 412.3907904159736 4400.0 4400.0 4400.0 0.0 128.0 128.0 128.0 0.0 3 3.0 2.0
145000.0 150000.0 9 2 1192.8106544609282 1192.8106544609282 1183.843417870326 7478.413209287225 7478.413209287225 1702.159758033253 1702.159758033253 8.967236590602406 2842302.1273285104 2765156.0425746692 0.0 55.97222661137565 8.967236590602406 1693.1925214426506 999.7809999999881 24.96300390624674 736.6692183159693 354.86184019274987 4400.0 4400.0 4400.0 0.0 128.0 128.0 128.0 0.0 3 3.0 3.0
150000.0 155000.0 8 3 1113.1220031903167 1113.1220031903167 1106.5308452946683 5501.754948135944 5501.754948135944 1692.6864499008534 1692.6864499008534 6.59115789564839 2796362.2918892205 2695558.347315401 0.0 69.00281755272833 6.59115789564839 1686.095292005205 998.4860000000044 32.75403906250722 727.4643745117246 337.29157514877124 4400.0 4400.0 4400.0 0.0 128.0 128.0 128.0 0.0 2 2.0 2.0
155000.0 160000.0 8 2 1237.4875704074302 1237.4875704074302 1229.129545946782 6965.45659586568 6965.45659586568 1811.5934347934744 1811.5934347934744 8.358024460648076 3099312.390292776 2970889.226531717 0.0 88.9815744172025 8.358024460648076 1803.2354103328262 999.5320000000065 50.700000000040745 676.2723752441525 387.94757342842144 4400.0 4400.0 4400.0 0.0 128.0 128.0 128.0 0.0 3 3.0 3.0
160000.0 165000.0 8 2 1111.8129017485235 1111.8129017485235 1104.8091484625972 5828.916477627568 5828.916477627568 1611.131000445887 1611.131000445887 7.003753285926029 2692773.522158515 2602394.8081244137 0.0 60.305481150768834 7.003753285926028 1604.127247159961 999.5160000000324 83.35204101563431 648.780268798826 455.0197018362415 4400.0 4400.0 4400.0 0.0 128.0 128.0 128.0 0.0 2 2.0 2.0
165000.0 170000.0 9 2 1172.4038840725784 1172.4038840725784 1164.4270926488834 6664.702167873193 6664.702167873193 1761.9289799072828 1761.9289799072828 7.976791423694827 2856836.580690661 2752386.503205586 0.0 71.91630723406541 7.976791423694827 1753.952188483588 999.9140000000189 78.99189062500955 587.4626488715294 461.1530218509493 4400.0 4400.0 4400.0 0.0 128.0 128.0 128.0 0.0 3 3.0 3.0
170000.0 175000.0 8 2 1166.7745205368378 1166.7745205368378 1158.8322854602789 6617.291549665706 6617.291549665706 1754.1483713277844 1754.1483713277844 7.02263571001962 2841686.31642056 2774558.8938641166 0.0 47.63904993844697 7.942235076558968 1747.1257356177646 998.8340000000026 102.79905078123556 654.9318864745983 439.3634758675724 4400.0 4400.0 4400.0 0.0 128.0 128.0 128.0 0.0 2 2.0 2.0
175000.0 180000.0 9 2 1219.4143187418854 1219.4143187418854 1212.3845143487872 5869.16568378571 5869.16568378571 1750.6800999309153 1750.6800999309153 7.9494037596376455 2892343.9439445827 2798302.5348570356 0.0 66.17243506253385 7.029804393098297 1742.7306961712775 999.8409999999858 78.41095898440108 585.5286950954954 459.9729025273239 4400.0 4400.0 4400.0 0.0 128.0 128.0 128.0 0.0 3 3.0 3.0
180000.0 185000.0 10 3 1245.0097970176544 1245.0097970176544 1236.5799991879717 7027.540219171754 7027.540219171754 1916.598340134112 1916.598340134112 8.429797829682826 3080780.417864578 2997241.6908285664 0.0 57.74553961047391 8.429797829682826 1908.1685423044294 998.5180000000109 92.81599999999162 610.9719949218822 405.6884353633433 4400.0 4400.0 4400.0 0.0 128.0 128.0 128.0 0.0 3 3.0 2.0
185000.0 190000.0 13 3 1499.5192292021197 1499.5192292021197 1491.7448763214093 6494.354678979455 6494.354678979455 2050.833482973301 2050.833482973301 7.774352880710532 3248162.8106098315 3074404.6876262734 0.0 124.31905656693476 7.774352880710532 2043.0591300925905 999.591000000044 5.778000000020256 628.6867537560152 378.9864526766694 4400.0 4400.0 4400.0 0.0 128.0 128.0 128.0 0.0 3 3.0 3.0
190000.0 195000.0 8 2 1195.0232279520626 1195.0232279520626 1188.096381788633 5784.4044696077635 5784.4044696077635 1855.5065071338404 1855.5065071338404 6.926846163429648 3053116.686871885 2978859.5367580927 0.0 51.11397534642165 6.926846163429648 1848.5796609704107 999.8619999999937 1.5238828125002328 791.9431115722618 342.94423967925206 4400.0 4400.0 4400.0 0.0 128.0 128.0 128.0 0.0 2 2.0 2.0
195000.0 200000.0 9 3 1297.5123921020813 1297.5123921020813 1288.5530840025524 7472.185030708608 7472.185030708608 1801.7404795233879 1801.7404795233879 8.95930809952901 2993495.9682249455 2646746.0121247857 0.0 230.13139721439973 8.95930809952901 1792.7811714238587 998.5739999999932 26.269062500010477 779.6708142361151 327.90390911770027 4400.0 4400.0 4400.0 0.0 128.0 128.0 128.0 0.0 3 3.0 3.0
200000.0 205000.0 8 2 1302.717384987769 1302.717384987769 1295.734871211052 5810.108907813253 5810.108907813253 1879.706699487451 1879.706699487451 6.982513776717161 3093913.0651419153 2995327.5588744693 0.0 69.41821876246172 6.982513776717161 1872.7241857107338 999.9569999999949 20.289734374993714 685.6953483886755 416.84084351137153 4400.0 4400.0 4400.0 0.0 128.0 128.0 128.0 0.0 2 2.0 2.0
205000.0 210000.0 9 2 1143.72108124832 1143.72108124832 1135.7876364613464 6628.680591909078 6628.680591909078 1715.1173631185245 1715.1173631185245 7.933444786973471 2804606.1298724227 2732563.2761833016 0.0 48.459181206515076 7.933444786973471 1707.183918331551 999.4539999999979 55.001947265613126 581.3395536024408 463.75440910016073 4400.0 4400.0 4400.0 0.0 128.0 128.0 128.0 0.0 3 3.0 3.0
210000.0 215000.0 8 2 1109.8333116817141 1109.8333116817141 1101.896799948651 6612.801538483596 6612.801538483596 1712.2553944856377 1712.2553944856377 7.030622534921644 2853748.887849546 2787826.554154738 0.0 47.08738121057736 7.936511733062931 1705.2247719507159 999.2829999999958 67.18799999999464 642.4562487793082 458.1686229411045 4400.0 4400.0 4400.0 0.0 128.0 128.0 128.0 0.0 2 2.0 2.0
215000.0 220000.0 9 2 1116.7839282192372 1116.7839282192372 1109.6784721226704 5932.535374064677 5932.535374064677 1787.0304776839155 1787.0304776839155 8.011345294708134 2872614.923911568 2828113.232692976 0.0 30.78692229899411 7.105456096566847 1779.0191323892075 999.9830000000366 84.45100000000093 588.8633185763966 455.8190449291682 4400.0 4400.0 4400.0 0.0 128.0 128.0 128.0 0.0 3 3.0 3.0
220000.0 225000.0 8 2 1069.167649806238 1069.167649806238 1062.1930301803936 5824.629724960747 5824.629724960747 1583.0957678000789 1583.0957678000789 6.0827655071505795 2602281.8943128735 2548508.1511579347 0.0 37.409816539241895 6.974619625844118 1577.0130022929281 999.6830000000191 82.52010742187849 648.5466303710928 451.9561565364127 4400.0 4400.0 4400.0 0.0 128.0 128.0 128.0 0.0 2 2.0 2.0
225000.0 230000.0 9 2 1145.286586343267 1145.286586343267 1137.274073757747 6674.535597007857 6674.535597007857 1724.7495427916333 1724.7495427916333 8.904366704213558 2802859.4136514906 2723358.2944315085 0.0 54.786513728559 8.012512585520021 1715.84517608742 999.622000000003 107.8190644531569 604.6661141493145 441.42503348634557 4400.0 4400.0 4400.0 0.0 128.0 128.0 128.0 0.0 3 3.0 3.0
230000.0 235000.0 10 3 1351.8021031013266 1351.8021031013266 1343.5287056694149 6897.425638300996 6897.425638300996 1904.309543512868 1904.309543512868 8.273397431911738 3128941.060745104 2956953.2447297308 0.0 120.00701143955274 8.273397431911738 1896.0361460809563 999.4520000000193 95.49003710935358 724.1706951171946 374.32459374970665 4400.0 4400.0 4400.0 0.0 128.0 128.0 128.0 0.0 3 3.0 2.0
235000.0 240000.0 12 3 1138.4053581601527 1138.4053581601527 1131.5270814013254 5740.284030301333 5740.284030301333 1627.3961901062357 1627.3961901062357 6.8782767588273686 2586028.1145813186 2461973.0625651777 0.0 88.54932286867209 6.8782767588273686 1620.5179133474085 999.6659999999974 22.090087890654104 648.2119311523614 400.40652932021914 3000.0 3000.0 3000.0 0.0 128.0 128.0 128.0 0.0 2 2.0 3.0
240000.0 245000.0 8 2 928.6839955520265 928.6839955520265 920.7400364469793 6638.813566449856 6638.813566449856 1385.8403759782718 1385.8403759782718 7.943959105047335 2204856.938077406 2138465.8605500204 0.0 46.51165104314505 7.943959105047335 1377.8964168732246 999.3009999999776 99.75 664.2882299804623 400.16121506474843 4400.0 3000.0 3933.3333333333335 808.2903768654761 128.0 128.0 128.0 0.0 3 3.0 2.0
245000.0 250000.0 9 2 960.8382382707348 960.8382382707348 952.49302026552 6954.673560390735 6954.673560390735 1364.8187492674 1364.8187492674 8.34521800521465 2158202.0796144437 2095532.662003632 0.0 44.67441691271026 8.34521800521465 1356.4735312621854 999.8449999999721 89.43107226560824 564.9503307291566 400.2735045742908 4400.0 4400.0 4400.0 0.0 128.0 128.0 128.0 0.0 3 3.0 3.0
250000.0 255000.0 7 2 1287.1896824122573 1287.1896824122573 1278.70722900575 7072.293711338549 7072.293711338549 1872.6668237950983 1872.6668237950983 7.5686177006463655 3032378.121952007 2963874.8125553215 0.0 48.93093528334693 8.482453406507378 1865.0982060944516 999.9729999999981 243.16800000006333 811.7255792410912 278.42940884370375 4400.0 4400.0 4400.0 0.0 128.0 128.0 128.0 0.0 2 2.0 2.0
255000.0 260000.0 9 2 1122.7565650884976 1122.7565650884976 1115.6815867990592 5907.063776647721 5907.063776647721 1756.185882823051 1756.185882823051 7.988813995299323 2783193.416421554 2713617.3691614694 0.0 48.697176614346134 7.074978289438309 1748.1970688277518 999.50900000002 69.58899999997811 579.5439941406431 472.2441878404358 4400.0 4400.0 4400.0 0.0 128.0 128.0 128.0 0.0 3 3.0 3.0
260000.0 265000.0 8 2 1095.0060429105781 1095.0060429105781 1087.093194690477 6592.832226269917 6592.832226269917 1721.8589158194773 1721.8589158194773 7.005099259470338 2751460.033132213 2703367.581102031 0.0 34.75894169818439 7.912848220101013 1714.853816560007 999.414999999979 55.51500000001397 647.6470483398443 455.49109011745514 4400.0 4400.0 4400.0 0.0 128.0 128.0 128.0 0.0 2 2.0 2.0
265000.0 270000.0 9 2 1182.865971245027 1182.865971245027 1175.7692275409245 5925.244173909231 5925.244173909231 1844.661478242282 1844.661478242282 8.004492664732926 2982532.4612689125 2909604.6358908843 0.0 51.132685021965656 7.09674370410225 1836.6569855775492 999.5499999999884 64.375 585.9285227864683 464.9452703609094 4400.0 4400.0 4400.0 0.0 128.0 128.0 128.0 0.0 3 3.0 3.0
270000.0 275000.0 10 3 1245.9762456692474 1245.9762456692474 1237.9351487241768 6703.980355457405 6703.980355457405 1834.5607064891967 1834.5607064891967 8.041096945070587 2992098.2692416054 2825750.7603339604 0.0 111.19822064831777 8.041096945070587 1826.519609544126 999.8900000000722 70.54100000002654 558.4399894531292 399.138326298315 4400.0 4400.0 4400.0 0.0 128.0 128.0 128.0 0.0 3 3.0 2.0
275000.0 280000.0 9 2 1174.1213172614466 1174.1213172614466 1167.0746558318808 5879.912195986444 5879.912195986444 1773.7998351403642 1773.7998351403642 7.0466614295658125 2873196.9940473144 2782845.2635671785 0.0 63.68761525444795 7.0466614295658125 1766.7531737107984 999.1830000000191 0.0 605.7974698350752 413.4360837274478 4400.0 4400.0 4400.0 0.0 128.0 128.0 128.0 0.0 2 2.0 3.0
280000.0 285000.0 8 2 1109.1333281413229 1109.1333281413229 1101.3035718977846 6522.697682136711 6522.697682136711 1585.9689640283486 1585.9689640283486 6.914878121769103 2534564.7003829544 2418556.573063642 0.0 77.7122831737293 7.829756243538205 1579.0540859065795 999.2880000000005 33.463999999978114 652.0201484374993 451.13767355553364 4400.0 4400.0 4400.0 0.0 128.0 128.0 128.0 0.0 2 2.0 2.0
285000.0 290000.0 9 2 1237.954181096793 1237.954181096793 1230.8756641456716 5910.068347766724 5910.068347766724 1816.4444719737794 1816.4444719737794 7.993395072890559 2893868.863748552 2803768.8254847554 0.0 61.44889699376614 7.078516951121457 1808.451076900889 998.994000000006 83.1699999999837 586.676444010421 460.30569073360033 4400.0 4400.0 4400.0 0.0 128.0 128.0 128.0 0.0 3 3.0 3.0
290000.0 295000.0 8 2 1197.1482771753072 1197.1482771753072 1189.2270726127833 6599.70050855883 6599.70050855883 1717.330467490348 1717.330467490348 7.006465683932063 2792178.8471782207 2707965.4211884644 0.0 59.060720330200226 7.92120456252379 1710.3240018064162 999.8020000000251 75.27799999999115 643.1923496093732 458.88355616727205 4400.0 4400.0 4400.0 0.0 128.0 128.0 128.0 0.0 2 2.0 2.0
295000.0 300000.0 9 2 1112.5152858635422 1112.5152858635422 1105.4744206803978 5878.362217293806 5878.362217293806 1770.137998258956 1770.137998258956 7.955604061736149 2863796.7147683245 2796549.3896262567 0.0 47.03380367290557 7.0408651831444224 1762.1823941972198 999.2359999999753 70.26399999996647 585.9628886718614 458.0003069308892 4400.0 4400.0 4400.0 0.0 128.0 128.0 128.0 0.0 3 3.0 3.0
300000.0 305000.0 1 1 30.59906608262167 30.59906608262167 30.46940902294954 109.17124424392985 109.17124424392985 50.17728209311265 50.17728209311265 0.1296570596721257 82591.54701114408 81683.9475934392 0.0 0.6482852983606285 0.1296570596721257 50.047625033440525 129.5169003906194 129.5169003906194 129.5169003906194 0.0 0.0 0.0 0.0 0.0 0.0 0.0 0.0 0.0 0 0.0 0.0
