ts te nbins ncons c_tcp_packs c_tcp_bytes c_udp_packs c_udp_bytes s_tcp_packs s_tcp_bytes s_udp_packs s_udp_bytes max_bins_span min_bins_span avg_bins_span std_bins_span max_video_rate min_video_rate avg_video_rate std_video_rate max_audio_rate min_audio_rate avg_audio_rate std_audio_rate video_requests audio_requests
0 10000 7 4 1379 18632 0 0 3186 4987752 0 0 999 73 346 336 4400 4400 4400 0 128 128 128 0 7 6
10000 20000 17 4 2592 18114 0 0 7998 13112414 0 0 783 24 260 206 8000 4400 7550 1272 128 128 128 0 8 8
20000 30000 14 2 2291 13726 0 0 7027 11778988 0 0 949 107 368 275 8000 8000 8000 0 128 128 128 0 6 6
30000 40000 12 2 1552 12986 0 0 5597 9908613 0 0 724 58 404 277 8000 8000 8000 0 128 128 128 0 5 5
40000 50000 11 2 1872 12937 0 0 6480 11319816 0 0 992 106 543 354 8000 8000 8000 0 128 128 128 0 5 5
50000 60000 11 3 1907 12510 0 0 6087 9823655 0 0 942 217 463 216 8000 8000 8000 0 128 128 128 0 5 5
60000 70000 11 3 1980 12510 0 0 6460 9847655 0 0 361 195 272 52 8000 8000 8000 0 128 128 128 0 5 5
70000 80000 12 3 2576 15918 0 0 6327 10354802 0 0 993 44 359 330 8000 8000 8000 0 128 128 128 0 6 6
80000 90000 10 2 2119 13415 0 0 6805 10631393 0 0 999 62 595 304 8000 8000 8000 0 128 128 128 0 5 5
90000 100000 11 3 1448 10365 0 0 5038 8437905 0 0 965 56 499 364 8000 8000 8000 0 128 128 128 0 4 4
100000 110000 14 3 2139 15832 0 0 7081 11720326 0 0 949 45 393 262 8000 8000 8000 0 128 128 128 0 6 6
110000 120000 12 3 1505 12510 0 0 5883 10040214 0 0 620 101 304 168 8000 8000 8000 0 128 128 128 0 5 5
120000 130000 13 4 1566 15870 0 0 5942 10032777 0 0 999 0 414 384 8000 8000 8000 0 128 128 128 0 6 6
130000 140000 11 3 1994 13461 0 0 6444 10526460 0 0 998 168 505 295 8000 8000 8000 0 128 128 128 0 5 5
140000 150000 14 2 1636 12049 0 0 5435 10025411 0 0 982 4 471 350 8000 8000 8000 0 128 128 128 0 5 5
150000 160000 10 2 1745 12510 0 0 5933 9924198 0 0 746 169 445 179 8000 8000 8000 0 128 128 128 0 5 5
160000 170000 10 2 1552 12510 0 0 5336 9721436 0 0 525 171 285 119 8000 8000 8000 0 128 128 128 0 5 5
170000 180000 12 3 1633 12510 0 0 5905 9696898 0 0 835 43 360 259 8000 8000 8000 0 128 128 128 0 5 5
180000 190000 12 2 1656 14566 0 0 6201 10311863 0 0 990 52 317 256 8000 8000 8000 0 128 128 128 0 6 6
190000 200000 12 2 1789 12955 0 0 6940 11337906 0 0 913 81 504 251 8000 8000 8000 0 128 128 128 0 5 5
200000 210000 11 3 1492 14615 0 0 5765 9604978 0 0 648 195 395 130 8000 8000 8000 0 128 128 128 0 5 5
210000 220000 14 3 1635 13756 0 0 6368 10381332 0 0 472 72 289 131 8000 8000 8000 0 128 128 128 0 6 6
220000 230000 10 2 1803 12945 0 0 6659 11198592 0 0 729 61 418 306 8000 8000 8000 0 128 128 128 0 5 5
230000 240000 14 2 1589 12510 0 0 5522 9704939 0 0 939 10 410 363 8000 8000 8000 0 128 128 128 0 5 5
240000 250000 11 3 1904 12510 0 0 6254 9986080 0 0 974 54 431 314 8000 8000 8000 0 128 128 128 0 5 5
250000 260000 11 3 2020 11829 0 0 4961 8283087 0 0 719 27 377 210 8000 8000 8000 0 128 128 128 0 5 5
260000 270000 13 2 1863 13190 0 0 6520 11320239 0 0 942 25 394 292 8000 8000 8000 0 128 128 128 0 5 5
270000 280000 12 3 1661 12510 0 0 5677 9595764 0 0 709 55 318 240 8000 8000 8000 0 128 128 128 0 5 5
280000 290000 12 2 1846 14192 0 0 6623 11703275 0 0 998 52 652 380 8000 8000 8000 0 128 128 128 0 6 6
290000 300000 10 2 1508 12510 0 0 5274 9698102 0 0 919 72 377 227 8000 8000 8000 0 128 128 128 0 5 5
