ts te nbins ncons c_pkts_all c_bytes_all s_pkts_all s_bytes_all max_bin min_bin avg_bin std_bin max_vid min_vid avg_vid std_vid max_aud min_aud avg_aud std_aud num_vid num_aud num_mfs
0 10000 3 1 361 31408 745 1018218 996 654 882 197 840 480 582 175 128 128 128 0 7 7 2
10000 20000 11 1 764 52887 1276 1810114 999 331 872 239 1500 480 862 527 128 128 128 0 8 9 5
20000 30000 8 1 536 40107 956 1327736 996 540 852 180 1500 288 577 448 128 128 128 0 8 9 5
30000 40000 5 1 701 45898 1478 2103734 947 694 873 103 2300 1500 1728 390 128 128 128 0 7 7 5
40000 50000 10 1 1251 73399 2561 3661183 999 83 756 392 3000 2300 2533 361 128 128 128 0 6 6 5
50000 60000 9 1 1297 72105 2764 3992786 999 402 931 198 3000 3000 3000 0 128 128 128 0 5 5 5
60000 70000 8 1 1266 71865 2724 3936507 999 674 919 146 3000 3000 3000 0 128 128 128 0 5 6 5
70000 80000 11 1 1321 70984 2986 4297050 998 306 891 224 3000 3000 3000 0 128 128 128 0 6 5 5
80000 90000 10 1 1214 67485 2669 3844794 999 384 873 217 3000 3000 3000 0 128 128 128 0 5 5 5
90000 100000 11 1 1447 83396 3136 4521714 999 371 898 211 3000 3000 3000 0 128 128 128 0 6 6 5
100000 110000 10 1 1255 71867 2735 3937674 999 400 851 227 3000 3000 3000 0 128 128 128 0 4 5 5
110000 120000 11 1 1447 81692 3161 4542037 999 373 903 213 3000 3000 3000 0 128 128 128 0 6 5 5
120000 130000 11 1 1392 79142 2992 4311370 998 249 852 266 3000 3000 3000 0 128 128 128 0 5 5 5
130000 140000 10 1 1211 69175 2738 3933258 999 346 889 224 3000 3000 3000 0 128 128 128 0 5 5 5
140000 150000 11 1 1279 71823 2895 4168905 999 378 896 218 3000 3000 3000 0 128 128 128 0 6 6 5
150000 160000 10 1 1163 67177 2572 3701133 998 5 803 339 3000 3000 3000 0 128 128 128 0 4 5 5
160000 170000 11 1 1367 77544 3098 4459798 999 370 906 212 3000 3000 3000 0 128 128 128 0 6 5 5
170000 180000 11 1 1350 76582 2992 4300823 999 315 859 255 3000 3000 3000 0 128 128 128 0 5 5 5
180000 190000 10 1 1161 67385 2495 3572377 999 246 883 252 3000 3000 3000 0 128 128 128 0 5 5 5
190000 200000 11 1 1562 90776 3324 4797284 999 374 896 221 3000 3000 3000 0 128 128 128 0 6 6 5
200000 210000 11 1 1344 77149 2850 4088819 999 236 870 264 3000 3000 3000 0 128 128 128 0 5 5 5
210000 220000 10 1 1380 78589 2953 4251697 999 689 927 116 3000 3000 3000 0 128 128 128 0 5 5 5
220000 230000 10 1 1308 74037 2873 4142979 999 304 866 227 3000 3000 3000 0 128 128 128 0 5 5 5
230000 240000 11 1 1391 79968 2986 4306071 998 306 890 242 3000 3000 3000 0 128 128 128 0 6 6 5
240000 250000 10 1 1246 71558 2764 3993187 999 490 870 209 3000 3000 3000 0 128 128 128 0 5 5 5
250000 260000 10 1 1151 66461 2582 3720759 999 25 800 352 3000 3000 3000 0 128 128 128 0 4 5 5
260000 270000 11 1 1397 78406 3161 4562193 999 304 900 226 3000 3000 3000 0 128 128 128 0 6 5 5
270000 280000 10 1 1201 69064 2711 3902618 999 368 854 226 3000 3000 3000 0 128 128 128 0 5 5 5
280000 290000 10 1 1202 69156 2713 3904328 999 352 890 212 3000 3000 3000 0 128 128 128 0 5 5 5
290000 300000 9 1 982 60946 2157 3091681 999 249 779 301 3000 1500 2057 576 128 128 128 0 7 7 5
300000 310000 1 1 41 2841 98 141028 305 305 305 0 0 0 0 0 128 128 128 0 0 1 0
