ts te nbins ncons c_pkts_all c_bytes_all s_pkts_all s_bytes_all max_bin min_bin avg_bin std_bin max_vid min_vid avg_vid std_vid max_aud min_aud avg_aud std_aud num_vid num_aud num_mfs
0 10000 4 1 542 43469 1247 1706816 998 753 932 119 1500 480 706 449 128 128 128 0 9 10 2
10000 20000 10 1 1101 66873 2414 3449855 999 153 793 344 3000 480 2000 1190 128 128 128 0 9 8 4
20000 30000 10 1 1287 71037 2907 4193032 999 446 877 205 3000 3000 3000 0 128 128 128 0 5 5 4
30000 40000 10 1 1231 67984 2779 4000472 999 51 803 342 3000 3000 3000 0 128 128 128 0 5 5 5
40000 50000 11 1 1233 66386 2892 4157320 999 373 895 218 3000 3000 3000 0 128 128 128 0 5 5 5
50000 60000 10 1 1158 65309 2706 3895644 998 448 896 195 3000 3000 3000 0 128 128 128 0 5 5 3
60000 70000 10 1 1156 68841 2654 3818245 999 365 851 243 3000 3000 3000 0 128 128 128 0 5 6 4
70000 80000 10 1 1255 70907 2930 4234182 999 365 856 236 3000 3000 3000 0 128 128 128 0 6 5 5
80000 90000 11 1 1290 71827 2915 4193438 999 378 890 213 3000 3000 3000 0 128 128 128 0 5 5 5
90000 100000 9 1 970 56591 2268 3256610 998 438 892 208 3000 3000 3000 0 128 128 128 0 5 6 4
100000 110000 10 1 1189 67770 2744 3958893 999 364 894 223 3000 2300 2416 285 128 128 128 0 6 5 5
110000 120000 9 1 1204 70396 2817 4055383 999 629 942 124 3000 3000 3000 0 128 128 128 0 6 7 4
120000 130000 10 1 1243 68528 2890 4179340 999 369 889 216 3000 3000 3000 0 128 128 128 0 6 5 4
130000 140000 11 1 1253 70039 2951 4249395 999 379 896 222 3000 3000 3000 0 128 128 128 0 5 5 4
140000 150000 9 1 953 54386 2193 3136159 999 478 892 195 3000 3000 3000 0 128 128 128 0 4 5 5
150000 160000 11 1 1456 79981 3403 4927727 999 363 905 212 3000 3000 3000 0 128 128 128 0 7 6 4
160000 170000 10 1 1071 60277 2473 3567022 999 55 786 332 3000 3000 3000 0 128 128 128 0 4 4 5
170000 180000 11 1 1361 77468 3170 4573870 999 364 897 225 3000 3000 3000 0 128 128 128 0 6 6 5
180000 190000 10 1 1047 61737 2267 3257673 999 19 808 336 3000 2300 2720 383 128 128 128 0 5 5 5
190000 200000 11 1 1190 70207 2750 3953033 998 364 892 220 3000 2300 2600 374 128 128 128 0 7 8 5
200000 210000 11 1 1269 72439 2870 4140046 999 456 890 209 3000 3000 3000 0 128 128 128 0 6 5 5
210000 220000 10 1 1136 63288 2606 3750297 999 55 854 319 3000 3000 3000 0 128 128 128 0 4 4 5
220000 230000 9 1 1337 78134 2850 4106697 1000 70 878 305 3000 3000 3000 0 128 128 128 0 5 5 5
230000 240000 9 1 1380 82527 2843 4103854 999 488 901 196 3000 3000 3000 0 128 128 128 0 5 6 5
240000 250000 10 1 1301 75877 2713 3918383 999 186 816 309 3000 2300 2600 374 128 128 128 0 7 7 5
250000 260000 11 1 1368 79153 3028 4358945 999 194 851 289 3000 2300 2800 341 128 128 128 0 7 6 5
260000 270000 9 1 1203 69648 2477 3568584 999 362 856 229 3000 3000 3000 0 128 128 128 0 4 5 5
270000 280000 11 1 1544 87528 3270 4695497 999 364 895 217 3000 3000 3000 0 128 128 128 0 6 5 5
280000 290000 10 1 1145 65889 2347 3356990 999 0 839 346 3000 3000 3000 0 128 128 128 0 4 4 5
290000 300000 9 1 1281 77850 2696 3869628 999 578 919 141 3000 2300 2400 264 128 128 128 0 7 7 5
