ts te nbins ncons c_tcp_packs c_tcp_bytes c_udp_packs c_udp_bytes s_tcp_packs s_tcp_bytes s_udp_packs s_udp_bytes max_bins_span min_bins_span avg_bins_span std_bins_span max_video_rate min_video_rate avg_video_rate std_video_rate max_audio_rate min_audio_rate avg_audio_rate std_audio_rate video_requests audio_requests
0 10000 3 2 9 1800 146 15382 9 6132 352 497490 951 373 749 325 1500 1500 1500 0 128 128 128 0 2 2
10000 20000 11 1 0 0 765 55927 0 0 1407 2015934 998 66 896 277 480 480 480 0 128 128 128 0 12 12
20000 30000 9 1 0 0 484 36800 0 0 743 1031991 999 121 887 287 840 288 524 295 128 128 128 0 7 7
30000 40000 8 2 2 0 263 23135 2 24 455 625403 999 31 558 412 288 288 288 0 128 128 128 0 5 5
40000 50000 7 2 1 0 370 29893 1 0 767 1078084 990 45 633 348 840 480 685 192 128 128 128 0 7 7
50000 60000 9 1 0 0 693 47475 0 0 1650 2337051 998 889 962 42 2300 840 1717 531 128 128 128 0 8 8
60000 70000 10 1 0 0 835 50751 0 0 1904 2708864 999 29 705 435 3000 2300 2580 383 128 128 128 0 5 6
70000 80000 10 1 0 0 1466 79744 0 0 3393 4891048 999 886 970 41 3000 3000 3000 0 128 128 128 0 6 5
80000 90000 11 1 0 0 1313 72106 0 0 3015 4345538 999 10 804 377 3000 3000 3000 0 128 128 128 0 5 5
90000 100000 10 1 0 0 1160 65099 0 0 2701 3894834 999 29 812 330 3000 3000 3000 0 128 128 128 0 5 6
100000 110000 11 1 0 0 1346 76939 0 0 3153 4548545 999 2 905 299 3000 3000 3000 0 128 128 128 0 6 5
110000 120000 10 1 0 0 1017 59126 0 0 2320 3323039 999 23 798 406 3000 3000 3000 0 128 128 128 0 4 5
120000 130000 10 1 0 0 1149 69228 0 0 2570 3693950 999 34 886 300 3000 1500 2175 629 128 128 128 0 8 7
130000 140000 10 1 0 0 1277 74288 0 0 2871 4131103 999 962 989 13 3000 3000 3000 0 128 128 128 0 6 6
140000 150000 10 1 0 0 1269 73113 0 0 2888 4168341 999 28 825 312 3000 3000 3000 0 128 128 128 0 6 6
150000 160000 10 1 0 0 1059 61411 0 0 2478 3566288 999 35 716 429 3000 3000 3000 0 128 128 128 0 4 5
160000 170000 10 1 0 0 1387 79831 0 0 3175 4576974 999 949 989 17 3000 3000 3000 0 128 128 128 0 6 5
170000 180000 10 1 0 0 1198 68305 0 0 2851 4101982 999 19 804 406 3000 3000 3000 0 128 128 128 0 5 5
180000 190000 10 1 0 0 1309 75937 0 0 2941 4242057 998 827 975 52 3000 3000 3000 0 128 128 128 0 5 5
190000 200000 10 1 0 0 1264 72079 0 0 2941 4245432 999 128 816 299 3000 3000 3000 0 128 128 128 0 6 6
200000 210000 10 1 0 0 1218 70114 0 0 2817 4060703 999 0 797 398 3000 3000 3000 0 128 128 128 0 5 5
210000 220000 11 1 0 0 1332 76133 0 0 2995 4304303 999 67 874 279 3000 3000 3000 0 128 128 128 0 5 5
220000 230000 11 1 0 0 1356 77719 0 0 2930 4210874 999 32 840 344 3000 3000 3000 0 128 128 128 0 5 5
230000 240000 9 1 0 0 1230 70156 0 0 2789 4012668 999 644 944 116 3000 3000 3000 0 128 128 128 0 5 5
240000 250000 10 1 0 0 1359 79129 0 0 2964 4280320 999 851 982 46 3000 3000 3000 0 128 128 128 0 6 6
250000 260000 10 1 0 0 1116 62225 0 0 2610 3763431 999 144 817 295 3000 3000 3000 0 128 128 128 0 4 4
260000 270000 9 1 0 0 1008 58639 0 0 2414 3476735 998 34 792 401 3000 3000 3000 0 128 128 128 0 5 6
270000 280000 10 1 0 0 1390 80777 0 0 3241 4674556 998 964 990 11 3000 3000 3000 0 128 128 128 0 6 5
280000 290000 11 1 0 0 1371 78492 0 0 3058 4417623 999 23 800 387 3000 3000 3000 0 128 128 128 0 5 5
290000 300000 10 1 0 0 1332 76717 0 0 2922 4212950 999 955 990 16 3000 3000 3000 0 128 128 128 0 6 6
