ts te nbins ncons c_tcp_packs c_tcp_bytes c_udp_packs c_udp_bytes s_tcp_packs s_tcp_bytes s_udp_packs s_udp_bytes max_bins_span min_bins_span avg_bins_span std_bins_span max_video_rate min_video_rate avg_video_rate std_video_rate max_audio_rate min_audio_rate avg_audio_rate std_audio_rate video_requests audio_requests
0 10000 3 2 7 1915 94 11125 8 4326 270 301201 997 205 482 446 1500 1500 1500 0 128 128 128 0 2 2
10000 20000 9 1 0 0 553 29174 0 0 1171 1368668 999 617 901 139 840 288 366 200 128 128 128 0 14 12
20000 30000 12 2 3 0 612 25193 3 24 1041 1234108 998 228 893 237 840 840 840 0 128 128 128 0 5 5
30000 40000 9 1 0 0 430 19491 0 0 654 743830 998 395 845 223 480 288 370 102 128 128 128 0 7 6
40000 50000 10 1 0 0 310 14614 0 0 683 757241 997 211 780 328 480 480 480 0 128 128 128 0 5 5
50000 60000 7 1 0 0 442 18399 0 0 1300 1537544 998 89 781 315 1500 840 1236 361 128 128 128 0 5 5
60000 70000 9 1 0 0 516 20561 0 0 1533 1837788 999 32 772 375 2300 1500 2140 357 128 128 128 0 5 4
70000 80000 10 1 0 0 961 36406 0 0 2898 3532086 999 85 806 351 2300 2300 2300 0 128 128 128 0 6 6
80000 90000 10 1 0 0 914 35484 0 0 2717 3329992 999 33 778 354 3000 1500 2157 677 128 128 128 0 7 6
90000 100000 11 1 0 0 1025 37834 0 0 3016 3669318 999 247 888 237 3000 3000 3000 0 128 128 128 0 5 5
100000 110000 9 1 0 0 852 32982 0 0 2575 3130257 999 362 886 225 3000 2300 2475 350 128 128 128 0 4 4
110000 120000 10 1 0 0 844 33348 0 0 2517 3060663 999 339 870 230 3000 1500 2250 821 128 128 128 0 6 6
120000 130000 9 1 0 0 867 34203 0 0 2508 3055197 997 434 897 188 2300 1500 1980 438 128 128 128 0 5 5
130000 140000 10 1 0 0 675 27879 0 0 1993 2398699 1000 180 877 263 3000 1500 1750 612 128 128 128 0 6 6
140000 150000 11 1 0 0 1040 40087 0 0 3100 3779901 999 311 874 243 3000 3000 3000 0 128 128 128 0 5 5
150000 160000 9 1 0 0 926 36075 0 0 2771 3384132 997 523 884 181 3000 3000 3000 0 128 128 128 0 4 4
160000 170000 11 1 0 0 997 39683 0 0 2940 3576431 997 344 885 233 2300 2300 2300 0 128 128 128 0 6 6
170000 180000 10 1 0 0 1031 40500 0 0 3040 3709450 999 475 914 178 3000 2300 2533 361 128 128 128 0 6 6
180000 190000 10 1 0 0 814 32348 0 0 2405 2926918 999 33 793 349 3000 1500 2450 714 128 128 128 0 4 4
190000 200000 11 1 0 0 851 34419 0 0 2491 3018818 999 259 878 243 3000 1500 2133 739 128 128 128 0 6 6
200000 210000 11 1 0 0 1050 40456 0 0 3120 3801328 998 438 887 223 3000 3000 3000 0 128 128 128 0 5 5
210000 220000 11 1 0 0 1236 47573 0 0 3693 4528916 999 408 902 210 3000 3000 3000 0 128 128 128 0 6 6
220000 230000 11 1 0 0 1084 41452 0 0 3242 3956896 999 384 905 212 3000 3000 3000 0 128 128 128 0 5 5
230000 240000 9 1 0 0 843 32127 0 0 2511 3072501 999 610 886 170 3000 3000 3000 0 128 128 128 0 4 4
240000 250000 11 1 0 0 1287 49409 0 0 3778 4649291 999 308 899 221 3000 3000 3000 0 128 128 128 0 6 6
250000 260000 11 1 0 0 1065 41117 0 0 3157 3861676 999 351 902 217 3000 3000 3000 0 128 128 128 0 5 5
260000 270000 11 1 0 0 1153 45072 0 0 3442 4219178 999 394 893 212 3000 1500 2500 774 128 128 128 0 6 7
270000 280000 10 1 0 0 960 37122 0 0 2857 3483401 998 226 887 249 3000 3000 3000 0 128 128 128 0 5 5
280000 290000 9 1 0 0 862 32992 0 0 2566 3127976 999 295 884 232 3000 3000 3000 0 128 128 128 0 4 4
290000 300000 11 1 0 0 1049 41331 0 0 3104 3785318 999 227 894 242 2300 2300 2300 0 128 128 128 0 7 6
