ts te nbins ncons c_pkts_all c_ack_cnt c_ack_cnt_p c_bytes_all c_bytes_uniq s_pkts_all s_ack_cnt s_ack_cnt_p s_bytes_all s_bytes_uniq c_pkts_retx s_pkts_retx c_pkts_data s_pkts_data max_bin_duration min_bin_duration avg_bin_duration std_bin_duration max_video_rate min_video_rate avg_video_rate std_video_rate max_audio_rate min_audio_rate avg_audio_rate std_audio_rate video_reqs audio_reqs media_reqs
0.0 10000.0 0 0 0.0 0.0 0.0 0.0 0.0 0.0 0.0 0.0 0.0 0.0 0.0 0.0 0.0 0.0 0.0 0.0 0.0 0.0 0.0 0.0 0.0 0.0 0.0 0.0 0.0 0.0 0  
10000.0 20000.0 19 5 96.2992833214587 90.2992833214587 70.18431915538577 17214.68486366734 17214.68486366734 179.9361645864606 179.9361645864606 24.114964166072934 224001.87431993985 157783.64547755694 1.0 52.71716793641841 18.114964166072934 149.82120042038767 990.8859999999986 0.0 619.853516961346 383.3528328588093 288.0 288.0 288.0 0.0 128.0 128.0 128.0 0.0 2 2.0 2.0
20000.0 30000.0 29 5 237.9544872935532 233.9544872935532 217.40781499280635 13972.22370385693 13972.22370385693 300.36694850602737 300.36694850602737 18.54667230074685 375701.0023166574 282676.44965939474 1.0 68.810533134757 15.546672300746854 278.8202762052805 996.9910000000018 28.233000000000175 746.3909845770476 314.07493924548226 288.0 288.0 288.0 0.0 128.0 128.0 128.0 0.0 3 3.0 5.0
30000.0 40000.0 26 4 235.91765026148946 235.91765026148946 223.57928672830926 9427.091432475732 9427.091432475732 308.8683077840134 308.8683077840134 12.33836353318021 419777.1125905045 314828.9048630482 0.0 79.64371980532594 11.33836353318021 294.5299442508331 999.3289999999979 70.11328125 803.6094579326905 273.0767944189538 288.0 288.0 288.0 0.0 128.0 128.0 128.0 0.0 3 4.0 5.0
40000.0 50000.0 20 4 206.82857912349868 205.82857912349868 192.82857912349868 10504.0 10504.0 293.8285791234987 293.8285791234987 14.0 391923.01077289815 261606.0 0.0 93.82857912349867 12.0 278.8285791234987 999.6079999999929 0.0 760.2189359375006 321.21668367643827 288.0 288.0 288.0 0.0 128.0 128.0 128.0 0.0 3 2.0 5.0
50000.0 60000.0 23 4 196.91980903288228 195.91980903288228 184.4563046016122 10155.003286373883 10155.003286373883 269.8446336489582 269.8446336489582 12.463504431270048 346045.5929804992 238692.59298049923 0.0 78.0 11.463504431270048 256.3811292176882 991.851999999999 32.797119140625 716.2901317934776 324.3681141726667 288.0 288.0 288.0 0.0 128.0 128.0 128.0 0.0 3 2.0 5.0
60000.0 70000.0 22 4 206.80561179516633 206.80561179516633 190.9923415887327 12214.748559248288 12214.748559248288 279.7266569891456 279.7266569891456 15.813270206433609 346720.72942006117 289805.0113120004 0.0 44.584798648614814 14.813270206433609 262.91338678271205 997.2679999999964 15.385253906235448 759.6949313742894 319.9910721672308 288.0 288.0 288.0 0.0 128.0 128.0 128.0 0.0 4 5.0 5.0
70000.0 80000.0 26 3 264.3486754749874 264.3486754749874 251.05872410166714 11061.191714753366 11061.191714753366 333.2023050554822 333.2023050554822 13.2899513733202 437341.88809085975 328610.22929374897 0.0 78.48689914079344 13.2899513733202 319.91235368216206 999.2340000000113 259.5869140625 791.7877622445897 270.3324833350686 288.0 288.0 288.0 0.0 128.0 128.0 128.0 0.0 3 3.0 5.0
80000.0 90000.0 28 3 229.49817394074856 229.49817394074856 217.06489995177245 10355.05643962446 10355.05643962446 278.28187344361106 278.28187344361106 12.433273988976142 362057.446300656 299954.91205483326 0.0 43.358953032730525 12.433273988976142 265.84859945463495 994.7909999999974 0.0 701.123494489396 360.0904531607023 288.0 288.0 288.0 0.0 128.0 128.0 128.0 0.0 5 3.0 5.0
90000.0 100000.0 25 3 245.92397019784636 245.92397019784636 235.06474182903366 9024.751829802652 9024.751829802652 324.9464601158134 324.9464601158134 10.859228368812682 428948.24807390355 302715.57113862765 0.0 90.41039893976269 10.859228368812682 314.0872317470007 998.6259999999893 322.99609375 808.6619953906251 224.90049276760084 288.0 288.0 288.0 0.0 128.0 128.0 128.0 0.0 3 3.0 5.0
100000.0 110000.0 26 3 240.73194609960103 240.73194609960103 228.59117446841373 10101.248170197348 10101.248170197348 301.08858641843085 301.08858641843085 12.111491516685758 391464.8092343407 311450.86169659306 0.0 58.498618540968394 12.140771631187318 288.9770949017451 999.5450000000128 136.61802343750605 801.9747413611773 283.65710758872444 288.0 288.0 288.0 0.0 128.0 128.0 128.0 0.0 3 4.0 5.0
110000.0 120000.0 28 3 214.61967606432407 212.69162205799395 200.61057598052895 8431.513339753297 7590.513339753297 295.9731849151241 295.9731849151241 12.110326191966545 390619.88005216734 258054.76202301224 1.0 95.2286557351108 10.152992071134877 283.86285872315756 990.0299999999988 0.0 736.7949630998867 307.6001346806216 288.0 288.0 288.0 0.0 128.0 128.0 128.0 0.0 2 2.0 5.0
120000.0 130000.0 28 4 255.18946178038567 253.11751578671578 236.5261962908585 14616.829761195184 13911.829761195184 371.9155586025183 371.9155586025183 18.30006491416615 490772.5146001833 319940.63631118776 1.0 127.10123066830852 16.519373502187353 351.61549368835216 997.1010000000242 54.29199999998673 758.3623548409616 285.0367608368634 288.0 288.0 288.0 0.0 128.0 128.0 128.0 0.0 3 3.0 5.0
130000.0 140000.0 31 4 226.86931070759724 224.86931070759724 211.37859454899518 10922.64555386793 10922.64555386793 272.2642400576698 272.2642400576698 14.781970740293165 341965.3760458946 266551.75001148257 1.0 58.98277222140803 12.49071615860207 254.4822693173766 998.9429999999993 0.0 669.801157258066 369.19591472248885 288.0 288.0 288.0 0.0 128.0 128.0 128.0 0.0 4 3.0 5.0
140000.0 150000.0 22 3 239.8382625526387 239.8382625526387 227.44154880681455 10315.799341970025 10315.799341970025 293.9822246327547 293.9822246327547 12.396713745824139 381473.81496389856 320763.9212025036 0.0 43.90342431371378 12.396713745824139 281.5855108869306 999.7300000000105 0.0 773.8190888671882 295.01070612899554 288.0 288.0 288.0 0.0 128.0 128.0 128.0 0.0 3 4.0 5.0
150000.0 160000.0 30 4 351.55682747122324 350.55682747122324 333.63012469745433 14549.05687818764 14549.05687818764 518.7943725390061 518.7943725390061 17.92670277376889 690740.8347397016 513572.8527311969 0.0 128.94927286321766 16.926702773768895 499.8676697652371 999.9750000000058 0.0 769.7594945963598 311.81068005278047 288.0 288.0 288.0 0.0 128.0 128.0 128.0 0.0 5 4.0 5.0
160000.0 170000.0 30 4 418.6484348565476 418.6484348565476 404.06603882467067 12154.02632307712 12154.02632307712 465.2297227369392 465.2297227369392 14.582396031876954 618689.1653434854 505911.7674830044 0.0 79.55528418605786 14.582396031876954 450.64732670506226 997.4599999999919 0.0 772.6639662760437 316.377937924717 288.0 288.0 288.0 0.0 128.0 128.0 128.0 0.0 5 5.0 5.0
170000.0 180000.0 30 4 368.7131034980308 368.7131034980308 352.7819977814251 13288.128801948802 12447.128801948802 461.04887980888344 461.04887980888344 15.931105716605718 611136.8787044209 493497.28608812916 1.0 84.02828044020843 15.931105716605718 445.1177740922777 998.4380000000237 0.0 749.1287728515696 348.03514867547796 288.0 288.0 288.0 0.0 128.0 128.0 128.0 0.0 5 5.0 5.0
180000.0 190000.0 26 4 578.4854735956968 578.4854735956968 553.4854735956968 20898.0 20898.0 758.0447097648768 758.0447097648768 24.31865212546055 1013172.1580238682 957684.7732104548 0.0 40.3006767760202 25.0 733.7260576394162 999.7049999999872 15.543999999994412 724.9907669771615 355.1337313847894 480.0 288.0 330.6666666666667 84.6640419540669 128.0 128.0 128.0 0.0 9 10.0 5.0
190000.0 200000.0 29 5 412.26496502621836 410.26496502621836 394.79087229824273 12521.237891499532 12521.237891499532 623.4528068811119 623.4528068811119 17.155440602515085 849429.7860399259 594929.0754278231 0.0 176.5546319040199 14.474092727975634 605.2973662785969 998.6650000000373 0.0 668.9384894261974 353.6934773141829 480.0 288.0 320.0 78.38367176906169 128.0 128.0 128.0 0.0 6 2.0 5.0
200000.0 210000.0 23 3 407.83637385548053 407.83637385548053 389.31046658345616 15466.762108500468 15466.762108500468 543.5667880646539 543.5667880646539 18.525907272024366 724228.0825311055 585987.3428903666 0.0 95.52385922442787 18.525907272024366 525.0408807926295 999.945000000007 0.0 818.0279420006897 313.6133046321935 288.0 288.0 288.0 0.0 128.0 128.0 128.0 0.0 5 8.0 5.0
210000.0 220000.0 29 6 292.84023240753083 288.84023240753083 268.5676553183044 16222.237332039436 16222.237332039436 397.99988177115245 397.99988177115245 21.27257708922644 505890.2265546964 397122.0858442044 0.0 80.53224336463711 18.27257708922644 374.727304681926 999.195000000007 0.0 704.9493226697217 327.99789643318354 3000.0 288.0 1372.8 1485.4235759540104 128.0 128.0 128.0 0.0 5 4.0 5.0
220000.0 230000.0 25 4 253.12469992472444 253.12469992472444 240.1879388200616 9927.721307736734 9927.721307736734 321.1350328046919 321.1350328046919 12.936761104662859 415208.64625100204 342533.48401769565 0.0 53.995765005946716 11.936761104662859 307.198271700029 999.6579999999958 64.662109375 749.5983541406318 273.936657343602 288.0 288.0 288.0 0.0 128.0 128.0 128.0 0.0 4 3.0 5.0
230000.0 240000.0 28 4 374.0151268520027 373.0151268520027 349.2564743186389 19452.49270359246 19452.49270359246 567.4062110247946 567.4062110247946 24.75865253336378 743889.3062494985 597682.4684828048 0.0 104.00423499405329 22.75865253336378 540.6475584914309 999.7729999999865 193.35600000002887 791.9179882812522 266.1627729239364 288.0 288.0 288.0 0.0 128.0 128.0 128.0 0.0 7 9.0 5.0
240000.0 250000.0 20 4 391.76986486636713 390.76986486636713 370.73785559362017 16317.54865663137 16317.54865663137 521.0958707243813 521.0958707243813 21.032009272746922 680052.6157998315 666052.6157998315 0.0 10.0 19.032009272746922 498.06386145163424 997.9340000000084 81.62100000004284 505.25076132812535 340.85761995114024 480.0 288.0 384.0 105.1627310409919 128.0 128.0 128.0 0.0 6 6.0 5.0
250000.0 260000.0 13 3 405.1046314466777 405.1046314466777 388.26693846973274 14037.662100633717 14037.662100633717 577.8584909855757 577.8584909855757 16.0 783182.7364338925 744232.7364338925 0.0 28.0 16.8376929769449 561.8584909855757 995.0939999999828 53.488000000070315 642.6036853966294 293.28050504359805 840.0 480.0 600.0 185.903200617956 128.0 128.0 128.0 0.0 6 5.0 5.0
260000.0 270000.0 21 2 609.7278493669 609.7278493669 593.4083144231673 13611.264794321913 13611.264794321913 906.6306251933174 906.6306251933174 17.157227920677602 1239821.7454254392 1169821.7454254392 0.0 50.0 16.3195349437327 889.4733972726399 999.7320000000764 140.408935546875 768.0652427455422 338.6179860866569 840.0 840.0 840.0 0.0 128.0 128.0 128.0 0.0 6 6.0 5.0
270000.0 280000.0 19 3 579.0752736695121 579.0752736695121 564.945455419582 11771.450964942618 11771.450964942618 874.1688849106023 874.1688849106023 14.129818249930022 1214084.9003069915 1110216.9003069915 0.0 75.0 14.129818249930022 860.0390666606723 999.890000000014 283.6039999999921 855.3245770970489 230.0407553194679 840.0 840.0 840.0 0.0 128.0 128.0 128.0 0.0 5 4.0 5.0
280000.0 290000.0 18 3 498.86336672401666 498.86336672401666 482.81093517655916 13394.783423276414 13394.783423276414 878.6999097827648 878.6999097827648 15.712953829392378 1214851.9495916748 1194644.9495916748 0.0 14.0 16.052431547457456 862.9869559533724 999.6480000000447 77.65400000003865 670.6991731770977 362.18280027880127 840.0 840.0 840.0 0.0 128.0 128.0 128.0 0.0 5 6.0 5.0
290000.0 300000.0 20 3 454.3693053050255 454.3693053050255 438.87783515835133 12918.665871071047 12918.665871071047 766.6277763161752 766.6277763161752 15.0 1046210.6303058116 1023206.6682420019 0.0 16.985687188435513 15.491470146674176 751.6277763161752 999.9899999999907 92.26799999998184 651.3156917968823 362.04484473133056 840.0 840.0 840.0 0.0 128.0 128.0 128.0 0.0 5 5.0 5.0
300000.0 310000.0 1 1 1.8595734878682244 1.8595734878682244 1.6905213526074767 142.1728457542888 142.1728457542888 1.014312811564486 1.014312811564486 0.0 1420.0379361902803 0.0 0.0 1.014312811564486 0.16905213526074767 1.014312811564486 165.9650742187514 165.9650742187514 165.9650742187514 0.0 0.0 0.0 0.0 0.0 0.0 0.0 0.0 0.0 0 0.0 0.0
