ts te nbins ncons c_pkts_all c_ack_cnt c_ack_cnt_p c_bytes_all c_bytes_uniq s_pkts_all s_ack_cnt s_ack_cnt_p s_bytes_all s_bytes_uniq c_pkts_retx s_pkts_retx c_pkts_data s_pkts_data max_bin_duration min_bin_duration avg_bin_duration std_bin_duration max_video_rate min_video_rate avg_video_rate std_video_rate max_audio_rate min_audio_rate avg_audio_rate std_audio_rate video_reqs audio_reqs media_reqs
0.0 10000.0 8 4 76.5699389751297 72.5699389751297 57.5699389751297 13890.0 13049.0 111.25595118010376 111.25595118010376 19.0 134698.33165214528 98431.0 1.0 22.255951180103764 15.0 88.25595118010376 999.9420000000027 65.92799999999988 568.9489057617197 340.95422382515363 288.0 288.0 288.0 0.0 128.0 128.0 128.0 0.0 2 2.0 2.0
10000.0 20000.0 18 4 202.4300610248703 202.4300610248703 185.4300610248703 13325.0 12505.0 246.74404881989625 246.74404881989625 17.0 438699.66834785475 406635.0 1.0 25.744048819896236 16.0 228.74404881989625 996.4089999999997 51.77799999999843 694.8881529947919 325.5225500388805 288.0 288.0 288.0 0.0 128.0 128.0 128.0 0.0 5 5.0 5.0
20000.0 30000.0 21 3 318.79526318229495 318.79526318229495 293.8549588019838 20818.922787848423 19998.922787848423 418.6694652341372 418.6694652341372 24.470152190155584 851663.6733986818 822930.5533299232 1.0 22.78885647351491 24.940304380311165 394.19931304398165 999.5330000000031 34.84599999999773 611.5349798177076 371.3004653939512 480.0 288.0 384.0 101.19288512538814 128.0 128.0 128.0 0.0 10 8.0 5.0
30000.0 40000.0 19 3 332.4632671136822 331.4632671136822 312.50893748741606 14996.46441168306 14996.46441168306 436.74613711445807 436.74613711445807 18.42448181642169 677997.2098601955 626200.4290552887 0.0 36.47358157252598 17.954329626266105 418.3216552980364 999.0570000000007 80.85100000000239 588.4852280016455 303.79589380789236 480.0 288.0 352.0 99.14837366290988 128.0 128.0 128.0 0.0 6 8.0 5.0
40000.0 50000.0 21 3 365.57692675385135 364.57692675385135 343.98147611498933 17588.111751154636 16768.111751154633 450.12289116630825 450.12289116630825 21.595450638861934 709560.5229107606 651395.9935826815 1.0 43.8886743292548 20.595450638861934 427.5274405274463 999.1499999999942 92.7400917968771 540.7575886346718 291.66827687165846 840.0 288.0 500.57142857142856 247.2615734688383 128.0 128.0 128.0 0.0 7 6.0 5.0
50000.0 60000.0 14 2 370.1645429501715 370.1645429501715 354.65462759561075 12945.50104931388 12945.50104931388 497.4615064850965 497.4615064850965 15.509915354560794 665437.5938303621 664556.0240321066 0.0 0.8488876247043128 15.509915354560794 481.9515911305357 992.3999999999942 15.52499999999418 618.3360521763389 298.4908291125138 480.0 480.0 480.0 0.0 128.0 128.0 128.0 0.0 5 5.0 5.0
60000.0 70000.0 15 3 245.0 245.0 228.0 14124.0 11664.0 350.0 350.0 17.0 541448.0 522486.0 3.0 14.0 17.0 333.0 992.4539999999979 0.06900000000314321 525.8456666666675 380.07721765896815 480.0 480.0 480.0 0.0 128.0 128.0 128.0 0.0 4 5.0 5.0
70000.0 80000.0 18 4 338.3653556888685 336.3653556888685 312.577388730465 19531.406558954117 19531.406558954117 512.2450252729036 512.2450252729036 24.787966958403512 670149.3144352653 664549.3144352653 0.0 4.0 22.787966958403512 486.4570583145001 998.4109999999928 0.09399999998277053 505.1340562066002 418.1476815875292 480.0 288.0 330.6666666666667 84.6640419540669 128.0 128.0 128.0 0.0 9 7.0 5.0
80000.0 90000.0 12 3 308.6346443111315 308.6346443111315 293.422611269535 12691.593441045883 12691.593441045883 464.7549747270964 464.7549747270964 15.212033041596488 632599.6855647347 632599.6855647347 0.0 0.0 15.212033041596488 449.5429416854999 849.3479999999981 93.58400000000256 509.8752490234365 225.6309805055384 480.0 480.0 480.0 0.0 128.0 128.0 128.0 0.0 5 5.0 5.0
90000.0 100000.0 16 3 585.7540743096617 585.7540743096617 566.6912347838565 15888.156806418268 15068.156806418268 796.3483335983694 796.3483335983694 18.531419762902573 1110121.6148398728 1083763.6148398728 1.0 20.0 19.062839525805146 777.8169138354668 999.0899999999965 199.8920000000071 733.3264324951206 293.9228937508967 840.0 480.0 780.0 146.9693845669907 128.0 128.0 128.0 0.0 6 6.0 5.0
100000.0 110000.0 16 2 441.400639906548 441.400639906548 426.9376937296515 12053.987469797066 12053.987469797066 714.7548092124371 714.7548092124371 14.994365939799057 972353.998912097 972353.998912097 0.0 0.0 14.462946176896484 699.760443272638 995.7820000000065 307.97699999999895 733.6788792724647 305.97326894618385 840.0 840.0 840.0 0.0 128.0 128.0 128.0 0.0 5 5.0 5.0
110000.0 120000.0 16 2 368.9565578968263 368.9565578968263 353.9684345853984 12495.261115370864 12495.261115370864 690.9524932457116 690.9524932457116 14.988123311427882 938889.4588422459 938889.4588422459 0.0 0.0 14.988123311427882 675.9643699342837 999.0709999999963 241.7369999999937 722.2668691406252 320.67773349139065 840.0 840.0 840.0 0.0 128.0 128.0 128.0 0.0 5 5.0 5.0
120000.0 130000.0 15 2 343.8887278869639 343.8887278869639 327.40263690109344 13723.594608413801 12083.594608413801 570.9443639434819 570.9443639434819 16.48609098587049 769516.9274057843 745602.9274057843 2.0 18.0 16.48609098587049 554.4582729576115 999.1449999999895 84.50200000000768 709.4027403645838 320.2207007166111 840.0 480.0 624.0 197.1801207018598 128.0 128.0 128.0 0.0 5 5.0 5.0
130000.0 140000.0 15 3 376.2584317310574 376.2584317310574 358.7261277646752 14622.48925243338 14622.48925243338 692.1292158655286 692.1292158655286 17.532303966382173 933491.666062004 933491.666062004 0.0 0.0 17.532303966382173 674.5969118991466 999.9539999999979 312.4409999999916 736.0768609374994 285.90440616204495 840.0 480.0 660.0 197.1801207018598 128.0 128.0 128.0 0.0 6 6.0 5.0
140000.0 150000.0 16 2 351.62611662094827 351.62611662094827 336.1749136799011 12884.821480733004 12884.821480733004 685.8213048567595 685.8213048567595 14.959449487332519 932124.5061587613 932124.5061587613 0.0 0.0 15.45120294104721 670.861855369427 998.4580000000133 326.61900000000605 757.034461059573 283.9006626921544 840.0 840.0 840.0 0.0 128.0 128.0 128.0 0.0 5 5.0 5.0
150000.0 160000.0 15 2 351.5056332353704 351.5056332353704 336.5330675078493 12482.229553842457 12482.229553842457 672.4396608650878 672.4396608650878 15.464319181235721 912651.2157899447 912651.2157899447 0.0 0.0 14.972565727521031 656.9753416838522 995.7660000000033 172.17800000001444 697.860506510426 336.5635212940283 840.0 840.0 840.0 0.0 128.0 128.0 128.0 0.0 5 5.0 5.0
160000.0 170000.0 16 2 414.7656390731014 414.7656390731014 400.20872665301204 12132.10745812378 12132.10745812378 761.6617586327832 761.6617586327832 14.556912420089372 1033512.502379896 1025112.502379896 0.0 6.0 14.556912420089372 747.1048462126937 999.6169999999984 202.29900000002817 704.692757324221 345.67851160681323 840.0 840.0 840.0 0.0 128.0 128.0 128.0 0.0 5 5.0 5.0
170000.0 180000.0 14 5 284.8441793395226 282.8441793395226 261.35716439456235 16390.35225486738 16390.35225486738 503.94805977984083 503.94805977984083 21.487014944960215 696124.1096093939 691924.1096093939 0.0 3.0 18.487014944960215 477.4610448348807 998.591000000044 320.6820000000007 782.9919281529104 235.89811675941655 840.0 480.0 552.0 160.99689437998487 128.0 128.0 128.0 0.0 5 5.0 5.0
180000.0 190000.0 13 2 311.0 311.0 296.0 12505.0 12505.0 481.0 481.0 15.0 644476.0 588274.0 0.0 41.0 15.0 466.0 999.6750000000175 0.0 638.6253076923111 345.2941698579647 480.0 480.0 480.0 0.0 128.0 128.0 128.0 0.0 5 5.0 5.0
190000.0 200000.0 16 3 352.29008850305917 351.29008850305917 330.79497016577875 16728.997036569966 16728.997036569966 590.6192303078748 590.6192303078748 21.495118337280445 779111.8792369177 779111.8792369177 0.0 0.0 19.495118337280445 567.1241119705944 997.4809999999998 172.2609999999986 690.6509399414135 306.7607476389177 840.0 480.0 600.0 185.903200617956 128.0 128.0 128.0 0.0 6 6.0 5.0
200000.0 210000.0 12 2 240.70991149694083 240.70991149694083 226.20502983422125 12099.002963430034 12099.002963430034 449.3807696921252 449.3807696921252 14.504881662719555 598363.1207630823 598363.1207630823 0.0 0.0 14.504881662719555 434.87588802940564 999.0540000000037 224.21799999999348 682.0915800781344 304.19398663973755 480.0 480.0 480.0 0.0 128.0 128.0 128.0 0.0 5 5.0 5.0
210000.0 220000.0 12 2 258.0 258.0 243.0 12505.0 12505.0 453.0 453.0 15.0 598998.0 593398.0 0.0 4.0 15.0 438.0 998.6330000000598 333.9550000000163 712.1160833333391 268.0200041806508 480.0 480.0 480.0 0.0 128.0 128.0 128.0 0.0 5 5.0 5.0
220000.0 230000.0 11 2 281.0 281.0 266.0 12505.0 12505.0 452.0 452.0 15.0 598091.0 597412.0 0.0 1.0 15.0 437.0 998.7690000000002 363.3729999999923 766.6643636363707 268.22344386808913 480.0 480.0 480.0 0.0 128.0 128.0 128.0 0.0 5 5.0 5.0
230000.0 240000.0 14 2 312.0 312.0 295.0 14186.0 14186.0 556.0 556.0 17.0 738047.0 728246.0 0.0 8.0 17.0 539.0 997.125 42.37799999999697 693.5766428571452 302.9686743453138 480.0 480.0 480.0 0.0 128.0 128.0 128.0 0.0 6 6.0 5.0
240000.0 250000.0 13 2 461.7092491938331 461.7092491938331 446.1796971440901 12939.232680789299 12939.232680789299 762.770738138951 762.770738138951 15.529552049743046 1040085.5150493076 1010685.5150493076 0.0 21.0 15.529552049743046 747.241186089208 999.9249999999884 272.7870000000112 787.9170751201857 258.928487208934 840.0 480.0 768.0 160.99689437998487 128.0 128.0 128.0 0.0 5 5.0 5.0
250000.0 260000.0 16 2 398.7089334449394 398.7089334449394 383.710661778356 12503.582766598382 12503.582766598382 760.3978579467595 760.3978579467595 14.998271666583394 1036096.5050776833 1036096.5050776833 0.0 0.0 14.998271666583394 745.3995862801761 999.8190000000759 198.82099999999627 739.9222473144546 327.3992998845098 840.0 840.0 840.0 0.0 128.0 128.0 128.0 0.0 5 5.0 5.0
260000.0 270000.0 14 2 395.5818173612275 395.5818173612275 381.10964107755393 12072.184552612318 12072.184552612318 708.8314039142895 708.8314039142895 14.47217628367356 971664.9798730091 971664.9798730091 0.0 0.0 14.47217628367356 694.3592276306159 997.2380000000121 266.0929999999935 746.6707190290201 317.7901710792776 840.0 480.0 696.0 197.1801207018598 128.0 128.0 128.0 0.0 5 5.0 5.0
270000.0 280000.0 16 3 370.0 369.0 350.0 16355.0 16355.0 628.0 628.0 20.0 835248.0 835248.0 0.0 0.0 19.0 607.0 996.3620000000228 267.2870000000112 819.8930000000109 250.5873934799371 480.0 480.0 480.0 0.0 128.0 128.0 128.0 0.0 6 6.0 5.0
280000.0 290000.0 16 3 371.325459815116 371.325459815116 354.30042444472247 13355.77935742664 13355.77935742664 681.3004244447225 681.3004244447225 17.02503537039354 919149.0294171823 919149.0294171823 0.0 0.0 16.02503537039354 663.2753890743289 998.0509999999776 16.39399999997113 623.6175068359262 372.58924709382086 840.0 480.0 768.0 160.99689437998487 128.0 128.0 128.0 0.0 5 5.0 5.0
290000.0 300000.0 16 2 377.674540184884 377.674540184884 363.69957555527753 11654.22064257336 11654.22064257336 700.6995755552775 700.6995755552775 13.97496462960646 955500.9705828177 955500.9705828177 0.0 0.0 13.97496462960646 686.7246109256711 998.8570000000182 66.48300000006566 687.9999931640668 366.697459455588 840.0 840.0 840.0 0.0 128.0 128.0 128.0 0.0 5 5.0 5.0
300000.0 310000.0 0 0 0.0 0.0 0.0 0.0 0.0 0.0 0.0 0.0 0.0 0.0 0.0 0.0 0.0 0.0 0.0 0.0 0.0 0.0 0.0 0.0 0.0 0.0 0.0 0.0 0.0 0.0 0  
