ts te nbins ncons c_tcp_packs c_tcp_bytes c_udp_packs c_udp_bytes s_tcp_packs s_tcp_bytes s_udp_packs s_udp_bytes max_bins_span min_bins_span avg_bins_span std_bins_span max_video_rate min_video_rate avg_video_rate std_video_rate max_audio_rate min_audio_rate avg_audio_rate std_audio_rate video_requests audio_requests
0 1000 0 0 0 0 0 0 0 0 0 0 0 0 0 0 0 0 0 0 0 0 0 0 0 0
1000 2000 0 0 0 0 0 0 0 0 0 0 0 0 0 0 0 0 0 0 0 0 0 0 0 0
2000 3000 0 0 0 0 0 0 0 0 0 0 0 0 0 0 0 0 0 0 0 0 0 0 0 0
3000 4000 0 0 0 0 0 0 0 0 0 0 0 0 0 0 0 0 0 0 0 0 0 0 0 0
4000 5000 0 0 0 0 0 0 0 0 0 0 0 0 0 0 0 0 0 0 0 0 0 0 0 0
5000 6000 2 2 1 0 1 1672 1 0 2 2732 319 30 175 204 0 0 0 0 0 0 0 0 0 0
6000 7000 4 3 4 2066 3 3924 8 6903 7 8124 636 79 377 248 0 0 0 0 0 0 0 0 0 0
7000 8000 5 3 4 1469 3 961 7 7242 6 5276 702 1 331 263 0 0 0 0 0 0 0 0 0 0
8000 9000 5 3 2 0 7 959 3 5731 11 7753 903 92 488 338 0 0 0 0 0 0 0 0 0 0
9000 10000 4 2 0 6 3 432 0 497 6 3416 551 88 244 217 0 0 0 0 0 0 0 0 0 0
10000 11000 4 3 2 57 18 3951 5 2065 41 47320 911 82 623 370 288 288 288 0 128 128 128 0 2 2
11000 12000 4 3 0 0 45 2703 0 406 107 153959 910 0 296 417 0 0 0 0 0 0 0 0 0 0
12000 13000 3 2 2 62 29 3312 2 567 38 51622 901 74 459 416 288 288 288 0 128 128 128 0 1 1
13000 14000 3 2 0 1 34 1754 0 12 63 92542 922 8 326 516 0 0 0 0 0 0 0 0 0 0
14000 15000 2 1 0 0 37 3088 0 0 53 77800 950 38 494 645 288 288 288 0 128 128 128 0 1 1
15000 16000 2 1 0 0 31 2797 0 0 59 82907 951 30 491 651 0 0 0 0 128 128 128 0 0 1
16000 17000 2 1 0 0 42 3507 0 0 51 68234 960 23 492 662 288 288 288 0 128 128 128 0 1 1
17000 18000 2 1 0 0 36 2450 0 0 73 105925 970 17 493 673 0 0 0 0 0 0 0 0 0 0
18000 19000 1 1 0 0 10 482 0 0 4 1547 352 352 352 0 0 0 0 0 0 0 0 0 0 0
19000 20000 1 1 0 0 10 978 0 0 19 27484 333 333 333 0 288 288 288 0 0 0 0 0 1 0
20000 21000 2 1 0 0 30 3287 0 0 52 73557 660 325 492 237 288 288 288 0 128 128 128 0 2 1
21000 22000 2 1 0 0 27 3123 0 0 37 54711 663 315 489 245 0 0 0 0 0 0 0 0 0 0
22000 23000 2 1 0 0 26 1641 0 0 37 54168 675 305 490 261 0 0 0 0 0 0 0 0 0 0
23000 24000 2 1 0 0 30 2355 0 0 48 69829 687 287 487 282 0 0 0 0 128 128 128 0 0 1
24000 25000 2 1 0 0 31 2062 0 0 56 77865 705 280 493 300 288 288 288 0 0 0 0 0 1 0
25000 26000 2 1 0 0 32 3363 0 0 55 72117 705 279 492 301 0 0 0 0 128 128 128 0 0 1
26000 27000 2 1 0 0 35 2991 0 0 52 73424 714 272 493 312 288 288 288 0 128 128 128 0 1 1
27000 28000 2 1 0 0 31 2476 0 0 46 66607 726 251 489 335 0 0 0 0 128 128 128 0 0 1
28000 29000 2 1 0 0 32 2097 0 0 43 61437 742 251 496 347 0 0 0 0 0 0 0 0 0 0
29000 30000 2 1 0 0 20 2431 0 0 28 35156 703 201 452 355 288 288 288 0 128 128 128 0 1 1
30000 31000 2 1 0 0 25 1321 0 0 41 57326 781 199 490 411 0 0 0 0 0 0 0 0 0 0
31000 32000 2 1 0 0 24 1889 0 0 39 56938 795 189 492 428 0 0 0 0 0 0 0 0 0 0
32000 33000 2 1 0 0 28 2576 0 0 46 64657 798 188 493 431 288 288 288 0 128 128 128 0 1 1
33000 34000 2 1 0 0 23 1985 0 0 37 53395 810 161 486 458 0 0 0 0 0 0 0 0 0 0
34000 35000 2 1 0 0 25 2922 0 0 36 46514 828 159 494 473 288 288 288 0 128 128 128 0 1 1
35000 36000 2 1 0 0 21 1076 0 0 36 51646 830 152 491 479 0 0 0 0 0 0 0 0 0 0
36000 37000 3 2 2 0 23 1839 2 24 35 50250 841 136 455 357 0 0 0 0 0 0 0 0 0 0
37000 38000 3 2 2 0 25 2407 2 24 41 57412 861 134 465 367 288 288 288 0 128 128 128 0 1 1
38000 39000 2 1 0 0 30 2145 0 0 47 63673 861 101 481 537 0 0 0 0 0 0 0 0 0 0
39000 40000 2 1 0 0 27 2576 0 0 36 44710 892 85 489 570 288 288 288 0 128 128 128 0 1 1
40000 41000 4 3 2 0 28 2031 2 0 52 72594 888 16 250 426 0 0 0 0 0 0 0 0 0 0
41000 42000 2 1 0 0 25 2516 0 0 33 40368 899 75 487 583 288 288 288 0 128 128 128 0 1 1
42000 43000 1 1 0 0 12 1193 0 0 19 25102 913 913 913 0 0 0 0 0 0 0 0 0 0 0
43000 44000 1 1 0 0 17 828 0 0 27 38299 876 876 876 0 0 0 0 0 0 0 0 0 0 0
44000 45000 2 1 0 0 17 1467 0 0 29 38785 873 121 497 531 0 0 0 0 0 0 0 0 0 0
45000 46000 2 1 0 0 13 1804 0 0 28 37448 813 1 407 574 288 288 288 0 128 128 128 0 1 1
46000 47000 2 1 0 0 24 1849 0 0 29 40887 791 132 462 465 0 0 0 0 0 0 0 0 0 0
47000 48000 2 1 0 0 27 1406 0 0 32 47586 773 200 487 405 0 0 0 0 0 0 0 0 0 0
48000 49000 2 1 0 0 19 2448 0 0 27 33457 742 211 476 375 0 0 0 0 0 0 0 0 0 0
49000 50000 2 1 0 0 20 1443 0 0 32 44744 740 229 485 361 288 288 288 0 128 128 128 0 1 1
50000 51000 2 1 0 0 21 1491 0 0 30 43932 723 258 491 329 0 0 0 0 0 0 0 0 0 0
51000 52000 2 1 0 0 22 1254 0 0 27 38188 713 267 490 315 0 0 0 0 0 0 0 0 0 0
52000 53000 2 1 0 0 23 2533 0 0 31 42920 705 248 476 323 288 288 288 0 128 128 128 0 1 1
53000 54000 2 1 0 0 26 1786 0 0 41 58221 701 272 487 303 0 0 0 0 0 0 0 0 0 0
54000 55000 2 1 0 0 24 2554 0 0 31 40111 682 289 485 277 0 0 0 0 0 0 0 0 0 0
55000 56000 2 1 0 0 23 1711 0 0 34 48034 672 303 488 261 288 288 288 0 128 128 128 0 1 1
56000 57000 2 1 0 0 30 1894 0 0 39 53877 670 316 493 250 0 0 0 0 0 0 0 0 0 0
57000 58000 2 1 0 0 20 2079 0 0 29 37494 640 320 480 226 288 288 288 0 128 128 128 0 1 1
58000 59000 2 1 0 0 22 1928 0 0 40 56940 639 337 488 213 0 0 0 0 0 0 0 0 0 0
59000 60000 2 1 0 0 26 2379 0 0 42 59210 632 345 489 203 0 0 0 0 0 0 0 0 0 0
60000 61000 2 1 0 0 30 2357 0 0 45 64252 620 350 485 191 288 288 288 0 128 128 128 0 1 1
61000 62000 2 1 0 0 33 2651 0 0 51 70556 608 374 491 165 0 0 0 0 0 0 0 0 0 0
62000 63000 2 1 0 0 37 2739 0 0 60 83592 602 386 494 152 288 288 288 0 128 128 128 0 1 1
63000 64000 2 1 0 0 32 2644 0 0 60 84951 599 368 483 162 288 288 288 0 128 128 128 0 1 1
64000 65000 2 1 0 0 38 2880 0 0 56 80161 595 398 497 138 0 0 0 0 0 0 0 0 0 0
65000 66000 2 1 0 0 29 2442 0 0 45 63843 582 289 435 207 288 288 288 0 128 128 128 0 1 1
66000 67000 2 1 0 0 27 3006 0 0 47 65331 579 412 495 118 0 0 0 0 0 0 0 0 0 0
67000 68000 2 1 0 0 33 2396 0 0 54 76515 573 414 494 112 288 288 288 0 128 128 128 0 1 1
68000 69000 2 1 0 0 35 2825 0 0 53 70925 569 412 491 111 288 288 288 0 128 128 128 0 1 1
69000 70000 2 1 0 0 33 2466 0 0 53 70957 567 420 494 104 0 0 0 0 0 0 0 0 0 0
70000 71000 2 1 0 0 29 2512 0 0 39 53785 558 402 480 109 288 288 288 0 128 128 128 0 1 1
71000 72000 2 1 0 0 26 2135 0 0 42 58898 543 440 491 72 0 0 0 0 0 0 0 0 0 0
72000 73000 2 1 0 0 28 2379 0 0 52 73131 530 453 492 54 288 288 288 0 128 128 128 0 1 1
73000 74000 2 1 0 0 33 2588 0 0 51 71335 519 458 489 42 0 0 0 0 0 0 0 0 0 0
74000 75000 2 1 0 0 31 2553 0 0 52 72973 489 463 476 18 288 288 288 0 128 128 128 0 1 1
75000 76000 2 1 0 0 32 2594 0 0 49 68378 504 489 496 11 0 0 0 0 0 0 0 0 0 0
76000 77000 2 1 0 0 25 2003 0 0 36 51416 457 374 415 58 288 288 288 0 128 128 128 0 1 1
77000 78000 2 1 0 0 26 2475 0 0 46 65054 602 373 487 161 0 0 0 0 0 0 0 0 0 0
78000 79000 2 1 0 0 27 2069 0 0 35 47519 614 354 484 183 0 0 0 0 0 0 0 0 0 0
79000 80000 2 1 0 0 18 2157 0 0 24 28390 627 350 488 195 288 288 288 0 128 128 128 0 1 1
80000 81000 2 1 0 0 17 1054 0 0 34 47122 648 328 488 225 0 0 0 0 0 0 0 0 0 0
81000 82000 2 1 0 0 19 1362 0 0 27 37486 656 321 488 237 0 0 0 0 0 0 0 0 0 0
82000 83000 2 1 0 0 19 1482 0 0 21 29286 676 300 488 265 0 0 0 0 0 0 0 0 0 0
83000 84000 2 1 0 0 21 2382 0 0 30 42281 695 265 480 304 288 288 288 0 128 128 128 0 1 1
84000 85000 2 1 0 0 28 1515 0 0 48 68829 732 244 488 344 0 0 0 0 0 0 0 0 0 0
85000 86000 2 1 0 0 36 2587 0 0 41 56380 748 205 476 384 288 288 288 0 128 128 128 0 1 1
86000 87000 2 1 0 0 25 2370 0 0 48 67304 788 202 495 414 0 0 0 0 0 0 0 0 0 0
87000 88000 2 1 0 0 27 2065 0 0 35 42974 794 114 454 480 288 288 288 0 128 128 128 0 1 1
88000 89000 2 1 0 0 30 3353 0 0 55 79003 870 109 489 538 0 0 0 0 0 0 0 0 0 0
89000 90000 2 1 0 0 31 2795 0 0 41 55192 888 91 489 563 288 288 288 0 128 128 128 0 1 1
90000 91000 2 1 0 0 36 2474 0 0 57 83028 900 79 489 580 0 0 0 0 0 0 0 0 0 0
91000 92000 2 1 0 0 26 2582 0 0 38 52104 920 75 497 597 288 288 288 0 128 128 128 0 1 1
92000 93000 2 1 0 0 33 2218 0 0 59 84630 913 70 492 596 0 0 0 0 0 0 0 0 0 0
93000 94000 2 1 0 0 19 1066 0 0 31 38616 909 68 489 594 0 0 0 0 0 0 0 0 0 0
94000 95000 1 1 0 0 17 2695 0 0 31 42022 928 928 928 0 288 288 288 0 128 128 128 0 1 1
95000 96000 1 1 0 0 35 1705 0 0 39 55219 984 984 984 0 0 0 0 0 0 0 0 0 0 0
96000 97000 1 1 0 0 26 3265 0 0 35 45917 981 981 981 0 288 288 288 0 128 128 128 0 1 1
97000 98000 1 1 0 0 31 1503 0 0 50 71822 985 985 985 0 0 0 0 0 0 0 0 0 0 0
98000 99000 2 1 0 0 35 3712 0 0 38 51762 978 11 494 683 288 288 288 0 128 128 128 0 1 1
99000 100000 2 1 0 0 50 2299 0 0 65 93619 977 2 489 689 0 0 0 0 0 0 0 0 0 0
100000 101000 2 1 0 0 40 3820 0 0 62 89727 958 13 486 668 288 288 288 0 128 128 128 0 1 1
101000 102000 2 1 0 0 40 3249 0 0 62 87225 954 33 494 651 288 288 288 0 128 128 128 0 1 1
102000 103000 2 1 0 0 40 3873 0 0 51 72848 943 37 490 640 288 288 288 0 128 128 128 0 1 1
103000 104000 2 1 0 0 35 1738 0 0 47 66987 935 40 488 632 0 0 0 0 0 0 0 0 0 0
104000 105000 2 1 0 0 27 3153 0 0 35 43370 916 62 489 603 288 288 288 0 128 128 128 0 1 1
105000 106000 2 1 0 0 36 1871 0 0 44 62581 915 76 496 593 0 0 0 0 0 0 0 0 0 0
106000 107000 2 1 0 0 36 2932 0 0 38 52005 906 71 489 590 0 0 0 0 0 0 0 0 0 0
107000 108000 2 1 0 0 37 2396 0 0 49 67697 874 74 474 565 288 288 288 0 128 128 128 0 1 1
108000 109000 2 1 0 0 40 3677 0 0 46 61854 866 122 494 526 288 288 288 0 128 128 128 0 1 1
109000 110000 2 1 0 0 45 2390 0 0 58 83648 854 131 492 511 0 0 0 0 0 0 0 0 0 0
110000 111000 2 1 0 0 42 3725 0 0 46 61893 841 143 492 493 288 288 288 0 128 128 128 0 1 1
111000 112000 2 1 0 0 54 3367 0 0 48 67871 839 151 495 486 0 0 0 0 0 0 0 0 0 0
112000 113000 2 1 0 0 49 3626 0 0 74 107102 829 147 488 482 288 288 288 0 128 128 128 0 1 1
113000 114000 2 1 0 0 34 3082 0 0 48 61897 815 167 491 458 288 288 288 0 128 128 128 0 1 1
114000 115000 2 1 0 0 31 2266 0 0 47 64812 780 141 460 452 0 0 0 0 0 0 0 0 0 0
115000 116000 2 1 0 0 29 1508 0 0 35 50213 772 187 479 413 0 0 0 0 0 0 0 0 0 0
116000 117000 2 1 0 0 32 3066 0 0 35 49852 759 199 479 396 288 288 288 0 128 128 128 0 1 1
117000 118000 2 1 0 0 38 2222 0 0 46 67103 753 224 488 374 0 0 0 0 0 0 0 0 0 0
118000 119000 2 1 0 0 38 3250 0 0 56 80269 746 237 492 359 288 288 288 0 128 128 128 0 1 1
119000 120000 2 1 0 0 42 3599 0 0 50 70279 739 251 495 345 288 288 288 0 0 0 0 0 1 0
120000 121000 2 1 0 0 52 3288 0 0 58 80382 736 259 497 337 0 0 0 0 128 128 128 0 0 1
121000 122000 2 1 0 0 47 3386 0 0 56 76454 734 249 492 343 288 288 288 0 128 128 128 0 1 1
122000 123000 2 1 0 0 48 4168 0 0 59 80588 724 256 490 331 0 0 0 0 0 0 0 0 0 0
123000 124000 2 1 0 0 37 2299 0 0 51 70839 681 234 457 316 288 288 288 0 128 128 128 0 1 1
124000 125000 2 1 0 0 41 3322 0 0 56 74379 671 309 490 256 288 288 288 0 128 128 128 0 1 1
125000 126000 2 1 0 0 47 2950 0 0 59 82472 661 326 493 236 0 0 0 0 0 0 0 0 0 0
126000 127000 2 1 0 0 46 3510 0 0 67 95221 645 338 492 217 288 288 288 0 128 128 128 0 1 1
127000 128000 2 1 0 0 46 3722 0 0 69 97722 640 353 497 203 288 288 288 0 128 128 128 0 1 1
128000 129000 2 1 0 0 49 4064 0 0 58 79119 633 349 491 200 288 288 288 0 128 128 128 0 1 1
129000 130000 2 1 0 0 44 3647 0 0 57 78839 619 362 491 181 0 0 0 0 0 0 0 0 0 0
130000 131000 2 1 0 0 48 3189 0 0 68 96962 610 378 494 163 288 288 288 0 128 128 128 0 1 1
131000 132000 2 1 0 0 48 3361 0 0 79 109830 593 388 491 145 288 288 288 0 128 128 128 0 1 1
132000 133000 2 1 0 0 45 3854 0 0 80 112241 578 389 483 133 288 288 288 0 128 128 128 0 1 1
133000 134000 2 1 0 0 53 4157 0 0 83 114158 571 409 490 114 288 288 288 0 128 128 128 0 1 1
134000 135000 2 1 0 0 56 4436 0 0 74 99601 560 427 493 93 288 288 288 0 128 128 128 0 1 1
135000 136000 2 1 0 0 52 3844 0 0 63 85360 550 438 494 79 0 0 0 0 0 0 0 0 0 0
136000 137000 2 1 0 0 44 3188 0 0 69 95548 550 436 493 80 288 288 288 0 128 128 128 0 1 1
137000 138000 2 1 0 0 42 3363 0 0 73 101722 537 446 492 64 288 288 288 0 128 128 128 0 1 1
138000 139000 2 1 0 0 44 3891 0 0 56 76605 533 446 489 61 0 0 0 0 0 0 0 0 0 0
139000 140000 2 1 0 0 46 3199 0 0 55 77612 518 463 490 38 288 288 288 0 128 128 128 0 1 1
140000 141000 2 1 0 0 47 3577 0 0 64 90128 505 478 492 19 288 288 288 0 0 0 0 0 1 0
141000 142000 2 1 0 0 50 3677 0 0 69 97464 503 484 493 13 288 288 288 0 128 128 128 0 1 1
142000 143000 2 1 0 0 40 2951 0 0 50 67580 501 483 492 12 0 0 0 0 0 0 0 0 0 0
143000 144000 2 1 0 0 25 2233 0 0 38 49714 493 488 491 3 288 288 288 0 128 128 128 0 1 1
144000 145000 2 1 0 0 28 2050 0 0 48 67514 492 486 489 3 0 0 0 0 0 0 0 0 0 0
145000 146000 2 1 0 0 29 2434 0 0 39 54708 510 468 489 29 0 0 0 0 128 128 128 0 0 1
146000 147000 2 1 0 0 34 2543 0 0 37 54036 525 451 488 52 288 288 288 0 0 0 0 0 1 0
147000 148000 2 1 0 0 43 2728 0 0 44 64669 546 440 493 75 0 0 0 0 128 128 128 0 0 1
148000 149000 2 1 0 0 42 2810 0 0 43 62225 538 433 486 74 288 288 288 0 128 128 128 0 1 1
149000 150000 2 1 0 0 41 3004 0 0 43 61916 548 433 491 81 0 0 0 0 0 0 0 0 0 0
150000 151000 2 1 0 0 41 2680 0 0 54 75831 565 390 478 123 288 288 288 0 0 0 0 0 1 0
151000 152000 2 1 0 0 41 3142 0 0 53 69353 597 171 384 300 0 0 0 0 128 128 128 0 0 1
152000 153000 1 1 0 0 34 2579 0 0 40 56924 374 374 374 0 288 288 288 0 128 128 128 0 1 1
153000 154000 2 1 0 0 97 6138 0 0 95 132104 621 352 487 190 288 288 288 0 0 0 0 0 1 0
154000 155000 1 1 0 0 20 1441 0 0 20 28720 187 187 187 0 288 288 288 0 128 128 128 0 1 1
155000 156000 1 1 0 0 60 4301 0 0 62 85698 558 558 558 0 0 0 0 0 0 0 0 0 0 0
156000 157000 1 1 0 0 21 1491 0 0 21 28880 187 187 187 0 288 288 288 0 128 128 128 0 1 1
157000 158000 1 1 0 0 59 4235 0 0 61 82044 533 533 533 0 0 0 0 0 0 0 0 0 0 0
158000 159000 1 1 0 0 20 1442 0 0 20 29052 187 187 187 0 288 288 288 0 128 128 128 0 1 1
159000 160000 1 1 0 0 55 4035 0 0 58 81248 524 524 524 0 0 0 0 0 0 0 0 0 0 0
160000 161000 1 1 0 0 72 5153 0 0 80 105963 617 617 617 0 288 288 288 0 128 128 128 0 1 1
161000 162000 1 1 0 0 8 578 0 0 9 11899 69 69 69 0 0 0 0 0 0 0 0 0 0 0
162000 163000 1 1 0 0 79 6036 0 0 90 124206 611 611 611 0 480 480 480 0 128 128 128 0 2 2
163000 164000 2 1 0 0 51 4708 0 0 57 78245 605 385 495 155 0 0 0 0 0 0 0 0 0 0
164000 165000 2 1 0 0 69 4125 0 0 74 102578 569 393 481 124 480 480 480 0 128 128 128 0 1 1
165000 166000 1 1 0 0 31 1615 0 0 33 46843 260 260 260 0 0 0 0 0 0 0 0 0 0 0
166000 167000 1 1 0 0 76 5037 0 0 95 131292 619 619 619 0 480 480 480 0 128 128 128 0 1 1
167000 168000 1 1 0 0 43 2839 0 0 53 73988 348 348 348 0 0 0 0 0 0 0 0 0 0 0
168000 169000 1 1 0 0 75 4834 0 0 77 106631 616 616 616 0 480 480 480 0 128 128 128 0 1 1
169000 170000 1 1 0 0 31 2056 0 0 32 45346 262 262 262 0 0 0 0 0 0 0 0 0 0 0
170000 171000 1 1 0 0 76 5165 0 0 90 123415 614 614 614 0 480 480 480 0 128 128 128 0 1 1
171000 172000 1 1 0 0 26 1808 0 0 31 43198 214 214 214 0 0 0 0 0 0 0 0 0 0 0
172000 173000 1 1 0 0 72 4571 0 0 83 116831 614 614 614 0 480 480 480 0 128 128 128 0 1 1
173000 174000 2 1 0 0 56 4264 0 0 57 80088 608 383 496 158 0 0 0 0 0 0 0 0 0 0
174000 175000 2 1 0 0 75 4490 0 0 84 115785 571 388 480 129 480 480 480 0 128 128 128 0 1 1
175000 176000 2 1 0 0 49 2764 0 0 57 79721 302 118 210 130 480 480 480 0 128 128 128 0 1 1
176000 177000 2 1 0 0 96 6539 0 0 112 153836 873 109 491 539 0 0 0 0 0 0 0 0 0 0
177000 178000 2 1 0 0 13 1921 0 0 14 17613 888 78 483 572 480 480 480 0 128 128 128 0 1 1
178000 179000 2 1 0 0 105 5981 0 0 122 168716 909 69 489 593 0 0 0 0 0 0 0 0 0 0
179000 180000 2 1 0 0 11 1855 0 0 18 24470 929 64 497 611 480 480 480 0 128 128 128 0 1 1
180000 181000 2 1 0 0 103 5508 0 0 103 138899 927 48 488 621 0 0 0 0 0 0 0 0 0 0
181000 182000 2 1 0 0 11 1841 0 0 27 36653 946 44 495 637 480 480 480 0 128 128 128 0 1 1
182000 183000 1 1 0 0 79 4280 0 0 69 90954 929 929 929 0 0 0 0 0 0 0 0 0 0 0
183000 184000 1 1 0 0 12 940 0 0 16 24369 100 100 100 0 840 840 840 0 128 128 128 0 2 2
184000 185000 2 1 0 0 122 8975 0 0 161 232062 898 94 496 568 0 0 0 0 0 0 0 0 0 0
185000 186000 2 1 0 0 106 6185 0 0 108 154868 905 93 499 574 840 840 840 0 128 128 128 0 1 1
186000 187000 2 1 0 0 106 5634 0 0 101 139260 895 80 488 576 0 0 0 0 0 0 0 0 0 0
187000 188000 2 1 0 0 69 4499 0 0 79 114305 916 80 498 591 840 840 840 0 128 128 128 0 1 1
188000 189000 2 1 0 0 120 6318 0 0 118 169764 917 75 496 595 0 0 0 0 0 0 0 0 0 0
189000 190000 2 1 0 0 68 4426 0 0 75 105784 919 74 496 597 840 840 840 0 128 128 128 0 1 1
190000 191000 1 1 0 0 76 4144 0 0 69 94373 902 902 902 0 0 0 0 0 0 0 0 0 0 0
191000 192000 1 1 0 0 76 4368 0 0 83 121295 617 617 617 0 840 840 840 0 128 128 128 0 1 1
192000 193000 2 1 0 0 77 4967 0 0 75 103349 616 380 498 167 0 0 0 0 0 0 0 0 0 0
193000 194000 2 1 0 0 93 5275 0 0 101 143328 616 382 499 164 840 840 840 0 128 128 128 0 1 1
194000 195000 2 1 0 0 116 6881 0 0 127 179686 613 381 497 164 840 840 840 0 128 128 128 0 1 1
195000 196000 2 1 0 0 119 6348 0 0 107 151125 609 384 497 158 0 0 0 0 0 0 0 0 0 0
196000 197000 2 1 0 0 63 3332 0 0 60 84980 329 188 258 99 840 840 840 0 128 128 128 0 1 1
197000 198000 2 1 0 0 108 6766 0 0 122 172725 805 186 496 438 0 0 0 0 0 0 0 0 0 0
198000 199000 2 1 0 0 60 3542 0 0 46 63394 810 134 472 478 0 0 0 0 0 0 0 0 0 0
199000 200000 2 1 0 0 66 4334 0 0 82 115821 864 127 495 521 840 840 840 0 128 128 128 0 1 1
200000 201000 2 1 0 0 103 5556 0 0 89 126501 870 113 491 535 840 840 840 0 128 128 128 0 1 1
201000 202000 2 1 0 0 116 7022 0 0 141 204255 886 112 499 547 0 0 0 0 0 0 0 0 0 0
202000 203000 2 1 0 0 70 5109 0 0 51 69042 887 101 494 555 840 840 840 0 128 128 128 0 1 1
203000 204000 2 1 0 0 114 5560 0 0 138 198702 895 98 497 563 0 0 0 0 0 0 0 0 0 0
204000 205000 2 1 0 0 82 5706 0 0 64 86152 896 73 485 581 840 840 840 0 128 128 128 0 1 1
205000 206000 2 1 0 0 122 6109 0 0 146 209747 918 73 496 597 0 0 0 0 0 0 0 0 0 0
206000 207000 2 1 0 0 84 5937 0 0 106 152903 926 70 498 604 840 840 840 0 128 128 128 0 1 1
207000 208000 1 1 0 0 92 4563 0 0 67 94067 745 745 745 0 0 0 0 0 0 0 0 0 0 0
208000 209000 1 1 0 0 22 1467 0 0 31 43901 188 188 188 0 840 840 840 0 128 128 128 0 1 1
209000 210000 2 1 0 0 121 7696 0 0 160 226309 809 187 498 439 0 0 0 0 0 0 0 0 0 0
210000 211000 2 1 0 0 127 7257 0 0 137 195177 808 185 497 440 840 840 840 0 128 128 128 0 1 1
211000 212000 2 1 0 0 114 6682 0 0 118 170307 811 181 496 445 0 0 0 0 0 0 0 0 0 0
212000 213000 2 1 0 0 80 5298 0 0 82 115590 813 178 496 448 840 840 840 0 128 128 128 0 1 1
213000 214000 1 1 0 0 73 3401 0 0 59 83125 600 600 600 0 0 0 0 0 0 0 0 0 0 0
214000 215000 1 1 0 0 74 4681 0 0 88 129126 613 613 613 0 840 840 840 0 128 128 128 0 1 1
215000 216000 2 1 0 0 87 5654 0 0 82 118614 607 386 497 156 0 0 0 0 0 0 0 0 0 0
216000 217000 2 1 0 0 99 5657 0 0 117 169161 586 388 487 140 840 840 840 0 128 128 128 0 1 1
217000 218000 2 1 0 0 85 5386 0 0 86 121045 585 409 497 124 0 0 0 0 0 0 0 0 0 0
218000 219000 2 1 0 0 96 5641 0 0 96 135638 583 387 485 139 840 840 840 0 128 128 128 0 1 1
219000 220000 2 1 0 0 64 4118 0 0 64 90488 577 411 494 117 0 0 0 0 0 0 0 0 0 0
220000 221000 2 1 0 0 80 4670 0 0 87 125388 570 387 478 130 840 840 840 0 128 128 128 0 1 1
221000 222000 2 1 0 0 122 6707 0 0 130 187767 563 428 496 94 840 840 840 0 128 128 128 0 1 1
222000 223000 2 1 0 0 121 6602 0 0 109 156217 561 435 498 89 0 0 0 0 0 0 0 0 0 0
223000 224000 1 1 0 0 36 1895 0 0 30 43404 296 296 296 0 0 0 0 0 0 0 0 0 0 0
224000 225000 1 1 0 0 74 4712 0 0 86 125737 617 617 617 0 840 840 840 0 128 128 128 0 1 1
225000 226000 2 1 0 0 120 7186 0 0 136 196291 614 381 497 165 840 840 840 0 128 128 128 0 1 1
226000 227000 2 1 0 0 122 6933 0 0 116 161973 611 384 497 160 0 0 0 0 0 0 0 0 0 0
227000 228000 2 1 0 0 47 2794 0 0 46 64560 261 118 190 100 840 840 840 0 128 128 128 0 1 1
228000 229000 2 1 0 0 113 7495 0 0 138 199703 874 110 492 540 0 0 0 0 0 0 0 0 0 0
229000 230000 2 1 0 0 37 3125 0 0 19 23173 888 74 481 575 840 840 840 0 128 128 128 0 1 1
230000 231000 2 1 0 0 123 6638 0 0 160 232455 924 73 498 601 0 0 0 0 0 0 0 0 0 0
231000 232000 2 1 0 0 113 6700 0 0 127 179089 925 72 499 602 840 840 840 0 128 128 128 0 1 1
232000 233000 1 1 0 0 93 5233 0 0 74 101606 872 872 872 0 0 0 0 0 0 0 0 0 0 0
233000 234000 1 1 0 0 20 2246 0 0 43 58287 972 972 972 0 840 840 840 0 128 128 128 0 1 1
234000 235000 2 1 0 0 124 6479 0 0 123 174130 969 26 498 666 0 0 0 0 0 0 0 0 0 0
235000 236000 2 1 0 0 100 6167 0 0 123 176069 963 28 496 660 840 840 840 0 128 128 128 0 1 1
236000 237000 2 1 0 0 110 6230 0 0 95 131611 890 35 462 604 0 0 0 0 0 0 0 0 0 0
237000 238000 1 1 0 0 74 4625 0 0 89 128740 620 620 620 0 840 840 840 0 128 128 128 0 1 1
238000 239000 2 1 0 0 99 5912 0 0 99 135199 612 373 493 169 0 0 0 0 0 0 0 0 0 0
239000 240000 1 1 0 0 73 4208 0 0 76 110765 612 612 612 0 840 840 840 0 128 128 128 0 1 1
240000 241000 2 1 0 0 120 8108 0 0 147 206436 609 383 496 159 840 840 840 0 128 128 128 0 2 2
241000 242000 2 1 0 0 120 7210 0 0 119 166681 607 388 498 155 0 0 0 0 0 0 0 0 0 0
242000 243000 2 1 0 0 34 2123 0 0 34 47919 220 189 204 21 0 0 0 0 0 0 0 0 0 0
243000 244000 2 1 0 0 57 4582 0 0 86 120906 802 189 495 433 840 840 840 0 128 128 128 0 1 1
244000 245000 2 1 0 0 114 6704 0 0 142 201113 810 162 486 458 840 840 840 0 128 128 128 0 1 1
245000 246000 2 1 0 0 103 6478 0 0 124 176766 837 157 497 480 0 0 0 0 0 0 0 0 0 0
246000 247000 2 1 0 0 64 3678 0 0 68 94272 812 135 473 478 0 0 0 0 0 0 0 0 0 0
247000 248000 2 1 0 0 68 4628 0 0 95 133092 861 133 497 514 840 840 840 0 128 128 128 0 1 1
248000 249000 2 1 0 0 120 7659 0 0 111 154560 861 131 496 516 840 840 840 0 128 128 128 0 1 1
249000 250000 2 1 0 0 104 4950 0 0 125 181720 867 131 499 520 0 0 0 0 0 0 0 0 0 0
250000 251000 2 1 0 0 56 3379 0 0 40 53899 811 126 468 483 840 840 840 0 128 128 128 0 1 1
251000 252000 2 1 0 0 110 6348 0 0 146 204781 868 125 497 525 0 0 0 0 0 0 0 0 0 0
252000 253000 2 1 0 0 62 3684 0 0 42 55602 868 118 493 530 840 840 840 0 128 128 128 0 1 1
253000 254000 2 1 0 0 119 6881 0 0 142 201472 878 113 496 540 0 0 0 0 0 0 0 0 0 0
254000 255000 2 1 0 0 57 3422 0 0 37 48371 874 113 493 538 840 840 840 0 128 128 128 0 1 1
255000 256000 2 1 0 0 114 6748 0 0 146 209466 882 112 497 544 0 0 0 0 0 0 0 0 0 0
256000 257000 2 1 0 0 52 4407 0 0 27 34213 882 82 482 565 840 840 840 0 128 128 128 0 1 1
257000 258000 2 1 0 0 123 5877 0 0 151 219676 912 80 496 588 0 0 0 0 0 0 0 0 0 0
258000 259000 2 1 0 0 113 7100 0 0 112 160423 914 77 495 591 840 840 840 0 128 128 128 0 1 1
259000 260000 1 1 0 0 93 4440 0 0 68 97010 767 767 767 0 0 0 0 0 0 0 0 0 0 0
260000 261000 1 1 0 0 74 4754 0 0 100 145481 614 614 614 0 840 840 840 0 128 128 128 0 1 1
261000 262000 2 1 0 0 82 5293 0 0 84 119428 612 379 495 165 0 0 0 0 0 0 0 0 0 0
262000 263000 2 1 0 0 96 6082 0 0 124 178214 612 383 498 161 840 840 840 0 128 128 128 0 1 1
263000 264000 2 1 0 0 76 5419 0 0 80 116260 608 384 496 158 0 0 0 0 0 0 0 0 0 0
264000 265000 2 1 0 0 90 5635 0 0 99 144072 562 388 475 123 840 840 840 0 128 128 128 0 1 1
265000 266000 2 1 0 0 83 5296 0 0 92 131970 560 431 496 91 0 0 0 0 0 0 0 0 0 0
266000 267000 2 1 0 0 93 5710 0 0 108 154871 560 438 499 86 840 840 840 0 128 128 128 0 1 1
267000 268000 2 1 0 0 82 5208 0 0 83 117714 552 438 495 81 0 0 0 0 0 0 0 0 0 0
268000 269000 2 1 0 0 91 5665 0 0 103 148267 551 445 498 75 840 840 840 0 128 128 128 0 1 1
269000 270000 2 1 0 0 114 6865 0 0 136 197152 547 446 496 71 840 840 840 0 128 128 128 0 1 1
270000 271000 2 1 0 0 113 6882 0 0 108 147812 546 448 497 69 0 0 0 0 0 0 0 0 0 0
271000 272000 1 1 0 0 41 2450 0 0 36 48318 344 344 344 0 0 0 0 0 0 0 0 0 0 0
272000 273000 1 1 0 0 75 4941 0 0 91 132219 612 612 612 0 840 840 840 0 128 128 128 0 1 1
273000 274000 2 1 0 0 120 7531 0 0 142 202759 612 383 497 161 840 840 840 0 128 128 128 0 1 1
274000 275000 2 1 0 0 121 7488 0 0 122 167872 611 387 499 157 0 0 0 0 0 0 0 0 0 0
275000 276000 2 1 0 0 42 2701 0 0 42 58624 231 114 173 82 840 840 840 0 128 128 128 0 1 1
276000 277000 2 1 0 0 112 7545 0 0 130 188266 879 112 496 541 0 0 0 0 0 0 0 0 0 0
277000 278000 2 1 0 0 55 3879 0 0 45 63492 886 75 480 573 840 840 840 0 128 128 128 0 1 1
278000 279000 2 1 0 0 123 6645 0 0 154 224346 922 74 498 599 0 0 0 0 0 0 0 0 0 0
279000 280000 2 1 0 0 109 6588 0 0 114 159899 923 68 495 604 840 840 840 0 128 128 128 0 1 1
280000 281000 1 1 0 0 98 5724 0 0 77 101880 916 916 916 0 0 0 0 0 0 0 0 0 0 0
281000 282000 1 1 0 0 14 938 0 0 17 25941 114 114 114 0 840 840 840 0 128 128 128 0 1 1
282000 283000 2 1 0 0 121 8011 0 0 152 220385 884 111 498 546 0 0 0 0 0 0 0 0 0 0
283000 284000 2 1 0 0 108 6708 0 0 120 169898 886 110 498 548 840 840 840 0 128 128 128 0 1 1
284000 285000 2 1 0 0 103 6082 0 0 85 116811 872 102 487 543 0 0 0 0 0 0 0 0 0 0
285000 286000 2 1 0 0 69 4824 0 0 105 149403 895 98 497 563 840 840 840 0 128 128 128 0 1 1
286000 287000 2 1 0 0 103 6353 0 0 92 128915 872 63 467 572 0 0 0 0 0 0 0 0 0 0
287000 288000 2 1 0 0 70 5026 0 0 116 165496 932 59 495 617 840 840 840 0 128 128 128 0 1 1
288000 289000 1 1 0 0 96 5984 0 0 82 109707 924 924 924 0 0 0 0 0 0 0 0 0 0 0
289000 290000 1 1 0 0 75 4678 0 0 106 154689 616 616 616 0 840 840 840 0 128 128 128 0 1 1
290000 291000 2 1 0 0 100 6217 0 0 98 129350 547 378 463 119 0 0 0 0 0 0 0 0 0 0
291000 292000 1 1 0 0 75 4599 0 0 100 145623 611 611 611 0 840 840 840 0 128 128 128 0 1 1
292000 293000 2 1 0 0 86 6185 0 0 87 119746 610 388 499 157 0 0 0 0 0 0 0 0 0 0
293000 294000 2 1 0 0 95 5500 0 0 105 149625 569 385 477 130 840 840 840 0 128 128 128 0 1 1
294000 295000 2 1 0 0 117 6959 0 0 143 203913 565 429 497 96 840 840 840 0 128 128 128 0 1 1
295000 296000 2 1 0 0 119 6981 0 0 111 154937 564 429 496 95 0 0 0 0 0 0 0 0 0 0
296000 297000 2 1 0 0 42 2655 0 0 48 68452 188 165 177 16 840 840 840 0 128 128 128 0 1 1
297000 298000 2 1 0 0 106 7486 0 0 144 206162 811 184 497 443 0 0 0 0 0 0 0 0 0 0
298000 299000 2 1 0 0 65 4018 0 0 47 64555 811 123 467 486 840 840 840 0 128 128 128 0 1 1
299000 300000 2 1 0 0 120 7551 0 0 158 223413 873 118 495 533 0 0 0 0 0 0 0 0 0 0
300000 301000 1 1 0 0 29 1797 0 0 15 19193 249 249 249 0 0 0 0 0 0 0 0 0 0 0
