ts te nbins ncons c_pkts_all c_ack_cnt c_ack_cnt_p c_bytes_all c_bytes_uniq s_pkts_all s_ack_cnt s_ack_cnt_p s_bytes_all s_bytes_uniq c_pkts_retx s_pkts_retx c_pkts_data s_pkts_data max_bin min_bin avg_bin std_bin max_vid min_vid avg_vid std_vid max_aud min_aud avg_aud std_aud num_vid num_aud num_mfs
0 1000 15 14 154 152 102 41043 41043 184 184 64 146584 143902 0 1 49 118 795 32 176 209 0 0 0 0 0 0 0 0 0 0.0 0.0
1000 2000 17 16 103 103 39 10311 10311 140 140 66 48697 48697 0 0 64 73 829 9 288 245 0 0 0 0 0 0 0 0 0 0.0 0.0
2000 3000 2 2 5 5 1 2715 2715 7 7 5 618 618 0 0 4 2 198 46 122 107 0 0 0 0 0 0 0 0 0 0.0 0.0
3000 4000 0 0 0 0 0 0 0 0 0 0 0 0 0 0 0 0 0 0 0 0 0 0 0 0 0 0 0 0 0  
4000 5000 3 3 11 11 3 2143 2143 13 13 7 1316 1316 0 0 8 6 186 106 151 41 0 0 0 0 0 0 0 0 0 0.0 0.0
5000 6000 4 4 15 15 2 3781 3781 21 21 14 4053 4053 0 0 13 7 897 46 483 349 0 0 0 0 0 0 0 0 0 0.0 0.0
6000 7000 12 9 236 232 189 22875 22551 336 336 49 387434 362826 0 17 43 283 772 8 350 263 0 0 0 0 0 0 0 0 0 0.0 1.0
7000 8000 10 7 359 357 334 19307 18846 501 501 26 664183 614808 1 35 22 472 747 83 336 215 2300 2300 2300 0 128 128 128 0 2 2.0 0.0
8000 9000 12 10 278 277 263 9346 9311 375 375 15 496910 433782 0 45 13 357 702 12 212 232 288 288 288 0 128 128 128 0 2 1.0 0.0
9000 10000 11 9 196 196 172 10796 10172 304 304 24 375631 340134 2 25 24 279 802 21 270 245 288 288 288 0 128 128 128 0 2 2.0 1.0
10000 11000 6 5 232 232 209 34905 34905 363 363 30 468193 429745 0 27 23 333 872 80 381 298 288 288 288 0 128 128 128 0 2 2.0 0.0
11000 12000 6 5 290 289 265 16737 16737 420 420 28 544937 479597 0 46 24 391 958 5 418 343 288 288 288 0 128 128 128 0 2 1.0 1.0
12000 13000 4 3 249 248 232 11345 11294 427 427 16 574212 543416 0 22 15 409 825 324 537 209 288 288 288 0 128 128 128 0 1 2.0 0.0
13000 14000 5 3 308 308 303 2757 2708 477 477 3 671290 629876 0 29 4 473 507 76 294 201 288 288 288 0 0 0 0 0 1 0.0 1.0
14000 15000 4 3 349 349 344 3984 3984 503 503 5 705351 664897 0 29 5 498 605 81 421 232 0 0 0 0 128 128 128 0 0 1.0 0.0
15000 16000 3 2 320 320 318 1152 1152 464 464 1 664845 643207 0 15 1 463 505 202 400 171 288 288 288 0 0 0 0 0 1 0.0 1.0
16000 17000 3 2 297 297 294 1804 1804 469 469 2 681294 663434 0 12 3 467 504 396 465 59 0 0 0 0 128 128 128 0 0 1.0 0.0
17000 18000 4 2 314 314 309 3451 3451 505 505 5 720363 697306 0 16 5 499 587 261 461 139 288 288 288 0 0 0 0 0 1 0.0 1.0
18000 19000 5 4 354 354 345 7247 7247 497 497 12 684028 655006 0 20 9 485 720 133 408 242 0 0 0 0 128 128 128 0 0 1.0 0.0
19000 20000 4 3 318 318 318 339 339 470 470 1 667898 647731 0 14 0 468 501 10 264 271 288 288 288 0 128 128 128 0 1 1.0 1.0
20000 21000 5 4 295 295 284 14546 14546 490 490 15 667570 649791 0 13 11 475 639 194 407 197 0 0 0 0 0 0 0 0 0 0.0 0.0
21000 22000 3 2 300 300 297 1561 1561 483 483 2 676561 640437 0 26 2 481 500 249 416 144 288 288 288 0 0 0 0 0 1 0.0 1.0
22000 23000 3 2 324 324 320 2503 2503 494 494 4 698903 663564 0 25 3 490 498 416 471 47 0 0 0 0 128 128 128 0 0 1.0 0.0
23000 24000 3 2 297 297 296 566 566 466 466 1 665321 628222 0 26 0 464 499 94 364 233 288 288 288 0 0 0 0 0 1 0.0 1.0
24000 25000 3 2 125 125 121 3052 3052 186 186 4 258325 228799 0 21 4 182 455 230 363 118 0 0 0 0 128 128 128 0 0 1.0 0.0
25000 26000 1 1 1 1 1 0 0 1 1 1 0 0 0 0 0 0 14 14 14 0 0 0 0 0 0 0 0 0 0 0.0 0.0
26000 27000 3 3 9 9 2 5985 5985 12 12 8 2726 2726 0 0 6 4 428 319 379 55 288 288 288 0 128 128 128 0 1 1.0 1.0
27000 28000 5 3 13 13 5 7443 7443 22 22 12 7051 7051 0 0 8 9 677 0 276 319 288 288 288 0 0 0 0 0 1 0.0 1.0
28000 29000 1 1 6 6 2 3053 3053 6 6 4 990 990 0 0 4 2 434 434 434 0 0 0 0 0 128 128 128 0 0 1.0 0.0
29000 30000 2 2 6 6 2 4130 4130 10 10 6 3769 3769 0 0 4 4 346 225 285 85 288 288 288 0 0 0 0 0 1 0.0 1.0
30000 31000 7 7 79 78 10 147229 147229 126 126 111 7662 7662 0 0 65 13 628 22 320 215 288 288 288 0 128 128 128 0 1 2.0 0.0
31000 32000 1 1 0 0 0 443 443 0 0 0 140 140 0 0 0 0 60 60 60 0 288 288 288 0 128 128 128 0 1 1.0 1.0
32000 33000 1 1 5 5 1 2675 2675 5 5 3 849 849 0 0 3 1 362 362 362 0 0 0 0 0 0 0 0 0 0 0.0 0.0
33000 34000 1 1 2 2 0 1523 1523 3 3 2 495 495 0 0 2 1 239 239 239 0 480 480 480 0 0 0 0 0 2 0.0 1.0
34000 35000 1 1 5 5 1 3047 3047 5 5 3 989 989 0 0 3 1 478 478 478 0 0 0 0 0 128 128 128 0 0 1.0 0.0
35000 36000 9 9 9 9 9 0 0 9 9 9 0 0 0 0 0 0 18 15 16 0 480 480 480 0 0 0 0 0 1 0.0 1.0
36000 37000 2 2 8 8 3 3089 3089 7 7 4 1021 1021 0 0 5 3 481 27 254 321 0 0 0 0 128 128 128 0 0 1.0 0.0
37000 38000 1 1 2 2 0 1405 1405 2 2 1 457 457 0 0 1 0 212 212 212 0 840 840 840 0 0 0 0 0 2 0.0 1.0
38000 39000 2 2 8 8 2 4683 4683 9 9 6 1522 1522 0 0 6 3 706 18 362 486 0 0 0 0 128 128 128 0 0 1.0 0.0
39000 40000 4 4 12 12 4 5294 5294 17 17 10 4458 4458 0 0 7 6 130 17 65 50 840 840 840 0 0 0 0 0 1 0.0 1.0
40000 41000 2 2 10 10 3 10392 10392 12 12 9 1368 1368 0 0 7 3 424 151 288 192 0 0 0 0 128 128 128 0 0 1.0 0.0
41000 42000 0 0 0 0 0 0 0 0 0 0 0 0 0 0 0 0 0 0 0 0 0 0 0 0 0 0 0 0 0  
42000 43000 1 1 7 7 2 3846 3051 7 7 5 990 990 1 0 5 2 447 447 447 0 0 0 0 0 128 128 128 0 0 1.0 0.0
43000 44000 1 1 1 1 1 0 0 1 1 1 0 0 0 0 0 0 13 13 13 0 840 840 840 0 0 0 0 0 1 0.0 1.0
44000 45000 4 4 9 9 5 3055 3055 9 9 7 990 990 0 0 4 2 424 15 120 202 0 0 0 0 128 128 128 0 0 1.0 0.0
45000 46000 2 2 2 2 2 0 0 2 2 2 0 0 0 0 0 0 15 14 15 0 840 840 840 0 0 0 0 0 1 0.0 1.0
46000 47000 14 14 19 19 15 3052 3052 19 19 17 990 990 0 0 4 2 462 15 50 118 0 0 0 0 128 128 128 0 0 1.0 0.0
47000 48000 2 2 2 2 2 0 0 2 2 2 0 0 0 0 0 0 17 15 16 2 840 840 840 0 0 0 0 0 1 0.0 1.0
48000 49000 2 2 11 11 3 10001 9205 13 13 10 1512 1512 1 0 8 3 435 232 333 143 0 0 0 0 128 128 128 0 0 1.0 0.0
49000 50000 8 8 25 23 11 8289 8289 33 33 18 8351 8351 0 0 8 11 173 14 59 60 840 840 840 0 0 0 0 0 1 0.0 1.0
50000 51000 9 9 25 25 10 10138 10138 27 27 15 3003 3003 0 0 8 5 736 27 126 232 0 0 0 0 128 128 128 0 0 1.0 0.0
51000 52000 2 2 2 2 2 0 0 2 2 2 0 0 0 0 0 0 16 15 15 0 840 840 840 0 0 0 0 0 1 0.0 1.0
52000 53000 3 3 8 8 4 3055 3055 8 8 6 990 990 0 0 4 2 438 15 156 244 0 0 0 0 128 128 128 0 0 1.0 0.0
53000 54000 0 0 0 0 0 0 0 0 0 0 0 0 0 0 0 0 0 0 0 0 0 0 0 0 0 0 0 0 0  
54000 55000 9 9 18 18 10 4747 4747 19 19 15 3069 3069 0 0 7 4 440 16 92 147 0 0 0 0 128 128 128 0 0 1.0 0.0
55000 56000 1 1 7 6 1 2191 2191 9 9 5 2691 2691 0 0 5 2 295 295 295 0 840 840 840 0 0 0 0 0 1 0.0 1.0
56000 57000 1 1 6 6 2 3051 3051 5 5 3 990 990 0 0 4 2 437 437 437 0 0 0 0 0 128 128 128 0 0 1.0 0.0
57000 58000 0 0 0 0 0 0 0 0 0 0 0 0 0 0 0 0 0 0 0 0 0 0 0 0 0 0 0 0 0  
58000 59000 1 1 6 6 2 3055 3055 6 6 4 990 990 0 0 4 2 457 457 457 0 0 0 0 0 128 128 128 0 0 1.0 0.0
59000 60000 8 8 20 20 9 5275 5275 26 26 15 4439 4439 0 0 6 6 121 18 47 36 840 840 840 0 0 0 0 0 1 0.0 1.0
60000 61000 6 6 22 20 7 13737 13737 24 24 15 2243 2243 0 0 12 8 646 0 183 252 0 0 0 0 128 128 128 0 0 1.0 0.0
61000 62000 2 2 3 2 1 0 0 4 4 1 132 132 0 0 0 2 18 1 10 11 840 840 840 0 0 0 0 0 1 0.0 1.0
62000 63000 1 1 6 6 2 3054 3054 6 6 4 990 990 0 0 4 2 439 439 439 0 0 0 0 0 128 128 128 0 0 1.0 0.0
63000 64000 0 0 0 0 0 0 0 0 0 0 0 0 0 0 0 0 0 0 0 0 0 0 0 0 0 0 0 0 0  
64000 65000 1 1 6 6 2 3054 3054 6 6 4 990 990 0 0 4 2 450 450 450 0 0 0 0 0 128 128 128 0 0 1.0 0.0
65000 66000 0 0 0 0 0 0 0 0 0 0 0 0 0 0 0 0 0 0 0 0 0 0 0 0 0 0 0 0 0  
66000 67000 4 4 71 70 12 131213 131213 125 125 101 6940 6940 0 0 57 22 813 17 299 375 0 0 0 0 128 128 128 0 0 1.0 0.0
67000 68000 0 0 0 0 0 0 0 0 0 0 0 0 0 0 0 0 0 0 0 0 0 0 0 0 0 0 0 0 0  
68000 69000 1 1 6 6 2 3052 3052 5 5 3 990 990 0 0 4 2 461 461 461 0 0 0 0 0 128 128 128 0 0 1.0 0.0
69000 70000 4 4 19 18 7 8790 8790 26 26 14 9085 9085 0 0 10 10 178 16 99 72 840 840 840 0 0 0 0 0 1 0.0 1.0
70000 71000 6 6 17 17 5 13300 12504 20 20 15 2712 2712 1 0 11 4 450 3 136 166 0 0 0 0 128 128 128 0 0 1.0 0.0
71000 72000 0 0 0 0 0 0 0 0 0 0 0 0 0 0 0 0 0 0 0 0 0 0 0 0 0 0 0 0 0  
72000 73000 1 1 7 7 2 3850 3053 7 7 5 990 990 1 0 5 2 509 509 509 0 0 0 0 0 128 128 128 0 0 1.0 0.0
73000 74000 0 0 0 0 0 0 0 0 0 0 0 0 0 0 0 0 0 0 0 0 0 0 0 0 0 0 0 0 0  
74000 75000 1 1 6 6 2 3053 3053 5 5 3 990 990 0 0 4 2 504 504 504 0 0 0 0 0 128 128 128 0 0 1.0 0.0
75000 76000 0 0 0 0 0 0 0 0 0 0 0 0 0 0 0 0 0 0 0 0 0 0 0 0 0 0 0 0 0  
76000 77000 1 1 7 7 2 3850 3053 7 7 5 990 990 1 0 5 2 424 424 424 0 0 0 0 0 128 128 128 0 0 1.0 0.0
77000 78000 0 0 0 0 0 0 0 0 0 0 0 0 0 0 0 0 0 0 0 0 0 0 0 0 0 0 0 0 0  
78000 79000 1 1 4 4 1 2404 2404 4 4 3 779 779 0 0 3 1 769 769 769 0 0 0 0 0 128 128 128 0 0 1.0 0.0
79000 80000 2 2 4 3 1 647 647 3 3 0 287 287 0 0 0 2 207 0 104 145 840 840 840 0 0 0 0 0 1 0.0 1.0
80000 81000 2 2 11 11 3 9793 8997 13 13 10 1368 1368 1 0 8 3 438 153 295 201 0 0 0 0 128 128 128 0 0 1.0 0.0
81000 82000 0 0 0 0 0 0 0 0 0 0 0 0 0 0 0 0 0 0 0 0 0 0 0 0 0 0 0 0 0  
82000 83000 1 1 8 8 1 5083 5083 9 9 6 1648 1648 0 0 6 3 710 710 710 0 840 840 840 0 128 128 128 0 1 2.0 0.0
83000 84000 2 1 4 4 1 2639 2639 4 4 3 726 726 0 0 3 1 243 142 193 71 1500 1500 1500 0 0 0 0 0 2 0.0 1.0
84000 85000 2 1 9 9 3 4471 4471 9 9 5 1585 1585 0 0 5 3 673 0 336 475 0 0 0 0 128 128 128 0 0 1.0 0.0
85000 86000 1 1 1 1 1 0 0 1 1 1 0 0 0 0 0 0 15 15 15 0 1500 1500 1500 0 0 0 0 0 1 0.0 1.0
86000 87000 1 1 6 6 2 3052 3052 5 5 3 990 990 0 0 4 2 496 496 496 0 0 0 0 0 128 128 128 0 0 1.0 0.0
87000 88000 1 1 3 3 1 1620 1620 3 3 2 518 518 0 0 2 1 275 275 275 0 2300 2300 2300 0 0 0 0 0 1 0.0 1.0
88000 89000 2 2 9 9 2 6579 6579 10 10 7 1488 1488 0 0 6 2 514 209 362 215 0 0 0 0 128 128 128 0 0 1.0 0.0
89000 90000 2 2 2 2 1 852 852 2 2 2 276 276 0 0 1 0 136 14 75 86 2300 2300 2300 0 0 0 0 0 1 0.0 1.0
90000 91000 3 3 10 10 2 10231 10231 13 13 9 1122 1122 0 0 7 3 352 23 177 165 0 0 0 0 128 128 128 0 0 1.0 0.0
91000 92000 3 3 3 3 3 0 0 3 3 3 0 0 0 0 0 0 16 14 15 0 2300 2300 2300 0 0 0 0 0 1 0.0 1.0
92000 93000 1 1 6 6 2 3052 3052 6 6 4 990 990 0 0 4 2 582 582 582 0 0 0 0 0 128 128 128 0 0 1.0 0.0
93000 94000 9 9 9 9 9 0 0 9 9 9 0 0 0 0 0 0 21 19 20 0 2300 2300 2300 0 0 0 0 0 1 0.0 1.0
94000 95000 1 1 7 7 2 3848 3053 7 7 5 990 990 1 0 5 2 486 486 486 0 0 0 0 0 128 128 128 0 0 1.0 0.0
95000 96000 2 2 2 2 2 0 0 2 2 2 0 0 0 0 0 0 16 16 16 0 2300 2300 2300 0 0 0 0 0 1 0.0 1.0
96000 97000 2 2 6 6 1 3034 3034 6 6 3 1003 1003 0 0 4 2 543 84 313 324 0 0 0 0 128 128 128 0 0 1.0 0.0
97000 98000 3 3 2 2 2 54 54 2 2 2 17 17 0 0 0 0 17 9 15 4 2300 2300 2300 0 0 0 0 0 1 0.0 1.0
98000 99000 1 1 5 5 1 2570 2570 5 5 3 832 832 0 0 3 1 439 439 439 0 0 0 0 0 128 128 128 0 0 1.0 0.0
99000 100000 8 8 7 7 7 484 484 7 7 7 157 157 0 0 0 0 82 17 27 22 2300 2300 2300 0 0 0 0 0 1 0.0 1.0
100000 101000 3 3 11 11 2 7911 7876 13 13 9 1367 1367 1 0 8 3 447 321 363 72 0 0 0 0 128 128 128 0 0 1.0 0.0
101000 102000 3 3 2 2 2 98 98 2 2 2 31 31 0 0 0 0 18 14 17 2 2300 2300 2300 0 0 0 0 0 1 0.0 1.0
102000 103000 1 1 7 7 2 3640 3640 7 7 4 1180 1180 0 0 4 2 662 662 662 0 2300 2300 2300 0 128 128 128 0 1 2.0 0.0
103000 104000 2 1 3 3 1 1828 1828 3 3 2 592 592 0 0 2 1 170 156 163 9 2300 2300 2300 0 128 128 128 0 1 1.0 1.0
104000 105000 2 1 5 5 1 2762 2762 5 5 3 895 895 0 0 3 1 382 82 232 211 0 0 0 0 0 0 0 0 0 0.0 0.0
105000 106000 2 2 2 2 1 931 931 2 2 2 301 301 0 0 1 0 128 16 72 79 2300 2300 2300 0 0 0 0 0 1 0.0 1.0
106000 107000 1 1 2 2 0 1339 1339 2 2 1 434 434 0 0 1 0 181 181 181 0 0 0 0 0 128 128 128 0 0 1.0 0.0
107000 108000 1 1 0 0 0 187 187 0 0 0 60 60 0 0 0 0 25 25 25 0 2300 2300 2300 0 0 0 0 0 1 0.0 1.0
108000 109000 1 1 3 3 1 1526 1526 3 3 2 495 495 0 0 2 1 202 202 202 0 0 0 0 0 0 0 0 0 0 0.0 0.0
109000 110000 1 1 2 2 0 1307 1307 2 2 1 424 424 0 0 1 0 188 188 188 0 0 0 0 0 128 128 128 0 0 1.0 1.0
110000 111000 2 2 7 7 2 7977 7977 9 9 7 943 943 0 0 5 2 250 152 201 69 0 0 0 0 0 0 0 0 0 0.0 0.0
111000 112000 1 1 1 1 1 0 0 1 1 1 0 0 0 0 0 0 14 14 14 0 2300 2300 2300 0 0 0 0 0 1 0.0 1.0
112000 113000 1 1 2 2 0 1467 1088 2 2 1 235 235 0 0 1 0 210 210 210 0 2300 2300 2300 0 128 128 128 0 1 1.0 0.0
113000 114000 2 1 9 9 1 5433 4217 8 8 6 989 989 1 0 7 1 674 156 415 366 2300 2300 2300 0 128 128 128 0 1 1.0 1.0
114000 115000 2 1 8 8 3 3856 3856 7 7 4 1580 1580 0 0 5 3 829 150 490 479 0 0 0 0 128 128 128 0 0 1.0 0.0
115000 116000 4 4 3 3 3 0 0 3 3 3 164 164 0 0 0 0 74 23 42 22 2300 2300 2300 0 0 0 0 0 1 0.0 1.0
116000 117000 2 2 10 10 4 3852 3055 10 10 6 1021 1021 1 0 5 3 473 105 289 260 0 0 0 0 128 128 128 0 0 1.0 0.0
117000 118000 0 0 0 0 0 0 0 0 0 0 0 0 0 0 0 0 0 0 0 0 0 0 0 0 0 0 0 0 0  
118000 119000 1 1 2 2 0 1295 1295 2 2 1 419 419 0 0 1 0 187 187 187 0 0 0 0 0 128 128 128 0 0 1.0 0.0
119000 120000 1 1 3 3 1 1759 1759 3 3 2 570 570 0 0 2 1 254 254 254 0 2300 2300 2300 0 0 0 0 0 1 0.0 1.0
120000 121000 3 3 12 12 3 9968 9968 14 14 9 1795 1795 0 0 8 4 805 75 369 385 0 0 0 0 128 128 128 0 0 1.0 0.0
121000 122000 4 3 34 34 25 1728 1728 41 41 5 46220 37499 0 6 9 35 132 57 102 33 2300 2300 2300 0 0 0 0 0 1 0.0 1.0
122000 123000 3 3 114 114 91 4947 4947 138 138 7 174985 140678 0 24 22 130 545 58 363 266 0 0 0 0 128 128 128 0 0 1.0 0.0
123000 124000 1 1 3 3 0 2349 2349 2 2 1 381 381 0 0 3 0 769 769 769 0 2300 2300 2300 0 0 0 0 0 1 0.0 1.0
124000 125000 2 1 5 5 1 2629 1970 6 6 4 935 935 0 0 3 1 748 229 489 366 0 0 0 0 128 128 128 0 0 1.0 0.0
125000 126000 1 1 0 0 0 394 259 1 1 0 168 168 0 0 0 0 153 153 153 0 2300 2300 2300 0 0 0 0 0 1 0.0 1.0
126000 127000 4 4 53 53 4 113201 113201 99 99 86 2426 2426 0 0 48 13 575 21 224 258 0 0 0 0 128 128 128 0 0 1.0 0.0
127000 128000 2 2 15 14 6 6346 6346 19 19 9 5630 5630 0 0 8 8 366 159 262 146 2300 2300 2300 0 0 0 0 0 1 0.0 1.0
128000 129000 2 2 9 9 2 6879 6122 10 10 7 1463 1463 0 0 6 2 625 270 448 251 0 0 0 0 128 128 128 0 0 1.0 0.0
129000 130000 3 3 16 15 5 7882 7844 23 23 13 4803 4803 0 0 10 9 194 31 116 81 2300 2300 2300 0 0 0 0 0 1 0.0 1.0
130000 131000 5 5 19 19 5 19983 18957 24 24 18 1808 1777 1 1 14 6 508 16 234 177 0 0 0 0 128 128 128 0 0 1.0 0.0
131000 132000 0 0 0 0 0 0 0 0 0 0 0 0 0 0 0 0 0 0 0 0 0 0 0 0 0 0 0 0 0  
132000 133000 1 1 4 4 1 2487 2487 4 4 3 806 806 0 0 3 1 619 619 619 0 0 0 0 0 128 128 128 0 0 1.0 0.0
133000 134000 1 1 1 1 0 565 565 1 1 0 183 183 0 0 0 0 140 140 140 0 2300 2300 2300 0 0 0 0 0 1 0.0 1.0
134000 135000 1 1 6 6 2 3052 3052 6 6 4 990 990 0 0 4 2 670 670 670 0 0 0 0 0 128 128 128 0 0 1.0 0.0
135000 136000 0 0 0 0 0 0 0 0 0 0 0 0 0 0 0 0 0 0 0 0 0 0 0 0 0 0 0 0 0  
136000 137000 4 4 8 8 4 2823 2823 8 8 6 915 915 0 0 3 1 678 17 183 330 0 0 0 0 128 128 128 0 0 1.0 0.0
137000 138000 2 2 3 3 2 228 228 4 4 1 151 151 0 0 0 2 55 16 35 27 2300 2300 2300 0 0 0 0 0 1 0.0 1.0
138000 139000 7 7 12 12 8 3054 3054 12 12 10 990 990 0 0 4 2 454 14 79 165 0 0 0 0 128 128 128 0 0 1.0 0.0
139000 140000 1 1 2 1 0 0 0 2 2 0 77 77 0 0 0 2 10 10 10 0 2300 2300 2300 0 0 0 0 0 1 0.0 1.0
140000 141000 4 4 13 13 5 9709 8906 16 16 12 1746 1368 1 1 8 4 459 23 224 233 0 0 0 0 128 128 128 0 0 1.0 0.0
141000 142000 0 0 0 0 0 0 0 0 0 0 0 0 0 0 0 0 0 0 0 0 0 0 0 0 0 0 0 0 0  
142000 143000 3 3 8 8 4 3053 3053 8 8 6 990 990 0 0 4 2 475 22 173 260 0 0 0 0 128 128 128 0 0 1.0 0.0
143000 144000 0 0 0 0 0 0 0 0 0 0 0 0 0 0 0 0 0 0 0 0 0 0 0 0 0 0 0 0 0  
144000 145000 8 8 10 10 8 1588 1588 10 10 9 514 514 0 0 2 1 232 16 45 75 0 0 0 0 128 128 128 0 0 1.0 0.0
145000 146000 1 1 2 2 0 1465 1465 2 2 1 475 475 0 0 1 0 214 214 214 0 2300 2300 2300 0 0 0 0 0 1 0.0 1.0
146000 147000 3 3 6 6 2 3006 3006 6 6 5 487 487 0 0 3 0 858 28 305 479 0 0 0 0 128 128 128 0 0 1.0 0.0
147000 148000 2 1 1 1 1 47 47 1 1 0 502 502 0 0 0 1 13 0 6 9 2300 2300 2300 0 0 0 0 0 1 0.0 1.0
148000 149000 1 1 1 1 0 718 718 1 1 0 232 232 0 0 0 0 105 105 105 0 0 0 0 0 128 128 128 0 0 1.0 0.0
149000 150000 1 1 4 4 1 2336 2336 4 4 3 757 757 0 0 3 1 342 342 342 0 2300 2300 2300 0 0 0 0 0 1 0.0 1.0
150000 151000 4 4 12 12 3 9779 8984 16 16 11 1890 1396 0 0 8 4 831 21 273 383 0 0 0 0 128 128 128 0 0 1.0 0.0
151000 152000 1 1 0 0 0 9 7 0 0 0 3 2 0 0 0 0 2 2 2 0 2300 2300 2300 0 0 0 0 0 1 0.0 1.0
152000 153000 1 1 3 3 0 2385 2032 3 3 3 439 439 0 0 3 0 439 439 439 0 2300 2300 2300 0 128 128 128 0 1 1.0 0.0
153000 154000 2 1 7 7 1 3876 3434 7 7 5 982 982 0 0 5 1 551 273 412 196 2300 2300 2300 0 128 128 128 0 1 1.0 1.0
154000 155000 2 1 7 7 3 3525 3525 7 7 4 1493 1493 0 0 4 3 667 182 425 343 0 0 0 0 128 128 128 0 0 1.0 0.0
155000 156000 1 1 0 0 0 168 168 0 0 0 54 54 0 0 0 0 22 22 22 0 2300 2300 2300 0 0 0 0 0 1 0.0 1.0
156000 157000 2 2 5 5 1 2364 2364 6 6 4 786 786 0 0 4 2 344 20 182 229 0 0 0 0 128 128 128 0 0 1.0 0.0
157000 158000 1 1 1 1 0 723 723 1 1 0 234 234 0 0 0 0 106 106 106 0 2300 2300 2300 0 0 0 0 0 1 0.0 1.0
158000 159000 1 1 4 4 1 2411 2411 4 4 3 782 782 0 0 3 1 357 357 357 0 0 0 0 0 128 128 128 0 0 1.0 0.0
159000 160000 1 1 1 1 0 641 641 1 1 0 207 207 0 0 0 0 94 94 94 0 2300 2300 2300 0 0 0 0 0 1 0.0 1.0
160000 161000 4 4 15 15 5 10592 10592 16 16 11 1894 1894 0 0 10 5 795 16 272 360 0 0 0 0 128 128 128 0 0 1.0 0.0
161000 162000 0 0 0 0 0 0 0 0 0 0 0 0 0 0 0 0 0 0 0 0 0 0 0 0 0 0 0 0 0  
162000 163000 1 1 5 5 1 3005 3005 5 5 3 974 974 0 0 3 1 439 439 439 0 0 0 0 0 128 128 128 0 0 1.0 0.0
163000 164000 1 1 0 0 0 47 47 0 0 0 15 15 0 0 0 0 6 6 6 0 2300 2300 2300 0 0 0 0 0 1 0.0 1.0
164000 165000 1 1 6 6 2 3051 3051 6 6 4 990 990 0 0 4 2 472 472 472 0 0 0 0 0 128 128 128 0 0 1.0 0.0
165000 166000 0 0 0 0 0 0 0 0 0 0 0 0 0 0 0 0 0 0 0 0 0 0 0 0 0 0 0 0 0  
166000 167000 2 2 7 7 3 3052 3052 7 7 5 990 990 0 0 4 2 664 18 341 456 0 0 0 0 128 128 128 0 0 1.0 0.0
167000 168000 0 0 0 0 0 0 0 0 0 0 0 0 0 0 0 0 0 0 0 0 0 0 0 0 0 0 0 0 0  
168000 169000 4 4 9 9 3 6250 6250 11 11 7 1996 1505 0 0 5 3 704 9 238 327 0 0 0 0 128 128 128 0 0 1.0 0.0
169000 170000 3 3 1 1 1 20 20 1 1 1 10 6 0 0 0 0 22 4 16 10 2300 2300 2300 0 0 0 0 0 1 0.0 1.0
170000 171000 2 2 9 9 2 8602 8602 11 11 8 1352 1352 0 0 6 2 437 207 322 162 0 0 0 0 128 128 128 0 0 1.0 0.0
171000 172000 2 2 1 1 1 47 47 1 1 1 15 15 0 0 0 0 15 6 11 6 2300 2300 2300 0 0 0 0 0 1 0.0 1.0
172000 173000 1 1 6 6 2 3055 3055 6 6 4 990 990 0 0 4 2 539 539 539 0 0 0 0 0 128 128 128 0 0 1.0 0.0
173000 174000 0 0 0 0 0 0 0 0 0 0 0 0 0 0 0 0 0 0 0 0 0 0 0 0 0 0 0 0 0  
174000 175000 2 2 5 5 2 2089 2089 5 5 3 677 677 0 0 2 1 300 15 158 201 0 0 0 0 128 128 128 0 0 1.0 0.0
175000 176000 3 3 3 3 2 965 965 3 3 3 312 312 0 0 1 0 138 15 57 70 2300 2300 2300 0 0 0 0 0 1 0.0 1.0
176000 177000 1 1 6 6 2 3050 3050 6 6 4 990 990 0 0 4 2 639 639 639 0 0 0 0 0 128 128 128 0 0 1.0 0.0
177000 178000 0 0 0 0 0 0 0 0 0 0 0 0 0 0 0 0 0 0 0 0 0 0 0 0 0 0 0 0 0  
178000 179000 1 1 5 5 1 2666 2666 5 5 3 864 864 0 0 3 1 860 860 860 0 0 0 0 0 128 128 128 0 0 1.0 0.0
179000 180000 1 1 0 0 0 387 387 0 0 0 125 125 0 0 0 0 125 125 125 0 2300 2300 2300 0 0 0 0 0 1 0.0 1.0
180000 181000 3 3 7 7 1 7034 7034 10 10 7 871 871 0 0 5 2 268 15 162 131 0 0 0 0 128 128 128 0 0 1.0 0.0
181000 182000 4 4 6 6 4 1626 1626 6 6 5 527 527 0 0 2 1 306 16 91 143 2300 2300 2300 0 0 0 0 0 1 0.0 1.0
182000 183000 1 1 7 7 2 3852 3055 7 7 5 990 990 1 0 5 2 807 807 807 0 0 0 0 0 128 128 128 0 0 1.0 0.0
183000 184000 6 6 6 6 6 0 0 6 6 6 0 0 0 0 0 0 18 16 17 1 2300 2300 2300 0 0 0 0 0 1 0.0 1.0
184000 185000 1 1 6 6 2 3055 3055 6 6 4 990 990 0 0 4 2 706 706 706 0 0 0 0 0 128 128 128 0 0 1.0 0.0
185000 186000 2 2 2 2 2 0 0 2 2 2 0 0 0 0 0 0 17 15 16 1 2300 2300 2300 0 0 0 0 0 1 0.0 1.0
186000 187000 3 3 54 54 6 109515 108865 83 83 69 1935 1763 0 1 47 13 793 27 393 384 0 0 0 0 128 128 128 0 0 1.0 0.0
187000 188000 3 3 3 3 2 949 802 3 3 3 273 273 0 0 1 0 178 15 71 93 2300 2300 2300 0 0 0 0 0 1 0.0 1.0
188000 189000 1 1 3 3 1 1527 1527 3 3 2 495 495 0 0 2 1 198 198 198 0 0 0 0 0 128 128 128 0 0 1.0 0.0
189000 190000 10 10 27 26 15 8673 8673 35 35 22 10282 10189 0 0 11 12 185 13 58 71 2300 2300 2300 0 128 128 128 0 1 1.0 1.0
190000 191000 5 4 17 17 5 12616 12616 20 20 13 2489 2087 0 0 11 6 807 0 281 317 0 0 0 0 0 0 0 0 0 0.0 0.0
191000 192000 2 2 2 2 2 0 0 2 2 2 0 0 0 0 0 0 27 27 27 0 2300 2300 2300 0 0 0 0 0 1 0.0 1.0
192000 193000 1 1 6 6 2 3052 3052 6 6 4 990 990 0 0 4 2 717 717 717 0 0 0 0 0 128 128 128 0 0 1.0 0.0
193000 194000 0 0 0 0 0 0 0 0 0 0 0 0 0 0 0 0 0 0 0 0 0 0 0 0 0 0 0 0 0  
194000 195000 1 1 4 4 1 2243 2243 4 4 2 727 727 0 0 2 1 339 339 339 0 0 0 0 0 128 128 128 0 0 1.0 0.0
195000 196000 2 2 2 2 1 811 811 2 2 2 262 262 0 0 1 0 122 17 70 74 2300 2300 2300 0 0 0 0 0 1 0.0 1.0
196000 197000 1 1 7 7 2 3846 3052 7 7 5 990 990 1 0 5 2 523 523 523 0 0 0 0 0 128 128 128 0 0 1.0 0.0
197000 198000 0 0 0 0 0 0 0 0 0 0 0 0 0 0 0 0 0 0 0 0 0 0 0 0 0 0 0 0 0  
198000 199000 1 1 3 3 1 1636 1636 2 2 1 530 530 0 0 2 1 248 248 248 0 0 0 0 0 128 128 128 0 0 1.0 0.0
199000 200000 2 2 4 4 1 1418 1418 5 5 2 536 536 0 0 1 1 214 17 116 139 2300 2300 2300 0 0 0 0 0 1 0.0 1.0
200000 201000 2 2 9 9 3 8648 8648 11 11 8 1368 1368 0 0 6 3 431 149 290 199 2300 2300 2300 0 128 128 128 0 1 1.0 0.0
201000 202000 1 1 8 8 1 5100 5100 9 9 6 1241 1241 0 0 6 2 825 825 825 0 2300 2300 2300 0 128 128 128 0 1 2.0 1.0
202000 203000 2 1 5 5 2 2396 2396 5 5 3 1147 1147 0 0 3 2 661 162 411 352 0 0 0 0 0 0 0 0 0 0.0 0.0
203000 204000 1 1 0 0 0 133 133 0 0 0 86 86 0 0 0 0 63 63 63 0 2300 2300 2300 0 0 0 0 0 1 0.0 1.0
204000 205000 1 1 6 6 2 3055 3055 6 6 4 990 990 0 0 4 2 680 680 680 0 0 0 0 0 128 128 128 0 0 1.0 0.0
205000 206000 1 1 1 1 1 0 0 1 1 1 0 0 0 0 0 0 14 14 14 0 2300 2300 2300 0 0 0 0 0 1 0.0 1.0
206000 207000 1 1 3 3 1 1527 1527 3 3 2 495 495 0 0 2 1 192 192 192 0 0 0 0 0 128 128 128 0 0 1.0 0.0
207000 208000 0 0 0 0 0 0 0 0 0 0 0 0 0 0 0 0 0 0 0 0 0 0 0 0 0 0 0 0 0  
208000 209000 2 2 6 6 2 4748 4748 7 7 5 1017 1017 0 0 4 2 221 191 206 21 0 0 0 0 0 0 0 0 0 0.0 0.0
209000 210000 1 1 2 2 0 1580 1580 3 3 2 683 512 0 0 2 1 290 290 290 0 2300 2300 2300 0 128 128 128 0 1 2.0 1.0
210000 211000 4 3 12 12 2 10330 10330 16 16 11 1935 1611 0 0 9 5 550 52 209 230 0 0 0 0 0 0 0 0 0 0.0 0.0
211000 212000 2 2 1 1 0 815 815 1 1 1 264 264 0 0 1 0 101 1 51 70 2300 2300 2300 0 0 0 0 0 1 0.0 1.0
212000 213000 2 2 7 7 2 3847 3052 6 6 4 990 990 1 0 5 2 780 15 397 540 0 0 0 0 128 128 128 0 0 1.0 0.0
213000 214000 0 0 0 0 0 0 0 0 0 0 0 0 0 0 0 0 0 0 0 0 0 0 0 0 0 0 0 0 0  
214000 215000 3 3 9 9 4 3847 3052 9 9 7 990 990 1 0 5 2 561 18 199 313 0 0 0 0 128 128 128 0 0 1.0 0.0
215000 216000 0 0 0 0 0 0 0 0 0 0 0 0 0 0 0 0 0 0 0 0 0 0 0 0 0 0 0 0 0  
216000 217000 2 2 3 3 0 1558 1558 4 4 2 524 524 0 0 2 1 201 19 110 129 0 0 0 0 128 128 128 0 0 1.0 0.0
217000 218000 1 1 0 0 0 3 3 0 0 0 1 1 0 0 0 0 0 0 0 0 2300 2300 2300 0 0 0 0 0 1 0.0 1.0
218000 219000 1 1 8 8 2 4458 4458 8 8 5 1445 1445 0 0 5 2 785 785 785 0 0 0 0 0 128 128 128 0 0 1.0 0.0
219000 220000 1 1 0 0 0 120 120 0 0 0 39 39 0 0 0 0 21 21 21 0 2300 2300 2300 0 0 0 0 0 1 0.0 1.0
220000 221000 4 4 9 9 3 7183 7183 12 12 9 1026 1026 0 0 6 3 277 18 147 118 0 0 0 0 128 128 128 0 0 1.0 0.0
221000 222000 1 1 2 2 0 1148 1148 2 2 1 372 372 0 0 1 0 166 166 166 0 2300 2300 2300 0 0 0 0 0 1 0.0 1.0
222000 223000 1 1 6 6 2 3053 3053 6 6 4 990 990 0 0 4 2 497 497 497 0 0 0 0 0 128 128 128 0 0 1.0 0.0
223000 224000 0 0 0 0 0 0 0 0 0 0 0 0 0 0 0 0 0 0 0 0 0 0 0 0 0 0 0 0 0  
224000 225000 1 1 4 4 1 2213 2213 4 4 2 716 716 0 0 2 1 331 331 331 0 0 0 0 0 128 128 128 0 0 1.0 0.0
225000 226000 1 1 1 1 0 846 846 1 1 1 273 273 0 0 1 0 126 126 126 0 2300 2300 2300 0 0 0 0 0 1 0.0 1.0
226000 227000 4 4 10 10 5 3851 3054 9 9 7 990 990 1 0 5 2 591 14 160 287 0 0 0 0 128 128 128 0 0 1.0 0.0
227000 228000 0 0 0 0 0 0 0 0 0 0 0 0 0 0 0 0 0 0 0 0 0 0 0 0 0 0 0 0 0  
228000 229000 7 7 9 9 7 1436 1436 9 9 7 699 466 0 0 1 1 249 17 51 87 0 0 0 0 128 128 128 0 0 1.0 0.0
229000 230000 1 1 3 3 1 1614 1614 3 3 2 785 523 0 0 2 1 280 280 280 0 2300 2300 2300 0 0 0 0 0 1 0.0 1.0
230000 231000 4 4 11 11 4 8752 8752 13 13 10 1302 1302 0 0 6 2 856 27 282 393 0 0 0 0 128 128 128 0 0 1.0 0.0
231000 232000 2 2 1 1 1 200 200 1 1 1 65 65 0 0 0 0 60 14 37 32 2300 2300 2300 0 0 0 0 0 1 0.0 1.0
232000 233000 4 4 9 9 4 3447 2735 10 10 7 915 915 0 0 4 2 439 14 122 211 0 0 0 0 128 128 128 0 0 1.0 0.0
233000 234000 2 2 1 1 0 399 316 1 1 0 113 113 0 0 0 0 50 6 28 31 2300 2300 2300 0 0 0 0 0 1 0.0 1.0
234000 235000 9 9 14 14 10 3053 3053 14 14 12 990 990 0 0 4 2 452 14 68 144 0 0 0 0 128 128 128 0 0 1.0 0.0
235000 236000 1 1 1 1 1 0 0 1 1 1 0 0 0 0 0 0 20 20 20 0 2300 2300 2300 0 0 0 0 0 1 0.0 1.0
236000 237000 3 3 4 4 2 1047 1047 4 4 3 339 339 0 0 1 0 159 16 64 82 0 0 0 0 128 128 128 0 0 1.0 0.0
237000 238000 1 1 3 3 1 2007 2007 3 3 2 650 650 0 0 2 1 305 305 305 0 2300 2300 2300 0 0 0 0 0 1 0.0 1.0
238000 239000 1 1 3 3 1 1891 1891 3 3 2 613 613 0 0 2 1 278 278 278 0 0 0 0 0 128 128 128 0 0 1.0 0.0
239000 240000 1 1 2 2 0 1161 1161 2 2 1 376 376 0 0 1 0 170 170 170 0 2300 2300 2300 0 0 0 0 0 1 0.0 1.0
240000 241000 6 6 18 18 6 10725 9928 23 23 14 1972 1972 1 0 10 7 686 17 181 259 0 0 0 0 128 128 128 0 0 1.0 0.0
241000 242000 9 9 35 35 23 1313 1313 48 48 10 34062 28830 0 4 6 33 151 17 55 56 2300 2300 2300 0 0 0 0 0 1 0.0 1.0
242000 243000 4 4 101 101 83 5046 5046 143 143 7 178534 149590 0 21 17 134 814 71 394 357 0 0 0 0 128 128 128 0 0 1.0 0.0
243000 244000 1 1 3 3 1 1528 1528 3 3 2 495 495 0 0 2 1 199 199 199 0 2300 2300 2300 0 0 0 0 0 1 0.0 1.0
244000 245000 2 2 8 8 3 3052 3052 9 9 5 1029 1029 0 0 4 3 641 26 334 435 0 0 0 0 128 128 128 0 0 1.0 0.0
245000 246000 0 0 0 0 0 0 0 0 0 0 0 0 0 0 0 0 0 0 0 0 0 0 0 0 0 0 0 0 0  
246000 247000 4 4 59 59 9 108882 108882 96 96 80 2042 1870 0 1 49 14 618 15 248 289 2300 2300 2300 0 128 128 128 0 1 2.0 0.0
247000 248000 4 3 25 24 9 10774 9790 31 31 16 7875 7215 1 1 13 12 609 23 367 254 2300 2300 2300 0 128 128 128 0 1 1.0 1.0
248000 249000 4 3 12 12 5 6540 6202 13 13 8 1511 1511 0 0 6 3 585 36 293 231 0 0 0 0 0 0 0 0 0 0.0 0.0
249000 250000 4 4 20 19 9 7395 7395 26 26 14 9134 9134 0 0 9 10 211 17 119 80 2300 2300 2300 0 0 0 0 0 1 0.0 1.0
250000 251000 6 6 23 22 6 21141 20346 29 29 22 3134 2756 1 1 16 7 554 20 225 215 0 0 0 0 128 128 128 0 0 1.0 0.0
251000 252000 0 0 0 0 0 0 0 0 0 0 0 0 0 0 0 0 0 0 0 0 0 0 0 0 0 0 0 0 0  
252000 253000 0 0 0 0 0 0 0 0 0 0 0 0 0 0 0 0 0 0 0 0 0 0 0 0 0 0 0 0 0  
253000 254000 0 0 0 0 0 0 0 0 0 0 0 0 0 0 0 0 0 0 0 0 0 0 0 0 0 0 0 0 0  
254000 255000 1 1 7 7 2 3848 3053 7 7 5 990 990 1 0 5 2 605 605 605 0 0 0 0 0 128 128 128 0 0 1.0 0.0
255000 256000 0 0 0 0 0 0 0 0 0 0 0 0 0 0 0 0 0 0 0 0 0 0 0 0 0 0 0 0 0  
256000 257000 1 1 7 7 2 3592 3592 6 6 3 1165 1165 0 0 4 2 739 739 739 0 2300 2300 2300 0 128 128 128 0 1 2.0 0.0
257000 258000 3 2 6 5 2 2053 1832 5 5 2 671 671 0 0 2 3 202 29 129 89 2300 2300 2300 0 128 128 128 0 1 1.0 1.0
258000 259000 2 1 6 6 1 3534 2959 6 6 4 959 959 0 0 4 1 406 99 252 217 0 0 0 0 0 0 0 0 0 0.0 0.0
259000 260000 2 2 2 1 0 773 773 2 2 1 279 279 0 0 1 1 101 3 52 69 2300 2300 2300 0 0 0 0 0 1 0.0 1.0
260000 261000 3 3 12 11 3 10034 9239 14 14 10 1416 1416 1 0 8 4 793 6 339 407 0 0 0 0 128 128 128 0 0 1.0 0.0
261000 262000 1 1 3 3 2 0 0 3 3 1 39 39 0 0 0 1 19 19 19 0 0 0 0 0 0 0 0 0 0 0.0 1.0
262000 263000 0 0 0 0 0 0 0 0 0 0 0 0 0 0 0 0 0 0 0 0 0 0 0 0 0 0 0 0 0  
263000 264000 0 0 0 0 0 0 0 0 0 0 0 0 0 0 0 0 0 0 0 0 0 0 0 0 0 0 0 0 0  
264000 265000 1 1 6 6 2 3053 3053 6 6 4 990 990 0 0 4 2 428 428 428 0 0 0 0 0 128 128 128 0 0 1.0 0.0
265000 266000 0 0 0 0 0 0 0 0 0 0 0 0 0 0 0 0 0 0 0 0 0 0 0 0 0 0 0 0 0  
266000 267000 1 1 5 5 1 3370 3370 6 6 4 1092 1092 0 0 4 2 531 531 531 0 2300 2300 2300 0 128 128 128 0 1 2.0 0.0
267000 268000 1 1 2 2 0 1210 1210 2 2 1 392 392 0 0 1 0 190 190 190 0 0 0 0 0 0 0 0 0 0 0.0 1.0
268000 269000 1 1 3 3 1 1527 1527 3 3 2 495 495 0 0 2 1 196 196 196 0 0 0 0 0 0 0 0 0 0 0.0 0.0
269000 270000 0 0 0 0 0 0 0 0 0 0 0 0 0 0 0 0 0 0 0 0 0 0 0 0 0 0 0 0 0  
270000 271000 3 3 6 6 1 5504 5318 7 7 4 639 639 0 0 5 2 226 19 147 111 2300 2300 2300 0 128 128 128 0 1 1.0 0.0
271000 272000 2 1 7 7 2 3783 3172 6 6 4 1028 1028 0 0 4 2 744 120 432 441 0 0 0 0 128 128 128 0 0 1.0 1.0
272000 273000 2 1 5 5 1 2599 2599 5 5 3 842 842 0 0 3 1 322 87 205 166 2300 2300 2300 0 128 128 128 0 1 1.0 0.0
273000 274000 2 2 6 6 2 2677 2677 6 6 4 868 868 0 0 3 1 626 16 321 431 2300 2300 2300 0 0 0 0 0 1 0.0 1.0
274000 275000 1 1 7 7 2 3850 3054 7 7 5 990 990 1 0 5 2 473 473 473 0 0 0 0 0 128 128 128 0 0 1.0 0.0
275000 276000 1 1 1 1 1 0 0 1 1 1 0 0 0 0 0 0 17 17 17 0 2300 2300 2300 0 0 0 0 0 1 0.0 1.0
276000 277000 2 2 7 7 2 3088 3088 8 8 5 1021 1021 0 0 5 3 640 18 329 439 0 0 0 0 128 128 128 0 0 1.0 0.0
277000 278000 1 1 1 1 1 0 0 1 1 1 0 0 0 0 0 0 16 16 16 0 2300 2300 2300 0 0 0 0 0 1 0.0 1.0
278000 279000 1 1 5 5 1 3052 3052 5 5 4 495 495 0 0 4 1 840 840 840 0 0 0 0 0 128 128 128 0 0 1.0 0.0
279000 280000 5 5 5 5 5 0 0 5 5 4 495 495 0 0 0 1 19 0 14 7 2300 2300 2300 0 0 0 0 0 1 0.0 1.0
280000 281000 3 3 13 13 4 10589 10589 15 15 10 1894 1894 0 0 9 5 707 22 313 353 0 0 0 0 128 128 128 0 0 1.0 0.0
281000 282000 2 2 2 2 2 0 0 2 2 2 0 0 0 0 0 0 21 18 19 1 2300 2300 2300 0 0 0 0 0 1 0.0 1.0
282000 283000 1 1 4 4 1 2043 2043 4 4 2 662 662 0 0 2 1 297 297 297 0 0 0 0 0 128 128 128 0 0 1.0 0.0
283000 284000 1 1 1 1 0 1009 1009 1 1 1 327 327 0 0 1 0 146 146 146 0 2300 2300 2300 0 0 0 0 0 1 0.0 1.0
284000 285000 1 1 6 6 2 3054 3054 6 6 4 990 990 0 0 4 2 496 496 496 0 0 0 0 0 128 128 128 0 0 1.0 0.0
285000 286000 1 1 1 1 1 0 0 1 1 1 0 0 0 0 0 0 16 16 16 0 2300 2300 2300 0 0 0 0 0 1 0.0 1.0
286000 287000 1 1 5 5 1 2830 2830 5 5 3 918 918 0 0 3 1 445 445 445 0 0 0 0 0 128 128 128 0 0 1.0 0.0
287000 288000 3 3 2 2 2 221 221 2 2 2 71 71 0 0 0 0 34 26 29 4 2300 2300 2300 0 0 0 0 0 1 0.0 1.0
288000 289000 2 2 9 9 3 6270 6270 10 10 7 1512 1512 0 0 6 3 524 221 373 214 0 0 0 0 128 128 128 0 0 1.0 0.0
289000 290000 1 1 1 1 1 0 0 1 1 1 0 0 0 0 0 0 25 25 25 0 2300 2300 2300 0 0 0 0 0 1 0.0 1.0
290000 291000 2 2 10 10 3 8977 8977 12 12 9 1368 1368 0 0 7 3 554 212 383 242 0 0 0 0 128 128 128 0 0 1.0 0.0
291000 292000 1 1 1 1 1 0 0 1 1 1 0 0 0 0 0 0 16 16 16 0 2300 2300 2300 0 0 0 0 0 1 0.0 1.0
292000 293000 1 1 5 5 1 2894 2894 5 5 3 938 938 0 0 3 1 813 813 813 0 0 0 0 0 128 128 128 0 0 1.0 0.0
293000 294000 1 1 0 0 0 159 159 0 0 0 51 51 0 0 0 0 44 44 44 0 2300 2300 2300 0 0 0 0 0 1 0.0 1.0
294000 295000 2 2 7 7 3 3054 3054 7 7 5 990 990 0 0 4 2 769 24 397 526 0 0 0 0 128 128 128 0 0 1.0 0.0
295000 296000 1 1 1 1 1 0 0 1 1 1 0 0 0 0 0 0 14 14 14 0 2300 2300 2300 0 0 0 0 0 1 0.0 1.0
296000 297000 1 1 5 5 1 3033 3033 5 5 3 983 983 0 0 3 1 440 440 440 0 0 0 0 0 128 128 128 0 0 1.0 0.0
297000 298000 1 1 0 0 0 20 20 0 0 0 6 6 0 0 0 0 2 2 2 0 2300 2300 2300 0 0 0 0 0 1 0.0 1.0
298000 299000 1 1 5 5 1 2843 2843 5 5 3 921 921 0 0 3 1 419 419 419 0 0 0 0 0 128 128 128 0 0 1.0 0.0
299000 300000 1 1 0 0 0 209 209 0 0 0 68 68 0 0 0 0 30 30 30 0 2300 2300 2300 0 0 0 0 0 1 0.0 1.0
