ts te nbins ncons c_tcp_packs c_tcp_bytes c_udp_packs c_udp_bytes s_tcp_packs s_tcp_bytes s_udp_packs s_udp_bytes max_bins_span min_bins_span avg_bins_span std_bins_span max_video_rate min_video_rate avg_video_rate std_video_rate max_audio_rate min_audio_rate avg_audio_rate std_audio_rate video_requests audio_requests
0 1000 1 1 0 0 28 2416 0 0 88 126297 152 152 152 0 0 0 0 0 0 0 0 0 0 0
1000 2000 2 1 0 0 195 15966 0 0 579 829510 846 150 498 492 2300 2300 2300 0 128 128 128 0 3 4
2000 3000 2 1 0 0 198 14138 0 0 521 747976 763 88 426 476 2300 2300 2300 0 128 128 128 0 1 1
3000 4000 2 1 0 0 193 11833 0 0 686 991776 909 88 498 580 2300 2300 2300 0 128 128 128 0 1 1
4000 5000 2 1 0 0 167 9845 0 0 547 793806 911 87 499 582 2300 2300 2300 0 128 128 128 0 2 2
5000 6000 2 1 0 0 190 11476 0 0 577 838204 910 87 498 581 2300 2300 2300 0 128 128 128 0 1 1
6000 7000 2 1 0 0 156 8537 0 0 538 781420 911 84 498 585 2300 2300 2300 0 128 128 128 0 1 1
7000 8000 2 1 0 0 201 11687 0 0 618 897241 914 83 499 587 2300 2300 2300 0 128 128 128 0 2 1
8000 9000 1 1 0 0 103 4642 0 0 335 484564 584 584 584 0 0 0 0 0 0 0 0 0 0 0
9000 10000 1 1 0 0 154 9060 0 0 464 667710 857 857 857 0 2300 2300 2300 0 128 128 128 0 1 1
10000 11000 1 1 0 0 6 437 0 0 21 30858 34 34 34 0 4400 4400 4400 0 128 128 128 0 2 2
11000 12000 2 1 0 0 195 12434 0 0 607 877869 964 32 498 658 0 0 0 0 0 0 0 0 0 0
12000 13000 2 1 0 0 117 6829 0 0 357 515374 965 32 499 659 4400 4400 4400 0 128 128 128 0 1 1
13000 14000 1 1 0 0 121 6121 0 0 391 564217 680 680 680 0 0 0 0 0 0 0 0 0 0 0
15000 16000 1 1 0 0 180 10343 0 0 560 810365 943 943 943 0 4400 4400 4400 0 128 128 128 0 1 1
16000 17000 2 1 0 0 186 10802 0 0 560 810656 942 51 496 630 4400 4400 4400 0 128 128 128 0 1 1
17000 18000 2 1 0 0 189 9531 0 0 515 737352 804 57 430 528 0 0 0 0 0 0 0 0 0 0
19000 20000 1 1 0 0 211 12531 0 0 608 879584 944 944 944 0 4400 4400 4400 0 128 128 128 0 1 1
20000 21000 2 1 0 0 201 11532 0 0 630 911998 943 54 499 628 4400 4400 4400 0 128 128 128 0 1 2
21000 22000 2 1 0 0 176 10157 0 0 487 702663 943 54 498 628 0 0 0 0 0 0 0 0 0 0
22000 23000 3 2 1 0 161 8686 2 24 579 837833 931 42 349 504 6500 6500 6500 0 128 128 128 0 2 1
23000 24000 2 1 0 0 177 9727 0 0 541 782860 930 65 497 611 6500 6500 6500 0 128 128 128 0 1 1
24000 25000 2 1 0 0 209 10659 0 0 655 951524 930 67 498 610 0 0 0 0 0 0 0 0 0 0
25000 26000 3 2 0 0 200 9406 0 0 598 866487 929 0 332 518 0 0 0 0 0 0 0 0 0 0
26000 27000 1 1 0 0 0 38 0 0 2 3587 4 4 4 0 0 0 0 0 0 0 0 0 0 0
27000 28000 1 1 0 0 159 9866 0 0 536 773921 943 943 943 0 6500 6500 6500 0 128 128 128 0 1 2
28000 29000 2 1 0 0 224 11894 0 0 626 905794 943 54 498 628 6500 6500 6500 0 0 0 0 0 1 0
29000 30000 2 1 0 0 193 9675 0 0 632 915869 942 21 482 651 0 0 0 0 0 0 0 0 0 0
30000 31000 2 1 0 0 151 7818 0 0 474 685556 941 56 499 625 0 0 0 0 0 0 0 0 0 0
31000 32000 2 1 0 0 168 9827 0 0 546 788556 906 56 481 600 6500 6500 6500 0 128 128 128 0 1 2
32000 33000 2 1 0 0 176 8977 0 0 542 786498 904 90 497 575 0 0 0 0 0 0 0 0 0 0
33000 34000 2 1 0 0 189 10014 0 0 597 865587 900 94 497 569 6500 6500 6500 0 128 128 128 0 1 1
34000 35000 3 2 2 0 180 9700 1 19 611 886286 899 96 600 438 0 0 0 0 0 0 0 0 0 0
35000 36000 3 2 0 0 192 9849 0 4 635 923269 899 96 394 439 6500 6500 6500 0 128 128 128 0 1 1
36000 37000 2 1 0 0 183 9925 0 0 606 877410 895 98 497 563 6500 6500 6500 0 0 0 0 0 1 0
37000 38000 2 1 0 0 188 9692 0 0 576 836843 893 104 499 558 0 0 0 0 128 128 128 0 0 1
38000 39000 2 1 0 0 199 11110 0 0 609 883345 892 103 498 557 6500 6500 6500 0 0 0 0 0 1 0
39000 40000 2 1 0 0 206 10561 0 0 634 920659 891 106 499 555 0 0 0 0 0 0 0 0 0 0
40000 41000 2 1 0 0 90 5515 0 0 287 411847 889 106 497 554 0 0 0 0 0 0 0 0 0 0
41000 42000 2 1 0 0 182 10354 0 0 586 846166 889 109 499 551 6500 6500 6500 0 128 128 128 0 1 2
42000 43000 2 1 0 0 169 9122 0 0 521 756325 887 109 498 550 0 0 0 0 0 0 0 0 0 0
43000 44000 2 1 0 0 187 9844 0 0 583 843431 887 110 498 549 6500 6500 6500 0 0 0 0 0 1 0
44000 45000 2 1 0 0 196 10243 0 0 633 919637 886 110 498 549 0 0 0 0 0 0 0 0 0 0
45000 46000 2 1 0 0 194 12602 0 0 620 894701 885 111 498 547 4400 4400 4400 0 128 128 128 0 2 3
46000 47000 2 1 0 0 194 11100 0 0 628 908798 885 111 498 547 4400 4400 4400 0 0 0 0 0 1 0
47000 48000 2 1 0 0 185 10383 0 0 593 860045 883 114 498 543 4400 4400 4400 0 128 128 128 0 1 1
48000 49000 2 1 0 0 203 11975 0 0 609 879856 883 115 499 542 0 0 0 0 0 0 0 0 0 0
49000 50000 2 1 0 0 185 9376 0 0 594 859394 881 108 495 546 4400 4400 4400 0 128 128 128 0 1 1
50000 51000 2 1 0 0 62 4808 0 0 183 259746 881 117 499 540 0 0 0 0 0 0 0 0 0 0
51000 52000 2 1 0 0 162 8109 0 0 531 769877 850 103 476 527 4400 4400 4400 0 128 128 128 0 1 1
52000 53000 2 1 0 0 92 6441 0 0 238 333736 847 148 498 493 0 0 0 0 0 0 0 0 0 0
53000 54000 2 1 0 0 143 7049 0 0 487 705001 843 114 478 515 4400 4400 4400 0 128 128 128 0 1 1
54000 55000 2 1 0 0 80 5447 0 0 261 375381 837 155 496 481 0 0 0 0 0 0 0 0 0 0
55000 56000 2 1 0 0 172 8694 0 0 583 846443 835 161 498 476 4400 4400 4400 0 128 128 128 0 1 1
56000 57000 2 1 0 0 69 3866 0 0 218 311888 834 163 498 475 0 0 0 0 0 0 0 0 0 0
57000 58000 1 1 0 0 6 377 0 0 17 25282 135 135 135 0 0 0 0 0 0 0 0 0 0 0
59000 60000 1 1 0 0 184 11607 0 0 583 843049 945 945 945 0 4400 4400 4400 0 128 128 128 0 1 2
60000 61000 2 1 0 0 204 11456 0 0 625 906770 944 51 498 631 4400 4400 4400 0 128 128 128 0 1 1
61000 62000 2 1 0 0 202 11106 0 0 628 912068 942 54 498 628 4400 4400 4400 0 0 0 0 0 1 0
62000 63000 2 1 0 0 169 8754 0 0 526 760627 938 55 496 624 0 0 0 0 0 0 0 0 0 0
63000 64000 2 1 0 0 185 10217 0 0 616 891335 933 60 497 617 4400 4400 4400 0 128 128 128 0 1 1
64000 65000 2 1 0 0 174 10299 0 0 573 830072 933 64 498 614 4400 4400 4400 0 128 128 128 0 1 1
65000 66000 2 1 0 0 135 6682 0 0 418 603697 652 65 359 414 0 0 0 0 0 0 0 0 0 0
67000 68000 1 1 0 0 151 9078 0 0 486 702716 944 944 944 0 4400 4400 4400 0 128 128 128 0 1 1
68000 69000 2 1 0 0 136 7363 0 0 397 573415 943 51 497 630 0 0 0 0 0 0 0 0 0 0
69000 70000 2 1 0 0 170 9368 0 0 578 836740 903 54 478 600 4400 4400 4400 0 128 128 128 0 1 1
70000 71000 2 1 0 0 192 11374 0 0 590 852203 902 95 498 571 4400 4400 4400 0 128 128 128 0 1 1
71000 72000 2 1 0 0 118 8443 0 0 337 480941 901 95 498 570 6500 6500 6500 0 128 128 128 0 2 2
72000 73000 2 1 0 0 183 9548 0 0 528 764938 900 35 467 611 0 0 0 0 0 0 0 0 0 0
73000 74000 2 1 0 0 206 10242 0 0 612 885663 896 99 497 563 0 0 0 0 0 0 0 0 0 0
74000 75000 1 1 0 0 14 708 0 0 42 61672 68 68 68 0 0 0 0 0 0 0 0 0 0 0
75000 76000 1 1 0 0 156 9638 0 0 506 728814 945 945 945 0 6500 6500 6500 0 128 128 128 0 1 1
76000 77000 2 1 0 0 158 8306 0 0 507 734850 943 52 498 630 0 0 0 0 0 0 0 0 0 0
77000 78000 2 1 0 0 148 8483 0 0 456 656163 905 54 479 601 6500 6500 6500 0 128 128 128 0 1 1
78000 79000 2 1 0 0 188 9961 0 0 626 908453 897 86 491 573 0 0 0 0 0 0 0 0 0 0
79000 80000 2 1 0 0 186 11062 0 0 590 853962 894 102 498 559 6500 6500 6500 0 128 128 128 0 1 2
80000 81000 2 1 0 0 194 11044 0 0 591 853413 891 103 497 556 6500 6500 6500 0 0 0 0 0 1 0
81000 82000 2 1 0 0 191 10016 0 0 651 945221 881 95 488 555 0 0 0 0 128 128 128 0 0 1
82000 83000 2 1 0 0 207 11567 0 0 604 874547 880 116 498 540 6500 6500 6500 0 0 0 0 0 1 0
83000 84000 2 1 0 0 171 8950 0 0 565 820202 875 118 497 535 0 0 0 0 128 128 128 0 0 1
84000 85000 2 1 0 0 228 12558 0 0 637 925383 875 123 499 531 0 0 0 0 0 0 0 0 0 0
85000 86000 2 1 0 0 190 10607 0 0 588 850312 874 122 498 531 6500 6500 6500 0 128 128 128 0 1 1
86000 87000 2 1 0 0 178 9857 0 0 600 867833 872 125 498 528 6500 6500 6500 0 0 0 0 0 1 0
87000 88000 2 1 0 0 196 10273 0 0 632 918592 870 125 497 526 0 0 0 0 128 128 128 0 0 1
88000 89000 2 1 0 0 182 9974 0 0 531 769767 869 127 498 524 6500 6500 6500 0 0 0 0 0 1 0
89000 90000 2 1 0 0 211 10677 0 0 624 906197 868 128 498 523 0 0 0 0 0 0 0 0 0 0
90000 91000 2 1 0 0 119 6420 0 0 349 501594 868 127 498 524 0 0 0 0 0 0 0 0 0 0
91000 92000 2 1 0 0 171 10124 0 0 535 772856 858 118 488 523 6500 6500 6500 0 128 128 128 0 1 2
92000 93000 2 1 0 0 208 11763 0 0 639 928304 856 140 498 506 0 0 0 0 0 0 0 0 0 0
93000 94000 2 1 0 0 205 11332 0 0 621 896152 856 141 498 505 6500 6500 6500 0 128 128 128 0 1 2
94000 95000 2 1 0 0 191 11199 0 0 595 858521 855 141 498 505 4400 4400 4400 0 0 0 0 0 2 0
95000 96000 2 1 0 0 200 10061 0 0 645 935036 852 144 498 501 0 0 0 0 0 0 0 0 0 0
96000 97000 2 1 0 0 35 3481 0 0 98 138206 852 141 496 502 0 0 0 0 0 0 0 0 0 0
97000 98000 2 1 0 0 177 9560 0 0 562 815996 830 125 477 498 4400 4400 4400 0 128 128 128 0 1 2
98000 99000 2 1 0 0 168 9854 0 0 541 783459 828 169 498 466 4400 4400 4400 0 0 0 0 0 1 0
99000 100000 2 1 0 0 186 10033 0 0 584 844538 828 167 497 467 4400 4400 4400 0 128 128 128 0 1 1
100000 101000 2 1 0 0 196 10775 0 0 616 893756 827 169 498 465 0 0 0 0 0 0 0 0 0 0
101000 102000 2 1 0 0 175 9203 0 0 568 819203 826 166 496 466 4400 4400 4400 0 128 128 128 0 1 1
102000 103000 2 1 0 0 186 10905 0 0 589 851272 823 170 496 461 4400 4400 4400 0 128 128 128 0 1 1
103000 104000 2 1 0 0 179 9223 0 0 514 744215 820 175 498 456 0 0 0 0 0 0 0 0 0 0
104000 105000 2 1 0 0 41 4759 0 0 111 156038 807 162 485 455 0 0 0 0 0 0 0 0 0 0
105000 106000 2 1 0 0 159 8236 0 0 534 774487 805 192 499 433 6500 6500 6500 0 128 128 128 0 2 2
106000 107000 2 1 0 0 152 8887 0 0 478 689366 802 194 498 430 0 0 0 0 0 0 0 0 0 0
107000 108000 2 1 0 0 169 8598 0 0 560 812098 800 192 496 429 6500 6500 6500 0 128 128 128 0 1 1
108000 109000 2 1 0 0 191 10323 0 0 542 787424 800 198 499 425 0 0 0 0 128 128 128 0 0 1
109000 110000 2 1 0 0 166 8669 0 0 573 831039 793 190 491 426 6500 6500 6500 0 0 0 0 0 1 0
110000 111000 2 1 0 0 194 11164 0 0 586 841244 792 204 498 415 6500 6500 6500 0 128 128 128 0 1 1
111000 112000 2 1 0 0 212 10733 0 0 644 933859 790 206 498 412 0 0 0 0 0 0 0 0 0 0
112000 113000 2 1 0 0 211 12287 0 0 614 889782 790 209 499 411 6500 6500 6500 0 128 128 128 0 1 1
113000 114000 2 1 0 0 196 10029 0 0 632 917242 790 206 498 412 0 0 0 0 0 0 0 0 0 0
114000 115000 2 1 0 0 176 10120 0 0 555 800697 788 205 496 411 6500 6500 6500 0 128 128 128 0 1 1
115000 116000 2 1 0 0 195 9928 0 0 616 892953 787 208 497 409 0 0 0 0 0 0 0 0 0 0
116000 117000 2 1 0 0 98 6289 0 0 299 428407 784 210 497 406 0 0 0 0 0 0 0 0 0 0
117000 118000 2 1 0 0 152 7773 0 0 494 716779 685 213 449 333 6500 6500 6500 0 128 128 128 0 1 1
118000 119000 2 1 0 0 192 9956 0 0 586 847963 684 313 498 261 0 0 0 0 0 0 0 0 0 0
119000 120000 2 1 0 0 72 5173 0 0 204 287622 302 267 285 24 0 0 0 0 128 128 128 0 0 1
120000 121000 1 1 0 0 125 8258 0 0 351 509625 548 548 548 0 4400 4400 4400 0 128 128 128 0 2 2
121000 122000 2 1 0 0 211 13102 0 0 632 917431 545 450 498 67 3000 3000 3000 0 128 128 128 0 2 1
122000 123000 2 1 0 0 199 11262 0 0 614 890683 545 452 498 65 3000 3000 3000 0 0 0 0 0 1 0
123000 124000 2 1 0 0 94 5271 0 0 287 416349 440 35 238 285 4400 4400 4400 0 128 128 128 0 2 2
124000 125000 2 1 0 0 174 11038 0 0 579 837199 963 35 499 655 0 0 0 0 0 0 0 0 0 0
125000 126000 1 1 0 0 42 3953 0 0 102 145461 959 959 959 0 4400 4400 4400 0 128 128 128 0 1 1
126000 127000 1 1 0 0 187 9165 0 0 582 843421 991 991 991 0 0 0 0 0 0 0 0 0 0 0
127000 128000 2 1 0 0 70 5676 0 0 156 215902 986 7 496 692 4400 4400 4400 0 128 128 128 0 1 1
128000 129000 2 1 0 0 192 10130 0 0 606 880274 920 6 463 646 0 0 0 0 0 0 0 0 0 0
129000 130000 2 1 0 0 76 5129 0 0 219 312583 917 76 496 594 4400 4400 4400 0 128 128 128 0 1 1
130000 131000 2 1 0 0 197 10572 0 0 588 853534 868 58 463 572 0 0 0 0 0 0 0 0 0 0
131000 132000 2 1 0 0 175 9775 0 0 551 795540 868 130 499 521 4400 4400 4400 0 128 128 128 0 1 1
132000 133000 2 1 0 0 191 10219 0 0 565 813889 866 129 497 521 0 0 0 0 0 0 0 0 0 0
133000 134000 2 1 0 0 30 2704 0 0 89 125214 865 96 480 543 4400 4400 4400 0 128 128 128 0 1 1
134000 135000 2 1 0 0 184 9764 0 0 577 838527 860 133 497 513 0 0 0 0 0 0 0 0 0 0
135000 136000 2 1 0 0 173 9611 0 0 548 790846 859 135 497 511 4400 4400 4400 0 128 128 128 0 1 1
136000 137000 2 1 0 0 89 5043 0 0 266 377288 858 139 498 508 0 0 0 0 0 0 0 0 0 0
137000 138000 2 1 0 0 9 532 0 0 27 38600 122 0 61 86 0 0 0 0 0 0 0 0 0 0
139000 140000 1 1 0 0 188 11703 0 0 598 866077 945 945 945 0 4400 4400 4400 0 128 128 128 0 1 2
140000 141000 2 1 0 0 194 10824 0 0 636 920658 940 53 497 627 4400 4400 4400 0 0 0 0 0 1 0
141000 142000 2 1 0 0 190 10748 0 0 565 818410 940 57 498 624 4400 4400 4400 0 128 128 128 0 1 1
142000 143000 2 1 0 0 176 9216 0 0 564 820124 938 56 497 623 0 0 0 0 0 0 0 0 0 0
143000 144000 2 1 0 0 76 3876 0 0 213 307217 346 59 202 202 0 0 0 0 0 0 0 0 0 0
145000 146000 1 1 0 0 179 11244 0 0 589 852818 942 942 942 0 4400 4400 4400 0 128 128 128 0 1 2
146000 147000 2 1 0 0 199 11276 0 0 590 854266 938 54 496 625 4400 4400 4400 0 0 0 0 0 1 0
147000 148000 2 1 0 0 170 8267 0 0 449 649520 877 60 469 577 0 0 0 0 0 0 0 0 0 0
149000 150000 1 1 0 0 176 11276 0 0 572 827524 945 945 945 0 4400 4400 4400 0 128 128 128 0 1 2
150000 151000 2 1 0 0 178 9984 0 0 584 840677 943 53 498 629 4400 4400 4400 0 0 0 0 0 1 0
151000 152000 2 1 0 0 205 11532 0 0 599 868959 941 55 498 625 4400 4400 4400 0 128 128 128 0 1 1
152000 153000 2 1 0 0 195 10090 0 0 522 758766 940 52 496 627 0 0 0 0 0 0 0 0 0 0
153000 154000 2 1 0 0 180 10263 0 0 554 799467 936 53 495 624 4400 4400 4400 0 128 128 128 0 1 1
154000 155000 2 1 0 0 151 9172 0 0 497 715273 935 62 498 617 4400 4400 4400 0 128 128 128 0 1 1
155000 156000 2 1 0 0 173 8657 0 0 493 713599 779 64 421 505 0 0 0 0 0 0 0 0 0 0
157000 158000 1 1 0 0 148 10367 0 0 442 634888 945 945 945 0 6500 6500 6500 0 128 128 128 0 2 2
158000 159000 2 1 0 0 188 10023 0 0 603 875790 944 53 499 630 0 0 0 0 0 0 0 0 0 0
159000 160000 2 1 0 0 177 10030 0 0 559 805461 943 54 498 628 6500 6500 6500 0 128 128 128 0 1 1
160000 161000 2 1 0 0 200 11046 0 0 636 923138 940 54 497 626 0 0 0 0 128 128 128 0 0 1
161000 162000 2 1 0 0 171 8836 0 0 565 817817 940 56 498 624 6500 6500 6500 0 0 0 0 0 1 0
162000 163000 2 1 0 0 212 11768 0 0 637 925754 937 59 498 621 0 0 0 0 128 128 128 0 0 1
163000 164000 2 1 0 0 199 10415 0 0 541 785135 936 59 498 619 6500 6500 6500 0 0 0 0 0 1 0
164000 165000 2 1 0 0 201 10596 0 0 630 914500 936 62 499 617 0 0 0 0 0 0 0 0 0 0
165000 166000 2 1 0 0 193 11308 0 0 633 919875 934 62 498 616 6500 6500 6500 0 128 128 128 0 1 2
166000 167000 2 1 0 0 202 11200 0 0 615 890591 933 61 497 616 6500 6500 6500 0 0 0 0 0 1 0
167000 168000 2 1 0 0 217 10896 0 0 663 962874 933 63 498 615 0 0 0 0 0 0 0 0 0 0
168000 169000 2 1 0 0 173 10196 0 0 561 811009 932 59 496 617 6500 6500 6500 0 128 128 128 0 1 1
169000 170000 2 1 0 0 186 9059 0 0 641 931151 932 61 496 616 0 0 0 0 0 0 0 0 0 0
170000 171000 2 1 0 0 130 7041 0 0 372 539057 932 65 498 612 0 0 0 0 0 0 0 0 0 0
171000 172000 2 1 0 0 163 9177 0 0 519 749013 900 56 478 596 6500 6500 6500 0 128 128 128 0 1 1
172000 173000 2 1 0 0 173 9098 0 0 553 803792 895 97 496 564 0 0 0 0 0 0 0 0 0 0
173000 174000 2 1 0 0 179 10659 0 0 549 791967 894 102 498 559 6500 6500 6500 0 128 128 128 0 1 2
174000 175000 2 1 0 0 197 10334 0 0 627 910021 894 102 498 559 0 0 0 0 0 0 0 0 0 0
175000 176000 2 1 0 0 171 9524 0 0 563 816252 893 105 499 557 6500 6500 6500 0 128 128 128 0 1 1
176000 177000 2 1 0 0 196 10348 0 0 627 911487 892 101 497 559 0 0 0 0 0 0 0 0 0 0
177000 178000 2 1 0 0 169 9400 0 0 535 772176 892 102 497 558 6500 6500 6500 0 128 128 128 0 1 1
178000 179000 2 1 0 0 180 10119 0 0 561 812935 888 107 497 552 6500 6500 6500 0 0 0 0 0 1 0
179000 180000 2 1 0 0 160 10409 0 0 500 723625 887 110 499 549 6500 6500 6500 0 128 128 128 0 2 2
180000 181000 2 1 0 0 204 10938 0 0 619 899519 887 107 497 551 0 0 0 0 0 0 0 0 0 0
181000 182000 2 1 0 0 206 11323 0 0 642 932826 885 111 498 547 0 0 0 0 128 128 128 0 0 1
182000 183000 2 1 0 0 161 8411 0 0 522 754712 882 113 497 543 6500 6500 6500 0 0 0 0 0 1 0
183000 184000 2 1 0 0 185 9528 0 0 621 902636 882 117 499 540 0 0 0 0 128 128 128 0 0 1
184000 185000 2 1 0 0 174 9527 0 0 591 857982 881 112 496 543 6500 6500 6500 0 0 0 0 0 1 0
185000 186000 2 1 0 0 189 10497 0 0 592 858340 880 115 497 541 6500 6500 6500 0 128 128 128 0 1 1
186000 187000 2 1 0 0 188 9831 0 0 621 902032 877 66 472 573 0 0 0 0 0 0 0 0 0 0
187000 188000 2 1 0 0 170 8354 0 0 508 735663 734 119 427 434 0 0 0 0 0 0 0 0 0 0
189000 190000 1 1 0 0 120 8206 0 0 396 568221 945 945 945 0 6500 6500 6500 0 128 128 128 0 1 2
190000 191000 2 1 0 0 185 10334 0 0 623 904620 944 54 499 629 0 0 0 0 128 128 128 0 0 1
191000 192000 2 1 0 0 189 10413 0 0 633 919341 941 54 497 627 4400 4400 4400 0 0 0 0 0 2 0
192000 193000 2 1 0 0 157 8796 0 0 526 762559 941 57 499 625 4400 4400 4400 0 0 0 0 0 1 0
193000 194000 2 1 0 0 215 12796 0 0 591 853182 940 55 497 626 4400 4400 4400 0 128 128 128 0 1 2
194000 195000 2 1 0 0 218 11900 0 0 677 979245 933 47 490 626 0 0 0 0 0 0 0 0 0 0
195000 196000 2 1 0 0 199 11486 0 0 624 904547 933 64 499 613 4400 4400 4400 0 128 128 128 0 1 1
196000 197000 2 1 0 0 97 5364 0 0 307 443336 930 66 498 610 0 0 0 0 0 0 0 0 0 0
197000 198000 2 1 0 0 188 11943 0 0 575 826705 918 57 487 608 6500 6500 6500 0 128 128 128 0 2 2
198000 199000 2 1 0 0 231 12771 0 0 623 901863 918 81 499 591 0 0 0 0 0 0 0 0 0 0
199000 200000 2 1 0 0 180 10129 0 0 560 808616 902 74 488 585 6500 6500 6500 0 128 128 128 0 1 1
200000 201000 2 1 0 0 183 9778 0 0 566 817570 896 96 496 565 0 0 0 0 0 0 0 0 0 0
201000 202000 2 1 0 0 192 10724 0 0 593 857867 883 95 489 557 6500 6500 6500 0 128 128 128 0 1 1
202000 203000 2 1 0 0 184 10096 0 0 541 786054 882 116 499 541 0 0 0 0 0 0 0 0 0 0
203000 204000 2 1 0 0 167 9514 0 0 512 736125 881 116 498 540 6500 6500 6500 0 128 128 128 0 1 1
204000 205000 2 1 0 0 210 11911 0 0 640 928468 881 114 497 542 0 0 0 0 128 128 128 0 0 1
205000 206000 2 1 0 0 199 10750 0 0 600 868732 879 118 498 538 6500 6500 6500 0 0 0 0 0 1 0
206000 207000 2 1 0 0 199 11625 0 0 632 917418 878 118 498 537 0 0 0 0 128 128 128 0 0 1
207000 208000 2 1 0 0 175 8579 0 0 533 769071 878 119 498 536 6500 6500 6500 0 0 0 0 0 1 0
208000 209000 2 1 0 0 190 10961 0 0 600 871090 878 119 498 536 0 0 0 0 128 128 128 0 0 1
209000 210000 2 1 0 0 111 5602 0 0 351 505854 876 121 499 533 6500 6500 6500 0 0 0 0 0 1 0
210000 211000 2 1 0 0 180 9789 0 0 592 859879 875 121 498 533 0 0 0 0 128 128 128 0 0 1
211000 212000 2 1 0 0 193 10015 0 0 638 926626 874 122 498 531 6500 6500 6500 0 0 0 0 0 1 0
212000 213000 2 1 0 0 174 9742 0 0 536 779119 874 123 499 530 0 0 0 0 128 128 128 0 0 1
213000 214000 2 1 0 0 184 9767 0 0 599 867438 873 124 498 530 6500 6500 6500 0 0 0 0 0 1 0
214000 215000 2 1 0 0 198 10336 0 0 619 899343 871 123 497 528 0 0 0 0 0 0 0 0 0 0
215000 216000 2 1 0 0 161 9503 0 0 543 785285 869 125 497 526 6500 6500 6500 0 128 128 128 0 1 2
216000 217000 2 1 0 0 192 10142 0 0 619 898510 867 129 498 522 0 0 0 0 0 0 0 0 0 0
217000 218000 2 1 0 0 189 9824 0 0 600 869882 867 132 499 519 6500 6500 6500 0 0 0 0 0 1 0
218000 219000 2 1 0 0 173 8979 0 0 581 843523 853 130 491 511 0 0 0 0 0 0 0 0 0 0
219000 220000 2 1 0 0 186 10750 0 0 623 904336 852 146 499 499 6500 6500 6500 0 128 128 128 0 1 2
220000 221000 2 1 0 0 193 10849 0 0 589 852435 852 146 499 498 6500 6500 6500 0 0 0 0 0 1 0
221000 222000 2 1 0 0 182 9457 0 0 619 898823 848 98 473 530 0 0 0 0 128 128 128 0 0 1
222000 223000 2 1 0 0 195 10780 0 0 620 899477 845 151 498 490 6500 6500 6500 0 0 0 0 0 1 0
223000 224000 2 1 0 0 168 8218 0 0 553 802819 843 150 496 490 0 0 0 0 0 0 0 0 0 0
224000 225000 2 1 0 0 155 9260 0 0 450 647877 842 156 499 485 0 0 0 0 0 0 0 0 0 0
225000 226000 2 1 0 0 175 9416 0 0 554 801191 818 134 476 483 6500 6500 6500 0 128 128 128 0 1 2
226000 227000 2 1 0 0 220 12519 0 0 633 919385 817 178 497 451 0 0 0 0 0 0 0 0 0 0
227000 228000 2 1 0 0 191 10140 0 0 631 915199 815 179 497 449 6500 6500 6500 0 128 128 128 0 1 1
228000 229000 2 1 0 0 208 11824 0 0 611 884004 813 182 497 446 0 0 0 0 0 0 0 0 0 0
229000 230000 2 1 0 0 202 10851 0 0 637 924830 811 135 473 477 6500 6500 6500 0 128 128 128 0 1 1
230000 231000 2 1 0 0 184 10145 0 0 586 848243 810 186 498 441 6500 6500 6500 0 0 0 0 0 1 0
231000 232000 2 1 0 0 205 11056 0 0 637 924871 809 187 498 439 0 0 0 0 128 128 128 0 0 1
232000 233000 2 1 0 0 169 9323 0 0 527 761547 808 189 499 437 6500 6500 6500 0 0 0 0 0 1 0
233000 234000 2 1 0 0 216 11691 0 0 617 895995 808 191 499 436 0 0 0 0 128 128 128 0 0 1
234000 235000 2 1 0 0 195 10689 0 0 630 908940 805 191 498 434 6500 6500 6500 0 0 0 0 0 1 0
235000 236000 2 1 0 0 192 10017 0 0 633 918160 802 192 497 430 0 0 0 0 128 128 128 0 0 1
236000 237000 2 1 0 0 202 11505 0 0 585 846794 801 197 499 426 6500 6500 6500 0 0 0 0 0 1 0
237000 238000 2 1 0 0 163 8828 0 0 527 763447 796 198 497 423 0 0 0 0 128 128 128 0 0 1
238000 239000 2 1 0 0 185 10543 0 0 606 878731 795 200 497 421 6500 6500 6500 0 0 0 0 0 1 0
239000 240000 2 1 0 0 187 9277 0 0 622 903637 794 200 497 420 0 0 0 0 128 128 128 0 0 1
240000 241000 2 1 0 0 200 11175 0 0 611 888264 794 199 496 420 6500 6500 6500 0 0 0 0 0 1 0
241000 242000 2 1 0 0 196 9844 0 0 624 907294 794 204 499 417 0 0 0 0 128 128 128 0 0 1
242000 243000 2 1 0 0 172 9868 0 0 553 802786 792 205 499 415 6500 6500 6500 0 0 0 0 0 1 0
243000 244000 2 1 0 0 194 9755 0 0 605 879240 791 202 497 416 0 0 0 0 128 128 128 0 0 1
244000 245000 2 1 0 0 191 10866 0 0 609 883667 791 206 499 413 6500 6500 6500 0 0 0 0 0 1 0
245000 246000 2 1 0 0 198 10549 0 0 632 917171 791 206 498 413 0 0 0 0 128 128 128 0 0 1
246000 247000 2 1 0 0 187 10136 0 0 632 916933 790 207 499 412 6500 6500 6500 0 0 0 0 0 1 0
247000 248000 2 1 0 0 178 9289 0 0 565 820744 788 207 497 411 6500 6500 6500 0 128 128 128 0 1 1
248000 249000 2 1 0 0 194 10540 0 0 597 868035 781 206 494 406 0 0 0 0 0 0 0 0 0 0
249000 250000 2 1 0 0 189 9831 0 0 605 876404 781 216 499 399 6500 6500 6500 0 128 128 128 0 1 1
250000 251000 2 1 0 0 186 10014 0 0 628 911273 781 217 499 398 0 0 0 0 0 0 0 0 0 0
251000 252000 2 1 0 0 193 10109 0 0 629 914160 777 217 497 396 6500 6500 6500 0 128 128 128 0 1 1
252000 253000 2 1 0 0 196 10636 0 0 635 923367 776 219 497 393 0 0 0 0 0 0 0 0 0 0
253000 254000 2 1 0 0 168 8823 0 0 537 777695 775 222 499 391 6500 6500 6500 0 128 128 128 0 1 1
254000 255000 2 1 0 0 199 10843 0 0 609 884493 773 223 498 389 0 0 0 0 128 128 128 0 0 1
255000 256000 2 1 0 0 196 10335 0 0 604 874826 773 226 499 386 6500 6500 6500 0 0 0 0 0 1 0
256000 257000 2 1 0 0 190 10346 0 0 630 914767 772 223 497 388 0 0 0 0 0 0 0 0 0 0
257000 258000 2 1 0 0 189 9826 0 0 622 901891 769 226 498 383 6500 6500 6500 0 128 128 128 0 1 1
258000 259000 2 1 0 0 174 9439 0 0 581 844275 765 229 497 379 0 0 0 0 128 128 128 0 0 1
259000 260000 2 1 0 0 176 9299 0 0 594 860108 764 232 498 375 6500 6500 6500 0 0 0 0 0 1 0
260000 261000 2 1 0 0 221 13020 0 0 657 953156 763 233 498 375 0 0 0 0 128 128 128 0 0 1
261000 262000 2 1 0 0 220 11875 0 0 644 929462 762 232 497 375 6500 6500 6500 0 0 0 0 0 1 0
262000 263000 2 1 0 0 190 10765 0 0 607 877261 760 232 496 373 6500 6500 6500 0 128 128 128 0 1 1
263000 264000 2 1 0 0 179 9655 0 0 569 825528 760 236 498 370 0 0 0 0 128 128 128 0 0 1
264000 265000 2 1 0 0 198 11067 0 0 594 862220 759 238 498 369 0 0 0 0 0 0 0 0 0 0
265000 266000 2 1 0 0 204 10458 0 0 649 942065 757 238 497 367 6500 6500 6500 0 0 0 0 0 1 0
266000 267000 2 1 0 0 164 9731 0 0 473 682348 754 242 498 362 0 0 0 0 0 0 0 0 0 0
267000 268000 2 1 0 0 170 9241 0 0 534 773608 743 237 490 357 6500 6500 6500 0 128 128 128 0 1 2
268000 269000 2 1 0 0 224 12730 0 0 619 896263 742 255 498 344 0 0 0 0 0 0 0 0 0 0
269000 270000 2 1 0 0 193 9891 0 0 573 831767 701 204 452 351 6500 6500 6500 0 0 0 0 0 1 0
270000 271000 2 1 0 0 179 10124 0 0 561 811200 689 288 489 283 0 0 0 0 0 0 0 0 0 0
271000 272000 2 1 0 0 200 10904 0 0 626 907472 688 274 481 293 6500 6500 6500 0 128 128 128 0 1 2
272000 273000 2 1 0 0 191 10699 0 0 588 849084 685 310 498 265 0 0 0 0 0 0 0 0 0 0
273000 274000 2 1 0 0 201 10898 0 0 624 905022 685 314 499 262 6500 6500 6500 0 128 128 128 0 1 1
274000 275000 2 1 0 0 210 11746 0 0 599 865290 684 309 496 265 6500 6500 6500 0 0 0 0 0 1 0
275000 276000 2 1 0 0 193 10031 0 0 594 860390 683 315 499 260 0 0 0 0 0 0 0 0 0 0
276000 277000 2 1 0 0 187 10683 0 0 573 826421 681 314 498 259 0 0 0 0 0 0 0 0 0 0
277000 278000 2 1 0 0 209 11493 0 0 632 915823 681 317 499 257 6500 6500 6500 0 128 128 128 0 1 2
278000 279000 2 1 0 0 195 10668 0 0 621 900631 680 317 499 256 6500 6500 6500 0 0 0 0 0 1 0
279000 280000 2 1 0 0 198 10539 0 0 630 914917 678 317 498 255 0 0 0 0 128 128 128 0 0 1
280000 281000 2 1 0 0 202 11065 0 0 614 890680 678 319 499 253 6500 6500 6500 0 0 0 0 0 1 0
281000 282000 2 1 0 0 200 10631 0 0 635 922406 676 318 497 253 0 0 0 0 128 128 128 0 0 1
282000 283000 2 1 0 0 196 10670 0 0 617 893426 673 323 498 247 6500 6500 6500 0 0 0 0 0 1 0
283000 284000 2 1 0 0 195 9927 0 0 632 916401 672 324 498 245 0 0 0 0 0 0 0 0 0 0
284000 285000 2 1 0 0 108 6631 0 0 325 467291 669 326 498 242 0 0 0 0 0 0 0 0 0 0
285000 286000 2 1 0 0 153 8526 0 0 499 722717 666 327 496 240 6500 6500 6500 0 128 128 128 0 1 2
286000 287000 2 1 0 0 191 10732 0 0 637 922823 665 332 499 235 6500 6500 6500 0 0 0 0 0 1 0
287000 288000 2 1 0 0 184 9604 0 0 560 812138 665 331 498 236 0 0 0 0 128 128 128 0 0 1
288000 289000 2 1 0 0 182 10215 0 0 570 823085 664 334 499 233 6500 6500 6500 0 0 0 0 0 1 0
289000 290000 2 1 0 0 204 10800 0 0 627 909157 662 333 498 232 0 0 0 0 128 128 128 0 0 1
290000 291000 2 1 0 0 204 10847 0 0 613 889874 661 337 499 228 6500 6500 6500 0 0 0 0 0 1 0
291000 292000 2 1 0 0 196 10059 0 0 621 902121 660 335 498 229 0 0 0 0 0 0 0 0 0 0
292000 293000 2 1 0 0 151 8669 0 0 480 693827 657 338 498 225 0 0 0 0 0 0 0 0 0 0
293000 294000 2 1 0 0 180 9931 0 0 568 822816 655 341 498 222 6500 6500 6500 0 128 128 128 0 1 2
294000 295000 2 1 0 0 216 12274 0 0 648 941001 654 342 498 220 4400 4400 4400 0 0 0 0 0 2 0
295000 296000 1 1 0 0 76 4505 0 0 222 323777 345 345 345 0 0 0 0 0 0 0 0 0 0 0
