ts te nbins ncons c_pkts_all c_bytes_all s_pkts_all s_bytes_all max_bin_duration min_bin_duration avg_bin_duration std_bin_duration max_video_rate min_video_rate avg_video_rate std_video_rate max_audio_rate min_audio_rate avg_audio_rate std_audio_rate video_reqs audio_reqs media_reqs
0.0 2000.0 0 0 0.0 0.0 0.0 0.0 0.0 0.0 0.0 0.0 0.0 0.0 0.0 0.0 0.0 0.0 0.0 0.0 0 0 
2000.0 4000.0 0 0 0.0 0.0 0.0 0.0 0.0 0.0 0.0 0.0 0.0 0.0 0.0 0.0 0.0 0.0 0.0 0.0 0 0 
4000.0 6000.0 0 0 0.0 0.0 0.0 0.0 0.0 0.0 0.0 0.0 0.0 0.0 0.0 0.0 0.0 0.0 0.0 0.0 0 0 
6000.0 8000.0 2 1 217.51459651166354 22731.987154276125 480.98582343029966 672828.2508496015 996.1739999999991 645.38330078125 820.7786503906245 248.046482194748 840.0 840.0 840.0 0.0 128.0 128.0 128.0 0.0 3 4 1.0
8000.0 10000.0 3 1 241.7420115712684 16793.160477958194 502.8925557581602 685694.0272779213 980.4670000000042 353.7316992187407 631.6662493489566 319.32083880251105 480.0 480.0 480.0 0.0 128.0 128.0 128.0 0.0 4 4 1.0
10000.0 12000.0 3 1 255.5278094615627 18221.60448899833 422.94532541787487 585793.166293267 994.9749999999767 436.9709511718829 661.4250175781199 294.5650501936742 480.0 480.0 480.0 0.0 128.0 128.0 128.0 0.0 4 4 1.0
12000.0 14000.0 2 1 106.21558245550534 6769.24787876735 180.17629539366527 254505.5555792102 419.00689843751024 385.52799999999115 402.2674492187507 23.67315611182546 480.0 480.0 480.0 0.0 0.0 0.0 0.0 0.0 1 0 1.0
14000.0 16000.0 2 1 198.07111466914728 13988.544628029365 385.1567652778644 548524.623183459 998.3460000000196 396.720947265625 697.5334736328223 425.41315452020467 2300.0 2300.0 2300.0 0.0 128.0 128.0 128.0 0.0 2 3 1.0
16000.0 18000.0 3 1 255.60095140495307 13833.28421867851 462.65347990615567 669123.3087006299 993.6770000000251 392.998046875 661.3883665364701 305.39490346419717 2300.0 2300.0 2300.0 0.0 0.0 0.0 0.0 0.0 1 0 1.0
18000.0 20000.0 3 1 250.25611568170473 14214.011058283246 451.054101549697 645995.3367574114 999.8820000000414 323.7529296875 641.2629609375144 339.9339536188204 2300.0 2300.0 2300.0 0.0 128.0 128.0 128.0 0.0 1 1 1.0
20000.0 22000.0 3 1 243.13326576704742 14194.408292593283 454.00423709380175 650517.1105019898 997.3539999999921 312.81298828125 658.6993528645835 342.32779975363485 2300.0 2300.0 2300.0 0.0 128.0 128.0 128.0 0.0 1 2 1.0
22000.0 24000.0 3 1 253.38915375852287 13104.278865079446 482.2927148602206 697301.0588766362 998.8520000000135 311.537109375 665.0457070312501 344.080768608502 2300.0 2300.0 2300.0 0.0 128.0 128.0 128.0 0.0 1 1 1.0
24000.0 26000.0 3 1 241.40655125978853 12594.225123970382 460.83212399604065 665253.0414618305 998.0949999999721 301.493896484375 662.5539290364444 349.0009848198211 2300.0 2300.0 2300.0 0.0 0.0 0.0 0.0 0.0 1 0 1.0
26000.0 28000.0 3 1 218.9813877165313 12932.541013870597 379.0226127686068 542319.0210252358 999.1379999999772 292.074951171875 658.8743515624859 354.2776430334137 2300.0 2300.0 2300.0 0.0 128.0 128.0 128.0 0.0 1 2 1.0
28000.0 30000.0 3 1 252.24407881019673 13152.958363613423 488.98285858822 705991.4970212735 994.9560000000056 287.94091796875 663.2716555989658 355.5226255617955 2300.0 2300.0 2300.0 0.0 0.0 0.0 0.0 0.0 1 0 1.0
30000.0 32000.0 3 1 223.29127668848278 13647.99237889216 417.3562244108679 599753.1296671194 997.2800000000279 277.839111328125 658.1477311198056 361.48363307215175 2300.0 2300.0 2300.0 0.0 128.0 128.0 128.0 0.0 1 2 1.0
32000.0 34000.0 3 1 241.9671532917758 13013.603688613173 459.6158944936517 660847.5558463824 998.1450000000186 272.053955078125 663.2876145833483 366.31375156963816 2300.0 2300.0 2300.0 0.0 0.0 0.0 0.0 0.0 1 0 1.0
34000.0 36000.0 3 1 225.58945643312643 13498.86950393156 413.8679265083292 594155.0352942165 998.4340000000084 266.8432617186918 664.0444355468499 369.81782784089603 2300.0 2300.0 2300.0 0.0 128.0 128.0 128.0 0.0 1 2 1.0
36000.0 38000.0 3 1 243.266894288717 12846.390488165825 458.544834041783 662154.4408066552 998.9639999999781 257.7709960936918 661.6875781249643 375.0632619560931 2300.0 2300.0 2300.0 0.0 0.0 0.0 0.0 0.0 1 0 1.0
38000.0 40000.0 3 1 222.0768205799224 13296.742691332724 408.840063138808 585613.8072417486 996.7220000000088 251.782958984375 653.8363209635523 375.97759871557616 2300.0 2300.0 2300.0 0.0 128.0 128.0 128.0 0.0 1 2 1.0
40000.0 42000.0 3 1 273.13319845415197 14876.907102000558 513.1062008719294 744336.8598467548 993.2249999999185 247.895263671875 662.8037682291664 379.77977620048176 2300.0 2300.0 2300.0 0.0 128.0 128.0 128.0 0.0 1 1 1.0
42000.0 44000.0 3 1 263.1638992744797 14736.354966818215 486.0121181776235 701925.9838212436 995.9810000000289 243.968017578125 662.1275846354353 383.0294072818668 2300.0 2300.0 2300.0 0.0 128.0 128.0 128.0 0.0 2 1 1.0
44000.0 46000.0 3 1 256.76249241178846 13800.86822865511 501.7293199292361 727623.9725372507 997.9579999999842 235.1279296875 662.4623040364435 389.61928363329304 2300.0 2300.0 2300.0 0.0 128.0 128.0 128.0 0.0 1 1 1.0
46000.0 48000.0 3 1 266.64564627376905 14630.64754055193 497.46249307003234 719331.5122258447 996.9400000000023 232.1879882811918 663.4163528645682 391.62618492087404 2300.0 2300.0 2300.0 0.0 128.0 128.0 128.0 0.0 1 1 1.0
48000.0 50000.0 3 1 257.1722313924732 14194.661914729424 468.4925808434583 671693.4212022467 997.3429999999935 225.89208984375 662.2897005208264 395.58454059070374 2300.0 2300.0 2300.0 0.0 128.0 128.0 128.0 0.0 1 1 1.0
50000.0 52000.0 3 1 258.9878200052446 14233.765343422448 491.5479367872606 704710.5535115828 993.8379999999306 223.697265625 663.3330585937365 396.49885845732723 2300.0 2300.0 2300.0 0.0 128.0 128.0 128.0 0.0 1 1 1.0
52000.0 54000.0 3 1 277.52269018250615 15093.22475833989 487.6100805507062 703687.5408157711 999.4809999999707 214.3959960936918 662.9052434895615 404.334571395997 2300.0 2300.0 2300.0 0.0 128.0 128.0 128.0 0.0 1 1 1.0
54000.0 56000.0 3 1 240.882634872727 13356.330469396551 443.434872455652 637503.9250705746 999.7270000000135 203.740966796875 662.9339902343733 411.8674104293398 2300.0 2300.0 2300.0 0.0 128.0 128.0 128.0 0.0 1 1 1.0
56000.0 58000.0 1 1 8.455166782943568 912.3893610321833 5.380560680054998 2813.2645841430417 676.926033203199 676.926033203199 676.926033203199 0.0 0.0 0.0 0.0 0.0 0.0 0.0 0.0 0.0 0 0 1.0
58000.0 60000.0 2 1 182.29712494331687 11738.176461203324 359.50353365610147 514050.8912575545 999.8000000000466 403.325927734375 701.5629638672108 421.77086130101117 2300.0 2300.0 2300.0 0.0 128.0 128.0 128.0 0.0 1 2 1.0
60000.0 62000.0 3 1 280.94920415133606 17024.993305542386 516.587071790749 744230.2609869355 999.125 401.257080078125 665.4353841145834 304.9350410729304 1500.0 1500.0 1500.0 0.0 128.0 128.0 128.0 0.0 3 3 1.0
62000.0 64000.0 3 1 251.10629897723993 14085.516859675703 483.8892126849532 694701.7190393033 994.38400000002 396.333984375 662.4939680989677 304.3949485820898 1500.0 1500.0 1500.0 0.0 128.0 128.0 128.0 0.0 2 1 1.0
64000.0 66000.0 2 1 138.64737192810713 8005.313373578589 212.0201818681964 305084.12871620676 602.9680156250251 390.84399999998277 496.90600781250396 149.99432990098862 0.0 0.0 0.0 0.0 0.0 0.0 0.0 0.0 0 0 1.0
66000.0 68000.0 2 1 198.82922778209357 13901.420775451605 365.0471105698219 522115.53649785346 999.3150000000023 399.074951171875 699.1949755859387 424.4338088661132 2300.0 2300.0 2300.0 0.0 128.0 128.0 128.0 0.0 2 3 1.0
68000.0 70000.0 3 1 267.1553571178971 15071.953693209016 464.3301492280044 666390.2686129519 996.75 395.1279296875 663.3369928385364 306.06526200740404 2300.0 2300.0 2300.0 0.0 128.0 128.0 128.0 0.0 1 1 1.0
70000.0 72000.0 3 1 272.9956736773494 14712.449924807244 522.105468176181 753514.782232033 999.1730000000098 389.3569335936918 664.0926679687303 309.35418465173365 2300.0 2300.0 2300.0 0.0 128.0 128.0 128.0 0.0 1 1 1.0
72000.0 74000.0 3 1 263.20326349355287 14077.138083595604 489.2253224414415 709229.0011888657 999.4130000000005 382.845947265625 663.8100045572888 311.89388067272824 2300.0 2300.0 2300.0 0.0 128.0 128.0 128.0 0.0 2 1 1.0
74000.0 76000.0 3 1 254.50479656389706 13938.03905405548 500.39861366559296 723879.2877139684 998.0729999999749 376.3359375 663.193996744793 313.63793141018687 2300.0 2300.0 2300.0 0.0 128.0 128.0 128.0 0.0 1 1 1.0
76000.0 78000.0 3 1 266.43464748941824 14092.45036716044 501.30140029150573 725347.6332232663 997.6840000000084 370.8798828125 663.9956484375094 315.3655836930279 2300.0 2300.0 2300.0 0.0 128.0 128.0 128.0 0.0 1 1 1.0
78000.0 80000.0 3 1 194.39196028094275 10957.82635407041 355.1499333976073 511450.70329332585 999.314000000013 364.988037109375 663.3420514322934 318.83175583984485 2300.0 2300.0 2300.0 0.0 128.0 128.0 128.0 0.0 1 1 1.0
80000.0 82000.0 3 1 273.7683300477611 15167.651420792563 534.6423398207828 773257.8506052253 996.4090000000433 363.5659179686918 662.2999602864535 317.90113942749736 2300.0 2300.0 2300.0 0.0 128.0 128.0 128.0 0.0 1 1 1.0
82000.0 84000.0 2 1 101.716743547088 5390.070326857639 163.7996624090626 231891.9366325102 636.0350820312742 85.48299999994924 360.75904101561173 389.29911060072226 0.0 0.0 0.0 0.0 0.0 0.0 0.0 0.0 0 0 1.0
84000.0 86000.0 2 1 177.38559091202444 11816.561743057544 362.37184178227676 520240.33887364937 999.6080000000075 399.450927734375 699.5294638671912 424.37513557609356 2300.0 2300.0 2300.0 0.0 128.0 128.0 128.0 0.0 1 2 1.0
86000.0 88000.0 3 1 279.94050103519817 15857.286531547004 514.0911127497316 744634.7066885836 995.3080000000773 395.79931640625 663.5194628906514 304.84624720350666 2300.0 2300.0 2300.0 0.0 128.0 128.0 128.0 0.0 2 1 1.0
88000.0 90000.0 2 1 200.6739080527774 10479.151725395452 355.5370454679916 511229.954437767 900.2710000000079 602.660683593771 751.4658417968894 210.44227288192417 0.0 0.0 0.0 0.0 0.0 0.0 0.0 0.0 0 0 1.0
90000.0 92000.0 2 1 180.73853860374075 11500.2274161198 358.9756134125738 513880.5906750572 996.9380000000237 403.708984375 700.3234921875119 419.47625974507463 2300.0 2300.0 2300.0 0.0 128.0 128.0 128.0 0.0 1 2 1.0
92000.0 94000.0 3 1 272.5811403665892 15953.765484716881 505.5118593316862 730284.5673043159 999.1510000000126 397.886962890625 664.2833261718819 306.42429873669386 2300.0 2300.0 2300.0 0.0 128.0 128.0 128.0 0.0 1 1 1.0
94000.0 96000.0 3 1 269.6454167604828 15118.558897055394 500.7293077680924 724622.8742891023 997.8979999999865 385.886962890625 661.9483333333241 310.3696721723564 2300.0 2300.0 2300.0 0.0 128.0 128.0 128.0 0.0 1 1 1.0
96000.0 98000.0 3 1 267.3148043702231 15146.453276358752 498.8373607216775 721342.0617024269 996.7280000000028 381.326904296875 662.5569804687597 311.0975486258075 2300.0 2300.0 2300.0 0.0 128.0 128.0 128.0 0.0 2 1 1.0
98000.0 100000.0 3 1 266.28398014122166 14701.292779366691 494.93914701504076 716723.5129802543 996.7939999999944 377.36328125 663.0931256510667 312.48922960396186 2300.0 2300.0 2300.0 0.0 128.0 128.0 128.0 0.0 1 1 1.0
100000.0 102000.0 3 1 254.5841773618411 14738.673334745125 470.5964459733224 677623.6871397584 997.4820000000182 370.26708984375 662.7619361979305 315.7322641447595 2300.0 2300.0 2300.0 0.0 128.0 128.0 128.0 0.0 1 1 1.0
102000.0 104000.0 3 1 254.63427056595927 14019.714836576853 471.19702728160075 679185.629701597 997.5479999999516 365.2060546875 663.828654947904 317.6285882467307 2300.0 2300.0 2300.0 0.0 128.0 128.0 128.0 0.0 1 1 1.0
104000.0 106000.0 3 1 245.36089565787762 14238.64095596843 462.8838938598945 664845.960173008 999.5100000000093 331.577880859375 642.0269420573022 336.4408961203522 2300.0 2300.0 2300.0 0.0 128.0 128.0 128.0 0.0 1 1 1.0
106000.0 108000.0 3 1 270.0660274064361 14940.88065466599 513.0031607572278 744535.3585321635 999.6759999999776 322.643310546875 663.1621432291577 338.5341127878605 2300.0 2300.0 2300.0 0.0 128.0 128.0 128.0 0.0 1 2 1.0
108000.0 110000.0 3 1 264.7147595076792 14625.472077291835 494.9408604843434 718026.2679334437 995.3890000000247 318.721923828125 663.7688710937509 338.5332961204823 2300.0 2300.0 2300.0 0.0 128.0 128.0 128.0 0.0 1 1 1.0
110000.0 112000.0 3 1 225.5473224305374 12482.470413197016 415.7436010785504 599512.0801715631 999.505999999994 310.427978515625 663.3953515625132 344.84814309579974 2300.0 2300.0 2300.0 0.0 0.0 0.0 0.0 0.0 1 0 1.0
112000.0 114000.0 3 1 178.17639437210545 10625.931946600795 325.2718662803551 461384.5534138229 998.5690000000177 301.21728515625 662.1797688802277 349.3246872274386 2300.0 2300.0 2300.0 0.0 128.0 128.0 128.0 0.0 1 1 1.0
114000.0 116000.0 3 1 239.39736583949903 13955.766204253216 416.28514557233706 595981.0066516447 999.1450000000186 286.764892578125 661.1908691406328 357.58775287941756 2300.0 2300.0 2300.0 0.0 128.0 128.0 128.0 0.0 1 2 1.0
116000.0 118000.0 3 1 254.1261595283351 14348.13982878507 461.3241543263918 661576.6897469129 999.875 267.318115234375 655.1787408854192 368.1810278358323 2300.0 2300.0 2300.0 0.0 0.0 0.0 0.0 0.0 1 0 1.0
118000.0 120000.0 3 1 220.70813359063808 12999.045532606906 393.0326615873991 563122.256699045 993.3209999999963 238.219970703125 649.954285156234 382.1648696813413 2300.0 2300.0 2300.0 0.0 128.0 128.0 128.0 0.0 1 2 1.0
120000.0 122000.0 3 1 269.81115926696447 15011.185181454412 483.2263992627018 701594.7433404993 998.6369999999879 231.659912109375 663.9746471354156 392.70275545716294 2300.0 2300.0 2300.0 0.0 128.0 128.0 128.0 0.0 1 1 1.0
122000.0 124000.0 3 1 234.49758227279798 13369.035331346104 407.8911053207518 589735.2154001514 999.954000000027 222.873291015625 662.512126302075 398.4931257717828 2300.0 2300.0 2300.0 0.0 128.0 128.0 128.0 0.0 1 1 1.0
124000.0 126000.0 3 1 233.60236601626875 13031.048103939596 422.08142299892035 604887.8841089562 998.0709999999963 170.5600585936918 640.819589192688 425.1725718939622 2300.0 2300.0 2300.0 0.0 128.0 128.0 128.0 0.0 1 1 1.0
126000.0 128000.0 3 1 255.24484574742655 14039.930182717926 497.1320647334069 721835.7579929068 997.8330000000424 162.8720703125 660.9330039062576 440.1926559565412 2300.0 2300.0 2300.0 0.0 128.0 128.0 128.0 0.0 2 1 1.0
128000.0 130000.0 3 1 260.1672557459777 14757.106607276786 493.9372383648428 717196.8701057517 999.8310000000056 154.6059570311918 663.461295572905 448.23522150467863 2300.0 2300.0 2300.0 0.0 128.0 128.0 128.0 0.0 1 1 1.0
130000.0 132000.0 2 1 203.79740444739858 10127.66095495642 365.45966386888347 527468.4319376188 840.2550429687253 777.6170000000275 808.9360214843764 44.29178494342059 0.0 0.0 0.0 0.0 0.0 0.0 0.0 0.0 0 0 1.0
132000.0 134000.0 2 1 169.13975732421076 11209.443046874543 332.4249550781103 476222.9404809358 997.9569999999949 402.4799804686918 700.2184902343433 421.06583855133863 2300.0 2300.0 2300.0 0.0 128.0 128.0 128.0 0.0 1 2 1.0
134000.0 136000.0 3 1 271.2262380871524 14890.627748781564 495.30176572541166 716361.2739751756 997.4020000000019 395.410888671875 663.444302734395 306.36225757491553 2300.0 2300.0 2300.0 0.0 128.0 128.0 128.0 0.0 2 1 1.0
136000.0 138000.0 3 1 235.58135936605925 12280.194239382037 415.1541483890116 598914.7142228248 998.3360000000102 386.73291015625 663.1683404947786 310.0027273005453 0.0 0.0 0.0 0.0 0.0 0.0 0.0 0.0 0 0 1.0
138000.0 140000.0 3 1 198.76660639475242 12336.40587883427 365.9467143292828 524687.7593459382 999.0339999999851 329.930908203125 641.801999348953 336.8500348024085 2300.0 2300.0 2300.0 0.0 128.0 128.0 128.0 0.0 1 2 1.0
140000.0 142000.0 3 1 254.74713079289546 13989.603388631978 470.62292243710283 681106.5985455891 999.564000000013 322.076904296875 662.5653320312655 338.7570294894036 2300.0 2300.0 2300.0 0.0 128.0 128.0 128.0 0.0 1 1 1.0
142000.0 144000.0 3 1 256.8872998444294 14305.80405255126 507.69337352539094 735742.649600785 994.7530000000261 316.4609375 661.629011067717 339.3063888194024 2300.0 2300.0 2300.0 0.0 128.0 128.0 128.0 0.0 2 1 1.0
144000.0 146000.0 3 1 272.73403473662034 15380.383233787334 503.19851682231854 728085.2232659763 992.6980000000331 313.080078125 662.7760468750106 340.2401926637821 2300.0 2300.0 2300.0 0.0 128.0 128.0 128.0 0.0 1 1 1.0
146000.0 148000.0 3 1 245.2613923996799 13392.698069693311 457.73795839006044 661457.8643604507 994.7150000000256 306.103271484375 662.0200644531287 344.89269223762744 2300.0 2300.0 2300.0 0.0 128.0 128.0 128.0 0.0 1 1 1.0
148000.0 150000.0 3 1 268.5002552034766 15257.215330887648 486.62040845541054 701997.4080178053 998.2719999999972 298.696044921875 662.2122578124981 350.5952403676786 2300.0 2300.0 2300.0 0.0 128.0 128.0 128.0 0.0 1 1 1.0
150000.0 152000.0 3 1 268.62584738182727 14877.436778234642 488.7102207094742 706984.1729963565 996.9459999999963 295.2919921875 663.5309824218663 352.1208861648317 2300.0 2300.0 2300.0 0.0 128.0 128.0 128.0 0.0 1 1 1.0
152000.0 154000.0 3 1 266.87957446749726 14700.691419141473 497.44181679741905 720560.926782039 997.695000000007 295.123291015625 664.1860996093795 352.6326868821098 2300.0 2300.0 2300.0 0.0 128.0 128.0 128.0 0.0 2 2 1.0
154000.0 156000.0 3 1 241.53715951352189 13485.55688438399 444.2104287923778 641064.7825056951 994.9160000000265 289.794921875 662.3648769531477 354.2598818549881 0.0 0.0 0.0 0.0 0.0 0.0 0.0 0.0 0 0 1.0
156000.0 158000.0 3 1 204.77429340633608 11730.840887013004 340.69836477803335 493561.2890701501 971.0389999999898 280.0439453125 653.6206744791707 348.9038064075535 2300.0 2300.0 2300.0 0.0 128.0 128.0 128.0 0.0 1 2 1.0
158000.0 160000.0 3 1 266.273829959619 14637.935760186923 507.6578649668829 734660.8750420812 993.9440000000177 271.937255859375 661.8174368489612 364.451704518201 2300.0 2300.0 2300.0 0.0 128.0 128.0 128.0 0.0 2 1 1.0
160000.0 162000.0 3 1 264.7358200691927 15148.855388954547 493.4551325282123 714407.4289721706 998.4340000000084 266.169921875 663.8598886718779 370.18965198494 2300.0 2300.0 2300.0 0.0 128.0 128.0 128.0 0.0 1 1 1.0
162000.0 164000.0 3 1 227.5490769986789 13267.231685987166 436.6739540040619 629680.5812138978 999.6780000000144 254.839111328125 662.1237298177051 377.2836911738749 2300.0 2300.0 2300.0 0.0 128.0 128.0 128.0 0.0 1 1 1.0
164000.0 166000.0 3 1 192.89454476118036 9814.66175854899 337.3560807446262 486052.0292411973 743.6878886718769 61.325927734375 480.6622721354167 367.0548244714741 2300.0 2300.0 2300.0 0.0 128.0 128.0 128.0 0.0 1 1 1.0
166000.0 168000.0 3 1 240.46633479965686 14640.030160940205 466.7123255004372 674635.1390738331 999.5389999999898 51.75390625 662.533659505231 529.8947704926189 2300.0 2300.0 2300.0 0.0 128.0 128.0 128.0 0.0 1 1 1.0
168000.0 170000.0 2 1 188.41944449321323 9602.384287185116 299.38304802637543 431876.3432870989 945.0160937500186 399.3399999999674 672.178046874993 385.85126622204746 0.0 0.0 0.0 0.0 0.0 0.0 0.0 0.0 0 0 1.0
170000.0 172000.0 2 1 175.99160844454002 11591.831818476194 343.3545510587945 491785.8805325161 996.4099999999162 400.8012695311918 698.605634765554 421.15897224834566 2300.0 2300.0 2300.0 0.0 128.0 128.0 128.0 0.0 1 2 1.0
172000.0 174000.0 3 1 247.64035668394624 13665.723961124444 456.9155118577223 658758.9984043399 984.9349999999977 396.36328125 659.578337239606 299.1660934951065 2300.0 2300.0 2300.0 0.0 128.0 128.0 128.0 0.0 1 1 1.0
174000.0 176000.0 3 1 274.0287160684454 15097.27567268554 511.70308669566793 741170.1540756791 996.1579999999958 391.18994140625 661.6468867187505 307.52851949908256 2300.0 2300.0 2300.0 0.0 128.0 128.0 128.0 0.0 2 1 1.0
176000.0 178000.0 3 1 266.3066543225433 15036.885152061164 504.6374593095804 731688.5711418678 993.9249999999884 387.02490234375 663.1009869791645 307.13178585203184 2300.0 2300.0 2300.0 0.0 128.0 128.0 128.0 0.0 1 1 1.0
178000.0 180000.0 3 1 246.6409246115766 13591.4073091499 466.79155691508674 676372.3406407059 999.76800000004 379.216064453125 663.71205403648 313.4724836476116 2300.0 2300.0 2300.0 0.0 128.0 128.0 128.0 0.0 1 1 1.0
180000.0 182000.0 3 1 255.4165724582341 14165.146715222992 476.82532672267195 688224.5908261708 999.3570000000182 369.6279296875 662.1199550781361 317.24007167885617 2300.0 2300.0 2300.0 0.0 128.0 128.0 128.0 0.0 1 1 1.0
182000.0 184000.0 3 1 220.19360737577506 12425.895156224897 418.8599492258896 597853.6546056729 999.9639999999781 359.457275390625 662.4311152343677 321.64881743430084 2300.0 2300.0 2300.0 0.0 128.0 128.0 128.0 0.0 1 1 1.0
184000.0 186000.0 3 1 249.49358914821386 14174.84019663351 465.9566043106048 667790.6527373309 995.2829999999958 346.6088867186918 657.3595371093446 325.18963331368906 2300.0 2300.0 2300.0 0.0 128.0 128.0 128.0 0.0 1 1 1.0
186000.0 188000.0 3 1 239.12214658966937 13904.308083502603 444.2606102936516 637026.4973586773 998.7829999999958 290.031982421875 646.4513652343885 354.3931905279455 2300.0 2300.0 2300.0 0.0 128.0 128.0 128.0 0.0 1 1 1.0
188000.0 190000.0 3 1 263.96186816773564 14332.15810037801 477.18912186740675 690402.5193132051 999.4969999999739 281.11328125 662.9717662760328 361.331038794724 2300.0 2300.0 2300.0 0.0 128.0 128.0 128.0 0.0 1 1 1.0
190000.0 192000.0 3 1 231.5609252770047 13291.408790843945 419.5789855703623 595451.7510605016 995.7660000000033 227.52197265625 629.392230468744 385.3501289704757 2300.0 2300.0 2300.0 0.0 128.0 128.0 128.0 0.0 1 1 1.0
192000.0 194000.0 3 1 257.07694510627385 14371.435985562124 474.9777400396282 681870.8698526928 999.7800000000279 223.8369140625 665.2896471354179 398.8767118276441 2300.0 2300.0 2300.0 0.0 128.0 128.0 128.0 0.0 1 1 1.0
194000.0 196000.0 3 1 229.36887343398953 12773.97516544427 390.44539565394246 559145.2699632257 999.9939999999478 217.423095703125 663.4703938801928 402.61754110369503 2300.0 2300.0 2300.0 0.0 128.0 128.0 128.0 0.0 1 1 1.0
196000.0 198000.0 3 1 195.34284678012563 11522.581874604617 367.58077737821725 525252.5843450909 996.4370000000345 213.727294921875 625.2767330729403 392.91485651474704 2300.0 2300.0 2300.0 0.0 128.0 128.0 128.0 0.0 1 1 1.0
198000.0 200000.0 3 1 245.76764070391818 13906.199106419619 449.0851447750468 643544.6224385893 999.875 209.528076171875 664.324927083333 408.4445011843705 2300.0 2300.0 2300.0 0.0 128.0 128.0 128.0 0.0 1 1 1.0
200000.0 202000.0 3 1 273.37094662739304 15177.424396707576 476.26451102480326 688883.9898727078 999.9370000000345 208.612060546875 665.1256614583544 409.4598520607145 2300.0 2300.0 2300.0 0.0 128.0 128.0 128.0 0.0 1 1 1.0
202000.0 204000.0 3 1 239.0071150635421 13269.165695342173 424.22096822609547 607323.0515323313 999.2090000000317 206.506103515625 663.1380143229229 409.87275223522397 2300.0 2300.0 2300.0 0.0 128.0 128.0 128.0 0.0 1 1 1.0
204000.0 206000.0 3 1 244.33141971549222 14073.198940582757 441.1135173370005 634066.9958917475 998.2439999999478 204.465087890625 659.3943281249764 409.42287426356626 2300.0 2300.0 2300.0 0.0 128.0 128.0 128.0 0.0 1 2 1.0
206000.0 208000.0 3 1 270.9549977574487 15074.961424158599 486.26037306842744 703386.3054952602 997.7839999999851 196.707275390625 662.5013958333293 416.18015520711714 2300.0 2300.0 2300.0 0.0 128.0 128.0 128.0 0.0 2 1 1.0
208000.0 210000.0 3 1 201.39642575109053 11400.740610326131 348.98537453738146 500897.2335519962 802.4547246093862 57.977294921875 502.81900651042815 392.90615449176414 2300.0 2300.0 2300.0 0.0 128.0 128.0 128.0 0.0 1 1 1.0
210000.0 212000.0 3 1 248.02787492473198 15127.739635066444 472.684802362844 682923.3330308495 999.3240000000224 45.73291015625 661.0518717447994 533.7604355442396 2300.0 2300.0 2300.0 0.0 128.0 128.0 128.0 0.0 1 1 1.0
212000.0 214000.0 3 1 260.4395790062854 13751.348133264812 526.1989008967356 760301.8041020602 999.6809999999823 39.696044921875 663.9347115885466 541.1225995350782 2300.0 2300.0 2300.0 0.0 128.0 128.0 128.0 0.0 1 1 0.0
214000.0 216000.0 3 1 263.01034392433934 14556.782968130603 491.68134299330995 708676.522895478 998.8669999999693 32.47607421875 663.6816764322963 546.9907306209639 2300.0 2300.0 2300.0 0.0 128.0 128.0 128.0 0.0 1 1 1.0
216000.0 218000.0 3 1 240.6921365305215 13507.892550088027 429.49651270101424 618851.6614397264 998.1269999999786 22.970947265625 662.6676243489686 554.2134818670805 2300.0 2300.0 2300.0 0.0 128.0 128.0 128.0 0.0 1 1 1.0
218000.0 220000.0 2 1 202.50437639856293 11175.725809646066 358.1167595263379 515822.1356435135 956.0350527344272 555.126953125 755.5810029297136 283.48483586643783 2300.0 2300.0 2300.0 0.0 128.0 128.0 128.0 0.0 1 1 1.0
220000.0 222000.0 2 1 169.35150912860075 9541.94674835298 299.81511565177675 431285.0092480632 809.2460000000428 444.35504687495995 626.8005234375014 258.01686734836875 0.0 0.0 0.0 0.0 0.0 0.0 0.0 0.0 0 0 1.0
222000.0 224000.0 2 1 165.51123022545667 10027.151511134549 341.03902197601474 489893.52224373096 996.3000000000466 397.52294921875 696.9114746093983 423.39931302633653 2300.0 2300.0 2300.0 0.0 128.0 128.0 128.0 0.0 1 1 1.0
224000.0 226000.0 3 1 263.3093024577384 15442.426153560758 500.4702289238639 719201.0568078127 999.7380000000121 396.705078125 664.7920429687559 307.0256827099726 2300.0 2300.0 2300.0 0.0 128.0 128.0 128.0 0.0 1 2 1.0
226000.0 228000.0 3 1 257.01256047074406 14151.528849042475 500.18915838472503 723196.8377550401 996.7360000000335 392.822998046875 664.0073066406185 306.62438251736876 2300.0 2300.0 2300.0 0.0 128.0 128.0 128.0 0.0 2 1 1.0
228000.0 230000.0 3 1 256.6826789843702 14602.52127956118 490.4055469626768 706880.635823991 993.1019999999553 389.468994140625 662.6289986978906 305.87053819809876 2300.0 2300.0 2300.0 0.0 128.0 128.0 128.0 0.0 1 1 1.0
230000.0 232000.0 2 1 145.48422786169064 7466.372206701038 226.89604375271963 324979.9473694252 608.4760058593238 461.14399999997113 534.8100029296475 104.1794604289644 0.0 0.0 0.0 0.0 0.0 0.0 0.0 0.0 0 0 1.0
232000.0 234000.0 2 1 180.44373398233412 11682.414472482773 348.03292609449556 499561.8086892076 999.6720000000205 399.63525390625 699.6536269531352 424.29005212401574 2300.0 2300.0 2300.0 0.0 128.0 128.0 128.0 0.0 1 2 1.0
234000.0 236000.0 3 1 277.7879691682861 14724.345031875353 472.7037086068567 681276.1074866087 995.6679999999469 396.3349609375 662.4055690104142 305.26394927685254 2300.0 2300.0 2300.0 0.0 0.0 0.0 0.0 0.0 1 0 1.0
236000.0 238000.0 3 1 253.6331794625877 15063.45282080313 475.33772364062963 682509.0563045932 999.5870000000577 332.123291015625 643.1351100260703 336.04397143780557 2300.0 2300.0 2300.0 0.0 128.0 128.0 128.0 0.0 1 2 1.0
238000.0 240000.0 2 1 180.13511738679205 9408.787674838743 321.9256416580181 462784.02751959045 719.3410000000149 667.315708984388 693.3283544922015 36.78743607035332 2300.0 2300.0 2300.0 0.0 0.0 0.0 0.0 0.0 1 0 1.0
240000.0 242000.0 2 1 189.94387723809123 14628.768981673564 360.7720359148865 519824.99614841514 997.969000000041 403.353271484375 700.661135742208 420.4568138336066 2300.0 2300.0 2300.0 0.0 128.0 128.0 128.0 0.0 3 4 1.0
242000.0 244000.0 3 1 241.65916213169356 14153.395501867733 433.0333787606965 626452.4659605314 998.4129999999423 399.451904296875 664.4212109374736 305.38774672735764 2300.0 2300.0 2300.0 0.0 128.0 128.0 128.0 0.0 1 1 1.0
244000.0 246000.0 3 1 212.26173669918316 12186.885983419204 373.81879421407535 536219.893686077 998.8360000000102 392.243896484375 663.397997395834 308.36311391687235 840.0 840.0 840.0 0.0 0.0 0.0 0.0 0.0 2 0 1.0
246000.0 248000.0 3 1 172.57220326936164 12236.757521936022 314.94588163302524 445697.3025261368 997.8190000000177 364.09912109375 652.8807415364621 320.57042475187365 840.0 840.0 840.0 0.0 128.0 128.0 128.0 0.0 2 3 1.0
248000.0 250000.0 2 1 50.56302066167041 2832.1920111034783 72.42990947731644 99259.34167883969 596.1798789062304 37.26500000001397 316.7224394531222 395.2125009806437 0.0 0.0 0.0 0.0 0.0 0.0 0.0 0.0 0 0 1.0
250000.0 252000.0 2 1 172.40405512539616 12830.02999828685 305.52801505306917 431835.1139399696 994.8149999999441 388.4140625 691.6145312499721 428.7902150240903 840.0 840.0 840.0 0.0 128.0 128.0 128.0 0.0 2 2 1.0
252000.0 254000.0 2 1 194.59594487460382 11560.97000171315 338.4719849469308 484398.8860600303 839.4290000000037 611.2159375000047 725.3224687500042 161.37100404909873 1500.0 1500.0 1500.0 0.0 128.0 128.0 128.0 0.0 2 2 1.0
254000.0 256000.0 2 1 175.57294843485863 11284.925948741862 348.3431516564655 496413.93380816473 996.4749999999767 400.4189453125 698.4469726562384 421.4752782368144 1500.0 1500.0 1500.0 0.0 128.0 128.0 128.0 0.0 2 2 1.0
256000.0 258000.0 2 1 136.42705156514137 7700.074051258137 233.65684834353445 330308.0661918352 597.2050546874525 445.59499999997206 521.4000273437123 107.20449776558074 0.0 0.0 0.0 0.0 0.0 0.0 0.0 0.0 0 0 1.0
258000.0 260000.0 2 1 178.89775458354566 11284.310215386724 354.6943853144036 507761.7103619082 998.6879999999655 403.97509765625 701.3315488281078 420.5255261063743 1500.0 1500.0 1500.0 0.0 128.0 128.0 128.0 0.0 2 2 1.0
260000.0 262000.0 3 1 150.41643137401147 8717.564693402244 270.66039737458897 387805.43410250894 593.3559023437556 55.77001953125 384.2529739583454 287.9901705147423 1500.0 1500.0 1500.0 0.0 128.0 128.0 128.0 0.0 1 1 1.0
262000.0 264000.0 3 1 202.73672469684442 12902.498413973259 406.72158329260975 585314.8438541722 995.9320000000298 46.3359375 661.5233059896078 533.4422822673571 1500.0 1500.0 1500.0 0.0 128.0 128.0 128.0 0.0 1 1 1.0
264000.0 266000.0 2 1 168.15045009539628 9561.696291923232 292.11588035821126 416612.72014769935 719.43206250004 557.345947265625 638.3890048828325 114.61219121843905 1500.0 1500.0 1500.0 0.0 128.0 128.0 128.0 0.0 1 1 1.0
266000.0 268000.0 3 1 174.15279019169918 10484.884220699041 309.49896680510636 440919.74275631865 553.9033203125 332.1350000000093 442.56345768230193 110.88696933269557 1500.0 1500.0 1500.0 0.0 128.0 128.0 128.0 0.0 1 1 1.0
268000.0 270000.0 3 1 136.88102796071763 9164.986911641636 264.9044526640818 376160.2157515316 998.1360000000568 439.72667968750466 648.8685332031455 304.43658268360383 1500.0 1500.0 1500.0 0.0 128.0 128.0 128.0 0.0 1 1 1.0
270000.0 272000.0 3 1 169.5740267370966 10367.583938673823 306.54305824884557 430508.3123388062 948.0479999999516 490.849080078071 646.1576692707991 261.48110506941384 1500.0 1500.0 1500.0 0.0 128.0 128.0 128.0 0.0 1 1 1.0
272000.0 274000.0 3 1 154.83227677617955 9448.49812775974 293.60287335953706 415097.3434907164 997.2689999999711 495.0860722656362 662.9103496093691 289.5638034726412 1500.0 1500.0 1500.0 0.0 128.0 128.0 128.0 0.0 1 1 1.0
274000.0 276000.0 3 1 226.80436018167654 12981.869096345847 416.92716647836664 585581.9204686626 997.2070000000531 490.949951171875 663.3463248698196 289.18348906847507 1500.0 1500.0 1500.0 0.0 128.0 128.0 128.0 0.0 1 1 1.0
276000.0 278000.0 3 1 138.40627406623855 8858.31058908067 267.8043442015267 376500.8287915846 999.2870000000112 173.175048828125 523.6026653645871 427.06225897279586 1500.0 1500.0 1500.0 0.0 128.0 128.0 128.0 0.0 1 1 1.0
278000.0 280000.0 3 1 184.4030351384685 12182.281749762928 345.71326747015536 492531.84087278834 996.9799999999814 332.67529296875 641.7917819010327 334.5401905859257 2300.0 2300.0 2300.0 0.0 128.0 128.0 128.0 0.0 2 2 1.0
280000.0 282000.0 2 1 94.7448481981256 5026.515751350855 167.8136244325669 241164.08706330272 667.1137070312398 47.34499999997206 357.2293535156059 438.2426555090281 0.0 0.0 0.0 0.0 0.0 0.0 0.0 0.0 0 0 1.0
282000.0 284000.0 2 1 178.628484163439 11777.637839397743 338.64826483249385 485833.6311025443 998.5039999999572 399.375 698.9394999999786 423.6481787054847 2300.0 2300.0 2300.0 0.0 128.0 128.0 128.0 0.0 1 2 1.0
284000.0 286000.0 3 1 269.8580248786688 14817.922012349773 506.19321871277407 733677.9623293304 995.9880000000121 394.979248046875 663.1787493489683 305.669257146131 2300.0 2300.0 2300.0 0.0 128.0 128.0 128.0 0.0 1 1 1.0
286000.0 288000.0 3 1 263.20522887062805 14457.852386607437 497.65381789930757 721198.0869742278 998.7750000000233 384.027099609375 661.5836171874931 311.6825037154355 2300.0 2300.0 2300.0 0.0 128.0 128.0 128.0 0.0 2 1 1.0
288000.0 290000.0 3 1 264.9875704409718 15282.57651874968 483.32757864606083 699702.1414855013 995.9420000000391 382.42529296875 662.6967311198047 310.1698849150607 2300.0 2300.0 2300.0 0.0 128.0 128.0 128.0 0.0 1 1 1.0
290000.0 292000.0 3 1 259.64687813389435 14333.175625979791 492.591760745689 711053.2366027404 998.9629999999888 378.22998046875 663.6125624999792 313.36872900658744 2300.0 2300.0 2300.0 0.0 128.0 128.0 128.0 0.0 1 1 1.0
292000.0 294000.0 3 1 270.95288433636716 15377.923391087803 499.3016401880176 718228.7283627974 997.0250000000233 372.514892578125 662.9389707031272 314.53615539891496 2300.0 2300.0 2300.0 0.0 128.0 128.0 128.0 0.0 1 1 1.0
294000.0 296000.0 3 1 279.06477845690983 15480.234824722596 501.85811560389857 725639.0803668476 996.1019999999553 368.345947265625 663.1680182291506 315.6086243200324 2300.0 2300.0 2300.0 0.0 128.0 128.0 128.0 0.0 1 1 1.0
296000.0 298000.0 3 1 273.35219957348824 15103.593337462347 507.04809619505625 734305.5464750116 998.6080000000075 365.1279296875 663.2426608072905 318.3786357815752 2300.0 2300.0 2300.0 0.0 128.0 128.0 128.0 0.0 2 2 1.0
298000.0 300000.0 3 1 226.30395114563282 12524.08406364283 382.37750717670235 550483.5863009989 984.7750000000233 0.0 538.2790234374892 498.76201331546804 0.0 0.0 0.0 0.0 0.0 0.0 0.0 0.0 0 0 1.0
300000.0 302000.0 0 0 0.0 0.0 0.0 0.0 0.0 0.0 0.0 0.0 0.0 0.0 0.0 0.0 0.0 0.0 0.0 0.0 0 0 
