ts te nbins ncons c_pkts_all c_bytes_all s_pkts_all s_bytes_all max_bin_duration min_bin_duration avg_bin_duration std_bin_duration max_video_rate min_video_rate avg_video_rate std_video_rate max_audio_rate min_audio_rate avg_audio_rate std_audio_rate video_reqs audio_reqs media_reqs
0.0 2000.0 0 0 0.0 0.0 0.0 0.0 0.0 0.0 0.0 0.0 0.0 0.0 0.0 0.0 0.0 0.0 0.0 0.0 0 0 
2000.0 4000.0 0 0 0.0 0.0 0.0 0.0 0.0 0.0 0.0 0.0 0.0 0.0 0.0 0.0 0.0 0.0 0.0 0.0 0 0 
4000.0 6000.0 0 0 0.0 0.0 0.0 0.0 0.0 0.0 0.0 0.0 0.0 0.0 0.0 0.0 0.0 0.0 0.0 0.0 0 0 
6000.0 8000.0 2 1 260.13642562320734 25061.633290044832 557.4180984034369 764576.5920715064 992.6780000000144 965.35498046875 979.0164902343822 19.320292393049566 840.0 480.0 600.0 185.903200617956 128.0 128.0 128.0 0.0 6 7 0.0
8000.0 10000.0 3 1 206.23897256650235 14407.279457076893 445.33269797598234 606301.1262870587 950.31298828125 28.882019531272817 641.4840026041687 530.5349027189526 480.0 480.0 480.0 0.0 128.0 128.0 128.0 0.0 3 3 1.0
10000.0 12000.0 3 1 217.18148346466612 14288.661622113017 421.54599442963445 600892.1838121563 999.9519999999902 48.259011718735565 661.3276614583447 531.9019138409069 1500.0 1500.0 1500.0 0.0 128.0 128.0 128.0 0.0 3 2 1.0
12000.0 14000.0 3 1 272.1256501393106 14910.471812515196 490.95978888035256 710804.0813103572 999.2579999999725 60.800027343735565 662.2446842447777 522.1290953831793 1500.0 1500.0 1500.0 0.0 128.0 128.0 128.0 0.0 1 1 1.0
14000.0 16000.0 3 1 115.5301835503612 8020.9324523003625 231.64838845087743 330395.292464685 768.720947265625 69.80997460929211 370.7179739583128 359.4297043940947 3000.0 3000.0 3000.0 0.0 128.0 128.0 128.0 0.0 2 2 1.0
16000.0 18000.0 3 1 259.1368087750294 14545.832613389839 493.3241752740548 713167.7095731592 996.6359999999986 228.4950527343899 663.8596835937545 394.21237983259215 3000.0 3000.0 3000.0 0.0 128.0 128.0 128.0 0.0 1 1 1.0
18000.0 20000.0 3 1 265.3315301912276 14224.810515851826 503.53495948939644 729425.2542272012 999.4569999999949 233.11600195313804 662.3773613281277 391.398433243804 3000.0 3000.0 3000.0 0.0 128.0 128.0 128.0 0.0 1 1 1.0
20000.0 22000.0 3 1 264.9714555639127 13883.471156254967 467.7364490324791 676287.1062175385 995.2700000000768 242.21591796877328 662.8116308594084 384.1858354214496 0.0 0.0 0.0 0.0 128.0 128.0 128.0 0.0 0 1 1.0
22000.0 24000.0 3 1 265.43315546211187 14215.58137790415 509.69085014574745 736829.5698593457 998.6439999999711 248.70302539062686 665.126335937491 381.7824983072804 3000.0 3000.0 3000.0 0.0 128.0 128.0 128.0 0.0 1 1 1.0
24000.0 26000.0 3 1 260.7802164885121 15896.066980098629 496.5613175325894 713848.0549074538 994.7669999999925 251.0150175781455 664.1399856770877 378.6768901346262 1500.0 1500.0 1500.0 0.0 128.0 128.0 128.0 0.0 3 2 1.0
26000.0 28000.0 3 1 234.61712038409638 15120.369390748103 401.0378517924197 571712.3914697825 992.0810000000056 250.2720605468494 662.0603138020766 377.6037300266066 1500.0 1500.0 1500.0 0.0 128.0 128.0 128.0 0.0 1 1 1.0
28000.0 30000.0 3 1 221.85398076431005 12626.874498954938 409.0862350961976 587991.715859348 995.5709999999963 254.56011914060218 662.5163626301995 376.14089027583543 2300.0 2300.0 2300.0 0.0 128.0 128.0 128.0 0.0 2 2 1.0
30000.0 32000.0 3 1 232.27090911931987 13068.663545748184 450.91642222084414 648302.4976692195 995.289999999979 244.4340312500135 657.1113795572892 380.9313806867892 2300.0 2300.0 2300.0 0.0 128.0 128.0 128.0 0.0 1 1 1.0
32000.0 34000.0 3 1 242.4041728945307 13196.527280458573 473.03643712896144 678961.1573009489 996.8869999999879 267.91889257810544 663.2656197916561 368.3831419280018 2300.0 2300.0 2300.0 0.0 128.0 128.0 128.0 0.0 2 1 1.0
34000.0 36000.0 3 1 258.5630614798578 13845.684110635313 459.63529933977634 662078.8971509549 998.8950000000186 270.6350332031143 662.4176445312527 367.2664540956743 2300.0 2300.0 2300.0 0.0 128.0 128.0 128.0 0.0 1 1 1.0
36000.0 38000.0 3 1 273.0501208369909 14980.321505195641 495.2903379517718 717057.4458148512 993.7579999999143 280.3360996093834 661.1273951822659 359.1410462335447 2300.0 2300.0 2300.0 0.0 128.0 128.0 128.0 0.0 1 2 1.0
38000.0 40000.0 2 1 163.37475269605304 8492.818390709539 288.2446968554781 414982.9240044331 994.2179999999935 289.3249140625121 641.7714570312528 498.4346810779049 0.0 0.0 0.0 0.0 0.0 0.0 0.0 0.0 0 0 1.0
40000.0 42000.0 2 1 238.09553155334183 14068.404674594683 468.1534533164626 678340.1589911759 999.3389999999199 788.212890625 893.77594531246 149.28870362453858 2300.0 2300.0 2300.0 0.0 128.0 128.0 128.0 0.0 1 2 1.0
42000.0 44000.0 3 1 258.09079334240033 13625.760780040175 515.4671539487692 745967.1531318141 999.560999999987 210.76610937499208 662.4860709635346 406.7025417743007 2300.0 2300.0 2300.0 0.0 128.0 128.0 128.0 0.0 2 1 1.0
44000.0 46000.0 3 1 259.82145036309873 13972.256305308894 482.25849343579796 697139.506880162 998.6049999999814 217.92189648438944 663.8439264322902 402.03743071535797 2300.0 2300.0 2300.0 0.0 128.0 128.0 128.0 0.0 1 1 1.0
46000.0 48000.0 3 1 265.08944816579344 14413.471133477447 484.2671178869924 700145.1519000004 990.4220000000205 218.9391171875177 660.2813424479294 397.5811880783139 2300.0 2300.0 2300.0 0.0 128.0 128.0 128.0 0.0 1 1 1.0
48000.0 50000.0 3 1 154.2808722577411 8701.728115266666 276.0312232955464 398187.6747117893 650.8389999999781 227.30508984375047 387.6543938802012 229.73151237691053 2300.0 2300.0 2300.0 0.0 128.0 128.0 128.0 0.0 1 1 1.0
50000.0 52000.0 3 1 267.6151576079154 15315.88524770067 510.3082213582993 738795.5374122505 998.545999999973 279.3129882811918 663.7509654947595 362.1772323146167 2300.0 2300.0 2300.0 0.0 128.0 128.0 128.0 0.0 1 1 1.0
52000.0 54000.0 3 1 265.76005832240594 14163.580724185596 517.6569358944544 748012.8709187477 997.0079999999725 276.991943359375 662.6619850260516 362.7415019570246 2300.0 2300.0 2300.0 0.0 128.0 128.0 128.0 0.0 1 1 1.0
54000.0 56000.0 3 1 218.49346078044695 12163.812821981013 402.37140320823016 580710.2774583502 998.6489999999758 275.112060546875 663.4270390624879 364.67873131696797 2300.0 2300.0 2300.0 0.0 128.0 128.0 128.0 0.0 1 1 1.0
56000.0 58000.0 3 1 262.2610275343749 14191.370629099749 477.4688947500998 688620.3881710845 998.0420000000158 272.327880859375 665.0319401041683 366.5211806276999 2300.0 2300.0 2300.0 0.0 128.0 128.0 128.0 0.0 1 1 1.0
58000.0 60000.0 2 1 173.83582195459337 9553.100909509838 309.87257589910894 445714.4184654621 787.39208984375 484.3781191406306 635.8851044921903 214.26323347843757 2300.0 2300.0 2300.0 0.0 128.0 128.0 128.0 0.0 1 1 1.0
60000.0 62000.0 3 1 268.37714841361293 14775.357399634748 502.4579495163894 727803.9514439019 994.7170000000042 206.71791015617782 661.6403313801857 407.8853171780466 2300.0 2300.0 2300.0 0.0 128.0 128.0 128.0 0.0 1 1 1.0
62000.0 64000.0 3 1 265.75683890522976 14293.576941373209 499.69006588300437 721760.9756621224 999.1460000000079 214.26291601569392 663.0052832031312 404.375707275042 2300.0 2300.0 2300.0 0.0 128.0 128.0 128.0 0.0 1 1 1.0
64000.0 66000.0 3 1 261.82274495363606 14143.630201365402 481.6905060287478 698005.6147537418 999.5869999999995 223.3240664062323 663.9323509114523 398.63201666233766 2300.0 2300.0 2300.0 0.0 128.0 128.0 128.0 0.0 1 1 1.0
66000.0 68000.0 3 1 229.8823263313028 12977.461227898599 426.4930594987254 612453.7608403617 999.5829999999842 226.31301367189735 663.4069882812522 396.38988933177234 2300.0 2300.0 2300.0 0.0 128.0 128.0 128.0 0.0 1 1 1.0
68000.0 70000.0 3 1 218.08854268417286 12053.971225127138 392.42195724689236 563058.8434742753 993.5229999999865 228.3690488281427 661.6433782552098 392.524912977449 2300.0 2300.0 2300.0 0.0 128.0 128.0 128.0 0.0 1 1 1.0
70000.0 72000.0 3 1 271.01596686470066 14386.38450212894 482.51485238984515 693301.2147934134 994.8829999999725 234.9959140624851 662.6869329426942 388.8400187884337 2300.0 2300.0 2300.0 0.0 128.0 128.0 128.0 0.0 1 1 1.0
72000.0 74000.0 3 1 207.9420133364178 12008.640401290979 394.30897076506756 565462.1639355309 993.0339999999851 140.07411523442715 611.8423535156375 433.63375155881266 2300.0 2300.0 2300.0 0.0 128.0 128.0 128.0 0.0 1 1 1.0
74000.0 76000.0 3 1 238.87198394465463 13770.174261375956 419.98574198932374 599644.0590931907 996.8730000000214 296.1950546875014 654.1224570312576 350.58543688694476 2300.0 2300.0 2300.0 0.0 128.0 128.0 128.0 0.0 1 1 1.0
76000.0 78000.0 3 1 252.4901559097844 13802.876658126006 457.32346295715155 656607.8867142808 999.7660000000033 328.99168359377654 664.3209205729266 335.3871732075703 2300.0 2300.0 2300.0 0.0 128.0 128.0 128.0 0.0 1 1 1.0
78000.0 80000.0 3 1 214.81903554535378 12246.76669692311 402.03771021752635 576317.4013999955 996.4319999999716 328.7019218750065 662.0169713541594 333.86639809034136 2300.0 2300.0 2300.0 0.0 128.0 128.0 128.0 0.0 1 1 1.0
80000.0 82000.0 3 1 240.63763721553252 13514.193537606317 459.81028048827164 661238.6164961699 998.9469999999856 328.61400781251723 660.6216542968759 335.2111500178881 2300.0 2300.0 2300.0 0.0 128.0 128.0 128.0 0.0 2 1 1.0
82000.0 84000.0 3 1 209.72327373070536 11194.570069725894 376.29743986052404 542617.3469346123 999.8470000000088 342.1610449219006 663.1444459635337 329.12463096053335 0.0 0.0 0.0 0.0 128.0 128.0 128.0 0.0 0 1 1.0
84000.0 86000.0 3 1 227.29818403386574 13717.038580048036 421.072318131914 606033.431836203 996.3600000000442 342.68370703130495 658.339927083347 327.41148488339905 2300.0 2300.0 2300.0 0.0 128.0 128.0 128.0 0.0 2 1 1.0
86000.0 88000.0 3 1 276.695436179291 15447.981384047172 501.7443760209017 726157.23486599 991.9529999998631 363.67592578125186 663.758632812455 315.0804969761347 2300.0 2300.0 2300.0 0.0 128.0 128.0 128.0 0.0 1 2 1.0
88000.0 90000.0 3 1 269.24006183961365 14841.793077887276 502.30577955192535 727942.5107469364 999.0169999999925 362.8080273437663 664.0943450520863 319.4354654844138 2300.0 2300.0 2300.0 0.0 128.0 128.0 128.0 0.0 1 1 1.0
90000.0 92000.0 3 1 197.1683897453969 10861.677610124458 342.7827401542553 493076.85855814884 843.9130000000005 288.7392578125 500.5467499999989 300.05874603399724 2300.0 2300.0 2300.0 0.0 128.0 128.0 128.0 0.0 1 1 1.0
92000.0 94000.0 3 1 217.93878688683526 13487.976234172487 397.4668393659861 573570.8178937176 999.0210000000079 262.050048828125 656.9219303385471 371.30886465398567 2300.0 2300.0 2300.0 0.0 128.0 128.0 128.0 0.0 1 1 1.0
94000.0 96000.0 3 1 260.6542453269941 14350.8017081817 508.0488877695358 737267.985041366 996.3420000000042 258.490966796875 663.8149726562551 374.2734119069711 2300.0 2300.0 2300.0 0.0 128.0 128.0 128.0 0.0 1 1 1.0
96000.0 98000.0 3 1 265.1180646990504 14859.832443089535 492.9385942829112 715272.838898787 996.7399999999907 250.061279296875 662.705437499991 379.4955591178452 2300.0 2300.0 2300.0 0.0 128.0 128.0 128.0 0.0 1 1 1.0
98000.0 100000.0 3 1 216.89638773285617 12361.709619750618 408.9624585463338 588975.4898092767 998.9930000000168 245.055908203125 663.4212096354458 383.7269324701915 2300.0 2300.0 2300.0 0.0 128.0 128.0 128.0 0.0 1 1 1.0
100000.0 102000.0 3 1 285.37149836249927 15894.132509404275 476.65556817076657 690694.8849839532 997.8740000000107 239.886962890625 664.2100182291664 387.0405506165745 2300.0 2300.0 2300.0 0.0 128.0 128.0 128.0 0.0 1 1 1.0
102000.0 104000.0 3 1 254.8437355254454 14138.337835570808 486.86004662719216 700735.6598153573 999.7330000000075 227.743896484375 662.4523111979166 395.10873860106545 2300.0 2300.0 2300.0 0.0 128.0 128.0 128.0 0.0 1 1 1.0
104000.0 106000.0 2 1 192.1477122504709 10709.263863177706 366.5784830642864 528277.3016825336 785.43994140625 706.1281035155989 745.7840224609245 56.08193840084754 2300.0 2300.0 2300.0 0.0 128.0 128.0 128.0 0.0 1 1 1.0
106000.0 108000.0 3 1 271.55990638676093 15313.452375408975 481.0987860304929 693926.2209304115 998.2710000000079 212.76105859375093 662.6986744791697 405.05065330418415 2300.0 2300.0 2300.0 0.0 128.0 128.0 128.0 0.0 1 1 1.0
108000.0 110000.0 3 1 184.9317612104942 10848.696756008783 344.1157991490642 491736.1403644412 991.3890000000247 221.65803515625885 654.3986536458251 393.6972510957198 2300.0 2300.0 2300.0 0.0 128.0 128.0 128.0 0.0 1 1 1.0
110000.0 112000.0 3 1 280.3874040112155 15628.87029151903 489.3996474503674 709852.2880979335 994.9689999999828 246.36507421877468 663.1524550781274 381.46689455796417 2300.0 2300.0 2300.0 0.0 128.0 128.0 128.0 0.0 1 1 1.0
112000.0 114000.0 3 1 266.9299197354836 14685.162403175173 510.0836788629125 740641.501708949 994.7280000000028 251.4337089844048 662.5469856770942 377.8813666962213 2300.0 2300.0 2300.0 0.0 128.0 128.0 128.0 0.0 1 1 1.0
114000.0 116000.0 3 1 263.6727518460782 14551.946840700233 486.1446213875786 701810.8594545111 997.1350000000093 255.12475195311708 664.3615677083338 376.8683972020897 2300.0 2300.0 2300.0 0.0 128.0 128.0 128.0 0.0 1 1 1.0
116000.0 118000.0 3 1 211.35483846818852 12561.466193205519 390.31588014149605 557863.5237941082 987.9340000000084 235.66904882807285 640.1694407551937 379.3281629711201 2300.0 2300.0 2300.0 0.0 128.0 128.0 128.0 0.0 1 1 1.0
118000.0 120000.0 3 1 202.2952456082247 11754.828346408485 393.16522337815115 565944.1693166725 999.7810000000172 299.02272656251444 654.1665904948022 350.47631492589585 2300.0 2300.0 2300.0 0.0 128.0 128.0 128.0 0.0 1 1 1.0
120000.0 122000.0 3 1 259.9398545118923 14476.922299528112 473.63051749713304 678739.0115594281 998.8680000000168 336.0669550781022 665.0194153645813 331.42764717601005 2300.0 2300.0 2300.0 0.0 128.0 128.0 128.0 0.0 1 1 1.0
122000.0 124000.0 3 1 208.58684292338012 12248.447396213198 400.0016241856421 576085.8581639613 998.841999999946 335.49570898438105 662.7505904947757 331.7614182229128 2300.0 2300.0 2300.0 0.0 128.0 128.0 128.0 0.0 1 1 1.0
124000.0 126000.0 3 1 258.57341620821404 15376.329053080139 460.741795688 664817.3934292092 995.7800000000861 344.87693750002654 662.8596855469126 325.70853129845375 2300.0 2300.0 2300.0 0.0 128.0 128.0 128.0 0.0 1 1 1.0
126000.0 128000.0 3 1 227.03018178282002 12212.684848192204 424.5942964809649 610371.2977957991 999.3939999999711 339.37888085935265 660.9056575520663 330.3343161226244 2300.0 2300.0 2300.0 0.0 128.0 128.0 128.0 0.0 1 1 1.0
128000.0 130000.0 3 1 233.41145554119126 14018.39217728514 445.16795174567415 639549.8095265622 996.0610000000452 348.7919082031003 659.8903411458401 324.36211505511415 2300.0 2300.0 2300.0 0.0 128.0 128.0 128.0 0.0 1 1 1.0
130000.0 132000.0 3 1 250.28052821115426 13973.356467707714 477.1308709753208 688729.7331809986 998.5119999999879 365.1248847656534 663.8809960937555 318.2138673507761 2300.0 2300.0 2300.0 0.0 128.0 128.0 128.0 0.0 2 1 1.0
132000.0 134000.0 3 1 262.32810344926406 14520.650132965886 487.96671932479796 704729.8526074189 997.4480000000331 368.5848964843899 662.818664062516 316.3716994267033 2300.0 2300.0 2300.0 0.0 128.0 128.0 128.0 0.0 1 2 1.0
134000.0 136000.0 3 1 200.3058059121977 11606.8608828129 337.303067617043 486185.2968235257 998.9280000000144 374.3479042968829 659.4979739583408 315.8081842441893 0.0 0.0 0.0 0.0 0.0 0.0 0.0 0.0 0 0 1.0
136000.0 138000.0 3 1 221.88180433172218 12509.94573073578 428.3846876486356 621459.8101620801 994.0289999999804 393.03598242189037 663.3386367187486 305.01337403741934 2300.0 2300.0 2300.0 0.0 128.0 128.0 128.0 0.0 2 2 1.0
138000.0 140000.0 3 1 257.2747972365508 14223.119255662054 483.4448288130649 699382.8947395023 995.7750000000233 396.9360722656129 663.5793906250037 304.75374072449523 2300.0 2300.0 2300.0 0.0 128.0 128.0 128.0 0.0 1 1 1.0
140000.0 142000.0 3 1 266.08424869985464 14977.09314350489 458.3577540800366 658691.4556212812 966.914999999979 400.231900390645 652.3333906249997 288.46188277063675 2300.0 2300.0 2300.0 0.0 128.0 128.0 128.0 0.0 1 1 1.0
142000.0 144000.0 3 1 180.97249849268132 9691.650597092095 338.4029674047874 488543.1086717513 700.1080000000075 286.166015625 463.14391471354367 213.39106941952463 2300.0 2300.0 2300.0 0.0 128.0 128.0 128.0 0.0 1 1 1.0
144000.0 146000.0 3 1 250.8337436309537 14806.510926058587 482.68246259029075 696706.9356811022 993.1199999999953 270.988037109375 659.0456738281258 364.0800616900984 2300.0 2300.0 2300.0 0.0 128.0 128.0 128.0 0.0 1 1 1.0
146000.0 148000.0 3 1 260.3095333481125 14244.864130632333 514.7401257192446 744584.6625443432 996.4720000000088 262.1411132811918 662.4626920572676 371.6294535483109 2300.0 2300.0 2300.0 0.0 128.0 128.0 128.0 0.0 1 1 1.0
148000.0 150000.0 3 1 231.29483874772276 12971.219852270244 443.7842565127485 640390.7404565108 998.8360000000102 257.73291015625 662.1472656250116 375.1646535301455 2300.0 2300.0 2300.0 0.0 128.0 128.0 128.0 0.0 1 1 1.0
150000.0 152000.0 3 1 261.36556382237205 14627.822155312893 476.7013637580825 685524.1271900402 997.0590000000084 255.381103515625 664.5090644531301 376.72227305127655 2300.0 2300.0 2300.0 0.0 128.0 128.0 128.0 0.0 1 1 1.0
152000.0 154000.0 2 1 171.56140272350285 9722.495634291583 318.67688179506354 458315.0202785237 785.406005859375 538.3478964844253 661.8769511719001 174.6964644861547 2300.0 2300.0 2300.0 0.0 128.0 128.0 128.0 0.0 1 1 1.0
154000.0 156000.0 3 1 271.4432466965895 15315.679229554964 467.5708131220086 673550.9303647806 998.789999999979 213.22599414060824 663.8283294270708 405.3483370226155 2300.0 2300.0 2300.0 0.0 128.0 128.0 128.0 0.0 1 1 1.0
156000.0 158000.0 3 1 269.5448910224703 14907.555652715317 507.5268353493394 733578.9202902208 994.189000000013 219.90900585940108 663.9083196614714 399.47005273137285 2300.0 2300.0 2300.0 0.0 128.0 128.0 128.0 0.0 1 1 1.0
158000.0 160000.0 3 1 240.91324611671263 13680.194113864016 429.35291703123875 621208.4355293587 994.1480000000447 219.34604687499814 662.3966972656393 399.2119427486162 2300.0 2300.0 2300.0 0.0 128.0 128.0 128.0 0.0 1 1 1.0
160000.0 162000.0 3 1 188.5949759602981 11135.430196670543 340.3461431284399 491158.5998224947 989.6620000000112 226.0749550780747 655.0103001301953 390.4271354616645 2300.0 2300.0 2300.0 0.0 128.0 128.0 128.0 0.0 1 1 1.0
162000.0 164000.0 3 1 260.9386473594209 14354.014790536641 495.3232718145828 718218.325320672 992.204000000027 246.72605468751863 662.6336673177235 380.16435415283416 2300.0 2300.0 2300.0 0.0 128.0 128.0 128.0 0.0 1 1 1.0
164000.0 166000.0 3 1 204.76725060686863 11776.131962517598 403.19444835233395 576433.4043616911 998.1670000000158 247.07205273438012 662.6609830729236 381.89770844735574 2300.0 2300.0 2300.0 0.0 128.0 128.0 128.0 0.0 1 1 1.0
166000.0 168000.0 3 1 245.74756281279838 14849.601087579651 436.79650423795323 629100.956204276 995.3379999999888 257.1211035156157 663.1890045572849 374.61853934030876 2300.0 2300.0 2300.0 0.0 128.0 128.0 128.0 0.0 1 1 1.0
168000.0 170000.0 3 1 257.73994028527517 13458.085747594223 466.54969720627116 668765.7282927379 998.3059999999823 262.56708984368015 656.9143632812193 370.7170896717793 2300.0 2300.0 2300.0 0.0 128.0 128.0 128.0 0.0 1 1 1.0
170000.0 172000.0 2 1 230.1939427296686 14574.619705853453 435.5655494257097 627669.1777661305 995.7920000000158 697.7373046875 846.7646523437579 210.75649621997022 2300.0 2300.0 2300.0 0.0 128.0 128.0 128.0 0.0 1 1 1.0
172000.0 174000.0 3 1 196.69816593339755 11479.424565562338 343.825097878665 497509.9622773847 995.2820000000065 298.09569531248417 663.1396516927052 349.75573293557136 2300.0 2300.0 2300.0 0.0 128.0 128.0 128.0 0.0 1 1 1.0
174000.0 176000.0 3 1 229.17928552249512 14762.259069694905 443.91500453660456 636713.6499650939 996.3609999999171 298.7187402343843 659.4962252603922 349.4353215369387 2300.0 2300.0 2300.0 0.0 128.0 128.0 128.0 0.0 3 4 1.0
176000.0 178000.0 3 1 257.8340849516785 15286.001831419113 469.3364204593441 673308.4907494849 997.2079999999842 309.0940644532093 662.3464563802312 344.42541217150847 2300.0 2300.0 2300.0 0.0 0.0 0.0 0.0 0.0 1 0 1.0
178000.0 180000.0 3 1 234.1635665097516 13273.444932195573 422.6220188963305 609842.4660140146 992.9839999999967 318.23469531250885 663.2079895833352 337.6312694663664 2300.0 2300.0 2300.0 0.0 128.0 128.0 128.0 0.0 1 1 1.0
180000.0 182000.0 3 1 225.52813704330157 12731.41935637599 440.74827987652986 631658.1933024558 998.1759999999776 320.7857265624916 664.0512070312203 338.7876322460829 2300.0 2300.0 2300.0 0.0 128.0 128.0 128.0 0.0 1 1 1.0
182000.0 184000.0 3 1 262.58339004569325 14446.62327320634 506.71865614796263 732905.4059083619 999.8939999999711 321.51010546879843 661.3813652343815 339.19398798657716 2300.0 2300.0 2300.0 0.0 128.0 128.0 128.0 0.0 2 2 1.0
184000.0 186000.0 3 1 235.40225391506908 13159.300723997685 448.3976769895229 648865.5529542459 994.9590000000317 336.8500097657088 662.0127526042052 329.1235299461366 2300.0 2300.0 2300.0 0.0 128.0 128.0 128.0 0.0 1 1 1.0
186000.0 188000.0 3 1 250.60284008913857 14287.680317739254 451.9876779288355 651821.280331164 998.7110000000102 345.5857519531273 664.5512285156098 326.82762636855875 2300.0 2300.0 2300.0 0.0 128.0 128.0 128.0 0.0 1 1 1.0
188000.0 190000.0 3 1 245.02173703928844 14130.611413806706 449.1439152314051 647286.6286092217 996.2289999999339 348.13406640623 662.7487890624519 324.45907403480743 2300.0 2300.0 2300.0 0.0 128.0 128.0 128.0 0.0 1 1 1.0
190000.0 192000.0 3 1 256.38493978094675 14404.259897853639 490.71726591437675 710211.8465158145 995.8919999998761 347.4706992187421 661.5515638020394 324.6850527945165 2300.0 2300.0 2300.0 0.0 128.0 128.0 128.0 0.0 1 1 1.0
192000.0 194000.0 3 1 267.72194585607696 15175.526533554079 474.65101554772536 683472.0420721612 997.8399999999674 358.5010078125051 663.8636692708242 320.6285129003269 2300.0 2300.0 2300.0 0.0 128.0 128.0 128.0 0.0 1 1 1.0
194000.0 196000.0 3 1 144.546944631687 7662.144469325228 264.2471799364422 380120.90526771406 488.26600000000326 284.007080078125 377.5213600260516 103.2138099862751 2300.0 2300.0 2300.0 0.0 128.0 128.0 128.0 0.0 1 1 1.0
196000.0 198000.0 3 1 264.9252936675373 15704.958245158103 509.8372916125436 739895.1253954903 999.5829999999842 275.694091796875 662.9793372395603 364.5960161223056 2300.0 2300.0 2300.0 0.0 128.0 128.0 128.0 0.0 1 1 1.0
198000.0 200000.0 3 1 268.6143293929066 14799.278349019254 484.39592183918353 699673.8531314053 997.3179999999702 271.09130859375 664.0934055989297 366.78510628281686 2300.0 2300.0 2300.0 0.0 128.0 128.0 128.0 0.0 1 1 1.0
200000.0 202000.0 3 1 204.3671023848276 11727.394490894307 391.96238055142487 567421.0239656812 999.2989999999991 264.06298828125 663.4068932291508 371.7022951919307 2300.0 2300.0 2300.0 0.0 128.0 128.0 128.0 0.0 1 1 1.0
202000.0 204000.0 3 1 268.14285876007864 14992.355015284236 485.6441456857417 701961.6589739219 997.3129999999655 259.3759765625 663.6356627603915 373.99754494955164 2300.0 2300.0 2300.0 0.0 128.0 128.0 128.0 0.0 1 1 1.0
204000.0 206000.0 3 1 202.11561791343485 11810.901230465372 380.28121390765614 550202.9631556917 998.9030000000494 229.614013671875 652.8873457031247 390.42021937667766 2300.0 2300.0 2300.0 0.0 128.0 128.0 128.0 0.0 1 1 1.0
206000.0 208000.0 3 1 268.8398707953148 15058.019787190782 490.10785732503035 708411.2054917021 997.3939999999711 221.0712890625 662.6437584635181 399.0331805173448 2300.0 2300.0 2300.0 0.0 128.0 128.0 128.0 0.0 1 1 1.0
208000.0 210000.0 3 1 256.71996447981456 14311.367206488869 478.6655064636437 690128.3701718596 997.655999999959 217.97607421875 664.6115950520616 402.0601980706597 2300.0 2300.0 2300.0 0.0 128.0 128.0 128.0 0.0 1 1 1.0
210000.0 212000.0 3 1 227.29627953231184 12833.384860256632 419.0056751554518 601937.1377532742 996.109000000055 213.89404296875 662.963322916689 403.78678906905685 2300.0 2300.0 2300.0 0.0 128.0 128.0 128.0 0.0 1 1 1.0
212000.0 214000.0 3 1 247.3169100228106 13849.61162889114 443.2147562509925 638393.2328984371 997.1380000000354 205.780029296875 662.990328776068 409.78063314860174 2300.0 2300.0 2300.0 0.0 128.0 128.0 128.0 0.0 1 1 1.0
214000.0 216000.0 3 1 209.52377147526033 12011.97674153388 399.5636222416538 570572.3877312844 999.0760000000009 203.6552734375 665.635414713528 412.99557643127145 2300.0 2300.0 2300.0 0.0 128.0 128.0 128.0 0.0 1 1 1.0
216000.0 218000.0 3 1 280.08804471095743 15504.672646986657 471.6545177259327 679406.2057381961 999.4070000000065 194.876953125 663.2288932291558 418.2338947822023 2300.0 2300.0 2300.0 0.0 128.0 128.0 128.0 0.0 1 1 1.0
218000.0 220000.0 3 1 248.57957605552303 13936.765509740306 460.4979696124028 660355.0753602411 999.6459999999497 186.90087890625 663.0583085937348 423.96750093412794 2300.0 2300.0 2300.0 0.0 128.0 128.0 128.0 0.0 1 1 1.0
220000.0 222000.0 3 1 181.75256730201593 10487.776403144677 339.65395596278375 485742.01520878327 997.5219999999972 185.180908203125 663.3780097656418 424.8976188659173 2300.0 2300.0 2300.0 0.0 128.0 128.0 128.0 0.0 1 1 1.0
222000.0 224000.0 1 1 58.856579459013425 3261.2217943614787 88.63942689610455 127257.14329078422 451.4320917968871 451.4320917968871 451.4320917968871 0.0 0.0 0.0 0.0 0.0 0.0 0.0 0.0 0.0 0 0 1.0
224000.0 226000.0 2 1 222.51093806016934 15188.898404339629 434.6033864436438 626736.7036321069 999.1820000000298 699.845947265625 849.5139736328274 211.66255274211161 2300.0 2300.0 2300.0 0.0 128.0 128.0 128.0 0.0 1 2 1.0
226000.0 228000.0 3 1 258.01447495208834 14831.71170034027 493.77988412311686 715031.229981388 997.9599999999627 298.7350527343806 664.3330026041561 350.70712577763317 2300.0 1500.0 1766.6666666666667 461.8802153517006 128.0 128.0 128.0 0.0 3 3 1.0
228000.0 230000.0 3 1 250.88874279401563 14858.440420860214 448.89428051435414 643552.2726957705 911.734999999986 302.6250449218787 632.1760045572883 307.616858619123 1500.0 1500.0 1500.0 0.0 0.0 0.0 0.0 0.0 1 0 1.0
230000.0 232000.0 3 1 241.77364684412453 14505.42817209076 457.9751780834327 657776.3404223204 992.1959999999963 311.6190312500112 661.1103815104192 340.66160749304345 2300.0 1500.0 2033.3333333333333 461.8802153517006 128.0 128.0 128.0 0.0 3 3 1.0
232000.0 234000.0 3 1 254.96445182345514 14627.949481889937 438.33940272242444 629594.3732807621 993.2870000000112 319.3028867187677 662.7336569010513 337.1765373437048 2300.0 2300.0 2300.0 0.0 128.0 128.0 128.0 0.0 1 1 1.0
234000.0 236000.0 3 1 228.71053952229732 12957.988052788129 421.1549822756378 608299.8897517617 997.3029999999562 320.7269160156138 662.35030403644 338.3373655898644 2300.0 2300.0 2300.0 0.0 128.0 128.0 128.0 0.0 1 1 1.0
236000.0 238000.0 3 1 213.57700670106968 12142.024530539094 397.03559815080587 574837.243722836 983.9309999999823 330.9230039062677 655.5633138020834 326.5199545834147 2300.0 2300.0 2300.0 0.0 128.0 128.0 128.0 0.0 1 1 1.0
238000.0 240000.0 3 1 228.9883205127075 12885.019098887607 447.674935791568 645898.4785871465 995.8580000000075 341.96606250002515 662.5823860677192 327.12972916913486 2300.0 2300.0 2300.0 0.0 128.0 128.0 128.0 0.0 1 1 1.0
240000.0 242000.0 3 1 276.1572371444146 15654.100683913304 488.01562264126 705954.6570494538 996.0 343.1119042969076 661.9366341145942 326.71069526357087 2300.0 2300.0 2300.0 0.0 128.0 128.0 128.0 0.0 1 1 1.0
242000.0 244000.0 3 1 206.14995504602632 11830.782621084636 369.99735605449314 535927.3539617818 996.8090000000084 352.05900195310824 663.0900338541638 322.9732136967265 2300.0 2300.0 2300.0 0.0 128.0 128.0 128.0 0.0 1 1 1.0
244000.0 246000.0 3 1 263.25603524553543 15045.723861302242 481.88496829145186 698963.7809885303 998.045999999973 358.75290039065294 663.7660559895836 320.6498487134585 2300.0 2300.0 2300.0 0.0 128.0 128.0 128.0 0.0 1 1 1.0
246000.0 248000.0 3 1 246.7575538664393 13731.653251119773 459.4585400545881 663985.800159262 998.1239999999525 363.781732421834 662.2915755208038 318.8138319140143 2300.0 2300.0 2300.0 0.0 128.0 128.0 128.0 0.0 1 1 1.0
248000.0 250000.0 3 1 199.88057137481837 11490.471753677542 381.2618763119905 551369.2444050102 998.5860000000102 372.1450058593182 663.8476725260261 315.43007285424426 2300.0 2300.0 2300.0 0.0 128.0 128.0 128.0 0.0 1 1 1.0
250000.0 252000.0 3 1 217.4473112659327 12299.475212614094 386.48563357677966 559255.1399534841 996.8939999999711 378.44398828130215 663.6873697916744 312.0023384014127 2300.0 2300.0 2300.0 0.0 128.0 128.0 128.0 0.0 1 1 1.0
252000.0 254000.0 3 1 274.23248780497835 15049.347711330447 495.6162921481518 718478.8561991164 993.655999999959 383.01987890619785 662.3275878905939 308.6239350104278 2300.0 2300.0 2300.0 0.0 128.0 128.0 128.0 0.0 1 1 1.0
254000.0 256000.0 3 1 270.8668676146225 14887.47006807622 499.77467884454916 724462.9973770294 997.1319999999832 388.662115234416 663.3253333333414 308.5163865956187 2300.0 2300.0 2300.0 0.0 128.0 128.0 128.0 0.0 1 1 1.0
256000.0 258000.0 3 1 235.72620826651345 13224.165271430931 410.0716118823274 593991.8167583953 996.5840000000317 390.52811523433775 661.3966653645815 308.1048740201174 2300.0 2300.0 2300.0 0.0 128.0 128.0 128.0 0.0 1 1 1.0
258000.0 260000.0 3 1 247.84827743178337 13791.758595635762 453.7268247576876 652203.5578811541 994.9960000000428 399.21011914056726 663.22707226562 303.6164546026398 2300.0 2300.0 2300.0 0.0 128.0 128.0 128.0 0.0 1 1 1.0
260000.0 262000.0 3 1 213.3191310532269 12182.804074876283 384.88702301533084 556510.7490852687 996.4449999999488 292.47998046875 548.7332942708163 389.0808708486757 2300.0 2300.0 2300.0 0.0 128.0 128.0 128.0 0.0 1 1 1.0
262000.0 264000.0 3 1 263.3788538140327 14698.153933138012 470.60009309094596 681293.9650017035 995.7229999999981 290.5869140625 664.6099778645827 354.5210553404269 2300.0 2300.0 2300.0 0.0 128.0 128.0 128.0 0.0 1 1 1.0
264000.0 266000.0 3 1 239.64386698121072 13297.761438350663 459.2275475651277 660847.9156318483 994.3980000000447 286.221923828125 662.6530032552158 356.1965373283107 2300.0 2300.0 2300.0 0.0 128.0 128.0 128.0 0.0 1 1 1.0
266000.0 268000.0 3 1 227.25866391854146 12741.361195255564 420.0793759746821 603554.8230989507 996.1759999999776 280.904052734375 663.2493763020806 360.18765325715765 2300.0 2300.0 2300.0 0.0 128.0 128.0 128.0 0.0 1 1 1.0
268000.0 270000.0 3 1 229.4016351640333 13005.680911568172 419.1798287063564 600573.4167623103 999.8719999999739 277.4541015625 665.4360162760519 364.1734202819637 2300.0 2300.0 2300.0 0.0 128.0 128.0 128.0 0.0 1 1 1.0
270000.0 272000.0 3 1 241.48938367952994 13391.310552620771 458.2783198860125 659610.5583611426 999.3730000000214 273.277099609375 664.3349993489683 366.2751506196449 2300.0 2300.0 2300.0 0.0 128.0 128.0 128.0 0.0 2 1 1.0
272000.0 274000.0 3 1 231.720204547597 12944.0640352176 434.3819665616319 627716.0622672719 992.515000000014 269.101318359375 661.8347395833504 365.67715921403885 0.0 0.0 0.0 0.0 128.0 128.0 128.0 0.0 0 1 1.0
274000.0 276000.0 3 1 230.07271910704307 12975.93615818801 396.78411161965914 573832.398737468 990.2619999999879 264.539306640625 661.0839960937543 367.5215091057566 2300.0 2300.0 2300.0 0.0 128.0 128.0 128.0 0.0 2 1 1.0
276000.0 278000.0 3 1 254.49148604467263 14215.044496104285 444.0433135083296 637331.0949919455 998.4379999999655 242.81396484375 657.8015527343765 383.259689650012 0.0 0.0 0.0 0.0 128.0 128.0 128.0 0.0 0 1 1.0
278000.0 280000.0 3 1 219.61369331782404 12954.776019420598 413.7481624481142 595894.1795688971 995.8610000000335 241.462890625 664.5296419271035 385.4745953176935 2300.0 2300.0 2300.0 0.0 128.0 128.0 128.0 0.0 2 2 1.0
280000.0 282000.0 3 1 252.63277197510214 14538.582684967205 457.563649282169 659996.5928481393 997.5450000000419 232.31689453125 660.6003346354313 390.70524974465553 2300.0 2300.0 2300.0 0.0 128.0 128.0 128.0 0.0 1 1 1.0
282000.0 284000.0 3 1 276.91571658808607 15293.636460796744 513.7279287590674 744461.9525581659 996.8730000000214 222.393310546875 662.1501386718979 397.7798360647252 2300.0 2300.0 2300.0 0.0 128.0 128.0 128.0 0.0 1 1 1.0
284000.0 286000.0 3 1 185.7330703244082 10789.795781982823 334.4687708160719 482911.68553905404 997.9899999999907 218.977294921875 663.6179947916729 401.0418774081341 2300.0 2300.0 2300.0 0.0 128.0 128.0 128.0 0.0 1 1 1.0
286000.0 288000.0 3 1 257.6352903410444 14174.864364861109 498.4654944281479 722885.8675955532 999.6750000000466 214.029296875 664.3053339843949 405.231289880436 2300.0 2300.0 2300.0 0.0 128.0 128.0 128.0 0.0 1 1 1.0
288000.0 290000.0 3 1 177.01050939052274 10662.815868964886 318.37387371367134 458142.8646322508 998.0929999999935 211.909912109375 665.0955384114446 406.63848578831085 2300.0 2300.0 2300.0 0.0 128.0 128.0 128.0 0.0 1 1 1.0
290000.0 292000.0 3 1 268.93344914929435 17148.269545927837 506.2309438219961 732161.6429395494 994.3240000000224 210.508056640625 663.1730481770743 405.7907153345383 2300.0 2300.0 2300.0 0.0 128.0 128.0 128.0 0.0 3 3 1.0
292000.0 294000.0 3 1 208.5538034892275 11854.866068608077 406.17470419812 586626.3579856593 997.7199999999721 207.162109375 664.7496842447823 409.74692257450386 2300.0 2300.0 2300.0 0.0 128.0 128.0 128.0 0.0 1 1 1.0
294000.0 296000.0 3 1 235.85033635212648 13114.468216067635 456.46916073044105 658297.0073444685 996.5949999999721 197.9052734375 662.4180546874801 414.9902317238949 2300.0 2300.0 2300.0 0.0 128.0 128.0 128.0 0.0 1 1 1.0
296000.0 298000.0 3 1 220.17904867933555 12468.248239081677 406.3743996977079 587390.0387147719 997.4290000000037 187.98291015625 661.4442122395849 421.871529121864 2300.0 2300.0 2300.0 0.0 128.0 128.0 128.0 0.0 1 1 1.0
298000.0 300000.0 3 1 244.5265191166229 13561.158980206616 458.8137261839237 661735.6992688735 995.1040000000503 185.010986328125 661.3526920573009 423.4521092823651 2300.0 2300.0 2300.0 0.0 128.0 128.0 128.0 0.0 1 1 1.0
