ts te nbins ncons c_pkts_all c_bytes_all s_pkts_all s_bytes_all max_bin_duration min_bin_duration avg_bin_duration std_bin_duration max_video_rate min_video_rate avg_video_rate std_video_rate max_audio_rate min_audio_rate avg_audio_rate std_audio_rate video_reqs audio_reqs media_reqs
0.0 2000.0 0 0 0.0 0.0 0.0 0.0 0.0 0.0 0.0 0.0 0.0 0.0 0.0 0.0 0.0 0.0 0.0 0.0 0 0 
2000.0 4000.0 0 0 0.0 0.0 0.0 0.0 0.0 0.0 0.0 0.0 0.0 0.0 0.0 0.0 0.0 0.0 0.0 0.0 0 0 
4000.0 6000.0 0 0 0.0 0.0 0.0 0.0 0.0 0.0 0.0 0.0 0.0 0.0 0.0 0.0 0.0 0.0 0.0 0.0 0 0 
6000.0 8000.0 1 1 151.0 16135.0 338.0 474449.0 995.2800000000279 995.2800000000279 995.2800000000279 0.0 840.0 840.0 840.0 0.0 128.0 128.0 128.0 0.0 2 3 1.0
8000.0 10000.0 2 1 248.9470354545535 18229.95686919982 455.99057006495093 637787.8868369269 964.842041015625 950.2530000000261 957.5475205078255 10.316009833138674 840.0 480.0 570.0 180.0 128.0 128.0 128.0 0.0 4 4 1.0
10000.0 12000.0 3 1 228.0529645454465 16742.04313080018 410.00942993504907 569260.1131630731 999.0389999999898 32.06695898441831 659.0126529947933 543.5998213675787 480.0 480.0 480.0 0.0 128.0 128.0 128.0 0.0 4 3 1.0
12000.0 14000.0 2 1 133.9925688946642 9415.49092547326 264.6573753510392 366173.68579783745 733.64990234375 302.5540000000037 518.1019511718769 304.83083588899666 1500.0 480.0 1160.0 588.8972745734183 128.0 128.0 128.0 0.0 3 2 1.0
14000.0 16000.0 3 1 205.89432619217794 13135.034108351794 376.55039574752544 531035.1478098098 998.5690000000177 265.26409765623976 645.5070286458358 367.40729902300654 1500.0 1500.0 1500.0 0.0 128.0 128.0 128.0 0.0 1 2 1.0
16000.0 18000.0 2 1 123.11310491315787 6517.4749661749465 200.79222890143535 285952.16639235284 699.1060000000289 325.57901171874255 512.3425058593857 264.12346636988565 0.0 0.0 0.0 0.0 0.0 0.0 0.0 0.0 0 0 0.0
18000.0 20000.0 1 1 99.97873552966449 6935.2896396092265 186.7249913568734 266452.8869774521 734.326904296875 734.326904296875 734.326904296875 0.0 1500.0 1500.0 1500.0 0.0 128.0 128.0 128.0 0.0 1 2 1.0
20000.0 22000.0 3 1 251.06746978115044 14738.25302915902 490.131674077438 698358.018460979 998.0769999999902 264.5700957031222 664.5260013020792 371.2348359302991 1500.0 1500.0 1500.0 0.0 128.0 128.0 128.0 0.0 2 1 1.0
22000.0 24000.0 3 1 205.43951801974657 11954.218657942913 366.4895328286425 518262.4969543352 993.7480000000214 268.80409179686103 644.3036595052108 363.1736136602987 1500.0 1500.0 1500.0 0.0 128.0 128.0 128.0 0.0 1 1 1.0
24000.0 26000.0 3 1 194.1006093010334 11833.487902087156 322.50052050772774 461196.06929238234 999.439000000013 329.53211328125326 665.2704003906305 334.9562018494971 1500.0 1500.0 1500.0 0.0 128.0 128.0 128.0 0.0 1 1 1.0
26000.0 28000.0 3 1 166.63674628811322 9518.775129151654 293.2905795421301 416893.70398603595 929.5999999999767 330.6569121093489 641.1359303385447 300.07782174516166 1500.0 1500.0 1500.0 0.0 128.0 128.0 128.0 0.0 1 1 1.0
28000.0 30000.0 3 1 201.16658239861115 12215.263641714351 355.70141626882776 509173.9533246296 998.195000000007 336.16112109372625 663.8076718749944 331.06841100340944 1500.0 1500.0 1500.0 0.0 128.0 128.0 128.0 0.0 1 1 1.0
30000.0 32000.0 3 1 164.32549031169393 9132.650178483538 302.3186352593566 433504.2205373591 992.3449999999721 338.387105468777 660.882055989583 327.07117059646254 1500.0 1500.0 1500.0 0.0 128.0 128.0 128.0 0.0 1 1 0.0
32000.0 34000.0 3 1 148.44978458592257 8790.963811225256 269.3453517646547 378782.538702423 994.8819999999832 343.9969375000219 657.7843528645657 326.06803941095416 1500.0 1500.0 1500.0 0.0 128.0 128.0 128.0 0.0 1 1 1.0
34000.0 36000.0 3 1 222.68635622808384 12970.165682638128 391.2494524677153 560575.5993406468 996.3880000000354 361.7288789062295 662.4639270833383 318.6285980875921 1500.0 1500.0 1500.0 0.0 128.0 128.0 128.0 0.0 1 1 1.0
36000.0 38000.0 3 1 145.05484050451557 9065.113506896389 241.0271062083667 345730.51497359277 997.1359999999986 47.85609765618574 423.4433294270614 504.69536050045843 1500.0 1500.0 1500.0 0.0 128.0 128.0 128.0 0.0 1 1 1.0
38000.0 40000.0 3 1 191.61041778274384 10029.993395316229 363.39225566893003 521290.7205246926 995.1959999999963 192.820068359375 653.4120592447968 414.17182243707475 1500.0 1500.0 1500.0 0.0 128.0 128.0 128.0 0.0 1 1 0.0
40000.0 42000.0 2 1 101.69260137812626 6401.017408986521 204.6653860913026 293298.7816636287 733.320068359375 33.87993164063664 383.6000000000058 494.5788637078658 1500.0 1500.0 1500.0 0.0 128.0 128.0 128.0 0.0 1 1 1.0
42000.0 44000.0 3 1 137.45103234513277 9875.629848956105 257.77201830685607 364044.9340128479 997.6140000000014 262.4529316406115 640.6196412760377 368.03756661537756 2300.0 2300.0 2300.0 0.0 128.0 128.0 128.0 0.0 2 2 1.0
44000.0 46000.0 3 1 289.13444287174866 16868.518112813017 524.2937311989175 757198.2112963119 999.6730000000098 334.8340078124893 663.9746666666664 332.46800403070444 2300.0 2300.0 2300.0 0.0 128.0 128.0 128.0 0.0 1 1 1.0
46000.0 48000.0 3 1 284.93610649328986 15304.029393768393 509.19586273274376 736701.6405045656 992.25900000002 340.7400078125065 663.0330351562588 325.8148224253197 2300.0 2300.0 2300.0 0.0 128.0 128.0 128.0 0.0 1 1 1.0
48000.0 50000.0 3 1 113.06040497867156 7164.15323560332 199.2884648929563 282323.8328859105 972.5239999999758 337.2859023437486 597.5005989583054 332.8177265976827 2300.0 2300.0 2300.0 0.0 128.0 128.0 128.0 0.0 1 1 1.0
50000.0 52000.0 3 1 255.72394614956738 13777.465667504195 494.25540557377803 712348.6192151661 998.3130000000237 476.845947265625 663.4436842448195 290.63777726996005 2300.0 2300.0 2300.0 0.0 128.0 128.0 128.0 0.0 1 1 0.0
52000.0 54000.0 3 1 222.57233177267966 12665.999651672268 418.7102933882964 598924.3459998064 997.7170000000042 469.6630859375 663.0150462239593 291.02422499477956 2300.0 2300.0 2300.0 0.0 128.0 128.0 128.0 0.0 1 1 1.0
54000.0 56000.0 3 1 286.0214862679284 15402.930304791258 496.5844068136246 719631.5586933829 995.3289999999688 463.656005859375 662.6139733072874 289.9780273537332 2300.0 2300.0 2300.0 0.0 128.0 128.0 128.0 0.0 1 1 1.0
56000.0 58000.0 3 1 260.67641598815453 13012.135283217714 488.4091761535675 706934.2078797978 999.5679999999702 457.8432617186918 664.3120852864231 292.9266275892828 2300.0 2300.0 2300.0 0.0 128.0 128.0 128.0 0.0 1 1 0.0
58000.0 60000.0 2 1 136.4894248979292 8168.089170229983 245.96201506513322 351807.4533718674 733.251953125 388.74073828122346 560.9963457031117 243.60621621084996 2300.0 2300.0 2300.0 0.0 128.0 128.0 128.0 0.0 1 2 1.0
60000.0 62000.0 3 1 271.01965741761546 13818.939471447931 499.19027912761686 723238.5936911879 997.9329999999609 263.52504687500186 662.0243457031125 371.1831784852691 2300.0 2300.0 2300.0 0.0 0.0 0.0 0.0 0.0 1 0 0.0
62000.0 64000.0 3 1 187.10441538733286 10615.59382360311 361.0389597314014 518748.57830245455 990.8470000000088 271.50400976557285 643.8767688801939 360.3436564187722 2300.0 2300.0 2300.0 0.0 128.0 128.0 128.0 0.0 1 2 1.0
64000.0 66000.0 3 1 272.9596592870745 14840.346953858661 504.8429836840792 728523.4116197661 999.6859999999288 326.22970312502 664.1132584635246 336.7340951632865 2300.0 2300.0 2300.0 0.0 128.0 128.0 128.0 0.0 1 1 0.0
66000.0 68000.0 3 1 267.34990268985433 14670.042710965014 499.7504947075289 721107.3102323893 997.5690000000177 332.9369277344085 663.6976139323087 332.32695528843203 2300.0 2300.0 2300.0 0.0 128.0 128.0 128.0 0.0 1 1 1.0
68000.0 70000.0 3 1 274.17109779633483 13928.799819396476 480.8701241031613 691268.2599767603 997.890000000014 333.3770859374781 663.2517076822891 332.28206791364204 2300.0 2300.0 2300.0 0.0 0.0 0.0 0.0 0.0 1 0 0.0
70000.0 72000.0 2 1 128.9063086882889 7992.586915158308 248.23395999246063 354458.5088327301 731.9819335936918 266.1899628905812 499.0859482421365 329.36466110641516 2300.0 2300.0 2300.0 0.0 128.0 128.0 128.0 0.0 1 2 1.0
72000.0 74000.0 3 1 266.3880262331038 14707.223153629435 508.3694714728541 733610.8338759367 993.3269999999902 267.03606640623184 662.9147233072823 367.54457587932205 2300.0 2300.0 2300.0 0.0 128.0 128.0 128.0 0.0 1 1 1.0
74000.0 76000.0 3 1 261.39073527050766 14330.638449963553 485.94461177189504 701238.6870177375 997.6720000000205 271.3328964844113 665.1315963541856 367.0239194741395 2300.0 2300.0 2300.0 0.0 128.0 128.0 128.0 0.0 1 1 0.0
76000.0 78000.0 3 1 251.29615901329112 13595.829432279468 486.59483529283546 699977.2882686122 999.4949999999953 271.2701074218494 662.9126692708232 367.2214527105375 2300.0 2300.0 2300.0 0.0 128.0 128.0 128.0 0.0 2 1 1.0
78000.0 80000.0 3 1 273.1739891900079 14493.085850013897 481.83709191442443 695496.4273831594 999.445000000007 278.1640996093629 663.8573300781233 363.2415996487353 0.0 0.0 0.0 0.0 128.0 128.0 128.0 0.0 0 1 0.0
80000.0 82000.0 3 1 278.56109002571793 15045.122098157639 524.6667874490495 759785.999021512 999.2619999999879 282.06710937502794 664.0708033854025 360.88181613785997 2300.0 2300.0 2300.0 0.0 128.0 128.0 128.0 0.0 2 1 1.0
82000.0 84000.0 3 1 265.8347166026796 14454.490129347309 503.1660751885081 728417.2146556437 998.9099999999744 285.5256992187351 662.9365742187365 358.4927988099658 2300.0 2300.0 2300.0 0.0 128.0 128.0 128.0 0.0 1 1 1.0
84000.0 86000.0 3 1 265.7055245849609 13986.024110065853 485.9633332904882 700699.1947385904 996.8910000000033 295.15597656252794 663.798699218741 352.21567987713684 2300.0 2300.0 2300.0 0.0 128.0 128.0 128.0 0.0 1 1 0.0
86000.0 88000.0 3 1 219.76001722683264 11640.344280629357 423.2961007225774 609415.3874939649 969.420999999973 298.229878906277 647.9999999999806 336.49239925864975 2300.0 2300.0 2300.0 0.0 128.0 128.0 128.0 0.0 1 1 1.0
88000.0 90000.0 3 1 264.71582586246694 14325.7358441123 497.54638138248725 720645.936723161 995.554999999993 322.5638789063087 664.1503033854339 336.61107075446074 2300.0 2300.0 2300.0 0.0 128.0 128.0 128.0 0.0 1 1 0.0
90000.0 92000.0 3 1 141.3932654947973 8756.824857082363 255.79817693982017 366220.14338602853 992.8499999999185 323.2019687499851 648.4903046874679 335.2311277320989 2300.0 2300.0 2300.0 0.0 128.0 128.0 128.0 0.0 1 1 1.0
92000.0 94000.0 3 1 261.260365162193 13901.863187489635 502.09076209053006 726104.5558854679 996.2490000000107 370.1860546874814 662.8713365885391 315.00889718878034 2300.0 2300.0 2300.0 0.0 128.0 128.0 128.0 0.0 1 1 0.0
94000.0 96000.0 3 1 194.8207675735406 11220.37643876428 360.46030583572235 516953.0409340559 960.335000000021 377.766044921882 651.1301171875093 292.9335583894442 2300.0 2300.0 2300.0 0.0 128.0 128.0 128.0 0.0 1 1 1.0
96000.0 98000.0 3 1 268.52239222730816 14431.374292791357 508.0257772785968 735855.7517479355 998.7760000000126 380.54769335937453 663.1328815104207 312.5106682367742 2300.0 2300.0 2300.0 0.0 128.0 128.0 128.0 0.0 1 1 0.0
98000.0 100000.0 3 1 200.14037818738154 11713.62592640437 367.89483864039653 525842.001336339 999.8609999999753 388.26104882813524 665.4147063802035 309.79906339277244 2300.0 2300.0 2300.0 0.0 128.0 128.0 128.0 0.0 1 1 1.0
100000.0 102000.0 3 1 280.95121712802467 16049.832555791354 526.6057116368296 760740.7976661933 993.9270000000834 391.3409296874888 663.7653352864824 305.4139589986749 2300.0 2300.0 2300.0 0.0 128.0 128.0 128.0 0.0 1 1 1.0
102000.0 104000.0 3 1 258.42460852952786 13424.636919748697 478.8249641885451 691146.4918732569 999.6389999999665 390.58092382812174 664.809636067696 309.0182264474407 2300.0 2300.0 2300.0 0.0 128.0 128.0 128.0 0.0 1 1 0.0
104000.0 106000.0 3 1 147.0545998301096 9555.110084489472 263.7816557677817 374643.32030332956 999.4829999999492 389.49901562498417 655.8833281249778 312.23672764593954 2300.0 2300.0 2300.0 0.0 128.0 128.0 128.0 0.0 1 1 1.0
106000.0 108000.0 3 1 272.23697749301846 14131.982759537987 517.7862438590098 751637.626083282 999.2819999999483 417.3000312499935 663.9023437499806 300.9764368850077 2300.0 2300.0 2300.0 0.0 128.0 128.0 128.0 0.0 1 1 0.0
108000.0 110000.0 3 1 174.22138481702223 10128.222743131573 318.86902004073215 455173.1148547398 992.0569999999716 417.6140000000014 657.6579928385327 298.61905767741706 2300.0 2300.0 2300.0 0.0 128.0 128.0 128.0 0.0 1 2 1.0
110000.0 112000.0 3 1 260.4705349832726 14556.253301082445 513.5756570531194 744967.5562855327 996.9849999999278 432.92102148442063 662.5686901041578 296.2674368046633 2300.0 2300.0 2300.0 0.0 128.0 128.0 128.0 0.0 1 1 0.0
112000.0 114000.0 3 1 269.7231660913544 15117.346127819368 506.4163472931853 731817.3226692813 999.7219999999506 441.699951171875 664.6080169270668 295.44843485014326 2300.0 2300.0 2300.0 0.0 128.0 128.0 128.0 0.0 1 1 1.0
114000.0 116000.0 3 1 254.98720364038024 13383.691810544504 449.44778279477276 644876.7835163623 996.045999999973 445.3609003906022 663.2596569010251 292.767634647424 2300.0 2300.0 2300.0 0.0 0.0 0.0 0.0 0.0 1 0 0.0
116000.0 118000.0 2 1 86.34988921824866 6076.985222309946 182.4192009574587 259637.6389784241 732.577880859375 8.65792968752794 370.61790527345147 511.88870650984745 2300.0 2300.0 2300.0 0.0 128.0 128.0 128.0 0.0 1 2 1.0
118000.0 120000.0 3 1 265.5085233875643 15479.913215905895 507.46911733907524 734974.8098902146 994.2380000000121 265.1961191406008 661.7700319010377 368.72441622092356 2300.0 2300.0 2300.0 0.0 128.0 128.0 128.0 0.0 1 1 1.0
120000.0 122000.0 3 1 276.35621500845104 16736.04789286673 503.7826339303913 726807.8471338954 992.588000000047 272.72102343750885 658.062317708352 362.61382461502205 1500.0 1500.0 1500.0 0.0 128.0 128.0 128.0 0.0 2 2 1.0
122000.0 124000.0 3 1 220.23739186745576 13317.874655668322 397.55114862900587 567320.6811344458 998.6030000000028 290.66207031247905 664.464007812494 355.63317042263645 1500.0 1500.0 1500.0 0.0 128.0 128.0 128.0 0.0 1 1 1.0
124000.0 126000.0 3 1 179.6818320938171 10808.153524358084 350.64354719513665 505615.7113983849 993.1199999999953 204.39208984375 486.8377122395905 439.4315289507633 1500.0 1500.0 1500.0 0.0 128.0 128.0 128.0 0.0 1 1 0.0
126000.0 128000.0 3 1 233.31721683906926 13929.013879077442 418.14624838037287 592788.6825293641 998.0900000000256 197.97802734375 663.3533124999958 415.7458653975601 1500.0 1500.0 1500.0 0.0 128.0 128.0 128.0 0.0 2 1 1.0
128000.0 130000.0 2 1 184.34278065029966 10429.295980597339 326.8205124568328 466255.1331314979 730.3720703125 636.9189726562472 683.6455214843736 66.081319075625 1500.0 1500.0 1500.0 0.0 128.0 128.0 128.0 0.0 1 1 1.0
130000.0 132000.0 3 1 168.30981890803847 10592.764448277861 291.6458003625241 413012.7004105522 993.4739999999292 267.52192968747113 652.7152773437168 365.0101766004699 1500.0 1500.0 1500.0 0.0 128.0 128.0 128.0 0.0 1 1 1.0
132000.0 134000.0 3 1 146.27100354131198 9295.496344762614 280.58177753540264 398038.91704931256 998.091999999946 301.49109765625326 657.3987929687331 348.54958725661595 1500.0 1500.0 1500.0 0.0 128.0 128.0 128.0 0.0 1 1 1.0
134000.0 136000.0 3 1 180.69500734981705 11513.900965245586 323.52881170176374 460835.0219016454 989.140000000014 322.4977187499753 659.7112708333298 333.3893150484083 1500.0 1500.0 1500.0 0.0 128.0 128.0 128.0 0.0 1 1 1.0
136000.0 138000.0 3 1 197.36406907074002 11823.397104965872 345.04664827399733 493467.33630847855 981.9259999999776 331.5029062500107 659.0409993489544 325.23651189990375 1500.0 1500.0 1500.0 0.0 128.0 128.0 128.0 0.0 1 1 1.0
138000.0 140000.0 3 1 168.92317923224613 12539.432509155195 294.3037542517152 417754.15802380996 979.3739999999525 336.22190820320975 655.5450716145957 321.59971973577956 2300.0 2300.0 2300.0 0.0 128.0 128.0 128.0 0.0 2 2 1.0
140000.0 142000.0 3 1 232.96067713571708 13529.59764717702 424.27981766669836 606896.1713215214 993.304999999993 347.65869335934985 654.2282135416559 324.0483452977834 2300.0 2300.0 2300.0 0.0 128.0 128.0 128.0 0.0 1 1 1.0
142000.0 144000.0 2 1 162.86366538871607 8560.03991055975 275.5839719013771 390740.7438152279 958.3939999999711 375.69605273439083 667.045026367181 412.0296698949731 0.0 0.0 0.0 0.0 0.0 0.0 0.0 0.0 0 0 1.0
144000.0 146000.0 1 1 96.36453903617902 6714.622231467498 197.1427210816487 283549.3458816998 730.986083984375 730.986083984375 730.986083984375 0.0 2300.0 2300.0 2300.0 0.0 128.0 128.0 128.0 0.0 1 2 1.0
146000.0 148000.0 3 1 249.2789710424497 16599.005195490223 457.8400205175296 650999.6007053237 999.3769999999786 262.7319160156185 663.4907324218657 372.58264939899607 1500.0 1500.0 1500.0 0.0 128.0 128.0 128.0 0.0 2 2 1.0
148000.0 150000.0 3 1 266.86756181420066 15430.587652372746 514.1398340657727 740947.1184749259 997.9479999999166 268.47371874999953 663.2679329426804 368.4337997057778 1500.0 1500.0 1500.0 0.0 128.0 128.0 128.0 0.0 2 2 1.0
150000.0 152000.0 3 1 252.6602013453279 16210.549875133522 472.8874782751743 672777.6220771965 993.9679999999935 274.53491992189083 661.7312792968587 362.85177495758546 2300.0 1500.0 2033.3333333333333 461.8802153517006 128.0 128.0 128.0 0.0 3 2 1.0
152000.0 154000.0 3 1 214.8287267618427 11850.235045536012 369.98994605987474 532261.312860854 997.3540000000503 281.6470820311806 531.3143606770706 403.9453514472682 0.0 0.0 0.0 0.0 0.0 0.0 0.0 0.0 0 0 1.0
154000.0 156000.0 1 1 98.19504018508596 6768.129784697417 197.1228791775233 283518.3929666372 731.415283203125 731.415283203125 731.415283203125 0.0 2300.0 2300.0 2300.0 0.0 128.0 128.0 128.0 0.0 1 2 1.0
156000.0 158000.0 3 1 270.5583617712024 15693.26842374547 516.3817636709995 747391.3484494179 994.0049999999464 266.6967167968978 662.4462265624898 367.87861133355204 2300.0 2300.0 2300.0 0.0 128.0 128.0 128.0 0.0 1 1 1.0
158000.0 160000.0 3 1 262.2164585900571 14735.82602187161 493.29738786479453 712607.8071796817 997.8260000000009 272.21903710940387 661.2530494791766 365.6370993301534 2300.0 2300.0 2300.0 0.0 128.0 128.0 128.0 0.0 1 1 1.0
160000.0 162000.0 3 1 265.9357599303037 15232.856569169213 477.09500688053066 689982.2846907723 998.9309999999823 285.7868886719225 664.4703346354266 358.62288218043074 2300.0 2300.0 2300.0 0.0 128.0 128.0 128.0 0.0 1 1 1.0
162000.0 164000.0 3 1 218.09437952335094 11784.919200516291 374.1029624061521 538751.1667134911 998.2970000000787 289.1848847656511 532.1232949219024 403.83845243763034 2300.0 2300.0 2300.0 0.0 0.0 0.0 0.0 0.0 1 0 1.0
164000.0 166000.0 1 1 97.69228806533883 6640.137474516263 184.3666489052635 263920.49064364383 733.1953125 733.1953125 733.1953125 0.0 2300.0 2300.0 2300.0 0.0 128.0 128.0 128.0 0.0 1 2 1.0
166000.0 168000.0 3 1 271.8846513128016 15149.647130568108 493.85461157572615 714924.7795747531 996.7669999999343 264.9896874999977 664.553986979144 370.5086444512518 2300.0 2300.0 2300.0 0.0 0.0 0.0 0.0 0.0 1 0 1.0
168000.0 170000.0 3 1 224.69072353455783 12779.748297237664 419.9323221901446 603466.0172509053 998.0229999999865 266.390726562473 651.7495624999865 367.3788196971901 2300.0 2300.0 2300.0 0.0 128.0 128.0 128.0 0.0 1 2 1.0
170000.0 172000.0 3 1 247.68623348943066 15386.592228079408 477.54551190089546 689077.797849285 999.2429999999586 309.11203906248556 665.868102213523 345.65907333885383 1500.0 1500.0 1500.0 0.0 128.0 128.0 128.0 0.0 2 2 1.0
172000.0 174000.0 3 1 248.58205391117212 14664.332056787498 465.2692952186809 666629.8044503251 996.9469999999856 310.29273242189083 664.0419062500005 343.8013635102832 1500.0 1500.0 1500.0 0.0 128.0 128.0 128.0 0.0 2 1 1.0
174000.0 176000.0 3 1 119.46404968669896 6768.54281281106 203.03161020928934 286331.1102310877 988.1840000000084 0.0 434.15767122397665 504.8794665675195 0.0 0.0 0.0 0.0 0.0 0.0 0.0 0.0 0 0 1.0
176000.0 178000.0 1 1 101.26391114716792 7390.064124370494 202.52782229433583 289702.8414558108 733.2373046875 733.2373046875 733.2373046875 0.0 2300.0 2300.0 2300.0 0.0 128.0 128.0 128.0 0.0 2 2 1.0
178000.0 180000.0 3 1 197.05135573074853 12727.563183454575 349.0750156652872 497186.10553483904 732.93603515625 266.0006953125121 466.2305768229223 240.4608172534591 2300.0 2300.0 2300.0 0.0 128.0 128.0 128.0 0.0 1 2 1.0
180000.0 182000.0 3 1 267.6445251712512 17372.366306526976 473.231778066952 678883.2838521218 999.4529999999795 253.41796484368388 657.9056373697628 376.9790184844565 1500.0 1500.0 1500.0 0.0 128.0 128.0 128.0 0.0 2 2 1.0
182000.0 184000.0 3 1 247.62813761287867 14212.731921978833 488.4492852211962 700371.597494558 995.9780000000028 251.9850527343806 645.3613821614612 373.83508542751576 1500.0 1500.0 1500.0 0.0 128.0 128.0 128.0 0.0 2 1 1.0
184000.0 186000.0 3 1 223.5583255476432 14157.377748674844 389.5817056769141 556881.8505159089 996.4049999999697 307.7779062499758 660.0822903645652 344.59161191330486 2300.0 2300.0 2300.0 0.0 128.0 128.0 128.0 0.0 2 2 1.0
186000.0 188000.0 3 1 244.78395638316007 14464.40029020071 467.3618357879194 670140.3754596133 987.0169999999925 320.5470351562253 658.7186920572809 333.34466513573153 2300.0 2300.0 2300.0 0.0 128.0 128.0 128.0 0.0 1 1 1.0
188000.0 190000.0 2 1 149.06978840715044 8401.496424793571 263.7725572873953 374844.9456871481 997.4419999999809 331.32395898440154 664.3829794921912 471.016583872815 0.0 0.0 0.0 0.0 0.0 0.0 0.0 0.0 0 0 1.0
190000.0 192000.0 1 1 99.17206499123593 6780.430813845242 202.01716942659172 290629.9806238719 732.4819335936918 732.4819335936918 732.4819335936918 0.0 2300.0 2300.0 2300.0 0.0 128.0 128.0 128.0 0.0 1 2 1.0
192000.0 194000.0 3 1 284.04244447642117 17593.648850850695 471.07408481725145 670413.227692295 990.8630000000121 264.62406640627887 659.2734394531386 367.2031483133564 1500.0 1500.0 1500.0 0.0 128.0 128.0 128.0 0.0 2 2 1.0
194000.0 196000.0 3 1 251.55744115634337 15431.526113501823 483.8760544109637 691262.1787146602 999.9969999999739 276.79874804685824 663.1242174479024 364.1264946202727 1500.0 1500.0 1500.0 0.0 128.0 128.0 128.0 0.0 2 1 1.0
196000.0 198000.0 3 1 264.50536020613185 16141.718896388225 479.73322071780694 689770.9464065187 991.5500000000466 284.43009570310824 662.3437884114683 356.06734447433286 1500.0 1500.0 1500.0 0.0 128.0 128.0 128.0 0.0 2 1 1.0
198000.0 200000.0 3 1 178.11370783442965 11207.096577516935 319.4446219660541 456763.23427309527 975.4429999999702 284.50073046877515 652.4482031249985 347.657679695344 2300.0 2300.0 2300.0 0.0 128.0 128.0 128.0 0.0 2 3 1.0
200000.0 202000.0 3 1 237.64041503692036 14289.673970692455 434.83602530807985 623025.50580023 999.2719999999972 301.2781210937537 662.312035807292 349.61912142774105 2300.0 2300.0 2300.0 0.0 128.0 128.0 128.0 0.0 1 1 1.0
202000.0 204000.0 3 1 236.403499627501 13499.46286307974 424.8529283586855 609536.3964771443 992.76800000004 310.52901367191225 662.2260390625257 341.61112566852813 2300.0 2300.0 2300.0 0.0 128.0 128.0 128.0 0.0 1 1 1.0
204000.0 206000.0 3 1 260.22417856185393 14701.755365097835 489.0835010209302 704093.5140429484 996.2410000000382 313.8698964844225 661.3119492187785 341.3576015583781 2300.0 2300.0 2300.0 0.0 128.0 128.0 128.0 0.0 1 1 1.0
206000.0 208000.0 3 1 225.7442975330626 12800.57945760551 425.87427173166213 611829.675566785 996.9420000000391 324.3200488281436 664.253772135436 336.3695069454564 2300.0 2300.0 2300.0 0.0 128.0 128.0 128.0 0.0 1 1 1.0
208000.0 210000.0 3 1 270.16672756614093 15641.167420009493 485.29725802608954 699709.8266688297 998.5629999999655 328.28073242190294 661.2268821614562 335.16269694333494 2300.0 2300.0 2300.0 0.0 128.0 128.0 128.0 0.0 1 1 1.0
210000.0 212000.0 3 1 205.4298630099592 11236.939671412045 351.9108642158848 504837.5137336217 999.5500000000466 142.5910000000149 494.20702864586684 448.6854818312051 0.0 0.0 0.0 0.0 0.0 0.0 0.0 0.0 0 0 1.0
212000.0 214000.0 1 1 96.22768304151542 6616.938693419625 202.73924060655156 291637.4593626606 733.14990234375 733.14990234375 733.14990234375 0.0 2300.0 2300.0 2300.0 0.0 128.0 128.0 128.0 0.0 1 2 1.0
214000.0 216000.0 3 1 274.2120383089725 15567.851942393445 488.99362831092844 704037.070485263 998.6959999999963 264.92709765629843 662.7143723958483 370.7683293176996 2300.0 2300.0 2300.0 0.0 0.0 0.0 0.0 0.0 1 0 1.0
216000.0 218000.0 2 1 133.5063356317342 8476.30110484046 263.9964832709243 380053.62786280515 733.615966796875 259.0929804687621 496.35447363281855 335.5384214615 2300.0 2300.0 2300.0 0.0 128.0 128.0 128.0 0.0 1 2 1.0
218000.0 220000.0 3 1 266.1727349635072 16483.085211347658 477.79536544030964 688619.5943094268 994.5709999999963 262.5540332031669 663.2567656250127 370.9087255181619 1500.0 1500.0 1500.0 0.0 128.0 128.0 128.0 0.0 2 2 1.0
220000.0 222000.0 3 1 271.67048261115593 16150.992317124194 527.983276508033 757149.9881209633 999.6539999999804 267.31673632818274 663.4202584635544 369.82125400292836 1500.0 1500.0 1500.0 0.0 128.0 128.0 128.0 0.0 2 1 1.0
222000.0 224000.0 3 1 210.0582345670374 13254.147524019023 372.688796839603 530199.9155915951 982.7979999999516 275.22596093744505 652.7043574218405 356.15801801003676 2300.0 2300.0 2300.0 0.0 128.0 128.0 128.0 0.0 2 2 1.0
224000.0 226000.0 3 1 140.1524908760773 8146.683206855592 242.80320902365003 343311.3442672859 962.5300000000279 28.2839999999851 430.11529622397694 480.6172249045496 0.0 0.0 0.0 0.0 0.0 0.0 0.0 0.0 0 0 1.0
226000.0 228000.0 1 1 107.00325904775069 7336.319336082084 202.2801335423232 291019.5486484989 732.73193359375 732.73193359375 732.73193359375 0.0 2300.0 2300.0 2300.0 0.0 128.0 128.0 128.0 0.0 1 2 1.0
228000.0 230000.0 3 1 264.91137854833323 16975.435391972238 474.56811107293703 680262.3001829954 999.0110000000568 267.0400664062472 664.6753880208513 370.06823943226016 1500.0 1500.0 1500.0 0.0 128.0 128.0 128.0 0.0 2 2 1.0
230000.0 232000.0 3 1 242.23655052927276 13933.737124480464 481.88707140984627 690042.2569709751 999.1899999999441 265.57490234379657 662.5402864583302 370.50811457342667 1500.0 1500.0 1500.0 0.0 128.0 128.0 128.0 0.0 2 1 1.0
232000.0 234000.0 3 1 262.84881187464333 15479.508147465214 435.2646839748935 623694.8941975306 999.3040000000037 277.02604296873324 638.4176809895629 361.13924366342843 1500.0 1500.0 1500.0 0.0 128.0 128.0 128.0 0.0 1 1 1.0
234000.0 236000.0 2 1 163.99481350251568 11404.702305240404 326.8015878069606 471241.5647160815 997.1689999999944 221.114013671875 609.1415068359347 548.7537434062467 2300.0 2300.0 2300.0 0.0 128.0 128.0 128.0 0.0 2 2 1.0
236000.0 238000.0 2 1 151.27763498069888 9391.333949672933 280.4604454747974 402926.41571384046 732.137939453125 434.97098632808775 583.5544628906064 210.12876769925873 2300.0 2300.0 2300.0 0.0 128.0 128.0 128.0 0.0 1 1 1.0
238000.0 240000.0 3 1 264.35357803037175 15379.473729643607 471.3205990822857 680396.7250483758 999.0509999999776 267.612060546875 665.0777096354092 369.829947745338 2300.0 2300.0 2300.0 0.0 128.0 128.0 128.0 0.0 1 1 1.0
240000.0 242000.0 3 1 273.44293149470366 15642.303551531419 521.5587579246055 752409.5932208209 997.5470000000205 270.3759316406213 664.0452740885472 367.3003501556944 2300.0 2300.0 2300.0 0.0 128.0 128.0 128.0 0.0 1 1 1.0
242000.0 244000.0 3 1 265.2397946568151 14595.649596811541 476.5271143308663 686482.3700084179 996.7789999999804 271.7961093749618 663.0190143228974 365.89142958410264 2300.0 2300.0 2300.0 0.0 128.0 128.0 128.0 0.0 1 1 1.0
244000.0 246000.0 3 1 133.53589740504398 8055.618793726548 224.02079552078266 316236.23297959205 528.4140625 279.06906640622765 395.79237630206626 125.4304609974511 2300.0 2300.0 2300.0 0.0 128.0 128.0 128.0 0.0 1 2 1.0
246000.0 248000.0 3 1 258.8458938715831 14244.998192225095 484.4078997476483 700281.2325501697 998.3530000000028 467.30693750001956 664.0079837239658 291.0530484172253 2300.0 2300.0 2300.0 0.0 0.0 0.0 0.0 0.0 1 0 0.0
248000.0 250000.0 3 1 220.61911486568044 12851.467194524032 397.9683823120625 569990.0911171148 993.6940000000177 469.8039863280719 662.7713014322799 287.9044155205423 2300.0 2300.0 2300.0 0.0 128.0 128.0 128.0 0.0 1 2 1.0
250000.0 252000.0 3 1 261.4221425366844 14346.6827800546 498.7226514230016 723354.2898661983 998.9969999999739 471.0040820311988 664.7321315103909 290.70101217482016 2300.0 2300.0 2300.0 0.0 128.0 128.0 128.0 0.0 1 1 1.0
252000.0 254000.0 3 1 269.30485866333134 15169.976359990382 495.66552551463246 717542.5280106958 998.1899999999441 474.17168749996927 664.9412005208045 289.61018328277237 2300.0 2300.0 2300.0 0.0 128.0 128.0 128.0 0.0 1 1 1.0
254000.0 256000.0 3 1 255.88585207980307 13396.361026192344 477.11174373336337 689508.5327474726 999.3860000000568 471.1610859375214 663.4454641927344 291.9472703435855 2300.0 2300.0 2300.0 0.0 0.0 0.0 0.0 0.0 1 0 1.0
256000.0 258000.0 2 1 117.44829471808468 7587.635725670381 197.34346980064623 282395.53137241444 732.77294921875 143.87569335941225 438.3243212890811 416.413243040287 2300.0 2300.0 2300.0 0.0 128.0 128.0 128.0 0.0 1 2 1.0
258000.0 260000.0 3 1 275.17098586941876 15711.182433621674 493.88821233326917 715761.4052759522 999.2049999999581 265.4050507812062 663.4403294270547 370.8420321925381 2300.0 2300.0 2300.0 0.0 128.0 128.0 128.0 0.0 1 1 1.0
260000.0 262000.0 3 1 263.00730515689395 14395.752199801811 502.0522445155174 728897.8590365311 996.2480000000214 271.24906249996275 662.6173476562448 365.9318113066248 2300.0 2300.0 2300.0 0.0 128.0 128.0 128.0 0.0 1 1 1.0
262000.0 264000.0 3 1 243.37546878620844 13923.970491001877 460.9794794458344 665929.6657664438 993.0270000000019 279.42201953125186 660.6463365885429 359.3011187201576 2300.0 2300.0 2300.0 0.0 128.0 128.0 128.0 0.0 1 1 1.0
264000.0 266000.0 3 1 261.83795026559386 14724.233357069257 489.3280021588431 706602.4932057305 996.1199999999953 287.8300097655738 662.2969759114397 355.8899058501628 2300.0 2300.0 2300.0 0.0 128.0 128.0 128.0 0.0 2 1 1.0
266000.0 268000.0 3 1 198.2374831165689 10360.658313222095 340.8430888748835 488620.46936414833 998.0720000000438 145.08700000005774 479.7673606771277 455.1749766160257 0.0 0.0 0.0 0.0 0.0 0.0 0.0 0.0 0 0 1.0
268000.0 270000.0 1 1 97.61061579520833 6655.1358197815725 184.94642992776315 265837.7416746208 733.14599609375 733.14599609375 733.14599609375 0.0 2300.0 2300.0 2300.0 0.0 128.0 128.0 128.0 0.0 1 2 1.0
270000.0 272000.0 3 1 264.41579438526304 16439.34522517233 482.9195703232418 693399.2136685788 998.7389999999432 265.8070039062295 663.7264348958075 370.49329691119334 1500.0 1500.0 1500.0 0.0 128.0 128.0 128.0 0.0 2 1 1.0
272000.0 274000.0 3 1 257.6844177116555 14908.088949080602 490.1177731087877 702699.109382509 999.5590000000084 272.21269921876956 663.1899316406343 366.73518920570604 1500.0 1500.0 1500.0 0.0 128.0 128.0 128.0 0.0 2 2 1.0
274000.0 276000.0 3 1 259.1884170331376 14486.426242687543 458.8716121285547 659578.6738067784 997.2020000000484 280.6119042969076 664.7139283854436 361.0724877118791 1500.0 1500.0 1500.0 0.0 128.0 128.0 128.0 0.0 1 1 1.0
276000.0 278000.0 3 1 176.7654530541668 12166.71054655125 322.82297071920055 466243.9863712938 998.2979999999516 31.620119140599854 419.2147311197671 510.99653680528826 2300.0 2300.0 2300.0 0.0 128.0 128.0 128.0 0.0 2 2 1.0
278000.0 280000.0 3 1 270.947551204048 14659.116191164323 485.4949407774727 701020.3528763809 999.3279999999795 220.364013671875 663.3109798176835 400.33952216445306 2300.0 2300.0 2300.0 0.0 128.0 128.0 128.0 0.0 1 1 1.0
280000.0 282000.0 2 1 122.5341998088638 7314.914787850379 225.4999288048914 323319.41325392475 732.193115234375 218.6349863280775 475.41405078122625 363.1404354831181 2300.0 2300.0 2300.0 0.0 128.0 128.0 128.0 0.0 1 1 1.0
282000.0 284000.0 3 1 266.4734622738017 15155.22684034278 481.52896176456534 695124.0852950148 998.5069999999832 263.2848847656278 662.608932291662 371.692118384689 2300.0 2300.0 2300.0 0.0 128.0 128.0 128.0 0.0 1 1 1.0
284000.0 286000.0 3 1 225.86969228497622 12735.78546683394 406.758028696585 584126.3369021927 992.7260000000242 270.70008789061103 645.3550013020867 361.78538312227215 2300.0 2300.0 2300.0 0.0 128.0 128.0 128.0 0.0 1 1 1.0
286000.0 288000.0 3 1 261.22254211584516 14297.91499842822 508.0390260197001 735739.9865458533 999.3519999999553 326.8290839843685 665.6747819010246 336.29124732773926 2300.0 2300.0 2300.0 0.0 128.0 128.0 128.0 0.0 1 1 1.0
288000.0 290000.0 3 1 162.16289507271932 9730.683691816923 292.75083920860857 416244.65869641287 994.0270000000019 327.34373828128446 657.2105748698037 333.39595895818974 2300.0 2300.0 2300.0 0.0 128.0 128.0 128.0 0.0 1 1 1.0
290000.0 292000.0 3 1 238.14455920324522 13332.277628019378 429.9032140640404 616617.1236386648 989.7129999999888 345.24601367185824 659.8947037760323 322.50118112820564 2300.0 2300.0 2300.0 0.0 128.0 128.0 128.0 0.0 1 1 1.0
292000.0 294000.0 3 1 273.88619753476587 15137.302224378305 506.6836881197802 732685.6181667293 996.7299999999814 354.7409023437649 664.2406263020821 321.6114011873992 2300.0 2300.0 2300.0 0.0 128.0 128.0 128.0 0.0 1 1 1.0
294000.0 296000.0 3 1 162.56903572824174 9556.071813244 286.6480667096828 409961.88886255445 999.5450000000419 358.13002343755215 663.3321041666981 321.8299955407123 2300.0 2300.0 2300.0 0.0 128.0 128.0 128.0 0.0 1 1 1.0
296000.0 298000.0 3 1 229.93633813939897 13674.661860373419 409.14045269683663 587338.0413157118 986.8800000000047 366.3747109374963 656.4459876302086 312.21557658473796 2300.0 2300.0 2300.0 0.0 128.0 128.0 128.0 0.0 1 2 1.0
298000.0 300000.0 3 1 266.7684809995342 14648.764813704789 506.78568772024425 735490.8185697946 998.359999999986 383.824748046929 663.640684244805 310.92471723612124 2300.0 2300.0 2300.0 0.0 128.0 128.0 128.0 0.0 1 1 1.0
300000.0 302000.0 1 1 53.82034765512848 2843.5729005702415 94.08880921004476 136616.95097298498 384.6276953124907 384.6276953124907 384.6276953124907 0.0 0.0 0.0 0.0 0.0 0.0 0.0 0.0 0.0 0 0 0.0
