ts te nbins ncons c_pkts_all c_bytes_all s_pkts_all s_bytes_all max_bin_duration min_bin_duration avg_bin_duration std_bin_duration max_video_rate min_video_rate avg_video_rate std_video_rate max_audio_rate min_audio_rate avg_audio_rate std_audio_rate video_reqs audio_reqs media_reqs
0.0 2000.0 0 0 0.0 0.0 0.0 0.0 0.0 0.0 0.0 0.0 0.0 0.0 0.0 0.0 0.0 0.0 0.0 0.0 0 0 
2000.0 4000.0 0 0 0.0 0.0 0.0 0.0 0.0 0.0 0.0 0.0 0.0 0.0 0.0 0.0 0.0 0.0 0.0 0.0 0 0 
4000.0 6000.0 0 0 0.0 0.0 0.0 0.0 0.0 0.0 0.0 0.0 0.0 0.0 0.0 0.0 0.0 0.0 0.0 0.0 0 0 
6000.0 8000.0 0 0 0.0 0.0 0.0 0.0 0.0 0.0 0.0 0.0 0.0 0.0 0.0 0.0 0.0 0.0 0.0 0.0 0 0 
8000.0 10000.0 0 0 0.0 0.0 0.0 0.0 0.0 0.0 0.0 0.0 0.0 0.0 0.0 0.0 0.0 0.0 0.0 0.0 0 0 
10000.0 12000.0 0 0 0.0 0.0 0.0 0.0 0.0 0.0 0.0 0.0 0.0 0.0 0.0 0.0 0.0 0.0 0.0 0.0 0 0 
12000.0 14000.0 1 1 6.633869307844947 3733.9207247012982 8.529260538657788 6342.926753915175 833.9873046875 833.9873046875 833.9873046875 0.0 0.0 0.0 0.0 0.0 0.0 0.0 0.0 0.0 0 0 1.0
14000.0 16000.0 2 1 5.366130692155053 521.0792752987015 3.4707394613422116 1074.0732460848249 297.92199999999866 46.02869531250326 171.97534765625096 178.11546388001716 0.0 0.0 0.0 0.0 0.0 0.0 0.0 0.0 0 0 0.0
16000.0 18000.0 0 0 0.0 0.0 0.0 0.0 0.0 0.0 0.0 0.0 0.0 0.0 0.0 0.0 0.0 0.0 0.0 0.0 0 0 
18000.0 20000.0 2 1 56.94753574285985 6766.424653853409 116.20938421776515 137107.37741841865 997.0060000000012 877.587890625 937.2969453125006 84.44135493554019 480.0 480.0 480.0 0.0 128.0 128.0 128.0 0.0 2 2 1.0
20000.0 22000.0 3 1 44.48734475334045 6444.330628019641 72.83044951607874 79888.30338855638 962.0939999999973 107.94110937500227 637.8670091145832 462.7400144450497 288.0 288.0 288.0 0.0 128.0 128.0 128.0 0.0 2 2 1.0
22000.0 24000.0 3 1 50.272235179158656 4506.173543502618 85.60093599534288 98789.10572429621 986.1039999999994 154.7430820312511 637.8703326822919 431.7840352535514 0.0 0.0 0.0 0.0 0.0 0.0 0.0 0.0 0 0 1.0
24000.0 26000.0 3 1 40.93745368071501 2734.805709518876 86.19054124053157 102743.41936494349 989.3569999999963 139.93208398437855 624.06437890625 437.00437417000325 288.0 288.0 288.0 0.0 128.0 128.0 128.0 0.0 1 1 1.0
26000.0 28000.0 3 1 45.170615907795366 5270.36816288775 80.07539858633304 92619.99329659596 978.1050000000032 253.23594726561714 650.3789485677067 367.3864730769637 288.0 288.0 288.0 0.0 128.0 128.0 128.0 0.0 1 1 1.0
28000.0 30000.0 3 1 44.65158201989809 4060.765613073724 94.37176129702846 109376.45342241357 969.1829999999973 274.86310156249965 638.5464544270823 348.33762206470567 288.0 288.0 288.0 0.0 128.0 128.0 128.0 0.0 1 1 1.0
30000.0 32000.0 3 1 45.837026425287036 3967.407621729099 96.85668029055638 115280.091590885 994.6050000000032 327.1057382812505 646.3549140625013 334.69330093563 288.0 288.0 288.0 0.0 128.0 128.0 128.0 0.0 1 1 1.0
32000.0 34000.0 3 1 56.026282744351874 4732.62217223424 107.33219922989525 129023.11999843367 996.6519999999946 374.0559960937535 650.8216920572886 316.991934425594 288.0 288.0 288.0 0.0 128.0 128.0 128.0 0.0 1 1 1.0
34000.0 36000.0 3 1 41.03803585327914 3710.3904560065566 86.17577704455863 101552.88847349517 994.5740000000005 409.06391992187855 622.504957682293 323.38467239596196 288.0 288.0 288.0 0.0 128.0 128.0 128.0 0.0 1 1 1.0
36000.0 38000.0 3 1 41.20771385442181 3169.979735158957 78.61292105998761 91508.37906853642 934.6579999999958 399.8798828125 604.3456432291641 288.7471783690662 0.0 0.0 0.0 0.0 0.0 0.0 0.0 0.0 0 0 1.0
38000.0 40000.0 3 1 36.57412161242737 4374.080059845106 66.89886273693119 75836.60692982368 996.7079999999987 357.2199707031177 634.718029296872 328.0097518556812 288.0 288.0 288.0 0.0 128.0 128.0 128.0 0.0 1 1 1.0
40000.0 42000.0 3 1 42.76934089087497 3103.5671730686686 88.08277694432239 103586.83741931968 994.1969999999928 350.3212890625 662.1741061197899 322.41139369305347 0.0 0.0 0.0 0.0 0.0 0.0 0.0 0.0 0 0 1.0
42000.0 44000.0 3 1 56.14516894577621 6171.712064326451 157.71837838187417 191535.55897015022 977.0420000000013 322.685302734375 646.0956712239567 327.24343360436427 288.0 288.0 288.0 0.0 128.0 128.0 128.0 0.0 3 3 1.0
44000.0 46000.0 3 1 65.83436445312944 6809.151067236554 142.8604004527288 172655.41600787803 996.002999999997 282.34326171875 650.8106529947885 357.39872869845425 288.0 288.0 288.0 0.0 128.0 128.0 128.0 0.0 1 1 1.0
46000.0 48000.0 3 1 58.01152472628307 5608.31383882714 129.1141530238325 153120.18979494128 985.5249999999942 268.9580078125 651.904248697916 360.8210311430517 288.0 288.0 288.0 0.0 128.0 128.0 128.0 0.0 2 2 1.0
48000.0 50000.0 3 1 48.45423527639772 4245.002144948336 94.07582555851018 110783.11889888515 987.6970000000001 253.27392578125 656.038305989583 372.33899465874816 288.0 288.0 288.0 0.0 128.0 128.0 128.0 0.0 1 1 1.0
50000.0 52000.0 3 1 68.35010068101998 6779.507679428307 166.8767247852267 199895.20091206284 983.877999999997 151.160888671875 624.407320963539 427.85878324075003 288.0 288.0 288.0 0.0 128.0 128.0 128.0 0.0 2 2 1.0
52000.0 54000.0 3 1 91.75906336972896 7041.0726657537825 174.71562476433118 211533.2978414783 993.9890000000014 133.844970703125 658.6543606770816 460.31233812974307 288.0 288.0 288.0 0.0 128.0 128.0 128.0 0.0 2 2 1.0
54000.0 56000.0 3 1 85.14490865924054 7702.6884302688495 174.5136859186772 213128.35952589056 995.1989999999932 122.2919921875 658.6826738281234 469.5252704089283 288.0 288.0 288.0 0.0 128.0 128.0 128.0 0.0 2 1 1.0
56000.0 58000.0 3 1 61.557908822514115 6047.40783825069 108.12293708682085 126849.0116327882 965.7280000000028 111.9541015625 645.0233697916652 464.8188055840477 288.0 288.0 288.0 0.0 128.0 128.0 128.0 0.0 1 2 1.0
58000.0 60000.0 3 1 45.655663085947445 2685.4874451314536 68.79521497871808 79654.6583814113 986.8819999999978 33.216064453125 619.9086542968726 513.3975933328065 0.0 0.0 0.0 0.0 0.0 0.0 0.0 0.0 0 0 1.0
60000.0 62000.0 2 1 63.16777331555288 6285.741296929792 121.96936688994903 143223.61193879624 990.5439999999944 964.5909355468757 977.567467773435 18.35158786737178 288.0 288.0 288.0 0.0 128.0 128.0 128.0 0.0 2 2 1.0
62000.0 64000.0 2 1 61.85614883850684 6215.56617693752 109.73360896019787 132840.65944681712 993.2309999999998 980.159912109375 986.6954560546874 9.242654884946138 288.0 288.0 288.0 0.0 128.0 128.0 128.0 0.0 1 1 1.0
64000.0 66000.0 3 1 65.9666898183161 5030.705217563543 100.97850385713943 121871.84545533318 975.34912109375 5.2500878906284925 648.6314029947922 557.207240447048 288.0 288.0 288.0 0.0 128.0 128.0 128.0 0.0 1 1 1.0
66000.0 68000.0 3 1 53.99655367005856 5263.123363114549 107.91025295705133 124846.29447622967 981.846000000005 5.429878906244994 642.31396484375 551.960860895777 288.0 288.0 288.0 0.0 128.0 128.0 128.0 0.0 1 1 1.0
68000.0 70000.0 3 1 56.17818610244501 4459.183910824833 87.27351755546647 105492.53258620772 978.8559999999998 7.777984375003143 628.0516601562558 538.7099594081186 288.0 288.0 288.0 0.0 128.0 128.0 128.0 0.0 1 1 1.0
70000.0 72000.0 3 1 55.269300827654334 4537.361038681682 96.50893669081108 115089.34431511394 941.1940000000177 99.8140039062564 631.3509752604247 462.4297016097085 288.0 288.0 288.0 0.0 128.0 128.0 128.0 0.0 1 1 1.0
72000.0 74000.0 3 1 50.083688462831866 3610.5160292707174 81.60003056054094 96012.61371558602 989.6950000000215 121.23707812500652 630.853010416676 453.4361883073815 0.0 0.0 0.0 0.0 0.0 0.0 0.0 0.0 0 0 1.0
74000.0 76000.0 3 1 55.21620170790157 4526.985847508517 85.01255025490126 98793.19387164337 995.7569999999832 216.98404687500442 660.0320091145841 400.32548415628975 288.0 288.0 288.0 0.0 128.0 128.0 128.0 0.0 1 1 1.0
76000.0 78000.0 3 1 50.85973716514113 3790.8948640875738 81.26545444630682 96461.65561294119 997.2770000000019 218.75401953124674 649.7216842447912 395.9074674069038 288.0 288.0 288.0 0.0 128.0 128.0 128.0 0.0 1 1 1.0
78000.0 80000.0 3 1 45.48874573648665 4395.866766310537 68.61427780307022 79283.8141447225 990.8380000000179 200.03996679687407 636.5793580729223 401.76855727465664 288.0 288.0 288.0 0.0 128.0 128.0 128.0 0.0 1 1 1.0
80000.0 82000.0 3 1 51.10502050231598 3967.653057147635 93.65773618496642 110881.50215612807 980.2369999999937 277.87389257812174 629.8399427083301 351.1841824039382 288.0 288.0 288.0 0.0 128.0 128.0 128.0 0.0 1 1 1.0
82000.0 84000.0 3 1 58.59070887216401 4588.83995170581 97.66921405757424 116108.95872532892 996.1810000000114 353.91906445311906 653.8843476562519 323.21673390018054 288.0 288.0 288.0 0.0 128.0 128.0 128.0 0.0 1 1 1.0
84000.0 86000.0 3 1 64.67617952495915 4832.802544004403 114.4175810363009 136979.19756800417 992.0739999999932 382.4840214843571 648.9840214843716 311.9286842908797 288.0 288.0 288.0 0.0 128.0 128.0 128.0 0.0 1 1 1.0
86000.0 88000.0 3 1 61.08444998981972 6094.502176048634 125.20454963256557 150471.50801657175 947.961999999985 420.93395703124406 641.4026562499979 273.8582458603678 288.0 288.0 288.0 0.0 128.0 128.0 128.0 0.0 1 1 1.0
88000.0 90000.0 3 1 47.7663961413879 4230.401152590998 92.46790521150733 107182.06988211386 970.5430000000051 442.16698828125664 618.6770924479206 304.725361228209 288.0 288.0 288.0 0.0 128.0 128.0 128.0 0.0 1 1 1.0
90000.0 92000.0 3 1 61.720141475787266 3919.0015566136926 121.89862770983095 146305.33304044226 998.2909999999974 416.3212890625 631.0190000000002 319.57999213712264 288.0 288.0 288.0 0.0 128.0 128.0 128.0 0.0 1 1 1.0
92000.0 94000.0 2 1 69.06776485470631 7135.663489860952 169.51786333611312 207973.00075992275 845.0439453125 262.306710937497 553.6753281249985 412.05745007645913 288.0 288.0 288.0 0.0 128.0 128.0 128.0 0.0 2 2 1.0
94000.0 96000.0 3 1 86.93320877303724 7036.51254138749 142.21627206744517 172253.28466656283 881.125 135.4169921875 389.58734895833186 425.76699322635994 288.0 288.0 288.0 0.0 128.0 128.0 128.0 0.0 2 2 1.0
96000.0 98000.0 2 1 59.14087753648036 5150.420316340916 93.05311767821084 111953.19156033071 858.406007812504 443.9539999999979 651.1800039062509 293.061825200603 0.0 0.0 0.0 0.0 0.0 0.0 0.0 0.0 0 0 1.0
98000.0 100000.0 2 1 64.81853275283115 7081.059168183474 122.4117004018475 144856.48928228405 971.3830000000016 685.9453125 828.6641562500008 201.83492443745777 288.0 288.0 288.0 0.0 128.0 128.0 128.0 0.0 2 2 1.0
100000.0 102000.0 3 1 52.02365910408089 3258.031156857517 80.19745823044283 97465.72510642762 579.8099999999977 137.85595703123545 341.1302148437438 223.09416744723552 288.0 288.0 288.0 0.0 128.0 128.0 128.0 0.0 1 1 1.0
102000.0 104000.0 3 1 78.45297298183084 6952.370960912845 113.09915272797063 134896.72869424755 995.6350000000093 103.820068359375 652.6800371093801 480.2406913754389 288.0 288.0 288.0 0.0 128.0 128.0 128.0 0.0 1 1 1.0
104000.0 106000.0 3 1 66.29151511670784 5554.792526677862 96.43496239907888 117121.72485998838 999.468000000008 9.826904296875 631.6656119791684 541.5239730210258 288.0 288.0 288.0 0.0 128.0 128.0 128.0 0.0 1 1 1.0
106000.0 108000.0 2 1 65.05013323460774 5312.891135461582 130.07938773224475 156608.27103575255 643.4240957031143 637.64892578125 640.5365107421821 4.083661814254823 288.0 288.0 288.0 0.0 128.0 128.0 128.0 0.0 1 2 1.0
108000.0 110000.0 2 1 31.716267767196733 3139.401887660831 65.92959050269704 78846.30122035326 343.83507421874674 138.5791015625 241.20708789062337 145.13789014427263 480.0 480.0 480.0 0.0 128.0 128.0 128.0 0.0 2 1 1.0
110000.0 112000.0 2 1 80.37206627638656 7312.3457397668335 162.97435309638286 196158.15773416113 633.89697265625 340.5718984375126 487.2344355468813 207.4121490721166 480.0 480.0 480.0 0.0 128.0 128.0 128.0 0.0 1 1 1.0
112000.0 114000.0 2 1 88.15735327552999 7147.007488159474 171.66440551368828 206890.37605041012 633.326904296875 323.8760273437365 478.60146582030575 218.81481353768814 840.0 840.0 840.0 0.0 128.0 128.0 128.0 0.0 2 2 1.0
114000.0 116000.0 2 1 93.90303176280524 6613.2845546715 191.724658326655 233414.59079676186 638.99609375 322.88109570313827 480.93859472656914 223.52705875370816 840.0 840.0 840.0 0.0 128.0 128.0 128.0 0.0 1 1 1.0
116000.0 118000.0 2 1 94.94880033767458 6178.007243962832 195.56852487858427 239545.04953379667 636.743896484375 328.42990625000675 482.5869013671909 218.0109132294048 840.0 840.0 840.0 0.0 128.0 128.0 128.0 0.0 1 1 1.0
118000.0 120000.0 2 1 89.93603624529823 5964.790076949483 183.19853351152665 224787.1090750926 635.22998046875 337.04610351563315 486.1380419921916 210.847841434044 840.0 840.0 840.0 0.0 128.0 128.0 128.0 0.0 1 1 1.0
120000.0 122000.0 3 1 168.46364175110097 11818.144916334362 361.5848080214246 447019.75170702045 996.1300000000047 133.0849609375 491.7643268229149 449.5887676108171 1500.0 1500.0 1500.0 0.0 128.0 128.0 128.0 0.0 2 2 1.0
122000.0 124000.0 3 1 189.73602257746964 10304.842482654863 376.41196104618115 464044.41739238094 999.2669999999925 98.4169921875 654.2086770833315 485.9928976150012 1500.0 1500.0 1500.0 0.0 128.0 128.0 128.0 0.0 1 1 1.0
124000.0 126000.0 3 1 131.04299890578187 8336.579869359743 229.2607000753684 280959.60689627356 986.9960000000137 98.34326171875 662.2877565104185 490.2564739669417 1500.0 1500.0 1500.0 0.0 128.0 128.0 128.0 0.0 1 1 1.0
126000.0 128000.0 3 1 215.30906713958345 11275.658679201086 423.7929523792357 523406.56151626987 999.1240000000107 54.053955078125 649.6918977864649 518.4132852970445 1500.0 1500.0 1500.0 0.0 128.0 128.0 128.0 0.0 1 1 1.0
128000.0 130000.0 3 1 149.53303237929492 8574.807629933379 328.21223677341317 407460.93998333724 994.7159999999858 17.550048828125 643.9073645833317 543.7450049974162 1500.0 1500.0 1500.0 0.0 128.0 128.0 128.0 0.0 1 1 1.0
130000.0 132000.0 3 1 182.67649613564663 9968.962633145858 379.3559546718387 468069.33923304727 994.8360000000102 12.631103515625 663.094018229167 563.3550297027388 1500.0 1500.0 1500.0 0.0 128.0 128.0 128.0 0.0 1 1 1.0
132000.0 134000.0 2 1 174.56837225617278 9703.021850106477 318.09865971141966 391240.85988239496 982.3408964843838 969.3530000000028 975.8469482421933 9.183829677454764 1500.0 1500.0 1500.0 0.0 128.0 128.0 128.0 0.0 1 1 1.0
134000.0 136000.0 2 1 152.46626783575323 9201.060226151136 317.08985942216503 391941.0782107234 999.2760000000126 723.62109375 861.4485468750063 194.9174534767259 1500.0 1500.0 1500.0 0.0 128.0 128.0 128.0 0.0 1 1 1.0
136000.0 138000.0 3 1 166.0157965740285 9269.889007172966 336.68135635647127 414031.035598176 994.9349999999977 274.8649062500044 649.1039563802091 360.8746265723082 1500.0 1500.0 1500.0 0.0 128.0 128.0 128.0 0.0 1 1 1.0
138000.0 140000.0 3 1 141.4712530871514 9688.25726930012 281.23758252415485 344596.76347916323 999.5169999999925 275.5910371093778 649.7200130208317 362.57583234521695 1500.0 1500.0 1500.0 0.0 128.0 128.0 128.0 0.0 1 1 1.0
140000.0 142000.0 3 1 170.28569900710858 9634.020062261277 346.2567755905886 427684.3197965982 995.4130000000005 323.19399804688874 663.533305989588 336.1893372009617 1500.0 1500.0 1500.0 0.0 128.0 128.0 128.0 0.0 1 1 1.0
142000.0 144000.0 3 1 163.40680639646737 9107.72812604701 332.10941358723124 409234.1689541469 999.119000000006 322.78708007812384 664.2903893229183 338.21536064618965 1500.0 1500.0 1500.0 0.0 128.0 128.0 128.0 0.0 1 1 1.0
144000.0 146000.0 3 1 199.7194170902609 12345.004977106302 425.025739951819 526493.1987428872 998.3129999999946 322.1819121093722 663.4040657552056 338.1097522365237 1500.0 1500.0 1500.0 0.0 128.0 128.0 128.0 0.0 2 2 1.0
146000.0 148000.0 3 1 152.3280053031306 7543.9321332825 290.54011261266226 360839.4223630243 703.1300000000047 131.416015625 388.0125768229191 290.31489532501473 1500.0 1500.0 1500.0 0.0 128.0 128.0 128.0 0.0 1 1 1.0
148000.0 150000.0 3 1 158.38148619496823 10140.25787710598 313.0545084210785 386627.67357324675 992.2909999999974 102.258056640625 653.8040136718773 481.7522743216119 1500.0 1500.0 1500.0 0.0 128.0 128.0 128.0 0.0 1 1 1.0
150000.0 152000.0 3 1 168.2994375126445 9454.261822120256 346.1171567499762 430609.82357022533 999.9260000000068 101.85791015625 665.5622845052081 490.99839801332195 1500.0 1500.0 1500.0 0.0 128.0 128.0 128.0 0.0 1 1 1.0
152000.0 154000.0 3 1 153.7385304334906 8639.633289696381 300.7512632673155 372340.06002845644 996.7999999999884 15.178955078125 636.4240149739586 540.309609970009 1500.0 1500.0 1500.0 0.0 128.0 128.0 128.0 0.0 1 1 1.0
154000.0 156000.0 3 1 235.8613307431712 12914.656744562388 513.8115634229989 638018.2307601259 998.1969999999856 7.287109375 662.9893847656203 567.902476862102 1500.0 1500.0 1500.0 0.0 128.0 128.0 128.0 0.0 1 1 1.0
156000.0 158000.0 2 1 68.58981155309858 4074.062997177717 126.59898344293447 155850.01950155228 366.782890625007 136.643310546875 251.713100585941 162.7332576926716 2300.0 2300.0 2300.0 0.0 128.0 128.0 128.0 0.0 2 2 1.0
158000.0 160000.0 3 1 285.2874563758645 16824.59027588163 598.3000407417029 745839.7917361633 999.375 128.0419921875 663.1848938802044 468.4996945309583 2300.0 2300.0 2300.0 0.0 128.0 128.0 128.0 0.0 1 1 1.0
160000.0 162000.0 3 1 287.78002267124475 14658.441168981279 585.8388462231796 732411.2716251762 999.3409999999858 122.99609375 664.2500338541577 473.15164329322715 2300.0 2300.0 2300.0 0.0 128.0 128.0 128.0 0.0 1 1 1.0
162000.0 164000.0 3 1 215.37530999767256 11318.58029578922 445.6290569305793 553347.2751448626 997.3110000000161 113.9372558593459 661.9400540364537 478.53580993599513 2300.0 2300.0 2300.0 0.0 128.0 128.0 128.0 0.0 1 1 1.0
164000.0 166000.0 3 1 281.64169611783984 14325.439541962234 579.0632073528617 718316.9191576282 999.5849999999919 111.7770996093459 664.6542812499878 482.36522730594595 2300.0 2300.0 2300.0 0.0 128.0 128.0 128.0 0.0 1 1 1.0
166000.0 168000.0 2 1 215.79614605000185 11383.769170685366 412.56126113920345 514058.3572531147 848.3269003906462 636.819091796875 742.5729960937606 149.55860573056194 2300.0 2300.0 2300.0 0.0 128.0 128.0 128.0 0.0 1 1 1.0
168000.0 170000.0 3 1 283.40311977497413 14861.935817591122 591.5194005936586 736811.2303249331 997.1069999999891 359.9409082031634 663.1817408854258 319.6893924624645 2300.0 2300.0 2300.0 0.0 128.0 128.0 128.0 0.0 1 1 1.0
170000.0 172000.0 3 1 246.22024079182847 12751.380350016152 507.34020653993747 630319.8511184232 997.1210000000428 367.13568554687663 662.7285468750148 316.77978210322647 2300.0 2300.0 2300.0 0.0 128.0 128.0 128.0 0.0 1 1 1.0
172000.0 174000.0 3 1 215.66215715016068 11416.860245394775 442.69076986680705 549464.162671485 993.810999999987 370.7950449218333 661.8813769531067 313.50973013006336 2300.0 2300.0 2300.0 0.0 128.0 128.0 128.0 0.0 1 1 1.0
174000.0 176000.0 3 1 270.3422496631726 14365.903776371877 532.0495929610167 658882.7521239287 997.3479999999981 378.31791406249977 664.4802721354159 312.14676916392847 2300.0 2300.0 2300.0 0.0 128.0 128.0 128.0 0.0 1 1 1.0
176000.0 178000.0 3 1 200.0789415580916 11059.896185886953 407.5639745316207 506101.30967507034 997.2069999999949 132.0759277344041 486.1300084635441 453.4369735019998 2300.0 2300.0 2300.0 0.0 128.0 128.0 128.0 0.0 1 1 1.0
178000.0 180000.0 3 1 281.64665345226473 14779.672032141129 586.6109486830179 731951.8446435253 996.1639999999898 128.014892578125 664.0313216145829 468.61194608545793 2300.0 2300.0 2300.0 0.0 128.0 128.0 128.0 0.0 1 1 1.0
180000.0 182000.0 3 1 258.8602095780715 13740.77139994012 540.1230093073765 673403.7633256206 995.747000000003 123.9360351562791 663.3360475260512 471.32466813530226 2300.0 2300.0 2300.0 0.0 128.0 128.0 128.0 0.0 1 1 1.0
182000.0 184000.0 3 1 264.9232082757815 13980.740952822338 534.8764270751107 660898.9014155924 997.7179999999935 119.86010742193321 663.6510240885449 475.0228609075616 2300.0 2300.0 2300.0 0.0 128.0 128.0 128.0 0.0 1 1 1.0
184000.0 186000.0 3 1 225.33021988816546 12189.054726506745 468.15903046082894 582611.3755560062 999.9230000000098 111.087890625 662.6595944010478 481.6149892965235 2300.0 2300.0 2300.0 0.0 128.0 128.0 128.0 0.0 1 1 1.0
186000.0 188000.0 3 1 217.7473801008782 11856.70222185347 452.6630248445133 561753.6030966141 997.5139999999956 105.134033203125 662.8323808593753 486.1973335832444 2300.0 2300.0 2300.0 0.0 128.0 128.0 128.0 0.0 1 1 1.0
188000.0 190000.0 2 1 258.3411468227138 13739.497306191563 484.73688739918924 600633.79655353 914.094000000041 891.7809667968831 902.9374833984621 15.777697086793493 2300.0 2300.0 2300.0 0.0 128.0 128.0 128.0 0.0 1 1 1.0
190000.0 192000.0 2 1 240.1643032593919 14590.827877673557 501.0526896489148 622709.6481240955 992.3610000000044 723.5849609375 857.9729804687522 190.05335984155727 2300.0 2300.0 2300.0 0.0 128.0 128.0 128.0 0.0 2 2 1.0
192000.0 194000.0 3 1 229.21124910631846 11366.090389096513 457.51063889965076 572550.6731961833 997.1660000000265 275.72703906250536 662.0647695312606 363.43834111006953 0.0 0.0 0.0 0.0 0.0 0.0 0.0 0.0 0 0 1.0
194000.0 196000.0 3 1 251.99271871688745 14360.992097172082 525.1313998272616 652507.5208536295 998.948000000004 277.87573046874604 652.0319010416764 361.3071001210968 2300.0 2300.0 2300.0 0.0 128.0 128.0 128.0 0.0 1 2 1.0
196000.0 198000.0 3 1 282.575465408764 15013.426870888587 583.5820030656437 727001.7273332616 997.8179999999993 318.7700273437076 663.2260384114537 339.6314353770143 2300.0 2300.0 2300.0 0.0 128.0 128.0 128.0 0.0 2 1 1.0
198000.0 200000.0 3 1 239.82218044897047 12934.627229494528 498.2659957619129 618716.9142697733 994.377999999997 326.0679121093708 662.6053430989559 334.1805211232101 2300.0 2300.0 2300.0 0.0 128.0 128.0 128.0 0.0 1 1 1.0
200000.0 202000.0 3 1 267.81380937359097 14190.759350848222 539.2937154749567 672830.7066357288 999.8319999999949 331.8708828125091 664.2480475260332 333.99210489829534 2300.0 2300.0 2300.0 0.0 128.0 128.0 128.0 0.0 1 1 1.0
202000.0 204000.0 3 1 204.2721255903461 10305.620249338226 385.9209009823638 479685.4028283599 949.1559999999881 136.7919921875 474.7352441406304 423.0288431084195 2300.0 2300.0 2300.0 0.0 128.0 128.0 128.0 0.0 1 1 1.0
204000.0 206000.0 3 1 288.1008693991311 16603.791294375216 591.8591085082089 734722.2179195492 994.9569999999949 131.3278808593459 662.878629557284 465.086804932166 2300.0 2300.0 2300.0 0.0 128.0 128.0 128.0 0.0 1 1 1.0
206000.0 208000.0 3 1 210.8448366049354 11610.83239033339 428.1022577998995 529990.4736338756 995.5769999999902 122.719970703125 661.5930299479223 471.12047562264456 2300.0 2300.0 2300.0 0.0 128.0 128.0 128.0 0.0 1 1 1.0
208000.0 210000.0 3 1 271.3941102411972 14417.36466893877 550.5061765193911 689036.5464963091 996.3219999999856 119.9528808593459 662.1606367187342 473.78073445890277 2300.0 2300.0 2300.0 0.0 128.0 128.0 128.0 0.0 1 1 1.0
210000.0 212000.0 3 1 282.6422885586109 14917.546450969636 578.9793838710286 720747.0302924847 995.0290000000678 118.6640625 663.835393880232 475.7559522492437 2300.0 2300.0 2300.0 0.0 128.0 128.0 128.0 0.0 1 1 1.0
212000.0 214000.0 2 1 193.08015579877582 10574.068868074246 394.4792394077541 490737.1403678039 773.1549374999886 636.9279785155959 705.0414580077922 96.32700647828575 2300.0 2300.0 2300.0 0.0 128.0 128.0 128.0 0.0 1 1 1.0
214000.0 216000.0 3 1 283.4964033518837 15413.71972375653 586.7704706893791 730178.2876959541 996.6020000000135 361.8790214844048 662.8866588541811 318.6230692819623 2300.0 2300.0 2300.0 0.0 128.0 128.0 128.0 0.0 1 1 1.0
216000.0 218000.0 3 1 207.75848733829062 11474.381094750737 408.0326933149543 509473.9786765558 996.472000000038 365.4450449218857 653.3069837239746 319.1278384791437 2300.0 2300.0 2300.0 0.0 128.0 128.0 128.0 0.0 1 1 1.0
218000.0 220000.0 3 1 292.7313228121886 15441.42261463952 597.6738810231351 746847.7815035387 993.4459999999963 401.34109375000116 663.0674589843742 301.96340164157897 2300.0 2300.0 2300.0 0.0 128.0 128.0 128.0 0.0 1 1 1.0
220000.0 222000.0 3 1 259.13658647914696 14529.87613211587 506.4719950033367 629105.5635929187 992.5219999999972 399.77371679688804 661.1858932291798 302.49735343561036 2300.0 2300.0 2300.0 0.0 128.0 128.0 128.0 0.0 1 1 1.0
222000.0 224000.0 3 1 228.06444787327314 12373.663998453787 468.22727676611146 582608.5493690558 996.7790000000386 405.604037109355 662.4837174479326 303.0954318144085 2300.0 2300.0 2300.0 0.0 128.0 128.0 128.0 0.0 1 1 1.0
224000.0 226000.0 3 1 238.4111296044607 12841.76512200935 484.33316022109716 603601.3901953545 997.6009999999951 413.81288476558984 664.255311848945 300.594168097085 2300.0 2300.0 2300.0 0.0 128.0 128.0 128.0 0.0 1 1 1.0
226000.0 228000.0 3 1 278.60112135568954 14832.612844687901 544.6867528727176 676616.7132480603 995.2080000000424 414.10794921877095 662.4657493489794 299.5995141380889 2300.0 2300.0 2300.0 0.0 128.0 128.0 128.0 0.0 1 1 1.0
228000.0 230000.0 3 1 203.75575727267355 11189.938341997886 419.13118066276684 520334.2075476306 995.0139999999956 135.337890625 492.99153059895616 447.65223381565073 2300.0 2300.0 2300.0 0.0 128.0 128.0 128.0 0.0 1 1 1.0
230000.0 232000.0 3 1 285.8026531780595 15029.731403116979 593.677389165601 740077.7676000419 994.7639999999956 131.0009765625 661.6296953124984 464.5155248792971 2300.0 2300.0 2300.0 0.0 128.0 128.0 128.0 0.0 1 1 1.0
232000.0 234000.0 3 1 279.9279794844698 14782.341077147963 559.2501546631839 694921.5002660122 990.5389999999898 122.998046875 660.4746901041653 469.4909299990146 2300.0 2300.0 2300.0 0.0 128.0 128.0 128.0 0.0 1 1 1.0
234000.0 236000.0 3 1 232.58319248121896 12592.29643870209 469.80737906238255 581674.5659272836 999.0089999999909 113.1469726562791 662.8389752604222 479.98084247788233 2300.0 2300.0 2300.0 0.0 128.0 128.0 128.0 0.0 1 1 1.0
236000.0 238000.0 2 1 262.8168062617252 13789.30347141842 511.2541567883477 635383.6924265397 982.8660000000091 885.4370273437235 934.1515136718663 68.89268724929828 2300.0 2300.0 2300.0 0.0 128.0 128.0 128.0 0.0 1 1 1.0
238000.0 240000.0 2 1 224.0556208017838 13759.892908645235 480.66679617797683 596029.3815790213 999.890000000014 720.446044921875 860.1680224609445 197.59671559734102 2300.0 2300.0 2300.0 0.0 128.0 128.0 128.0 0.0 2 1 1.0
240000.0 242000.0 3 1 275.97938365468485 14599.358892684271 561.1198918726953 698317.3099504797 995.2629999999772 277.09395507810405 662.7406484374854 362.019807523723 2300.0 2300.0 2300.0 0.0 128.0 128.0 128.0 0.0 1 2 1.0
242000.0 244000.0 3 1 251.90315963460444 13439.459811714885 516.2261874877059 644014.5719421483 998.1439999999711 282.9990097656264 664.1149713541575 359.89022451962245 2300.0 2300.0 2300.0 0.0 128.0 128.0 128.0 0.0 1 1 1.0
244000.0 246000.0 3 1 211.0618359089269 10281.28838695561 398.9871244616218 494876.7365283507 999.0800000000163 285.36109570314875 572.7083652343912 376.6224889518649 0.0 0.0 0.0 0.0 0.0 0.0 0.0 0.0 0 0 1.0
246000.0 248000.0 2 1 158.29885754476862 10616.871602370284 334.9099366720835 413477.1492257856 996.1920000000391 434.999267578125 715.5956337890821 396.8231866481431 2300.0 2300.0 2300.0 0.0 128.0 128.0 128.0 0.0 1 2 1.0
248000.0 250000.0 3 1 284.94300124531946 15213.819977902513 592.7491492565508 738039.323069121 995.6439999999711 430.75927734375 661.9663365885305 296.0554948169502 2300.0 2300.0 2300.0 0.0 128.0 128.0 128.0 0.0 1 1 1.0
250000.0 252000.0 3 1 286.6523934904059 15248.609919217835 581.3138513039851 724925.4478798454 995.954000000027 414.707275390625 659.5643326823096 301.240108121284 2300.0 2300.0 2300.0 0.0 128.0 128.0 128.0 0.0 2 1 1.0
252000.0 254000.0 3 1 293.0137037616783 15941.078613269867 585.0814114423306 729415.3667280574 998.494000000006 409.55126953125 663.8919980468733 302.5636940436781 2300.0 2300.0 2300.0 0.0 128.0 128.0 128.0 0.0 1 1 1.0
254000.0 256000.0 3 1 218.63895558650324 12456.406962914149 439.8521848056049 543567.7723136039 998.8169999999809 406.27099609375 663.567908854185 303.866908814662 2300.0 2300.0 2300.0 0.0 128.0 128.0 128.0 0.0 1 1 1.0
256000.0 258000.0 3 1 300.95126245950013 15909.924334052774 591.3173001627305 736621.4085569239 999.685999999987 403.3852539063082 665.5310859375168 304.60240621047006 2300.0 2300.0 2300.0 0.0 128.0 128.0 128.0 0.0 1 1 1.0
258000.0 260000.0 3 1 270.33497730777344 15074.692729541797 553.0408500416968 689055.9222297972 997.2880000000005 399.388916015625 664.3888873697724 304.6777784756556 2300.0 2300.0 2300.0 0.0 128.0 128.0 128.0 0.0 1 1 1.0
260000.0 262000.0 3 1 185.7948769466825 10444.37790077421 373.1756291161561 465072.79772340297 999.9380000000237 396.0380859375 663.6780566406475 307.74226560010743 2300.0 2300.0 2300.0 0.0 128.0 128.0 128.0 0.0 1 1 1.0
262000.0 264000.0 3 1 270.3000651797439 14412.747560269072 535.5737046242631 668728.0385059821 998.5599999999977 392.669921875 662.7646119791704 308.2420039070451 2300.0 2300.0 2300.0 0.0 128.0 128.0 128.0 0.0 1 1 1.0
264000.0 266000.0 3 1 271.77881612918617 14348.354736657977 550.781356053418 686765.1527631963 997.6699999999837 380.902099609375 659.5900592447919 312.64391294899497 2300.0 2300.0 2300.0 0.0 128.0 128.0 128.0 0.0 1 1 1.0
266000.0 268000.0 3 1 249.78075743519742 13330.870459500025 505.75111804376036 627010.3781737328 999.8209999999963 368.928955078125 662.0462851562576 317.8079681143987 2300.0 2300.0 2300.0 0.0 128.0 128.0 128.0 0.0 1 1 1.0
268000.0 270000.0 3 1 248.31016736516847 13662.394155059637 497.0957157854483 616892.907504736 995.5839999999735 365.946044921875 661.9450299479067 316.50207736016915 2300.0 2300.0 2300.0 0.0 128.0 128.0 128.0 0.0 1 1 1.0
270000.0 272000.0 3 1 281.0106650716895 14591.5811083989 570.2253610351117 709641.5210432499 998.5509999999776 359.491943359375 664.0089661458236 320.5857848311527 2300.0 2300.0 2300.0 0.0 128.0 128.0 128.0 0.0 1 1 1.0
272000.0 274000.0 3 1 200.44003843065386 11055.61017138965 420.897868417671 522381.95283589256 995.2930000000051 133.867919921875 492.1646588541723 448.6038752582372 2300.0 2300.0 2300.0 0.0 128.0 128.0 128.0 0.0 1 1 1.0
274000.0 276000.0 3 1 277.5924790479879 14605.23650200444 561.5798146663741 696029.3438373453 998.859999999986 127.72998046875 663.4643535156114 468.8481435951645 2300.0 2300.0 2300.0 0.0 128.0 128.0 128.0 0.0 1 1 1.0
276000.0 278000.0 3 1 261.6618906729444 13915.399647763625 530.3052242475587 657023.3542548225 999.3180000000284 117.697265625 662.5484283854215 476.22184037517803 2300.0 2300.0 2300.0 0.0 128.0 128.0 128.0 0.0 1 1 1.0
278000.0 280000.0 3 1 254.85352947227946 13641.385053164897 505.6442209318785 626372.2174225176 997.4569999999949 116.14208984375 663.191941406248 477.63691105796374 2300.0 2300.0 2300.0 0.0 128.0 128.0 128.0 0.0 1 1 1.0
280000.0 282000.0 3 1 226.2690352009932 12355.687828104865 469.5141917223024 582081.8005777346 996.829000000027 110.22509765630821 663.0003359375211 482.1512435785668 2300.0 2300.0 2300.0 0.0 128.0 128.0 128.0 0.0 1 1 1.0
282000.0 284000.0 3 1 214.30610225910624 12304.154143228232 453.4661663926561 562084.8601544629 998.6020000000717 102.943115234375 662.9016725260686 488.12910658519024 2300.0 2300.0 2300.0 0.0 128.0 128.0 128.0 0.0 1 1 1.0
284000.0 286000.0 3 1 285.77105867588006 15005.586265992897 562.2373808057022 698969.0351761341 999.9089999999851 92.139892578125 662.9275924479201 497.00123223478334 2300.0 2300.0 2300.0 0.0 128.0 128.0 128.0 0.0 2 2 1.0
286000.0 288000.0 3 1 249.585662113746 13950.497049119505 497.73290603705 617805.3425112972 996.4739999999874 83.46728515630821 662.1517975260504 503.1699704976659 2300.0 2300.0 2300.0 0.0 0.0 0.0 0.0 0.0 1 0 1.0
288000.0 290000.0 2 1 238.71170460279174 12155.71327930285 473.75465843566735 588740.9075123591 915.0187148437253 743.3819999999832 829.2003574218543 121.3654849665918 0.0 0.0 0.0 0.0 128.0 128.0 128.0 0.0 0 1 1.0
290000.0 292000.0 2 1 205.0728291139556 12894.99277398704 444.49349943262666 550035.9975597482 994.3160000000498 724.327880859375 859.3219404297124 190.9104298841727 2300.0 2300.0 2300.0 0.0 128.0 128.0 128.0 0.0 1 2 1.0
292000.0 294000.0 3 1 285.3964544963152 14986.998843150097 585.5759493146364 732173.1928768726 999.1560000000172 275.2411191406427 662.1628092448033 364.5309725768703 2300.0 2300.0 2300.0 0.0 128.0 128.0 128.0 0.0 2 1 1.0
294000.0 296000.0 3 1 254.75634686610653 13839.639467031713 501.18938952148136 623811.9912010352 999.6990000000224 285.8206914062612 663.4509811198028 358.7337858700573 2300.0 2300.0 2300.0 0.0 128.0 128.0 128.0 0.0 1 1 1.0
296000.0 298000.0 3 1 264.86717662157344 14073.02852634704 540.726559599276 672276.4100421483 998.7619999999879 291.94774804689223 662.893239583335 354.7102754228316 2300.0 2300.0 2300.0 0.0 128.0 128.0 128.0 0.0 1 1 1.0
298000.0 300000.0 3 1 178.88364553705352 9051.101771473632 334.13952915721154 415025.48823490273 866.6660000000265 131.4208984375 432.4313092448089 385.30231172243384 2300.0 2300.0 2300.0 0.0 128.0 128.0 128.0 0.0 1 1 1.0
300000.0 302000.0 1 1 77.02354736499565 5287.2386180104795 172.87507297476802 212353.92008529304 780.0671015625121 780.0671015625121 780.0671015625121 0.0 0.0 0.0 0.0 0.0 0.0 0.0 0.0 0.0 0 0 1.0
