ts te nbins ncons c_tcp_packs c_tcp_bytes c_udp_packs c_udp_bytes s_tcp_packs s_tcp_bytes s_udp_packs s_udp_bytes max_bins_span min_bins_span avg_bins_span std_bins_span max_video_rate min_video_rate avg_video_rate std_video_rate max_audio_rate min_audio_rate avg_audio_rate std_audio_rate video_requests audio_requests
0 1000 7 7 75 35637 0 0 124 52846 0 0 600 42 385 173 0 0 0 0 0 0 0 0 0 0
1000 2000 18 18 95 10258 7 3209 140 41486 9 5940 852 110 439 196 0 0 0 0 0 0 0 0 0 0
2000 3000 5 5 15 972 0 0 22 9096 0 0 417 250 299 68 0 0 0 0 0 0 0 0 0 0
3000 4000 3 3 2 17 0 0 3 123 0 0 26 1 17 13 0 0 0 0 0 0 0 0 0 0
4000 5000 6 6 13 3802 0 0 18 1808 0 0 744 3 214 287 0 0 0 0 0 0 0 0 0 0
5000 6000 10 10 73 26478 16 9615 97 22684 15 10798 548 168 360 124 0 0 0 0 0 0 0 0 0 0
6000 7000 1 1 8 4690 0 0 14 1463 0 0 419 419 419 0 480 480 480 0 128 128 128 0 3 4
7000 8000 3 3 11 4310 0 0 15 862 0 0 529 144 319 194 480 480 480 0 128 128 128 0 2 2
8000 9000 3 3 5 2577 12 6148 9 1174 15 6338 130 76 106 27 480 480 480 0 128 128 128 0 2 1
9000 10000 8 8 31 13763 74 38756 52 6269 94 46189 777 20 440 240 480 480 480 0 128 128 128 0 1 1
10000 11000 9 8 43 40180 25 8085 63 7042 41 31520 582 97 273 165 480 480 480 0 128 128 128 0 1 1
11000 12000 3 2 1 417 41 4466 2 87 75 74342 376 43 185 171 0 0 0 0 0 0 0 0 0 0
12000 13000 3 3 0 0 77 75528 0 0 52 5816 846 0 376 430 4400 4400 4400 0 128 128 128 0 2 3
13000 14000 0 0 0 0 0 0 0 0 0 0 0 0 0 0 0 0 0 0 0 0 0 0 0 0
14000 15000 3 3 0 0 60 67434 0 0 24 1104 333 124 222 105 4400 4400 4400 0 0 0 0 0 1 0
15000 16000 1 1 0 0 1 277 0 0 2 413 113 113 113 0 0 0 0 0 0 0 0 0 0 0
16000 17000 0 0 0 0 0 0 0 0 0 0 0 0 0 0 0 0 0 0 0 0 0 0 0 0
17000 18000 2 2 11 5830 0 0 13 4095 0 0 784 103 444 481 4400 4400 4400 0 128 128 128 0 1 1
18000 19000 2 2 2 1303 0 0 3 269 0 0 307 0 153 217 0 0 0 0 0 0 0 0 0 0
19000 20000 1 1 0 0 44 50336 0 0 15 443 327 327 327 0 0 0 0 0 0 0 0 0 0 0
20000 21000 2 2 11 11630 0 0 16 775 0 0 399 272 335 89 4400 4400 4400 0 0 0 0 0 1 0
21000 22000 0 0 0 0 0 0 0 0 0 0 0 0 0 0 0 0 0 0 0 0 0 0 0 0
22000 23000 0 0 0 0 0 0 0 0 0 0 0 0 0 0 0 0 0 0 0 0 0 0 0 0
23000 24000 0 0 0 0 0 0 0 0 0 0 0 0 0 0 0 0 0 0 0 0 0 0 0 0
24000 25000 1 1 0 0 8 6434 0 0 5 192 172 172 172 0 0 0 0 0 128 128 128 0 0 1
25000 26000 1 1 0 0 1 48 0 0 1 48 26 26 26 0 0 0 0 0 0 0 0 0 0 0
26000 27000 0 0 0 0 0 0 0 0 0 0 0 0 0 0 0 0 0 0 0 0 0 0 0 0
27000 28000 2 2 9 3831 0 0 12 5900 0 0 872 41 456 587 1500 1500 1500 0 128 128 128 0 1 1
28000 29000 4 3 12 4307 0 0 16 862 0 0 441 31 218 181 840 840 840 0 128 128 128 0 2 2
29000 30000 0 0 0 0 0 0 0 0 0 0 0 0 0 0 0 0 0 0 0 0 0 0 0 0
30000 31000 5 5 69 152419 0 0 126 1556 0 0 727 208 372 203 840 840 840 0 128 128 128 0 2 1
31000 32000 1 1 0 2 0 0 0 2 0 0 23 23 23 0 840 840 840 0 128 128 128 0 1 2
32000 33000 0 0 0 0 0 0 0 0 0 0 0 0 0 0 0 0 0 0 0 0 0 0 0 0
33000 34000 0 0 0 0 0 0 0 0 0 0 0 0 0 0 0 0 0 0 0 0 0 0 0 0
34000 35000 2 2 0 0 16 9223 0 0 18 9300 133 82 108 36 840 840 840 0 128 128 128 0 1 1
35000 36000 1 1 1 35 0 0 3 31 0 0 394 394 394 0 0 0 0 0 0 0 0 0 0 0
36000 37000 0 0 0 0 0 0 0 0 0 0 0 0 0 0 0 0 0 0 0 0 0 0 0 0
37000 38000 6 6 17 5557 0 0 23 4431 0 0 601 20 286 230 0 0 0 0 0 0 0 0 0 0
38000 39000 0 0 0 0 0 0 0 0 0 0 0 0 0 0 0 0 0 0 0 0 0 0 0 0
39000 40000 10 10 10 0 0 0 10 0 0 0 22 20 21 0 0 0 0 0 0 0 0 0 0 0
40000 41000 2 2 10 16585 0 0 18 800 0 0 298 277 287 14 1500 1500 1500 0 128 128 128 0 1 1
41000 42000 0 0 0 0 0 0 0 0 0 0 0 0 0 0 0 0 0 0 0 0 0 0 0 0
42000 43000 0 0 0 0 0 0 0 0 0 0 0 0 0 0 0 0 0 0 0 0 0 0 0 0
43000 44000 0 0 0 0 0 0 0 0 0 0 0 0 0 0 0 0 0 0 0 0 0 0 0 0
44000 45000 0 0 0 0 0 0 0 0 0 0 0 0 0 0 0 0 0 0 0 0 0 0 0 0
45000 46000 4 4 4 0 0 0 4 0 0 0 23 19 22 1 0 0 0 0 0 0 0 0 0 0
46000 47000 10 10 18 8586 0 0 25 742 0 0 295 29 84 108 0 0 0 0 0 0 0 0 0 0
47000 48000 7 7 17 6561 0 0 22 4370 0 0 455 25 134 180 0 0 0 0 0 0 0 0 0 0
48000 49000 1 1 1 0 0 0 1 0 0 0 19 19 19 0 1500 1500 1500 0 128 128 128 0 1 2
49000 50000 2 2 1 0 7 5917 1 0 4 167 90 17 53 51 1500 1500 1500 0 0 0 0 0 1 0
50000 51000 5 5 12 11038 0 0 18 800 0 0 280 19 123 137 1500 1500 1500 0 128 128 128 0 1 1
51000 52000 4 4 1 0 10 5862 1 0 13 4378 360 8 96 176 0 0 0 0 0 0 0 0 0 0
52000 53000 4 4 2 0 0 0 2 0 0 0 18 14 15 2 2300 2300 2300 0 128 128 128 0 2 2
53000 54000 0 0 0 0 0 0 0 0 0 0 0 0 0 0 0 0 0 0 0 0 0 0 0 0
54000 55000 1 1 0 0 5 3565 0 0 3 146 206 206 206 0 2300 2300 2300 0 128 128 128 0 1 1
55000 56000 0 0 0 0 0 0 0 0 0 0 0 0 0 0 0 0 0 0 0 0 0 0 0 0
56000 57000 0 0 0 0 0 0 0 0 0 0 0 0 0 0 0 0 0 0 0 0 0 0 0 0
57000 58000 3 3 12 5179 0 0 16 4374 0 0 378 31 253 192 0 0 0 0 0 0 0 0 0 0
58000 59000 0 0 0 0 0 0 0 0 0 0 0 0 0 0 0 0 0 0 0 0 0 0 0 0
59000 60000 0 0 0 0 0 0 0 0 0 0 0 0 0 0 0 0 0 0 0 0 0 0 0 0
60000 61000 16 16 34 11744 0 0 30 894 0 0 277 109 136 57 2300 2300 2300 0 128 128 128 0 1 1
61000 62000 3 3 4 15 0 0 7 167 0 0 165 116 139 24 2300 2300 2300 0 0 0 0 0 1 0
62000 63000 0 0 0 0 0 0 0 0 0 0 0 0 0 0 0 0 0 0 0 0 0 0 0 0
63000 64000 0 0 0 0 0 0 0 0 0 0 0 0 0 0 0 0 0 0 0 0 0 0 0 0
64000 65000 1 1 0 0 0 0 0 2 0 0 24 24 24 0 0 0 0 0 128 128 128 0 0 2
65000 66000 3 3 63 118082 0 0 113 5567 0 0 670 326 534 183 1500 1500 1500 0 0 0 0 0 2 0
66000 67000 1 1 9 19416 0 0 17 898 0 0 110 110 110 0 1500 1500 1500 0 128 128 128 0 1 1
67000 68000 6 6 25 7623 0 0 36 9438 0 0 578 103 381 172 0 0 0 0 0 0 0 0 0 0
68000 69000 1 1 1 418 0 0 1 577 0 0 60 60 60 0 1500 1500 1500 0 128 128 128 0 1 1
69000 70000 0 0 0 0 0 0 0 0 0 0 0 0 0 0 0 0 0 0 0 0 0 0 0 0
70000 71000 2 2 10 14267 0 0 16 800 0 0 288 271 279 11 0 0 0 0 0 0 0 0 0 0
71000 72000 0 0 0 0 0 0 0 0 0 0 0 0 0 0 0 0 0 0 0 0 0 0 0 0
72000 73000 0 0 0 0 0 0 0 0 0 0 0 0 0 0 0 0 0 0 0 0 0 0 0 0
73000 74000 0 0 0 0 0 0 0 0 0 0 0 0 0 0 0 0 0 0 0 0 0 0 0 0
74000 75000 0 0 0 0 0 0 0 0 0 0 0 0 0 0 0 0 0 0 0 0 0 0 0 0
75000 76000 0 0 0 0 0 0 0 0 0 0 0 0 0 0 0 0 0 0 0 0 0 0 0 0
76000 77000 1 1 1 0 0 0 1 0 0 0 17 17 17 0 1500 1500 1500 0 128 128 128 0 1 2
77000 78000 1 1 2 0 0 0 3 77 0 0 129 129 129 0 1500 1500 1500 0 0 0 0 0 1 0
78000 79000 0 0 0 0 0 0 0 0 0 0 0 0 0 0 0 0 0 0 0 0 0 0 0 0
79000 80000 0 0 0 0 0 0 0 0 0 0 0 0 0 0 0 0 0 0 0 0 0 0 0 0
80000 81000 3 3 12 13599 0 0 17 800 0 0 291 22 201 154 1500 1500 1500 0 128 128 128 0 1 1
81000 82000 0 0 0 0 0 0 0 0 0 0 0 0 0 0 0 0 0 0 0 0 0 0 0 0
82000 83000 0 0 0 0 0 0 0 0 0 0 0 0 0 0 0 0 0 0 0 0 0 0 0 0
83000 84000 0 0 0 0 0 0 0 0 0 0 0 0 0 0 0 0 0 0 0 0 0 0 0 0
84000 85000 0 0 0 0 0 0 0 0 0 0 0 0 0 0 0 0 0 0 0 0 0 0 0 0
85000 86000 0 0 0 0 0 0 0 0 0 0 0 0 0 0 0 0 0 0 0 0 0 0 0 0
86000 87000 1 1 4 5610 0 0 7 525 0 0 280 280 280 0 1500 1500 1500 0 128 128 128 0 1 1
87000 88000 0 0 0 0 0 0 0 0 0 0 0 0 0 0 0 0 0 0 0 0 0 0 0 0
88000 89000 0 0 0 0 0 0 0 0 0 0 0 0 0 0 0 0 0 0 0 0 0 0 0 0
89000 90000 0 0 0 0 0 0 0 0 0 0 0 0 0 0 0 0 0 0 0 0 0 0 0 0
90000 91000 6 6 11 9525 0 0 15 804 0 0 274 17 106 126 2300 2300 2300 0 128 128 128 0 2 3
91000 92000 1 1 0 30 0 0 2 26 0 0 317 317 317 0 0 0 0 0 0 0 0 0 0 0
92000 93000 12 12 1 0 0 0 1 0 0 0 44 44 44 0 1500 1500 1500 0 0 0 0 0 2 0
93000 94000 12 12 10 0 0 0 10 0 0 0 295 294 294 0 0 0 0 0 0 0 0 0 0 0
94000 95000 2 2 0 0 14 9322 0 0 19 11442 297 290 293 4 1500 1500 1500 0 128 128 128 0 1 2
95000 96000 5 5 3 35 6 3888 5 31 7 4778 342 18 127 131 0 0 0 0 0 0 0 0 0 0
96000 97000 0 0 0 0 0 0 0 0 0 0 0 0 0 0 0 0 0 0 0 0 0 0 0 0
97000 98000 6 6 5 64 0 0 9 57 0 0 284 16 98 125 0 0 0 0 0 0 0 0 0 0
98000 99000 1 1 0 5 0 0 0 4 0 0 39 39 39 0 1500 1500 1500 0 128 128 128 0 1 2
99000 100000 1 1 1 0 0 0 1 0 0 0 18 18 18 0 1500 1500 1500 0 0 0 0 0 1 0
100000 101000 2 2 12 13209 0 0 18 800 0 0 278 277 277 0 1500 1500 1500 0 128 128 128 0 1 1
101000 102000 0 0 0 0 0 0 0 0 0 0 0 0 0 0 0 0 0 0 0 0 0 0 0 0
102000 103000 0 0 0 0 0 0 0 0 0 0 0 0 0 0 0 0 0 0 0 0 0 0 0 0
103000 104000 0 0 0 0 0 0 0 0 0 0 0 0 0 0 0 0 0 0 0 0 0 0 0 0
104000 105000 0 0 0 0 0 0 0 0 0 0 0 0 0 0 0 0 0 0 0 0 0 0 0 0
105000 106000 0 0 0 0 0 0 0 0 0 0 0 0 0 0 0 0 0 0 0 0 0 0 0 0
106000 107000 0 0 0 0 0 0 0 0 0 0 0 0 0 0 0 0 0 0 0 0 0 0 0 0
107000 108000 0 0 0 0 0 0 0 0 0 0 0 0 0 0 0 0 0 0 0 0 0 0 0 0
108000 109000 0 0 0 0 0 0 0 0 0 0 0 0 0 0 0 0 0 0 0 0 0 0 0 0
109000 110000 0 0 0 0 0 0 0 0 0 0 0 0 0 0 0 0 0 0 0 0 0 0 0 0
110000 111000 2 2 10 11448 0 0 16 819 0 0 385 290 338 67 1500 1500 1500 0 0 0 0 0 2 0
111000 112000 3 3 3 0 0 0 5 0 0 0 32 21 27 5 0 0 0 0 0 0 0 0 0 0
112000 113000 4 4 2 0 0 0 4 0 0 0 99 20 62 42 1500 1500 1500 0 128 128 128 0 1 3
113000 114000 4 4 2 0 0 0 5 0 0 0 364 18 139 156 1500 1500 1500 0 128 128 128 0 1 1
114000 115000 2 2 2 0 0 0 4 0 0 0 121 121 121 0 1500 1500 1500 0 0 0 0 0 1 0
115000 116000 2 2 2 0 0 0 4 0 0 0 116 19 67 69 0 0 0 0 0 0 0 0 0 0
116000 117000 0 0 0 0 0 0 0 0 0 0 0 0 0 0 0 0 0 0 0 0 0 0 0 0
117000 118000 1 1 1 0 0 0 3 0 0 0 331 331 331 0 0 0 0 0 0 0 0 0 0 0
118000 119000 2 2 0 0 0 0 1 0 0 0 94 89 91 3 1500 1500 1500 0 128 128 128 0 1 1
119000 120000 4 4 3 0 0 0 7 0 0 0 351 51 172 126 0 0 0 0 0 0 0 0 0 0
120000 121000 5 5 10 12151 0 0 18 844 0 0 280 31 144 124 2300 2300 2300 0 128 128 128 0 2 2
121000 122000 2 2 1 35 0 0 5 31 0 0 365 362 364 2 0 0 0 0 0 0 0 0 0 0
122000 123000 2 2 101 7473 0 0 156 182424 0 0 881 322 601 394 2300 2300 2300 0 128 128 128 0 1 1
123000 124000 2 2 8 557 0 0 13 14005 0 0 144 68 106 53 0 0 0 0 128 128 128 0 0 1
124000 125000 2 2 19 8666 0 0 24 4343 0 0 910 496 703 292 2300 2300 2300 0 128 128 128 0 1 1
125000 126000 7 6 82 131331 0 0 137 11770 0 0 888 29 476 356 2300 2300 2300 0 0 0 0 0 1 0
126000 127000 5 4 9 8930 0 0 12 1850 0 0 576 7 255 219 0 0 0 0 128 128 128 0 0 1
127000 128000 5 5 5 1795 0 0 8 1006 0 0 351 165 223 79 2300 2300 2300 0 0 0 0 0 1 0
128000 129000 4 4 10 5900 0 0 16 4074 0 0 876 106 336 362 0 0 0 0 128 128 128 0 0 1
129000 130000 3 3 0 630 0 0 1 306 0 0 53 0 35 31 2300 2300 2300 0 0 0 0 0 1 0
130000 131000 2 2 13 22144 0 0 22 844 0 0 306 297 302 6 0 0 0 0 0 0 0 0 0 0
131000 132000 0 0 0 0 0 0 0 0 0 0 0 0 0 0 0 0 0 0 0 0 0 0 0 0
132000 133000 1 1 0 0 0 0 0 0 0 0 0 0 0 0 2300 2300 2300 0 128 128 128 0 1 2
133000 134000 0 0 0 0 0 0 0 0 0 0 0 0 0 0 0 0 0 0 0 0 0 0 0 0
134000 135000 1 1 0 0 0 0 0 0 0 0 0 0 0 0 0 0 0 0 0 0 0 0 0 0
135000 136000 1 1 3 0 0 0 3 77 0 0 35 35 35 0 0 0 0 0 0 0 0 0 0 0
136000 137000 0 0 0 0 0 0 0 0 0 0 0 0 0 0 0 0 0 0 0 0 0 0 0 0
137000 138000 0 0 0 0 0 0 0 0 0 0 0 0 0 0 0 0 0 0 0 0 0 0 0 0
138000 139000 2 2 3 0 0 0 4 77 0 0 140 17 79 86 0 0 0 0 128 128 128 0 0 1
139000 140000 0 0 0 0 0 0 0 0 0 0 0 0 0 0 0 0 0 0 0 0 0 0 0 0
140000 141000 2 2 8 10361 0 0 14 844 0 0 276 266 271 6 0 0 0 0 128 128 128 0 0 1
141000 142000 0 0 0 0 0 0 0 0 0 0 0 0 0 0 0 0 0 0 0 0 0 0 0 0
142000 143000 0 0 0 0 0 0 0 0 0 0 0 0 0 0 0 0 0 0 0 0 0 0 0 0
143000 144000 0 0 0 0 0 0 0 0 0 0 0 0 0 0 0 0 0 0 0 0 0 0 0 0
144000 145000 0 0 0 0 0 0 0 0 0 0 0 0 0 0 0 0 0 0 0 0 0 0 0 0
145000 146000 0 0 0 0 0 0 0 0 0 0 0 0 0 0 0 0 0 0 0 0 0 0 0 0
146000 147000 0 0 0 0 0 0 0 0 0 0 0 0 0 0 0 0 0 0 0 0 0 0 0 0
147000 148000 0 0 0 0 0 0 0 0 0 0 0 0 0 0 0 0 0 0 0 0 0 0 0 0
148000 149000 0 0 0 0 0 0 0 0 0 0 0 0 0 0 0 0 0 0 0 0 0 0 0 0
149000 150000 0 0 0 0 0 0 0 0 0 0 0 0 0 0 0 0 0 0 0 0 0 0 0 0
150000 151000 2 2 9 9992 0 0 15 863 0 0 296 271 283 17 2300 2300 2300 0 128 128 128 0 1 2
151000 152000 1 1 1 35 0 0 3 31 0 0 376 376 376 0 1500 1500 1500 0 0 0 0 0 1 0
152000 153000 0 0 0 0 0 0 0 0 0 0 0 0 0 0 0 0 0 0 0 0 0 0 0 0
153000 154000 0 0 0 0 0 0 0 0 0 0 0 0 0 0 0 0 0 0 0 0 0 0 0 0
154000 155000 0 0 0 0 0 0 0 0 0 0 0 0 0 0 0 0 0 0 0 0 0 0 0 0
155000 156000 1 1 1 35 0 0 3 31 0 0 254 254 254 0 0 0 0 0 0 0 0 0 0 0
156000 157000 0 0 0 0 0 0 0 0 0 0 0 0 0 0 0 0 0 0 0 0 0 0 0 0
157000 158000 2 2 0 17 0 0 1 15 0 0 131 56 94 53 1500 1500 1500 0 0 0 0 0 1 0
158000 159000 2 2 1 52 0 0 4 46 0 0 293 250 271 30 1500 1500 1500 0 128 128 128 0 1 1
159000 160000 0 0 0 0 0 0 0 0 0 0 0 0 0 0 0 0 0 0 0 0 0 0 0 0
160000 161000 3 3 13 14755 0 0 20 1259 0 0 388 86 247 152 1500 1500 1500 0 128 128 128 0 1 1
161000 162000 1 1 0 0 0 0 0 0 0 0 46 46 46 0 0 0 0 0 0 0 0 0 0 0
162000 163000 0 0 0 0 0 0 0 0 0 0 0 0 0 0 0 0 0 0 0 0 0 0 0 0
163000 164000 0 0 0 0 0 0 0 0 0 0 0 0 0 0 0 0 0 0 0 0 0 0 0 0
164000 165000 0 0 0 0 0 0 0 0 0 0 0 0 0 0 0 0 0 0 0 0 0 0 0 0
165000 166000 0 0 0 0 0 0 0 0 0 0 0 0 0 0 0 0 0 0 0 0 0 0 0 0
166000 167000 1 1 4 5174 0 0 7 525 0 0 277 277 277 0 2300 2300 2300 0 128 128 128 0 1 2
167000 168000 0 0 0 0 0 0 0 0 0 0 0 0 0 0 0 0 0 0 0 0 0 0 0 0
168000 169000 2 2 2 0 0 0 2 0 0 0 19 17 18 1 1500 1500 1500 0 128 128 128 0 2 3
169000 170000 0 0 0 0 0 0 0 0 0 0 0 0 0 0 0 0 0 0 0 0 0 0 0 0
170000 171000 2 2 11 14189 0 0 17 800 0 0 282 271 277 7 1500 1500 1500 0 128 128 128 0 1 2
171000 172000 1 1 1 0 0 0 1 0 0 0 19 19 19 0 1500 1500 1500 0 0 0 0 0 1 0
172000 173000 0 0 0 0 0 0 0 0 0 0 0 0 0 0 0 0 0 0 0 0 0 0 0 0
173000 174000 0 0 0 0 0 0 0 0 0 0 0 0 0 0 0 0 0 0 0 0 0 0 0 0
174000 175000 1 1 1 0 0 0 1 0 0 0 18 18 18 0 1500 1500 1500 0 128 128 128 0 1 2
175000 176000 0 0 0 0 0 0 0 0 0 0 0 0 0 0 0 0 0 0 0 0 0 0 0 0
176000 177000 0 0 0 0 0 0 0 0 0 0 0 0 0 0 0 0 0 0 0 0 0 0 0 0
177000 178000 0 0 0 0 0 0 0 0 0 0 0 0 0 0 0 0 0 0 0 0 0 0 0 0
178000 179000 0 0 0 0 0 0 0 0 0 0 0 0 0 0 0 0 0 0 0 0 0 0 0 0
179000 180000 0 0 0 0 0 0 0 0 0 0 0 0 0 0 0 0 0 0 0 0 0 0 0 0
180000 181000 2 2 10 13490 0 0 16 800 0 0 289 283 286 4 2300 2300 2300 0 128 128 128 0 1 1
181000 182000 1 1 1 35 0 0 3 31 0 0 375 375 375 0 0 0 0 0 0 0 0 0 0 0
182000 183000 0 0 0 0 0 0 0 0 0 0 0 0 0 0 0 0 0 0 0 0 0 0 0 0
183000 184000 0 0 0 0 0 0 0 0 0 0 0 0 0 0 0 0 0 0 0 0 0 0 0 0
184000 185000 0 0 0 0 0 0 0 0 0 0 0 0 0 0 0 0 0 0 0 0 0 0 0 0
185000 186000 2 2 58 116662 0 0 104 723 0 0 889 452 670 308 0 0 0 0 0 0 0 0 0 0
186000 187000 2 2 1 1256 0 0 2 28 0 0 223 9 116 151 2300 2300 2300 0 128 128 128 0 1 1
187000 188000 0 0 0 0 0 0 0 0 0 0 0 0 0 0 0 0 0 0 0 0 0 0 0 0
188000 189000 4 4 21 7788 0 0 31 9977 0 0 528 309 398 97 2300 2300 2300 0 128 128 128 0 1 1
189000 190000 0 0 0 0 0 0 0 0 0 0 0 0 0 0 0 0 0 0 0 0 0 0 0 0
190000 191000 2 2 8 11981 0 0 14 800 0 0 269 266 267 1 2300 2300 2300 0 128 128 128 0 1 1
191000 192000 0 0 0 0 0 0 0 0 0 0 0 0 0 0 0 0 0 0 0 0 0 0 0 0
192000 193000 0 0 0 0 0 0 0 0 0 0 0 0 0 0 0 0 0 0 0 0 0 0 0 0
193000 194000 0 0 0 0 0 0 0 0 0 0 0 0 0 0 0 0 0 0 0 0 0 0 0 0
194000 195000 0 0 0 0 0 0 0 0 0 0 0 0 0 0 0 0 0 0 0 0 0 0 0 0
195000 196000 0 0 0 0 0 0 0 0 0 0 0 0 0 0 0 0 0 0 0 0 0 0 0 0
196000 197000 0 0 0 0 0 0 0 0 0 0 0 0 0 0 0 0 0 0 0 0 0 0 0 0
197000 198000 0 0 0 0 0 0 0 0 0 0 0 0 0 0 0 0 0 0 0 0 0 0 0 0
198000 199000 1 1 2 0 0 0 3 77 0 0 54 54 54 0 1500 1500 1500 0 128 128 128 0 1 1
199000 200000 0 0 0 0 0 0 0 0 0 0 0 0 0 0 0 0 0 0 0 0 0 0 0 0
200000 201000 2 2 8 11203 0 0 15 1137 0 0 628 282 455 244 1500 1500 1500 0 128 128 128 0 1 1
201000 202000 1 1 0 314 0 0 0 41 0 0 36 36 36 0 0 0 0 0 0 0 0 0 0 0
202000 203000 0 0 0 0 0 0 0 0 0 0 0 0 0 0 0 0 0 0 0 0 0 0 0 0
203000 204000 0 0 0 0 0 0 0 0 0 0 0 0 0 0 0 0 0 0 0 0 0 0 0 0
204000 205000 0 0 0 0 0 0 0 0 0 0 0 0 0 0 0 0 0 0 0 0 0 0 0 0
205000 206000 0 0 0 0 0 0 0 0 0 0 0 0 0 0 0 0 0 0 0 0 0 0 0 0
206000 207000 1 1 5 5926 0 0 9 1051 0 0 551 551 551 0 1500 1500 1500 0 128 128 128 0 2 2
207000 208000 0 0 0 0 0 0 0 0 0 0 0 0 0 0 0 0 0 0 0 0 0 0 0 0
208000 209000 0 0 0 0 0 0 0 0 0 0 0 0 0 0 0 0 0 0 0 0 0 0 0 0
209000 210000 0 0 0 0 0 0 0 0 0 0 0 0 0 0 0 0 0 0 0 0 0 0 0 0
210000 211000 2 2 9 12820 0 0 15 800 0 0 286 283 284 2 1500 1500 1500 0 128 128 128 0 1 1
211000 212000 1 1 1 35 0 0 3 31 0 0 262 262 262 0 0 0 0 0 0 0 0 0 0 0
212000 213000 0 0 0 0 0 0 0 0 0 0 0 0 0 0 0 0 0 0 0 0 0 0 0 0
213000 214000 2 2 2 0 0 0 2 0 0 0 33 33 33 0 0 0 0 0 0 0 0 0 0 0
214000 215000 1 1 0 0 8 8638 0 0 6 1369 240 240 240 0 1500 1500 1500 0 128 128 128 0 1 1
215000 216000 1 1 0 0 16 15705 0 0 12 2489 437 437 437 0 0 0 0 0 0 0 0 0 0 0
216000 217000 1 1 1 35 0 0 3 31 0 0 267 267 267 0 1500 1500 1500 0 128 128 128 0 1 1
217000 218000 0 0 0 0 0 0 0 0 0 0 0 0 0 0 0 0 0 0 0 0 0 0 0 0
218000 219000 2 2 2 70 0 0 6 62 0 0 377 375 376 1 2300 2300 2300 0 128 128 128 0 2 2
219000 220000 0 0 0 0 0 0 0 0 0 0 0 0 0 0 0 0 0 0 0 0 0 0 0 0
220000 221000 2 2 9 13768 0 0 15 800 0 0 277 266 271 7 2300 2300 2300 0 128 128 128 0 1 1
221000 222000 0 0 0 0 0 0 0 0 0 0 0 0 0 0 0 0 0 0 0 0 0 0 0 0
222000 223000 0 0 0 0 0 0 0 0 0 0 0 0 0 0 0 0 0 0 0 0 0 0 0 0
223000 224000 0 0 0 0 0 0 0 0 0 0 0 0 0 0 0 0 0 0 0 0 0 0 0 0
224000 225000 1 1 0 0 5 2701 0 0 4 170 179 179 179 0 2300 2300 2300 0 128 128 128 0 1 1
225000 226000 0 0 0 0 0 0 0 0 0 0 0 0 0 0 0 0 0 0 0 0 0 0 0 0
226000 227000 0 0 0 0 0 0 0 0 0 0 0 0 0 0 0 0 0 0 0 0 0 0 0 0
227000 228000 0 0 0 0 0 0 0 0 0 0 0 0 0 0 0 0 0 0 0 0 0 0 0 0
228000 229000 0 0 0 0 0 0 0 0 0 0 0 0 0 0 0 0 0 0 0 0 0 0 0 0
229000 230000 0 0 0 0 0 0 0 0 0 0 0 0 0 0 0 0 0 0 0 0 0 0 0 0
230000 231000 2 2 9 11122 0 0 16 1179 0 0 688 298 493 276 0 0 0 0 128 128 128 0 0 1
231000 232000 1 1 1 0 0 0 1 0 0 0 16 16 16 0 2300 2300 2300 0 0 0 0 0 1 0
232000 233000 0 0 0 0 0 0 0 0 0 0 0 0 0 0 0 0 0 0 0 0 0 0 0 0
233000 234000 3 3 3 0 0 0 5 0 0 0 120 17 83 57 2300 2300 2300 0 0 0 0 0 1 0
234000 235000 0 0 0 0 0 0 0 0 0 0 0 0 0 0 0 0 0 0 0 0 0 0 0 0
235000 236000 0 0 0 0 0 0 0 0 0 0 0 0 0 0 0 0 0 0 0 0 0 0 0 0
236000 237000 0 0 0 0 0 0 0 0 0 0 0 0 0 0 0 0 0 0 0 0 0 0 0 0
237000 238000 0 0 0 0 0 0 0 0 0 0 0 0 0 0 0 0 0 0 0 0 0 0 0 0
238000 239000 0 0 0 0 0 0 0 0 0 0 0 0 0 0 0 0 0 0 0 0 0 0 0 0
239000 240000 0 0 0 0 0 0 0 0 0 0 0 0 0 0 0 0 0 0 0 0 0 0 0 0
240000 241000 2 2 8 11302 0 0 14 800 0 0 289 273 281 11 1500 1500 1500 0 128 128 128 0 1 1
241000 242000 1 1 1 35 0 0 3 31 0 0 275 275 275 0 0 0 0 0 0 0 0 0 0 0
242000 243000 2 2 94 8859 0 0 154 199402 0 0 776 393 585 271 1500 1500 1500 0 128 128 128 0 1 1
243000 244000 1 1 18 1341 0 0 31 43885 0 0 172 172 172 0 0 0 0 0 0 0 0 0 0 0
244000 245000 0 0 0 0 0 0 0 0 0 0 0 0 0 0 0 0 0 0 0 0 0 0 0 0
245000 246000 2 2 55 119022 0 0 105 2492 0 0 830 133 482 492 0 0 0 0 0 0 0 0 0 0
246000 247000 3 3 16 9233 0 0 25 8118 0 0 536 276 395 131 0 0 0 0 0 0 0 0 0 0
247000 248000 0 0 0 0 0 0 0 0 0 0 0 0 0 0 0 0 0 0 0 0 0 0 0 0
248000 249000 4 4 21 7757 0 0 31 9998 0 0 462 246 327 100 2300 2300 2300 0 128 128 128 0 1 2
249000 250000 0 0 0 0 0 0 0 0 0 0 0 0 0 0 0 0 0 0 0 0 0 0 0 0
250000 251000 2 2 13 21353 0 0 23 1223 0 0 686 278 482 288 1500 1500 1500 0 128 128 128 0 2 2
251000 252000 0 0 0 0 0 0 0 0 0 0 0 0 0 0 0 0 0 0 0 0 0 0 0 0
252000 253000 0 0 0 0 0 0 0 0 0 0 0 0 0 0 0 0 0 0 0 0 0 0 0 0
253000 254000 0 0 0 0 0 0 0 0 0 0 0 0 0 0 0 0 0 0 0 0 0 0 0 0
254000 255000 0 0 0 0 0 0 0 0 0 0 0 0 0 0 0 0 0 0 0 0 0 0 0 0
255000 256000 0 0 0 0 0 0 0 0 0 0 0 0 0 0 0 0 0 0 0 0 0 0 0 0
256000 257000 1 1 2 0 0 0 3 77 0 0 24 24 24 0 1500 1500 1500 0 128 128 128 0 1 2
257000 258000 0 0 0 0 0 0 0 0 0 0 0 0 0 0 0 0 0 0 0 0 0 0 0 0
258000 259000 1 1 1 0 0 0 3 77 0 0 127 127 127 0 1500 1500 1500 0 128 128 128 0 1 1
259000 260000 0 0 0 0 0 0 0 0 0 0 0 0 0 0 0 0 0 0 0 0 0 0 0 0
260000 261000 2 2 8 11523 0 0 14 800 0 0 294 280 287 9 1500 1500 1500 0 128 128 128 0 1 1
261000 262000 0 0 0 0 0 0 0 0 0 0 0 0 0 0 0 0 0 0 0 0 0 0 0 0
262000 263000 0 0 0 0 0 0 0 0 0 0 0 0 0 0 0 0 0 0 0 0 0 0 0 0
263000 264000 0 0 0 0 0 0 0 0 0 0 0 0 0 0 0 0 0 0 0 0 0 0 0 0
264000 265000 0 0 0 0 0 0 0 0 0 0 0 0 0 0 0 0 0 0 0 0 0 0 0 0
265000 266000 0 0 0 0 0 0 0 0 0 0 0 0 0 0 0 0 0 0 0 0 0 0 0 0
266000 267000 0 0 0 0 0 0 0 0 0 0 0 0 0 0 0 0 0 0 0 0 0 0 0 0
267000 268000 0 0 0 0 0 0 0 0 0 0 0 0 0 0 0 0 0 0 0 0 0 0 0 0
268000 269000 0 0 0 0 0 0 0 0 0 0 0 0 0 0 0 0 0 0 0 0 0 0 0 0
269000 270000 1 1 0 0 14 11785 0 0 12 3525 396 396 396 0 0 0 0 0 0 0 0 0 0 0
270000 271000 2 2 8 12424 0 0 14 800 0 0 267 257 262 6 2300 2300 2300 0 128 128 128 0 1 1
271000 272000 1 1 1 35 0 0 3 31 0 0 347 347 347 0 0 0 0 0 0 0 0 0 0 0
272000 273000 0 0 0 0 0 0 0 0 0 0 0 0 0 0 0 0 0 0 0 0 0 0 0 0
273000 274000 0 0 0 0 0 0 0 0 0 0 0 0 0 0 0 0 0 0 0 0 0 0 0 0
274000 275000 0 0 0 0 0 0 0 0 0 0 0 0 0 0 0 0 0 0 0 0 0 0 0 0
275000 276000 0 0 0 0 0 0 0 0 0 0 0 0 0 0 0 0 0 0 0 0 0 0 0 0
276000 277000 1 1 1 35 0 0 3 31 0 0 286 286 286 0 2300 2300 2300 0 128 128 128 0 1 2
277000 278000 0 0 0 0 0 0 0 0 0 0 0 0 0 0 0 0 0 0 0 0 0 0 0 0
278000 279000 2 2 2 70 0 0 6 62 0 0 333 326 330 4 2300 2300 2300 0 128 128 128 0 1 1
279000 280000 0 0 0 0 0 0 0 0 0 0 0 0 0 0 0 0 0 0 0 0 0 0 0 0
280000 281000 2 2 8 10361 0 0 14 800 0 0 286 284 285 0 0 0 0 0 128 128 128 0 0 1
281000 282000 1 1 0 0 1 48 0 0 1 48 31 31 31 0 2300 2300 2300 0 0 0 0 0 1 0
282000 283000 0 0 0 0 0 0 0 0 0 0 0 0 0 0 0 0 0 0 0 0 0 0 0 0
283000 284000 0 0 0 0 0 0 0 0 0 0 0 0 0 0 0 0 0 0 0 0 0 0 0 0
284000 285000 0 0 0 0 0 0 0 0 0 0 0 0 0 0 0 0 0 0 0 0 0 0 0 0
285000 286000 0 0 0 0 0 0 0 0 0 0 0 0 0 0 0 0 0 0 0 0 0 0 0 0
286000 287000 1 1 4 5320 0 0 7 525 0 0 277 277 277 0 2300 2300 2300 0 128 128 128 0 1 2
287000 288000 1 1 1 0 0 0 1 0 0 0 23 23 23 0 0 0 0 0 0 0 0 0 0 0
288000 289000 1 1 1 0 0 0 1 0 0 0 25 25 25 0 1500 1500 1500 0 128 128 128 0 2 2
289000 290000 0 0 0 0 0 0 0 0 0 0 0 0 0 0 0 0 0 0 0 0 0 0 0 0
290000 291000 2 2 10 13978 0 0 16 800 0 0 312 294 303 13 0 0 0 0 128 128 128 0 0 1
291000 292000 1 1 1 0 0 0 1 0 0 0 17 17 17 0 1500 1500 1500 0 0 0 0 0 1 0
292000 293000 0 0 0 0 0 0 0 0 0 0 0 0 0 0 0 0 0 0 0 0 0 0 0 0
293000 294000 1 1 1 0 0 0 1 0 0 0 27 27 27 0 0 0 0 0 0 0 0 0 0 0
294000 295000 0 0 0 0 0 0 0 0 0 0 0 0 0 0 0 0 0 0 0 0 0 0 0 0
295000 296000 0 0 0 0 0 0 0 0 0 0 0 0 0 0 0 0 0 0 0 0 0 0 0 0
296000 297000 0 0 0 0 0 0 0 0 0 0 0 0 0 0 0 0 0 0 0 0 0 0 0 0
297000 298000 0 0 0 0 0 0 0 0 0 0 0 0 0 0 0 0 0 0 0 0 0 0 0 0
298000 299000 0 0 0 0 0 0 0 0 0 0 0 0 0 0 0 0 0 0 0 0 0 0 0 0
299000 300000 0 0 0 0 0 0 0 0 0 0 0 0 0 0 0 0 0 0 0 0 0 0 0 0
