ts te nbins ncons c_tcp_packs c_tcp_bytes c_udp_packs c_udp_bytes s_tcp_packs s_tcp_bytes s_udp_packs s_udp_bytes max_bins_span min_bins_span avg_bins_span std_bins_span max_video_rate min_video_rate avg_video_rate std_video_rate max_audio_rate min_audio_rate avg_audio_rate std_audio_rate video_requests audio_requests
0 10000 0 0 0 0 0 0 0 0 0 0 0 0 0 0 0 0 0 0 0 0 0 0 0 0
10000 20000 13 6 59 19094 0 0 136 150715 0 0 987 0 641 356 288 288 288 0 128 128 128 0 1 2
20000 30000 38 7 336 13098 0 0 477 647793 0 0 997 0 649 391 288 288 288 0 128 128 128 0 5 3
30000 40000 24 3 343 11664 0 0 431 567532 0 0 999 215 826 271 288 288 288 0 128 128 128 0 4 5
40000 50000 25 3 288 10286 0 0 341 444906 0 0 998 1 803 292 288 288 288 0 128 128 128 0 4 4
50000 60000 29 4 375 12886 0 0 478 630541 0 0 999 38 811 278 288 288 288 0 128 128 128 0 5 4
60000 70000 27 4 286 9279 0 0 384 509375 0 0 999 0 753 281 288 288 288 0 128 128 128 0 3 3
70000 80000 27 4 245 9246 0 0 317 412740 0 0 998 0 791 268 288 288 288 0 128 128 128 0 3 4
80000 90000 29 5 291 12492 0 0 374 482638 0 0 998 0 631 388 288 288 288 0 128 128 128 0 4 4
90000 100000 29 4 249 13094 0 0 351 456205 0 0 997 0 692 319 288 288 288 0 128 128 128 0 3 3
100000 110000 28 3 320 11610 0 0 404 532466 0 0 998 123 770 300 288 288 288 0 128 128 128 0 5 4
110000 120000 24 3 265 10313 0 0 339 444439 0 0 999 190 790 259 288 288 288 0 128 128 128 0 3 4
120000 130000 25 4 326 11221 0 0 422 557175 0 0 999 209 795 299 288 288 288 0 128 128 128 0 5 4
130000 140000 30 4 360 12302 0 0 446 590763 0 0 996 7 829 272 288 288 288 0 128 128 128 0 4 5
140000 150000 23 4 244 9143 0 0 318 416385 0 0 992 215 765 293 288 288 288 0 128 128 128 0 3 3
150000 160000 28 3 308 11665 0 0 400 524437 0 0 998 0 726 333 288 288 288 0 128 128 128 0 5 4
160000 170000 28 4 431 13260 0 0 546 729116 0 0 998 237 823 246 288 288 288 0 128 128 128 0 5 6
170000 180000 32 4 461 15743 0 0 583 772857 0 0 999 0 717 360 288 288 288 0 128 128 128 0 7 6
180000 190000 32 4 463 15388 0 0 619 823046 0 0 997 224 796 282 288 288 288 0 128 128 128 0 7 7
190000 200000 26 4 345 11718 0 0 459 610306 0 0 993 0 752 339 288 288 288 0 128 128 128 0 4 5
200000 210000 27 4 342 12296 0 0 424 559435 0 0 994 0 793 326 288 288 288 0 128 128 128 0 5 5
210000 220000 27 4 358 12505 0 0 453 605666 0 0 999 34 747 318 288 288 288 0 128 128 128 0 5 5
220000 230000 27 4 331 10824 0 0 421 560472 0 0 998 0 762 321 288 288 288 0 128 128 128 0 4 4
230000 240000 27 4 488 16623 0 0 663 889470 0 0 999 97 770 306 288 288 288 0 128 128 128 0 8 7
240000 250000 25 4 362 13299 0 0 529 708665 0 0 997 49 736 346 288 288 288 0 128 128 128 0 5 6
250000 260000 25 4 370 13618 0 0 470 617136 0 0 997 47 726 298 288 288 288 0 128 128 128 0 5 5
260000 270000 25 3 375 12656 0 0 502 669414 0 0 998 145 750 292 288 288 288 0 128 128 128 0 5 5
270000 280000 28 3 354 12210 0 0 423 557624 0 0 997 0 753 349 288 288 288 0 128 128 128 0 6 5
280000 290000 14 3 322 13345 0 0 447 588293 0 0 983 73 568 309 288 288 288 0 128 128 128 0 5 6
290000 300000 12 3 278 13334 0 0 467 620762 0 0 877 85 472 239 480 288 384 105 128 128 128 0 6 5
300000 310000 0 0 0 0 0 0 0 0 0 0 0 0 0 0 0 0 0 0 0 0 0 0 0 0
