ts te nbins ncons c_pkts_all c_bytes_all s_pkts_all s_bytes_all max_bin_duration min_bin_duration avg_bin_duration std_bin_duration max_video_rate min_video_rate avg_video_rate std_video_rate max_audio_rate min_audio_rate avg_audio_rate std_audio_rate video_reqs audio_reqs media_reqs
0.0 1000.0 0 0 0.0 0.0 0.0 0.0 0.0 0.0 0.0 0.0 0.0 0.0 0.0 0.0 0.0 0.0 0.0 0.0 0 0 
1000.0 2000.0 0 0 0.0 0.0 0.0 0.0 0.0 0.0 0.0 0.0 0.0 0.0 0.0 0.0 0.0 0.0 0.0 0.0 0 0 
2000.0 3000.0 0 0 0.0 0.0 0.0 0.0 0.0 0.0 0.0 0.0 0.0 0.0 0.0 0.0 0.0 0.0 0.0 0.0 0 0 
3000.0 4000.0 0 0 0.0 0.0 0.0 0.0 0.0 0.0 0.0 0.0 0.0 0.0 0.0 0.0 0.0 0.0 0.0 0.0 0 0 
4000.0 5000.0 0 0 0.0 0.0 0.0 0.0 0.0 0.0 0.0 0.0 0.0 0.0 0.0 0.0 0.0 0.0 0.0 0.0 0 0 
5000.0 6000.0 0 0 0.0 0.0 0.0 0.0 0.0 0.0 0.0 0.0 0.0 0.0 0.0 0.0 0.0 0.0 0.0 0.0 0 0 
6000.0 7000.0 1 1 166.10255387186413 14148.91754344879 441.8804782428538 631040.2918895051 793.7119140625 793.7119140625 793.7119140625 0.0 3000.0 3000.0 3000.0 0.0 128.0 128.0 128.0 0.0 2 3 1.0
7000.0 8000.0 2 1 220.69710676339082 16127.046149508336 606.2435824440125 865957.435077439 792.222900390625 204.98308593750698 498.602993164066 415.2412549825297 1500.0 1500.0 1500.0 0.0 128.0 128.0 128.0 0.0 3 3 0.0
8000.0 9000.0 2 1 196.7614770327288 12506.885689946737 504.278783483093 723517.7463262295 790.76611328125 205.8550996092963 498.31060644527315 413.5945441581359 1500.0 1500.0 1500.0 0.0 128.0 128.0 128.0 0.0 1 1 1.0
9000.0 10000.0 2 1 105.88886975896737 6569.992151559744 302.6936072128191 436147.5256908776 789.365966796875 207.13788671878865 498.2519267578318 411.69742362043905 1500.0 1500.0 1500.0 0.0 0.0 0.0 0.0 0.0 1 0 0.0
10000.0 11000.0 2 1 147.64675981647898 9859.526716719498 402.4051917784101 579475.8088177448 788.462890625 208.47803320310777 498.4704619140539 410.11122566853294 1500.0 1500.0 1500.0 0.0 128.0 128.0 128.0 0.0 1 2 1.0
11000.0 12000.0 2 1 159.2798220198682 9618.551833608202 495.9398049009487 717640.4089085251 788.218017578125 211.53410937497392 499.87606347654946 407.7771020916086 1500.0 1500.0 1500.0 0.0 128.0 128.0 128.0 0.0 2 2 0.0
12000.0 13000.0 2 1 118.62341073670169 6521.079915208691 376.5585519378628 541893.783289679 445.39000000001397 206.7459824218531 326.06799121093354 168.7468031191192 1500.0 1500.0 1500.0 0.0 0.0 0.0 0.0 0.0 1 0 1.0
13000.0 14000.0 0 0 0.0 0.0 0.0 0.0 0.0 0.0 0.0 0.0 0.0 0.0 0.0 0.0 0.0 0.0 0.0 0.0 0 0 
14000.0 15000.0 1 1 93.78465628683134 6731.251214487435 304.6705961141261 438332.3846246637 518.070068359375 518.070068359375 518.070068359375 0.0 2300.0 2300.0 2300.0 0.0 128.0 128.0 128.0 0.0 2 3 1.0
15000.0 16000.0 2 1 159.21534371316864 9599.748785512564 506.3294038858739 728668.6153753363 481.7809316406492 408.85800000000745 445.31946582032833 51.56429946710084 2300.0 2300.0 2300.0 0.0 0.0 0.0 0.0 0.0 1 0 0.0
16000.0 17000.0 1 1 84.20076836545412 5570.681509527959 247.43661378559833 353938.704677883 515.779296875 515.779296875 515.779296875 0.0 6500.0 6500.0 6500.0 0.0 128.0 128.0 128.0 0.0 2 2 1.0
17000.0 18000.0 2 1 152.88727146566026 8928.010487559859 474.92201704854824 683064.0194728874 511.950927734375 482.69170312501956 497.3213154296973 20.689396133535546 0.0 0.0 0.0 0.0 0.0 0.0 0.0 0.0 0 0 0.0
18000.0 19000.0 2 1 157.52024938780454 8433.038765322555 507.5386306667252 733111.0019642039 483.0940722656087 470.9750976563082 477.03458496095845 8.56940912726397 6500.0 6500.0 6500.0 0.0 128.0 128.0 128.0 0.0 1 1 1.0
19000.0 20000.0 2 1 186.80245825356923 9901.381934933866 600.0286487170174 867408.0292212083 528.945902343723 469.47998046875 499.2129414062365 42.048756607302856 0.0 0.0 0.0 0.0 0.0 0.0 0.0 0.0 0 0 0.0
20000.0 21000.0 2 1 100.58925252751189 4960.887302655761 325.0740897821109 466505.2446638173 523.5300195312593 32.070999999996275 277.8005097656278 347.514005385848 0.0 0.0 0.0 0.0 0.0 0.0 0.0 0.0 0 0 1.0
21000.0 22000.0 0 0 0.0 0.0 0.0 0.0 0.0 0.0 0.0 0.0 0.0 0.0 0.0 0.0 0.0 0.0 0.0 0.0 0 0 
22000.0 23000.0 1 1 86.84523767815166 5387.506351676765 280.6962146383116 403830.3552034052 516.41796875 516.41796875 516.41796875 0.0 6500.0 6500.0 6500.0 0.0 128.0 128.0 128.0 0.0 1 2 1.0
23000.0 24000.0 2 1 177.20602268215674 10194.552266396273 595.6581595533471 861400.1961228831 513.50390625 482.5800312500214 498.0419687500107 21.86648171305 0.0 0.0 0.0 0.0 0.0 0.0 0.0 0.0 0 0 0.0
24000.0 25000.0 2 1 192.9122010891585 10704.007234985736 647.6673495231885 940412.9915076694 511.910888671875 486.2250937499921 499.06799121093354 18.162599769430397 4400.0 4400.0 4400.0 0.0 128.0 128.0 128.0 0.0 2 2 1.0
25000.0 26000.0 2 1 187.24501644983775 10302.094482338016 643.4965568400148 933750.6560467307 511.87109375 487.17511132813524 499.5231025390676 17.462696638564346 4400.0 4400.0 4400.0 0.0 0.0 0.0 0.0 0.0 1 0 0.0
26000.0 27000.0 2 1 179.6710476407136 9557.965784683209 631.8966218317223 915188.7332214487 509.937255859375 486.8079062500037 498.37258105468936 16.354919953220854 4400.0 4400.0 4400.0 0.0 128.0 128.0 128.0 0.0 1 1 1.0
27000.0 28000.0 2 1 168.14871424383318 9434.620149747796 553.3233852443767 799536.9369799843 506.048095703125 489.5187441406306 497.7834199218778 11.688016578456253 0.0 0.0 0.0 0.0 128.0 128.0 128.0 0.0 0 1 0.0
28000.0 29000.0 2 1 171.52494457138388 9616.105203363531 563.5326252341464 815392.5375325847 504.804931640625 492.710904296895 498.75791796876 8.551768746606996 4400.0 4400.0 4400.0 0.0 0.0 0.0 0.0 0.0 1 0 1.0
29000.0 30000.0 2 1 179.19171812454044 9371.017290082857 600.1889976495013 869371.1791781563 504.008056640625 488.39406835939735 496.2010625000112 11.040756995023356 4400.0 4400.0 4400.0 0.0 128.0 128.0 128.0 0.0 1 1 0.0
30000.0 31000.0 2 1 188.41370884639468 9126.171103486831 573.2855371422174 822130.8806576842 501.736083984375 495.35194335936103 498.544013671868 4.5142691279959015 0.0 0.0 0.0 0.0 0.0 0.0 0.0 0.0 0 0 1.0
31000.0 32000.0 1 1 24.841388673829538 1153.9601332389877 70.25455234317417 99870.53354945335 120.82191601564409 120.82191601564409 120.82191601564409 0.0 0.0 0.0 0.0 0.0 0.0 0.0 0.0 0.0 0 0 0.0
32000.0 33000.0 1 1 82.12476873712544 5844.3727827863195 272.8829340948788 391992.4364996635 517.51806640625 517.51806640625 517.51806640625 0.0 6500.0 6500.0 6500.0 0.0 128.0 128.0 128.0 0.0 2 2 1.0
33000.0 34000.0 2 1 168.08391023732827 10328.41291792638 568.4082887560405 819884.9005326703 513.385986328125 478.13593359367223 495.7609599608986 24.925551325714952 6500.0 6500.0 6500.0 0.0 128.0 128.0 128.0 0.0 1 1 0.0
34000.0 35000.0 2 1 188.78895727945184 9810.340692079528 606.2644405905436 878853.4862846704 511.800048828125 483.22401367191924 497.5120312500221 20.206308238378277 0.0 0.0 0.0 0.0 0.0 0.0 0.0 0.0 0 0 1.0
35000.0 36000.0 2 1 178.316906000128 9259.763316243905 576.2552916936348 834515.9398295593 511.220947265625 486.7349511719076 498.9779492187663 17.31421388197489 6500.0 6500.0 6500.0 0.0 128.0 128.0 128.0 0.0 1 1 0.0
36000.0 37000.0 2 1 186.6916011583703 9713.053030243114 606.9310278008727 879155.5960764657 511.1953125 488.4050527344225 499.80018261721125 16.11514722524279 0.0 0.0 0.0 0.0 0.0 0.0 0.0 0.0 0 0 1.0
37000.0 38000.0 2 1 182.9976576105667 9632.489628240623 594.7327129127736 862642.8490029612 506.1879882811918 487.6896875000093 496.93883789060055 13.08027392280254 6500.0 6500.0 6500.0 0.0 128.0 128.0 128.0 0.0 1 1 0.0
38000.0 39000.0 2 1 176.72435338077312 9226.166585136983 585.3531917147393 849046.8845161876 502.797119140625 493.3250117187272 498.0610654296761 6.697791390151373 0.0 0.0 0.0 0.0 128.0 128.0 128.0 0.0 0 1 1.0
39000.0 40000.0 2 1 192.01606169022295 10004.596552227846 599.4152084657519 865042.5537927048 501.096923828125 495.4548808593536 498.2759023437393 3.989526842964152 6500.0 6500.0 6500.0 0.0 0.0 0.0 0.0 0.0 1 0 0.0
40000.0 41000.0 2 1 166.71515773926444 8736.759368352781 550.6093232016856 794204.0661884143 498.4860761719174 498.2309570311918 498.3585166015546 0.18039647441754472 0.0 0.0 0.0 0.0 128.0 128.0 128.0 0.0 0 1 1.0
41000.0 42000.0 2 1 160.13253905147334 8622.854521038134 550.3130889954975 798065.7653886927 498.7820429687272 496.507080078125 497.6445615234261 1.6086416868925533 6500.0 6500.0 6500.0 0.0 0.0 0.0 0.0 0.0 1 0 0.0
42000.0 43000.0 2 1 186.25511329026114 10157.404557996822 605.721350349852 878509.2405407547 501.1869199218927 496.0590820311918 498.62300097654224 3.625928945339931 0.0 0.0 0.0 0.0 128.0 128.0 128.0 0.0 0 1 1.0
43000.0 44000.0 2 1 189.27413142570452 10166.391126271126 632.0762526882672 916379.4776693713 502.6129179688287 494.791259765625 498.70208886722685 5.530747555608721 6500.0 6500.0 6500.0 0.0 0.0 0.0 0.0 0.0 1 0 0.0
44000.0 45000.0 2 1 179.43766619825777 9595.106240061192 623.7454010155118 904255.5635085157 504.5497402343899 494.136962890625 499.34335156250745 7.362945470761807 0.0 0.0 0.0 0.0 128.0 128.0 128.0 0.0 0 1 1.0
45000.0 46000.0 2 1 170.67395285162473 9164.980460064038 582.743548448329 844388.9118057829 504.64003710937686 492.1201171875 498.38007714843843 8.85292027667168 6500.0 6500.0 6500.0 0.0 0.0 0.0 0.0 0.0 1 0 0.0
46000.0 47000.0 2 1 179.35904092545692 9617.86010454903 587.4891264747636 851245.9321825474 501.53188281250186 492.101318359375 496.81660058593843 6.66841607522281 0.0 0.0 0.0 0.0 128.0 128.0 128.0 0.0 0 1 1.0
47000.0 48000.0 2 1 197.38663694178877 10722.328154432467 643.561655807089 933710.6482214907 506.30268164060544 490.0439453125 498.1733134765527 11.496662711127426 6500.0 6500.0 6500.0 0.0 0.0 0.0 0.0 0.0 1 0 0.0
48000.0 49000.0 2 1 204.2129138244033 11299.419914618666 650.3653277370397 943566.3318845842 505.4210546875256 488.360107421875 496.8905810547003 12.063911505007633 0.0 0.0 0.0 0.0 128.0 128.0 128.0 0.0 0 1 1.0
49000.0 50000.0 2 1 209.34751447222322 11477.077754133992 641.634038384484 929713.7289507192 510.0018925781478 484.9189453125 497.4604189453239 17.73632210368414 6500.0 6500.0 6500.0 0.0 0.0 0.0 0.0 0.0 1 0 0.0
50000.0 51000.0 2 1 189.5947891736322 10714.39395132746 586.1805177417509 849081.0065445738 513.4830546875019 484.388916015625 498.93598535156343 20.572662747665902 0.0 0.0 0.0 0.0 128.0 128.0 128.0 0.0 0 1 1.0
51000.0 52000.0 2 1 178.69402426328045 9773.892117236486 585.687357853962 850418.0436039529 500.31108398438664 476.9951171875 488.6531005859433 16.48687823199893 6500.0 6500.0 6500.0 0.0 0.0 0.0 0.0 0.0 1 0 0.0
52000.0 53000.0 2 1 193.1250830202276 10463.961025262974 625.9037998026765 907722.7263160963 519.873882812506 475.426025390625 497.6499541015655 31.429381392224908 0.0 0.0 0.0 0.0 128.0 128.0 128.0 0.0 0 1 1.0
53000.0 54000.0 2 1 174.28069504742186 9413.918698624255 577.3390070176997 837181.82918709 486.2549746093573 436.862060546875 461.55851757811615 34.92606447614562 6500.0 6500.0 6500.0 0.0 0.0 0.0 0.0 0.0 1 0 0.0
54000.0 55000.0 2 1 180.57984049697444 9625.51599267882 636.3621757677984 922425.0010872711 559.5519394531148 436.85400390625 498.2029716796824 86.760542262778 0.0 0.0 0.0 0.0 128.0 128.0 128.0 0.0 0 1 1.0
55000.0 56000.0 2 1 184.48730132901977 9971.135757248845 629.8125063969364 912462.6374159239 562.4609960937523 436.419921875 499.44045898437616 89.1244982881167 6500.0 6500.0 6500.0 0.0 0.0 0.0 0.0 0.0 1 0 0.0
56000.0 57000.0 2 1 184.53479885060761 9949.14493430157 592.9753284007257 859095.5747485968 562.7310781250126 435.568115234375 499.1495966796938 89.91779337574313 0.0 0.0 0.0 0.0 128.0 128.0 128.0 0.0 0 1 1.0
57000.0 58000.0 2 1 186.99346060958584 10252.048274228648 569.503928052362 824454.3056212864 563.8178847656236 430.9951171875 497.4065009765618 93.91987965045591 6500.0 6500.0 6500.0 0.0 0.0 0.0 0.0 0.0 1 0 0.0
58000.0 59000.0 2 1 193.2612130596695 10404.336739504544 638.0330938765004 925626.3887949224 568.510882812494 425.289306640625 496.9000947265595 101.27294772335418 6500.0 6500.0 6500.0 0.0 128.0 128.0 128.0 0.0 1 1 1.0
59000.0 60000.0 2 1 189.39948412120037 10253.245627723009 636.512340924185 923147.5825356727 569.6036933593568 424.532958984375 497.0683261718659 102.58050002826204 0.0 0.0 0.0 0.0 0.0 0.0 0.0 0.0 0 0 0.0
60000.0 61000.0 2 1 198.26850931427157 10699.784792607916 630.7954628001144 914895.9752133993 575.0580410156981 424.0380859375 499.54806347659905 106.78723433028166 6500.0 6500.0 6500.0 0.0 128.0 128.0 128.0 0.0 1 1 1.0
61000.0 62000.0 2 1 178.73645906801096 9672.928838457476 583.4014792101108 845124.7535824347 575.4739140624879 419.429931640625 497.45192285155645 110.33975813385368 0.0 0.0 0.0 0.0 0.0 0.0 0.0 0.0 0 0 0.0
62000.0 63000.0 2 1 175.50761076302553 9360.564922835525 568.5462028209015 823412.1203662559 580.140068359382 418.81494140625 499.477504882816 114.0740912443403 6500.0 6500.0 6500.0 0.0 128.0 128.0 128.0 0.0 1 1 1.0
63000.0 64000.0 2 1 203.5964105505823 11284.786534427069 632.5899428669741 916270.4027022683 579.8700585937477 415.544921875 497.70749023437384 116.19541849323302 0.0 0.0 0.0 0.0 0.0 0.0 0.0 0.0 0 0 0.0
64000.0 65000.0 2 1 206.60132687286713 11510.689565847357 611.6849953321374 884276.4460482767 584.2120781249832 410.035888671875 497.1239833984291 123.16116468352566 6500.0 6500.0 6500.0 0.0 128.0 128.0 128.0 0.0 1 1 1.0
65000.0 66000.0 2 1 180.09338487720183 9901.061262367177 581.2160753746746 839100.8732513086 589.4991113280994 407.652099609375 498.5756054687372 128.58525512481958 0.0 0.0 0.0 0.0 0.0 0.0 0.0 0.0 0 0 0.0
66000.0 67000.0 2 1 162.35098680673335 8732.98704688939 556.4924392110952 805739.4787012093 591.5309003905859 406.41796875 498.97443457029294 130.8946092483801 6500.0 6500.0 6500.0 0.0 128.0 128.0 128.0 0.0 1 1 1.0
67000.0 68000.0 2 1 155.72453309171925 8653.908771980277 500.9918338340465 724408.1126003263 593.0170312499977 405.1772460936918 499.09713867184473 132.82278586064808 0.0 0.0 0.0 0.0 0.0 0.0 0.0 0.0 0 0 0.0
68000.0 69000.0 2 1 192.92495372151154 10425.260970649646 634.1397599137416 920660.8244086467 593.0347539063077 404.145263671875 498.59000878909137 133.56503943963753 6500.0 6500.0 6500.0 0.0 128.0 128.0 128.0 0.0 1 1 1.0
69000.0 70000.0 2 1 191.82387517390345 10691.18644644817 643.3594599171083 933996.0427857473 594.2247363281203 400.802978515625 497.5138574218727 136.76983657823754 0.0 0.0 0.0 0.0 128.0 128.0 128.0 0.0 0 1 0.0
70000.0 71000.0 2 1 199.90593684731306 11037.262556188864 632.2336344782843 917330.339676882 597.2810214844067 398.12109375 497.70105761720333 140.8273354416217 6500.0 6500.0 6500.0 0.0 0.0 0.0 0.0 0.0 1 0 1.0
71000.0 72000.0 2 1 190.54321944640313 10552.92687040865 572.8584482672427 830777.3644696233 599.4039062500233 397.514892578125 498.45939941407414 142.75709061446287 0.0 0.0 0.0 0.0 128.0 128.0 128.0 0.0 0 1 0.0
72000.0 73000.0 2 1 186.2459365592448 10124.263106026552 585.638353701075 849821.3544621023 602.2881074218894 397.4873046875 499.8877060546947 144.8160364059352 6500.0 6500.0 6500.0 0.0 0.0 0.0 0.0 0.0 1 0 1.0
73000.0 74000.0 2 1 186.14225258861478 9725.819760950368 638.8079864866197 925505.0495632718 598.622695312486 395.6953125 497.159003906243 143.49132847514733 0.0 0.0 0.0 0.0 128.0 128.0 128.0 0.0 0 1 0.0
74000.0 75000.0 2 1 179.90918820431887 9842.596928352876 616.1477029178644 892738.1465638978 602.7966875000275 395.283935546875 499.04031152345124 146.7336740887561 6500.0 6500.0 6500.0 0.0 0.0 0.0 0.0 0.0 1 0 1.0
75000.0 76000.0 2 1 175.15139824436574 8716.486235382185 573.5490582678799 828272.8631055501 602.6390644531348 394.673095703125 498.6560800781299 147.05414675916154 0.0 0.0 0.0 0.0 0.0 0.0 0.0 0.0 0 0 0.0
76000.0 77000.0 2 1 151.4595555747847 8170.933615833685 497.502828146673 713665.6787042898 588.5239042968606 392.60009765625 490.5620009765553 138.53905227145765 6500.0 6500.0 6500.0 0.0 128.0 128.0 128.0 0.0 1 1 1.0
77000.0 78000.0 2 1 167.76004145100558 9379.473388107668 585.287320133579 846793.9860980473 607.156902343675 389.8369140625 498.4969082030875 153.6684374009999 0.0 0.0 0.0 0.0 128.0 128.0 128.0 0.0 0 1 0.0
78000.0 79000.0 2 1 179.54879313125787 10020.051991569733 605.2638871460179 877526.8954513259 607.9250859374879 386.343994140625 497.13454003905645 156.68149259228062 6500.0 6500.0 6500.0 0.0 0.0 0.0 0.0 0.0 1 0 1.0
79000.0 80000.0 2 1 173.4839756521174 9497.262475104179 586.696167629104 849794.104082151 613.0730058593908 386.200927734375 499.6369667968829 160.42278490408287 0.0 0.0 0.0 0.0 128.0 128.0 128.0 0.0 0 1 0.0
80000.0 81000.0 2 1 175.1250329920128 9337.18883294783 610.680349464732 885532.1159947247 613.1300722655724 381.800048828125 497.4650605468487 163.57502826466202 6500.0 6500.0 6500.0 0.0 0.0 0.0 0.0 0.0 1 0 1.0
81000.0 82000.0 2 1 153.6635363729744 8308.315648265974 558.076133945491 807896.2066784144 617.0649511719239 376.0239257811918 496.54443847655784 170.44174359794545 0.0 0.0 0.0 0.0 128.0 128.0 128.0 0.0 0 1 0.0
82000.0 83000.0 2 1 154.8948896198653 8536.668612968953 538.4837380166819 778659.59400022 623.460074218805 375.457275390625 499.458674804715 175.3644608046492 6500.0 6500.0 6500.0 0.0 0.0 0.0 0.0 0.0 1 0 1.0
83000.0 84000.0 2 1 173.36856938801878 9905.513608998965 583.531468078435 843395.5764883945 624.527724609361 375.074951171875 499.801337890618 176.38974768343786 0.0 0.0 0.0 0.0 128.0 128.0 128.0 0.0 0 2 0.0
84000.0 85000.0 2 1 184.7622064372307 11608.827075693232 629.4780973500878 911485.7618329753 622.3520488281501 371.4599609375 496.9060048828251 177.40749669353 4400.0 4400.0 4400.0 0.0 0.0 0.0 0.0 0.0 2 0 1.0
85000.0 86000.0 2 1 130.49603615978407 10819.418431345544 433.7931169391621 621975.8571863208 626.9980390624842 368.238037109375 497.6180380859296 182.97095208088777 0.0 0.0 0.0 0.0 0.0 0.0 0.0 0.0 0 0 0.0
86000.0 87000.0 2 1 91.44360453391081 5901.930884033182 300.51975621865097 429670.4871313253 624.5599628905766 357.235107421875 490.8975351562258 189.0272180816326 4400.0 4400.0 4400.0 0.0 128.0 128.0 128.0 0.0 1 1 1.0
87000.0 88000.0 2 1 184.78217517482622 10215.112967273351 629.2888376852088 911774.1862378524 642.6878925780766 354.885986328125 498.7869394531008 203.50667954775577 4400.0 4400.0 4400.0 0.0 128.0 128.0 128.0 0.0 1 1 0.0
88000.0 89000.0 2 1 183.05581421219733 10532.962487834782 597.7783473022463 865428.5849450905 644.8080136718927 354.1772460936918 499.49262988279224 205.50698657599725 0.0 0.0 0.0 0.0 128.0 128.0 128.0 0.0 0 1 1.0
89000.0 90000.0 2 1 177.33812846555202 9816.839040059305 590.1445160285327 853124.5789451214 645.758753906237 354.116943359375 499.937848632806 206.22190191520846 4400.0 4400.0 4400.0 0.0 0.0 0.0 0.0 0.0 1 0 0.0
90000.0 91000.0 2 1 163.6150463527484 9398.020312312301 499.0967791406059 720130.9460861604 622.071056640707 255.3701171875 438.7205869141035 259.2967209548402 4400.0 4400.0 4400.0 0.0 128.0 128.0 128.0 0.0 1 1 1.0
91000.0 92000.0 2 1 147.86654590260562 7571.621146358049 497.9179830617528 719948.7678913017 741.3278828124749 254.7260742186918 498.0269785155833 344.0794385943024 0.0 0.0 0.0 0.0 0.0 0.0 0.0 0.0 0 0 0.0
92000.0 93000.0 2 1 109.68425947504431 6763.3649349251355 348.5009019379985 497190.4531283373 743.0159257812775 252.25390625 497.63491601563874 347.0211519593712 4400.0 4400.0 4400.0 0.0 128.0 128.0 128.0 0.0 1 1 1.0
93000.0 94000.0 2 1 174.22863524337276 8912.73184953653 582.3279279993924 842983.0292863896 744.2160937499721 252.215087890625 498.21559082029853 347.8972475937466 0.0 0.0 0.0 0.0 0.0 0.0 0.0 0.0 0 0 0.0
94000.0 95000.0 2 1 130.85861695735696 7728.9040061893875 438.94846658242477 629804.2956464088 744.5639121093554 249.0029296875 496.7834208984277 350.41453116196146 4400.0 4400.0 4400.0 0.0 128.0 128.0 128.0 0.0 1 1 1.0
95000.0 96000.0 2 1 150.96484051042628 7797.734673521925 508.950606484907 737022.329774917 748.0590703124763 247.8588867186918 497.958978515584 353.69494176992106 0.0 0.0 0.0 0.0 0.0 0.0 0.0 0.0 0 0 0.0
96000.0 97000.0 2 1 83.93112175068268 5557.144666632166 254.1229211052805 363006.4322860352 750.8841132812668 247.221923828125 499.0530185546959 356.14294958958016 4400.0 4400.0 4400.0 0.0 128.0 128.0 128.0 0.0 1 1 1.0
97000.0 98000.0 2 1 163.02997145885575 8463.332665517797 532.5394072403355 771340.2605270633 749.7420761719113 247.0869140625 498.41449511720566 355.4308737259881 0.0 0.0 0.0 0.0 0.0 0.0 0.0 0.0 0 0 0.0
98000.0 99000.0 2 1 86.50855978060214 5643.721981066103 253.16552110991546 361134.5050316206 750.352085937513 246.9951171875 498.6736015625065 355.92712596063933 4400.0 4400.0 4400.0 0.0 128.0 128.0 128.0 0.0 1 1 1.0
99000.0 100000.0 1 1 135.11448848663542 6497.439269545164 448.6398208865629 649449.8103331698 727.3018828125205 727.3018828125205 727.3018828125205 0.0 0.0 0.0 0.0 0.0 0.0 0.0 0.0 0.0 0 0 0.0
100000.0 101000.0 1 1 90.3897452019112 5444.561738133405 289.763697475841 418083.5623286228 516.488037109375 516.488037109375 516.488037109375 0.0 4400.0 4400.0 4400.0 0.0 128.0 128.0 128.0 0.0 1 1 1.0
101000.0 102000.0 2 1 147.81222094722727 8564.325006098592 455.70382973993713 657618.7518720818 511.3588867186918 483.4639628906152 497.4114248046535 19.72468979951515 0.0 0.0 0.0 0.0 0.0 0.0 0.0 0.0 0 0 0.0
102000.0 103000.0 2 1 139.77457221804573 7787.575687116527 438.88606068054327 632647.5737241519 483.81811328127515 478.28125 481.0496816406376 3.915153572692454 4400.0 4400.0 4400.0 0.0 128.0 128.0 128.0 0.0 1 1 1.0
103000.0 104000.0 2 1 123.59784175946766 6980.8635101692835 396.87530410354424 571094.594319566 520.4237500000163 473.2709960936918 496.84737304685405 33.34203203878253 0.0 0.0 0.0 0.0 0.0 0.0 0.0 0.0 0 0 0.0
104000.0 105000.0 2 1 112.91511073267462 6985.310032551335 367.9635676039735 529047.407927153 484.2860039062216 470.61328125 477.4496425781108 9.668074907497234 6500.0 6500.0 6500.0 0.0 128.0 128.0 128.0 0.0 2 2 1.0
105000.0 106000.0 2 1 162.1266651480435 9466.525718458612 547.8800651482234 791028.6208362109 526.8517187500256 468.2060546875 497.5288867187628 41.46874674580007 0.0 0.0 0.0 0.0 0.0 0.0 0.0 0.0 0 0 0.0
106000.0 107000.0 2 1 163.96604126746007 8852.261019619671 547.4892625664295 790948.7911483084 527.1279453124735 466.718994140625 496.92346972654923 42.71557901798108 6500.0 6500.0 6500.0 0.0 128.0 128.0 128.0 0.0 1 1 1.0
107000.0 108000.0 2 1 196.76512605826736 10798.265858574377 594.3133768898895 852303.4380569619 532.7550058593624 463.3212890625 498.0381474609312 49.09705199004771 0.0 0.0 0.0 0.0 0.0 0.0 0.0 0.0 0 0 0.0
108000.0 109000.0 2 1 215.99844886937984 11876.921538166982 611.3899585644041 874148.0181139536 536.6467109374935 463.26806640625 499.95738867187174 51.88653714231943 6500.0 6500.0 6500.0 0.0 128.0 128.0 128.0 0.0 1 1 1.0
109000.0 110000.0 2 1 190.961845128915 10459.900666395297 595.4088080967399 858126.7892955407 532.2739335937658 461.251953125 496.7629433593829 50.22012400276285 0.0 0.0 0.0 0.0 0.0 0.0 0.0 0.0 0 0 0.0
110000.0 111000.0 2 1 167.79727343586023 9145.154097169085 561.4386324284103 811887.1694014831 536.3870468750247 458.18896484375 497.28800585938734 55.29439408009624 6500.0 6500.0 6500.0 0.0 128.0 128.0 128.0 0.0 1 1 1.0
111000.0 112000.0 2 1 158.70191239036464 8630.844839942009 546.4829635899565 789569.9880171856 541.1650351561839 454.3090820311918 497.73705859368783 61.416433441102804 0.0 0.0 0.0 0.0 0.0 0.0 0.0 0.0 0 0 0.0
112000.0 113000.0 2 1 178.47499913243257 9436.852691252898 624.8213752648603 905543.8945238178 545.3099179688143 450.529296875 497.91960742190713 67.02001990050879 6500.0 6500.0 6500.0 0.0 128.0 128.0 128.0 0.0 1 1 1.0
113000.0 114000.0 2 1 186.07653521474174 10010.98335062082 613.7888084492849 888129.6027673946 548.3797031249851 449.333251953125 498.85647753905505 70.03641727608455 0.0 0.0 0.0 0.0 0.0 0.0 0.0 0.0 0 0 0.0
114000.0 115000.0 2 1 176.09422770634444 9491.788797808751 582.2597616694354 842299.4935158939 547.3957480468671 447.3120117186918 497.35387988277944 70.76988864413916 6500.0 6500.0 6500.0 0.0 128.0 128.0 128.0 0.0 1 1 1.0
115000.0 116000.0 2 1 168.54130671369853 9127.757153064398 536.3484642700237 776442.1400099271 552.4859882812598 441.8979492186918 497.1919687499758 78.19755233926463 0.0 0.0 0.0 0.0 0.0 0.0 0.0 0.0 0 0 0.0
116000.0 117000.0 2 1 185.22451397695733 9970.595413533316 567.7884476633376 823556.5484209657 557.7060507813003 436.89990234375 497.30297656252515 85.42284676922046 6500.0 6500.0 6500.0 0.0 128.0 128.0 128.0 0.0 1 1 1.0
117000.0 118000.0 2 1 186.83555087125848 10718.705579024256 616.5489980246637 894108.422718012 561.3390976562514 435.012939453125 498.1760185546882 89.32608310667528 0.0 0.0 0.0 0.0 128.0 128.0 128.0 0.0 0 1 0.0
118000.0 119000.0 2 1 183.62799995006776 9947.030833504592 621.7693584017784 901194.1737156743 562.3250605468638 432.844970703125 497.5850156249944 91.55624955715115 6500.0 6500.0 6500.0 0.0 0.0 0.0 0.0 0.0 1 0 1.0
119000.0 120000.0 2 1 172.90020885425642 9066.369016484965 590.955860081185 852506.2708480023 565.8210292969015 430.056884765625 497.93895703126327 95.99974724005618 0.0 0.0 0.0 0.0 128.0 128.0 128.0 0.0 0 1 0.0
120000.0 121000.0 2 1 169.72857880576248 9230.842027101044 556.9973337856065 803731.1639891281 552.6781152344192 420.177978515625 486.4280468750221 93.69174518200407 6500.0 6500.0 6500.0 0.0 0.0 0.0 0.0 0.0 1 0 1.0
121000.0 122000.0 2 1 186.93790589634364 9677.521009048527 555.6753134132543 806026.0924172042 575.6060214844183 418.294921875 496.95047167970915 111.23574528973214 0.0 0.0 0.0 0.0 128.0 128.0 128.0 0.0 0 1 0.0
122000.0 123000.0 2 1 154.9333513290487 9780.126303302277 412.670618876022 597607.8733057037 580.0040781249991 414.977294921875 497.49068652343703 116.69155748033127 0.0 0.0 0.0 0.0 0.0 0.0 0.0 0.0 0 0 1.0
123000.0 124000.0 2 1 120.90874109528932 8339.144376617214 389.96620265848753 563591.4435688325 583.1407050780836 414.406982421875 498.7738437499793 119.31275950505525 3000.0 3000.0 3000.0 0.0 128.0 128.0 128.0 0.0 2 2 0.0
124000.0 125000.0 2 1 172.54561363977638 9582.71435518924 590.8221010873192 855082.4446825619 585.450017578085 413.053955078125 499.251986328105 121.90242484358156 3000.0 3000.0 3000.0 0.0 0.0 0.0 0.0 0.0 1 0 1.0
125000.0 126000.0 2 1 129.11620591900302 7191.032183458704 427.24945625464255 613676.822405557 586.5370449218899 407.729248046875 497.13314648438245 126.4362056993498 3000.0 3000.0 3000.0 0.0 128.0 128.0 128.0 0.0 1 1 0.0
126000.0 127000.0 1 1 54.247457737402144 2976.027197593825 162.74237321220642 231347.90807010484 570.7567519531003 570.7567519531003 570.7567519531003 0.0 0.0 0.0 0.0 0.0 0.0 0.0 0.0 0.0 0 0 1.0
127000.0 128000.0 1 1 146.2986948081192 9338.58734523683 499.34285054268224 721079.1094664707 875.10009765625 875.10009765625 875.10009765625 0.0 4400.0 4400.0 4400.0 0.0 128.0 128.0 128.0 0.0 2 2 0.0
128000.0 129000.0 2 1 135.7013051918808 7807.41265476317 383.65714945731776 553195.8905335293 572.1660000000848 123.82690234377515 347.99645117192995 317.02361622383427 0.0 0.0 0.0 0.0 0.0 0.0 0.0 0.0 0 0 1.0
129000.0 130000.0 1 1 150.1247871053854 8522.200123819668 498.3793804486922 721731.8965573778 872.513916015625 872.513916015625 872.513916015625 0.0 4400.0 4400.0 4400.0 0.0 128.0 128.0 128.0 0.0 1 1 0.0
130000.0 131000.0 2 1 106.69616816289167 7166.150102392467 294.72910035689927 419756.5332186081 869.76806640625 127.13708398438757 498.4525751953188 525.1194035897267 0.0 0.0 0.0 0.0 0.0 0.0 0.0 0.0 0 0 1.0
131000.0 132000.0 2 1 142.49969717776352 7066.777817704455 452.92747325084736 655337.7126979603 828.993896484375 124.88593359367223 476.9399150390236 497.8795152474619 4400.0 4400.0 4400.0 0.0 128.0 128.0 128.0 0.0 1 1 0.0
132000.0 133000.0 2 1 52.67934755395942 3156.8719560834106 138.9640459435612 194678.85752605388 396.34799999999814 163.35110351559706 279.8495517577976 164.75368549954007 0.0 0.0 0.0 0.0 0.0 0.0 0.0 0.0 0 0 1.0
133000.0 134000.0 0 0 0.0 0.0 0.0 0.0 0.0 0.0 0.0 0.0 0.0 0.0 0.0 0.0 0.0 0.0 0.0 0.0 0 0 
134000.0 135000.0 1 1 95.96793702737891 6014.506677033097 281.7123312739187 402861.53263797093 515.931884765625 515.931884765625 515.931884765625 0.0 4400.0 4400.0 4400.0 0.0 128.0 128.0 128.0 0.0 1 2 1.0
135000.0 136000.0 2 1 191.7740545913139 11400.47030041262 574.1617548743843 826039.4719208338 515.1630859375 484.02011523442343 499.5916005859617 22.021405770439426 4400.0 4400.0 4400.0 0.0 0.0 0.0 0.0 0.0 1 0 0.0
136000.0 137000.0 2 1 195.44500528637465 11029.454011165057 591.2693871070451 854902.172974706 514.777099609375 482.33191406249534 498.5545068359352 22.94221071705437 0.0 0.0 0.0 0.0 128.0 128.0 128.0 0.0 0 1 1.0
137000.0 138000.0 2 1 169.31509763538136 9091.405214766333 522.843319456164 757808.6454836049 482.118896484375 368.9869003906497 425.55289843751234 79.99640160704318 4400.0 4400.0 4400.0 0.0 0.0 0.0 0.0 0.0 1 0 0.0
138000.0 139000.0 2 1 199.75295065217296 10945.093783464677 614.7783428663532 890541.0027621109 516.7111035156995 477.738037109375 497.22457031253725 27.55811953954569 4400.0 4400.0 4400.0 0.0 128.0 128.0 128.0 0.0 1 1 1.0
139000.0 140000.0 2 1 167.68311209558198 9370.184332720315 527.3359231636606 761426.1326458913 520.3179628906073 475.3588867186918 497.83842480464955 31.790867637043984 0.0 0.0 0.0 0.0 0.0 0.0 0.0 0.0 0 0 0.0
140000.0 141000.0 2 1 145.55315432959753 7946.17304730935 491.0275698658047 707925.7304031954 483.7131132812938 470.3549804686918 477.0340468749928 9.44562629578139 4400.0 4400.0 4400.0 0.0 128.0 128.0 128.0 0.0 1 1 1.0
141000.0 142000.0 2 1 132.31902891521256 7528.075034758003 415.73924067122294 597300.8406552284 528.8920195312239 467.083984375 497.98800195311196 43.70488079078247 0.0 0.0 0.0 0.0 0.0 0.0 0.0 0.0 0 0 0.0
142000.0 143000.0 2 1 122.75101810198132 6960.708115207957 388.2313192216103 557436.736008411 527.1790156249772 455.16796875 491.1734921874886 50.91949956563871 4400.0 4400.0 4400.0 0.0 128.0 128.0 128.0 0.0 1 1 1.0
143000.0 144000.0 2 1 122.57235009510981 6984.163195265345 389.57774023881245 558976.06612873 544.786031250027 449.229248046875 497.007639648451 67.56884939132156 0.0 0.0 0.0 0.0 0.0 0.0 0.0 0.0 0 0 0.0
144000.0 145000.0 2 1 116.05421944882912 6651.142078545945 347.0280666903931 498861.37556214357 543.3507519531413 440.968017578125 492.15938476563315 72.39552575299507 4400.0 4400.0 4400.0 0.0 128.0 128.0 128.0 0.0 1 1 1.0
145000.0 146000.0 2 1 152.8415032421254 8478.925374912222 452.80222371698795 654633.019426266 558.7919824218843 435.297119140625 497.04455078125466 87.32405526788403 0.0 0.0 0.0 0.0 0.0 0.0 0.0 0.0 0 0 0.0
146000.0 147000.0 2 1 104.91826399813834 5846.071693862124 279.3415636190823 401755.9488503363 537.6648808593745 261.323974609375 399.49442773437477 195.40252872861066 4400.0 4400.0 4400.0 0.0 128.0 128.0 128.0 0.0 1 1 1.0
147000.0 148000.0 2 1 156.97397206179437 8661.844150546025 496.3033155507651 712851.3139393795 735.9420253906283 260.680908203125 498.31146679687663 336.060358797578 0.0 0.0 0.0 0.0 0.0 0.0 0.0 0.0 0 0 0.0
148000.0 149000.0 1 1 79.07833251900777 3910.78299003093 228.84790168379521 330300.01060119225 389.523091796902 389.523091796902 389.523091796902 0.0 0.0 0.0 0.0 0.0 0.0 0.0 0.0 0.0 0 0 0.0
149000.0 150000.0 0 0 0.0 0.0 0.0 0.0 0.0 0.0 0.0 0.0 0.0 0.0 0.0 0.0 0.0 0.0 0.0 0.0 0 0 
150000.0 151000.0 1 1 77.52789400906128 4734.370060820009 255.32519760317516 366616.4894531826 516.26806640625 516.26806640625 516.26806640625 0.0 4400.0 4400.0 4400.0 0.0 128.0 128.0 128.0 0.0 1 1 1.0
151000.0 152000.0 2 1 128.58399658298313 7506.121253884521 402.89217027629434 580209.037115471 512.2958984375 482.60093359375605 497.448416015628 20.997511008107473 0.0 0.0 0.0 0.0 0.0 0.0 0.0 0.0 0 0 0.0
152000.0 153000.0 2 1 132.4170685692855 7651.341576730241 429.68620193830685 620687.0511526989 482.8631015624851 458.7919921875 470.82754687499255 17.02084466973504 4400.0 4400.0 4400.0 0.0 128.0 128.0 128.0 0.0 1 2 1.0
153000.0 154000.0 2 1 182.909867855553 10484.700337021644 618.3358234471382 895087.0212993033 539.2220078125247 455.4873046875 497.35465625001234 59.209376400347345 4400.0 4400.0 4400.0 0.0 0.0 0.0 0.0 0.0 1 0 0.0
154000.0 155000.0 2 1 179.9825880856499 9976.49959809175 591.6342983123045 857408.0878309888 542.6866953124991 454.095947265625 498.39132128906203 62.643118694333545 4400.0 4400.0 4400.0 0.0 128.0 128.0 128.0 0.0 1 1 1.0
155000.0 156000.0 2 1 166.92290144150195 9009.625232098833 531.8669916620202 769669.9501145274 541.6550527344225 453.0419921875 497.34852246096125 62.658896014423014 0.0 0.0 0.0 0.0 0.0 0.0 0.0 0.0 0 0 0.0
156000.0 157000.0 2 1 166.20057889130544 8923.57360078126 521.4603291120393 753662.9492219192 546.1770078124828 450.7041015625 498.4405546874914 67.50953942895033 4400.0 4400.0 4400.0 0.0 128.0 128.0 128.0 0.0 1 1 1.0
157000.0 158000.0 2 1 121.40270735783136 6835.177324684983 383.78721127263884 550923.1342182326 545.9638984375051 447.6918945311918 496.82789648434846 69.48880036294504 0.0 0.0 0.0 0.0 0.0 0.0 0.0 0.0 0 0 0.0
158000.0 159000.0 2 1 44.052397206828445 2430.5910158867596 136.01177637608282 193773.2795936763 548.6291054688045 0.0 274.31455273440224 387.93936083330124 0.0 0.0 0.0 0.0 0.0 0.0 0.0 0.0 0 0 1.0
159000.0 160000.0 0 0 0.0 0.0 0.0 0.0 0.0 0.0 0.0 0.0 0.0 0.0 0.0 0.0 0.0 0.0 0.0 0.0 0 0 
160000.0 161000.0 1 1 84.70827213391885 5052.0220106211 299.5780355955667 431600.00982711505 516.479248046875 516.479248046875 516.479248046875 0.0 4400.0 4400.0 4400.0 0.0 128.0 128.0 128.0 0.0 1 1 1.0
161000.0 162000.0 2 1 128.26490182538038 7618.395252977554 404.65917413276077 582634.9929855418 515.15087890625 483.4537519531441 499.30231542969705 22.413253412672077 0.0 0.0 0.0 0.0 0.0 0.0 0.0 0.0 0 0 0.0
162000.0 163000.0 2 1 136.78018813265402 8052.559864343644 419.1122265459338 603233.7576392167 484.1581210937584 483.0913085936918 483.6247148437251 0.7543503530516597 4400.0 4400.0 4400.0 0.0 128.0 128.0 128.0 0.0 1 2 1.0
163000.0 164000.0 2 1 194.0832625810047 11098.189316750631 627.7219500755175 907247.2283087769 512.3326914063073 482.88525390625 497.60897265627864 20.822482744857535 4400.0 4400.0 4400.0 0.0 0.0 0.0 0.0 0.0 1 0 0.0
164000.0 165000.0 2 1 190.34702330090403 9873.93438793251 604.7244498378151 874227.0358046787 514.1117460937239 481.5590820311918 497.83541406245786 23.018209504304096 0.0 0.0 0.0 0.0 0.0 0.0 0.0 0.0 0 0 1.0
165000.0 166000.0 1 1 16.81635202613802 796.89916737456 54.204163812406044 78022.97543467085 93.96291796880541 93.96291796880541 93.96291796880541 0.0 0.0 0.0 0.0 0.0 0.0 0.0 0.0 0.0 0 0 0.0
166000.0 167000.0 1 1 89.341944872498 5629.575381821392 309.3400287781867 446527.9419081829 515.263916015625 515.263916015625 515.263916015625 0.0 4400.0 4400.0 4400.0 0.0 128.0 128.0 128.0 0.0 1 2 1.0
167000.0 168000.0 2 1 190.02311496563445 11182.6499726611 612.3520368176934 886668.937337035 513.830078125 482.48308398440713 498.15658105470357 22.165672126628188 4400.0 4400.0 4400.0 0.0 0.0 0.0 0.0 0.0 1 0 0.0
168000.0 169000.0 2 1 185.9526571667948 10315.572847675801 607.51767897579 880427.3042080204 513.747314453125 486.1489218749921 499.94811816405854 19.51501054184627 0.0 0.0 0.0 0.0 128.0 128.0 128.0 0.0 0 1 1.0
169000.0 170000.0 2 1 192.9162907448853 10565.965668574638 585.9390009243882 846046.3021296352 513.169921875 485.8346855468699 499.50230371093494 19.32893097295767 4400.0 4400.0 4400.0 0.0 0.0 0.0 0.0 0.0 1 0 0.0
170000.0 171000.0 2 1 111.76599225018747 6033.236129267069 289.85125450394173 412766.51441712637 483.59607812500326 57.191000000049826 270.39353906252654 301.51392227453414 0.0 0.0 0.0 0.0 0.0 0.0 0.0 0.0 0 0 1.0
171000.0 172000.0 0 0 0.0 0.0 0.0 0.0 0.0 0.0 0.0 0.0 0.0 0.0 0.0 0.0 0.0 0.0 0.0 0.0 0 0 
172000.0 173000.0 1 1 98.58092158729809 8034.345109364795 318.5720308136896 458320.34525584336 517.5161132811918 517.5161132811918 517.5161132811918 0.0 4400.0 4400.0 4400.0 0.0 128.0 128.0 128.0 0.0 1 2 1.0
173000.0 174000.0 2 1 202.25985104549227 13394.102862416838 627.9502870846815 907371.6203899202 517.034912109375 479.9188867188059 498.47689941409044 26.244993244363503 4400.0 4400.0 4400.0 0.0 0.0 0.0 0.0 0.0 1 0 0.0
174000.0 175000.0 2 1 194.2921959684923 10287.943951107229 601.6025403577952 869135.4009715808 516.781982421875 481.2030878905789 498.99253515622695 25.158077590200445 0.0 0.0 0.0 0.0 0.0 0.0 0.0 0.0 0 0 1.0
175000.0 176000.0 1 1 54.867031398717366 2863.608077111139 175.87514174383375 252992.63338265562 311.13101757812547 311.13101757812547 311.13101757812547 0.0 0.0 0.0 0.0 0.0 0.0 0.0 0.0 0.0 0 0 0.0
176000.0 177000.0 1 1 74.30757399208535 4901.701716554832 246.30622428145773 353764.8493083198 518.422119140625 518.422119140625 518.422119140625 0.0 4400.0 4400.0 4400.0 0.0 128.0 128.0 128.0 0.0 1 2 1.0
177000.0 178000.0 2 1 163.22326395107265 9701.050338828365 551.0615601579789 796448.530067428 516.076904296875 479.2468808593694 497.6618925781222 26.042759323919682 4400.0 4400.0 4400.0 0.0 0.0 0.0 0.0 0.0 1 0 0.0
178000.0 179000.0 2 1 167.45365873563298 9251.571226361793 574.6899263430655 832865.9419778656 514.087890625 482.98409570311196 498.535993164056 21.993704309902732 0.0 0.0 0.0 0.0 128.0 128.0 128.0 0.0 0 1 1.0
179000.0 180000.0 2 1 154.9197742073914 8294.259304570242 523.9361070683717 757771.6833597418 512.631103515625 481.74610937497346 497.18860644529923 21.838988793761494 4400.0 4400.0 4400.0 0.0 0.0 0.0 0.0 0.0 1 0 0.0
180000.0 181000.0 2 1 158.48274171854467 8491.945919076314 512.9514115743855 739022.5521310356 482.1628964844276 471.4819335936918 476.8224150390597 7.552581289641172 4400.0 4400.0 4400.0 0.0 128.0 128.0 128.0 0.0 1 1 1.0
181000.0 182000.0 2 1 132.60624057140552 7461.696181109122 382.8947477249236 549213.7068836245 524.2800664062379 471.138916015625 497.70949121093145 37.57646780125653 0.0 0.0 0.0 0.0 0.0 0.0 0.0 0.0 0 0 0.0
182000.0 183000.0 2 1 133.52999018949947 7665.787638277479 375.3521389752804 539013.4642071009 482.78708398441086 461.927978515625 472.3575312500179 14.749614926463877 4400.0 4400.0 4400.0 0.0 128.0 128.0 128.0 0.0 1 1 1.0
183000.0 184000.0 2 1 138.10008766909073 7941.0569130169715 405.0119843249205 581039.5460474582 537.4000214844127 457.178955078125 497.28948828126886 56.72486004990239 0.0 0.0 0.0 0.0 0.0 0.0 0.0 0.0 0 0 0.0
184000.0 185000.0 2 1 136.83554175145446 8157.349736028162 389.6673593958597 560979.5423328055 540.3550449218601 437.5200195311918 488.93753222652595 72.71534379723235 4400.0 4400.0 4400.0 0.0 128.0 128.0 128.0 0.0 1 2 1.0
185000.0 186000.0 2 1 206.32697838238272 12119.234007278259 607.045207715739 877862.2565227824 561.0539804687724 437.3100585936918 499.1820195312321 87.50016628848782 4400.0 4400.0 4400.0 0.0 0.0 0.0 0.0 0.0 1 0 0.0
186000.0 187000.0 2 1 188.91503710608254 10071.342132011945 545.0231003479435 787832.7169558641 561.8009414062253 436.9379882811918 499.36946484370856 88.29144087368923 0.0 0.0 0.0 0.0 0.0 0.0 0.0 0.0 0 0 1.0
187000.0 188000.0 1 1 49.29911172535758 2443.004886886515 141.06023209007424 203608.2102059735 245.61501171882264 245.61501171882264 245.61501171882264 0.0 0.0 0.0 0.0 0.0 0.0 0.0 0.0 0.0 0 0 0.0
188000.0 189000.0 1 1 90.38164745926827 5780.269959349064 276.85872468844815 397449.6586588436 518.760009765625 518.760009765625 518.760009765625 0.0 4400.0 4400.0 4400.0 0.0 128.0 128.0 128.0 0.0 1 2 1.0
189000.0 190000.0 2 1 195.74476825554183 11737.385601615644 589.9369644902031 852379.6820285581 516.3979492186918 479.94099023437593 498.16946972653386 25.778962919249572 4400.0 4400.0 4400.0 0.0 0.0 0.0 0.0 0.0 1 0 0.0
190000.0 191000.0 2 1 188.7805608827336 11433.386518241186 574.2205751658257 832271.3334969406 514.541259765625 482.99505078117363 498.7681552733993 22.306538293633555 0.0 0.0 0.0 0.0 128.0 128.0 128.0 0.0 0 2 1.0
191000.0 192000.0 2 1 197.0839497082194 11544.582585458684 589.2085002653122 854119.6840290716 510.1840820311918 485.02074023440946 497.6024111328006 17.793169621819672 6500.0 6500.0 6500.0 0.0 0.0 0.0 0.0 0.0 2 0 0.0
192000.0 193000.0 2 1 210.0331840642666 10922.655216125266 620.3715054066356 900779.4258504349 507.277099609375 488.64291796879843 497.9600087890867 13.176356199913558 0.0 0.0 0.0 0.0 0.0 0.0 0.0 0.0 0 0 1.0
193000.0 194000.0 2 1 125.22663807976893 6635.620331777635 340.2698460151761 491832.0086726829 507.185302734375 491.3399003906525 499.26260156251374 11.20439144787541 0.0 0.0 0.0 0.0 0.0 0.0 0.0 0.0 0 0 0.0
194000.0 195000.0 2 1 105.33571258661453 6153.986258226661 309.9295295489438 445205.8524240672 482.8166972656036 460.634033203125 471.7253652343643 15.685512183361732 6500.0 6500.0 6500.0 0.0 128.0 128.0 128.0 0.0 1 1 1.0
195000.0 196000.0 2 1 175.77860069621732 9458.101931632274 581.5314486501666 840492.898154235 538.8039667968987 458.8491210936918 498.82654394529527 56.53661358546173 0.0 0.0 0.0 0.0 0.0 0.0 0.0 0.0 0 0 0.0
196000.0 197000.0 2 1 179.94481956432153 10453.693119228827 584.1311622079231 844328.5753128559 539.0478789062472 435.979248046875 487.5135634765611 72.88052780827515 4400.0 4400.0 4400.0 0.0 128.0 128.0 128.0 0.0 2 3 1.0
197000.0 198000.0 2 1 180.84877432585665 11222.931403185494 555.4912678259903 802780.5906045451 562.1897519531194 435.030029296875 498.6098906249972 89.91550218403108 4400.0 4400.0 4400.0 0.0 0.0 0.0 0.0 0.0 1 0 0.0
198000.0 199000.0 2 1 195.12589779992214 10286.683340309466 563.0385013879716 811867.7646967124 561.9749707031297 433.472900390625 497.7239355468773 90.86468531448257 0.0 0.0 0.0 0.0 0.0 0.0 0.0 0.0 0 0 1.0
199000.0 200000.0 1 1 76.71544657726915 3768.703734849797 226.0119743474037 323356.52607105265 368.32509960932657 368.32509960932657 368.32509960932657 0.0 0.0 0.0 0.0 0.0 0.0 0.0 0.0 0.0 0 0 0.0
200000.0 201000.0 1 1 85.50382267180552 5445.297991729287 288.64017714057985 416438.33614574745 517.804931640625 517.804931640625 517.804931640625 0.0 4400.0 4400.0 4400.0 0.0 128.0 128.0 128.0 0.0 1 2 1.0
201000.0 202000.0 2 1 185.43531575605817 10999.427970511191 597.0295401283046 864367.8183310117 516.458984375 481.4230683593778 498.9410263671889 24.774133799728826 4400.0 4400.0 4400.0 0.0 0.0 0.0 0.0 0.0 1 0 0.0
202000.0 203000.0 2 1 178.88249147181526 10041.884442438233 577.1788896177721 837203.0575107986 513.075927734375 482.9270156250568 498.0014716797159 21.31850019789611 4400.0 4400.0 4400.0 0.0 128.0 128.0 128.0 0.0 1 1 1.0
203000.0 204000.0 2 1 164.8727059625183 8855.054630500317 531.4350256930504 770267.4392764932 511.81689453125 483.2300722656073 497.52348339842865 20.213935876610535 0.0 0.0 0.0 0.0 0.0 0.0 0.0 0.0 0 0 0.0
204000.0 205000.0 2 1 177.1030140680133 9563.064106984602 528.3388957107325 758929.8738798162 510.37890625 486.7741054687649 498.57650585938245 16.691114700968853 4400.0 4400.0 4400.0 0.0 128.0 128.0 128.0 0.0 1 1 1.0
205000.0 206000.0 2 1 150.39296133830763 8410.535034950999 418.8574836895357 599331.5570456632 510.19189453125 484.83309375005774 497.51249414065387 17.931379995139764 0.0 0.0 0.0 0.0 0.0 0.0 0.0 0.0 0 0 0.0
206000.0 207000.0 2 1 136.4943186512146 8219.510318421258 419.7124850799633 603114.994378532 482.8971054687863 464.277099609375 473.58710253908066 13.166332408922994 6500.0 6500.0 6500.0 0.0 128.0 128.0 128.0 0.0 2 2 1.0
207000.0 208000.0 2 1 176.83582188094175 10346.078607156476 556.6362432226395 797154.9079091961 534.6939003906446 463.044921875 498.8694111328223 50.66347857350152 0.0 0.0 0.0 0.0 0.0 0.0 0.0 0.0 0 0 0.0
208000.0 209000.0 2 1 178.11416949633664 9679.910237625467 558.222977034714 800882.1676377887 536.064078125055 442.977294921875 489.520686523465 65.82229564181056 6500.0 6500.0 6500.0 0.0 128.0 128.0 128.0 0.0 1 1 1.0
209000.0 210000.0 2 1 190.7307831120012 10501.182342475782 560.5344703285172 806647.845108686 552.6797050781315 442.052978515625 497.36634179687826 78.22490853281832 0.0 0.0 0.0 0.0 0.0 0.0 0.0 0.0 0 0 0.0
210000.0 211000.0 2 1 122.63459559098762 6622.054317206385 296.4138123541912 422151.00277626666 553.3820214844309 31.457000000053085 292.419510742242 369.05672196253806 0.0 0.0 0.0 0.0 0.0 0.0 0.0 0.0 0 0 1.0
211000.0 212000.0 0 0 0.0 0.0 0.0 0.0 0.0 0.0 0.0 0.0 0.0 0.0 0.0 0.0 0.0 0.0 0.0 0.0 0 0 
212000.0 213000.0 1 1 96.6926686640513 6222.974691828114 285.4243481420124 408856.4177398823 516.4619140625 516.4619140625 516.4619140625 0.0 6500.0 6500.0 6500.0 0.0 128.0 128.0 128.0 0.0 1 2 1.0
213000.0 214000.0 2 1 194.3312487951722 11234.65823315022 606.4557782099059 875362.5257231032 512.9599609375 482.3560859374702 497.6580234374851 21.640207543106527 0.0 0.0 0.0 0.0 0.0 0.0 0.0 0.0 0 0 0.0
214000.0 215000.0 2 1 198.78105237184687 10738.558986656306 632.3066934820597 916651.7613619647 512.597900390625 483.13703906245064 497.8674697265378 20.831974824748606 4400.0 4400.0 4400.0 0.0 0.0 0.0 0.0 0.0 2 0 1.0
215000.0 216000.0 2 1 152.8213297594604 8413.678129760216 473.86632532231397 684759.3293984726 511.1689453125 484.0710996093694 497.6200224609347 19.161070452230387 0.0 0.0 0.0 0.0 0.0 0.0 0.0 0.0 0 0 0.0
216000.0 217000.0 2 1 150.49991269152792 8900.553668227962 460.5919163790802 664194.067404318 482.3170546875335 465.837890625 474.07747265626676 11.652528656903113 4400.0 4400.0 4400.0 0.0 128.0 128.0 128.0 0.0 1 3 1.0
217000.0 218000.0 2 1 215.1760034797071 12903.259987189704 642.2414380324741 928732.6224994408 532.4601093749516 465.4189453125 498.9395273437258 47.405261727199374 4400.0 4400.0 4400.0 0.0 0.0 0.0 0.0 0.0 1 0 0.0
218000.0 219000.0 2 1 209.06863711773332 11302.142122663488 606.8990448803753 879068.1005736298 529.0450546875363 464.927978515625 496.98651660158066 45.3376193510129 0.0 0.0 0.0 0.0 0.0 0.0 0.0 0.0 0 0 1.0
219000.0 220000.0 1 1 26.62914712050086 1312.1741805239908 76.21445555177833 110236.17529918857 138.53102148440666 138.53102148440666 138.53102148440666 0.0 0.0 0.0 0.0 0.0 0.0 0.0 0.0 0.0 0 0 0.0
220000.0 221000.0 1 1 92.90249794721545 5875.693738885062 301.02485368371487 433706.22902012797 518.462890625 518.462890625 518.462890625 0.0 4400.0 4400.0 4400.0 0.0 128.0 128.0 128.0 0.0 1 2 1.0
221000.0 222000.0 2 1 209.34055946695855 12389.897198011946 612.4563604958148 884025.7744861961 517.193115234375 480.48610937502235 498.8396123046987 25.955772760202592 4400.0 4400.0 4400.0 0.0 0.0 0.0 0.0 0.0 1 0 0.0
222000.0 223000.0 2 1 202.61183049251565 11401.18215283255 607.9923536448757 879910.104106444 512.93896484375 481.5808847656008 497.2599248046754 22.173511068250093 0.0 0.0 0.0 0.0 128.0 128.0 128.0 0.0 0 1 1.0
223000.0 224000.0 2 1 202.56523001050556 11088.803077127555 614.2696667141045 891054.0689371482 509.10888671875 485.44103515625466 497.2749609375023 16.735698335957082 4400.0 4400.0 4400.0 0.0 0.0 0.0 0.0 0.0 1 0 0.0
224000.0 225000.0 2 1 137.57988208280474 7242.423833142886 369.25676546149015 528381.8234500836 488.47411328123417 145.07700000004843 316.7755566406413 242.81842744101147 0.0 0.0 0.0 0.0 0.0 0.0 0.0 0.0 0 0 1.0
225000.0 226000.0 0 0 0.0 0.0 0.0 0.0 0.0 0.0 0.0 0.0 0.0 0.0 0.0 0.0 0.0 0.0 0.0 0.0 0 0 
226000.0 227000.0 1 1 103.7673436723068 6222.408763309877 307.67017398838965 444100.8832651468 518.59130859375 518.59130859375 518.59130859375 0.0 4400.0 4400.0 4400.0 0.0 128.0 128.0 128.0 0.0 1 1 1.0
227000.0 228000.0 2 1 167.23265632769318 9443.591236690121 470.3298260116103 676352.1167348531 480.93569140625186 324.64399999997113 402.7898457031115 110.51491483649636 0.0 0.0 0.0 0.0 0.0 0.0 0.0 0.0 0 0 0.0
228000.0 229000.0 1 1 86.21545034581969 5504.366057407961 284.9756203047453 411154.2550566701 515.202880859375 515.202880859375 515.202880859375 0.0 4400.0 4400.0 4400.0 0.0 128.0 128.0 128.0 0.0 1 2 1.0
229000.0 230000.0 2 1 169.05528477802295 10465.681694835668 543.1270279314601 785432.6886370124 512.637939453125 482.74911914067343 497.6935292968992 21.13458752460073 4400.0 4400.0 4400.0 0.0 0.0 0.0 0.0 0.0 1 0 0.0
230000.0 231000.0 2 1 191.28435559527597 12192.006482461577 574.1892902984943 829346.2281487458 512.35205078125 486.26306054682937 499.3075556640397 18.447701909068446 4400.0 4400.0 4400.0 0.0 128.0 128.0 128.0 0.0 1 3 1.0
231000.0 232000.0 2 1 143.3326493148822 8889.844346959799 435.60577893477455 627376.9876779905 500.162109375 426.0819492187584 463.1220292968792 52.382583597863935 6500.0 6500.0 6500.0 0.0 0.0 0.0 0.0 0.0 2 0 0.0
232000.0 233000.0 2 1 59.112259965999215 3177.101418334995 178.10228253052574 251148.84047958118 483.68289062497206 47.413999999989755 265.5484453124809 308.4886909816572 0.0 0.0 0.0 0.0 0.0 0.0 0.0 0.0 0 0 1.0
233000.0 234000.0 0 0 0.0 0.0 0.0 0.0 0.0 0.0 0.0 0.0 0.0 0.0 0.0 0.0 0.0 0.0 0.0 0.0 0 0 
234000.0 235000.0 1 1 105.80107139375511 7071.038271482634 316.8845814783548 456400.40899021697 517.43310546875 517.43310546875 517.43310546875 0.0 4400.0 4400.0 4400.0 0.0 128.0 128.0 128.0 0.0 2 2 1.0
235000.0 236000.0 2 1 202.54719486482338 11699.21527880073 594.6740999672944 858252.7945977056 516.1279296875 480.25389453128446 498.19091210939223 25.366773527484614 0.0 0.0 0.0 0.0 0.0 0.0 0.0 0.0 0 0 0.0
236000.0 237000.0 2 1 110.75451260627453 6814.521314720842 333.31779072128825 480264.6060946624 512.946044921875 62.57807031250559 287.7620576171903 318.45824887553596 4400.0 4400.0 4400.0 0.0 128.0 128.0 128.0 0.0 1 2 1.0
237000.0 238000.0 2 1 185.56999606885455 11085.156801011726 570.9179511064244 825398.5707268215 511.685302734375 485.72795507812407 498.70662890624953 18.35461654935177 4400.0 4400.0 4400.0 0.0 0.0 0.0 0.0 0.0 1 0 0.0
238000.0 239000.0 2 1 191.5317105207921 11204.252411557065 596.0881361204357 864906.5426728119 510.699951171875 487.6916972656036 499.1958242187393 16.26929236038639 0.0 0.0 0.0 0.0 128.0 128.0 128.0 0.0 0 1 1.0
239000.0 240000.0 2 1 199.7994705841619 11540.763300785766 635.2710260989297 921818.9678641019 510.375 483.9340488280868 497.1545244140434 18.696575874682203 4400.0 4400.0 4400.0 0.0 128.0 128.0 128.0 0.0 1 1 0.0
240000.0 241000.0 2 1 210.08933473474536 11425.769979723744 646.9754190240049 939171.4236119746 508.410888671875 485.3179999999702 496.8644443359226 16.32913817708989 4400.0 4400.0 4400.0 0.0 128.0 128.0 128.0 0.0 1 1 1.0
241000.0 242000.0 2 1 192.1063435464478 10606.534855163316 578.1088804676933 836880.5641110826 505.632080078125 489.5901113281725 497.61109570314875 11.343384886674098 4400.0 4400.0 4400.0 0.0 0.0 0.0 0.0 0.0 1 0 0.0
242000.0 243000.0 2 1 163.79385672999646 8619.770653000242 490.66480710907484 706754.6050165948 505.2880859375 491.0509199218359 498.16950292966794 10.067196634554756 0.0 0.0 0.0 0.0 0.0 0.0 0.0 0.0 0 0 1.0
243000.0 244000.0 1 1 57.006508950148806 2739.9771337539382 164.0973079064998 236050.51631402798 347.07191406248603 347.07191406248603 347.07191406248603 0.0 0.0 0.0 0.0 0.0 0.0 0.0 0.0 0.0 0 0 0.0
244000.0 245000.0 1 1 89.92918252086734 5745.130993689433 288.9104197078439 416706.50691696635 516.1201171875 516.1201171875 516.1201171875 0.0 4400.0 4400.0 4400.0 0.0 128.0 128.0 128.0 0.0 1 2 1.0
245000.0 246000.0 2 1 195.2027989286833 11278.871520130891 602.4565248125715 872054.9110437672 513.89794921875 482.49788281251676 498.1979160156334 22.203199885555428 4400.0 4400.0 4400.0 0.0 0.0 0.0 0.0 0.0 1 0 0.0
246000.0 247000.0 2 1 196.89986000790117 10433.806756971811 612.5398909824196 887549.3300537871 512.139892578125 484.9320507812081 498.53597167966655 19.238849436050728 0.0 0.0 0.0 0.0 0.0 0.0 0.0 0.0 0 0 1.0
247000.0 248000.0 1 1 24.968158542548213 1318.1907292078658 81.09316449716513 117269.25198547944 138.94310742185917 138.94310742185917 138.94310742185917 0.0 0.0 0.0 0.0 0.0 0.0 0.0 0.0 0.0 0 0 0.0
248000.0 249000.0 1 1 8.0 1039.0 8.0 6221.0 113.86800000001676 113.86800000001676 113.86800000001676 0.0 0.0 0.0 0.0 0.0 0.0 0.0 0.0 0.0 0 0 1.0
249000.0 250000.0 0 0 0.0 0.0 0.0 0.0 0.0 0.0 0.0 0.0 0.0 0.0 0.0 0.0 0.0 0.0 0.0 0.0 0 0 
250000.0 251000.0 1 1 94.26217253648417 5945.249882122537 315.9336552046997 455877.2446636588 517.8779296875 517.8779296875 517.8779296875 0.0 4400.0 4400.0 4400.0 0.0 128.0 128.0 128.0 0.0 1 2 1.0
251000.0 252000.0 2 1 200.89836192947985 12170.25210479191 594.0974866362508 858787.5357827749 517.75927734375 482.0330703124637 499.89617382810684 25.262243257897072 4400.0 4400.0 4400.0 0.0 128.0 128.0 128.0 0.0 1 1 0.0
252000.0 253000.0 2 1 213.99379183144254 12584.464711976712 581.6351592802707 838349.2690149135 517.240966796875 479.6867226562463 498.46384472656064 26.55486069417374 0.0 0.0 0.0 0.0 0.0 0.0 0.0 0.0 0 0 0.0
253000.0 254000.0 2 1 201.87811485496434 10873.622524617529 617.4626775732961 891806.2276030917 515.35888671875 482.60803320317063 498.9834599609603 23.15835061051345 4400.0 4400.0 4400.0 0.0 128.0 128.0 128.0 0.0 1 1 1.0
254000.0 255000.0 2 1 193.287451130367 9846.113451770752 622.6375258114037 904069.6874781582 513.8759765625 484.11311328120064 498.9945449218503 21.045522453734876 4400.0 4400.0 4400.0 0.0 0.0 0.0 0.0 0.0 1 0 0.0
255000.0 256000.0 2 1 137.24666822826322 7393.547898049348 414.2449604663176 599363.7850174048 509.38330078125 484.6960234375438 497.0396621093969 17.456541218767693 0.0 0.0 0.0 0.0 0.0 0.0 0.0 0.0 0 0 0.0
256000.0 257000.0 2 1 133.89135027351844 7708.877706602803 412.85384953822415 594166.6166341698 484.44269921875093 473.514892578125 478.97879589843797 7.727126179081981 4400.0 4400.0 4400.0 0.0 128.0 128.0 128.0 0.0 1 2 1.0
257000.0 258000.0 2 1 210.72329125819368 12112.180280954532 638.0336747472662 922785.9662080505 525.1601074219216 472.06591796875 498.6130126953358 37.54326140394089 4400.0 4400.0 4400.0 0.0 0.0 0.0 0.0 0.0 1 0 0.0
258000.0 259000.0 2 1 190.71715283616885 10823.343390842436 567.6032299192692 821433.8540025025 527.2120820312994 471.19189453125 499.2019882812747 39.612254464626766 0.0 0.0 0.0 0.0 128.0 128.0 128.0 0.0 0 1 1.0
259000.0 260000.0 2 1 180.05633094451417 9830.870243531832 553.8295203382522 797300.0846118974 526.4911054687109 467.452880859375 496.97199316404294 41.746328970475915 4400.0 4400.0 4400.0 0.0 0.0 0.0 0.0 0.0 1 0 0.0
260000.0 261000.0 2 1 200.1372676305841 10851.395269467344 605.1487185193898 871701.3415515273 532.0571191406343 467.070068359375 499.56359375000466 45.95278429674298 4400.0 4400.0 4400.0 0.0 128.0 128.0 128.0 0.0 1 1 1.0
261000.0 262000.0 2 1 142.97011836215745 8032.263728766199 416.05748048272164 598926.5389691831 532.6999316406436 466.477294921875 499.5886132812593 46.826475491894556 0.0 0.0 0.0 0.0 0.0 0.0 0.0 0.0 0 0 0.0
262000.0 263000.0 2 1 131.13981756548404 7373.301939833072 388.46017227956577 557969.4988600898 485.07070507807657 461.680908203125 473.3758066406008 16.539083980854173 4400.0 4400.0 4400.0 0.0 128.0 128.0 128.0 0.0 1 1 1.0
263000.0 264000.0 2 1 151.15834002214234 8712.734756907981 438.48876642807426 630861.0916611906 538.0430917969206 458.5400390625 498.2915654297103 56.21714771354052 0.0 0.0 0.0 0.0 0.0 0.0 0.0 0.0 0 0 0.0
264000.0 265000.0 2 1 140.75438744129423 8782.797774362285 381.73574746835436 547316.2674023511 485.70396093744785 450.42529296875 468.0646269530989 24.94578535189489 6500.0 6500.0 6500.0 0.0 128.0 128.0 128.0 0.0 2 2 1.0
265000.0 266000.0 2 1 195.5117250413415 11491.895155915208 586.5333001278191 844971.5933793823 547.903707031277 448.23388671875 498.0687968750135 70.47720582263254 0.0 0.0 0.0 0.0 0.0 0.0 0.0 0.0 0 0 0.0
266000.0 267000.0 2 1 179.31414036672146 9912.139130445505 542.0444522938997 782796.9322042889 550.1711132812779 445.364990234375 497.76805175782647 74.10912031633677 6500.0 6500.0 6500.0 0.0 128.0 128.0 128.0 0.0 1 1 1.0
267000.0 268000.0 2 1 179.88988498563822 10092.023292139942 510.54914108922685 736027.9653880108 554.074009765638 444.14794921875 499.110979492194 77.72946284182754 0.0 0.0 0.0 0.0 0.0 0.0 0.0 0.0 0 0 0.0
268000.0 269000.0 2 1 213.72533945272386 11607.448702601883 629.2865349306151 911286.3760192713 553.5940507812193 443.10009765625 498.34707421873463 78.13102353477429 6500.0 6500.0 6500.0 0.0 128.0 128.0 128.0 0.0 1 1 1.0
269000.0 270000.0 2 1 200.70692119593497 10870.439755600912 622.9252313013214 901426.1085495003 556.4629023437155 442.697265625 499.58008398435777 80.44445318980905 0.0 0.0 0.0 0.0 0.0 0.0 0.0 0.0 0 0 0.0
270000.0 271000.0 2 1 134.73737211258165 6966.038298699278 393.4387155637619 565785.0149985823 554.1267343750224 103.42399999999907 328.7753671875107 318.6949597758982 0.0 0.0 0.0 0.0 0.0 0.0 0.0 0.0 0 0 1.0
271000.0 272000.0 0 0 0.0 0.0 0.0 0.0 0.0 0.0 0.0 0.0 0.0 0.0 0.0 0.0 0.0 0.0 0.0 0.0 0 0 
272000.0 273000.0 1 1 90.13220682076819 5744.254300983015 275.03199109880126 394334.07029386103 513.712890625 513.712890625 513.712890625 0.0 6500.0 6500.0 6500.0 0.0 128.0 128.0 128.0 0.0 1 2 1.0
273000.0 274000.0 2 1 187.28399367598996 11430.410661557722 596.7886105397592 861817.4432853288 509.4130859375 483.708109374973 496.5605976562365 18.17616323760412 0.0 0.0 0.0 0.0 0.0 0.0 0.0 0.0 0 0 0.0
274000.0 275000.0 2 1 202.81575060905408 11900.259783924024 642.4512885566924 932078.1235169738 508.083984375 490.3509140624665 499.21744921873324 12.539174269250307 3000.0 3000.0 3000.0 0.0 128.0 128.0 128.0 0.0 2 2 1.0
275000.0 276000.0 2 1 181.78368554363186 10193.365724373825 546.1857193951927 790667.0425066255 506.351318359375 491.199015625054 498.7751669922145 10.714296014029832 3000.0 3000.0 3000.0 0.0 0.0 0.0 0.0 0.0 1 0 0.0
276000.0 277000.0 2 1 163.97133087095233 8937.145567554704 493.7320177943742 711233.79654789 481.15568164060824 474.603271484375 477.8794765624916 4.633253654588127 3000.0 3000.0 3000.0 0.0 128.0 128.0 128.0 0.0 1 1 1.0
277000.0 278000.0 2 1 98.97460887292524 5830.493031751536 294.3039686807339 422120.74848013953 523.8497285156045 470.1630859375 497.00640722655226 37.962189026116135 0.0 0.0 0.0 0.0 0.0 0.0 0.0 0.0 0 0 0.0
278000.0 279000.0 2 1 12.038423606678311 924.0709298551732 11.506403934446386 7718.775369181195 482.36291406245437 68.77899999998044 275.5709570312174 292.44799022324963 0.0 0.0 0.0 0.0 0.0 0.0 0.0 0.0 0 0 1.0
279000.0 280000.0 0 0 0.0 0.0 0.0 0.0 0.0 0.0 0.0 0.0 0.0 0.0 0.0 0.0 0.0 0.0 0.0 0.0 0 0 
280000.0 281000.0 1 1 86.90761263816997 5637.167158222599 269.4650238011897 386687.4516169935 514.23388671875 514.23388671875 514.23388671875 0.0 3000.0 3000.0 3000.0 0.0 128.0 128.0 128.0 0.0 1 2 1.0
281000.0 282000.0 2 1 211.0192928474341 12613.844370311514 580.4621932664174 829574.7487226415 513.056884765625 485.7421132812742 499.3994990234496 19.31446014314538 3000.0 3000.0 3000.0 0.0 0.0 0.0 0.0 0.0 1 0 0.0
282000.0 283000.0 2 1 208.896206036708 12176.701241949479 574.7359574280681 822605.7777236665 481.80311523436103 471.27392578125 476.5385205078055 7.445261262692685 3000.0 3000.0 3000.0 0.0 128.0 128.0 128.0 0.0 1 2 1.0
283000.0 284000.0 2 1 191.85396937582715 11158.872182095252 576.9307327877782 832505.1999064871 526.8340742187575 468.72412109375 497.7790976562537 41.08994190912518 3000.0 3000.0 3000.0 0.0 0.0 0.0 0.0 0.0 1 0 0.0
284000.0 285000.0 2 1 184.62844962267513 10313.520988493225 529.5459248394325 763044.0852595044 481.96287890628446 457.2451171875 469.60399804689223 17.478096927105742 3000.0 3000.0 3000.0 0.0 128.0 128.0 128.0 0.0 1 1 1.0
285000.0 286000.0 1 1 103.69446947918567 5833.8940589279355 287.86016787711435 412619.7367707071 536.9288828124991 536.9288828124991 536.9288828124991 0.0 0.0 0.0 0.0 0.0 0.0 0.0 0.0 0.0 0 0 0.0
286000.0 287000.0 1 1 86.26110734793393 5942.202269045701 267.0478592747416 383360.8901286803 516.25 516.25 516.25 0.0 6500.0 6500.0 6500.0 0.0 128.0 128.0 128.0 0.0 2 2 1.0
287000.0 288000.0 2 1 192.76527945495053 11553.40254770212 580.3525441992033 837840.3260860407 515.964111328125 483.20100000000093 499.58255566406297 23.16701819288632 0.0 0.0 0.0 0.0 0.0 0.0 0.0 0.0 0 0 0.0
288000.0 289000.0 2 1 117.97361319711554 6229.39518325218 319.59959652605505 456424.783785279 483.4808886718238 115.7280000000028 299.6044443359133 260.0405613807861 0.0 0.0 0.0 0.0 0.0 0.0 0.0 0.0 0 0 1.0
289000.0 290000.0 0 0 0.0 0.0 0.0 0.0 0.0 0.0 0.0 0.0 0.0 0.0 0.0 0.0 0.0 0.0 0.0 0.0 0 0 
290000.0 291000.0 1 1 99.06787257281259 5850.137532188316 311.0628537778468 447933.07596529555 512.947265625 512.947265625 512.947265625 0.0 6500.0 6500.0 6500.0 0.0 128.0 128.0 128.0 0.0 1 1 1.0
291000.0 292000.0 2 1 189.5659716925136 10586.663228503767 577.2112349407773 831765.0422991924 512.616943359375 486.3557343749562 499.4863388671656 18.5694789550396 0.0 0.0 0.0 0.0 0.0 0.0 0.0 0.0 0 0 0.0
292000.0 293000.0 2 1 177.34296715801065 10228.218647357931 533.9655443074835 768374.0243923281 484.3810566406464 449.575927734375 466.9784921875107 24.610942669696446 4400.0 4400.0 4400.0 0.0 128.0 128.0 128.0 0.0 2 2 1.0
293000.0 294000.0 2 1 145.9878594461183 8951.294780160588 429.039853490462 612361.6480539239 548.0250722656492 447.64697265625 497.8360224609496 70.97803491642492 0.0 0.0 0.0 0.0 0.0 0.0 0.0 0.0 0 0 0.0
294000.0 295000.0 2 1 128.1236150058725 7487.724324051274 387.3228980890183 553607.1694354694 549.2480273437686 431.889892578125 490.5689599609468 82.98473292019132 4400.0 4400.0 4400.0 0.0 128.0 128.0 128.0 0.0 1 2 1.0
295000.0 296000.0 2 1 185.3343201767888 10747.62456955529 596.9503943152395 862509.9190839775 567.4471074219327 428.117919921875 497.78251367190387 98.52061329850278 4400.0 4400.0 4400.0 0.0 0.0 0.0 0.0 0.0 1 0 0.0
296000.0 297000.0 2 1 186.50600898883306 10526.740083926044 581.7966502724553 841421.4393125051 570.897080078139 427.673095703125 499.285087890632 101.27465058012851 0.0 0.0 0.0 0.0 128.0 128.0 128.0 0.0 0 1 1.0
297000.0 298000.0 2 1 177.93875538814535 9692.193956757044 554.2192415102506 802720.3913188379 571.1449042968452 425.248046875 498.1964755859226 103.16465723679362 4400.0 4400.0 4400.0 0.0 0.0 0.0 0.0 0.0 1 0 0.0
298000.0 299000.0 2 1 131.13262957090518 6651.402877499745 376.431329296467 541949.2901384701 570.6979531249963 190.5 380.59897656249814 268.84055084793 0.0 0.0 0.0 0.0 0.0 0.0 0.0 0.0 0 0 1.0
299000.0 300000.0 0 0 0.0 0.0 0.0 0.0 0.0 0.0 0.0 0.0 0.0 0.0 0.0 0.0 0.0 0.0 0.0 0.0 0 0 
300000.0 301000.0 0 0 0.0 0.0 0.0 0.0 0.0 0.0 0.0 0.0 0.0 0.0 0.0 0.0 0.0 0.0 0.0 0.0 0 0 
