ts te nbins ncons c_pkts_all c_bytes_all s_pkts_all s_bytes_all max_bin_duration min_bin_duration avg_bin_duration std_bin_duration max_video_rate min_video_rate avg_video_rate std_video_rate max_audio_rate min_audio_rate avg_audio_rate std_audio_rate video_reqs audio_reqs media_reqs
0.0 1000.0 0 0 0.0 0.0 0.0 0.0 0.0 0.0 0.0 0.0 0.0 0.0 0.0 0.0 0.0 0.0 0.0 0.0 0 0 
1000.0 2000.0 0 0 0.0 0.0 0.0 0.0 0.0 0.0 0.0 0.0 0.0 0.0 0.0 0.0 0.0 0.0 0.0 0.0 0 0 
2000.0 3000.0 0 0 0.0 0.0 0.0 0.0 0.0 0.0 0.0 0.0 0.0 0.0 0.0 0.0 0.0 0.0 0.0 0.0 0 0 
3000.0 4000.0 0 0 0.0 0.0 0.0 0.0 0.0 0.0 0.0 0.0 0.0 0.0 0.0 0.0 0.0 0.0 0.0 0.0 0 0 
4000.0 5000.0 0 0 0.0 0.0 0.0 0.0 0.0 0.0 0.0 0.0 0.0 0.0 0.0 0.0 0.0 0.0 0.0 0.0 0 0 
5000.0 6000.0 0 0 0.0 0.0 0.0 0.0 0.0 0.0 0.0 0.0 0.0 0.0 0.0 0.0 0.0 0.0 0.0 0.0 0 0 
6000.0 7000.0 0 0 0.0 0.0 0.0 0.0 0.0 0.0 0.0 0.0 0.0 0.0 0.0 0.0 0.0 0.0 0.0 0.0 0 0 
7000.0 8000.0 1 1 107.39593041698357 10340.043775147036 271.2202310530602 310321.4510748776 908.362060546875 908.362060546875 908.362060546875 0.0 2300.0 2300.0 2300.0 0.0 128.0 128.0 128.0 0.0 2 2 0.0
8000.0 9000.0 2 1 107.27198371535422 5925.723569006813 418.87205617530054 505042.40300259436 901.589111328125 89.68993945312468 495.63952539062484 574.099410072555 1500.0 1500.0 1500.0 0.0 128.0 128.0 128.0 0.0 2 1 0.0
9000.0 10000.0 2 1 124.30862773914997 5719.0697283325535 358.90496985171455 439608.2442975116 889.952880859375 96.36388867187998 493.1583847656275 561.1521578507758 1500.0 1500.0 1500.0 0.0 0.0 0.0 0.0 0.0 1 0 1.0
10000.0 11000.0 2 1 113.67574285500274 5060.020479141003 368.82534900583124 453092.5315549843 877.44189453125 109.4981191406223 493.47000683593615 543.0182511487118 1500.0 1500.0 1500.0 0.0 128.0 128.0 128.0 0.0 1 1 0.0
11000.0 12000.0 2 1 127.8729455157545 5884.27343654331 420.60140649325524 510349.90963153914 873.4892578125 117.52710546874732 495.50818164062366 534.5459642426455 1500.0 1500.0 1500.0 0.0 128.0 128.0 128.0 0.0 1 1 1.0
12000.0 13000.0 2 1 127.86882763692506 5544.813500633596 458.7376476697372 563168.7513267478 860.00390625 110.39974218750285 485.2018242187514 530.050187614265 1500.0 1500.0 1500.0 0.0 128.0 128.0 128.0 0.0 1 2 0.0
13000.0 14000.0 2 1 141.65626914314947 6029.1944096442685 417.8986481273046 517444.37566203583 859.52490234375 133.52709375000268 496.52599804687634 513.3579735832119 1500.0 1500.0 1500.0 0.0 128.0 128.0 128.0 0.0 1 1 1.0
14000.0 15000.0 2 1 143.56524912650775 6055.167246820769 399.457850536172 498167.45160898956 858.4208984375 138.22809765624697 498.3244980468735 509.2532131941563 1500.0 1500.0 1500.0 0.0 128.0 128.0 128.0 0.0 1 1 0.0
15000.0 16000.0 2 1 133.44895669543973 5464.360469152042 420.51537486651443 523202.8534583226 856.0192871093677 141.5551015625024 498.78719433593506 505.2024705151122 1500.0 1500.0 1500.0 0.0 128.0 128.0 128.0 0.0 2 1 1.0
16000.0 17000.0 2 1 141.07636244549943 6401.772418796373 424.82675568572887 526771.1716421035 852.235107421875 143.3617128906335 497.79841015625425 501.24918427576773 840.0 840.0 840.0 0.0 128.0 128.0 128.0 0.0 2 1 0.0
17000.0 18000.0 2 1 125.80567257932822 5373.582937929296 365.0342763364267 443137.4498462754 851.9152832031177 145.54389257812727 498.7295878906225 499.4800003471024 840.0 840.0 840.0 0.0 128.0 128.0 128.0 0.0 1 2 1.0
18000.0 19000.0 2 1 26.053432130905367 1033.9780288529403 56.10543419895451 67391.40689401852 146.55071679688263 52.9320000000007 99.74135839844166 66.19842949305816 0.0 0.0 0.0 0.0 0.0 0.0 0.0 0.0 0 0 0.0
19000.0 20000.0 1 1 43.20104988177385 2122.1849071552856 113.60276080022011 133544.57876416485 532.931884765625 532.931884765625 532.931884765625 0.0 2300.0 2300.0 2300.0 0.0 128.0 128.0 128.0 0.0 1 1 1.0
20000.0 21000.0 2 1 93.71044627408745 4114.042066222772 229.32490645720992 277950.4037306526 532.44091796875 466.29111523437314 499.36601660156157 46.774974087630305 0.0 0.0 0.0 0.0 0.0 0.0 0.0 0.0 0 0 0.0
21000.0 22000.0 2 1 93.58121480267236 3749.6882162754846 234.14904665475717 288335.8265361265 531.81494140625 467.46608203124924 499.6405117187496 45.50151482568258 2300.0 2300.0 2300.0 0.0 128.0 128.0 128.0 0.0 1 1 1.0
22000.0 23000.0 2 1 87.48588707085463 3268.8250403897423 218.9165162437679 268915.24662315205 531.694091796875 460.27205859374953 495.98307519531227 50.50300400406077 0.0 0.0 0.0 0.0 0.0 0.0 0.0 0.0 0 0 0.0
23000.0 24000.0 2 1 89.21868512530709 3543.287719719178 207.36795664206448 253475.48727523655 529.68408203125 467.0249082031223 498.35449511718616 44.30672671741572 0.0 0.0 0.0 0.0 0.0 0.0 0.0 0.0 0 0 1.0
24000.0 25000.0 2 1 83.04609028322866 3398.5350813935365 196.94914616257188 239777.68394851015 507.7692871093677 456.3659179687529 482.0676025390603 36.34767089516405 1500.0 1500.0 1500.0 0.0 128.0 128.0 128.0 0.0 1 1 0.0
25000.0 26000.0 2 1 87.64835071936825 3549.5400465876974 303.91583612813605 368876.23605976324 503.537109375 490.3117128906233 496.92441113281166 9.351767537983482 1500.0 1500.0 1500.0 0.0 128.0 128.0 128.0 0.0 1 1 1.0
26000.0 27000.0 2 1 69.77873853366557 3118.775957097962 319.6590980969659 387249.95394553797 494.9408906250028 492.532958984375 493.7369248046889 1.7026647917215618 0.0 0.0 0.0 0.0 0.0 0.0 0.0 0.0 0 0 0.0
27000.0 28000.0 2 1 75.05496796930619 3925.047636428664 323.76987107142725 386205.3326836078 505.691041015627 490.362060546875 498.026550781251 10.839226038130667 480.0 480.0 480.0 0.0 128.0 128.0 128.0 0.0 4 4 1.0
28000.0 29000.0 1 1 16.274569339735972 879.0733287296779 65.34486174287927 77066.2504332482 160.48993945311668 160.48993945311668 160.48993945311668 0.0 0.0 0.0 0.0 0.0 0.0 0.0 0.0 0.0 0 0 0.0
29000.0 30000.0 1 1 45.83953719914026 1966.8359565677624 218.00431063312055 262026.25688052745 532.324951171875 532.324951171875 532.324951171875 0.0 2300.0 2300.0 2300.0 0.0 128.0 128.0 128.0 0.0 1 1 1.0
30000.0 31000.0 2 1 56.084668942714636 2290.5965889536674 241.42234214941993 291250.40206491866 528.6220703125 466.3750488281221 497.49855957031104 44.015291000268334 0.0 0.0 0.0 0.0 0.0 0.0 0.0 0.0 0 0 0.0
31000.0 32000.0 2 1 75.26937078998574 2924.1468178736827 336.24366717296164 410082.7553268977 512.03125 467.2619296874982 489.6465898437491 31.65668998208267 2300.0 2300.0 2300.0 0.0 128.0 128.0 128.0 0.0 1 1 1.0
32000.0 33000.0 1 1 45.80642306815935 1813.420636604888 218.32968004449785 266151.5857276562 383.2807499999981 383.2807499999981 383.2807499999981 0.0 0.0 0.0 0.0 0.0 0.0 0.0 0.0 0.0 0 0 0.0
33000.0 34000.0 1 1 55.27222756116777 2388.3979871143074 272.64089171999103 328378.15004188975 531.2160644531177 531.2160644531177 531.2160644531177 0.0 3000.0 3000.0 3000.0 0.0 128.0 128.0 128.0 0.0 2 1 1.0
34000.0 35000.0 2 1 67.86344735907706 2770.5667163642006 309.99170312867767 374588.9439562345 530.761962890625 468.3179355468819 499.53994921875346 44.15459517935892 0.0 0.0 0.0 0.0 0.0 0.0 0.0 0.0 0 0 0.0
35000.0 36000.0 2 1 86.35397647292714 3367.1542122055735 361.8079567629865 435430.12919838715 510.81689453125 467.7620371093726 489.2894658203113 30.444381646029456 3000.0 3000.0 3000.0 0.0 128.0 128.0 128.0 0.0 1 1 1.0
36000.0 37000.0 2 1 84.14046092320805 3385.234222002687 326.96793474260596 390497.4302809388 504.3212890625 488.9161054687502 496.6186972656251 10.893109784564249 0.0 0.0 0.0 0.0 0.0 0.0 0.0 0.0 0 0 0.0
37000.0 38000.0 2 1 72.24801631576564 2923.5848958600577 293.72980469632057 352515.9800469055 494.427978515625 468.27171093750076 481.3498447265629 18.495274175021486 3000.0 3000.0 3000.0 0.0 128.0 128.0 128.0 0.0 1 1 1.0
38000.0 39000.0 2 1 82.1055564204209 3186.48441731403 342.80950111763116 415395.7177338307 505.43302148437215 492.280029296875 498.8565253906236 9.300569968672916 0.0 0.0 0.0 0.0 0.0 0.0 0.0 0.0 0 0 0.0
39000.0 40000.0 2 1 92.56763631954612 3581.9218416541767 359.2960504052387 437615.3260837716 492.92297070312634 474.48095703125 483.70196386718817 13.04047292611878 3000.0 3000.0 3000.0 0.0 128.0 128.0 128.0 0.0 1 1 1.0
40000.0 41000.0 2 1 155.43500105530606 6178.237685478824 613.5986221230355 744008.4383934564 522.9280429687497 472.77099609375 497.8495195312498 35.46638796960379 3000.0 3000.0 3000.0 0.0 128.0 128.0 128.0 0.0 1 1 0.0
41000.0 42000.0 2 1 99.74229207381143 4365.914568102631 379.0719933084334 453360.2724309241 519.6320039062484 451.31689453125 485.4744492187492 48.30607709656208 0.0 0.0 0.0 0.0 0.0 0.0 0.0 0.0 0 0 1.0
42000.0 43000.0 2 1 83.54253752845366 3404.217035781225 368.9035596472682 449711.67207979504 516.2161054687531 449.365966796875 482.79103613281404 47.27018637814606 4400.0 4400.0 4400.0 0.0 128.0 128.0 128.0 0.0 2 1 0.0
43000.0 44000.0 2 1 119.90279096010156 4390.593222252835 544.2925806514023 670190.8701045568 546.827033203117 446.4230957031177 496.6250644531174 70.9963050640798 0.0 0.0 0.0 0.0 0.0 0.0 0.0 0.0 0 0 1.0
44000.0 45000.0 2 1 107.75646461286499 3992.4314722970475 494.7534522124415 608735.3281021533 549.3979042968713 445.287109375 497.34250683593564 73.61744908397715 4400.0 4400.0 4400.0 0.0 128.0 128.0 128.0 0.0 1 1 0.0
45000.0 46000.0 1 1 83.06959239734962 2787.2617235724047 377.1359494839673 468751.7415471563 552.660890625004 552.660890625004 552.660890625004 0.0 0.0 0.0 0.0 0.0 0.0 0.0 0.0 0.0 0 0 1.0
46000.0 47000.0 1 1 106.31939057219407 4080.4916469240616 510.64349632484453 629572.9874620574 774.54296875 774.54296875 774.54296875 0.0 4400.0 4400.0 4400.0 0.0 128.0 128.0 128.0 0.0 1 1 0.0
47000.0 48000.0 2 1 87.68060942780593 3115.5083530759384 392.35650367515547 485196.01253794256 384.85400000000664 223.51003124999988 304.18201562500326 114.08741440668018 0.0 0.0 0.0 0.0 0.0 0.0 0.0 0.0 0 0 1.0
48000.0 49000.0 0 0 0.0 0.0 0.0 0.0 0.0 0.0 0.0 0.0 0.0 0.0 0.0 0.0 0.0 0.0 0.0 0.0 0 0 
49000.0 50000.0 1 1 49.73301963689891 2241.1944655725088 225.13549749606926 269406.97595499345 532.132080078125 532.132080078125 532.132080078125 0.0 4400.0 4400.0 4400.0 0.0 128.0 128.0 128.0 0.0 1 1 1.0
50000.0 51000.0 2 1 119.85327823830235 4706.380408643937 543.1620893963365 662566.5695751857 531.111083984375 462.9469199218729 497.02900195312395 48.199342642507595 0.0 0.0 0.0 0.0 128.0 128.0 128.0 0.0 0 1 0.0
51000.0 52000.0 2 1 144.89173347519505 5030.108628307077 621.4122143245154 771540.7059909722 526.700927734375 467.5009160156187 497.10092187499686 41.86072973265565 4400.0 4400.0 4400.0 0.0 0.0 0.0 0.0 0.0 1 0 1.0
52000.0 53000.0 2 1 140.98647274804256 5104.653163537902 598.8816219915134 741877.58280083 521.198974609375 472.61507226563117 496.9070234375031 34.35400680376626 4400.0 4400.0 4400.0 0.0 128.0 128.0 128.0 0.0 1 1 0.0
53000.0 54000.0 2 1 154.61520277824738 5614.839196957573 647.6780548138585 801428.9955600942 516.235107421875 477.9580253906315 497.09656640625326 27.065984268326012 0.0 0.0 0.0 0.0 0.0 0.0 0.0 0.0 0 0 1.0
54000.0 55000.0 1 1 47.92029312331372 1654.8241369810016 192.730521977707 239836.1701179244 277.7078925781243 277.7078925781243 277.7078925781243 0.0 0.0 0.0 0.0 0.0 0.0 0.0 0.0 0.0 0 0 0.0
55000.0 56000.0 1 1 66.53999776715158 2782.968866613348 279.46799062203667 342050.72164198017 532.087890625 532.087890625 532.087890625 0.0 4400.0 4400.0 4400.0 0.0 128.0 128.0 128.0 0.0 1 1 1.0
56000.0 57000.0 2 1 145.11051045607238 5568.962476726007 598.4523084954692 738221.2945530291 531.803955078125 467.4761093749985 499.64003222656174 45.48665591580267 0.0 0.0 0.0 0.0 0.0 0.0 0.0 0.0 0 0 0.0
57000.0 58000.0 2 1 95.43852811164436 3881.0673191127235 367.5562596949531 449962.0612279864 531.407958984375 57.38104492187267 294.39450195312384 335.1876453985282 4400.0 4400.0 4400.0 0.0 128.0 128.0 128.0 0.0 1 1 1.0
58000.0 59000.0 2 1 109.9522331199219 4349.955143085138 419.7738861486976 516221.82595630473 531.387939453125 468.5810410156264 499.9844902343757 44.41118379045004 0.0 0.0 0.0 0.0 0.0 0.0 0.0 0.0 0 0 0.0
59000.0 60000.0 2 1 85.56073043466014 3435.7750338117703 336.66766468737376 408424.82302633 510.02490234375 467.65906054688094 488.84198144531547 29.957174025242583 4400.0 4400.0 4400.0 0.0 128.0 128.0 128.0 0.0 1 1 1.0
60000.0 61000.0 2 1 126.52715863957101 5079.221412885985 471.07864746774476 575908.8272301033 509.50390625 489.8080976562487 499.65600195312436 13.927039817593808 0.0 0.0 0.0 0.0 0.0 0.0 0.0 0.0 0 0 0.0
61000.0 62000.0 2 1 117.98616299652278 4739.294767587078 462.9775768876518 570147.9417050001 508.803955078125 465.90109374999884 487.3525244140619 30.3369041774241 4400.0 4400.0 4400.0 0.0 128.0 128.0 128.0 0.0 1 1 1.0
62000.0 63000.0 2 1 114.97116484458999 4405.637376577886 474.56612096045205 584621.6535335856 507.718017578125 486.60004492187 497.1590312499975 14.932661670150003 0.0 0.0 0.0 0.0 0.0 0.0 0.0 0.0 0 0 0.0
63000.0 64000.0 2 1 127.32051755044037 4978.217197929856 498.0321711655175 611286.8319065031 506.9140625 467.97598242187814 487.4450224609391 27.533380469624777 4400.0 4400.0 4400.0 0.0 128.0 128.0 128.0 0.0 1 1 1.0
64000.0 65000.0 2 1 152.48147209326083 6431.579958411781 564.3231563466327 687240.7777677171 505.645263671875 493.06693749999977 499.3561005859374 8.894219732109205 0.0 0.0 0.0 0.0 0.0 0.0 0.0 0.0 0 0 0.0
65000.0 66000.0 2 1 176.9956213018893 6883.7932426079315 679.8241335022665 838983.9816619235 505.081298828125 489.6687363281235 497.37501757812424 10.898327459212558 4400.0 4400.0 4400.0 0.0 128.0 128.0 128.0 0.0 1 1 1.0
66000.0 67000.0 2 1 163.71500659716062 6224.36841969919 673.1417553451954 833185.6293136718 496.93994140625 489.8647011718713 493.40232128906064 5.002950348253094 4400.0 4400.0 4400.0 0.0 128.0 128.0 128.0 0.0 1 1 0.0
67000.0 68000.0 2 1 140.11721888252941 5668.815168462697 579.3540631392354 709539.3591584626 502.281058593755 493.5419921875 497.9115253906275 6.179453117102467 4400.0 4400.0 4400.0 0.0 128.0 128.0 128.0 0.0 1 1 1.0
68000.0 69000.0 2 1 144.10378013954187 5453.2310887296135 593.0300328401643 728990.2833230846 505.4950078124966 491.491943359375 498.4934755859358 9.901661832194593 0.0 0.0 0.0 0.0 0.0 0.0 0.0 0.0 0 0 0.0
69000.0 70000.0 2 1 151.90298109127468 5789.758972834474 623.2052046732529 768457.9649330068 500.08005664063967 481.2900390625 490.68504785156983 13.286548848116988 4400.0 4400.0 4400.0 0.0 128.0 128.0 128.0 0.0 1 1 1.0
70000.0 71000.0 2 1 107.18578454963594 4245.66299624586 430.4049242137897 529422.631077413 518.0459609374957 477.35009765623545 497.69802929686557 28.77632089241974 0.0 0.0 0.0 0.0 0.0 0.0 0.0 0.0 0 0 0.0
71000.0 72000.0 2 1 97.17083297709013 3767.976775483584 399.0409958356337 489685.4921944388 496.8719023437443 469.01611328123545 482.9440078124899 19.697017341402066 4400.0 4400.0 4400.0 0.0 128.0 128.0 128.0 0.0 1 1 1.0
72000.0 73000.0 2 1 107.14901465152414 4158.159461477391 447.42476988956344 547750.4336643079 530.8288867187657 464.199951171875 497.51441894532036 47.11377214844783 0.0 0.0 0.0 0.0 0.0 0.0 0.0 0.0 0 0 0.0
73000.0 74000.0 2 1 108.95182867315488 4178.301876517631 452.0957498670931 557001.217668483 531.7230488281202 462.529296875 497.1261728515601 48.927371221791226 4400.0 4400.0 4400.0 0.0 128.0 128.0 128.0 0.0 1 1 1.0
74000.0 75000.0 2 1 112.54968876889802 4682.287225653537 463.5627471016977 570686.2885153163 536.0917031249992 461.805908203125 498.9488056640621 52.52798933509043 0.0 0.0 0.0 0.0 0.0 0.0 0.0 0.0 0 0 0.0
75000.0 76000.0 2 1 97.25475213105224 3859.2912177010176 395.32471105691235 486122.2097964665 537.4050917968852 443.701904296875 490.5534980468801 66.25815930005177 4400.0 4400.0 4400.0 0.0 128.0 128.0 128.0 0.0 1 1 1.0
76000.0 77000.0 2 1 115.14478930617274 4121.795268183 479.47814804138477 589459.027347438 553.1510957031132 442.88525390623545 498.01817480467435 77.96972446781534 0.0 0.0 0.0 0.0 0.0 0.0 0.0 0.0 0 0 0.0
77000.0 78000.0 1 1 40.870224916240694 1465.8787336624996 154.21698201728154 188617.72279744747 530.3527460937621 530.3527460937621 530.3527460937621 0.0 0.0 0.0 0.0 0.0 0.0 0.0 0.0 0.0 0 0 1.0
78000.0 79000.0 0 0 0.0 0.0 0.0 0.0 0.0 0.0 0.0 0.0 0.0 0.0 0.0 0.0 0.0 0.0 0.0 0.0 0 0 
79000.0 80000.0 1 1 81.49243266756162 3542.523984784002 316.38238565053337 386806.761123115 531.701904296875 531.701904296875 531.701904296875 0.0 4400.0 4400.0 4400.0 0.0 128.0 128.0 128.0 0.0 1 2 1.0
80000.0 81000.0 2 1 158.50807614115587 6418.208786298854 637.2904495464816 785046.2902132643 530.0712890625 466.5550957031228 498.3131923828114 44.91273103957158 4400.0 4400.0 4400.0 0.0 0.0 0.0 0.0 0.0 1 0 0.0
81000.0 82000.0 2 1 157.14379293118247 5835.025432131543 615.1774403264303 760969.1123373462 527.241943359375 469.13771093750256 498.1898271484388 41.08589676114526 0.0 0.0 0.0 0.0 0.0 0.0 0.0 0.0 0 0 1.0
82000.0 83000.0 2 1 167.28744809124143 6837.0755204805155 653.520536963177 804792.6206692682 510.462890625 472.71405664064514 491.58847363282257 26.692456492222522 4400.0 4400.0 4400.0 0.0 128.0 128.0 128.0 0.0 1 1 0.0
83000.0 84000.0 2 1 179.59782392402226 7813.226430541117 671.0460681847113 821072.6947206322 509.027099609375 484.4481093749928 496.7376044921839 17.379970669449595 0.0 0.0 0.0 0.0 0.0 0.0 0.0 0.0 0 0 1.0
84000.0 85000.0 2 1 197.77686664673377 8083.112078121325 669.4753965644679 824960.3613816644 508.319091796875 485.81890039064456 497.0689960937598 15.910037921340827 4400.0 4400.0 4400.0 0.0 128.0 128.0 128.0 0.0 1 1 0.0
85000.0 86000.0 2 1 94.19355959810261 3749.8277676426446 313.1077227641985 384381.15955470986 410.9289082031173 59.125 235.02695410155866 248.76292913835394 0.0 0.0 0.0 0.0 0.0 0.0 0.0 0.0 0 0 1.0
86000.0 87000.0 0 0 0.0 0.0 0.0 0.0 0.0 0.0 0.0 0.0 0.0 0.0 0.0 0.0 0.0 0.0 0.0 0.0 0 0 
87000.0 88000.0 1 1 83.88465366904516 3699.47351595203 328.5927516335209 401218.16131041455 532.782958984375 532.782958984375 532.782958984375 0.0 4400.0 4400.0 4400.0 0.0 128.0 128.0 128.0 0.0 1 2 1.0
88000.0 89000.0 2 1 162.1870136020002 6768.836577541651 612.4731731979846 750076.4396800126 530.0029296875 464.38304101562244 497.1929853515612 46.400268260590934 4400.0 4400.0 4400.0 0.0 0.0 0.0 0.0 0.0 1 0 0.0
89000.0 90000.0 2 1 164.09798347084882 6717.279579485109 608.7220090861729 746088.7698050193 525.574951171875 469.6470703124942 497.6110107421846 39.546983813061495 0.0 0.0 0.0 0.0 0.0 0.0 0.0 0.0 0 0 1.0
90000.0 91000.0 2 1 190.5132063343038 7801.432991002253 703.493437267365 867195.7042553076 517.581298828125 455.6010488281172 486.5911738281211 43.82665507464303 4400.0 4400.0 4400.0 0.0 128.0 128.0 128.0 0.0 1 1 0.0
91000.0 92000.0 2 1 206.75613208190788 8446.086786422726 756.834289042324 931148.6574757914 516.197998046875 480.4727011718787 498.33534960937686 25.26159968021244 4400.0 4400.0 4400.0 0.0 128.0 128.0 128.0 0.0 1 1 1.0
92000.0 93000.0 2 1 161.52449756480348 6550.159527103664 569.4389204505801 699147.6933284253 513.9399414062354 480.1310019531229 497.0354716796792 23.906530352021285 0.0 0.0 0.0 0.0 0.0 0.0 0.0 0.0 0 0 0.0
93000.0 94000.0 2 1 135.0462014491506 5429.66178617307 472.45857686890855 580147.9777454236 509.198974609375 485.09305859376036 497.1460166015677 17.045456681354512 4400.0 4400.0 4400.0 0.0 128.0 128.0 128.0 0.0 1 1 1.0
94000.0 95000.0 2 1 129.4123398501743 5063.913632500588 473.1932998893888 582587.7642741413 509.14794921876455 486.9200253906456 498.0339873047051 15.71751567056095 0.0 0.0 0.0 0.0 0.0 0.0 0.0 0.0 0 0 0.0
95000.0 96000.0 2 1 130.59378723218217 5107.494227592144 514.1223478595668 635188.7779126149 507.97802734376455 486.3160507812572 497.1470390625109 15.317330521252995 4400.0 4400.0 4400.0 0.0 128.0 128.0 128.0 0.0 1 1 1.0
96000.0 97000.0 2 1 112.84386418304116 4412.793268344527 442.78573633969086 546148.4231180421 507.919921875 485.9829726562457 496.95144726562285 15.511765551126107 0.0 0.0 0.0 0.0 0.0 0.0 0.0 0.0 0 0 0.0
97000.0 98000.0 2 1 117.28572150903878 4637.523026578198 451.4825405416518 550286.3364722237 506.969970703125 466.72607812499336 486.8480244140592 28.456729343339852 4400.0 4400.0 4400.0 0.0 128.0 128.0 128.0 0.0 1 1 1.0
98000.0 99000.0 2 1 133.05506367344762 5402.304803528693 474.0160841972985 577735.3203084837 504.9033203125 491.5150292968756 498.2091748046878 9.466951365646956 0.0 0.0 0.0 0.0 0.0 0.0 0.0 0.0 0 0 0.0
99000.0 100000.0 2 1 145.02409048224467 6037.45123614902 495.1859081450425 609377.9783365071 493.1536796875007 492.0791015625 492.61639062500035 0.7598414791027194 4400.0 4400.0 4400.0 0.0 128.0 128.0 128.0 0.0 1 1 1.0
100000.0 101000.0 2 1 129.851335102273 5404.023210817466 456.8621692584438 560750.1859591033 506.63689843750035 491.756103515625 499.1965009765627 10.5223109987044 0.0 0.0 0.0 0.0 0.0 0.0 0.0 0.0 0 0 0.0
101000.0 102000.0 2 1 113.74612456949939 4495.300282597282 442.5903166401919 545801.7753384368 501.9108964843763 487.52099609376455 494.7159462890704 10.175196146800502 4400.0 4400.0 4400.0 0.0 128.0 128.0 128.0 0.0 1 1 1.0
102000.0 103000.0 2 1 104.00919394146459 4033.5870429573883 429.32265424459916 526763.785149767 510.30100390623556 485.236083984375 497.7685439453053 17.723574846645395 0.0 0.0 0.0 0.0 0.0 0.0 0.0 0.0 0 0 0.0
103000.0 104000.0 2 1 95.65603739255836 3740.504353285335 392.5618199806123 479710.4921849017 507.74791601562174 479.031982421875 493.38994921874837 20.305231372240904 4400.0 4400.0 4400.0 0.0 128.0 128.0 128.0 0.0 1 1 1.0
104000.0 105000.0 2 1 115.6887730510528 4515.94311520953 464.1944415304646 572928.2044007897 515.7930175781221 478.787109375 497.29006347656104 26.167128634394516 0.0 0.0 0.0 0.0 0.0 0.0 0.0 0.0 0 0 0.0
105000.0 106000.0 2 1 125.30806158979848 4879.210489687122 474.6826022266562 587557.1870989318 506.8508906250063 462.324951171875 484.58792089844064 31.484593726010768 3000.0 3000.0 3000.0 0.0 128.0 128.0 128.0 0.0 1 1 1.0
106000.0 107000.0 1 1 80.51591925116472 3241.0205470722 317.9869215995366 393219.36584566283 480.4150488281157 480.4150488281157 480.4150488281157 0.0 0.0 0.0 0.0 0.0 0.0 0.0 0.0 0.0 0 0 0.0
107000.0 108000.0 1 1 3.0 145.0 6.0 2329.0 84.56699999999546 84.56699999999546 84.56699999999546 0.0 0.0 0.0 0.0 0.0 0.0 0.0 0.0 0.0 0 0 1.0
108000.0 109000.0 0 0 0.0 0.0 0.0 0.0 0.0 0.0 0.0 0.0 0.0 0.0 0.0 0.0 0.0 0.0 0.0 0.0 0 0 
109000.0 110000.0 1 1 58.642081644295864 2636.761234660794 237.23387574283328 290567.7827786541 532.904052734375 532.904052734375 532.904052734375 0.0 3000.0 3000.0 3000.0 0.0 128.0 128.0 128.0 0.0 1 1 1.0
110000.0 111000.0 2 1 154.40094143724775 6312.967418647473 604.9889697114074 749039.5497805094 531.660888671875 466.7099472656264 499.1854179687507 45.9272511128085 3000.0 3000.0 3000.0 0.0 128.0 128.0 128.0 0.0 1 1 0.0
111000.0 112000.0 2 1 186.8315279910251 7423.481164909079 730.5494145640123 905058.0455382436 531.117919921875 464.14211132813944 497.6300156250072 47.359048432082666 3000.0 3000.0 3000.0 0.0 128.0 128.0 128.0 0.0 1 1 1.0
112000.0 113000.0 2 1 96.28209940797578 3867.773863985812 365.38500071835927 450397.11026471836 529.032958984375 466.7030800781213 497.86801953124814 44.07388004514836 0.0 0.0 0.0 0.0 0.0 0.0 0.0 0.0 0 0 0.0
113000.0 114000.0 2 1 88.31707577597994 3724.4608411642203 346.94404703526584 427934.6317364378 510.27001953125 466.75804101562244 488.5140302734362 30.767615071243615 3000.0 3000.0 3000.0 0.0 128.0 128.0 128.0 0.0 1 1 1.0
114000.0 115000.0 2 1 168.9045734971019 6915.194749224705 663.0762354946082 819703.8427045312 508.9169921875 484.601980468753 496.7594863281265 17.193309670956356 3000.0 3000.0 3000.0 0.0 128.0 128.0 128.0 0.0 1 1 0.0
115000.0 116000.0 2 1 154.09742111892285 6142.727029679336 617.5114538630294 757358.3313269122 507.25 467.09100781250163 487.1705039062508 28.396695701397682 3000.0 3000.0 3000.0 0.0 128.0 128.0 128.0 0.0 1 1 1.0
116000.0 117000.0 2 1 73.8471538420699 2951.059882499822 300.5576506480409 364937.89874032285 506.9541015625 492.5799999999872 499.7670507812436 10.164024688316953 0.0 0.0 0.0 0.0 0.0 0.0 0.0 0.0 0 0 0.0
117000.0 118000.0 2 1 9.677125285380907 360.5738152287572 23.753352222443347 24103.80712967059 467.62089843751164 73.05400000000373 270.3374492187577 279.0009295169056 0.0 0.0 0.0 0.0 0.0 0.0 0.0 0.0 0 0 1.0
118000.0 119000.0 0 0 0.0 0.0 0.0 0.0 0.0 0.0 0.0 0.0 0.0 0.0 0.0 0.0 0.0 0.0 0.0 0.0 0 0 
119000.0 120000.0 1 1 78.32287020211145 3502.684004820957 331.4069745966893 405164.2075555225 532.028076171875 532.028076171875 532.028076171875 0.0 4400.0 4400.0 4400.0 0.0 128.0 128.0 128.0 0.0 1 2 1.0
120000.0 121000.0 2 1 166.7278903695456 6632.413618319388 678.0260306891555 839453.1082377663 527.93603515625 466.5069238281285 497.22147949218925 43.436941182378085 4400.0 4400.0 4400.0 0.0 0.0 0.0 0.0 0.0 1 0 0.0
121000.0 122000.0 2 1 177.30147768461626 6716.674210218993 647.1996865413594 804941.4994057422 527.749267578125 468.16196484374814 497.95561621093657 42.134585836093585 0.0 0.0 0.0 0.0 0.0 0.0 0.0 0.0 0 0 1.0
122000.0 123000.0 2 1 109.7749828272926 4417.7004883974205 409.33761128749313 505721.66632489825 358.27490234375 330.88073242187966 344.5778173828148 19.370603316731074 4400.0 4400.0 4400.0 0.0 128.0 128.0 128.0 0.0 1 1 0.0
123000.0 124000.0 2 1 147.64085620048422 6044.130595686385 597.4669722060123 734823.7274493878 639.795097656257 356.529296875 498.1621972656285 200.29916861066445 0.0 0.0 0.0 0.0 0.0 0.0 0.0 0.0 0 0 1.0
124000.0 125000.0 2 1 123.72621467767019 5152.544687072311 458.04560056445126 557905.0281891992 643.4377031250042 354.6552734375 499.0464882812521 204.20001431956157 2300.0 2300.0 2300.0 0.0 128.0 128.0 128.0 0.0 1 1 0.0
125000.0 126000.0 2 1 108.84056687272806 4560.356080222293 369.73057973979746 449227.9398394262 641.0677265624981 352.88525390625 496.97649023437407 203.77578063433987 2300.0 2300.0 2300.0 0.0 128.0 128.0 128.0 0.0 1 1 1.0
126000.0 127000.0 1 1 80.66514116555162 3132.4963152622545 302.78654437504156 370818.8229980577 496.4787460937514 496.4787460937514 496.4787460937514 0.0 0.0 0.0 0.0 0.0 0.0 0.0 0.0 0.0 0 0 0.0
127000.0 128000.0 1 1 77.20275349532722 3235.5940206283 288.0461354549795 349056.54316203156 531.31201171875 531.31201171875 531.31201171875 0.0 4400.0 4400.0 4400.0 0.0 128.0 128.0 128.0 0.0 1 1 1.0
128000.0 129000.0 2 1 124.60976878782135 4992.317453848662 447.81550639469833 548691.3818419001 528.353271484375 466.5829882812395 497.46812988280726 43.67818612875059 0.0 0.0 0.0 0.0 0.0 0.0 0.0 0.0 0 0 0.0
129000.0 130000.0 2 1 117.14247987611009 4660.6947683970875 461.0749443914307 563452.4532297842 513.165283203125 466.7407285156369 489.95300585938094 32.827117433088574 4400.0 4400.0 4400.0 0.0 128.0 128.0 128.0 0.0 1 1 1.0
130000.0 131000.0 2 1 105.70673589524385 4196.381951527629 416.4965269313638 508795.44254652795 513.044921875 483.1977167968871 498.12131933594355 21.105161110199184 0.0 0.0 0.0 0.0 0.0 0.0 0.0 0.0 0 0 0.0
131000.0 132000.0 2 1 118.37147107292554 4755.785288519578 454.8199750335088 558332.3539624476 509.15087890625 485.1030781249865 497.12697851561825 17.00436300505458 4400.0 4400.0 4400.0 0.0 128.0 128.0 128.0 0.0 1 1 1.0
132000.0 133000.0 2 1 120.03044705722758 4829.632785664542 453.089877521376 556555.006936277 505.485107421875 489.1431210937444 497.3141142578097 11.555529350678986 0.0 0.0 0.0 0.0 0.0 0.0 0.0 0.0 0 0 0.0
133000.0 134000.0 2 1 104.20536192713936 4133.596572186618 406.3295048765494 497017.7675785733 501.166015625 492.83989257813664 497.0029541015683 5.887458067430679 4400.0 4400.0 4400.0 0.0 128.0 128.0 128.0 0.0 1 1 1.0
134000.0 135000.0 2 1 108.93076430894743 4194.10778252911 454.616466098413 556880.1664459036 500.64794921875 496.69198437500745 498.6699667968787 2.7972895671459375 0.0 0.0 0.0 0.0 0.0 0.0 0.0 0.0 0 0 0.0
135000.0 136000.0 2 1 49.80021757925756 1778.8893766984731 197.71106329768037 241830.88429655478 496.5820507812605 30.978000000002794 263.78002539063164 329.23178165535296 0.0 0.0 0.0 0.0 0.0 0.0 0.0 0.0 0 0 1.0
136000.0 137000.0 0 0 0.0 0.0 0.0 0.0 0.0 0.0 0.0 0.0 0.0 0.0 0.0 0.0 0.0 0.0 0.0 0.0 0 0 
137000.0 138000.0 1 1 64.61800538747741 2682.982306336252 278.76527944019176 336367.15792865533 533.16796875 533.16796875 533.16796875 0.0 4400.0 4400.0 4400.0 0.0 128.0 128.0 128.0 0.0 1 1 1.0
138000.0 139000.0 2 1 112.32631566364915 4329.971507795704 459.0199588998678 563085.7299892049 532.39599609375 465.21203125000466 498.8040136718773 47.50623712801094 0.0 0.0 0.0 0.0 0.0 0.0 0.0 0.0 0 0 0.0
139000.0 140000.0 2 1 146.17495637252205 6132.815217233552 557.7568617781017 686400.8621032574 510.673095703125 466.8400039062544 488.7565498046897 30.994676449939615 3000.0 3000.0 3000.0 0.0 128.0 128.0 128.0 0.0 1 1 1.0
140000.0 141000.0 2 1 162.83406552803285 6679.808730905113 641.9728302001117 790245.052356378 508.0859375 488.3859042968834 498.2359208984417 13.930027067523904 3000.0 3000.0 3000.0 0.0 128.0 128.0 128.0 0.0 1 1 0.0
141000.0 142000.0 2 1 169.39775951904565 6717.37767030711 647.6803507574415 798697.0281933453 507.492919921875 486.9740624999977 497.23349121093634 14.50902322520938 3000.0 3000.0 3000.0 0.0 128.0 128.0 128.0 0.0 1 1 1.0
142000.0 143000.0 2 1 101.24893804160992 4301.686447194706 357.8447351292204 438022.21977600985 505.986083984375 489.13608007811126 497.56108203124313 11.914752025138903 0.0 0.0 0.0 0.0 0.0 0.0 0.0 0.0 0 0 0.0
143000.0 144000.0 2 1 79.19454543259161 3263.977964282527 304.60173480100013 369949.94279727497 504.798095703125 467.0489160156285 485.92350585937675 26.692700941258256 3000.0 3000.0 3000.0 0.0 128.0 128.0 128.0 0.0 1 1 1.0
144000.0 145000.0 2 1 100.25606827255105 4145.018777007027 346.45753126032525 420959.34561667196 500.699951171875 494.3519042968692 497.5259277343721 4.488746992606687 0.0 0.0 0.0 0.0 0.0 0.0 0.0 0.0 0 0 0.0
145000.0 146000.0 2 1 78.54575866260555 3285.3764798133325 283.3224114522434 343096.66752475296 500.080078125 498.675048828125 499.3775634765625 0.9935057435860793 4400.0 4400.0 4400.0 0.0 128.0 128.0 128.0 0.0 1 1 1.0
146000.0 147000.0 2 1 109.48157212407816 4220.956683697715 452.92759275795845 555708.5933157098 498.2809218750044 496.10009765625 497.1905097656272 1.5420755936571078 0.0 0.0 0.0 0.0 0.0 0.0 0.0 0.0 0 0 0.0
147000.0 148000.0 2 1 127.42988676324838 4855.725140809067 521.9393720047892 643227.3243168014 503.56690234373673 491.926025390625 497.74646386718086 8.2313430325035 4400.0 4400.0 4400.0 0.0 128.0 128.0 128.0 0.0 1 1 1.0
148000.0 149000.0 2 1 103.86800487294579 4029.368127275748 425.7444012610461 523591.77529920207 505.7699746093713 490.9951171875 498.38254589843564 10.44740187406957 0.0 0.0 0.0 0.0 0.0 0.0 0.0 0.0 0 0 0.0
149000.0 150000.0 2 1 97.8771840539869 3888.692908460326 396.6452093442932 484267.5809249254 494.8798828125 486.236083984375 490.5579833984375 6.112088766579521 4400.0 4400.0 4400.0 0.0 128.0 128.0 128.0 0.0 1 1 1.0
150000.0 151000.0 2 1 114.42203592484398 4499.142988186846 464.0726579160671 567520.5607514755 511.8779160156264 483.652099609375 497.7650078125007 19.95866618538687 0.0 0.0 0.0 0.0 0.0 0.0 0.0 0.0 0 0 0.0
151000.0 152000.0 2 1 116.36615041718795 4448.30604672135 482.25340578592704 592531.3669471242 490.6869003906322 475.92724609375 483.3070732421911 10.43665164129458 4400.0 4400.0 4400.0 0.0 128.0 128.0 128.0 0.0 1 1 1.0
152000.0 153000.0 2 1 113.0070242444812 4357.795139173147 472.83415533360335 579605.0864134209 522.2697539062356 470.8701171875 496.5699355468678 36.345031674342984 0.0 0.0 0.0 0.0 0.0 0.0 0.0 0.0 0 0 0.0
153000.0 154000.0 2 1 104.36558183358763 4009.5021746735065 422.39164639276055 520130.80506417516 496.44288281249464 440.282958984375 468.3629208984348 39.71106296978338 4400.0 4400.0 4400.0 0.0 128.0 128.0 128.0 0.0 1 1 1.0
154000.0 155000.0 2 1 121.76788101163623 4718.361840646125 494.7606734084129 609473.532598472 558.967041015625 440.111083984375 499.5390625 84.04385320121379 0.0 0.0 0.0 0.0 0.0 0.0 0.0 0.0 0 0 0.0
155000.0 156000.0 2 1 111.62219118396214 4514.694069429828 447.9406450135072 545274.9360564492 557.3289160156273 434.00390625 495.66641113281366 87.20395069517228 4400.0 4400.0 4400.0 0.0 128.0 128.0 128.0 0.0 1 2 1.0
156000.0 157000.0 2 1 165.24404977140898 6832.339650528047 661.0104617018185 803753.3607226508 561.9030937500065 432.2080078125 497.05555078125326 91.7082747529829 0.0 0.0 0.0 0.0 0.0 0.0 0.0 0.0 0 0 0.0
157000.0 158000.0 2 1 177.83163648869765 7143.812885399369 695.2828107264673 857824.8172870339 566.6739921875123 431.22607421875 498.95003320313117 95.77614129331107 4400.0 4400.0 4400.0 0.0 0.0 0.0 0.0 0.0 1 0 1.0
158000.0 159000.0 2 1 175.51875473079053 6898.204073974029 702.5263041402645 872187.040898783 568.7409257812542 431.2060546875 499.9734902343771 97.25184000001127 6500.0 6500.0 6500.0 0.0 128.0 128.0 128.0 0.0 2 1 0.0
159000.0 160000.0 2 1 174.40412927692387 6583.185340079832 706.8824953438798 879606.3910128055 568.0829453124898 428.1201171875 498.1015312499949 98.9686648812275 0.0 0.0 0.0 0.0 0.0 0.0 0.0 0.0 0 0 1.0
160000.0 161000.0 2 1 177.02978250332427 7235.065984627556 668.183507773652 825451.7043240413 571.6088828124921 425.4079589844041 498.5084208984481 103.3796646545789 6500.0 6500.0 6500.0 0.0 128.0 128.0 128.0 0.0 1 1 0.0
161000.0 162000.0 2 1 186.38000703859075 7469.303647580177 666.9885398175863 822017.3230451881 574.2710410156287 419.8459472655959 497.0584941406123 109.19503097601655 6500.0 6500.0 6500.0 0.0 128.0 128.0 128.0 0.0 1 1 1.0
162000.0 163000.0 2 1 178.34283969589686 6602.466996880077 690.8283334190912 853121.2078718615 577.9810527343943 416.2858886719332 497.13347070316377 114.3357469936376 0.0 0.0 0.0 0.0 0.0 0.0 0.0 0.0 0 0 0.0
163000.0 164000.0 2 1 180.29248439571649 6988.6411938570245 692.4589970927526 853919.2586462765 582.0901113281143 411.583984375 496.83704785155714 120.56603860240148 6500.0 6500.0 6500.0 0.0 128.0 128.0 128.0 0.0 1 1 1.0
164000.0 165000.0 2 1 191.89344817534231 7864.7352078635995 683.4199323228611 841741.1905140708 585.1870156250079 408.6533203125 496.92016796875396 124.82817306339419 0.0 0.0 0.0 0.0 0.0 0.0 0.0 0.0 0 0 0.0
165000.0 166000.0 2 1 201.98925458458518 8151.1286235577445 708.0295370889269 876941.7964337701 588.6056796874909 406.12890625 497.36729296874546 129.0305639066911 6500.0 6500.0 6500.0 0.0 128.0 128.0 128.0 0.0 1 1 1.0
166000.0 167000.0 2 1 180.4075717198332 7120.191123511058 692.4911631603281 855403.7671175126 593.4140937500051 403.85498046875 498.63453710937756 134.03853443688445 0.0 0.0 0.0 0.0 0.0 0.0 0.0 0.0 0 0 0.0
167000.0 168000.0 2 1 116.8621163088463 4334.365052192505 450.96646447550285 559748.5741526996 593.0100195312407 69.10999999998603 331.06000976561336 370.45325647431486 0.0 0.0 0.0 0.0 0.0 0.0 0.0 0.0 0 0 1.0
168000.0 169000.0 0 0 0.0 0.0 0.0 0.0 0.0 0.0 0.0 0.0 0.0 0.0 0.0 0.0 0.0 0.0 0.0 0.0 0 0 
169000.0 170000.0 1 1 76.67810954535814 3375.9667674831294 318.9596362338162 388135.00575490977 532.00390625 532.00390625 532.00390625 0.0 6500.0 6500.0 6500.0 0.0 128.0 128.0 128.0 0.0 1 1 1.0
170000.0 171000.0 2 1 158.6879080876949 6367.417389348097 622.1317321131963 767089.3637186927 531.134033203125 467.0890937499935 499.11156347655924 45.28661098799115 0.0 0.0 0.0 0.0 128.0 128.0 128.0 0.0 0 1 0.0
171000.0 172000.0 2 1 160.72208010675405 6022.403207307903 643.6178486761644 794812.6663156801 530.9360351562791 468.74596679687966 499.8410009765794 43.9750190593863 4400.0 4400.0 4400.0 0.0 0.0 0.0 0.0 0.0 1 0 1.0
172000.0 173000.0 2 1 165.15760199616824 6592.96411427531 676.6130875146915 828392.1451982048 530.3259277344041 463.4739648437244 496.89994628906425 47.271476295631054 4400.0 4400.0 4400.0 0.0 0.0 0.0 0.0 0.0 1 0 0.0
173000.0 174000.0 2 1 191.11610156800663 7553.578602580659 709.0274880766335 873816.7288305961 530.09130859375 466.3420722656301 498.21669042969006 45.07751730307737 0.0 0.0 0.0 0.0 128.0 128.0 128.0 0.0 0 1 1.0
174000.0 175000.0 1 1 76.63819869601802 2907.669919004901 268.650207385498 333127.09018191637 378.3956914062437 378.3956914062437 378.3956914062437 0.0 0.0 0.0 0.0 0.0 0.0 0.0 0.0 0.0 0 0 0.0
175000.0 176000.0 1 1 84.85450174385022 3595.9096399375017 363.4334319972453 446903.57790761406 533.583251953125 533.583251953125 533.583251953125 0.0 3000.0 3000.0 3000.0 0.0 128.0 128.0 128.0 0.0 1 1 1.0
176000.0 177000.0 2 1 164.2798262529493 6721.863197426513 635.4367424766749 784517.4368509396 532.8640136719332 466.24274804687593 499.55338085940457 47.10834869470823 3000.0 3000.0 3000.0 0.0 128.0 128.0 128.0 0.0 1 1 0.0
177000.0 178000.0 2 1 149.910106334765 6006.437864615151 587.0186704459256 720500.7613852265 512.7580566406541 466.24498632809264 489.50152148437337 32.8897074318189 3000.0 3000.0 3000.0 0.0 128.0 128.0 128.0 0.0 1 1 1.0
178000.0 179000.0 2 1 76.35656522815482 3057.6708372370863 315.6582094860881 383589.22380942 511.083251953125 483.24694335935055 497.1650976562378 19.68324256985928 0.0 0.0 0.0 0.0 0.0 0.0 0.0 0.0 0 0 0.0
179000.0 180000.0 2 1 78.2124352252206 3229.1632856987203 299.89043021141805 361500.9075508626 507.4880371093459 467.4827480468666 487.48539257810626 28.288011179407118 4400.0 4400.0 4400.0 0.0 128.0 128.0 128.0 0.0 1 1 1.0
180000.0 181000.0 2 1 124.20130776294826 5050.291054876561 467.41411430025676 570545.5840850368 501.76611328125 491.2539628906525 496.51003808595124 7.433212826044325 0.0 0.0 0.0 0.0 0.0 0.0 0.0 0.0 0 0 0.0
181000.0 182000.0 2 1 120.26588501939332 4889.800601416722 457.4303508030151 559750.0286695538 491.9609375 469.7118867187528 480.8364121093764 15.732454682383752 4400.0 4400.0 4400.0 0.0 128.0 128.0 128.0 0.0 1 1 1.0
182000.0 183000.0 2 1 126.84492652330962 5074.064032998795 480.21976408168905 587480.6178717944 505.4460625000065 488.7619628906541 497.1040126953303 11.797439971764922 0.0 0.0 0.0 0.0 0.0 0.0 0.0 0.0 0 0 0.0
183000.0 184000.0 2 1 142.54384496651505 5868.924281183566 528.9422075439737 650399.0393008904 498.4560371093685 473.280029296875 485.86803320312174 17.80212584741964 4400.0 4400.0 4400.0 0.0 128.0 128.0 128.0 0.0 1 1 1.0
184000.0 185000.0 2 1 169.62596668726263 6981.242653652357 667.8834970390951 820470.0055663742 524.6579707031196 470.68896484375 497.6734677734348 38.16185001705679 4400.0 4400.0 4400.0 0.0 128.0 128.0 128.0 0.0 1 1 0.0
185000.0 186000.0 2 1 146.6416106438732 5614.170922099465 591.3871213622061 729763.9633433068 524.4720351562428 469.54296875 497.0075019531214 38.84071534010045 0.0 0.0 0.0 0.0 0.0 0.0 0.0 0.0 0 0 1.0
186000.0 187000.0 2 1 149.21159425017308 5631.716231823456 623.5394618271358 772423.5812509335 527.7250312500109 467.639892578125 497.68246191406797 42.48660900342462 4400.0 4400.0 4400.0 0.0 128.0 128.0 128.0 0.0 1 1 0.0
187000.0 188000.0 2 1 118.11681866703742 4694.487723554465 505.92026311481317 620515.1984933917 531.7811074218771 464.4829101562791 498.1320087890781 47.58701164813431 0.0 0.0 0.0 0.0 0.0 0.0 0.0 0.0 0 0 1.0
188000.0 189000.0 2 1 110.08040271712632 4275.105679828823 463.77028809846615 569390.7648996592 533.4320898437581 460.9318847655959 497.181987304677 51.2653866481839 4400.0 4400.0 4400.0 0.0 128.0 128.0 128.0 0.0 1 1 0.0
189000.0 190000.0 2 1 113.52804321381608 4339.004567977255 467.9942767927241 577568.1826296744 534.0201152343943 459.2880859375 496.65410058594716 52.84352468766571 0.0 0.0 0.0 0.0 0.0 0.0 0.0 0.0 0 0 1.0
190000.0 191000.0 2 1 102.52599256148835 4002.0576095893402 431.8662404996642 530539.9721879933 540.4279140624858 454.4919433593459 497.45992871091585 60.765907632038704 4400.0 4400.0 4400.0 0.0 128.0 128.0 128.0 0.0 1 1 0.0
191000.0 192000.0 2 1 114.60059197025788 4370.058831336915 488.8487920306113 602660.699695756 545.1600566406269 450.6469726562791 497.903514648453 66.83084259618597 0.0 0.0 0.0 0.0 0.0 0.0 0.0 0.0 0 0 1.0
192000.0 193000.0 2 1 105.28526746344762 4185.091932037111 423.4785111110306 517538.4260837353 545.9560273437237 446.6853027344041 496.3206650390639 70.19500254455217 4400.0 4400.0 4400.0 0.0 128.0 128.0 128.0 0.0 1 1 0.0
193000.0 194000.0 2 1 118.09739393043326 4594.120918635668 471.03100609358586 580019.666568254 551.7036972655915 445.05908203125 498.38138964842074 75.40913060923305 0.0 0.0 0.0 0.0 0.0 0.0 0.0 0.0 0 0 1.0
194000.0 195000.0 2 1 101.83487670192604 4053.887010355155 401.5786005856743 493396.2567504497 552.5669179687684 442.802001953125 497.6844599609467 77.61551645103332 4400.0 4400.0 4400.0 0.0 128.0 128.0 128.0 0.0 1 1 0.0
195000.0 196000.0 2 1 111.16642723404325 4312.733487977999 445.6324375102704 545863.3921818966 556.1109980468755 439.294921875 497.70295996093773 82.60143961273741 0.0 0.0 0.0 0.0 0.0 0.0 0.0 0.0 0 0 1.0
196000.0 197000.0 2 1 99.49591823118621 4064.867335816009 402.65918167227636 488690.9445024711 560.2850781249872 437.3779296875 498.8315039062436 86.90847811644878 4400.0 4400.0 4400.0 0.0 128.0 128.0 128.0 0.0 1 1 0.0
197000.0 198000.0 2 1 164.08459361581612 6360.137715977262 658.9012144074225 812057.4384209802 562.43007031249 437.08203125 499.756050781245 88.63444842952292 4400.0 4400.0 4400.0 0.0 128.0 128.0 128.0 0.0 1 1 1.0
198000.0 199000.0 2 1 129.90830847365206 5082.381708102952 517.223201490073 633285.1421786061 561.7049687500112 434.165283203125 497.9351259765681 90.18417652060312 0.0 0.0 0.0 0.0 0.0 0.0 0.0 0.0 0 0 0.0
199000.0 200000.0 1 1 70.3267945813543 2517.810875845153 276.84198501866456 342522.1878151794 548.4407167968748 548.4407167968748 548.4407167968748 0.0 0.0 0.0 0.0 0.0 0.0 0.0 0.0 0.0 0 0 1.0
200000.0 201000.0 0 0 0.0 0.0 0.0 0.0 0.0 0.0 0.0 0.0 0.0 0.0 0.0 0.0 0.0 0.0 0.0 0.0 0 0 
201000.0 202000.0 1 1 74.27692969674379 3183.220648946063 316.3449092120311 382384.58084204607 532.928955078125 532.928955078125 532.928955078125 0.0 4400.0 4400.0 4400.0 0.0 128.0 128.0 128.0 0.0 1 2 1.0
202000.0 203000.0 2 1 137.36289672615285 5695.278939303284 528.038721279201 643098.3554270756 529.9499511719332 464.3810449218727 497.16549804690294 46.36421824440281 0.0 0.0 0.0 0.0 0.0 0.0 0.0 0.0 0 0 0.0
203000.0 204000.0 2 1 183.61470498107977 7279.708667113298 639.6821790737522 791410.4223120832 529.507080078125 469.54504882809124 499.5260644531081 42.399558910618545 4400.0 4400.0 4400.0 0.0 0.0 0.0 0.0 0.0 1 0 1.0
204000.0 205000.0 2 1 116.89826780237667 4611.7456553329 392.3019602007078 485385.69480482116 529.0048828125 469.5249199218815 499.26490136719076 42.05868510468053 0.0 0.0 0.0 0.0 0.0 0.0 0.0 0.0 0 0 0.0
205000.0 206000.0 2 1 84.08593618939345 3570.689840378292 300.574128289102 360548.6346901942 513.10205078125 467.0771171874949 490.08958398437244 32.54454264780478 4400.0 4400.0 4400.0 0.0 128.0 128.0 128.0 0.0 1 1 1.0
206000.0 207000.0 2 1 136.7095536860673 5631.61310326768 495.80801320619923 604057.7359282973 512.634033203125 482.15594921875163 497.3949912109383 21.55125986292352 0.0 0.0 0.0 0.0 0.0 0.0 0.0 0.0 0 0 0.0
207000.0 208000.0 2 1 145.0261769375319 5866.766695778355 545.1127311530396 668877.0374648976 505.33203125 467.48296679687337 486.4074990234367 26.763330136372545 4400.0 4400.0 4400.0 0.0 128.0 128.0 128.0 0.0 1 1 1.0
208000.0 209000.0 2 1 113.62313604975307 4564.66983611396 426.45030390275997 520920.6649785184 501.3029785155959 493.60396874998696 497.45347363279143 5.444022013683529 0.0 0.0 0.0 0.0 0.0 0.0 0.0 0.0 0 0 0.0
209000.0 210000.0 2 1 108.88921922010523 4498.446760714351 410.1500462069656 502869.75327572145 498.206021484395 484.13330078125 491.1696611328225 9.950916238938165 4400.0 4400.0 4400.0 0.0 128.0 128.0 128.0 0.0 1 2 1.0
210000.0 211000.0 2 1 163.63085290108333 6630.160997354254 667.6082723651036 821700.9519969265 515.5376992187521 483.3049316406541 499.4213154297031 22.79200853088298 4400.0 4400.0 4400.0 0.0 0.0 0.0 0.0 0.0 1 0 0.0
211000.0 212000.0 2 1 156.98364689126072 6170.4462954664505 638.9482422429705 784582.0288346098 511.6930683593673 483.0749511719332 497.38400976565026 20.236064728025944 0.0 0.0 0.0 0.0 0.0 0.0 0.0 0.0 0 0 1.0
212000.0 213000.0 2 1 168.3921696650649 6495.63764494494 658.8164962359169 813846.4419809079 515.669048828131 482.4169921875 499.0430205078155 23.512754738989386 4400.0 4400.0 4400.0 0.0 128.0 128.0 128.0 0.0 1 1 0.0
213000.0 214000.0 2 1 172.16513406362853 6649.472819541367 673.8909185780751 832937.8669632436 513.7790078124963 482.35205078125 498.06552929687314 22.222214428852492 4400.0 4400.0 4400.0 0.0 128.0 128.0 128.0 0.0 1 1 1.0
214000.0 215000.0 2 1 138.63528853914 5431.981592285512 514.307680828482 629526.6387169149 513.0169492188143 482.112060546875 497.56450488284463 21.853056351743568 0.0 0.0 0.0 0.0 0.0 0.0 0.0 0.0 0 0 0.0
215000.0 216000.0 2 1 146.54402708880428 5758.173412577022 541.5313145083668 663394.7018466019 517.3919394531113 478.55908203125 497.97551074218063 27.45897681584845 4400.0 4400.0 4400.0 0.0 128.0 128.0 128.0 0.0 1 1 1.0
216000.0 217000.0 2 1 125.87221727251892 5114.038320455109 466.877868149674 571447.1500566825 521.3879179687647 478.455078125 499.92149804688233 30.358102189121993 0.0 0.0 0.0 0.0 0.0 0.0 0.0 0.0 0 0 0.0
217000.0 218000.0 2 1 113.36641325766928 4671.550778000951 417.53304652390375 511627.7707112788 512.0769218750065 465.158935546875 488.61792871094076 33.17602629223952 4400.0 4400.0 4400.0 0.0 128.0 128.0 128.0 0.0 1 1 1.0
218000.0 219000.0 2 1 125.11560540024556 5425.238105382712 481.16062812431517 588439.4645925722 533.271064453118 459.80126953125 496.536166992184 51.95099020163785 0.0 0.0 0.0 0.0 0.0 0.0 0.0 0.0 0 0 0.0
219000.0 220000.0 2 1 125.80058776312248 5224.8499437092405 473.4516903033725 580255.5619384809 535.4847304687719 450.5869140625 493.03582226563594 60.03182168880538 4400.0 4400.0 4400.0 0.0 128.0 128.0 128.0 0.0 1 1 1.0
220000.0 221000.0 2 1 141.15679841165894 5864.4605066202475 503.6671439351142 616561.5026785949 547.6400859375135 449.87890625 498.75949609375675 69.12759309383736 0.0 0.0 0.0 0.0 0.0 0.0 0.0 0.0 0 0 0.0
221000.0 222000.0 2 1 137.15684114586813 5627.788812295425 499.9754181341602 612751.5206644433 536.5760937499872 449.4619140625 493.0190039062436 61.59902719452559 4400.0 4400.0 4400.0 0.0 128.0 128.0 128.0 0.0 1 1 1.0
222000.0 223000.0 2 1 140.45086632281323 5411.2808086958685 513.9775107532496 631290.5754050622 548.666085937497 449.23095703125 498.9485214843735 70.31125393776573 0.0 0.0 0.0 0.0 0.0 0.0 0.0 0.0 0 0 0.0
223000.0 224000.0 2 1 111.025935662226 4541.044963017768 394.92229374382174 485346.7913682264 535.994042968814 445.326904296875 490.6604736328445 64.11134858570915 4400.0 4400.0 4400.0 0.0 128.0 128.0 128.0 0.0 1 1 1.0
224000.0 225000.0 2 1 112.04841168615499 4336.086416570593 469.71162610277065 577527.1629117941 551.4190957031678 443.708984375 497.5640400390839 76.16255012250545 0.0 0.0 0.0 0.0 0.0 0.0 0.0 0.0 0 0 0.0
225000.0 226000.0 1 1 39.168382639536716 1405.6484361343598 151.1568569469445 185047.98961000505 545.9780156250054 545.9780156250054 545.9780156250054 0.0 0.0 0.0 0.0 0.0 0.0 0.0 0.0 0.0 0 0 1.0
226000.0 227000.0 0 0 0.0 0.0 0.0 0.0 0.0 0.0 0.0 0.0 0.0 0.0 0.0 0.0 0.0 0.0 0.0 0.0 0 0 
227000.0 228000.0 1 1 71.71366042804814 3092.785400102166 309.33205766725246 376650.31292294565 533.529296875 533.529296875 533.529296875 0.0 4400.0 4400.0 4400.0 0.0 128.0 128.0 128.0 0.0 1 2 1.0
228000.0 229000.0 2 1 141.05871791307462 5666.791077670046 599.724829685304 734689.5374858349 531.7380371093459 463.3927031249914 497.56537011716864 48.32744912279647 4400.0 4400.0 4400.0 0.0 0.0 0.0 0.0 0.0 1 0 0.0
229000.0 230000.0 2 1 155.29430017175648 6019.869273283808 634.6685268340996 782905.4189532243 527.6872558593459 467.3079628906271 497.4976093749865 42.69460750143029 0.0 0.0 0.0 0.0 0.0 0.0 0.0 0.0 0 0 1.0
230000.0 231000.0 2 1 156.40242611042964 5842.620735455862 663.2337832909642 819033.5852985238 520.25927734375 447.1647441406385 483.71201074219425 51.68564009558539 4400.0 4400.0 4400.0 0.0 128.0 128.0 128.0 0.0 1 1 0.0
231000.0 232000.0 2 1 139.88370927869477 5300.974605553512 610.5499042858214 749749.2494908702 518.77490234375 477.0137226562365 497.89431249999325 29.529613347390704 4400.0 4400.0 4400.0 0.0 128.0 128.0 128.0 0.0 1 1 1.0
232000.0 233000.0 2 1 133.78681799424095 5059.051306380428 554.2530415919559 685169.735835687 517.533935546875 480.24209765624255 498.8880166015588 26.36931145537564 0.0 0.0 0.0 0.0 0.0 0.0 0.0 0.0 0 0 0.0
233000.0 234000.0 2 1 134.90120713446902 5111.058696502963 582.2951346478709 714022.373534624 511.1040039062791 467.3970644531655 489.2505341797223 30.905473272206475 4400.0 4400.0 4400.0 0.0 128.0 128.0 128.0 0.0 1 1 1.0
234000.0 235000.0 2 1 106.09807178899135 4086.9652586893053 452.65439633808245 552360.8459390649 507.094970703125 487.6099960937572 497.3524833984411 13.777957677531658 0.0 0.0 0.0 0.0 0.0 0.0 0.0 0.0 0 0 0.0
235000.0 236000.0 2 1 102.06109230849542 3964.3989737922807 419.30113912242354 514152.93929293146 505.587890625 467.65002929687034 486.6189599609352 26.82611900883536 6500.0 6500.0 6500.0 0.0 128.0 128.0 128.0 0.0 1 1 1.0
236000.0 237000.0 2 1 158.05025602654933 6047.842862303582 643.8960987964534 795464.1152503334 505.56005859375 494.3881093749951 499.97408398437256 7.899761051653334 0.0 0.0 0.0 0.0 0.0 0.0 0.0 0.0 0 0 0.0
237000.0 238000.0 2 1 161.9063143977848 6199.740334405391 649.3000615824516 803913.3326717487 504.81201171875 492.4259414062544 498.6189765625022 8.758274310219003 6500.0 6500.0 6500.0 0.0 128.0 128.0 128.0 0.0 1 1 1.0
238000.0 239000.0 2 1 160.4660798777946 6161.4258788682 645.7757367723646 799046.1394264644 500.423095703125 495.0859882812365 497.75454199218075 3.7739048499384134 0.0 0.0 0.0 0.0 0.0 0.0 0.0 0.0 0 0 0.0
239000.0 240000.0 2 1 160.07066567617488 6216.510694892866 628.2667629042235 777034.9717726076 499.69091796875 499.1119042968785 499.40141113281425 0.4094244937800655 6500.0 6500.0 6500.0 0.0 128.0 128.0 128.0 0.0 1 1 1.0
240000.0 241000.0 2 1 160.96193809909278 6378.77032525275 619.4312461189603 764813.0169820855 497.632080078125 496.79408203123603 497.2130810546805 0.592554101576273 0.0 0.0 0.0 0.0 0.0 0.0 0.0 0.0 0 0 0.0
241000.0 242000.0 2 1 154.6793868330328 6167.177370082804 597.1683624293354 737786.3061689788 501.2569199218997 495.435302734375 498.34611132813734 4.116504990770858 4400.0 4400.0 4400.0 0.0 128.0 128.0 128.0 0.0 1 1 1.0
242000.0 243000.0 2 1 145.97765271565913 5690.149220952753 549.463204341168 678492.6744501055 498.19669726560824 495.205078125 496.7008876953041 2.1153941810515553 0.0 0.0 0.0 0.0 0.0 0.0 0.0 0.0 0 0 0.0
243000.0 244000.0 2 1 159.3835897351305 6146.842958387837 604.2280416799908 746033.5990294976 497.35892187501304 462.325927734375 479.842424804694 24.772067722113743 4400.0 4400.0 4400.0 0.0 128.0 128.0 128.0 0.0 1 1 1.0
244000.0 245000.0 2 1 125.8979302608152 5302.585584703554 455.9023908838783 555814.8719957756 536.1510722656385 460.64404296875 498.39755761719425 53.391532443081175 0.0 0.0 0.0 0.0 0.0 0.0 0.0 0.0 0 0 0.0
245000.0 246000.0 2 1 123.22029964173265 5144.463577891864 429.02736179672866 523127.1029465824 525.0149570312351 457.239990234375 491.12747363280505 47.92413861675288 4400.0 4400.0 4400.0 0.0 128.0 128.0 128.0 0.0 1 1 1.0
246000.0 247000.0 2 1 134.79309619320978 5497.299160855513 495.7767135862731 605468.3568280604 537.8860097656143 455.8579101563082 496.87195996096125 58.00262548158592 0.0 0.0 0.0 0.0 0.0 0.0 0.0 0.0 0 0 0.0
247000.0 248000.0 2 1 103.47367808869811 4242.684846115225 386.0991256261913 469591.9144521632 533.6770898437244 446.006103515625 489.8415966796747 61.992748945912176 3000.0 3000.0 3000.0 0.0 128.0 128.0 128.0 0.0 1 1 1.0
248000.0 249000.0 2 1 86.35763952619553 3502.5156457221383 334.41007196026067 406932.47912444593 551.4338964843773 442.719970703125 497.07693359375116 76.87235412933455 0.0 0.0 0.0 0.0 0.0 0.0 0.0 0.0 0 0 0.0
249000.0 250000.0 2 1 102.13079103178282 4128.964709953956 386.3764989365014 473961.10326782905 553.6410292968503 428.229248046875 490.93513867186266 88.67952096254146 3000.0 3000.0 3000.0 0.0 128.0 128.0 128.0 0.0 1 1 1.0
250000.0 251000.0 2 1 103.59837225381352 4238.26517504456 386.60332400260256 472389.7683288448 571.0017519531539 427.5258789063082 499.26381542973104 101.45276276808477 0.0 0.0 0.0 0.0 0.0 0.0 0.0 0.0 0 0 0.0
251000.0 252000.0 2 1 78.66831837868949 3281.98671322135 267.8672934644991 325907.7418174084 567.0011210936937 427.305908203125 497.1535146484093 98.7794323342195 3000.0 3000.0 3000.0 0.0 128.0 128.0 128.0 0.0 1 1 1.0
252000.0 253000.0 1 1 90.16398813564362 3511.259613915286 342.39489165434287 422888.50673336233 567.9520917968475 567.9520917968475 567.9520917968475 0.0 0.0 0.0 0.0 0.0 0.0 0.0 0.0 0.0 0 0 0.0
253000.0 254000.0 1 1 72.09570558060204 3216.5365534219713 285.1785687410481 348354.7004356708 533.927978515625 533.927978515625 533.927978515625 0.0 3000.0 3000.0 3000.0 0.0 128.0 128.0 128.0 0.0 1 1 1.0
254000.0 255000.0 2 1 157.58234630417567 6496.779873412792 622.2146471191427 765557.8433102566 530.214111328125 465.8580214843969 498.03606640626094 45.50662753915085 3000.0 3000.0 3000.0 0.0 128.0 128.0 128.0 0.0 1 1 0.0
255000.0 256000.0 2 1 168.68348813646887 6737.963187822792 650.4356958969315 798075.0120040216 527.968017578125 466.6178886718699 497.29295312499744 43.381092176281825 3000.0 3000.0 3000.0 0.0 128.0 128.0 128.0 0.0 1 1 1.0
256000.0 257000.0 2 1 88.33931113505638 3557.8890589420416 331.211673684476 403560.11726680305 525.322021484375 467.8299824218848 496.5760019531299 40.65301068532872 0.0 0.0 0.0 0.0 0.0 0.0 0.0 0.0 0 0 0.0
257000.0 258000.0 2 1 87.53161152409743 3644.3712515122056 366.083295129116 446276.99896612833 504.406982421875 467.3459785156301 485.87648046875256 26.20608717968688 8000.0 8000.0 8000.0 0.0 128.0 128.0 128.0 0.0 2 1 1.0
258000.0 259000.0 2 1 163.99448670830964 6361.978291710107 685.8660581579913 847259.7514280018 503.9008789063082 494.71401757810963 499.3074482422089 6.496091942989665 0.0 0.0 0.0 0.0 0.0 0.0 0.0 0.0 0 0 0.0
259000.0 260000.0 2 1 177.015923357831 6791.8682164264355 698.8220654531165 868778.5500740245 502.510986328125 495.6901210937649 499.10055371094495 4.823080060775595 8000.0 8000.0 8000.0 0.0 128.0 128.0 128.0 0.0 1 1 1.0
260000.0 261000.0 2 1 173.86237624497252 6648.352353601353 693.129184904697 861741.5128732424 500.3701171875 494.14501367189223 497.2575654296961 4.401812909474471 0.0 0.0 0.0 0.0 0.0 0.0 0.0 0.0 0 0 0.0
261000.0 262000.0 2 1 168.02857189979136 6339.118128707723 699.111230080636 869752.2975973671 500.159912109375 499.14688281249255 499.6533974609338 0.716319885366221 0.0 0.0 0.0 0.0 0.0 0.0 0.0 0.0 0 0 1.0
262000.0 263000.0 2 1 172.21891294585134 6578.761767309716 705.348752678961 876952.1759157599 498.8579101563082 498.5300878906273 498.69399902346777 0.2318053470868878 6500.0 6500.0 6500.0 0.0 128.0 128.0 128.0 0.0 1 1 0.0
263000.0 264000.0 2 1 174.31313545049835 6713.299301450681 693.80009389697 858753.6081606005 500.484089843696 497.654052734375 499.0690712890355 2.001138431010442 0.0 0.0 0.0 0.0 0.0 0.0 0.0 0.0 0 0 1.0
264000.0 265000.0 2 1 186.81887009342933 7345.387053966916 705.8977727502333 872586.9722594667 501.6289472656208 496.8291015625 499.2290244140604 3.3940034453258363 6500.0 6500.0 6500.0 0.0 128.0 128.0 128.0 0.0 1 1 0.0
265000.0 266000.0 2 1 175.64282092541873 6987.047357489159 650.5139447171043 802150.8575667308 501.82489843748044 496.43310546875 499.1290019531152 3.8125733709432423 6500.0 6500.0 6500.0 0.0 128.0 128.0 128.0 0.0 1 1 1.0
266000.0 267000.0 2 1 186.5829870408299 7673.351889686623 659.9804525069824 813330.7892480793 501.55989453126676 494.323974609375 497.9419345703209 5.1165680448924995 0.0 0.0 0.0 0.0 0.0 0.0 0.0 0.0 0 0 0.0
267000.0 268000.0 2 1 211.5782024601557 8981.08442353992 695.1221919194613 859315.8083739979 505.53502539062174 492.087890625 498.81145800781087 9.508560180300508 0.0 0.0 0.0 0.0 0.0 0.0 0.0 0.0 0 0 1.0
268000.0 269000.0 2 1 199.64470678889984 8289.031807204776 682.4874049855155 844604.3516477102 504.59810937498696 491.501953125 498.0500312499935 9.260380891844367 6500.0 6500.0 6500.0 0.0 128.0 128.0 128.0 0.0 1 1 0.0
269000.0 270000.0 2 1 199.88094746886514 7994.436486498327 732.3769986037665 905796.518421725 506.6090468749753 488.56689453125 497.58797070311266 12.757728269448936 0.0 0.0 0.0 0.0 0.0 0.0 0.0 0.0 0 0 1.0
270000.0 271000.0 2 1 210.38908531168107 8536.694969903083 728.6350628893736 898393.5669084368 511.0911054687458 487.501953125 499.2965292968729 16.680049584705202 6500.0 6500.0 6500.0 0.0 128.0 128.0 128.0 0.0 1 1 0.0
271000.0 272000.0 2 1 201.18674994615867 8180.95027302643 719.492204957906 890449.5453219841 512.0210468749865 487.222900390625 499.62197363280575 17.534937539949357 0.0 0.0 0.0 0.0 0.0 0.0 0.0 0.0 0 0 1.0
272000.0 273000.0 2 1 196.16821695384107 7994.567993897734 728.6585144877286 903013.2244985382 511.5840996093466 487.19189453125 499.3879970702983 17.24789361881504 6500.0 6500.0 6500.0 0.0 128.0 128.0 128.0 0.0 1 1 0.0
273000.0 274000.0 2 1 196.969992706992 8103.706046842942 703.9887385366553 867393.2292083092 509.3101054687286 487.136962890625 498.2235341796768 15.678779477193208 6500.0 6500.0 6500.0 0.0 128.0 128.0 128.0 0.0 1 1 1.0
274000.0 275000.0 2 1 196.05483107807538 8023.593606225586 705.0111666691557 867709.5665624922 509.8610371093964 486.2373046875 498.0491708984482 16.70450139245946 0.0 0.0 0.0 0.0 0.0 0.0 0.0 0.0 0 0 0.0
275000.0 276000.0 2 1 184.3407683468065 7533.109323331635 641.5453194185756 790401.420715621 508.082695312507 485.7060546875 496.8943750000035 15.822674326116823 6500.0 6500.0 6500.0 0.0 128.0 128.0 128.0 0.0 1 1 1.0
276000.0 277000.0 2 1 170.10826459225672 6931.664600973573 603.087536272948 741063.4644168743 500.2379453125177 484.64404296875 492.44099414063385 11.026554092438934 0.0 0.0 0.0 0.0 0.0 0.0 0.0 0.0 0 0 0.0
277000.0 278000.0 2 1 191.50898365333347 7651.022278115184 730.358528051788 903158.9489675029 514.5979570312775 483.916015625 499.25698632813874 21.69540882834712 0.0 0.0 0.0 0.0 0.0 0.0 0.0 0.0 0 0 1.0
278000.0 279000.0 2 1 188.70293002173975 7408.796887297241 731.7102294084432 907123.7261807964 515.8959843749763 482.10888671875 499.0024355468631 23.89108586932969 6500.0 6500.0 6500.0 0.0 128.0 128.0 128.0 0.0 1 1 0.0
279000.0 280000.0 2 1 166.7557733238621 6140.637017683057 614.9326680812765 764098.4416698585 515.7761132812593 379.7710000000079 447.7735566406336 96.17013787721744 0.0 0.0 0.0 0.0 0.0 0.0 0.0 0.0 0 0 1.0
280000.0 281000.0 0 0 0.0 0.0 0.0 0.0 0.0 0.0 0.0 0.0 0.0 0.0 0.0 0.0 0.0 0.0 0.0 0.0 0 0 
281000.0 282000.0 1 1 71.8220053361813 3111.929574491557 306.04750035044424 373230.55452106846 533.8701171875 533.8701171875 533.8701171875 0.0 6500.0 6500.0 6500.0 0.0 128.0 128.0 128.0 0.0 1 2 1.0
282000.0 283000.0 2 1 163.41392489362545 6418.487016594492 661.9039102874823 817999.8965591169 532.6000976563082 462.1838828125037 497.39199023440597 49.791783021542976 0.0 0.0 0.0 0.0 0.0 0.0 0.0 0.0 0 0 0.0
283000.0 284000.0 2 1 169.4940088661688 6525.255188173309 649.5829314159159 803616.2952446479 531.5029296875 466.98590234376024 499.2444160156301 45.62042753675629 4400.0 4400.0 4400.0 0.0 0.0 0.0 0.0 0.0 1 0 1.0
284000.0 285000.0 2 1 171.2792751579497 7097.790552482522 624.5039469299634 765181.9210348759 530.780029296875 462.63807031250326 496.70904980468913 48.18364128118485 0.0 0.0 0.0 0.0 0.0 0.0 0.0 0.0 0 0 0.0
285000.0 286000.0 2 1 192.29595179261653 8022.064529232755 693.8423135768408 856743.9043465671 528.289306640625 467.62597070314223 497.9576386718836 42.89545621079166 4400.0 4400.0 4400.0 0.0 128.0 128.0 128.0 0.0 1 1 1.0
286000.0 287000.0 2 1 204.02265939534593 8251.0682114695 738.6808875246873 913494.6251402334 527.00390625 463.8016933593899 495.40279980469495 44.69071332094623 4400.0 4400.0 4400.0 0.0 128.0 128.0 128.0 0.0 1 1 0.0
287000.0 288000.0 2 1 195.29793961329284 7896.321910722298 719.9735135302624 885808.5617897883 521.87890625 472.8020937499823 497.34049999999115 34.70254691778323 4400.0 4400.0 4400.0 0.0 128.0 128.0 128.0 0.0 1 1 1.0
288000.0 289000.0 2 1 144.92523356802857 5637.25796779301 559.6689908772405 691815.3875060773 520.39404296875 475.8840937499772 498.1390683593636 31.47328692286313 0.0 0.0 0.0 0.0 0.0 0.0 0.0 0.0 0 0 0.0
289000.0 290000.0 2 1 132.94433066430983 5126.677093085516 538.3597384581167 664460.0224900595 505.2080078125 467.0709570312756 486.1394824218878 26.966967221859484 4400.0 4400.0 4400.0 0.0 128.0 128.0 128.0 0.0 1 1 1.0
290000.0 291000.0 2 1 111.28475663247673 4405.624005440255 427.860132546346 525551.6381699096 501.37109375 492.55699218751397 496.964042968757 6.232510984900816 0.0 0.0 0.0 0.0 0.0 0.0 0.0 0.0 0 0 0.0
291000.0 292000.0 2 1 104.77520204863877 4262.459449078354 412.9302426514187 503491.7072493187 501.333984375 493.05690625001444 497.1954453125072 5.852778070588126 4400.0 4400.0 4400.0 0.0 128.0 128.0 128.0 0.0 1 1 1.0
292000.0 293000.0 2 1 138.10592166028724 5747.690594005651 507.3109963557429 621507.2155338684 500.114990234375 493.5530156249879 496.83400292968145 4.64001674427157 0.0 0.0 0.0 0.0 0.0 0.0 0.0 0.0 0 0 0.0
293000.0 294000.0 2 1 146.70009288810803 6182.406113892331 529.7725020221942 648748.4948608519 495.1279296875 468.16600976564223 481.6469697265711 19.0649564105543 6500.0 6500.0 6500.0 0.0 128.0 128.0 128.0 0.0 1 1 1.0
294000.0 295000.0 2 1 178.11281192749007 7322.847902652533 683.4487408244994 837811.2205698774 502.7150703124935 491.1508789063082 496.93297460940084 8.177118162252803 0.0 0.0 0.0 0.0 0.0 0.0 0.0 0.0 0 0 0.0
295000.0 296000.0 2 1 162.1446745346575 6555.22050718297 615.644548151357 758006.8807296115 507.1861210936913 486.047119140625 496.61662011715816 14.947531628528871 4400.0 4400.0 4400.0 0.0 0.0 0.0 0.0 0.0 1 0 1.0
296000.0 297000.0 2 1 158.8768943124091 6743.54234175074 544.4452018219285 669770.9777108247 513.9158808593638 484.784912109375 499.3503964843694 20.5987055456505 0.0 0.0 0.0 0.0 128.0 128.0 128.0 0.0 0 1 0.0
297000.0 298000.0 2 1 187.184556899698 8142.660777989856 588.487255098237 723725.4520820074 506.4990878906101 479.673095703125 493.08609179686755 18.96884098782806 3000.0 3000.0 3000.0 0.0 128.0 128.0 128.0 0.0 1 1 1.0
298000.0 299000.0 2 1 108.53474908809311 4777.725813696208 340.23263614199226 412635.2182978986 518.7899042968638 478.6298828125 498.7098935546819 28.397423524191097 0.0 0.0 0.0 0.0 0.0 0.0 0.0 0.0 0 0 0.0
299000.0 300000.0 2 1 98.07500645730758 4349.529384040213 318.26863597467235 386227.16114456864 516.4441171875224 464.965087890625 490.7046025390737 36.40117070473706 3000.0 3000.0 3000.0 0.0 128.0 128.0 128.0 0.0 1 1 1.0
