ts te nbins ncons c_pkts_all c_ack_cnt c_ack_cnt_p c_bytes_all c_bytes_uniq s_pkts_all s_ack_cnt s_ack_cnt_p s_bytes_all s_bytes_uniq c_pkts_retx s_pkts_retx c_pkts_data s_pkts_data max_bin_duration min_bin_duration avg_bin_duration std_bin_duration max_video_rate min_video_rate avg_video_rate std_video_rate max_audio_rate min_audio_rate avg_audio_rate std_audio_rate video_reqs audio_reqs media_reqs
0.0 5000.0 0 0 0.0 0.0 0.0 0.0 0.0 0.0 0.0 0.0 0.0 0.0 0.0 0.0 0.0 0.0 0.0 0.0 0.0 0.0 0.0 0.0 0.0 0.0 0.0 0.0 0.0 0.0 0  
5000.0 10000.0 14 4 516.9102719400965 512.9102719400965 489.6469861796926 20813.38462397152 19141.38462397152 776.6731004695923 776.6731004695923 27.263285760403935 1132351.979503302 843579.0392685333 2.0 197.96067159626332 23.263285760403935 745.4098147091885 999.7789999999986 39.20599999999831 673.2145166015624 388.34176747684194 2300.0 480.0 1086.6666666666667 939.8439586796665 128.0 128.0 128.0 0.0 6 5.0 2.0
10000.0 15000.0 15 4 626.7357152241947 626.7357152241947 610.3004496634521 12918.076536753992 12918.076536753992 733.2304940251144 733.2304940251144 16.435265560742558 993341.7800868701 865849.8940307855 0.0 93.52206146863176 15.435265560742556 715.7952284643719 995.8750000000036 55.101318359367724 688.0412692708327 371.6509512558626 1500.0 480.0 735.0 472.1682508840012 128.0 128.0 128.0 0.0 8 7.0 3.0
15000.0 20000.0 9 2 528.9674320785036 528.9674320785036 520.5836009131716 6993.916303051626 6993.916303051626 799.4398569641361 799.4398569641361 8.383831165331989 1109601.216091282 1016813.677906622 0.0 65.71181298904284 8.383831165331989 791.0560257988042 998.8050000000003 40.840087890625 684.553979600694 371.4892862526569 1500.0 1500.0 1500.0 0.0 128.0 128.0 128.0 0.0 2 2.0 2.0
20000.0 25000.0 8 2 425.7105191516669 425.7105191516669 417.03682577608436 7232.99218871914 7232.99218871914 658.9344100909195 658.9344100909195 7.854802793453615 1045308.3490955747 965563.2678289996 0.0 56.899906856707176 8.67369337558264 651.0796072974658 999.4230000000025 191.3530000000028 668.8651137695306 353.19366343666894 1500.0 1500.0 1500.0 0.0 128.0 128.0 128.0 0.0 2 3.0 3.0
25000.0 30000.0 7 2 472.6760616055382 472.6760616055382 466.4321374675993 5208.630347503722 5208.630347503722 771.7221384502377 771.7221384502377 7.062814720067906 1355625.6752229715 1301336.1209650596 0.0 31.905547089354872 6.243924137938881 764.6593237301697 948.7830000000031 6.218060546882043 371.76900027901866 315.6496751936407 2300.0 1500.0 1766.6666666666667 461.8802153517006 128.0 128.0 128.0 0.0 3 2.0 2.0
30000.0 35000.0 6 3 698.0 698.0 689.0 7496.0 7496.0 878.0 878.0 9.0 1420000.0 1386400.0 0.0 20.0 9.0 869.0 999.913999999997 36.10100000000239 557.1006666666666 458.8590910537417 3000.0 2300.0 2825.0 350.0 128.0 128.0 128.0 0.0 4 2.0 3.0
35000.0 40000.0 7 2 836.0294595036693 836.0294595036693 828.837580479685 6001.340799667088 6001.340799667088 1340.9593951199213 1340.9593951199213 7.0 2287392.245468902 2257992.245468902 0.0 20.0 7.191879023984254 1333.9593951199213 998.4499999999971 191.77099609375 714.5844280133917 333.2585009093762 3000.0 3000.0 3000.0 0.0 128.0 128.0 128.0 0.0 2 3.0 2.0
40000.0 45000.0 9 2 922.1974089897632 922.1974089897632 912.6394822840869 7978.698608431209 7978.698608431209 1445.0069914227663 1445.0069914227663 9.74980572966072 2430090.8981927214 2405156.3651662813 0.0 15.709083141524717 9.557926705676467 1435.2571856931054 999.8779999999897 94.123291015625 767.1128229166635 376.87175192802215 3000.0 3000.0 3000.0 0.0 128.0 128.0 128.0 0.0 4 4.0 3.0
45000.0 50000.0 9 3 915.5101700808465 915.5101700808465 907.1652376134432 6963.645913494178 6963.645913494178 1503.1812271258955 1503.1812271258955 8.344932467403275 2623833.1704325154 2543841.368700059 0.0 51.23829882911523 8.344932467403275 1494.8362946584923 999.3450000000012 28.29899999999907 489.00139257812566 450.07204174684887 4400.0 4400.0 4400.0 0.0 128.0 128.0 128.0 0.0 3 2.0 2.0
50000.0 55000.0 9 2 1026.1089613638235 1026.1089613638235 1018.1000929400403 6673.551453160739 6673.551453160739 1537.6788541309875 1537.6788541309875 7.455075561771249 2751836.4232544135 2642272.6594749372 0.0 75.25983127105415 8.008868423783053 1530.2237785692162 999.8390000000072 79.656005859375 590.1263535156241 455.4890462227588 4400.0 4400.0 4400.0 0.0 128.0 128.0 128.0 0.0 3 3.0 3.0
55000.0 60000.0 10 3 1331.6834850033729 1331.6834850033729 1323.6865415554207 6672.21978235007 6672.21978235007 2104.5851961666544 2104.5851961666544 8.550736309963895 3603857.3893749136 3535821.327142735 0.0 46.597187308699006 7.99694344795209 2096.034459856691 999.8929999999964 29.043000000005122 528.2368845703124 473.52203581397754 6500.0 6500.0 6500.0 0.0 128.0 128.0 128.0 0.0 3 2.0 2.0
60000.0 65000.0 8 2 1372.5616339057663 1372.5616339057663 1365.564178516774 5823.064038357094 5823.064038357094 2078.9882517185647 2078.9882517185647 6.997455388992286 3533072.1040442227 3446712.226610233 0.0 60.68562673856401 6.997455388992286 2071.9907963295723 999.8029999999999 27.672999999995227 680.2252519531266 435.2742477130408 6500.0 4400.0 5100.0 1212.4355652982142 128.0 128.0 128.0 0.0 3 2.0 3.0
65000.0 70000.0 9 2 1138.9927312875889 1138.9927312875889 1130.9788504403166 6696.456924047683 6696.456924047683 1751.6978879411904 1751.6978879411904 8.013880847272429 3076840.6147241388 3042526.6529286793 0.0 23.509972711042884 8.013880847272429 1743.6840070939181 999.3790000000008 54.17529296876455 588.3409238281262 463.2744227302477 4400.0 4400.0 4400.0 0.0 128.0 128.0 128.0 0.0 2 3.0 2.0
70000.0 75000.0 7 2 917.9161498651695 917.9161498651695 910.0280361702332 6573.02248049194 6573.02248049194 1385.9021963740201 1385.9021963740201 7.888113694936148 2460361.1545081725 2409961.1545081725 0.0 35.0 7.888113694936148 1378.014082679084 999.9579999999987 138.23199999998906 704.2168152901764 391.3209334467618 4400.0 4400.0 4400.0 0.0 128.0 128.0 128.0 0.0 3 2.0 3.0
75000.0 80000.0 8 2 1183.992716928909 1183.992716928909 1176.992716928909 5844.0 5844.0 1845.8994904971983 1845.8994904971983 7.0 3193074.077261668 3100300.5399537836 0.0 62.88807965876768 7.0 1838.8994904971983 999.8709999999992 88.90799999999581 660.2448728027321 421.5878211429644 4400.0 4400.0 4400.0 0.0 128.0 128.0 128.0 0.0 2 3.0 2.0
80000.0 85000.0 8 2 955.9237476469441 955.9237476469441 948.361787016794 6301.989283654717 6301.989283654717 1475.884422900756 1475.884422900756 7.561960630150081 2526235.2782030418 2433809.6627489342 0.0 62.66525105378369 7.561960630150081 1468.3224622706057 999.5289999999804 121.12600000000384 671.7908876953024 399.6551558602833 4400.0 4400.0 4400.0 0.0 128.0 128.0 128.0 0.0 3 2.0 3.0
85000.0 90000.0 9 2 1244.6498949881823 1244.6498949881823 1237.2118556183323 6208.010716345283 6208.010716345283 1857.9578253069344 1857.9578253069344 7.438039369849919 3177081.4134346927 3021376.375523462 0.0 103.62719474160673 7.438039369849919 1850.5197859370844 998.4429999999993 141.5509999999922 702.8134357638968 339.305383044751 4400.0 4400.0 4400.0 0.0 128.0 128.0 128.0 0.0 2 3.0 2.0
90000.0 95000.0 9 2 1405.8213428960662 1405.8213428960662 1396.468700629481 7799.045723532228 6979.045723532228 2160.1520605488518 2160.1520605488518 9.352642266585113 3873100.5585887483 3673745.050088752 1.0 132.17211681242702 9.352642266585113 2150.7994182822667 999.1009999999951 175.884033203125 758.2402252604193 332.18232231011615 4400.0 4400.0 4400.0 0.0 128.0 128.0 128.0 0.0 4 3.0 3.0
95000.0 100000.0 9 2 1098.5171164158446 1098.5171164158446 1089.7005459850966 7351.708688280827 7351.708688280827 1662.3482703435166 1662.3482703435166 8.816570430747882 2869473.0064414814 2763071.5234045708 0.0 71.00105931207884 8.816570430747882 1653.5316999127685 998.7010000000009 90.52700000000186 601.2588810763926 426.4160782842422 4400.0 4400.0 4400.0 0.0 128.0 128.0 128.0 0.0 2 3.0 2.0
100000.0 105000.0 9 3 996.165441562815 996.165441562815 988.2330231568935 5770.818977127195 5770.818977127195 1530.5810118459447 1530.5810118459447 6.93241840592146 2710473.245932568 2632988.025608022 0.0 54.865871660389494 6.93241840592146 1521.6485934400232 999.1909999999916 101.56494140623545 665.8666642795077 371.7902979575031 4400.0 4400.0 4400.0 0.0 128.0 128.0 128.0 0.0 3 2.0 3.0
105000.0 110000.0 9 2 1074.3146649925518 1074.3146649925518 1066.257119252245 6732.702568059065 6732.702568059065 1655.5103967106834 1655.5103967106834 7.977957318526121 2808090.8508188333 2723284.0154485805 0.0 60.5763109787523 8.057545740306695 1647.5324393921571 999.6149999999907 78.89990234375 585.7023289930593 446.72612531153834 4400.0 4400.0 4400.0 0.0 128.0 128.0 128.0 0.0 2 3.0 2.0
110000.0 115000.0 7 2 1106.9102756443824 1106.9102756443824 1099.2188111839532 6409.606966616643 6409.606966616643 1681.870701177675 1681.870701177675 7.771052882209749 2920426.85170359 2733941.0896085175 0.0 126.20411578219425 7.691464460429174 1674.0996482954654 998.7680000000109 183.38899999999558 799.7260080915169 305.66493096946385 4400.0 4400.0 4400.0 0.0 128.0 128.0 128.0 0.0 3 2.0 3.0
115000.0 120000.0 9 2 1269.3958161788662 1269.3958161788662 1262.2464574828564 5968.117076384042 5968.117076384042 1884.69437545456 1884.69437545456 7.149358696009678 3296254.044875904 3121119.94936293 0.0 122.21965789446054 7.149358696009678 1877.5450167585502 999.8839999999909 74.64604101562873 657.5156677517355 394.23890925649175 4400.0 4400.0 4400.0 0.0 128.0 128.0 128.0 0.0 2 3.0 2.0
120000.0 125000.0 8 2 905.4760340626797 905.4760340626797 898.0250053834511 6202.86409055205 6202.86409055205 1387.9795938878135 1387.9795938878135 7.451028679228631 2311402.681869419 2131131.4145149114 0.0 124.99680097319755 7.451028679228631 1380.528565208585 999.2740000000049 78.31603124999674 717.9378749999996 345.92376805479023 4400.0 4400.0 4400.0 0.0 128.0 128.0 128.0 0.0 2 2.0 3.0
125000.0 130000.0 9 2 1267.7049384654179 1267.7049384654179 1259.9825289998 6449.355188221996 6449.355188221996 1955.8688926964373 1955.8688926964373 7.548971320771369 3288312.4207576346 3212724.4630000517 0.0 51.171046291113086 7.722409465617767 1948.3199213756661 999.7729999999865 150.83600000001024 662.4760106336778 404.1947086352515 4400.0 4400.0 4400.0 0.0 128.0 128.0 128.0 0.0 3 3.0 2.0
130000.0 135000.0 8 2 1054.9854234662664 1054.9854234662664 1048.0467509712157 5776.177880019315 5776.177880019315 1599.7207381014737 1599.7207381014737 7.112110639897104 2779177.5833650315 2634808.580552257 0.0 100.18204379978826 6.938672495050706 1592.6086274615768 999.310999999987 112.0712890625 715.853778076169 346.77882463134495 4400.0 4400.0 4400.0 0.0 128.0 128.0 128.0 0.0 3 2.0 3.0
135000.0 140000.0 10 2 1492.5873506495536 1492.5873506495536 1482.5081938073688 8430.442176513865 8430.442176513865 2298.617255367767 2298.617255367767 9.887889360102896 3984046.188535813 3890880.865124163 0.0 66.57805593393248 10.079156842184881 2288.7293660076643 999.820000000007 159.05499999999302 717.8938828124985 358.8148963782544 4400.0 4400.0 4400.0 0.0 128.0 128.0 128.0 0.0 3 4.0 2.0
140000.0 145000.0 9 2 1144.8693041720558 1144.8693041720558 1137.6387817701 6027.686811450152 6027.686811450152 1808.344971390422 1808.344971390422 7.421789884037536 3203843.1814203295 3148524.6879567467 0.0 37.513209616844925 7.230522401955552 1800.9231815063843 999.4230000000098 36.69091796875 612.0934205729152 416.5970729229431 6500.0 4400.0 5800.0 1212.4355652982142 128.0 128.0 128.0 0.0 3 3.0 3.0
145000.0 150000.0 8 2 1526.7767518775208 1526.7767518775208 1519.1985417615585 6325.47385324262 6325.47385324262 2432.3722675013737 2432.3722675013737 7.578210115962464 4221196.410610699 4101965.0651694876 0.0 83.92667531515096 7.578210115962464 2424.794057385411 999.9439999999886 85.05601562501397 682.7200087890633 399.45806322938256 6500.0 6500.0 6500.0 0.0 128.0 128.0 128.0 0.0 2 2.0 2.0
150000.0 155000.0 9 2 1527.0017392975858 1527.0017392975858 1518.8906944431371 6757.499767445821 6757.499767445821 2333.1649292207085 2333.1649292207085 8.111044854448718 4023311.346713699 3929246.4277283307 0.0 66.96713813779427 8.11104485444872 2325.05388436626 999.9890000000014 80.33699999999953 597.9587736545137 450.2172571599797 6500.0 6500.0 6500.0 0.0 128.0 128.0 128.0 0.0 3 3.0 3.0
155000.0 160000.0 8 2 1448.0425338777445 1448.0425338777445 1440.9608984152233 5912.617575956415 5912.617575956415 2248.7787626915933 2248.7787626915933 7.081635462521481 4011855.407670941 3871594.050191801 0.0 93.40877362256893 7.081635462521481 2241.6971272290716 999.5229999999865 92.66500000000815 671.1716215820343 426.6916498533404 6500.0 4400.0 5450.0 1484.9242404917497 128.0 128.0 128.0 0.0 2 2.0 2.0
160000.0 165000.0 7 2 1060.9527054990754 1060.9527054990754 1053.3852918567388 6306.520736781683 6306.520736781683 1626.6256383306763 1626.6256383306763 7.567413642336562 2775755.509535433 2708840.1402111948 0.0 46.796692374455766 7.567413642336562 1619.0582246883396 998.7630000000645 134.4200000000419 713.1260209263585 363.05074864759285 4400.0 4400.0 4400.0 0.0 128.0 128.0 128.0 0.0 3 2.0 3.0
165000.0 170000.0 9 2 1266.8236358872837 1266.8236358872837 1259.5837298465904 6043.36191981608 6043.36191981608 1924.0802437432596 1924.0802437432596 7.2399060406932385 3207444.3580341735 3090310.852089989 0.0 82.66678996013188 7.2399060406932385 1916.8403377025666 999.7770000000019 119.63394531249651 644.7833190104219 399.84091232277086 4400.0 4400.0 4400.0 0.0 128.0 128.0 128.0 0.0 2 3.0 2.0
170000.0 175000.0 8 2 981.7747978348943 981.7747978348943 974.0498316390373 6437.446908757207 6437.446908757207 1545.5588099565643 1545.5588099565643 7.724966195857047 2645550.6754345126 2523333.360247527 0.0 84.29808227641841 7.724966195857047 1537.8338437607072 999.7660000000033 127.50307421875186 707.2066440429735 374.86625429973407 4400.0 4400.0 4400.0 0.0 128.0 128.0 128.0 0.0 3 2.0 3.0
175000.0 180000.0 9 2 1178.6939356952862 1178.6939356952862 1171.4189018911434 6072.553091242793 6072.553091242793 1820.9767523334494 1820.9767523334494 7.275033804142953 3121613.330337986 2975235.82933692 0.0 97.18553548616885 7.275033804142953 1813.7017185293066 999.0979999999981 137.37292187500861 674.3076690538243 353.52907403350713 4400.0 4400.0 4400.0 0.0 128.0 128.0 128.0 0.0 2 3.0 2.0
180000.0 185000.0 9 2 960.3951624953376 960.3951624953376 952.3089759038188 6745.527674211669 6745.527674211669 1534.9800267557694 1534.9800267557694 8.08618659151865 2468653.284469655 2349129.1972254775 0.0 77.74417040329062 8.08618659151865 1526.8938401642506 997.6180000000168 95.72700000004261 680.9536933593918 403.34961284759703 4400.0 4400.0 4400.0 0.0 128.0 128.0 128.0 0.0 3 3.0 3.0
185000.0 190000.0 11 3 1632.3479042219253 1631.3479042219253 1620.2423872473923 9708.669249950657 9708.669249950657 2554.357569164238 2554.357569164238 11.91381340848135 4257896.292189056 4097566.4383117487 0.0 110.52132419807722 11.10551697453297 2541.4437557557567 999.9750000000058 114.36391015624395 586.9139660866508 382.79078763104894 4400.0 4400.0 4400.0 0.0 128.0 128.0 128.0 0.0 3 3.0 2.0
190000.0 195000.0 10 3 1201.7328106391217 1201.7328106391217 1192.1240975902822 7183.148866197237 7183.148866197237 1833.8465959970404 1833.8465959970404 8.893536476320822 3204415.4631231283 3137201.122307876 0.0 48.01024343946581 8.608713048839423 1823.9530595207195 998.7950000000419 92.97729492193321 549.8780361328332 431.4649475787574 6500.0 4400.0 5800.0 1212.4355652982142 128.0 128.0 128.0 0.0 3 3.0 3.0
195000.0 200000.0 9 2 1436.407167930815 1436.407167930815 1430.0729452544958 5281.404821344845 5281.404821344845 2363.718320723943 2363.718320723943 7.241102814889311 4088602.080109672 4039203.083194746 0.0 35.217678150770844 6.33422267631909 2356.4772179090537 998.6840000000084 21.38196679687826 600.0760666232641 448.20716792234765 6500.0 6500.0 6500.0 0.0 128.0 128.0 128.0 0.0 2 2.0 2.0
200000.0 205000.0 9 2 1591.711526399361 1591.711526399361 1584.782396474708 5782.341203007381 5782.341203007381 2428.4224587084614 2428.4224587084614 6.92912992465273 4035692.8264852767 3961439.6287701605 0.0 52.105318013545045 6.92912992465273 2421.4933287838085 999.7710000000079 52.053955078125 584.640999565981 446.6459984468626 6500.0 4400.0 5800.0 1212.4355652982142 128.0 128.0 128.0 0.0 3 3.0 3.0
205000.0 210000.0 9 2 1139.3864815100878 1139.3864815100878 1131.275913254036 6758.864912258285 6758.864912258285 1729.6011378573232 1729.6011378573232 7.936230784137138 2975801.1857473087 2898781.8986073127 0.0 54.01377652856874 8.110568256051867 1721.6649070731862 999.9239999999991 24.75204492188641 545.4202404513845 429.3865266298516 4400.0 4400.0 4400.0 0.0 128.0 128.0 128.0 0.0 2 2.0 2.0
210000.0 215000.0 8 2 971.5848613702769 971.5848613702769 964.6370097421677 5783.926495250092 5783.926495250092 1551.2484923969678 1551.2484923969678 7.122189100023953 2620618.7749821865 2565958.632823524 0.0 39.04295868475883 6.947851628109225 1544.1263032969437 999.8420000000042 90.02499999999418 637.483620117182 445.3142881519315 4400.0 4400.0 4400.0 0.0 128.0 128.0 128.0 0.0 3 2.0 3.0
215000.0 220000.0 9 2 1177.2342269542823 1177.2342269542823 1169.2648861267983 6658.171318336282 6658.171318336282 1844.482776789857 1844.482776789857 7.969340827483913 3101137.0396922063 2953820.6972210077 0.0 99.16626831955992 7.969340827483913 1836.513435962373 999.6080000000075 91.2438964844041 622.1863164062605 424.5443821913398 4400.0 4400.0 4400.0 0.0 128.0 128.0 128.0 0.0 2 3.0 2.0
220000.0 225000.0 8 2 1071.4027885755575 1071.4027885755575 1063.8180454978078 6321.928326812376 6321.928326812376 1544.2730873274345 1544.2730873274345 7.584743077749447 2714778.9928062805 2550008.3208471346 0.0 111.78217008782305 7.584743077749447 1536.688344249685 998.9860000000044 141.79899999999907 748.699381835937 331.1348795617023 4400.0 4400.0 4400.0 0.0 128.0 128.0 128.0 0.0 3 2.0 3.0
225000.0 230000.0 10 2 1120.834395720994 1120.834395720994 1113.5106687262514 6113.017132631173 6113.017132631173 1674.7120780221426 1674.7120780221426 7.323726994742687 2954548.080040456 2883081.30870148 0.0 48.654979999274396 7.323726994742687 1667.3883510274 999.8990000000631 83.43700000003446 712.7488929687621 401.41845111177827 4400.0 4400.0 4400.0 0.0 128.0 128.0 128.0 0.0 2 3.0 2.0
230000.0 235000.0 11 3 1375.5994876929174 1374.5994876929174 1362.8859009201994 10282.660538958336 10282.660538958336 2120.3253259410053 2120.3253259410053 12.713586772717882 3644941.9115189146 3578410.594507192 0.0 47.52236929408752 11.713586772717882 2106.611739168288 999.8509999999951 138.05900000003749 590.1162872869463 383.7001986117538 4400.0 4400.0 4400.0 0.0 128.0 128.0 128.0 0.0 3 3.0 3.0
235000.0 240000.0 10 3 1122.0704235641904 1122.0704235641904 1113.5933400680556 6234.689081500831 6234.689081500831 1714.5804928459204 1714.5804928459204 8.286413227282118 2981322.8310702727 2896553.340993327 0.0 57.54963576924705 7.477083496134762 1705.2940796186383 999.9739999999874 103.36100000000442 480.88810449218727 379.8107194665704 4400.0 4400.0 4400.0 0.0 128.0 128.0 128.0 0.0 3 3.0 2.0
240000.0 245000.0 8 2 1034.5562911339046 1034.5562911339046 1026.5038045692509 6721.400599717911 6721.400599717911 1604.525043415899 1604.525043415899 7.248986136281179 2746032.323008384 2665677.85178923 0.0 56.665336585109834 8.052486564653833 1597.2760572796178 999.6410000000033 117.16300000000047 661.1572583007801 360.34809799991797 4400.0 4400.0 4400.0 0.0 128.0 128.0 128.0 0.0 2 2.0 3.0
245000.0 250000.0 9 2 1146.9448852527269 1146.9448852527269 1140.1880420862333 5632.249779822921 5632.249779822921 1759.5896905098343 1759.5896905098343 7.751013863718821 2995660.54901681 2932045.018637691 0.0 43.439664556513605 6.756843166493523 1751.8386766461156 999.539999999979 5.715730468742549 566.1169754774245 452.67200431283436 4400.0 4400.0 4400.0 0.0 128.0 128.0 128.0 0.0 3 3.0 2.0
250000.0 255000.0 8 2 976.1025233213525 976.1025233213525 968.3192129204228 6485.930943172518 6485.930943172518 1444.7155639606754 1444.7155639606754 7.783310400929624 2546874.8660856495 2488559.820082615 0.0 41.653604287881635 7.783310400929624 1436.9322535597457 999.3570000000182 98.64500000001863 595.0678762207099 411.8798496247659 4400.0 4400.0 4400.0 0.0 128.0 128.0 128.0 0.0 2 2.0 3.0
255000.0 260000.0 9 2 1156.5439065177459 1156.5439065177459 1149.3272169186755 6024.069056827482 6024.069056827482 1768.61644563591 1768.61644563591 7.216689599070376 3051876.741945183 2998372.2416124367 0.0 37.61500020372195 7.216689599070376 1761.3997560368396 999.6039999999921 79.21705859375652 558.0704468316011 444.6429861660155 4400.0 4400.0 4400.0 0.0 128.0 128.0 128.0 0.0 3 3.0 2.0
260000.0 265000.0 8 2 1020.0878758653394 1020.0878758653394 1012.945514892542 5943.867939095469 5943.867939095469 1539.5591024734392 1539.5591024734392 7.142360972797469 2731955.8173191734 2695498.6533089215 0.0 26.093331469847687 7.142360972797469 1532.4167415006418 999.945000000007 140.4079999999958 631.7481245117306 403.3183400376469 4400.0 4400.0 4400.0 0.0 128.0 128.0 128.0 0.0 3 2.0 3.0
265000.0 270000.0 9 2 1026.9694927255548 1026.9694927255548 1018.9880071431777 6667.686236147647 6667.686236147647 1619.5438668152883 1619.5438668152883 7.981485582377063 2842043.180318662 2795447.763243705 0.0 33.15859421265209 7.981485582377063 1611.562381232911 999.1489999999758 102.09399999998277 587.7561104600641 450.7875906697527 4400.0 4400.0 4400.0 0.0 128.0 128.0 128.0 0.0 2 3.0 2.0
270000.0 275000.0 8 2 1027.1425425710754 1027.1425425710754 1019.2663891262498 6564.445824756884 6564.445824756884 1592.1376266373936 1592.1376266373936 6.9591936362781315 2666256.65359402 2615146.1974037723 0.0 35.631315262494255 7.8761534448254675 1585.1784330011155 999.9349999999977 83.0 668.1026308593719 421.82704779716556 4400.0 4400.0 4400.0 0.0 128.0 128.0 128.0 0.0 3 2.0 3.0
275000.0 280000.0 8 2 1122.5511031493857 1122.5511031493857 1115.5511031493857 5844.0 5844.0 1681.4830288601304 1681.4830288601304 7.916959808547337 2958562.9681975385 2833338.8066317597 0.0 88.11499356695737 7.0 1673.566069051583 998.9739999999874 142.98300000000745 652.1243730468777 369.4584980893529 4400.0 4400.0 4400.0 0.0 128.0 128.0 128.0 0.0 2 3.0 2.0
280000.0 285000.0 10 2 1457.267569335916 1457.267569335916 1447.2590478948682 8359.63904001272 8359.63904001272 2270.340282310151 2270.340282310151 10.008521441047984 3729585.7530502873 3612183.5150567414 0.0 82.90600611827503 10.008521441047984 2260.331760869103 998.7870000000112 115.67499999998836 661.4293357421935 347.08836071986354 4400.0 4400.0 4400.0 0.0 128.0 128.0 128.0 0.0 4 3.0 3.0
285000.0 290000.0 10 3 1226.5787798276572 1225.5787798276572 1216.5873012687052 7969.360959987281 7969.360959987281 1877.513275619919 1877.513275619919 9.991478558952018 3106254.5902690375 3000590.3679854358 0.0 75.47444448828732 8.991478558952018 1866.5217970609672 999.2739999999758 101.42099999997299 562.9134595703101 407.4122678077739 4400.0 4400.0 4400.0 0.0 128.0 128.0 128.0 0.0 2 3.0 2.0
290000.0 295000.0 9 3 1082.5106847076586 1082.5106847076586 1074.0508308229616 6217.1385781832305 6217.1385781832305 1705.980438440648 1705.980438440648 8.459853884697027 2966169.342181175 2737010.138123698 0.0 157.68514575534053 7.4598538846970275 1696.5205845559508 999.9270000000251 110.77799999999115 622.5135577257024 396.1255333629985 4400.0 4400.0 4400.0 0.0 128.0 128.0 128.0 0.0 3 2.0 3.0
295000.0 300000.0 9 2 1190.1880910602604 1190.1880910602604 1179.6479449449573 8812.86142181677 8812.86142181677 1743.721178619113 1743.721178619113 10.540146115302973 2993216.692981411 2887046.1962438514 0.0 73.45392624111348 10.540146115302973 1733.1810325038102 999.734999999986 24.177000000083353 712.0042237413387 383.10995798863485 4400.0 4400.0 4400.0 0.0 128.0 128.0 128.0 0.0 2 1.0 2.0
300000.0 305000.0 1 1 74.46884941663079 74.46884941663079 74.46884941663079 0.0 0.0 106.73868416383746 106.73868416383746 0.0 177755.3382520573 169541.19849822286 0.0 5.867242681310304 0.0 106.73868416383746 210.91202929685824 210.91202929685824 210.91202929685824 0.0 0.0 0.0 0.0 0.0 0.0 0.0 0.0 0.0 0 0.0 0.0
