ts te nbins ncons c_tcp_packs c_tcp_bytes c_udp_packs c_udp_bytes s_tcp_packs s_tcp_bytes s_udp_packs s_udp_bytes max_bins_span min_bins_span avg_bins_span std_bins_span max_video_rate min_video_rate avg_video_rate std_video_rate max_audio_rate min_audio_rate avg_audio_rate std_audio_rate video_requests audio_requests
0 10000 0 0 0 0 0 0 0 0 0 0 0 0 0 0 0 0 0 0 0 0 0 0 0 0
10000 20000 12 4 127 13274 0 0 222 270699 0 0 995 0 569 440 840 840 840 0 128 128 128 0 2 2
20000 30000 29 4 409 12296 0 0 605 864666 0 0 999 0 648 354 288 288 288 0 128 128 128 0 8 2
30000 40000 27 3 419 15129 0 0 549 724649 0 0 999 19 712 360 288 288 288 0 128 128 128 0 4 9
40000 50000 27 3 501 14860 0 0 637 851049 0 0 999 21 745 290 288 288 288 0 128 128 128 0 6 7
50000 60000 28 5 610 21595 0 0 813 1107525 0 0 998 27 694 362 3000 288 933 1174 128 128 128 0 9 7
60000 70000 24 4 557 14710 0 0 804 1096734 0 0 999 22 749 318 480 288 403 105 128 128 128 0 5 6
70000 80000 23 3 409 14732 0 0 534 706273 0 0 996 15 798 291 288 288 288 0 128 128 128 0 6 6
80000 90000 30 4 459 16412 0 0 616 816310 0 0 999 6 733 355 288 288 288 0 128 128 128 0 6 6
90000 100000 31 5 424 13381 0 0 575 762253 0 0 999 21 681 364 288 288 288 0 128 128 128 0 6 4
100000 110000 33 5 409 16533 0 0 543 710962 0 0 999 109 752 292 288 288 288 0 128 128 128 0 5 3
110000 120000 19 3 410 16542 0 0 567 751702 0 0 994 21 570 372 480 288 326 85 128 128 128 0 5 10
120000 130000 16 3 536 14003 0 0 827 1158023 0 0 958 53 421 318 1500 480 940 462 128 128 128 0 6 5
130000 140000 18 2 1035 12634 0 0 1437 2049105 0 0 999 123 791 299 1500 1500 1500 0 128 128 128 0 5 5
140000 150000 19 2 1017 12152 0 0 1543 2208694 0 0 999 15 577 406 1500 1500 1500 0 128 128 128 0 5 5
150000 160000 17 3 1440 14069 0 0 2213 3152317 0 0 999 16 781 354 2300 2300 2300 0 128 128 128 0 6 5
160000 170000 18 3 1407 13424 0 0 2241 3251423 0 0 999 11 623 392 2300 2300 2300 0 128 128 128 0 6 6
170000 180000 17 2 1449 13255 0 0 2255 3199029 0 0 999 45 792 287 2300 2300 2300 0 128 128 128 0 5 5
180000 190000 21 3 1397 11786 0 0 2274 3267169 0 0 999 7 669 413 2300 2300 2300 0 128 128 128 0 5 5
190000 200000 19 3 1329 13254 0 0 2004 2875998 0 0 999 172 860 219 2300 1500 1980 438 128 128 128 0 5 5
200000 210000 15 2 1385 13245 0 0 2143 3076282 0 0 999 37 752 345 2300 2300 2300 0 128 128 128 0 5 5
210000 220000 23 4 1400 15482 0 0 2261 3207202 0 0 999 67 568 375 2300 2300 2300 0 128 128 128 0 6 6
220000 230000 19 2 1453 12356 0 0 2252 3206106 0 0 999 15 717 351 2300 2300 2300 0 128 128 128 0 5 5
230000 240000 19 3 1395 12120 0 0 2156 3116476 0 0 998 21 715 356 2300 2300 2300 0 128 128 128 0 5 5
240000 250000 21 3 1505 13211 0 0 2306 3222903 0 0 999 5 859 240 2300 2300 2300 0 128 128 128 0 5 5
250000 260000 21 3 1485 13538 0 0 2239 3172105 0 0 999 54 597 403 2300 2300 2300 0 128 128 128 0 6 6
260000 270000 20 3 1276 11766 0 0 2094 2980796 0 0 999 36 580 373 2300 2300 2300 0 128 128 128 0 5 5
270000 280000 21 3 1445 13193 0 0 2293 3253595 0 0 999 22 661 349 2300 2300 2300 0 128 128 128 0 5 5
280000 290000 18 2 1309 12670 0 0 2037 2892791 0 0 999 21 750 356 2300 2300 2300 0 128 128 128 0 5 5
290000 300000 18 3 1470 13134 0 0 2163 3075681 0 0 999 90 732 334 2300 2300 2300 0 128 128 128 0 5 5
300000 310000 0 0 0 0 0 0 0 0 0 0 0 0 0 0 0 0 0 0 0 0 0 0 0 0
