ts te nbins ncons c_pkts_all c_ack_cnt c_ack_cnt_p c_bytes_all c_bytes_uniq s_pkts_all s_ack_cnt s_ack_cnt_p s_bytes_all s_bytes_uniq c_pkts_retx s_pkts_retx c_pkts_data s_pkts_data max_bin min_bin avg_bin std_bin max_vid min_vid avg_vid std_vid max_aud min_aud avg_aud std_aud num_vid num_aud num_mfs
0 10000 15 4 685 681 658 20837 20837 965 965 27 1511707 1372760 0 94 23 934 999 18 547 356 840 840 840 0 128 128 128 0 8 5.0 3.0
10000 20000 24 4 620 619 600 14708 14708 716 716 18 1057163 915798 0 100 17 697 976 34 653 308 840 288 445 269 128 128 128 0 7 5.0 5.0
20000 30000 13 3 635 635 615 16901 16901 862 862 20 1279451 1231225 0 34 20 841 998 28 506 327 1500 288 1078 504 128 128 128 0 6 10.0 5.0
30000 40000 20 3 929 929 914 12679 12679 1390 1390 15 2067890 2051043 0 11 15 1375 999 60 555 434 1500 1500 1500 0 128 128 128 0 5 5.0 5.0
40000 50000 17 2 967 967 951 13751 12931 1514 1514 16 2232298 2155909 1 55 16 1498 999 176 817 254 1500 1500 1500 0 128 128 128 0 5 5.0 5.0
50000 60000 18 3 997 997 981 13278 13278 1527 1527 15 2225683 2144248 0 58 15 1511 999 51 765 319 2300 1500 1766 413 128 128 128 0 6 5.0 5.0
60000 70000 18 3 1453 1453 1438 12859 12859 2182 2182 15 3173597 3038356 0 94 15 2167 999 147 763 294 2300 2300 2300 0 128 128 128 0 5 5.0 5.0
70000 80000 21 4 1333 1332 1313 15633 15633 2211 2211 19 3179417 3118796 0 43 18 2191 999 64 608 376 2300 2300 2300 0 128 128 128 0 6 6.0 5.0
80000 90000 21 4 1293 1293 1277 12528 12528 2128 2128 16 3038089 2903872 0 95 15 2111 999 56 577 391 2300 2300 2300 0 128 128 128 0 5 5.0 5.0
90000 100000 20 3 1459 1459 1444 12937 12937 2335 2335 15 3335781 3171981 0 117 15 2320 998 34 660 348 2300 2300 2300 0 128 128 128 0 5 5.0 5.0
100000 110000 19 2 1407 1407 1392 12535 12535 2280 2280 15 3247110 3162564 0 64 15 2265 999 44 808 298 2300 2300 2300 0 128 128 128 0 5 5.0 5.0
110000 120000 23 4 1393 1392 1372 15897 15897 2115 2115 20 2968450 2881993 0 60 18 2092 999 191 752 302 2300 2300 2300 0 128 128 128 0 5 5.0 5.0
120000 130000 22 4 1496 1494 1478 14566 14566 2380 2380 17 3346175 3090476 1 184 16 2359 999 30 591 365 2300 2300 2300 0 128 128 128 0 6 6.0 5.0
130000 140000 24 4 1427 1427 1412 12580 12580 2239 2239 15 3167884 3077012 0 65 15 2224 999 19 535 390 2300 2300 2300 0 128 128 128 0 5 5.0 5.0
140000 150000 19 3 1309 1309 1294 12916 12916 2228 2228 15 3116989 3055111 0 44 15 2212 999 15 780 281 2300 2300 2300 0 128 128 128 0 5 5.0 5.0
150000 160000 23 3 1507 1507 1492 12707 12707 2313 2313 15 3398546 3208873 0 132 15 2298 999 27 740 377 2300 2300 2300 0 128 128 128 0 5 5.0 5.0
160000 170000 18 3 1382 1382 1366 13665 13665 2141 2141 16 3129806 3021240 0 74 16 2125 998 24 732 334 2300 2300 2300 0 128 128 128 0 6 6.0 5.0
170000 180000 20 4 1393 1393 1376 12711 12711 2248 2248 15 3263780 3208807 0 39 15 2232 999 65 683 371 2300 2300 2300 0 128 128 128 0 5 5.0 5.0
180000 190000 20 3 1226 1226 1211 12221 12221 2025 2025 14 2912126 2790355 0 86 14 2010 998 64 579 394 2300 2300 2300 0 128 128 128 0 5 5.0 5.0
190000 200000 23 4 1392 1391 1374 15066 15066 2307 2307 18 3282045 3119865 0 117 17 2287 999 166 755 317 2300 2300 2300 0 128 128 128 0 5 5.0 5.0
200000 210000 22 3 1514 1514 1498 12829 12829 2099 2099 14 3107271 2944918 0 116 15 2084 999 23 695 372 2300 2300 2300 0 128 128 128 0 5 5.0 5.0
210000 220000 20 3 1644 1644 1628 13300 13300 2338 2338 16 3352083 3199323 0 106 15 2321 999 88 762 295 2300 2300 2300 0 128 128 128 0 6 6.0 5.0
220000 230000 18 3 1306 1306 1291 12664 12664 2181 2181 15 3119957 2977910 0 101 15 2166 999 55 622 388 2300 2300 2300 0 128 128 128 0 5 5.0 5.0
230000 240000 18 3 1367 1367 1351 12932 12932 2269 2269 15 3255373 3065007 0 136 15 2254 999 128 773 308 2300 2300 2300 0 128 128 128 0 5 5.0 5.0
240000 250000 21 4 1468 1468 1452 12595 12595 2294 2294 15 3238376 3010829 0 163 15 2278 999 47 681 341 2300 2300 2300 0 128 128 128 0 5 5.0 5.0
250000 260000 21 4 1525 1524 1507 15088 15088 2294 2294 18 3252641 3116340 0 97 17 2275 999 55 722 328 2300 2300 2300 0 128 128 128 0 6 6.0 5.0
260000 270000 22 5 1255 1254 1236 14863 14863 2085 2085 19 2934588 2864725 0 50 17 2063 999 0 620 365 2300 2300 2300 0 128 128 128 0 5 4.0 5.0
270000 280000 19 3 1273 1273 1257 13551 13551 2092 2092 16 2954513 2877987 0 54 16 2076 999 60 631 352 2300 2300 2300 0 128 128 128 0 5 6.0 5.0
280000 290000 18 3 1572 1572 1557 12475 12475 2220 2220 14 3207836 3070368 0 97 14 2205 999 168 805 247 2300 2300 2300 0 128 128 128 0 5 5.0 5.0
290000 300000 18 3 990 990 972 15070 15070 1537 1537 18 2166681 2106481 0 43 18 1519 999 3 705 362 2300 2300 2300 0 128 128 128 0 3 5.0 5.0
300000 310000 0 0 0 0 0 0 0 0 0 0 0 0 0 0 0 0 0 0 0 0 0 0 0 0 0 0 0 0 0  
