ts te nbins ncons c_pkts_all c_ack_cnt c_ack_cnt_p c_bytes_all c_bytes_uniq s_pkts_all s_ack_cnt s_ack_cnt_p s_bytes_all s_bytes_uniq c_pkts_retx s_pkts_retx c_pkts_data s_pkts_data max_bin min_bin avg_bin std_bin max_vid min_vid avg_vid std_vid max_aud min_aud avg_aud std_aud num_vid num_aud num_mfs
0 10000 11 4 422 418 391 23202 21347 560 560 43 879570 798987 3 51 27 513 997 24 677 299 480 480 480 0 128 128 128 0 7 7 2
10000 20000 18 4 702 702 680 17370 17370 1002 1002 39 1726189 1664187 0 41 20 961 998 118 596 303 1500 480 862 527 128 128 128 0 8 7 5
20000 30000 12 3 550 550 538 10144 10144 761 761 20 1323953 1299996 0 15 12 741 998 0 530 364 1500 1500 1500 0 128 128 128 0 4 4 5
30000 40000 23 4 1190 1189 1167 18762 18762 1656 1656 43 3104195 3064396 0 24 21 1611 999 103 673 326 1500 1500 1500 0 128 128 128 0 7 7 5
40000 50000 18 4 1030 1030 1012 14000 14000 1478 1478 28 2752524 2710884 0 26 16 1448 998 110 680 369 2300 1500 2166 326 128 128 128 0 6 5 5
50000 60000 16 2 1044 1044 1030 11823 11823 1541 1541 25 2973989 2945117 0 17 14 1516 999 161 717 355 2300 2300 2300 0 128 128 128 0 5 5 5
60000 70000 16 3 831 831 817 11806 11806 1148 1148 25 2145946 2033401 0 70 14 1123 999 118 773 311 1500 1500 1500 0 128 128 128 0 5 5 5
70000 80000 18 3 1076 1076 1059 14680 14680 1570 1570 29 3127810 3067425 0 39 17 1541 999 42 801 281 2300 1500 2033 413 128 128 128 0 6 6 5
80000 90000 13 2 647 647 633 11166 11166 961 961 24 1841559 1800424 0 25 13 937 999 7 650 371 2300 840 1424 799 128 128 128 0 5 4 5
90000 100000 14 3 645 645 626 15577 15577 918 918 29 1763160 1735600 0 18 18 888 999 0 603 345 2300 840 1083 596 128 128 128 0 6 6 5
100000 110000 16 2 1077 1077 1062 12496 12496 1510 1510 24 3011776 2981240 0 19 14 1485 999 159 699 373 2300 2300 2300 0 128 128 128 0 5 5 5
110000 120000 16 2 925 925 911 11866 11866 1311 1311 24 2482683 2391091 0 62 14 1287 999 45 704 383 2300 1500 1820 438 128 128 128 0 5 5 5
120000 130000 12 2 402 402 391 9158 9158 624 624 21 1160688 1144212 0 11 10 602 998 104 678 340 1500 1500 1500 0 128 128 128 0 3 3 5
130000 140000 24 4 999 998 977 17232 17232 1485 1485 42 2894320 2857368 0 24 20 1441 999 101 638 359 1500 1500 1500 0 128 128 128 0 7 7 5
140000 150000 18 3 916 916 899 14192 14192 1319 1319 30 2505582 2392752 0 78 17 1289 999 0 820 300 1500 1500 1500 0 128 128 128 0 6 6 5
150000 160000 15 2 747 747 730 13905 13905 1041 1041 25 2027223 1966597 0 35 16 1015 999 250 746 305 1500 1500 1500 0 128 128 128 0 5 5 5
160000 170000 17 2 1009 1009 992 14178 14178 1458 1458 29 2613013 2517010 0 66 16 1428 999 157 780 321 2300 1500 1633 326 128 128 128 0 6 6 5
170000 180000 16 2 1124 1124 1111 11127 11127 1589 1589 24 3031576 2988524 0 28 13 1565 999 164 699 374 2300 2300 2300 0 128 128 128 0 5 5 5
180000 190000 17 3 1099 1099 1082 13384 13384 1590 1590 26 2973157 2911026 0 39 16 1562 999 142 698 343 2300 2300 2300 0 128 128 128 0 5 5 5
190000 200000 14 2 870 870 857 10713 10713 1268 1268 20 2445100 2431586 0 10 12 1248 999 0 661 387 2300 1500 2140 357 128 128 128 0 5 4 5
200000 210000 19 3 987 986 965 17084 16335 1375 1375 35 2506426 2356295 1 91 19 1337 999 163 843 226 1500 1500 1500 0 128 128 128 0 5 6 5
210000 220000 19 3 969 968 950 15690 15690 1388 1388 33 2565095 2483719 0 52 18 1352 999 142 741 328 2300 1500 1633 326 128 128 128 0 6 6 5
220000 230000 17 3 1181 1181 1166 12510 12510 1616 1616 24 3049293 3017228 0 23 15 1591 999 0 663 369 2300 2300 2300 0 128 128 128 0 5 5 5
230000 240000 16 3 1371 1370 1352 15418 15418 2051 2051 29 3560478 2978143 0 378 17 2021 999 189 816 285 2300 2300 2300 0 128 128 128 0 5 5 5
240000 250000 17 3 947 947 932 12562 12562 1417 1417 26 2705976 2584997 0 74 15 1390 999 159 743 282 2300 1500 1980 438 128 128 128 0 5 5 5
250000 260000 20 3 946 946 929 14167 14167 1362 1362 29 2499347 2355547 0 95 16 1332 999 341 829 243 1500 1500 1500 0 128 128 128 0 6 6 5
260000 270000 14 3 724 724 712 10092 10092 1126 1126 22 2031770 2002342 0 20 12 1104 999 78 721 354 2300 1500 1900 461 128 128 128 0 4 4 5
270000 280000 17 3 949 949 931 14890 14890 1393 1393 33 2499216 2396353 0 63 17 1359 999 265 805 309 1500 1500 1500 0 128 128 128 0 6 6 5
280000 290000 16 2 811 811 796 12318 12318 1240 1240 26 2286984 2232338 0 31 14 1213 999 127 822 287 2300 1500 1820 438 128 128 128 0 5 5 5
290000 300000 14 2 534 534 522 9761 9761 792 792 22 1435106 1411963 0 12 11 770 996 0 532 350 1500 1500 1500 0 128 128 128 0 4 4 5
300000 310000 2 2 78 78 76 1379 1379 121 121 3 225343 216000 0 4 1 118 673 385 529 203 0 0 0 0 0 0 0 0 0 0 1
