ts te nbins ncons c_pkts_all c_ack_cnt c_ack_cnt_p c_bytes_all c_bytes_uniq s_pkts_all s_ack_cnt s_ack_cnt_p s_bytes_all s_bytes_uniq c_pkts_retx s_pkts_retx c_pkts_data s_pkts_data max_bin min_bin avg_bin std_bin max_vid min_vid avg_vid std_vid max_aud min_aud avg_aud std_aud num_vid num_aud num_mfs
0 2000 0 0 0 0 0 0 0 0 0 0 0 0 0 0 0 0 0 0 0 0 0 0 0 0 0 0 0 0 0  
2000 4000 0 0 0 0 0 0 0 0 0 0 0 0 0 0 0 0 0 0 0 0 0 0 0 0 0 0 0 0 0  
4000 6000 1 1 5 5 4 1100 1100 6 6 1 10695 10695 0 0 1 4 127 127 127 0 0 0 0 0 0 0 0 0 0 0.0 1.0
6000 8000 6 4 543 539 522 15514 13842 696 696 26 1134539 1072888 2 43 17 666 999 350 632 307 2300 2300 2300 0 128 128 128 0 3 3.0 0.0
8000 10000 8 3 479 479 475 2940 2940 819 819 7 1485148 1055328 0 250 3 812 962 54 336 310 2300 2300 2300 0 128 128 128 0 2 2.0 1.0
10000 12000 8 4 515 515 508 4886 4886 694 694 11 1151505 978346 0 95 5 681 999 230 544 292 2300 2300 2300 0 128 128 128 0 2 2.0 1.0
12000 14000 6 2 485 485 481 4022 4022 719 719 10 1355396 1340437 0 7 4 708 996 156 584 350 2300 2300 2300 0 128 128 128 0 2 2.0 1.0
14000 16000 6 3 434 434 429 4215 4215 627 627 10 1273338 1252271 0 9 5 616 999 12 596 343 2300 2300 2300 0 128 128 128 0 3 2.0 1.0
16000 18000 7 4 415 414 408 5872 5872 583 583 13 1342381 1342211 0 0 6 569 999 45 479 367 2300 2300 2300 0 128 128 128 0 1 2.0 1.0
18000 20000 4 2 254 254 250 3246 3246 350 350 4 623855 601014 0 13 3 346 999 0 724 483 2300 2300 2300 0 128 128 128 0 1 1.0 1.0
20000 22000 3 2 8 8 7 37 37 11 11 2 11805 11805 0 0 0 7 844 45 382 414 0 0 0 0 0 0 0 0 0 0.0 1.0
22000 24000 5 3 384 384 377 5585 5585 585 585 10 1086535 1078343 0 6 6 575 997 78 575 463 2300 2300 2300 0 128 128 128 0 2 2.0 1.0
24000 26000 3 2 223 223 221 1100 1100 315 315 3 688143 681203 0 4 1 311 961 133 454 444 2300 2300 2300 0 128 128 128 0 1 1.0 1.0
26000 28000 3 2 218 218 214 3284 3284 304 304 5 617450 610809 0 4 3 299 999 250 733 419 2300 2300 2300 0 128 128 128 0 1 1.0 1.0
28000 30000 4 2 213 213 210 2471 2471 287 287 5 603337 586906 0 10 2 281 996 45 569 462 2300 2300 2300 0 128 128 128 0 1 1.0 1.0
30000 32000 4 2 210 210 207 2501 2501 294 294 4 579523 564439 0 9 2 289 999 83 566 453 2300 2300 2300 0 128 128 128 0 1 1.0 1.0
32000 34000 4 2 180 180 177 2491 2491 262 262 4 564714 564714 0 0 2 257 996 83 560 452 2300 2300 2300 0 128 128 128 0 1 1.0 1.0
34000 36000 5 2 297 297 292 4413 4413 421 421 9 887500 873892 0 7 5 412 999 96 662 413 2300 2300 2300 0 128 128 128 0 2 2.0 1.0
36000 38000 5 2 317 317 313 2980 2980 464 464 3 947785 947785 0 0 3 460 999 0 509 446 2300 2300 2300 0 128 128 128 0 1 1.0 1.0
38000 40000 4 2 218 218 215 2507 2507 314 314 5 602594 598430 0 3 3 309 996 124 558 440 2300 2300 2300 0 128 128 128 0 1 1.0 1.0
40000 42000 5 3 345 345 341 2609 2609 504 504 7 1034164 1034164 0 0 3 497 995 123 500 400 4400 4400 4400 0 128 128 128 0 2 1.0 1.0
42000 44000 4 2 346 346 343 2503 2503 494 494 5 1051445 1037808 0 6 3 489 997 105 556 438 4400 4400 4400 0 128 128 128 0 1 1.0 1.0
44000 46000 2 1 19 19 19 87 87 24 24 0 52581 50950 0 0 0 24 102 0 51 72 0 0 0 0 0 0 0 0 0 0.0 1.0
46000 48000 4 2 390 390 385 4085 4085 606 606 7 1190634 1144497 0 25 4 598 996 879 943 60 4400 4400 4400 0 128 128 128 0 1 2.0 1.0
48000 50000 6 3 240 240 238 1698 1698 319 319 3 637056 628824 0 4 2 316 998 76 393 441 2300 2300 2300 0 0 0 0 0 1 0.0 1.0
50000 52000 5 2 279 279 274 4467 4467 396 396 10 864576 864576 0 0 5 385 999 46 677 424 2300 2300 2300 0 128 128 128 0 2 2.0 1.0
52000 54000 4 2 288 288 286 1438 1438 384 384 3 837910 837910 0 0 1 381 774 70 454 296 2300 2300 2300 0 128 128 128 0 1 1.0 1.0
54000 56000 3 2 237 237 233 3282 3282 346 346 5 658967 613311 0 30 3 341 999 305 750 385 2300 2300 2300 0 128 128 128 0 1 1.0 1.0
56000 58000 4 2 247 247 244 2477 2477 358 358 5 649070 613337 0 19 2 352 995 47 564 464 2300 2300 2300 0 128 128 128 0 1 1.0 1.0
58000 60000 4 2 215 215 212 3212 3212 293 293 4 590643 562502 0 17 3 288 981 76 559 436 2300 2300 2300 0 128 128 128 0 1 1.0 1.0
60000 62000 3 2 176 176 175 1035 1035 271 271 4 536054 536054 0 0 1 267 964 114 442 457 2300 2300 2300 0 128 128 128 0 1 1.0 1.0
62000 64000 3 2 408 408 403 3955 3955 554 554 5 990327 972622 0 11 4 548 999 341 737 348 4400 4400 4400 0 128 128 128 0 1 1.0 1.0
64000 66000 4 2 419 419 416 1770 1770 605 605 5 1159594 1126573 0 19 2 600 999 123 555 441 4400 4400 4400 0 128 128 128 0 1 1.0 1.0
66000 68000 4 2 284 284 279 4048 4048 403 403 7 831025 795610 0 20 4 395 999 117 729 411 3000 3000 3000 0 128 128 128 0 2 1.0 1.0
68000 70000 4 2 294 294 292 1615 1615 441 441 4 835756 810181 0 13 1 437 999 133 562 358 3000 3000 3000 0 128 128 128 0 1 1.0 1.0
70000 72000 1 1 8 8 7 268 268 3 3 0 5121 5121 0 0 0 2 306 306 306 0 0 0 0 0 0 0 0 0 0 0.0 1.0
72000 74000 3 2 290 290 286 3283 3283 407 407 5 777357 732824 0 29 3 402 997 250 723 411 3000 3000 3000 0 128 128 128 0 1 1.0 1.0
74000 76000 2 1 5 5 5 38 38 8 8 2 13970 13970 0 0 0 6 254 45 150 147 0 0 0 0 0 0 0 0 0 0.0 1.0
76000 78000 1 1 2 2 1 820 820 4 4 2 2913 2913 0 0 1 2 252 252 252 0 0 0 0 0 0 0 0 0 0 0.0 1.0
78000 80000 5 3 395 395 390 4085 4085 640 640 9 1133929 1117431 0 12 4 630 999 271 602 335 3000 3000 3000 0 128 128 128 0 2 2.0 1.0
80000 82000 6 3 485 485 481 3621 3621 713 713 7 1347248 1326521 0 10 4 706 998 116 534 381 3000 3000 3000 0 128 128 128 0 2 2.0 1.0
82000 84000 6 3 397 397 393 3162 3162 582 582 8 1158964 1157679 0 1 3 574 923 46 554 361 3000 3000 3000 0 128 128 128 0 1 1.0 1.0
84000 86000 6 3 514 514 508 4556 4556 675 675 9 1301846 1273090 0 21 5 666 999 75 544 364 3000 3000 3000 0 128 128 128 0 2 2.0 1.0
86000 88000 7 3 483 483 478 3786 3786 650 650 8 1326710 1309164 0 10 4 642 999 75 451 342 3000 3000 3000 0 128 128 128 0 2 2.0 1.0
88000 90000 5 2 476 476 473 2526 2526 623 623 6 1225341 1205006 0 14 3 616 995 136 635 321 3000 3000 3000 0 128 128 128 0 1 1.0 1.0
90000 92000 4 2 320 320 316 3283 3283 464 464 5 910803 892277 0 12 3 459 997 204 719 363 3000 3000 3000 0 128 128 128 0 1 1.0 1.0
92000 94000 4 2 226 226 222 3099 3099 331 331 5 736056 736056 0 0 3 325 999 46 560 430 3000 3000 3000 0 128 128 128 0 1 1.0 1.0
94000 96000 4 2 339 339 337 1827 1827 479 479 4 1013462 1012301 0 0 2 474 998 166 574 401 4400 4400 4400 0 128 128 128 0 1 1.0 1.0
96000 98000 4 2 351 351 347 3155 3155 485 485 6 1073089 1072863 0 0 3 478 998 161 596 379 4400 4400 4400 0 128 128 128 0 1 1.0 1.0
98000 100000 4 2 371 371 369 1860 1860 541 541 3 1127654 1120565 0 4 2 538 999 85 526 460 4400 4400 4400 0 128 128 128 0 1 1.0 1.0
100000 102000 4 2 538 538 534 3203 3203 688 688 6 1173192 1139339 0 23 3 681 999 146 586 395 4400 4400 4400 0 128 128 128 0 1 1.0 1.0
102000 104000 4 2 415 415 413 1814 1814 578 578 4 1153882 1136648 0 9 2 573 999 45 518 494 4400 4400 4400 0 128 128 128 0 1 1.0 1.0
104000 106000 4 2 391 391 388 2513 2513 582 582 5 1127667 1110433 0 9 3 577 998 108 556 441 4400 4400 4400 0 128 128 128 0 1 1.0 1.0
106000 108000 4 2 353 353 350 3131 3131 522 522 5 1089579 1087860 0 0 3 517 999 91 553 427 4400 4400 4400 0 128 128 128 0 1 1.0 1.0
108000 110000 4 2 425 425 423 1832 1832 607 607 4 1130189 1110764 0 13 2 603 999 102 532 460 4400 4400 4400 0 128 128 128 0 1 1.0 1.0
110000 112000 4 2 472 472 469 3183 3183 615 615 4 1100913 1072656 0 19 3 610 998 143 557 397 4400 4400 4400 0 128 128 128 0 1 1.0 1.0
112000 114000 4 2 277 277 274 2451 2451 435 435 5 816110 793696 0 13 2 429 997 156 600 360 3000 3000 3000 0 128 128 128 0 1 1.0 1.0
114000 116000 4 2 253 253 250 2119 2119 384 384 5 788721 788721 0 0 2 379 996 185 507 364 3000 3000 3000 0 128 128 128 0 1 1.0 1.0
116000 118000 4 2 315 315 312 2349 2349 453 453 4 813749 769687 0 28 2 448 999 285 547 312 3000 3000 3000 0 128 128 128 0 1 1.0 1.0
118000 120000 4 2 256 256 253 2194 2194 352 352 4 722392 721004 0 1 2 348 999 251 561 314 3000 3000 3000 0 128 128 128 0 1 1.0 1.0
120000 122000 1 1 2 2 2 329 329 0 0 0 0 0 0 0 0 0 318 318 318 0 0 0 0 0 0 0 0 0 0 0.0 1.0
122000 124000 1 1 2 2 1 820 820 4 4 2 2922 2922 0 0 1 2 275 275 275 0 0 0 0 0 0 0 0 0 0 0.0 1.0
124000 126000 2 1 53 53 51 1122 1122 69 69 2 163805 163306 0 0 1 67 358 276 317 57 3000 3000 3000 0 0 0 0 0 1 0.0 1.0
126000 128000 6 3 459 459 454 4669 4669 656 656 10 1283594 1277263 0 4 5 646 997 444 823 228 3000 3000 3000 0 128 128 128 0 2 2.0 1.0
128000 130000 9 4 690 688 681 6189 6189 992 992 11 1635084 1368968 1 156 6 978 998 39 521 428 3000 3000 3000 0 128 128 128 0 1 2.0 1.0
130000 132000 8 4 488 488 482 4652 4652 736 736 9 1418991 1373554 0 27 5 727 999 0 501 416 3000 3000 3000 0 128 128 128 0 2 2.0 1.0
132000 134000 6 2 492 492 487 4149 4149 758 758 9 1443526 1437567 0 4 4 749 998 69 653 369 3000 3000 3000 0 128 128 128 0 2 2.0 1.0
134000 136000 6 3 417 417 413 2185 2185 616 616 7 1131879 1096739 0 21 2 608 998 87 497 370 3000 3000 3000 0 128 128 128 0 1 1.0 1.0
136000 138000 4 2 280 280 277 2514 2514 386 386 5 802767 797869 0 2 3 381 999 131 573 414 3000 3000 3000 0 128 128 128 0 1 1.0 1.0
138000 140000 2 1 9 9 9 96 96 10 10 0 21059 20406 0 0 0 10 112 0 56 79 0 0 0 0 0 0 0 0 0 0.0 1.0
140000 142000 4 2 473 473 468 4196 4196 690 690 8 1288470 1253337 0 20 5 681 999 199 718 354 4400 3000 3700 989 128 128 128 0 2 2.0 1.0
142000 144000 5 2 478 478 473 3775 3775 693 693 8 1376363 1343321 0 15 4 685 997 162 622 319 3000 3000 3000 0 128 128 128 0 1 1.0 1.0
144000 146000 4 2 260 260 257 2175 2175 392 392 5 779537 779537 0 0 2 387 999 199 508 364 3000 3000 3000 0 128 128 128 0 1 1.0 1.0
146000 148000 3 2 269 269 267 1542 1542 389 389 3 765429 729789 0 21 1 386 989 414 612 326 3000 3000 3000 0 128 128 128 0 1 1.0 1.0
148000 150000 3 2 252 252 249 2502 2502 374 374 5 749898 749898 0 0 3 369 998 270 586 373 3000 3000 3000 0 128 128 128 0 1 1.0 1.0
150000 152000 3 2 279 279 275 3283 3283 397 397 5 778404 756196 0 13 3 392 999 289 746 396 3000 3000 3000 0 128 128 128 0 1 1.0 1.0
152000 154000 4 2 337 337 334 2471 2471 462 462 5 797358 767797 0 19 2 456 996 47 600 441 3000 3000 3000 0 128 128 128 0 1 1.0 1.0
154000 156000 4 2 315 315 312 2497 2497 428 428 4 774371 744606 0 17 2 423 999 84 584 418 3000 3000 3000 0 128 128 128 0 1 1.0 1.0
156000 158000 4 2 284 284 281 2457 2457 441 441 4 775048 736286 0 22 2 436 997 84 563 430 3000 3000 3000 0 128 128 128 0 1 1.0 1.0
158000 160000 4 2 292 292 289 2490 2490 396 396 4 771946 761281 0 6 2 391 997 143 572 410 3000 3000 3000 0 128 128 128 0 1 1.0 1.0
160000 162000 4 2 280 280 276 3205 3205 422 422 4 794365 761016 0 19 3 417 997 157 591 388 3000 3000 3000 0 128 128 128 0 1 1.0 1.0
162000 164000 4 2 305 305 302 2504 2504 428 428 5 806195 775498 0 18 3 422 994 159 563 400 3000 3000 3000 0 128 128 128 0 1 1.0 1.0
164000 166000 4 2 264 264 262 2124 2124 381 381 5 748559 731039 0 13 2 376 994 154 522 364 3000 3000 3000 0 128 128 128 0 1 1.0 1.0
166000 168000 4 2 368 368 365 2743 2743 500 500 4 892564 853594 0 28 3 496 998 313 571 308 3000 3000 3000 0 128 128 128 0 1 1.0 1.0
168000 170000 4 2 292 292 289 2189 2189 424 424 4 813050 799238 0 10 2 419 998 190 586 330 3000 3000 3000 0 128 128 128 0 1 1.0 1.0
170000 172000 4 2 301 301 298 2499 2499 378 378 5 743639 711842 0 19 2 372 956 429 638 225 3000 3000 3000 0 128 128 128 0 1 1.0 1.0
172000 174000 4 2 337 337 334 2157 2157 468 468 4 842366 768155 0 45 2 463 997 354 534 310 3000 3000 3000 0 128 128 128 0 1 1.0 1.0
174000 176000 7 4 389 388 381 6200 6200 532 532 11 1027498 1002172 0 15 6 518 998 183 557 329 3000 3000 3000 0 128 128 128 0 2 2.0 1.0
176000 178000 3 2 152 152 151 372 372 215 215 1 461735 461735 0 0 0 213 591 115 335 239 0 0 0 0 0 0 0 0 0 0.0 1.0
178000 180000 4 2 370 370 364 4928 4928 561 561 8 1070933 1062788 0 8 5 552 998 432 844 276 3000 3000 3000 0 128 128 128 0 2 2.0 1.0
180000 182000 6 3 390 390 387 2539 2539 560 560 6 1139925 1119377 0 14 3 554 997 45 482 415 3000 3000 3000 0 128 128 128 0 1 1.0 1.0
182000 184000 4 2 392 392 389 2415 2415 457 457 5 764745 689584 0 47 2 451 998 45 569 429 3000 3000 3000 0 128 128 128 0 1 1.0 1.0
184000 186000 4 2 381 381 379 1807 1807 507 507 4 1106843 1079865 0 18 2 503 999 149 574 401 4400 4400 4400 0 128 128 128 0 1 1.0 1.0
186000 188000 4 2 365 365 361 3870 3870 485 485 5 1148808 1140975 0 4 4 480 997 168 593 376 4400 4400 4400 0 128 128 128 0 1 1.0 1.0
188000 190000 4 2 352 352 349 2524 2524 467 467 5 1046619 1034944 0 6 3 462 999 171 588 388 4400 4400 4400 0 128 128 128 0 1 1.0 1.0
190000 192000 4 2 536 536 535 1110 1110 721 721 4 1258750 1213120 0 30 1 717 998 159 575 404 4400 4400 4400 0 128 128 128 0 1 1.0 1.0
192000 194000 4 2 334 334 329 3891 3891 516 516 5 995239 993862 0 0 4 510 999 82 574 417 4400 4400 4400 0 128 128 128 0 1 1.0 1.0
194000 196000 4 2 351 351 348 2520 2520 537 537 5 1021800 1017636 0 3 3 532 997 161 562 415 4400 4400 4400 0 128 128 128 0 1 1.0 1.0
196000 198000 4 2 525 525 524 1094 1094 764 764 4 1308023 1262699 0 34 1 760 998 149 716 383 4400 4400 4400 0 128 128 128 0 1 1.0 1.0
198000 200000 4 2 326 326 323 3193 3193 448 448 5 966021 959142 0 3 3 442 998 81 585 413 4400 4400 4400 0 128 128 128 0 1 1.0 1.0
200000 202000 4 2 381 381 379 1810 1810 534 534 4 1152982 1152982 0 0 2 530 998 155 560 413 4400 4400 4400 0 128 128 128 0 1 1.0 1.0
202000 204000 4 2 425 425 420 3848 3848 595 595 5 1125800 1108546 0 13 4 589 995 166 600 371 4400 4400 4400 0 128 128 128 0 1 1.0 1.0
204000 206000 4 2 304 304 301 2541 2541 437 437 5 787418 765297 0 18 3 431 999 188 620 348 3000 3000 3000 0 128 128 128 0 1 1.0 1.0
206000 208000 4 2 229 229 227 2422 2422 324 324 4 689853 689853 0 0 2 319 985 154 503 366 3000 3000 3000 0 128 128 128 0 1 1.0 1.0
208000 210000 4 2 321 321 319 1649 1649 481 481 4 850752 831305 0 12 1 477 999 157 469 372 3000 3000 3000 0 128 128 128 0 1 1.0 1.0
210000 212000 3 2 319 319 317 2047 2047 412 412 4 747922 718880 0 17 2 408 839 355 640 253 3000 3000 3000 0 128 128 128 0 1 1.0 1.0
212000 214000 3 2 281 281 277 3284 3284 412 412 5 795204 762380 0 21 3 407 999 608 853 213 3000 3000 3000 0 128 128 128 0 1 1.0 1.0
214000 216000 4 2 301 301 298 2499 2499 425 425 5 784198 760111 0 16 2 420 997 45 613 438 3000 3000 3000 0 128 128 128 0 1 1.0 1.0
216000 218000 4 2 263 263 260 2501 2501 352 352 5 732074 719570 0 8 2 347 999 46 577 456 3000 3000 3000 0 128 128 128 0 1 1.0 1.0
218000 220000 4 2 256 256 253 2472 2472 347 347 5 740059 724791 0 8 2 341 998 46 601 440 3000 3000 3000 0 128 128 128 0 1 1.0 1.0
220000 222000 4 2 262 262 259 2497 2497 372 372 4 796254 771534 0 15 2 367 996 83 562 436 3000 3000 3000 0 128 128 128 0 1 1.0 1.0
222000 224000 4 2 333 333 330 2500 2500 462 462 4 848097 809243 0 19 2 457 999 85 587 415 3000 3000 3000 0 128 128 128 0 1 1.0 1.0
224000 226000 5 3 282 282 279 2449 2449 399 399 4 760732 724108 0 25 2 393 998 85 538 373 3000 3000 3000 0 128 128 128 0 1 1.0 1.0
226000 228000 5 2 403 403 398 4048 4048 608 608 8 1098236 1066342 0 22 4 600 994 156 633 337 3000 3000 3000 0 128 128 128 0 2 2.0 1.0
228000 230000 6 3 421 420 414 5396 5396 606 606 11 1183248 1183248 0 0 5 593 997 155 525 327 3000 3000 3000 0 128 128 128 0 1 1.0 1.0
230000 232000 4 2 261 261 259 1841 1841 405 405 4 812482 812482 0 0 2 401 997 80 525 458 3000 3000 3000 0 128 128 128 0 1 1.0 1.0
232000 234000 5 3 460 460 455 3200 3200 597 597 6 1123486 1088819 0 21 3 589 999 164 523 359 4400 4400 4400 0 128 128 128 0 1 1.0 1.0
234000 236000 5 3 536 536 533 2563 2563 685 685 4 1217903 1182819 0 21 3 680 998 90 453 437 4400 4400 4400 0 128 128 128 0 1 1.0 1.0
236000 238000 4 2 502 502 500 1816 1816 687 687 5 1150619 1080913 0 46 2 682 997 128 717 397 4400 4400 4400 0 128 128 128 0 1 1.0 1.0
238000 240000 4 2 348 348 345 3111 3111 509 509 4 1030724 1029682 0 0 3 504 998 70 548 434 4400 4400 4400 0 128 128 128 0 1 1.0 1.0
240000 242000 4 2 465 465 462 2530 2530 612 612 5 1085989 1056923 0 20 3 607 999 175 558 414 4400 4400 4400 0 128 128 128 0 1 1.0 1.0
242000 244000 4 2 518 518 516 1104 1104 712 712 4 1263811 1219719 0 31 1 708 997 154 546 415 4400 4400 4400 0 128 128 128 0 1 1.0 1.0
244000 246000 3 2 231 231 227 3791 3791 349 349 6 681576 681576 0 0 4 342 999 247 641 377 3000 3000 3000 0 128 128 128 0 1 1.0 1.0
246000 248000 4 2 325 325 322 2170 2170 479 479 4 912570 887603 0 17 2 475 996 195 526 350 3000 3000 3000 0 128 128 128 0 1 1.0 1.0
248000 250000 3 2 283 283 281 1544 1544 389 389 3 748825 733557 0 9 1 385 959 327 569 341 3000 3000 3000 0 128 128 128 0 1 1.0 1.0
250000 252000 3 2 319 319 316 3284 3284 448 448 5 762018 734921 0 19 3 443 996 399 783 332 3000 3000 3000 0 128 128 128 0 1 1.0 1.0
252000 254000 4 2 316 316 313 2469 2469 458 458 5 798202 764024 0 20 2 452 996 45 647 429 3000 3000 3000 0 128 128 128 0 1 1.0 1.0
254000 256000 4 2 243 243 240 2446 2446 316 316 4 729835 724711 0 1 2 311 997 85 615 401 3000 3000 3000 0 128 128 128 0 1 1.0 1.0
256000 258000 4 2 291 291 287 3337 2497 395 395 5 721615 679552 1 26 3 389 997 152 684 368 3000 3000 3000 0 128 128 128 0 1 1.0 1.0
258000 260000 4 2 299 299 296 2493 2493 424 424 4 849469 848081 0 1 2 419 999 157 575 399 3000 3000 3000 0 128 128 128 0 1 1.0 1.0
260000 262000 4 2 276 276 272 3180 3180 363 363 4 682208 654494 0 17 3 358 999 168 603 373 3000 3000 3000 0 128 128 128 0 1 1.0 1.0
262000 264000 4 2 276 276 273 2533 2533 400 400 5 753499 736841 0 11 3 394 998 180 557 398 3000 3000 3000 0 128 128 128 0 1 1.0 1.0
264000 266000 4 2 269 269 266 2449 2449 355 355 4 830978 821689 0 5 2 350 999 153 527 367 3000 3000 3000 0 128 128 128 0 1 1.0 1.0
266000 268000 4 2 257 257 254 2476 2476 337 337 4 758086 734393 0 15 2 332 998 148 619 354 3000 3000 3000 0 128 128 128 0 1 1.0 1.0
268000 270000 4 2 283 283 280 2463 2463 381 381 4 803772 770614 0 18 2 376 997 161 514 368 3000 3000 3000 0 128 128 128 0 1 1.0 1.0
270000 272000 4 2 367 367 364 2476 2476 508 508 4 887968 803265 0 53 2 503 999 180 557 339 3000 3000 3000 0 128 128 128 0 1 1.0 1.0
272000 274000 6 3 308 307 301 5142 5142 465 465 10 897693 875509 0 13 5 453 997 191 565 355 3000 3000 3000 0 128 128 128 0 2 2.0 1.0
274000 276000 6 3 468 468 464 3202 3202 670 670 7 1343463 1305821 0 24 3 662 996 37 513 345 3000 3000 3000 0 128 128 128 0 1 1.0 1.0
276000 278000 4 2 280 280 276 3118 3118 398 398 5 827509 827509 0 0 3 392 998 66 579 413 3000 3000 3000 0 128 128 128 0 1 1.0 1.0
278000 280000 5 3 394 394 392 1839 1839 583 583 4 1085111 1069328 0 9 2 577 999 62 517 404 4400 4400 4400 0 128 128 128 0 1 1.0 1.0
280000 282000 5 3 358 358 353 3171 3171 511 511 5 1065352 1064479 0 0 3 505 996 37 461 420 4400 4400 4400 0 128 128 128 0 1 1.0 1.0
282000 284000 4 2 415 415 413 1839 1839 551 551 4 1121654 1099568 0 13 2 547 997 178 558 409 4400 4400 4400 0 128 128 128 0 1 1.0 1.0
284000 286000 4 2 351 351 347 3147 3147 480 480 6 1124463 1112985 0 5 3 473 997 168 588 379 4400 4400 4400 0 128 128 128 0 1 1.0 1.0
286000 288000 4 2 488 488 486 1856 1856 615 615 4 1146746 1114339 0 24 2 611 999 130 537 442 4400 4400 4400 0 128 128 128 0 1 1.0 1.0
288000 290000 4 2 480 480 476 3182 3182 646 646 4 1052905 1003581 0 33 3 641 995 144 556 417 4400 4400 4400 0 128 128 128 0 1 1.0 1.0
290000 292000 4 2 424 424 422 1827 1827 643 643 4 1144024 1120041 0 18 2 639 997 168 555 419 4400 4400 4400 0 128 128 128 0 1 1.0 1.0
292000 294000 4 2 336 336 333 3206 3206 513 513 6 1017579 1017125 0 0 3 507 999 162 590 381 4400 4400 4400 0 128 128 128 0 1 1.0 1.0
294000 296000 4 2 568 568 566 1822 1822 741 741 4 1215950 1187715 0 19 2 737 998 105 532 474 4400 4400 4400 0 128 128 128 0 1 1.0 1.0
296000 298000 4 2 543 543 540 2519 2519 728 728 5 1194992 1104826 0 62 3 723 997 110 668 391 4400 4400 4400 0 128 128 128 0 1 1.0 1.0
298000 300000 4 2 369 369 365 3168 3168 570 570 4 1068486 1068361 0 0 3 565 998 85 560 431 4400 4400 4400 0 128 128 128 0 1 1.0 1.0
