ts te nbins ncons c_pkts_all c_ack_cnt c_ack_cnt_p c_bytes_all c_bytes_uniq s_pkts_all s_ack_cnt s_ack_cnt_p s_bytes_all s_bytes_uniq c_pkts_retx s_pkts_retx c_pkts_data s_pkts_data max_bin min_bin avg_bin std_bin max_vid min_vid avg_vid std_vid max_aud min_aud avg_aud std_aud num_vid num_aud num_mfs
0 2000 0 0 0 0 0 0 0 0 0 0 0 0 0 0 0 0 0 0 0 0 0 0 0 0 0 0 0 0 0  
2000 4000 0 0 0 0 0 0 0 0 0 0 0 0 0 0 0 0 0 0 0 0 0 0 0 0 0 0 0 0 0  
4000 6000 0 0 0 0 0 0 0 0 0 0 0 0 0 0 0 0 0 0 0 0 0 0 0 0 0 0 0 0 0  
6000 8000 4 4 184 181 169 11018 11018 225 225 15 340714 322022 0 13 11 206 579 128 296 212 2300 2300 2300 0 128 128 128 0 2 2.0 1.0
8000 10000 5 2 432 432 425 5307 5307 536 536 5 900658 863565 0 25 6 530 999 72 612 396 2300 2300 2300 0 128 128 128 0 2 2.0 1.0
10000 12000 5 2 435 435 432 2655 2655 614 614 4 973848 882290 0 62 3 610 998 59 523 435 2300 2300 2300 0 128 128 128 0 1 1.0 1.0
12000 14000 6 4 543 543 537 4106 4106 720 720 5 1290909 1202952 0 60 4 713 999 175 654 326 2300 2300 2300 0 128 128 128 0 2 2.0 1.0
14000 16000 6 3 569 569 562 5752 5752 848 848 6 1383748 1275401 0 72 6 841 999 91 650 330 2300 2300 2300 0 128 128 128 0 3 2.0 1.0
16000 18000 5 3 536 536 532 3415 3415 913 913 4 1493277 1455575 0 24 4 909 949 209 586 321 2300 2300 2300 0 128 128 128 0 2 3.0 1.0
18000 20000 6 3 442 442 436 5143 5143 704 704 6 1129869 1097907 0 21 6 698 740 298 529 175 2300 2300 2300 0 128 128 128 0 2 2.0 1.0
20000 22000 5 3 492 492 488 3632 3632 610 610 4 1062351 1022598 0 26 4 606 999 27 533 428 4400 4400 4400 0 128 128 128 0 2 1.0 1.0
22000 24000 5 2 510 510 507 2843 2843 695 695 3 1147577 1104428 0 27 3 692 999 198 633 339 4400 4400 4400 0 128 128 128 0 1 1.0 1.0
24000 26000 5 2 574 574 571 2311 2311 870 870 2 1396599 1346747 0 32 2 867 999 379 611 250 4400 4400 4400 0 128 128 128 0 1 1.0 1.0
26000 28000 6 3 550 550 547 2870 2870 747 747 3 1226721 1179830 0 33 3 744 999 107 430 332 4400 4400 4400 0 128 128 128 0 1 1.0 1.0
28000 30000 5 2 552 552 549 2365 2365 864 864 2 1395564 1310090 0 57 2 861 998 141 539 313 4400 4400 4400 0 128 128 128 0 2 2.0 1.0
30000 32000 4 2 451 451 448 2507 2507 725 725 3 1199063 1173026 0 18 3 722 996 178 544 347 4400 4400 4400 0 128 128 128 0 1 1.0 1.0
32000 34000 4 2 408 408 404 3006 3006 683 683 3 1106290 1084380 0 14 3 679 982 321 530 304 4400 4400 4400 0 128 128 128 0 1 1.0 1.0
34000 36000 4 2 435 435 432 2990 2990 666 666 3 1083047 1022490 0 37 3 662 917 176 466 354 4400 4400 4400 0 128 128 128 0 1 1.0 1.0
36000 38000 3 2 489 489 487 2122 2122 758 758 2 1249715 1210948 0 26 2 756 808 549 712 141 4400 4400 4400 0 128 128 128 0 1 1.0 1.0
38000 40000 4 2 470 470 467 2499 2499 705 705 2 1187450 1150087 0 26 2 702 985 121 525 356 4400 4400 4400 0 128 128 128 0 1 1.0 1.0
40000 42000 4 2 438 438 435 2491 2491 701 701 2 1154650 1140298 0 10 2 698 984 103 517 362 4400 4400 4400 0 128 128 128 0 1 1.0 1.0
42000 44000 4 2 431 431 428 2519 2519 686 686 3 1104489 1068667 0 23 3 683 978 59 514 376 4400 4400 4400 0 128 128 128 0 1 1.0 1.0
44000 46000 4 2 441 441 438 2501 2501 695 695 2 1145421 1114793 0 20 2 692 997 87 520 375 4400 4400 4400 0 128 128 128 0 1 1.0 1.0
46000 48000 4 2 339 338 335 2664 2664 507 507 3 828354 795953 0 23 3 503 998 444 649 241 0 0 0 0 128 128 128 0 0 1.0 1.0
48000 50000 5 3 364 363 357 4564 4564 584 584 5 979359 922647 0 38 5 578 976 273 595 271 1500 1500 1500 0 128 128 128 0 4 2.0 1.0
50000 52000 5 2 184 184 180 3637 3637 304 304 3 501760 499755 0 1 4 300 999 96 443 362 1500 1500 1500 0 128 128 128 0 1 2.0 1.0
52000 54000 4 2 163 163 159 3463 3463 265 265 4 432676 426780 0 4 4 261 998 433 632 249 1500 1500 1500 0 128 128 128 0 1 2.0 1.0
54000 56000 4 2 193 193 191 1907 1907 295 295 2 488818 476149 0 9 2 293 900 2 374 380 1500 1500 1500 0 0 0 0 0 1 0.0 1.0
56000 58000 3 3 149 148 142 4769 4769 263 263 6 398712 392629 0 4 5 256 542 140 291 219 3000 3000 3000 0 128 128 128 0 2 1.0 1.0
58000 60000 4 2 340 340 337 2885 2885 501 501 3 791059 751066 0 28 3 497 992 107 525 364 3000 3000 3000 0 128 128 128 0 1 1.0 1.0
60000 62000 4 2 345 345 342 2493 2493 540 540 2 856293 828165 0 19 2 537 979 156 531 340 3000 3000 3000 0 128 128 128 0 1 1.0 1.0
62000 64000 5 3 312 312 308 2498 2498 467 467 3 734197 722806 0 7 2 462 999 141 606 346 3000 3000 3000 0 128 128 128 0 1 1.0 1.0
64000 66000 4 2 290 290 287 2518 2518 473 473 3 774965 764599 0 7 3 470 999 80 524 377 3000 3000 3000 0 128 128 128 0 1 1.0 1.0
66000 68000 4 2 344 344 340 3272 3272 513 513 3 817172 774808 0 30 3 509 983 445 630 240 3000 3000 3000 0 128 128 128 0 1 2.0 1.0
68000 70000 6 2 511 511 507 2979 2979 760 760 3 1249230 1202446 0 32 3 757 998 20 537 388 4400 3000 3700 989 128 128 128 0 2 1.0 1.0
70000 72000 5 3 406 405 401 4606 4606 678 678 5 1111832 1085755 0 18 4 671 998 124 544 312 4400 4400 4400 0 128 128 128 0 1 1.0 1.0
72000 74000 6 2 393 393 391 1693 1693 607 607 1 978963 959053 0 14 2 606 998 0 455 449 0 0 0 0 0 0 0 0 0 0.0 1.0
74000 76000 3 3 149 149 145 3016 3016 234 234 3 381800 378362 0 2 3 230 613 30 371 304 4400 4400 4400 0 128 128 128 0 1 2.0 1.0
76000 78000 4 2 534 534 532 1827 1827 830 830 2 1364840 1341871 0 16 2 828 920 33 537 407 3000 3000 3000 0 0 0 0 0 1 0.0 1.0
78000 80000 2 1 65 65 65 159 159 88 88 0 148501 146909 0 1 0 88 189 75 132 80 0 0 0 0 0 0 0 0 0 0.0 1.0
80000 82000 5 3 409 409 403 4795 4795 672 672 5 1079776 1016776 0 43 5 666 999 52 569 412 3000 3000 3000 0 128 128 128 0 2 2.0 1.0
82000 84000 6 3 596 596 592 3371 3371 892 892 4 1432240 1358012 0 52 4 888 999 162 549 371 3000 3000 3000 0 128 128 128 0 2 2.0 1.0
84000 86000 5 2 507 507 504 2322 2322 644 644 2 1063654 1034282 0 20 2 642 998 232 639 348 3000 3000 3000 0 0 0 0 0 1 0.0 1.0
86000 88000 5 2 277 277 275 1661 1661 429 429 2 734087 711223 0 16 1 427 995 427 659 224 3000 3000 3000 0 0 0 0 0 1 0.0 1.0
88000 90000 6 2 289 289 287 1660 1660 460 460 1 729767 715081 0 10 1 458 998 220 573 335 3000 3000 3000 0 0 0 0 0 1 0.0 1.0
90000 92000 5 2 270 270 267 1658 1658 438 438 2 702418 679440 0 16 1 435 988 427 690 210 3000 3000 3000 0 0 0 0 0 1 0.0 1.0
92000 94000 6 3 348 347 339 6920 6920 577 577 8 931331 882016 0 33 8 568 997 58 599 419 3000 3000 3000 0 128 128 128 0 1 6.0 1.0
94000 96000 4 2 368 368 365 2279 2279 559 559 2 940751 904224 0 21 2 557 762 57 378 331 3000 3000 3000 0 128 128 128 0 1 1.0 1.0
96000 98000 4 3 246 245 239 5088 5088 431 431 6 676471 664245 0 7 5 424 532 147 328 180 6500 6500 6500 0 128 128 128 0 2 1.0 1.0
98000 100000 4 2 493 493 491 1778 1778 836 836 2 1335221 1322840 0 8 2 834 997 466 649 238 0 0 0 0 0 0 0 0 0 0.0 1.0
100000 102000 6 3 491 491 486 3498 3498 770 770 3 1249828 1204937 0 29 4 766 997 155 437 313 3000 3000 3000 0 128 128 128 0 2 2.0 1.0
102000 104000 5 2 334 334 331 2297 2297 439 439 3 765589 711152 0 34 2 436 996 70 520 332 3000 3000 3000 0 128 128 128 0 1 1.0 1.0
104000 106000 5 2 385 385 382 2818 2818 425 425 3 694185 649287 0 29 3 422 954 129 486 300 4400 4400 4400 0 128 128 128 0 1 1.0 1.0
106000 108000 4 2 517 517 514 2516 2516 738 738 3 1204974 1177096 0 18 3 735 980 104 524 359 4400 4400 4400 0 128 128 128 0 1 1.0 1.0
108000 110000 4 2 447 447 444 2502 2502 701 701 3 1135916 1107276 0 20 3 698 995 171 541 342 4400 4400 4400 0 128 128 128 0 1 1.0 1.0
110000 112000 4 2 371 371 367 3332 3332 602 602 3 1035888 1013506 0 13 3 598 978 321 572 284 4400 4400 4400 0 128 128 128 0 1 2.0 1.0
112000 114000 3 2 520 520 518 1871 1871 818 818 2 1360596 1337623 0 16 2 816 967 464 738 254 4400 4400 4400 0 0 0 0 0 1 0.0 1.0
114000 116000 2 1 211 211 211 181 181 348 348 0 566448 562822 0 2 0 348 670 215 443 321 0 0 0 0 0 0 0 0 0 0.0 1.0
116000 118000 1 1 2 2 1 820 820 4 4 1 2916 2916 0 0 1 3 25 25 25 0 0 0 0 0 0 0 0 0 0 0.0 1.0
118000 120000 5 3 306 306 302 3543 3543 492 492 4 808717 790804 0 13 4 487 998 28 508 448 3000 3000 3000 0 128 128 128 0 2 1.0 1.0
120000 122000 7 3 594 594 588 4467 4467 865 865 4 1374345 1295909 0 55 5 860 999 26 588 403 3000 3000 3000 0 128 128 128 0 1 2.0 1.0
122000 124000 6 3 555 555 553 1931 1931 847 847 2 1356515 1227735 0 86 2 845 999 196 647 331 3000 3000 3000 0 128 128 128 0 2 1.0 1.0
124000 126000 8 3 650 650 644 5392 5392 974 974 6 1542097 1457205 0 59 6 968 999 104 493 344 3000 3000 3000 0 128 128 128 0 2 3.0 1.0
126000 128000 3 2 284 284 281 2649 2649 475 475 3 769781 764411 0 3 3 472 924 535 699 201 3000 3000 3000 0 128 128 128 0 1 1.0 1.0
128000 130000 4 2 309 309 306 2511 2511 529 529 3 885788 877388 0 6 3 526 986 136 533 350 4400 4400 4400 0 128 128 128 0 1 1.0 1.0
130000 132000 4 2 447 447 444 2501 2501 735 735 2 1220966 1197166 0 17 2 732 996 203 549 331 4400 4400 4400 0 128 128 128 0 1 1.0 1.0
132000 134000 4 2 386 386 383 2498 2498 594 594 2 1055184 1027737 0 18 2 591 975 100 517 359 4400 4400 4400 0 128 128 128 0 1 1.0 1.0
134000 136000 4 2 426 426 423 2510 2510 637 637 3 1127725 1103576 0 16 3 634 988 66 516 378 4400 4400 4400 0 128 128 128 0 1 1.0 1.0
136000 138000 4 2 440 440 437 2482 2482 699 699 2 1150730 1124325 0 18 2 696 989 137 526 352 4400 4400 4400 0 128 128 128 0 1 1.0 1.0
138000 140000 4 2 435 435 432 2502 2502 689 689 3 1115134 1088135 0 16 3 686 996 123 530 358 4400 4400 4400 0 128 128 128 0 1 1.0 1.0
140000 142000 4 2 419 419 416 2510 2510 697 697 3 1146602 1119009 0 18 3 694 984 73 516 373 4400 4400 4400 0 128 128 128 0 1 1.0 1.0
142000 144000 4 2 385 385 382 2497 2497 618 618 2 1058813 1036007 0 15 2 615 980 101 519 361 4400 4400 4400 0 128 128 128 0 1 1.0 1.0
144000 146000 4 2 484 484 481 2499 2499 757 757 2 1253866 1232676 0 15 2 754 996 253 561 313 4400 4400 4400 0 128 128 128 0 1 1.0 1.0
146000 148000 4 2 404 404 401 2514 2514 647 647 3 1050982 1012468 0 26 3 644 983 120 529 354 4400 4400 4400 0 128 128 128 0 1 1.0 1.0
148000 150000 4 2 413 413 410 2494 2494 664 664 2 1100683 1078190 0 15 2 661 982 143 528 346 4400 4400 4400 0 128 128 128 0 1 1.0 1.0
150000 152000 4 2 391 391 388 2504 2504 647 647 3 1109177 1094773 0 9 3 644 993 135 532 354 4400 4400 4400 0 128 128 128 0 1 1.0 1.0
152000 154000 4 2 415 415 412 2499 2499 636 636 2 1064696 1045096 0 14 2 633 999 67 515 382 4400 4400 4400 0 128 128 128 0 1 1.0 1.0
154000 156000 4 2 499 499 496 2482 2482 744 744 2 1261100 1238556 0 15 2 741 996 183 538 337 4400 4400 4400 0 128 128 128 0 1 1.0 1.0
156000 158000 4 2 386 386 383 2526 2526 551 551 3 934238 894651 0 26 3 548 991 92 527 368 4400 4400 4400 0 128 128 128 0 1 1.0 1.0
158000 160000 4 2 449 449 446 2495 2495 693 693 2 1154525 1114034 0 27 2 690 983 147 530 345 4400 4400 4400 0 128 128 128 0 1 1.0 1.0
160000 162000 3 2 410 410 408 1208 1208 553 553 1 909146 866168 0 29 1 551 948 22 477 463 0 0 0 0 0 0 0 0 0 0.0 1.0
162000 164000 0 0 0 0 0 0 0 0 0 0 0 0 0 0 0 0 0 0 0 0 0 0 0 0 0 0 0 0 0  
164000 166000 2 2 42 42 40 1736 1736 74 74 2 113840 111286 0 1 2 72 657 121 389 379 3000 3000 3000 0 0 0 0 0 1 0.0 1.0
166000 168000 5 2 494 494 490 4087 4087 769 769 4 1251452 1209716 0 27 4 764 999 340 683 261 3000 3000 3000 0 128 128 128 0 1 2.0 1.0
168000 170000 6 3 553 553 548 4275 4275 876 876 4 1430967 1417792 0 9 5 871 999 125 495 381 3000 3000 3000 0 128 128 128 0 2 2.0 1.0
170000 172000 7 3 639 639 634 3779 3779 921 921 5 1538677 1457358 0 56 4 916 999 42 508 362 3000 3000 3000 0 128 128 128 0 2 2.0 1.0
172000 174000 5 2 539 539 534 3902 3902 783 783 4 1339193 1310710 0 19 4 778 999 294 615 310 3000 3000 3000 0 128 128 128 0 2 2.0 1.0
174000 176000 3 2 330 330 326 2711 2711 511 511 3 888350 866122 0 15 3 508 837 542 695 147 3000 3000 3000 0 128 128 128 0 1 1.0 1.0
176000 178000 4 2 279 279 276 2505 2505 437 437 3 748936 730794 0 12 3 434 990 122 528 357 4400 4400 4400 0 128 128 128 0 1 1.0 1.0
178000 180000 4 2 326 326 323 2502 2502 522 522 3 878057 865948 0 8 3 519 996 69 516 381 4400 4400 4400 0 128 128 128 0 1 1.0 1.0
180000 182000 4 2 416 416 413 2488 2488 663 663 2 1102169 1088102 0 9 2 660 989 106 519 363 4400 4400 4400 0 128 128 128 0 1 1.0 1.0
182000 184000 4 2 486 486 483 2896 2896 713 713 2 1202002 1166050 0 25 3 710 993 190 540 333 4400 4400 4400 0 128 128 128 0 1 1.0 1.0
184000 186000 4 2 476 476 473 2124 2124 703 703 3 1141398 1103949 0 26 2 700 998 45 520 389 4400 4400 4400 0 128 128 128 0 1 1.0 1.0
186000 188000 4 2 328 328 325 2498 2498 586 586 2 979204 973549 0 4 2 583 985 88 516 368 4400 4400 4400 0 128 128 128 0 1 1.0 1.0
188000 190000 4 2 443 443 440 2484 2484 703 703 2 1168565 1143808 0 17 2 700 981 151 527 342 4400 4400 4400 0 128 128 128 0 1 1.0 1.0
190000 192000 4 2 448 448 445 2523 2523 687 687 3 1152624 1133546 0 13 3 684 996 48 517 388 4400 4400 4400 0 128 128 128 0 1 1.0 1.0
192000 194000 4 2 381 381 378 2495 2495 621 621 2 1022140 1008575 0 8 2 618 980 136 527 348 4400 4400 4400 0 128 128 128 0 1 1.0 1.0
194000 196000 4 2 438 438 435 2492 2492 712 712 2 1188790 1173211 0 10 2 709 965 215 542 312 4400 4400 4400 0 128 128 128 0 1 1.0 1.0
196000 198000 4 2 479 479 476 2512 2512 696 696 3 1187868 1153196 0 24 3 693 984 70 516 374 4400 4400 4400 0 128 128 128 0 1 1.0 1.0
198000 200000 4 2 436 436 433 2501 2501 672 672 2 1113157 1092008 0 14 2 669 996 72 516 379 4400 4400 4400 0 128 128 128 0 1 1.0 1.0
200000 202000 4 2 403 403 400 2496 2496 665 665 2 1115864 1103264 0 9 2 662 990 196 544 330 4400 4400 4400 0 128 128 128 0 1 1.0 1.0
202000 204000 4 2 398 398 395 2502 2502 645 645 3 1089106 1073706 0 10 3 642 992 115 526 360 4400 4400 4400 0 128 128 128 0 1 1.0 1.0
204000 206000 4 2 466 466 463 2516 2516 731 731 3 1189468 1163319 0 18 3 728 980 82 519 368 4400 4400 4400 0 128 128 128 0 1 1.0 1.0
206000 208000 4 2 416 416 413 2491 2491 677 677 2 1078027 1059375 0 12 2 674 988 137 527 352 4400 4400 4400 0 128 128 128 0 1 1.0 1.0
208000 210000 4 2 386 386 382 3349 3349 661 661 4 1088826 1084626 0 3 4 657 988 343 584 282 4400 4400 4400 0 128 128 128 0 1 2.0 1.0
210000 212000 4 2 550 550 548 2298 2298 820 820 2 1338728 1310281 0 20 2 817 981 446 684 241 3000 3000 3000 0 0 0 0 0 1 0.0 1.0
212000 214000 7 3 467 467 463 3169 3169 740 740 3 1258582 1239549 0 13 3 736 997 7 365 337 3000 3000 3000 0 128 128 128 0 2 2.0 1.0
214000 216000 4 2 295 295 292 2875 2875 479 479 3 822272 815784 0 4 3 476 994 61 514 383 4400 4400 4400 0 128 128 128 0 1 1.0 1.0
216000 218000 4 2 386 386 383 2500 2500 634 634 2 1048909 1042547 0 4 2 631 980 146 531 344 4400 4400 4400 0 128 128 128 0 1 1.0 1.0
218000 220000 4 2 411 411 408 2500 2500 672 672 2 1105458 1088786 0 10 2 669 998 69 516 381 4400 4400 4400 0 128 128 128 0 1 1.0 1.0
220000 222000 4 2 397 397 394 2482 2482 643 643 2 1066520 1042720 0 17 2 640 990 120 521 358 4400 4400 4400 0 128 128 128 0 1 1.0 1.0
222000 224000 4 2 424 424 421 2513 2513 712 712 3 1150827 1141027 0 7 3 709 981 91 521 364 4400 4400 4400 0 128 128 128 0 1 1.0 1.0
224000 226000 4 2 390 390 387 2496 2496 665 665 2 1092949 1084549 0 6 2 662 982 103 519 360 4400 4400 4400 0 128 128 128 0 1 1.0 1.0
226000 228000 4 2 442 442 439 2501 2501 722 722 2 1160355 1146203 0 9 2 719 999 63 515 383 4400 4400 4400 0 128 128 128 0 1 1.0 1.0
228000 230000 4 2 414 414 411 2510 2510 653 653 3 1073793 1060831 0 8 3 650 988 70 516 375 4400 4400 4400 0 128 128 128 0 1 1.0 1.0
230000 232000 4 2 400 400 397 2503 2503 648 648 3 1150061 1133347 0 11 3 645 996 74 517 377 4400 4400 4400 0 128 128 128 0 1 1.0 1.0
232000 234000 4 2 380 380 377 2505 2505 610 610 3 1081133 1063360 0 12 3 607 992 73 517 376 4400 4400 4400 0 128 128 128 0 1 1.0 1.0
234000 236000 4 2 424 424 421 2503 2503 673 673 3 1182609 1157802 0 16 3 670 996 74 517 378 4400 4400 4400 0 128 128 128 0 1 1.0 1.0
236000 238000 4 2 434 434 431 2507 2507 641 641 3 1125079 1078486 0 30 3 638 991 137 533 352 4400 4400 4400 0 128 128 128 0 1 1.0 1.0
238000 240000 4 2 384 384 381 2479 2479 605 605 2 1140185 1118568 0 15 2 602 995 109 519 365 4400 4400 4400 0 128 128 128 0 1 1.0 1.0
240000 242000 4 2 342 342 339 2524 2524 498 498 3 844972 815195 0 21 3 495 993 92 527 369 4400 4400 4400 0 128 128 128 0 1 1.0 1.0
242000 244000 4 2 464 464 461 2500 2500 736 736 2 1195657 1171945 0 16 2 733 999 207 551 331 4400 4400 4400 0 128 128 128 0 1 1.0 1.0
244000 246000 4 2 472 472 469 2496 2496 713 713 2 1135107 1099437 0 24 2 710 985 123 525 355 4400 4400 4400 0 128 128 128 0 1 1.0 1.0
246000 248000 4 2 395 395 392 2514 2514 642 642 3 1082615 1046389 0 24 3 639 983 95 523 365 4400 4400 4400 0 128 128 128 0 1 1.0 1.0
248000 250000 4 2 432 432 429 2474 2474 694 694 2 1152290 1132690 0 14 2 691 996 96 514 370 4400 4400 4400 0 128 128 128 0 1 1.0 1.0
250000 252000 4 2 422 422 419 2516 2516 682 682 3 1117885 1099685 0 13 3 679 978 117 528 353 4400 4400 4400 0 128 128 128 0 1 1.0 1.0
252000 254000 4 2 331 331 328 2509 2509 533 533 3 891671 875356 0 11 3 530 985 118 527 357 4400 4400 4400 0 128 128 128 0 1 1.0 1.0
254000 256000 4 2 482 482 479 2471 2471 739 739 2 1230434 1218748 0 8 2 736 997 186 536 338 4400 4400 4400 0 128 128 128 0 1 1.0 1.0
256000 258000 6 3 482 482 479 2579 2579 738 738 3 1209077 1165810 0 31 3 733 986 0 420 331 3000 3000 3000 0 128 128 128 0 1 1.0 1.0
258000 260000 5 2 352 352 349 2490 2490 515 515 2 819923 735265 0 58 2 513 978 205 498 295 3000 3000 3000 0 128 128 128 0 1 1.0 1.0
260000 262000 5 2 306 306 303 2536 2536 492 492 3 798917 742389 0 39 3 489 999 218 506 300 3000 3000 3000 0 128 128 128 0 1 1.0 1.0
262000 264000 6 2 548 548 543 4016 4016 903 903 4 1452253 1389177 0 44 4 898 973 115 612 328 3000 3000 3000 0 128 128 128 0 2 2.0 1.0
264000 266000 4 2 330 330 327 2596 2596 498 498 3 822931 793550 0 20 3 494 999 23 533 399 4400 4400 4400 0 128 128 128 0 1 1.0 1.0
266000 268000 4 2 409 409 406 2502 2502 639 639 3 1074099 1050574 0 16 3 636 999 85 521 376 4400 4400 4400 0 128 128 128 0 1 1.0 1.0
268000 270000 4 2 369 369 366 2504 2504 605 605 3 1020382 1010633 0 7 3 602 996 115 528 363 4400 4400 4400 0 128 128 128 0 1 1.0 1.0
270000 272000 4 2 457 457 454 2496 2496 719 719 2 1158638 1131419 0 18 2 716 978 107 519 358 4400 4400 4400 0 128 128 128 0 1 1.0 1.0
272000 274000 4 2 483 483 480 2506 2506 749 749 3 1236039 1206689 0 19 3 746 991 73 517 377 4400 4400 4400 0 128 128 128 0 1 1.0 1.0
274000 276000 4 2 446 446 443 2501 2501 652 652 2 1093943 1058743 0 24 2 649 998 74 517 380 4400 4400 4400 0 128 128 128 0 1 1.0 1.0
276000 278000 4 2 413 413 410 2504 2504 655 655 3 1071967 1033901 0 25 3 652 995 115 528 362 4400 4400 4400 0 128 128 128 0 1 1.0 1.0
278000 280000 4 2 451 451 448 2493 2493 682 682 2 1123080 1089126 0 23 2 679 979 97 516 363 4400 4400 4400 0 128 128 128 0 1 1.0 1.0
280000 282000 4 2 421 421 418 2499 2499 654 654 2 1071559 1043947 0 18 2 651 979 137 528 347 4400 4400 4400 0 128 128 128 0 1 1.0 1.0
282000 284000 4 2 459 459 456 2510 2510 730 730 3 1203899 1172072 0 21 3 727 984 113 526 358 4400 4400 4400 0 128 128 128 0 1 1.0 1.0
284000 286000 4 2 399 399 396 2495 2495 627 627 2 1096537 1081137 0 10 2 624 986 95 518 366 4400 4400 4400 0 128 128 128 0 1 1.0 1.0
286000 288000 4 2 370 370 367 2506 2506 622 622 3 1033252 1016452 0 12 3 619 989 69 516 377 4400 4400 4400 0 128 128 128 0 1 1.0 1.0
288000 290000 4 2 428 428 425 2506 2506 678 678 3 1097951 1072751 0 17 3 675 992 61 514 382 4400 4400 4400 0 128 128 128 0 1 1.0 1.0
290000 292000 4 2 429 429 426 2498 2498 746 746 2 1227454 1220454 0 5 2 743 997 258 562 313 4400 4400 4400 0 128 128 128 0 1 1.0 1.0
292000 294000 4 2 386 386 383 2512 2512 608 608 3 1030837 1022437 0 6 3 605 986 79 519 373 4400 4400 4400 0 128 128 128 0 1 1.0 1.0
294000 296000 4 2 452 452 449 2477 2477 721 721 2 1218272 1202872 0 11 2 718 998 121 522 362 4400 4400 4400 0 128 128 128 0 1 1.0 1.0
296000 298000 4 2 361 361 358 2510 2510 589 589 3 995049 976849 0 13 3 586 983 67 515 375 4400 4400 4400 0 128 128 128 0 1 1.0 1.0
298000 300000 4 2 441 441 438 2496 2496 689 689 2 1150545 1125146 0 17 2 686 998 152 535 349 4400 4400 4400 0 128 128 128 0 1 1.0 1.0
