ts te nbins ncons c_tcp_packs c_tcp_bytes c_udp_packs c_udp_bytes s_tcp_packs s_tcp_bytes s_udp_packs s_udp_bytes max_bins_span min_bins_span avg_bins_span std_bins_span max_video_rate min_video_rate avg_video_rate std_video_rate max_audio_rate min_audio_rate avg_audio_rate std_audio_rate video_requests audio_requests
0 1000 22 21 139 54406 0 0 201 143638 0 0 864 0 232 259 0 0 0 0 0 0 0 0 0 0
1000 2000 16 14 51 7764 7 3206 71 30642 10 5981 827 16 181 208 0 0 0 0 0 0 0 0 0 0
2000 3000 3 3 5 179 0 0 7 2626 0 0 179 0 108 95 0 0 0 0 0 0 0 0 0 0
3000 4000 4 4 12 2924 0 0 14 2166 0 0 712 35 254 308 0 0 0 0 0 0 0 0 0 0
4000 5000 10 9 213 12614 0 0 365 470390 0 0 916 22 323 277 0 0 0 0 0 0 0 0 0 0
5000 6000 10 8 2390 25147 0 0 6349 9408291 0 0 916 83 461 250 0 0 0 0 0 0 0 0 0 0
6000 7000 4 4 176 2154 0 0 468 693412 0 0 331 5 114 147 4400 4400 4400 0 128 128 128 0 2 2
7000 8000 3 3 21 10377 0 0 27 2807 0 0 394 224 293 89 4400 4400 4400 0 128 128 128 0 6 5
8000 9000 14 14 25 5815 110 32979 27 8205 177 159904 407 22 126 90 0 0 0 0 128 128 128 0 0 1
9000 10000 15 15 63 17859 31 19139 80 16041 37 14802 315 1 124 96 0 0 0 0 0 0 0 0 0 0
10000 11000 3 3 28 61928 36 7116 38 844 64 65584 803 228 441 315 4400 4400 4400 0 128 128 128 0 2 3
11000 12000 3 2 5 3150 21 3361 6 990 34 19540 420 174 266 134 0 0 0 0 0 0 0 0 0 0
12000 13000 0 0 0 0 0 0 0 0 0 0 0 0 0 0 0 0 0 0 0 0 0 0 0 0
13000 14000 1 1 0 0 2 994 0 0 2 82 81 81 81 0 0 0 0 0 0 0 0 0 0 0
14000 15000 3 3 3 1425 4 802 4 990 4 511 372 36 246 182 8000 8000 8000 0 128 128 128 0 1 1
15000 16000 0 0 0 0 0 0 0 0 0 0 0 0 0 0 0 0 0 0 0 0 0 0 0 0
16000 17000 1 1 2 1458 0 0 4 1709 0 0 52 52 52 0 0 0 0 0 0 0 0 0 0 0
17000 18000 2 2 5 3636 0 0 9 2607 0 0 95 69 82 18 0 0 0 0 0 0 0 0 0 0
18000 19000 0 0 0 0 0 0 0 0 0 0 0 0 0 0 0 0 0 0 0 0 0 0 0 0
19000 20000 0 0 0 0 0 0 0 0 0 0 0 0 0 0 0 0 0 0 0 0 0 0 0 0
20000 21000 2 2 10 15038 0 0 13 844 0 0 236 188 212 34 0 0 0 0 0 0 0 0 0 0
21000 22000 1 1 1 0 0 0 1 0 0 0 26 26 26 0 0 0 0 0 0 0 0 0 0 0
22000 23000 0 0 0 0 0 0 0 0 0 0 0 0 0 0 0 0 0 0 0 0 0 0 0 0
23000 24000 0 0 0 0 0 0 0 0 0 0 0 0 0 0 0 0 0 0 0 0 0 0 0 0
24000 25000 0 0 0 0 0 0 0 0 0 0 0 0 0 0 0 0 0 0 0 0 0 0 0 0
25000 26000 0 0 0 0 0 0 0 0 0 0 0 0 0 0 0 0 0 0 0 0 0 0 0 0
26000 27000 1 1 2 1259 0 0 3 1476 0 0 56 56 56 0 0 0 0 0 0 0 0 0 0 0
27000 28000 3 3 16 7873 0 0 23 3182 0 0 205 65 122 73 0 0 0 0 0 0 0 0 0 0
28000 29000 0 0 0 0 0 0 0 0 0 0 0 0 0 0 0 0 0 0 0 0 0 0 0 0
29000 30000 0 0 0 0 0 0 0 0 0 0 0 0 0 0 0 0 0 0 0 0 0 0 0 0
30000 31000 5 5 63 135662 0 0 78 1658 0 0 481 27 250 160 8000 8000 8000 0 128 128 128 0 1 1
31000 32000 0 0 0 0 0 0 0 0 0 0 0 0 0 0 0 0 0 0 0 0 0 0 0 0
32000 33000 0 0 0 0 0 0 0 0 0 0 0 0 0 0 0 0 0 0 0 0 0 0 0 0
33000 34000 0 0 0 0 0 0 0 0 0 0 0 0 0 0 0 0 0 0 0 0 0 0 0 0
34000 35000 0 0 0 0 0 0 0 0 0 0 0 0 0 0 0 0 0 0 0 0 0 0 0 0
35000 36000 1 1 2 35 0 0 2 31 0 0 24 24 24 0 8000 8000 8000 0 128 128 128 0 1 1
36000 37000 1 1 2 1468 0 0 4 1719 0 0 58 58 58 0 0 0 0 0 0 0 0 0 0 0
37000 38000 5 5 7 3673 4 2216 11 2635 5 2684 86 30 55 24 8000 8000 8000 0 128 128 128 0 1 1
38000 39000 3 3 2 35 7 4391 2 31 10 5325 82 20 61 35 0 0 0 0 0 0 0 0 0 0
39000 40000 6 6 6 0 0 0 6 0 0 0 21 21 21 0 0 0 0 0 0 0 0 0 0 0
40000 41000 3 3 10 12367 0 0 12 1339 0 0 399 169 254 125 8000 8000 8000 0 128 128 128 0 1 1
41000 42000 7 7 7 0 0 0 7 0 0 0 104 19 37 30 8000 8000 8000 0 128 128 128 0 1 1
42000 43000 0 0 0 0 0 0 0 0 0 0 0 0 0 0 0 0 0 0 0 0 0 0 0 0
43000 44000 2 2 2 0 0 0 2 0 0 0 19 19 19 0 0 0 0 0 0 0 0 0 0 0
44000 45000 0 0 0 0 0 0 0 0 0 0 0 0 0 0 0 0 0 0 0 0 0 0 0 0
45000 46000 7 7 9 5318 0 0 9 407 0 0 174 4 43 58 0 0 0 0 0 0 0 0 0 0
46000 47000 5 5 5 2510 0 0 6 1290 0 0 52 22 34 15 8000 8000 8000 0 128 128 128 0 2 2
47000 48000 7 7 23 8253 0 0 29 8702 0 0 225 15 69 79 0 0 0 0 0 0 0 0 0 0
48000 49000 2 2 2 0 0 0 2 0 0 0 77 29 53 33 8000 8000 8000 0 128 128 128 0 1 1
49000 50000 3 3 9 686 0 0 10 183 0 0 468 23 171 256 0 0 0 0 0 0 0 0 0 0
50000 51000 4 4 10 11254 0 0 8 844 0 0 178 21 121 74 8000 8000 8000 0 128 128 128 0 1 1
51000 52000 3 3 3 0 0 0 3 0 0 0 19 15 17 1 0 0 0 0 0 0 0 0 0 0
52000 53000 0 0 0 0 0 0 0 0 0 0 0 0 0 0 0 0 0 0 0 0 0 0 0 0
53000 54000 3 3 3 0 0 0 3 0 0 0 27 27 27 0 0 0 0 0 0 0 0 0 0 0
54000 55000 2 2 2 0 0 0 2 0 0 0 24 18 21 4 0 0 0 0 0 0 0 0 0 0
55000 56000 5 5 3 0 0 0 3 0 0 0 20 16 17 2 0 0 0 0 0 0 0 0 0 0
56000 57000 5 5 1 0 0 0 1 0 0 0 17 2 6 6 8000 8000 8000 0 128 128 128 0 2 2
57000 58000 2 2 9 5108 0 0 13 4327 0 0 145 145 145 0 0 0 0 0 0 0 0 0 0 0
58000 59000 0 0 0 0 0 0 0 0 0 0 0 0 0 0 0 0 0 0 0 0 0 0 0 0
59000 60000 0 0 0 0 0 0 0 0 0 0 0 0 0 0 0 0 0 0 0 0 0 0 0 0
60000 61000 17 17 40 12265 0 0 44 1106 0 0 198 0 151 78 8000 8000 8000 0 128 128 128 0 2 2
61000 62000 0 0 0 0 0 0 0 0 0 0 0 0 0 0 0 0 0 0 0 0 0 0 0 0
62000 63000 0 0 0 0 0 0 0 0 0 0 0 0 0 0 0 0 0 0 0 0 0 0 0 0
63000 64000 0 0 0 0 0 0 0 0 0 0 0 0 0 0 0 0 0 0 0 0 0 0 0 0
64000 65000 2 2 43 97642 0 0 81 4015 0 0 187 3 95 130 0 0 0 0 0 0 0 0 0 0
65000 66000 3 3 15 29783 0 0 27 1673 0 0 178 16 83 84 0 0 0 0 0 0 0 0 0 0
66000 67000 0 0 0 0 0 0 0 0 0 0 0 0 0 0 0 0 0 0 0 0 0 0 0 0
67000 68000 3 3 9 5140 0 0 16 4358 0 0 133 15 77 59 8000 8000 8000 0 128 128 128 0 1 1
68000 69000 1 1 1 35 0 0 2 31 0 0 17 17 17 0 0 0 0 0 0 0 0 0 0 0
69000 70000 0 0 0 0 0 0 0 0 0 0 0 0 0 0 0 0 0 0 0 0 0 0 0 0
70000 71000 4 4 14 13456 0 0 17 844 0 0 273 32 145 130 8000 8000 8000 0 128 128 128 0 1 1
71000 72000 0 0 0 0 0 0 0 0 0 0 0 0 0 0 0 0 0 0 0 0 0 0 0 0
72000 73000 0 0 0 0 0 0 0 0 0 0 0 0 0 0 0 0 0 0 0 0 0 0 0 0
73000 74000 0 0 0 0 0 0 0 0 0 0 0 0 0 0 0 0 0 0 0 0 0 0 0 0
74000 75000 0 0 0 0 0 0 0 0 0 0 0 0 0 0 0 0 0 0 0 0 0 0 0 0
75000 76000 0 0 0 0 0 0 0 0 0 0 0 0 0 0 0 0 0 0 0 0 0 0 0 0
76000 77000 2 2 2 0 0 0 2 0 0 0 25 24 25 0 0 0 0 0 0 0 0 0 0 0
77000 78000 1 1 3 0 0 0 4 77 0 0 16 16 16 0 0 0 0 0 0 0 0 0 0 0
78000 79000 0 0 0 0 0 0 0 0 0 0 0 0 0 0 0 0 0 0 0 0 0 0 0 0
79000 80000 0 0 0 0 0 0 0 0 0 0 0 0 0 0 0 0 0 0 0 0 0 0 0 0
80000 81000 3 3 10 11927 0 0 12 1339 0 0 189 176 182 6 8000 8000 8000 0 128 128 128 0 1 1
81000 82000 0 0 0 0 0 0 0 0 0 0 0 0 0 0 0 0 0 0 0 0 0 0 0 0
82000 83000 0 0 0 0 0 0 0 0 0 0 0 0 0 0 0 0 0 0 0 0 0 0 0 0
83000 84000 0 0 0 0 0 0 0 0 0 0 0 0 0 0 0 0 0 0 0 0 0 0 0 0
84000 85000 1 1 1 0 0 0 1 0 0 0 33 33 33 0 0 0 0 0 0 0 0 0 0 0
85000 86000 1 1 3 4373 0 0 4 497 0 0 173 173 173 0 0 0 0 0 0 0 0 0 0 0
86000 87000 2 2 0 224 0 0 0 25 0 0 300 8 154 205 8000 8000 8000 0 128 128 128 0 3 3
87000 88000 1 1 0 0 0 0 0 0 0 0 106 106 106 0 0 0 0 0 0 0 0 0 0 0
88000 89000 2 2 2 0 0 0 2 0 0 0 147 143 145 2 8000 8000 8000 0 128 128 128 0 1 1
89000 90000 0 0 0 0 0 0 0 0 0 0 0 0 0 0 0 0 0 0 0 0 0 0 0 0
90000 91000 5 5 11 11298 0 0 14 875 0 0 201 18 95 89 0 0 0 0 0 0 0 0 0 0
91000 92000 0 0 0 0 0 0 0 0 0 0 0 0 0 0 0 0 0 0 0 0 0 0 0 0
92000 93000 7 7 4 0 0 0 4 0 0 0 156 156 156 0 8000 8000 8000 0 128 128 128 0 2 2
93000 94000 7 7 2 0 0 0 2 0 0 0 62 62 62 0 0 0 0 0 0 0 0 0 0 0
94000 95000 5 5 5 0 0 0 5 0 0 0 25 16 19 3 8000 8000 8000 0 128 128 128 0 1 1
95000 96000 1 1 1 35 0 0 2 31 0 0 23 23 23 0 0 0 0 0 0 0 0 0 0 0
96000 97000 4 4 4 0 0 0 4 0 0 0 17 15 16 0 8000 8000 8000 0 128 128 128 0 1 1
97000 98000 1 1 1 35 0 0 2 31 0 0 17 17 17 0 0 0 0 0 0 0 0 0 0 0
98000 99000 4 4 1 35 13 6689 2 31 16 8015 82 12 48 37 0 0 0 0 0 0 0 0 0 0
99000 100000 1 1 0 0 0 0 0 0 0 0 6 6 6 0 0 0 0 0 0 0 0 0 0 0
100000 101000 2 2 10 12228 0 0 11 844 0 0 273 172 222 71 8000 8000 8000 0 128 128 128 0 2 2
101000 102000 7 7 7 0 0 0 7 0 0 0 20 16 17 1 0 0 0 0 0 0 0 0 0 0
102000 103000 0 0 0 0 0 0 0 0 0 0 0 0 0 0 0 0 0 0 0 0 0 0 0 0
103000 104000 0 0 0 0 0 0 0 0 0 0 0 0 0 0 0 0 0 0 0 0 0 0 0 0
104000 105000 0 0 0 0 0 0 0 0 0 0 0 0 0 0 0 0 0 0 0 0 0 0 0 0
105000 106000 0 0 0 0 0 0 0 0 0 0 0 0 0 0 0 0 0 0 0 0 0 0 0 0
106000 107000 0 0 0 0 0 0 0 0 0 0 0 0 0 0 0 0 0 0 0 0 0 0 0 0
107000 108000 0 0 0 0 0 0 0 0 0 0 0 0 0 0 0 0 0 0 0 0 0 0 0 0
108000 109000 0 0 0 0 0 0 0 0 0 0 0 0 0 0 0 0 0 0 0 0 0 0 0 0
109000 110000 0 0 0 0 0 0 0 0 0 0 0 0 0 0 0 0 0 0 0 0 0 0 0 0
110000 111000 2 2 8 10335 0 0 9 844 0 0 274 220 247 38 8000 8000 8000 0 128 128 128 0 2 2
111000 112000 1 1 1 0 0 0 1 0 0 0 16 16 16 0 0 0 0 0 0 0 0 0 0 0
112000 113000 1 1 1 0 0 0 1 0 0 0 16 16 16 0 0 0 0 0 0 0 0 0 0 0
113000 114000 0 0 0 0 0 0 0 0 0 0 0 0 0 0 0 0 0 0 0 0 0 0 0 0
114000 115000 0 0 0 0 0 0 0 0 0 0 0 0 0 0 0 0 0 0 0 0 0 0 0 0
115000 116000 0 0 0 0 0 0 0 0 0 0 0 0 0 0 0 0 0 0 0 0 0 0 0 0
116000 117000 0 0 0 0 0 0 0 0 0 0 0 0 0 0 0 0 0 0 0 0 0 0 0 0
117000 118000 0 0 0 0 0 0 0 0 0 0 0 0 0 0 0 0 0 0 0 0 0 0 0 0
118000 119000 0 0 0 0 0 0 0 0 0 0 0 0 0 0 0 0 0 0 0 0 0 0 0 0
119000 120000 0 0 0 0 0 0 0 0 0 0 0 0 0 0 0 0 0 0 0 0 0 0 0 0
120000 121000 4 4 13 13154 0 0 13 1370 0 0 305 17 191 124 8000 8000 8000 0 128 128 128 0 1 1
121000 122000 6 6 44 4580 0 0 137 179080 0 0 188 10 78 79 0 0 0 0 0 0 0 0 0 0
122000 123000 6 6 23 340 34 18372 51 69817 47 20625 213 16 108 74 0 0 0 0 0 0 0 0 0 0
123000 124000 2 2 695 2498 2 861 1628 2395354 2 1135 571 32 302 381 8000 8000 8000 0 128 128 128 0 2 2
124000 125000 2 2 46 109677 0 0 85 632 0 0 147 99 123 34 0 0 0 0 0 0 0 0 0 0
125000 126000 4 4 23 11653 0 0 29 6920 0 0 779 25 306 328 0 0 0 0 0 0 0 0 0 0
126000 127000 1 1 0 324 0 0 0 36 0 0 13 13 13 0 8000 8000 8000 0 128 128 128 0 1 1
127000 128000 3 3 20 7642 0 0 28 9915 0 0 192 16 110 88 0 0 0 0 0 0 0 0 0 0
128000 129000 1 1 1 35 0 0 2 31 0 0 23 23 23 0 8000 8000 8000 0 128 128 128 0 1 1
129000 130000 1 1 1 0 0 0 1 0 0 0 32 32 32 0 8000 8000 8000 0 128 128 128 0 1 1
130000 131000 2 2 13 20754 0 0 15 844 0 0 235 227 231 5 0 0 0 0 0 0 0 0 0 0
131000 132000 0 0 0 0 0 0 0 0 0 0 0 0 0 0 0 0 0 0 0 0 0 0 0 0
132000 133000 0 0 0 0 0 0 0 0 0 0 0 0 0 0 0 0 0 0 0 0 0 0 0 0
133000 134000 2 2 2 0 0 0 2 0 0 0 19 16 17 1 0 0 0 0 0 0 0 0 0 0
134000 135000 0 0 0 0 0 0 0 0 0 0 0 0 0 0 0 0 0 0 0 0 0 0 0 0
135000 136000 3 3 5 0 0 0 5 77 0 0 17 16 16 0 0 0 0 0 0 0 0 0 0 0
136000 137000 0 0 0 0 0 0 0 0 0 0 0 0 0 0 0 0 0 0 0 0 0 0 0 0
137000 138000 1 1 3 0 0 0 2 77 0 0 10 10 10 0 0 0 0 0 0 0 0 0 0 0
138000 139000 5 5 5 0 0 0 5 0 0 0 18 16 17 1 8000 8000 8000 0 128 128 128 0 1 1
139000 140000 5 5 5 0 0 0 5 0 0 0 24 21 23 1 0 0 0 0 0 0 0 0 0 0
140000 141000 2 2 8 9430 0 0 8 844 0 0 184 164 174 14 8000 8000 8000 0 128 128 128 0 2 2
141000 142000 4 4 0 0 0 0 0 0 0 0 4 4 4 0 0 0 0 0 0 0 0 0 0 0
142000 143000 4 4 3 0 0 0 3 0 0 0 13 13 13 0 8000 8000 8000 0 128 128 128 0 1 1
143000 144000 0 0 0 0 0 0 0 0 0 0 0 0 0 0 0 0 0 0 0 0 0 0 0 0
144000 145000 1 1 1 0 0 0 1 0 0 0 14 14 14 0 0 0 0 0 0 0 0 0 0 0
145000 146000 0 0 0 0 0 0 0 0 0 0 0 0 0 0 0 0 0 0 0 0 0 0 0 0
146000 147000 7 7 7 0 0 0 7 0 0 0 30 21 25 3 8000 8000 8000 0 128 128 128 0 2 2
147000 148000 0 0 0 0 0 0 0 0 0 0 0 0 0 0 0 0 0 0 0 0 0 0 0 0
148000 149000 0 0 0 0 0 0 0 0 0 0 0 0 0 0 0 0 0 0 0 0 0 0 0 0
149000 150000 0 0 0 0 0 0 0 0 0 0 0 0 0 0 0 0 0 0 0 0 0 0 0 0
150000 151000 3 3 10 12029 0 0 12 875 0 0 189 15 128 97 8000 8000 8000 0 128 128 128 0 1 1
151000 152000 0 0 0 0 0 0 0 0 0 0 0 0 0 0 0 0 0 0 0 0 0 0 0 0
152000 153000 0 0 0 0 0 0 0 0 0 0 0 0 0 0 0 0 0 0 0 0 0 0 0 0
153000 154000 0 0 0 0 0 0 0 0 0 0 0 0 0 0 0 0 0 0 0 0 0 0 0 0
154000 155000 0 0 0 0 0 0 0 0 0 0 0 0 0 0 0 0 0 0 0 0 0 0 0 0
155000 156000 1 1 1 35 0 0 2 31 0 0 14 14 14 0 0 0 0 0 0 0 0 0 0 0
156000 157000 0 0 0 0 0 0 0 0 0 0 0 0 0 0 0 0 0 0 0 0 0 0 0 0
157000 158000 1 1 1 35 0 0 2 31 0 0 24 24 24 0 0 0 0 0 0 0 0 0 0 0
158000 159000 3 3 1 35 14 6724 2 31 18 9312 108 22 68 43 0 0 0 0 0 0 0 0 0 0
159000 160000 0 0 0 0 0 0 0 0 0 0 0 0 0 0 0 0 0 0 0 0 0 0 0 0
160000 161000 3 3 9 10962 0 0 8 1335 0 0 650 180 371 246 8000 8000 8000 0 128 128 128 0 2 2
161000 162000 1 1 0 39 0 0 0 3 0 0 5 5 5 0 8000 8000 8000 0 128 128 128 0 1 1
162000 163000 0 0 0 0 0 0 0 0 0 0 0 0 0 0 0 0 0 0 0 0 0 0 0 0
163000 164000 0 0 0 0 0 0 0 0 0 0 0 0 0 0 0 0 0 0 0 0 0 0 0 0
164000 165000 0 0 0 0 0 0 0 0 0 0 0 0 0 0 0 0 0 0 0 0 0 0 0 0
165000 166000 1 1 3 3946 0 0 3 445 0 0 173 173 173 0 8000 8000 8000 0 128 128 128 0 1 1
166000 167000 5 5 4 681 0 0 4 77 0 0 29 20 22 4 0 0 0 0 0 0 0 0 0 0
167000 168000 0 0 0 0 0 0 0 0 0 0 0 0 0 0 0 0 0 0 0 0 0 0 0 0
168000 169000 2 2 2 0 0 0 2 0 0 0 20 20 20 0 0 0 0 0 0 0 0 0 0 0
169000 170000 0 0 0 0 0 0 0 0 0 0 0 0 0 0 0 0 0 0 0 0 0 0 0 0
170000 171000 3 3 12 12810 0 0 11 844 0 0 214 16 145 111 0 0 0 0 0 0 0 0 0 0
171000 172000 0 0 0 0 0 0 0 0 0 0 0 0 0 0 0 0 0 0 0 0 0 0 0 0
172000 173000 1 1 1 0 0 0 1 0 0 0 24 24 24 0 8000 8000 8000 0 128 128 128 0 1 1
173000 174000 0 0 0 0 0 0 0 0 0 0 0 0 0 0 0 0 0 0 0 0 0 0 0 0
174000 175000 1 1 1 0 0 0 1 0 0 0 31 31 31 0 8000 8000 8000 0 128 128 128 0 1 1
175000 176000 0 0 0 0 0 0 0 0 0 0 0 0 0 0 0 0 0 0 0 0 0 0 0 0
176000 177000 0 0 0 0 0 0 0 0 0 0 0 0 0 0 0 0 0 0 0 0 0 0 0 0
177000 178000 0 0 0 0 0 0 0 0 0 0 0 0 0 0 0 0 0 0 0 0 0 0 0 0
178000 179000 0 0 0 0 0 0 0 0 0 0 0 0 0 0 0 0 0 0 0 0 0 0 0 0
179000 180000 0 0 0 0 0 0 0 0 0 0 0 0 0 0 0 0 0 0 0 0 0 0 0 0
180000 181000 7 7 13 9778 0 0 14 875 0 0 210 16 67 87 8000 8000 8000 0 128 128 128 0 1 1
181000 182000 0 0 0 0 0 0 0 0 0 0 0 0 0 0 0 0 0 0 0 0 0 0 0 0
182000 183000 0 0 0 0 0 0 0 0 0 0 0 0 0 0 0 0 0 0 0 0 0 0 0 0
183000 184000 0 0 0 0 0 0 0 0 0 0 0 0 0 0 0 0 0 0 0 0 0 0 0 0
184000 185000 2 2 46 108949 0 0 89 662 0 0 174 71 123 72 0 0 0 0 0 0 0 0 0 0
185000 186000 12 12 12 852 0 0 13 342 0 0 121 15 38 26 0 0 0 0 0 0 0 0 0 0
186000 187000 0 0 0 0 0 0 0 0 0 0 0 0 0 0 0 0 0 0 0 0 0 0 0 0
187000 188000 7 7 24 7745 0 0 33 9918 0 0 198 17 60 75 0 0 0 0 0 0 0 0 0 0
188000 189000 1 1 1 35 0 0 2 31 0 0 19 19 19 0 8000 8000 8000 0 0 0 0 0 1 0
189000 190000 1 1 1 0 0 0 1 0 0 0 21 21 21 0 0 0 0 0 128 128 128 0 0 1
190000 191000 2 2 10 12892 0 0 11 844 0 0 210 206 208 2 8000 8000 8000 0 128 128 128 0 1 1
191000 192000 7 7 7 0 0 0 7 0 0 0 20 16 19 1 0 0 0 0 0 0 0 0 0 0
192000 193000 0 0 0 0 0 0 0 0 0 0 0 0 0 0 0 0 0 0 0 0 0 0 0 0
193000 194000 0 0 0 0 0 0 0 0 0 0 0 0 0 0 0 0 0 0 0 0 0 0 0 0
194000 195000 0 0 0 0 0 0 0 0 0 0 0 0 0 0 0 0 0 0 0 0 0 0 0 0
195000 196000 0 0 0 0 0 0 0 0 0 0 0 0 0 0 0 0 0 0 0 0 0 0 0 0
196000 197000 0 0 0 0 0 0 0 0 0 0 0 0 0 0 0 0 0 0 0 0 0 0 0 0
197000 198000 1 1 2 0 0 0 2 77 0 0 1 1 1 0 0 0 0 0 0 0 0 0 0 0
198000 199000 0 0 0 0 0 0 0 0 0 0 0 0 0 0 0 0 0 0 0 0 0 0 0 0
199000 200000 0 0 0 0 0 0 0 0 0 0 0 0 0 0 0 0 0 0 0 0 0 0 0 0
200000 201000 3 3 13 13512 0 0 13 1834 0 0 505 198 317 164 8000 8000 8000 0 128 128 128 0 1 1
201000 202000 0 0 0 0 0 0 0 0 0 0 0 0 0 0 0 0 0 0 0 0 0 0 0 0
202000 203000 0 0 0 0 0 0 0 0 0 0 0 0 0 0 0 0 0 0 0 0 0 0 0 0
203000 204000 0 0 0 0 0 0 0 0 0 0 0 0 0 0 0 0 0 0 0 0 0 0 0 0
204000 205000 0 0 0 0 0 0 0 0 0 0 0 0 0 0 0 0 0 0 0 0 0 0 0 0
205000 206000 1 1 3 3719 0 0 4 419 0 0 175 175 175 0 0 0 0 0 0 0 0 0 0 0
206000 207000 1 1 0 919 0 0 0 103 0 0 43 43 43 0 8000 8000 8000 0 128 128 128 0 2 2
207000 208000 0 0 0 0 0 0 0 0 0 0 0 0 0 0 0 0 0 0 0 0 0 0 0 0
208000 209000 0 0 0 0 0 0 0 0 0 0 0 0 0 0 0 0 0 0 0 0 0 0 0 0
209000 210000 0 0 0 0 0 0 0 0 0 0 0 0 0 0 0 0 0 0 0 0 0 0 0 0
210000 211000 3 3 10 12257 0 0 12 875 0 0 196 24 129 91 8000 8000 8000 0 128 128 128 0 1 1
211000 212000 4 4 4 0 0 0 4 0 0 0 22 22 22 0 0 0 0 0 0 0 0 0 0 0
212000 213000 0 0 0 0 0 0 0 0 0 0 0 0 0 0 0 0 0 0 0 0 0 0 0 0
213000 214000 2 2 2 0 0 0 2 0 0 0 15 15 15 0 0 0 0 0 0 0 0 0 0 0
214000 215000 0 0 0 0 0 0 0 0 0 0 0 0 0 0 0 0 0 0 0 0 0 0 0 0
215000 216000 1 1 1 35 0 0 2 31 0 0 24 24 24 0 0 0 0 0 0 0 0 0 0 0
216000 217000 0 0 0 0 0 0 0 0 0 0 0 0 0 0 0 0 0 0 0 0 0 0 0 0
217000 218000 1 1 1 35 0 0 2 31 0 0 18 18 18 0 0 0 0 0 0 0 0 0 0 0
218000 219000 3 3 1 35 17 8037 2 31 19 10559 166 76 121 45 8000 8000 8000 0 128 128 128 0 2 2
219000 220000 1 1 1 0 0 0 1 0 0 0 22 22 22 0 0 0 0 0 0 0 0 0 0 0
220000 221000 2 2 11 10338 0 0 10 1266 0 0 407 352 379 39 8000 8000 8000 0 128 128 128 0 1 1
221000 222000 0 0 0 0 0 0 0 0 0 0 0 0 0 0 0 0 0 0 0 0 0 0 0 0
222000 223000 0 0 0 0 0 0 0 0 0 0 0 0 0 0 0 0 0 0 0 0 0 0 0 0
223000 224000 0 0 0 0 0 0 0 0 0 0 0 0 0 0 0 0 0 0 0 0 0 0 0 0
224000 225000 0 0 0 0 0 0 0 0 0 0 0 0 0 0 0 0 0 0 0 0 0 0 0 0
225000 226000 4 4 4 0 0 0 4 0 0 0 32 32 32 0 0 0 0 0 0 0 0 0 0 0
226000 227000 0 0 0 0 0 0 0 0 0 0 0 0 0 0 0 0 0 0 0 0 0 0 0 0
227000 228000 0 0 0 0 0 0 0 0 0 0 0 0 0 0 0 0 0 0 0 0 0 0 0 0
228000 229000 0 0 0 0 0 0 0 0 0 0 0 0 0 0 0 0 0 0 0 0 0 0 0 0
229000 230000 0 0 0 0 0 0 0 0 0 0 0 0 0 0 0 0 0 0 0 0 0 0 0 0
230000 231000 13 13 19 9160 0 0 19 844 0 0 266 22 54 80 8000 8000 8000 0 128 128 128 0 2 2
231000 232000 0 0 0 0 0 0 0 0 0 0 0 0 0 0 0 0 0 0 0 0 0 0 0 0
232000 233000 5 5 5 0 0 0 5 0 0 0 47 19 27 11 8000 8000 8000 0 128 128 128 0 1 1
233000 234000 0 0 0 0 0 0 0 0 0 0 0 0 0 0 0 0 0 0 0 0 0 0 0 0
234000 235000 2 2 3 0 0 0 4 39 0 0 29 24 26 3 0 0 0 0 0 0 0 0 0 0
235000 236000 0 0 0 0 0 0 0 0 0 0 0 0 0 0 0 0 0 0 0 0 0 0 0 0
236000 237000 7 7 7 0 0 0 7 0 0 0 28 23 26 2 8000 8000 8000 0 128 128 128 0 2 2
237000 238000 1 1 2 0 0 0 3 39 0 0 16 16 16 0 0 0 0 0 0 0 0 0 0 0
238000 239000 1 1 2 0 0 0 3 39 0 0 19 19 19 0 0 0 0 0 0 0 0 0 0 0
239000 240000 0 0 0 0 0 0 0 0 0 0 0 0 0 0 0 0 0 0 0 0 0 0 0 0
240000 241000 7 7 20 12804 0 0 26 2021 0 0 379 16 142 156 8000 8000 8000 0 128 128 128 0 2 2
241000 242000 5 5 58 4486 0 0 135 179005 0 0 189 17 85 71 0 0 0 0 0 0 0 0 0 0
242000 243000 9 9 73 4206 37 18055 101 197306 52 21771 435 17 191 151 8000 8000 8000 0 128 128 128 0 1 1
243000 244000 6 4 24 9065 0 0 34 11001 0 0 745 0 243 324 0 0 0 0 0 0 0 0 0 0
244000 245000 2 2 46 109611 0 0 87 570 0 0 153 92 123 43 8000 8000 8000 0 128 128 128 0 1 1
245000 246000 7 7 27 11199 0 0 35 6541 0 0 842 17 183 299 0 0 0 0 0 0 0 0 0 0
246000 247000 2 2 1 913 0 0 1 595 0 0 41 0 20 29 8000 8000 8000 0 128 128 128 0 1 1
247000 248000 3 3 5 1574 0 0 9 1873 0 0 79 15 37 36 0 0 0 0 0 0 0 0 0 0
248000 249000 3 3 7 3616 0 0 11 2562 0 0 95 17 68 44 0 0 0 0 0 0 0 0 0 0
249000 250000 1 1 3 0 0 0 3 39 0 0 17 17 17 0 0 0 0 0 0 0 0 0 0 0
250000 251000 2 2 13 20440 0 0 14 844 0 0 310 279 294 21 8000 8000 8000 0 128 128 128 0 2 2
251000 252000 1 1 1 0 0 0 2 1829 0 0 3 3 3 0 0 0 0 0 0 0 0 0 0 0
252000 253000 0 0 0 0 0 0 0 0 0 0 0 0 0 0 0 0 0 0 0 0 0 0 0 0
253000 254000 0 0 0 0 0 0 0 0 0 0 0 0 0 0 0 0 0 0 0 0 0 0 0 0
254000 255000 0 0 0 0 0 0 0 0 0 0 0 0 0 0 0 0 0 0 0 0 0 0 0 0
255000 256000 1 1 2 0 0 0 3 77 0 0 15 15 15 0 0 0 0 0 0 0 0 0 0 0
256000 257000 2 2 2 0 0 0 2 0 0 0 31 31 31 0 8000 8000 8000 0 128 128 128 0 1 1
257000 258000 0 0 0 0 0 0 0 0 0 0 0 0 0 0 0 0 0 0 0 0 0 0 0 0
258000 259000 1 1 2 0 0 0 3 77 0 0 20 20 20 0 8000 8000 8000 0 128 128 128 0 1 1
259000 260000 0 0 0 0 0 0 0 0 0 0 0 0 0 0 0 0 0 0 0 0 0 0 0 0
260000 261000 2 2 8 10664 0 0 11 844 0 0 205 179 192 18 0 0 0 0 0 0 0 0 0 0
261000 262000 0 0 0 0 0 0 0 0 0 0 0 0 0 0 0 0 0 0 0 0 0 0 0 0
262000 263000 0 0 0 0 0 0 0 0 0 0 0 0 0 0 0 0 0 0 0 0 0 0 0 0
263000 264000 0 0 0 0 0 0 0 0 0 0 0 0 0 0 0 0 0 0 0 0 0 0 0 0
264000 265000 0 0 0 0 0 0 0 0 0 0 0 0 0 0 0 0 0 0 0 0 0 0 0 0
265000 266000 0 0 0 0 0 0 0 0 0 0 0 0 0 0 0 0 0 0 0 0 0 0 0 0
266000 267000 0 0 0 0 0 0 0 0 0 0 0 0 0 0 0 0 0 0 0 0 0 0 0 0
267000 268000 0 0 0 0 0 0 0 0 0 0 0 0 0 0 0 0 0 0 0 0 0 0 0 0
268000 269000 0 0 0 0 0 0 0 0 0 0 0 0 0 0 0 0 0 0 0 0 0 0 0 0
269000 270000 0 0 0 0 0 0 0 0 0 0 0 0 0 0 0 0 0 0 0 0 0 0 0 0
270000 271000 3 3 10 11546 0 0 11 897 0 0 225 23 142 105 0 0 0 0 0 0 0 0 0 0
271000 272000 0 0 0 0 0 0 0 0 0 0 0 0 0 0 0 0 0 0 0 0 0 0 0 0
272000 273000 0 0 0 0 0 0 0 0 0 0 0 0 0 0 0 0 0 0 0 0 0 0 0 0
273000 274000 0 0 0 0 0 0 0 0 0 0 0 0 0 0 0 0 0 0 0 0 0 0 0 0
274000 275000 0 0 0 0 0 0 0 0 0 0 0 0 0 0 0 0 0 0 0 0 0 0 0 0
275000 276000 5 5 5 35 0 0 6 31 0 0 89 16 73 31 8000 8000 8000 0 128 128 128 0 1 1
276000 277000 0 0 0 0 0 0 0 0 0 0 0 0 0 0 0 0 0 0 0 0 0 0 0 0
277000 278000 2 2 2 35 0 0 3 31 0 0 133 22 77 78 8000 8000 8000 0 128 128 128 0 1 1
278000 279000 3 3 1 35 15 9143 2 31 20 10598 116 24 69 46 0 0 0 0 0 0 0 0 0 0
279000 280000 0 0 0 0 0 0 0 0 0 0 0 0 0 0 0 0 0 0 0 0 0 0 0 0
280000 281000 3 3 10 11944 0 0 11 1339 0 0 267 181 212 48 8000 8000 8000 0 128 128 128 0 1 1
281000 282000 6 6 6 0 0 0 6 0 0 0 28 22 26 1 0 0 0 0 0 0 0 0 0 0
282000 283000 0 0 0 0 0 0 0 0 0 0 0 0 0 0 0 0 0 0 0 0 0 0 0 0
283000 284000 0 0 0 0 0 0 0 0 0 0 0 0 0 0 0 0 0 0 0 0 0 0 0 0
284000 285000 0 0 0 0 0 0 0 0 0 0 0 0 0 0 0 0 0 0 0 0 0 0 0 0
285000 286000 1 1 3 4072 0 0 4 459 0 0 175 175 175 0 0 0 0 0 0 0 0 0 0 0
286000 287000 1 1 0 566 0 0 0 63 0 0 24 24 24 0 0 0 0 0 0 0 0 0 0 0
287000 288000 3 3 3 0 0 0 3 0 0 0 14 13 13 0 0 0 0 0 0 0 0 0 0 0
288000 289000 0 0 0 0 0 0 0 0 0 0 0 0 0 0 0 0 0 0 0 0 0 0 0 0
289000 290000 2 2 2 0 0 0 2 0 0 0 25 17 21 5 0 0 0 0 0 0 0 0 0 0
290000 291000 2 2 9 11763 0 0 13 844 0 0 187 185 186 1 8000 8000 8000 0 128 128 128 0 1 1
291000 292000 0 0 0 0 0 0 0 0 0 0 0 0 0 0 0 0 0 0 0 0 0 0 0 0
292000 293000 0 0 0 0 0 0 0 0 0 0 0 0 0 0 0 0 0 0 0 0 0 0 0 0
293000 294000 1 1 1 0 0 0 1 0 0 0 18 18 18 0 0 0 0 0 0 0 0 0 0 0
294000 295000 0 0 0 0 0 0 0 0 0 0 0 0 0 0 0 0 0 0 0 0 0 0 0 0
295000 296000 0 0 0 0 0 0 0 0 0 0 0 0 0 0 0 0 0 0 0 0 0 0 0 0
296000 297000 0 0 0 0 0 0 0 0 0 0 0 0 0 0 0 0 0 0 0 0 0 0 0 0
297000 298000 0 0 0 0 0 0 0 0 0 0 0 0 0 0 0 0 0 0 0 0 0 0 0 0
298000 299000 0 0 0 0 0 0 0 0 0 0 0 0 0 0 0 0 0 0 0 0 0 0 0 0
299000 300000 0 0 0 0 0 0 0 0 0 0 0 0 0 0 0 0 0 0 0 0 0 0 0 0
300000 301000 0 0 0 0 0 0 0 0 0 0 0 0 0 0 0 0 0 0 0 0 0 0 0 0
