ts te nbins ncons c_tcp_packs c_tcp_bytes c_udp_packs c_udp_bytes s_tcp_packs s_tcp_bytes s_udp_packs s_udp_bytes max_bins_span min_bins_span avg_bins_span std_bins_span max_video_rate min_video_rate avg_video_rate std_video_rate max_audio_rate min_audio_rate avg_audio_rate std_audio_rate video_requests audio_requests
0 1000 15 14 147 45417 0 0 210 159498 0 0 863 28 256 260 0 0 0 0 0 0 0 0 0 0
1000 2000 16 15 101 11305 10 4140 132 46607 11 7373 694 23 316 208 0 0 0 0 0 0 0 0 0 0
2000 3000 3 3 8 2186 0 0 12 2417 0 0 426 45 224 191 0 0 0 0 0 0 0 0 0 0
3000 4000 2 2 3 1076 0 0 3 557 0 0 308 48 178 184 0 0 0 0 0 0 0 0 0 0
4000 5000 5 4 15 4305 0 0 19 2749 0 0 680 119 296 223 0 0 0 0 0 0 0 0 0 0
5000 6000 8 7 178 20608 0 0 263 315534 0 0 605 50 394 205 0 0 0 0 0 0 0 0 0 0
6000 7000 11 8 271 19503 0 0 406 536371 0 0 746 42 365 241 2300 2300 2300 0 128 128 128 0 2 2
7000 8000 7 5 252 5524 0 0 325 434261 0 0 701 41 421 248 0 0 0 0 0 0 0 0 0 0
8000 9000 14 13 276 11936 27 12363 327 389282 30 3315 980 40 313 237 1500 1500 1500 0 128 128 128 0 2 1
9000 10000 9 7 238 2215 0 409 326 457517 1 430 536 2 174 199 1500 1500 1500 0 128 128 128 0 1 1
10000 11000 12 11 265 34449 54 7662 383 488082 83 83645 760 39 309 213 1500 1500 1500 0 128 128 128 0 1 1
11000 12000 10 8 252 18665 20 2799 372 451767 30 24446 612 28 318 215 0 0 0 0 128 128 128 0 0 1
12000 13000 4 3 217 4962 11 1786 330 446147 15 3948 787 321 526 195 1500 1500 1500 0 128 128 128 0 1 1
13000 14000 3 2 252 0 7 6863 369 546345 5 166 531 169 388 192 1500 1500 1500 0 0 0 0 0 1 0
14000 15000 4 3 278 4211 4 363 382 554092 5 484 884 189 516 285 0 0 0 0 128 128 128 0 0 1
15000 16000 4 2 258 1892 0 0 347 480595 0 0 521 102 346 190 840 840 840 0 128 128 128 0 2 1
16000 17000 4 2 241 4324 0 0 353 481480 0 0 685 289 493 162 840 840 840 0 128 128 128 0 1 1
17000 18000 6 4 260 8419 0 0 392 534728 0 0 644 120 415 216 840 840 840 0 128 128 128 0 1 1
18000 19000 4 2 267 1951 0 0 369 529294 0 0 517 151 329 196 480 480 480 0 128 128 128 0 2 1
19000 20000 4 2 250 6164 0 0 325 446436 0 0 702 113 453 246 480 480 480 0 128 128 128 0 2 2
20000 21000 5 3 220 17291 0 0 337 440765 0 0 724 68 438 238 480 480 480 0 128 128 128 0 2 2
21000 22000 3 2 243 2817 0 0 428 611399 0 0 513 483 495 15 0 0 0 0 0 0 0 0 0 0
22000 23000 2 1 306 0 0 0 501 731712 0 0 512 485 498 18 0 0 0 0 0 0 0 0 0 0
23000 24000 2 1 343 0 0 0 503 731632 0 0 511 487 499 17 0 0 0 0 0 0 0 0 0 0
24000 25000 4 3 350 1532 0 0 477 677497 0 0 510 18 318 230 1500 1500 1500 0 128 128 128 0 1 1
25000 26000 3 2 288 4091 0 0 425 583448 0 0 682 489 558 107 0 0 0 0 0 0 0 0 0 0
26000 27000 4 3 242 78 0 0 381 531295 0 0 668 6 418 285 0 0 0 0 0 0 0 0 0 0
27000 28000 4 4 58 3243 0 0 82 106073 0 0 502 15 185 229 840 840 840 0 128 128 128 0 1 1
28000 29000 3 3 30 16692 0 0 42 10038 0 0 556 459 493 54 840 840 840 0 128 128 128 0 1 1
29000 30000 5 3 15 9256 0 0 20 5447 0 0 452 6 206 194 840 840 840 0 128 128 128 0 1 1
30000 31000 6 5 65 142328 0 0 109 2743 0 0 633 27 305 225 4400 4400 4400 0 128 128 128 0 2 1
31000 32000 0 0 0 0 0 0 0 0 0 0 0 0 0 0 0 0 0 0 0 0 0 0 0 0
32000 33000 1 1 8 4808 0 0 8 1480 0 0 984 984 984 0 8000 8000 8000 0 128 128 128 0 2 1
33000 34000 1 1 0 14 0 0 0 4 0 0 2 2 2 0 0 0 0 0 0 0 0 0 0 0
34000 35000 4 4 9 3287 0 0 9 990 0 0 517 15 144 248 3000 3000 3000 0 128 128 128 0 2 1
35000 36000 2 2 5 2388 0 0 6 765 0 0 365 54 210 219 3000 3000 3000 0 128 128 128 0 1 1
36000 37000 8 7 9 2007 0 0 9 626 0 0 165 18 53 57 3000 3000 3000 0 128 128 128 0 1 1
37000 38000 2 1 4 2175 0 0 4 678 0 0 274 24 149 177 0 0 0 0 0 0 0 0 0 0
38000 39000 3 3 12 6650 0 0 17 4858 0 0 176 103 134 37 3000 3000 3000 0 128 128 128 0 1 1
39000 40000 3 3 6 2099 0 0 7 721 0 0 368 14 141 196 0 0 0 0 0 0 0 0 0 0
40000 41000 5 5 17 14876 0 0 25 5565 0 0 423 15 176 158 3000 3000 3000 0 128 128 128 0 1 1
41000 42000 2 2 4 2371 0 0 4 692 0 0 259 22 141 167 0 0 0 0 0 0 0 0 0 0
42000 43000 1 1 2 1259 0 0 2 393 0 0 170 170 170 0 3000 3000 3000 0 128 128 128 0 1 1
43000 44000 3 3 2 1587 20 11911 2 372 24 14653 253 217 239 19 0 0 0 0 0 0 0 0 0 0
44000 45000 8 7 16 5588 0 0 15 1511 0 0 741 15 134 256 2300 2300 2300 0 128 128 128 0 1 1
45000 46000 4 3 8 2986 0 0 10 1399 0 0 633 25 222 286 2300 2300 2300 0 128 128 128 0 1 1
46000 47000 14 13 17 3033 0 0 18 1337 0 0 770 16 83 201 2300 2300 2300 0 128 128 128 0 1 1
47000 48000 3 3 11 9856 0 0 12 1346 0 0 818 17 396 402 0 0 0 0 0 0 0 0 0 0
48000 49000 4 4 12 6713 0 0 17 4654 0 0 447 15 172 190 2300 2300 2300 0 128 128 128 0 1 1
49000 50000 7 6 11 2194 0 0 11 569 0 0 528 17 131 203 0 0 0 0 0 0 0 0 0 0
50000 51000 11 10 24 9855 0 0 25 1567 0 0 678 15 119 205 4400 4400 4400 0 128 128 128 0 1 1
51000 52000 3 3 2 127 0 0 2 38 0 0 22 15 19 3 0 0 0 0 0 0 0 0 0 0
52000 53000 2 2 7 3171 0 0 7 990 0 0 695 25 360 473 4400 4400 4400 0 128 128 128 0 1 1
53000 54000 3 3 2 0 0 0 2 0 0 0 24 13 17 6 0 0 0 0 0 0 0 0 0 0
54000 55000 5 5 9 3172 0 0 9 990 0 0 801 2 171 352 4400 4400 4400 0 128 128 128 0 1 1
55000 56000 0 0 0 0 0 0 0 0 0 0 0 0 0 0 0 0 0 0 0 0 0 0 0 0
56000 57000 3 3 8 3169 0 0 8 990 0 0 749 20 263 420 4400 4400 4400 0 128 128 128 0 1 1
57000 58000 0 0 0 0 0 0 0 0 0 0 0 0 0 0 0 0 0 0 0 0 0 0 0 0
58000 59000 6 6 21 8445 0 0 27 5430 0 0 778 61 198 285 4400 4400 4400 0 128 128 128 0 1 1
59000 60000 0 0 0 0 0 0 0 0 0 0 0 0 0 0 0 0 0 0 0 0 0 0 0 0
60000 61000 9 9 22 12154 0 0 28 2017 0 0 758 5 156 236 4400 4400 4400 0 128 128 128 0 1 1
61000 62000 1 1 0 0 0 0 0 17 0 0 19 19 19 0 0 0 0 0 0 0 0 0 0 0
62000 63000 1 1 6 3169 0 0 6 990 0 0 814 814 814 0 4400 4400 4400 0 128 128 128 0 1 1
63000 64000 0 0 0 0 0 0 0 0 0 0 0 0 0 0 0 0 0 0 0 0 0 0 0 0
64000 65000 1 1 6 3172 0 0 6 990 0 0 715 715 715 0 4400 4400 4400 0 128 128 128 0 1 1
65000 66000 3 3 44 89461 0 0 81 3538 0 0 336 53 162 152 0 0 0 0 0 0 0 0 0 0
66000 67000 3 3 30 54431 1 48 49 3401 1 48 698 29 305 349 4400 4400 4400 0 128 128 128 0 1 1
67000 68000 0 0 0 0 0 0 0 0 0 0 0 0 0 0 0 0 0 0 0 0 0 0 0 0
68000 69000 3 3 15 8449 0 0 21 5431 0 0 768 80 325 384 4400 4400 4400 0 128 128 128 0 1 1
69000 70000 1 1 1 35 0 0 2 31 0 0 55 55 55 0 0 0 0 0 0 0 0 0 0 0
70000 71000 4 4 16 11958 0 0 18 1834 0 0 741 56 304 302 4400 4400 4400 0 128 128 128 0 1 1
71000 72000 2 2 1 40 0 0 1 12 0 0 10 10 10 0 0 0 0 0 0 0 0 0 0 0
72000 73000 2 2 6 3128 0 0 6 977 0 0 773 8 390 540 4400 4400 4400 0 128 128 128 0 1 1
73000 74000 2 2 1 302 0 0 1 94 0 0 36 22 29 10 0 0 0 0 0 0 0 0 0 0
74000 75000 1 1 2 1282 0 0 2 400 0 0 156 156 156 0 4400 4400 4400 0 128 128 128 0 1 1
75000 76000 0 0 0 0 0 0 0 0 0 0 0 0 0 0 0 0 0 0 0 0 0 0 0 0
76000 77000 1 1 6 3171 0 0 6 990 0 0 447 447 447 0 4400 4400 4400 0 128 128 128 0 1 1
77000 78000 1 1 1 0 0 0 1 0 0 0 15 15 15 0 0 0 0 0 0 0 0 0 0 0
78000 79000 2 2 11 6151 0 0 14 2001 0 0 924 18 471 640 3000 3000 3000 0 128 128 128 0 1 1
79000 80000 2 1 4 2283 0 0 4 759 0 0 378 26 202 248 0 0 0 0 0 0 0 0 0 0
80000 81000 2 2 9 8832 0 0 10 1202 0 0 419 189 304 162 3000 3000 3000 0 128 128 128 0 1 1
81000 82000 1 1 1 908 0 0 1 283 0 0 126 126 126 0 0 0 0 0 0 0 0 0 0 0
82000 83000 1 1 4 2262 0 0 4 706 0 0 314 314 314 0 3000 3000 3000 0 128 128 128 0 1 1
83000 84000 1 1 1 849 0 0 1 265 0 0 122 122 122 0 0 0 0 0 0 0 0 0 0 0
84000 85000 1 1 4 2322 0 0 4 724 0 0 334 334 334 0 3000 3000 3000 0 128 128 128 0 1 1
85000 86000 2 2 5 2328 0 0 5 726 0 0 339 17 178 227 0 0 0 0 0 0 0 0 0 0
86000 87000 1 1 1 843 0 0 1 263 0 0 122 122 122 0 3000 3000 3000 0 128 128 128 0 1 1
87000 88000 2 2 6 5374 0 0 7 935 0 0 359 246 303 80 0 0 0 0 0 0 0 0 0 0
88000 89000 2 1 6 3906 0 0 6 932 0 0 503 330 416 122 2300 2300 2300 0 128 128 128 0 1 1
89000 90000 3 2 7 3189 0 0 7 1117 0 0 590 23 285 286 2300 2300 2300 0 128 128 128 0 1 1
90000 91000 4 3 14 10866 0 0 17 2159 0 0 746 41 295 309 2300 2300 2300 0 128 128 128 0 1 1
91000 92000 9 9 12 2499 0 0 12 780 0 0 781 19 104 253 0 0 0 0 0 0 0 0 0 0
92000 93000 1 1 3 1584 0 0 3 495 0 0 211 211 211 0 2300 2300 2300 0 128 128 128 0 1 1
93000 94000 6 6 7 1439 0 0 7 225 0 0 428 15 85 168 0 0 0 0 0 0 0 0 0 0
94000 95000 2 1 6 3308 0 0 6 1215 0 0 512 318 415 137 4400 4400 4400 0 128 128 128 0 1 1
95000 96000 5 5 4 109 0 0 5 75 0 0 56 14 26 17 0 0 0 0 0 0 0 0 0 0
96000 97000 1 1 6 3169 0 0 6 990 0 0 638 638 638 0 4400 4400 4400 0 128 128 128 0 1 1
97000 98000 4 4 3 420 0 0 3 131 0 0 124 15 45 52 0 0 0 0 0 0 0 0 0 0
98000 99000 1 1 5 2747 0 0 5 858 0 0 810 810 810 0 4400 4400 4400 0 128 128 128 0 1 1
99000 100000 7 7 7 35 0 0 8 31 0 0 53 33 36 7 0 0 0 0 0 0 0 0 0 0
100000 101000 2 2 11 10049 0 0 11 1412 0 0 696 165 431 375 4400 4400 4400 0 128 128 128 0 1 1
101000 102000 0 0 0 0 0 0 0 0 0 0 0 0 0 0 0 0 0 0 0 0 0 0 0 0
102000 103000 1 1 6 3168 0 0 6 990 0 0 697 697 697 0 4400 4400 4400 0 128 128 128 0 1 1
103000 104000 2 2 0 0 18 9321 0 0 19 9334 203 191 197 8 0 0 0 0 0 0 0 0 0 0
104000 105000 1 1 6 3167 0 0 6 990 0 0 730 730 730 0 4400 4400 4400 0 128 128 128 0 1 1
105000 106000 0 0 0 0 0 0 0 0 0 0 0 0 0 0 0 0 0 0 0 0 0 0 0 0
106000 107000 1 1 6 3170 0 0 6 990 0 0 765 765 765 0 4400 4400 4400 0 128 128 128 0 1 1
107000 108000 0 0 0 0 0 0 0 0 0 0 0 0 0 0 0 0 0 0 0 0 0 0 0 0
108000 109000 1 1 6 3169 0 0 6 990 0 0 775 775 775 0 4400 4400 4400 0 128 128 128 0 1 1
109000 110000 0 0 0 0 0 0 0 0 0 0 0 0 0 0 0 0 0 0 0 0 0 0 0 0
110000 111000 2 2 10 8765 0 0 12 1412 0 0 712 203 458 360 4400 4400 4400 0 128 128 128 0 1 1
111000 112000 0 0 0 0 0 0 0 0 0 0 0 0 0 0 0 0 0 0 0 0 0 0 0 0
112000 113000 2 2 7 3171 0 0 7 990 0 0 737 33 385 497 4400 4400 4400 0 128 128 128 0 1 1
113000 114000 0 0 0 0 0 0 0 0 0 0 0 0 0 0 0 0 0 0 0 0 0 0 0 0
114000 115000 2 2 7 3172 0 0 8 1485 0 0 899 36 467 610 4400 4400 4400 0 128 128 128 0 1 1
115000 116000 1 1 0 2 0 0 0 0 0 0 0 0 0 0 0 0 0 0 0 0 0 0 0 0
116000 117000 2 2 6 3169 0 0 6 989 0 0 832 28 430 568 4400 4400 4400 0 128 128 128 0 1 1
117000 118000 0 0 0 0 0 0 0 0 0 0 0 0 0 0 0 0 0 0 0 0 0 0 0 0
118000 119000 2 2 4 1582 0 0 4 495 0 0 202 16 109 131 4400 4400 4400 0 128 128 128 0 1 1
119000 120000 1 1 0 332 0 0 0 111 0 0 48 48 48 0 0 0 0 0 0 0 0 0 0 0
120000 121000 3 3 11 9735 0 0 15 1826 0 0 602 47 299 281 4400 4400 4400 0 128 128 128 0 1 1
121000 122000 3 3 63 3126 0 0 88 112790 0 0 276 116 221 90 0 0 0 0 0 0 0 0 0 0
122000 123000 9 8 81 7488 31 17567 108 129182 36 23805 666 17 224 187 0 0 0 0 0 0 0 0 0 0
123000 124000 5 4 12 4634 11 4833 12 6262 13 9344 790 7 230 320 3000 3000 3000 0 128 128 128 0 1 1
124000 125000 1 1 7 4522 0 0 8 1411 0 0 917 917 917 0 3000 3000 3000 0 128 128 128 0 1 1
125000 126000 3 3 49 112805 0 0 94 1047 0 0 829 58 398 393 0 0 0 0 0 0 0 0 0 0
126000 127000 2 2 19 8910 0 0 26 7406 0 0 931 201 566 516 3000 3000 3000 0 128 128 128 0 1 1
127000 128000 3 2 8 5296 0 0 8 1116 0 0 895 48 391 445 0 0 0 0 0 0 0 0 0 0
128000 129000 2 2 18 7807 0 0 27 9966 0 0 213 131 172 57 3000 3000 3000 0 128 128 128 0 1 1
129000 130000 2 2 3 1395 0 0 4 455 0 0 194 15 104 126 0 0 0 0 0 0 0 0 0 0
130000 131000 4 4 15 18682 0 0 19 1409 0 0 258 18 176 108 3000 3000 3000 0 128 128 128 0 1 1
131000 132000 1 1 3 1645 0 0 3 769 0 0 267 267 267 0 0 0 0 0 0 0 0 0 0 0
132000 133000 1 1 2 1530 0 0 3 715 0 0 249 249 249 0 3000 3000 3000 0 128 128 128 0 1 1
133000 134000 2 2 4 1571 0 0 4 491 0 0 367 328 348 28 0 0 0 0 0 0 0 0 0 0
134000 135000 3 2 9 4892 0 0 9 1351 0 0 663 16 327 324 2300 2300 2300 0 128 128 128 0 1 1
135000 136000 2 1 6 3030 0 0 6 1127 0 0 537 43 290 349 0 0 0 0 0 0 0 0 0 0
136000 137000 8 8 11 0 0 0 12 154 0 0 19 15 18 1 2300 2300 2300 0 128 128 128 0 1 1
137000 138000 1 1 6 3169 0 0 6 990 0 0 446 446 446 0 0 0 0 0 0 0 0 0 0 0
138000 139000 4 4 5 0 0 0 5 77 0 0 26 0 17 11 2300 2300 2300 0 128 128 128 0 1 1
139000 140000 1 1 4 2953 0 0 4 614 0 0 571 571 571 0 2300 2300 2300 0 128 128 128 0 1 1
140000 141000 6 5 14 10109 0 0 16 1356 0 0 489 22 180 199 2300 2300 2300 0 128 128 128 0 1 1
141000 142000 2 1 6 2968 0 0 6 1421 0 0 378 252 315 88 0 0 0 0 0 0 0 0 0 0
142000 143000 4 4 5 1654 0 0 5 258 0 0 449 15 124 216 2300 2300 2300 0 128 128 128 0 1 1
143000 144000 2 1 3 2179 0 0 3 445 0 0 411 400 405 7 0 0 0 0 0 0 0 0 0 0
144000 145000 8 7 11 2506 0 0 11 1240 0 0 549 21 120 196 4400 4400 4400 0 128 128 128 0 1 1
145000 146000 1 1 0 60 0 0 0 36 0 0 10 10 10 0 0 0 0 0 0 0 0 0 0 0
146000 147000 1 1 6 3169 0 0 6 990 0 0 737 737 737 0 4400 4400 4400 0 128 128 128 0 1 1
147000 148000 0 0 0 0 0 0 0 0 0 0 0 0 0 0 0 0 0 0 0 0 0 0 0 0
148000 149000 1 1 6 3171 0 0 6 990 0 0 700 700 700 0 4400 4400 4400 0 128 128 128 0 1 1
149000 150000 0 0 0 0 0 0 0 0 0 0 0 0 0 0 0 0 0 0 0 0 0 0 0 0
150000 151000 3 3 9 8520 0 0 11 948 0 0 204 20 142 105 0 0 0 0 0 0 0 0 0 0
151000 152000 0 0 0 0 0 0 0 0 0 0 0 0 0 0 0 0 0 0 0 0 0 0 0 0
152000 153000 1 1 3 1581 0 0 3 495 0 0 231 231 231 0 4400 4400 4400 0 128 128 128 0 1 2
153000 154000 0 0 0 0 0 0 0 0 0 0 0 0 0 0 0 0 0 0 0 0 0 0 0 0
154000 155000 1 1 6 3243 0 0 6 990 0 0 554 554 554 0 3000 3000 3000 0 0 0 0 0 1 0
155000 156000 2 2 3 1262 0 0 4 399 0 0 174 19 97 110 2300 2300 2300 0 128 128 128 0 1 1
156000 157000 2 1 5 3237 0 0 5 986 0 0 294 143 219 106 0 0 0 0 0 0 0 0 0 0
157000 158000 1 1 0 417 0 0 0 130 0 0 51 51 51 0 0 0 0 0 0 0 0 0 0 0
158000 159000 0 0 0 0 0 0 0 0 0 0 0 0 0 0 0 0 0 0 0 0 0 0 0 0
159000 160000 2 2 4 3008 0 0 4 673 0 0 574 1 288 404 0 0 0 0 0 0 0 0 0 0
160000 161000 4 3 8 7348 0 0 10 1264 0 0 274 0 123 137 2300 2300 2300 0 128 128 128 0 1 1
161000 162000 1 1 4 2734 0 0 4 569 0 0 511 511 511 0 2300 2300 2300 0 128 128 128 0 1 1
162000 163000 2 1 7 3607 0 0 7 1410 0 0 378 255 316 86 0 0 0 0 0 0 0 0 0 0
163000 164000 3 3 1 0 14 6720 1 0 18 9318 111 32 74 39 0 0 0 0 0 0 0 0 0 0
164000 165000 0 0 0 0 0 0 0 0 0 0 0 0 0 0 0 0 0 0 0 0 0 0 0 0
165000 166000 1 1 4 2942 0 0 4 612 0 0 526 526 526 0 2300 2300 2300 0 128 128 128 0 1 1
166000 167000 2 1 7 3401 0 0 7 1367 0 0 325 251 288 51 2300 2300 2300 0 128 128 128 0 1 1
167000 168000 5 5 12 6449 0 0 14 1872 0 0 478 22 150 200 0 0 0 0 0 0 0 0 0 0
168000 169000 1 1 0 290 0 0 0 135 0 0 48 48 48 0 2300 2300 2300 0 128 128 128 0 1 1
169000 170000 3 3 8 3176 0 0 8 990 0 0 453 16 162 251 0 0 0 0 0 0 0 0 0 0
170000 171000 2 2 6 6613 0 0 8 422 0 0 191 16 103 123 2300 2300 2300 0 128 128 128 0 1 1
171000 172000 1 1 6 3173 0 0 6 990 0 0 444 444 444 0 0 0 0 0 0 0 0 0 0 0
172000 173000 1 1 0 504 0 0 0 157 0 0 151 151 151 0 2300 2300 2300 0 128 128 128 0 1 1
173000 174000 2 2 6 2666 0 0 6 832 0 0 801 18 410 553 0 0 0 0 0 0 0 0 0 0
174000 175000 0 0 0 0 0 0 0 0 0 0 0 0 0 0 0 0 0 0 0 0 0 0 0 0
175000 176000 3 3 8 3173 0 0 8 990 0 0 446 17 160 248 0 0 0 0 0 0 0 0 0 0
176000 177000 0 0 0 0 0 0 0 0 0 0 0 0 0 0 0 0 0 0 0 0 0 0 0 0
177000 178000 0 0 0 0 0 0 0 0 0 0 0 0 0 0 0 0 0 0 0 0 0 0 0 0
178000 179000 0 0 0 0 0 0 0 0 0 0 0 0 0 0 0 0 0 0 0 0 0 0 0 0
179000 180000 2 2 7 3176 0 0 7 990 0 0 437 19 228 296 0 0 0 0 0 0 0 0 0 0
180000 181000 2 2 5 4952 0 0 7 453 0 0 173 72 123 71 2300 2300 2300 0 128 128 128 0 1 1
181000 182000 8 8 11 2264 0 0 11 706 0 0 325 15 54 109 0 0 0 0 0 0 0 0 0 0
182000 183000 1 1 1 909 0 0 1 283 0 0 130 130 130 0 2300 2300 2300 0 128 128 128 0 1 1
183000 184000 5 5 11 3172 0 0 11 990 0 0 450 16 105 192 0 0 0 0 0 0 0 0 0 0
184000 185000 0 0 0 0 0 0 0 0 0 0 0 0 0 0 0 0 0 0 0 0 0 0 0 0
185000 186000 6 6 54 114370 0 0 88 1381 0 0 497 21 152 205 2300 2300 2300 0 128 128 128 0 1 1
186000 187000 2 1 7 4536 0 0 7 1117 0 0 427 392 410 24 2300 2300 2300 0 128 128 128 0 1 1
187000 188000 5 4 10 3275 0 0 10 1517 0 0 487 14 155 210 0 0 0 0 0 0 0 0 0 0
188000 189000 2 2 21 8615 0 0 30 10645 0 0 370 144 257 159 2300 2300 2300 0 128 128 128 0 1 1
189000 190000 7 7 12 3174 0 0 12 990 0 0 435 16 76 158 0 0 0 0 0 0 0 0 0 0
190000 191000 3 3 9 9253 0 0 10 875 0 0 573 14 252 288 2300 2300 2300 0 128 128 128 0 1 1
191000 192000 1 1 6 3171 0 0 6 990 0 0 424 424 424 0 0 0 0 0 0 0 0 0 0 0
192000 193000 0 0 0 0 0 0 0 0 0 0 0 0 0 0 0 0 0 0 0 0 0 0 0 0
193000 194000 1 1 6 3172 0 0 6 990 0 0 465 465 465 0 0 0 0 0 0 0 0 0 0 0
194000 195000 0 0 0 0 0 0 0 0 0 0 0 0 0 0 0 0 0 0 0 0 0 0 0 0
195000 196000 1 1 6 3172 0 0 6 990 0 0 437 437 437 0 0 0 0 0 0 0 0 0 0 0
196000 197000 0 0 0 0 0 0 0 0 0 0 0 0 0 0 0 0 0 0 0 0 0 0 0 0
197000 198000 1 1 4 2820 0 0 4 587 0 0 583 583 583 0 2300 2300 2300 0 128 128 128 0 1 1
198000 199000 3 2 9 3450 0 0 9 952 0 0 426 17 281 229 2300 2300 2300 0 128 128 128 0 1 1
199000 200000 2 1 6 3369 0 0 6 1090 0 0 467 356 411 78 0 0 0 0 0 0 0 0 0 0
200000 201000 3 2 13 9713 0 0 13 1632 0 0 566 192 340 199 2300 2300 2300 0 128 128 128 0 1 1
201000 202000 1 1 2 1138 0 0 2 709 0 0 663 663 663 0 0 0 0 0 0 0 0 0 0 0
202000 203000 1 1 6 3232 0 0 6 990 0 0 506 506 506 0 4400 4400 4400 0 128 128 128 0 1 1
203000 204000 0 0 0 0 0 0 0 0 0 0 0 0 0 0 0 0 0 0 0 0 0 0 0 0
204000 205000 1 1 6 3171 0 0 6 990 0 0 776 776 776 0 4400 4400 4400 0 128 128 128 0 1 1
205000 206000 0 0 0 0 0 0 0 0 0 0 0 0 0 0 0 0 0 0 0 0 0 0 0 0
206000 207000 1 1 6 3170 0 0 6 990 0 0 774 774 774 0 4400 4400 4400 0 128 128 128 0 1 1
207000 208000 1 1 3 3313 0 0 4 523 0 0 239 239 239 0 0 0 0 0 0 0 0 0 0 0
208000 209000 2 2 7 3170 0 0 7 990 0 0 648 18 333 445 4400 4400 4400 0 128 128 128 0 1 1
209000 210000 0 0 0 0 0 0 0 0 0 0 0 0 0 0 0 0 0 0 0 0 0 0 0 0
210000 211000 3 3 14 11342 0 0 16 1921 0 0 837 29 349 429 3000 3000 3000 0 128 128 128 0 1 1
211000 212000 2 2 5 2512 0 0 5 794 0 0 347 33 190 222 0 0 0 0 0 0 0 0 0 0
212000 213000 4 4 4 680 0 0 4 212 0 0 94 17 37 38 3000 3000 3000 0 128 128 128 0 1 1
213000 214000 1 1 4 2621 0 0 4 818 0 0 356 356 356 0 0 0 0 0 0 0 0 0 0 0
214000 215000 2 2 2 550 0 0 2 171 0 0 74 17 46 40 3000 3000 3000 0 128 128 128 0 1 1
215000 216000 2 2 3 1535 0 0 4 499 0 0 313 22 167 205 0 0 0 0 0 0 0 0 0 0
216000 217000 2 1 8 4804 0 0 8 1340 0 0 678 294 486 271 2300 2300 2300 0 128 128 128 0 1 1
217000 218000 2 1 7 3191 0 0 6 1160 0 0 604 40 322 398 0 0 0 0 0 0 0 0 0 0
218000 219000 0 0 0 0 0 0 0 0 0 0 0 0 0 0 0 0 0 0 0 0 0 0 0 0
219000 220000 0 0 0 0 0 0 0 0 0 0 0 0 0 0 0 0 0 0 0 0 0 0 0 0
220000 221000 3 3 7 6077 0 0 9 875 0 0 426 17 162 228 2300 2300 2300 0 128 128 128 0 1 1
221000 222000 1 1 4 2867 0 0 4 596 0 0 528 528 528 0 2300 2300 2300 0 128 128 128 0 1 1
222000 223000 2 1 6 3546 0 0 5 910 0 0 486 348 417 97 2300 2300 2300 0 128 128 128 0 1 1
223000 224000 4 3 6 3100 14 6720 6 1463 16 8024 445 82 222 164 0 0 0 0 0 0 0 0 0 0
224000 225000 1 1 1 0 0 0 1 0 0 0 18 18 18 0 2300 2300 2300 0 128 128 128 0 1 1
225000 226000 1 1 6 3172 0 0 6 990 0 0 459 459 459 0 0 0 0 0 0 0 0 0 0 0
226000 227000 7 7 7 0 0 0 7 0 0 0 23 21 22 1 2300 2300 2300 0 128 128 128 0 1 1
227000 228000 1 1 6 3168 0 0 6 990 0 0 443 443 443 0 0 0 0 0 0 0 0 0 0 0
228000 229000 3 3 3 0 0 0 3 0 0 0 47 47 47 0 2300 2300 2300 0 128 128 128 0 1 1
229000 230000 1 1 6 3173 0 0 6 990 0 0 428 428 428 0 0 0 0 0 0 0 0 0 0 0
230000 231000 4 4 8 7441 0 0 10 422 0 0 239 21 77 108 2300 2300 2300 0 128 128 128 0 1 1
231000 232000 2 2 7 3167 0 0 7 990 0 0 426 21 224 286 0 0 0 0 0 0 0 0 0 0
232000 233000 3 3 3 0 0 0 3 0 0 0 22 22 22 0 2300 2300 2300 0 128 128 128 0 1 1
233000 234000 2 2 7 3171 0 0 7 990 0 0 431 14 222 294 0 0 0 0 0 0 0 0 0 0
234000 235000 7 7 8 0 0 0 9 39 0 0 99 15 29 30 2300 2300 2300 0 128 128 128 0 1 1
235000 236000 1 1 6 3168 0 0 6 990 0 0 455 455 455 0 0 0 0 0 0 0 0 0 0 0
236000 237000 0 0 0 0 0 0 0 0 0 0 0 0 0 0 0 0 0 0 0 0 0 0 0 0
237000 238000 1 1 6 3971 0 0 6 826 0 0 698 698 698 0 0 0 0 0 128 128 128 0 0 1
238000 239000 2 1 5 2370 0 0 5 1153 0 0 259 138 199 86 2300 2300 2300 0 128 128 128 0 1 1
239000 240000 1 1 4 3136 0 0 4 699 0 0 642 642 642 0 0 0 0 0 0 0 0 0 0 0
240000 241000 6 5 16 9144 0 0 18 1814 0 0 520 22 200 180 2300 2300 2300 0 128 128 128 0 1 1
241000 242000 10 10 77 5393 0 0 130 134025 0 0 427 12 117 137 0 0 0 0 0 0 0 0 0 0
242000 243000 7 7 26 3037 41 20949 42 44681 53 22738 337 53 168 93 4400 4400 4400 0 128 128 128 0 1 1
243000 244000 1 1 2 1256 0 0 2 384 0 0 214 214 214 0 0 0 0 0 0 0 0 0 0 0
244000 245000 2 2 8 3171 0 0 9 1029 0 0 574 32 303 383 4400 4400 4400 0 128 128 128 0 1 1
245000 246000 4 4 53 113618 0 0 94 1055 0 0 418 32 133 190 0 0 0 0 0 0 0 0 0 0
246000 247000 6 5 26 10545 0 0 31 7143 0 0 810 26 193 310 4400 4400 4400 0 128 128 128 0 1 1
247000 248000 2 2 4 3483 0 0 5 863 0 0 220 58 139 114 0 0 0 0 0 0 0 0 0 0
248000 249000 5 5 29 11019 0 0 39 11071 0 0 806 24 263 316 4400 4400 4400 0 128 128 128 0 1 1
249000 250000 0 0 0 0 0 0 0 0 0 0 0 0 0 0 0 0 0 0 0 0 0 0 0 0
250000 251000 4 4 18 20069 0 0 23 1865 0 0 593 30 262 237 4400 4400 4400 0 128 128 128 0 1 1
251000 252000 0 0 0 0 0 0 0 0 0 0 0 0 0 0 0 0 0 0 0 0 0 0 0 0
252000 253000 1 1 6 3170 0 0 6 990 0 0 557 557 557 0 4400 4400 4400 0 128 128 128 0 1 1
253000 254000 2 2 1 30 0 0 1 9 0 0 24 7 16 12 0 0 0 0 0 0 0 0 0 0
254000 255000 1 1 5 3141 0 0 5 980 0 0 817 817 817 0 4400 4400 4400 0 128 128 128 0 1 1
255000 256000 0 0 0 0 0 0 0 0 0 0 0 0 0 0 0 0 0 0 0 0 0 0 0 0
256000 257000 2 2 8 3169 0 0 9 1067 0 0 725 92 409 447 4400 4400 4400 0 128 128 128 0 1 1
257000 258000 1 1 0 206 0 0 0 64 0 0 57 57 57 0 0 0 0 0 0 0 0 0 0 0
258000 259000 2 2 6 2962 0 0 7 1002 0 0 825 46 436 550 4400 4400 4400 0 128 128 128 0 1 1
259000 260000 0 0 0 0 0 0 0 0 0 0 0 0 0 0 0 0 0 0 0 0 0 0 0 0
260000 261000 2 2 7 7464 0 0 8 917 0 0 213 211 212 0 4400 4400 4400 0 128 128 128 0 1 1
261000 262000 1 1 1 675 0 0 1 210 0 0 94 94 94 0 0 0 0 0 0 0 0 0 0 0
262000 263000 1 1 4 2496 0 0 4 779 0 0 350 350 350 0 4400 4400 4400 0 128 128 128 0 1 1
263000 264000 0 0 0 0 0 0 0 0 0 0 0 0 0 0 0 0 0 0 0 0 0 0 0 0
264000 265000 1 1 9 6308 0 0 11 1974 0 0 962 962 962 0 3000 3000 3000 0 128 128 128 0 1 1
265000 266000 3 2 6 2273 0 0 6 748 0 0 341 2 120 191 0 0 0 0 0 0 0 0 0 0
266000 267000 1 1 1 917 0 0 1 286 0 0 138 138 138 0 3000 3000 3000 0 128 128 128 0 1 1
267000 268000 1 1 4 2415 0 0 4 753 0 0 341 341 341 0 0 0 0 0 0 0 0 0 0 0
268000 269000 1 1 1 756 0 0 1 236 0 0 106 106 106 0 3000 3000 3000 0 128 128 128 0 1 1
269000 270000 2 2 4 1748 0 0 4 545 0 0 239 17 128 157 0 0 0 0 0 0 0 0 0 0
270000 271000 2 2 6 7661 0 0 7 866 0 0 211 194 202 11 3000 3000 3000 0 128 128 128 0 1 1
271000 272000 3 3 6 2528 0 0 7 809 0 0 334 23 138 170 0 0 0 0 0 0 0 0 0 0
272000 273000 1 1 1 677 0 0 1 211 0 0 90 90 90 0 3000 3000 3000 0 128 128 128 0 1 1
273000 274000 2 2 6 2720 0 0 6 849 0 0 356 21 188 237 0 0 0 0 0 0 0 0 0 0
274000 275000 1 1 0 448 0 0 0 140 0 0 58 58 58 0 3000 3000 3000 0 128 128 128 0 1 1
275000 276000 3 3 6 2171 0 0 6 677 0 0 292 24 115 153 0 0 0 0 0 0 0 0 0 0
276000 277000 2 2 2 1035 0 0 3 343 0 0 134 22 78 79 0 0 0 0 0 0 0 0 0 0
277000 278000 1 1 0 0 0 0 0 0 0 0 13 13 13 0 0 0 0 0 0 0 0 0 0 0
278000 279000 1 1 0 0 0 0 0 0 0 0 3 3 3 0 3000 3000 3000 0 128 128 128 0 1 1
279000 280000 1 1 3 1826 0 0 3 610 0 0 323 323 323 0 3000 3000 3000 0 128 128 128 0 1 1
280000 281000 8 7 16 9045 0 0 18 1781 0 0 462 15 130 161 2300 2300 2300 0 0 0 0 0 1 0
281000 282000 2 1 8 4953 0 0 9 1532 0 0 526 220 373 216 0 0 0 0 128 128 128 0 0 1
282000 283000 1 1 2 1564 0 0 2 488 0 0 214 214 214 0 2300 2300 2300 0 128 128 128 0 1 1
283000 284000 3 3 6 3169 15 9143 6 990 18 9309 447 79 212 204 0 0 0 0 0 0 0 0 0 0
284000 285000 0 0 0 0 0 0 0 0 0 0 0 0 0 0 0 0 0 0 0 0 0 0 0 0
285000 286000 1 1 6 3168 0 0 6 990 0 0 448 448 448 0 0 0 0 0 0 0 0 0 0 0
286000 287000 0 0 0 0 0 0 0 0 0 0 0 0 0 0 0 0 0 0 0 0 0 0 0 0
287000 288000 2 2 9 6573 0 0 10 1513 0 0 446 198 322 175 0 0 0 0 0 0 0 0 0 0
288000 289000 3 3 3 0 0 0 3 0 0 0 16 15 16 0 2300 2300 2300 0 128 128 128 0 1 1
289000 290000 1 1 6 3171 0 0 6 990 0 0 440 440 440 0 0 0 0 0 0 0 0 0 0 0
290000 291000 1 1 7 7254 0 0 9 441 0 0 268 268 268 0 2300 2300 2300 0 128 128 128 0 1 1
291000 292000 2 2 7 3170 0 0 7 990 0 0 433 17 225 294 0 0 0 0 0 0 0 0 0 0
292000 293000 0 0 0 0 0 0 0 0 0 0 0 0 0 0 0 0 0 0 0 0 0 0 0 0
293000 294000 2 2 7 3172 0 0 7 990 0 0 454 16 235 309 0 0 0 0 0 0 0 0 0 0
294000 295000 0 0 0 0 0 0 0 0 0 0 0 0 0 0 0 0 0 0 0 0 0 0 0 0
295000 296000 1 1 6 3171 0 0 6 990 0 0 457 457 457 0 0 0 0 0 0 0 0 0 0 0
296000 297000 1 1 1 0 0 0 1 0 0 0 15 15 15 0 2300 2300 2300 0 128 128 128 0 1 1
297000 298000 1 1 6 3172 0 0 6 990 0 0 453 453 453 0 0 0 0 0 0 0 0 0 0 0
298000 299000 0 0 0 0 0 0 0 0 0 0 0 0 0 0 0 0 0 0 0 0 0 0 0 0
299000 300000 1 1 6 3170 0 0 6 990 0 0 445 445 445 0 0 0 0 0 0 0 0 0 0 0
300000 301000 0 0 0 0 0 0 0 0 0 0 0 0 0 0 0 0 0 0 0 0 0 0 0 0
