ts te nbins ncons c_pkts_all c_ack_cnt c_ack_cnt_p c_bytes_all c_bytes_uniq s_pkts_all s_ack_cnt s_ack_cnt_p s_bytes_all s_bytes_uniq c_pkts_retx s_pkts_retx c_pkts_data s_pkts_data max_bin min_bin avg_bin std_bin max_vid min_vid avg_vid std_vid max_aud min_aud avg_aud std_aud num_vid num_aud num_mfs
0 2000 28 26 228 226 104 54463 53500 305 305 131 177564 171354 1 5 121 171 992 27 283 236 0 0 0 0 0 0 0 0 0 0.0 0.0
2000 4000 4 4 11 11 3 2215 2215 16 16 9 2940 2940 0 0 8 7 206 42 97 74 0 0 0 0 0 0 0 0 0 0.0 0.0
4000 6000 11 10 90 85 30 26486 26486 107 107 63 31190 30754 0 1 54 39 961 49 352 282 0 0 0 0 0 0 0 0 0 0.0 1.0
6000 8000 7 6 48 44 23 16801 16464 58 58 26 20749 20242 1 1 21 27 373 44 233 122 2300 2300 2300 0 128 128 128 0 3 3.0 0.0
8000 10000 3 3 5 5 2 680 680 5 5 3 507 507 0 0 2 1 130 28 64 57 2300 2300 2300 0 128 128 128 0 2 2.0 1.0
10000 12000 7 6 80 77 29 72496 72496 106 106 67 37831 32379 0 3 48 36 861 26 324 273 2300 2300 2300 0 128 128 128 0 2 2.0 1.0
12000 14000 2 1 4 4 2 876 876 4 4 1 1325 818 0 1 1 2 229 42 135 132 2300 2300 2300 0 128 128 128 0 2 1.0 1.0
14000 16000 1 1 2 2 1 0 0 3 3 1 474 474 0 0 0 1 199 199 199 0 2300 2300 2300 0 128 128 128 0 2 2.0 1.0
16000 18000 2 2 10 10 4 5309 5309 15 15 9 5036 4459 0 1 6 6 545 98 322 316 2300 2300 2300 0 128 128 128 0 2 3.0 1.0
18000 20000 0 0 0 0 0 0 0 0 0 0 0 0 0 0 0 0 0 0 0 0 0 0 0 0 0 0 0 0 0  
20000 22000 2 2 9 9 2 11993 11993 11 11 9 844 844 0 0 7 2 218 186 202 23 2300 2300 2300 0 128 128 128 0 1 1.0 1.0
22000 24000 0 0 0 0 0 0 0 0 0 0 0 0 0 0 0 0 0 0 0 0 0 0 0 0 0 0 0 0 0  
24000 26000 1 1 1 1 1 0 0 1 1 1 0 0 0 0 0 0 25 25 25 0 4400 4400 4400 0 128 128 128 0 1 1.0 1.0
26000 28000 2 2 9 9 2 5692 5327 15 15 10 4471 4471 1 0 7 5 225 148 187 54 4400 4400 4400 0 128 128 128 0 1 1.0 1.0
28000 30000 0 0 0 0 0 0 0 0 0 0 0 0 0 0 0 0 0 0 0 0 0 0 0 0 0 0 0 0 0  
30000 32000 4 4 57 57 4 126048 126048 90 90 86 1236 1236 0 0 53 4 596 30 277 234 3000 3000 3000 0 128 128 128 0 2 1.0 1.0
32000 34000 0 0 0 0 0 0 0 0 0 0 0 0 0 0 0 0 0 0 0 0 0 0 0 0 0 0 0 0 0  
34000 36000 9 9 9 9 9 0 0 9 9 9 0 0 0 0 0 0 18 17 17 0 3000 3000 3000 0 128 128 128 0 1 1.0 1.0
36000 38000 6 6 31 29 11 14896 14896 40 40 21 14551 14551 0 0 17 18 359 16 150 163 3000 3000 3000 0 128 128 128 0 1 1.0 1.0
38000 40000 2 2 3 3 2 35 35 3 3 2 31 31 0 0 1 1 28 21 25 4 0 0 0 0 0 0 0 0 0 0.0 1.0
40000 42000 1 1 4 4 1 5555 5555 5 5 4 422 422 0 0 3 1 233 233 233 0 0 0 0 0 0 0 0 0 0 0.0 1.0
42000 44000 4 4 4 4 4 0 0 4 4 4 0 0 0 0 0 0 23 19 22 1 3000 3000 3000 0 128 128 128 0 1 1.0 1.0
44000 46000 8 8 5 5 5 0 0 5 5 5 0 0 0 0 0 0 23 11 15 4 3000 3000 3000 0 128 128 128 0 2 2.0 1.0
46000 48000 17 17 26 26 16 10353 10353 34 34 27 4966 4966 0 0 10 7 245 12 50 75 3000 3000 3000 0 128 128 128 0 2 2.0 1.0
48000 50000 2 2 2 2 2 0 0 2 2 2 0 0 0 0 0 0 17 16 16 0 3000 3000 3000 0 128 128 128 0 1 1.0 1.0
50000 52000 17 17 29 29 17 6057 6057 30 30 20 422 422 0 0 3 1 203 14 31 44 3000 3000 3000 0 128 128 128 0 1 1.0 1.0
52000 54000 1 1 2 2 1 0 0 2 2 1 0 0 0 0 0 0 20 20 20 0 3000 3000 3000 0 128 128 128 0 2 2.0 1.0
54000 56000 1 1 1 1 1 0 0 1 1 1 0 0 0 0 0 0 21 21 21 0 3000 3000 3000 0 128 128 128 0 1 1.0 1.0
56000 58000 3 3 21 19 8 9552 9552 28 28 15 10053 10053 0 0 10 12 284 77 200 109 3000 3000 3000 0 128 128 128 0 1 1.0 1.0
58000 60000 5 5 9 9 5 0 0 9 9 5 0 0 0 0 0 0 32 18 26 6 3000 3000 3000 0 128 128 128 0 1 1.0 1.0
60000 62000 8 8 19 17 6 8526 8526 23 23 11 1076 1045 0 1 6 9 253 17 105 96 3000 3000 3000 0 128 128 128 0 1 1.0 1.0
62000 64000 0 0 0 0 0 0 0 0 0 0 0 0 0 0 0 0 0 0 0 0 0 0 0 0 0 0 0 0 0  
64000 66000 2 2 61 60 11 121112 121112 110 110 88 6601 6348 0 0 48 19 806 128 467 479 3000 3000 3000 0 128 128 128 0 1 1.0 1.0
66000 68000 6 6 17 17 6 9736 9736 23 23 14 4847 4838 0 0 9 8 276 16 119 102 3000 3000 3000 0 128 128 128 0 1 1.0 1.0
68000 70000 1 1 1 1 0 35 35 2 2 1 31 31 0 0 1 1 73 73 73 0 3000 3000 3000 0 128 128 128 0 1 1.0 1.0
70000 72000 4 4 10 10 4 8270 8270 12 12 9 844 844 0 0 5 2 206 25 107 92 3000 3000 3000 0 128 128 128 0 1 1.0 1.0
72000 74000 0 0 0 0 0 0 0 0 0 0 0 0 0 0 0 0 0 0 0 0 0 0 0 0 0 0 0 0 0  
74000 76000 0 0 0 0 0 0 0 0 0 0 0 0 0 0 0 0 0 0 0 0 0 0 0 0 0 0 0 0 0  
76000 78000 2 2 3 3 2 0 0 4 4 2 77 77 0 0 0 1 158 19 89 98 3000 3000 3000 0 128 128 128 0 1 1.0 1.0
78000 80000 0 0 0 0 0 0 0 0 0 0 0 0 0 0 0 0 0 0 0 0 0 0 0 0 0 0 0 0 0  
80000 82000 1 1 4 4 1 5323 5323 6 6 5 422 422 0 0 3 1 241 241 241 0 3000 3000 3000 0 128 128 128 0 1 1.0 1.0
82000 84000 0 0 0 0 0 0 0 0 0 0 0 0 0 0 0 0 0 0 0 0 0 0 0 0 0 0 0 0 0  
84000 86000 1 1 1 1 1 0 0 1 1 1 0 0 0 0 0 0 25 25 25 0 3000 3000 3000 0 128 128 128 0 1 1.0 1.0
86000 88000 1 1 4 4 1 2800 2800 7 7 4 508 508 0 0 3 3 144 144 144 0 3000 3000 3000 0 128 128 128 0 1 1.0 1.0
88000 90000 0 0 0 0 0 0 0 0 0 0 0 0 0 0 0 0 0 0 0 0 0 0 0 0 0 0 0 0 0  
90000 92000 3 3 6 6 2 5095 5095 9 9 6 484 453 0 1 4 3 204 15 139 107 3000 3000 3000 0 128 128 128 0 1 1.0 1.0
92000 94000 12 12 12 12 12 0 0 12 12 12 0 0 0 0 0 0 24 21 22 0 3000 3000 3000 0 128 128 128 0 1 1.0 1.0
94000 96000 2 2 2 2 2 0 0 2 2 2 0 0 0 0 0 0 17 17 17 0 3000 3000 3000 0 128 128 128 0 1 1.0 1.0
96000 98000 7 7 7 7 5 70 70 9 9 7 62 62 0 0 2 2 51 17 23 12 3000 3000 3000 0 128 128 128 0 1 1.0 1.0
98000 100000 1 1 1 1 0 35 35 2 2 1 31 31 0 0 1 1 27 27 27 0 3000 3000 3000 0 128 128 128 0 1 1.0 1.0
100000 102000 1 1 4 4 1 5371 5371 6 6 5 422 422 0 0 3 1 218 218 218 0 3000 3000 3000 0 128 128 128 0 2 2.0 1.0
102000 104000 0 0 0 0 0 0 0 0 0 0 0 0 0 0 0 0 0 0 0 0 0 0 0 0 0 0 0 0 0  
104000 106000 1 1 1 1 1 0 0 1 1 1 0 0 0 0 0 0 14 14 14 0 3000 3000 3000 0 128 128 128 0 1 1.0 1.0
106000 108000 0 0 0 0 0 0 0 0 0 0 0 0 0 0 0 0 0 0 0 0 0 0 0 0 0 0 0 0 0  
108000 110000 0 0 0 0 0 0 0 0 0 0 0 0 0 0 0 0 0 0 0 0 0 0 0 0 0 0 0 0 0  
110000 112000 2 2 5 5 2 5717 5717 7 7 6 422 422 0 0 3 1 186 25 106 113 3000 3000 3000 0 128 128 128 0 1 1.0 1.0
112000 114000 1 1 1 1 1 0 0 1 1 1 0 0 0 0 0 0 21 21 21 0 3000 3000 3000 0 128 128 128 0 1 1.0 1.0
114000 116000 1 1 1 1 1 0 0 1 1 1 0 0 0 0 0 0 18 18 18 0 3000 3000 3000 0 128 128 128 0 1 1.0 1.0
116000 118000 1 1 1 1 1 0 0 1 1 1 0 0 0 0 0 0 16 16 16 0 3000 3000 3000 0 128 128 128 0 1 1.0 1.0
118000 120000 0 0 0 0 0 0 0 0 0 0 0 0 0 0 0 0 0 0 0 0 0 0 0 0 0 0 0 0 0  
120000 122000 5 5 91 91 64 9019 9019 136 136 18 174045 174014 0 1 27 118 267 16 147 106 3000 3000 3000 0 128 128 128 0 1 1.0 1.0
122000 124000 0 0 0 0 0 0 0 0 0 0 0 0 0 0 0 0 0 0 0 0 0 0 0 0 0 0 0 0 0  
124000 126000 2 2 59 58 10 108952 108952 106 106 85 7195 7195 0 0 48 20 374 194 284 126 3000 3000 3000 0 128 128 128 0 1 1.0 1.0
126000 128000 5 5 25 24 9 10685 10685 36 36 20 6749 5361 0 1 15 15 383 17 202 155 3000 3000 3000 0 128 128 128 0 1 1.0 1.0
128000 130000 2 2 2 2 1 35 35 3 3 2 31 31 0 0 1 1 34 16 25 12 3000 3000 3000 0 128 128 128 0 1 1.0 1.0
130000 132000 2 2 11 11 3 15707 15707 14 14 11 888 888 0 0 8 3 645 230 437 293 3000 3000 3000 0 128 128 128 0 1 1.0 1.0
132000 134000 0 0 0 0 0 0 0 0 0 0 0 0 0 0 0 0 0 0 0 0 0 0 0 0 0 0 0 0 0  
134000 136000 2 2 3 3 2 0 0 4 4 2 77 77 0 0 0 1 17 15 16 1 3000 3000 3000 0 128 128 128 0 1 1.0 1.0
136000 138000 11 11 12 12 11 0 0 13 13 11 77 77 0 0 0 1 116 18 31 28 3000 3000 3000 0 128 128 128 0 1 1.0 1.0
138000 140000 2 2 2 2 2 0 0 2 2 2 0 0 0 0 0 0 20 19 20 0 3000 3000 3000 0 128 128 128 0 1 1.0 1.0
140000 142000 4 4 7 7 3 5337 5337 9 9 7 441 441 0 0 3 1 343 11 94 166 3000 3000 3000 0 128 128 128 0 1 1.0 1.0
142000 144000 5 5 3 3 3 0 0 3 3 3 0 0 0 0 0 0 16 12 14 2 3000 3000 3000 0 128 128 128 0 1 1.0 1.0
144000 146000 0 0 0 0 0 0 0 0 0 0 0 0 0 0 0 0 0 0 0 0 0 0 0 0 0 0 0 0 0  
146000 148000 0 0 0 0 0 0 0 0 0 0 0 0 0 0 0 0 0 0 0 0 0 0 0 0 0 0 0 0 0  
148000 150000 0 0 0 0 0 0 0 0 0 0 0 0 0 0 0 0 0 0 0 0 0 0 0 0 0 0 0 0 0  
150000 152000 3 3 7 7 2 5689 5419 10 10 8 453 453 1 0 5 2 182 20 93 81 3000 3000 3000 0 128 128 128 0 1 1.0 1.0
152000 154000 0 0 0 0 0 0 0 0 0 0 0 0 0 0 0 0 0 0 0 0 0 0 0 0 0 0 0 0 0  
154000 156000 0 0 0 0 0 0 0 0 0 0 0 0 0 0 0 0 0 0 0 0 0 0 0 0 0 0 0 0 0  
156000 158000 2 2 2 2 0 70 70 4 4 2 62 62 0 0 2 2 78 21 49 40 3000 3000 3000 0 128 128 128 0 1 1.0 1.0
158000 160000 1 1 1 1 0 35 35 2 2 1 31 31 0 0 1 1 75 75 75 0 3000 3000 3000 0 128 128 128 0 1 1.0 1.0
160000 162000 2 2 5 5 2 5388 5388 7 7 6 422 422 0 0 3 1 203 30 116 122 3000 3000 3000 0 128 128 128 0 1 1.0 1.0
162000 164000 0 0 0 0 0 0 0 0 0 0 0 0 0 0 0 0 0 0 0 0 0 0 0 0 0 0 0 0 0  
164000 166000 0 0 0 0 0 0 0 0 0 0 0 0 0 0 0 0 0 0 0 0 0 0 0 0 0 0 0 0 0  
166000 168000 2 2 7 7 3 2839 2797 8 8 6 508 508 1 0 4 2 616 24 320 418 3000 3000 3000 0 128 128 128 0 1 1.0 1.0
168000 170000 2 2 2 2 2 0 0 2 2 2 0 0 0 0 0 0 16 14 15 1 3000 3000 3000 0 128 128 128 0 1 1.0 1.0
170000 172000 2 2 5 5 2 5406 5406 7 7 6 422 422 0 0 3 1 218 21 120 139 3000 3000 3000 0 128 128 128 0 1 1.0 1.0
172000 174000 1 1 1 1 1 0 0 1 1 1 0 0 0 0 0 0 25 25 25 0 3000 3000 3000 0 128 128 128 0 1 1.0 1.0
174000 176000 1 1 1 1 1 0 0 1 1 1 0 0 0 0 0 0 15 15 15 0 3000 3000 3000 0 128 128 128 0 1 1.0 1.0
176000 178000 0 0 0 0 0 0 0 0 0 0 0 0 0 0 0 0 0 0 0 0 0 0 0 0 0 0 0 0 0  
178000 180000 0 0 0 0 0 0 0 0 0 0 0 0 0 0 0 0 0 0 0 0 0 0 0 0 0 0 0 0 0  
180000 182000 3 3 6 6 2 5088 5088 7 7 5 453 453 0 0 4 2 223 16 88 116 3000 3000 3000 0 128 128 128 0 1 1.0 1.0
182000 184000 10 10 10 10 10 0 0 10 10 10 0 0 0 0 0 0 26 18 21 2 3000 3000 3000 0 128 128 128 0 1 1.0 1.0
184000 186000 3 3 51 51 8 105181 105181 92 92 81 693 521 0 1 43 11 346 17 127 189 3000 3000 3000 0 128 128 128 0 1 1.0 1.0
186000 188000 9 9 29 28 16 7974 7974 38 38 21 12876 10100 0 2 12 16 693 16 119 224 3000 3000 3000 0 128 128 128 0 1 1.0 1.0
188000 190000 1 1 1 1 0 35 35 2 2 1 31 31 0 0 1 1 17 17 17 0 3000 3000 3000 0 128 128 128 0 1 1.0 1.0
190000 192000 2 2 7 7 2 8029 8029 8 8 6 844 844 0 0 5 2 200 193 197 5 3000 3000 3000 0 128 128 128 0 1 1.0 1.0
192000 194000 0 0 0 0 0 0 0 0 0 0 0 0 0 0 0 0 0 0 0 0 0 0 0 0 0 0 0 0 0  
194000 196000 1 1 1 1 1 0 0 1 1 1 0 0 0 0 0 0 19 19 19 0 3000 3000 3000 0 128 128 128 0 1 1.0 1.0
196000 198000 1 1 3 3 2 0 0 4 4 1 77 77 0 0 0 2 132 132 132 0 3000 3000 3000 0 128 128 128 0 2 2.0 1.0
198000 200000 0 0 0 0 0 0 0 0 0 0 0 0 0 0 0 0 0 0 0 0 0 0 0 0 0 0 0 0 0  
200000 202000 1 1 4 4 1 5667 5667 5 5 4 422 422 0 0 3 1 192 192 192 0 3000 3000 3000 0 128 128 128 0 1 1.0 1.0
202000 204000 0 0 0 0 0 0 0 0 0 0 0 0 0 0 0 0 0 0 0 0 0 0 0 0 0 0 0 0 0  
204000 206000 1 1 1 1 1 0 0 1 1 1 0 0 0 0 0 0 19 19 19 0 3000 3000 3000 0 128 128 128 0 1 1.0 1.0
206000 208000 1 1 4 4 1 2797 2797 6 6 4 508 508 0 0 3 2 178 178 178 0 3000 3000 3000 0 128 128 128 0 1 1.0 1.0
208000 210000 0 0 0 0 0 0 0 0 0 0 0 0 0 0 0 0 0 0 0 0 0 0 0 0 0 0 0 0 0  
210000 212000 2 2 5 5 1 5777 5777 7 7 5 453 453 0 0 4 2 239 24 131 151 3000 3000 3000 0 128 128 128 0 1 1.0 1.0
212000 214000 2 2 2 2 2 0 0 2 2 2 0 0 0 0 0 0 18 17 18 0 3000 3000 3000 0 128 128 128 0 1 1.0 1.0
214000 216000 0 0 0 0 0 0 0 0 0 0 0 0 0 0 0 0 0 0 0 0 0 0 0 0 0 0 0 0 0  
216000 218000 2 2 2 2 0 70 70 4 4 2 62 62 0 0 2 2 48 26 37 15 3000 3000 3000 0 128 128 128 0 1 1.0 1.0
218000 220000 3 3 5 5 3 35 35 6 6 3 104 104 0 0 1 2 134 15 55 68 3000 3000 3000 0 128 128 128 0 1 1.0 1.0
220000 222000 1 1 4 4 1 5055 5055 4 4 3 422 422 0 0 3 1 204 204 204 0 3000 3000 3000 0 128 128 128 0 1 1.0 1.0
222000 224000 0 0 0 0 0 0 0 0 0 0 0 0 0 0 0 0 0 0 0 0 0 0 0 0 0 0 0 0 0  
224000 226000 1 1 1 1 1 0 0 1 1 1 0 0 0 0 0 0 15 15 15 0 3000 3000 3000 0 128 128 128 0 1 1.0 1.0
226000 228000 0 0 0 0 0 0 0 0 0 0 0 0 0 0 0 0 0 0 0 0 0 0 0 0 0 0 0 0 0  
228000 230000 10 10 10 10 10 0 0 10 10 10 0 0 0 0 0 0 25 16 21 3 3000 3000 3000 0 128 128 128 0 1 1.0 1.0
230000 232000 4 4 7 7 4 5055 5055 7 7 6 422 422 0 0 3 1 244 16 75 112 3000 3000 3000 0 128 128 128 0 1 1.0 1.0
232000 234000 7 7 8 8 7 0 0 9 9 7 39 39 0 0 0 1 150 15 36 50 3000 3000 3000 0 128 128 128 0 1 1.0 1.0
234000 236000 0 0 0 0 0 0 0 0 0 0 0 0 0 0 0 0 0 0 0 0 0 0 0 0 0 0 0 0 0  
236000 238000 1 1 1 1 1 0 0 1 1 1 0 0 0 0 0 0 17 17 17 0 3000 3000 3000 0 128 128 128 0 1 1.0 1.0
238000 240000 0 0 0 0 0 0 0 0 0 0 0 0 0 0 0 0 0 0 0 0 0 0 0 0 0 0 0 0 0  
240000 242000 13 13 113 113 79 8311 8311 159 159 22 189213 147117 0 30 26 129 280 15 107 80 3000 3000 3000 0 128 128 128 0 1 1.0 1.0
242000 244000 2 2 18 18 13 552 552 25 25 1 34945 27073 0 5 3 22 52 18 35 24 3000 3000 3000 0 128 128 128 0 1 1.0 1.0
244000 246000 5 5 61 60 10 109355 109355 112 112 89 1855 1855 0 0 47 19 325 18 128 122 3000 3000 3000 0 128 128 128 0 2 2.0 1.0
246000 248000 6 6 27 26 9 10839 10801 41 41 22 10978 10617 1 1 16 17 466 64 204 158 3000 3000 3000 0 128 128 128 0 1 1.0 1.0
248000 250000 1 1 1 1 0 35 35 2 2 1 31 31 0 0 1 1 39 39 39 0 3000 3000 3000 0 128 128 128 0 1 1.0 1.0
250000 252000 2 2 10 10 2 16374 16374 15 15 13 844 844 0 0 8 2 216 192 204 16 3000 3000 3000 0 128 128 128 0 1 1.0 1.0
252000 254000 0 0 0 0 0 0 0 0 0 0 0 0 0 0 0 0 0 0 0 0 0 0 0 0 0 0 0 0 0  
254000 256000 1 1 2 2 1 0 0 3 3 1 77 77 0 0 0 1 17 17 17 0 3000 3000 3000 0 128 128 128 0 1 1.0 1.0
256000 258000 1 1 2 2 1 0 0 3 3 1 77 77 0 0 0 1 164 164 164 0 3000 3000 3000 0 128 128 128 0 1 1.0 1.0
258000 260000 0 0 0 0 0 0 0 0 0 0 0 0 0 0 0 0 0 0 0 0 0 0 0 0 0 0 0 0 0  
260000 262000 1 1 4 4 1 5010 5010 5 5 4 422 422 0 0 3 1 252 252 252 0 3000 3000 3000 0 128 128 128 0 1 1.0 1.0
262000 264000 0 0 0 0 0 0 0 0 0 0 0 0 0 0 0 0 0 0 0 0 0 0 0 0 0 0 0 0 0  
264000 266000 0 0 0 0 0 0 0 0 0 0 0 0 0 0 0 0 0 0 0 0 0 0 0 0 0 0 0 0 0  
266000 268000 0 0 0 0 0 0 0 0 0 0 0 0 0 0 0 0 0 0 0 0 0 0 0 0 0 0 0 0 0  
268000 270000 0 0 0 0 0 0 0 0 0 0 0 0 0 0 0 0 0 0 0 0 0 0 0 0 0 0 0 0 0  
270000 272000 2 2 5 5 1 4425 4425 7 7 5 453 453 0 0 4 2 243 57 150 131 3000 3000 3000 0 128 128 128 0 1 1.0 1.0
272000 274000 3 3 3 3 3 0 0 3 3 3 0 0 0 0 0 0 15 14 15 0 3000 3000 3000 0 128 128 128 0 2 1.0 1.0
274000 276000 1 1 1 1 1 0 0 1 1 1 0 0 0 0 0 0 15 15 15 0 3000 3000 3000 0 128 128 128 0 1 2.0 1.0
276000 278000 3 3 3 3 1 70 70 6 6 3 93 62 0 1 2 3 183 15 75 93 3000 3000 3000 0 128 128 128 0 1 1.0 1.0
278000 280000 1 1 1 1 0 35 35 2 2 1 31 31 0 0 1 1 16 16 16 0 3000 3000 3000 0 128 128 128 0 1 1.0 1.0
280000 282000 1 1 4 4 1 6056 6056 6 6 5 422 422 0 0 3 1 215 215 215 0 3000 3000 3000 0 128 128 128 0 1 1.0 1.0
282000 284000 0 0 0 0 0 0 0 0 0 0 0 0 0 0 0 0 0 0 0 0 0 0 0 0 0 0 0 0 0  
284000 286000 1 1 1 1 1 0 0 1 1 1 0 0 0 0 0 0 15 15 15 0 3000 3000 3000 0 128 128 128 0 1 1.0 1.0
286000 288000 3 3 6 6 3 2797 2797 9 9 6 508 508 0 0 3 3 179 14 70 94 3000 3000 3000 0 128 128 128 0 1 1.0 1.0
288000 290000 0 0 0 0 0 0 0 0 0 0 0 0 0 0 0 0 0 0 0 0 0 0 0 0 0 0 0 0 0  
290000 292000 2 2 5 5 2 5409 5409 6 6 5 422 422 0 0 3 1 215 15 115 141 3000 3000 3000 0 128 128 128 0 2 2.0 1.0
292000 294000 1 1 1 1 1 0 0 1 1 1 0 0 0 0 0 0 20 20 20 0 3000 3000 3000 0 128 128 128 0 1 1.0 1.0
294000 296000 1 1 1 1 1 0 0 1 1 1 0 0 0 0 0 0 16 16 16 0 3000 3000 3000 0 128 128 128 0 1 1.0 1.0
296000 298000 0 0 0 0 0 0 0 0 0 0 0 0 0 0 0 0 0 0 0 0 0 0 0 0 0 0 0 0 0  
298000 300000 0 0 0 0 0 0 0 0 0 0 0 0 0 0 0 0 0 0 0 0 0 0 0 0 0 0 0 0 0  
300000 302000 0 0 0 0 0 0 0 0 0 0 0 0 0 0 0 0 0 0 0 0 0 0 0 0 0 0 0 0 0  
