ts te nbins ncons c_tcp_packs c_tcp_bytes c_udp_packs c_udp_bytes s_tcp_packs s_tcp_bytes s_udp_packs s_udp_bytes max_bins_span min_bins_span avg_bins_span std_bins_span max_video_rate min_video_rate avg_video_rate std_video_rate max_audio_rate min_audio_rate avg_audio_rate std_audio_rate video_requests audio_requests
0 10000 1 1 0 0 24 3895 0 0 46 60473 322 322 322 0 288 288 288 0 128 128 128 0 2 2
10000 20000 11 1 0 0 638 49732 0 0 942 1270977 997 85 869 287 288 288 288 0 128 128 128 0 8 8
20000 30000 10 1 0 0 542 37946 0 0 600 823432 997 58 799 384 288 288 288 0 128 128 128 0 6 7
30000 40000 10 1 0 0 450 31414 0 0 483 671738 999 900 981 29 288 288 288 0 128 128 128 0 6 5
40000 50000 11 1 0 0 380 27286 0 0 378 529200 995 9 892 293 288 288 288 0 128 128 128 0 5 5
50000 60000 11 1 0 0 413 29855 0 0 450 623535 997 75 889 274 288 288 288 0 128 128 128 0 5 5
60000 70000 11 1 0 0 466 33379 0 0 531 733937 997 158 876 259 288 288 288 0 128 128 128 0 5 6
70000 80000 11 1 0 0 523 35865 0 0 572 782126 998 354 896 220 288 288 288 0 128 128 128 0 6 5
80000 90000 11 1 0 0 371 27737 0 0 419 591489 999 7 821 381 288 288 288 0 128 128 128 0 5 5
90000 100000 11 1 0 0 387 29347 0 0 439 607796 998 10 891 293 288 288 288 0 128 128 128 0 5 5
100000 110000 10 1 0 0 826 47677 0 0 850 1219673 998 953 986 16 4400 288 2755 2252 128 128 128 0 5 5
110000 120000 11 1 0 0 1226 74851 0 0 1224 1737033 999 39 900 286 4400 288 661 1239 128 128 128 0 11 10
120000 130000 11 1 0 0 880 52662 0 0 917 1292545 999 64 894 280 840 840 840 0 128 128 128 0 6 6
130000 140000 10 1 0 0 861 50416 0 0 927 1307798 999 178 908 256 840 840 840 0 128 128 128 0 6 6
140000 150000 11 1 0 0 882 55110 0 0 987 1398103 999 85 835 302 840 840 840 0 128 128 128 0 5 5
150000 160000 10 1 0 0 913 53159 0 0 950 1357058 999 610 922 139 840 840 840 0 128 128 128 0 5 5
160000 170000 10 1 0 0 833 48595 0 0 884 1248582 999 118 801 329 840 840 840 0 128 128 128 0 5 5
170000 180000 11 1 0 0 1013 60852 0 0 1121 1581998 999 65 898 278 840 840 840 0 128 128 128 0 5 5
180000 190000 10 1 0 0 863 53341 0 0 938 1314710 999 928 990 21 840 840 840 0 128 128 128 0 6 6
190000 200000 11 1 0 0 953 56927 0 0 1062 1503846 999 5 903 298 840 840 840 0 128 128 128 0 5 5
200000 210000 10 1 0 0 747 44786 0 0 771 1092525 999 41 700 382 840 840 840 0 128 128 128 0 5 5
210000 220000 11 1 0 0 1011 61729 0 0 1092 1544292 999 95 903 270 840 840 840 0 128 128 128 0 5 5
220000 230000 11 1 0 0 899 54371 0 0 932 1302200 999 47 897 283 840 840 840 0 128 128 128 0 5 5
230000 240000 10 1 0 0 886 54641 0 0 990 1384621 999 675 957 100 840 840 840 0 128 128 128 0 6 6
240000 250000 11 1 0 0 928 57524 0 0 1059 1509781 999 148 853 308 840 840 840 0 128 128 128 0 5 5
250000 260000 10 1 0 0 755 46081 0 0 776 1106803 999 118 807 334 840 840 840 0 128 128 128 0 5 5
260000 270000 11 1 0 0 1005 60765 0 0 1066 1520309 999 78 903 275 840 840 840 0 128 128 128 0 5 5
270000 280000 11 1 0 0 904 54768 0 0 923 1288713 999 30 894 287 840 840 840 0 128 128 128 0 5 5
280000 290000 10 1 0 0 864 54142 0 0 941 1326257 998 968 991 10 840 840 840 0 128 128 128 0 6 6
290000 300000 10 1 0 0 877 51100 0 0 884 1254818 999 24 785 382 840 840 840 0 128 128 128 0 5 5
300000 310000 1 1 0 0 95 6539 0 0 133 189171 877 877 877 0 840 840 840 0 128 128 128 0 1 1
