ts te nbins ncons c_tcp_packs c_tcp_bytes c_udp_packs c_udp_bytes s_tcp_packs s_tcp_bytes s_udp_packs s_udp_bytes max_bins_span min_bins_span avg_bins_span std_bins_span max_video_rate min_video_rate avg_video_rate std_video_rate max_audio_rate min_audio_rate avg_audio_rate std_audio_rate video_requests audio_requests
0 10000 2 2 2 608 5 2495 3 2456 9 10095 346 145 246 141 0 0 0 0 0 0 0 0 0 0
10000 20000 12 2 10 2216 330 30447 10 8953 631 850634 996 168 848 263 288 288 288 0 128 128 128 0 7 8
20000 30000 11 1 0 0 335 26692 0 0 522 712192 998 57 887 280 288 288 288 0 128 128 128 0 6 6
30000 40000 10 1 0 0 351 29499 0 0 571 792318 998 918 976 28 288 288 288 0 128 128 128 0 6 6
40000 50000 11 1 0 0 314 25810 0 0 477 646150 999 26 887 288 288 288 288 0 128 128 128 0 4 4
50000 60000 12 2 1 0 287 22433 1 0 452 638149 993 26 815 350 288 288 288 0 128 128 128 0 5 5
60000 70000 11 1 0 0 332 27340 0 0 513 715448 997 186 889 252 288 288 288 0 128 128 128 0 6 6
70000 80000 11 1 0 0 316 25024 0 0 484 657103 999 325 884 244 288 288 288 0 128 128 128 0 5 5
80000 90000 11 1 0 0 357 29089 0 0 567 772667 998 310 888 237 288 288 288 0 128 128 128 0 6 6
90000 100000 11 1 0 0 365 28820 0 0 530 737204 998 219 891 240 288 288 288 0 128 128 128 0 6 6
100000 110000 11 2 1 0 298 23674 1 0 435 607789 999 17 883 294 288 288 288 0 128 128 128 0 5 5
110000 120000 10 1 0 0 289 22197 0 0 363 510954 998 892 982 31 288 288 288 0 128 128 128 0 3 3
120000 130000 11 1 0 0 280 20978 0 0 401 561274 999 102 882 267 288 288 288 0 128 128 128 0 5 5
130000 140000 11 1 0 0 480 37354 0 0 743 999561 999 201 894 243 288 288 288 0 128 128 128 0 8 8
140000 150000 12 2 1 0 220 17632 1 0 326 431950 999 16 785 344 288 288 288 0 128 128 128 0 3 2
150000 160000 11 1 0 0 378 27603 0 0 443 612252 995 310 886 235 288 288 288 0 128 128 128 0 5 6
160000 170000 11 1 0 0 438 32136 0 0 540 752343 999 241 897 237 288 288 288 0 128 128 128 0 6 6
170000 180000 11 1 0 0 395 29884 0 0 473 660176 998 146 880 254 288 288 288 0 128 128 128 0 5 5
180000 190000 11 1 0 0 467 34686 0 0 587 809112 999 32 887 287 288 288 288 0 128 128 128 0 7 7
190000 200000 11 2 1 0 433 32274 1 0 606 846751 998 21 891 289 288 288 288 0 128 128 128 0 7 6
200000 210000 11 1 0 0 311 23471 0 0 404 564505 997 75 886 276 288 288 288 0 128 128 128 0 4 4
210000 220000 11 1 0 0 428 34569 0 0 564 760012 999 218 842 277 288 288 288 0 128 128 128 0 8 8
220000 230000 7 1 0 0 531 35660 0 0 529 721162 994 614 833 165 480 288 416 99 128 128 128 0 6 6
230000 240000 7 2 1 0 554 35541 1 0 569 797235 991 19 817 354 480 480 480 0 128 128 128 0 5 5
240000 250000 10 1 0 0 607 41037 0 0 737 1017161 999 215 908 244 480 480 480 0 128 128 128 0 6 6
250000 260000 11 2 2 0 623 41975 2 24 677 931222 999 185 826 281 480 480 480 0 128 128 128 0 5 5
260000 270000 11 1 0 0 703 45609 0 0 759 1049857 999 342 901 216 840 480 660 197 128 128 128 0 6 6
270000 280000 11 1 0 0 893 52835 0 0 954 1333993 999 294 899 226 840 840 840 0 128 128 128 0 5 5
280000 290000 10 1 0 0 913 55241 0 0 993 1414138 999 704 927 115 840 840 840 0 128 128 128 0 6 6
290000 300000 11 1 0 0 861 53550 0 0 913 1299282 999 197 842 297 840 840 840 0 128 128 128 0 5 5
300000 310000 1 1 0 0 87 5061 0 0 116 169153 690 690 690 0 0 0 0 0 0 0 0 0 0 0
