ts te nbins ncons c_tcp_packs c_tcp_bytes c_udp_packs c_udp_bytes s_tcp_packs s_tcp_bytes s_udp_packs s_udp_bytes max_bins_span min_bins_span avg_bins_span std_bins_span max_video_rate min_video_rate avg_video_rate std_video_rate max_audio_rate min_audio_rate avg_audio_rate std_audio_rate video_requests audio_requests
0 10000 4 1 0 0 399 31273 0 0 567 650599 999 589 894 203 288 288 288 0 128 128 128 0 6 6
10000 20000 9 1 0 0 997 63474 0 0 1173 1380999 999 361 906 207 840 288 472 276 128 128 128 0 9 9
20000 30000 10 2 2 0 1096 62096 2 24 1156 1371857 999 68 782 352 840 840 840 0 128 128 128 0 6 6
30000 40000 12 4 4 0 903 51899 4 48 978 1147606 997 0 654 335 840 840 840 0 128 128 128 0 4 5
40000 50000 12 3 0 0 1149 65353 0 0 1242 1462299 998 0 666 437 840 840 840 0 128 128 128 0 6 5
50000 60000 11 1 0 0 1084 62016 0 0 1168 1371980 999 359 899 215 840 840 840 0 128 128 128 0 5 5
60000 70000 10 1 0 0 1013 56987 0 0 1058 1281482 999 561 917 169 840 840 840 0 128 128 128 0 5 5
70000 80000 10 1 0 0 943 55773 0 0 980 1361126 999 366 844 249 840 840 840 0 128 128 128 0 6 6
80000 90000 9 1 0 0 836 47414 0 0 854 1184260 998 343 821 273 840 840 840 0 128 128 128 0 4 4
90000 100000 10 1 0 0 1004 58828 0 0 1051 1457437 999 334 925 207 840 840 840 0 128 128 128 0 6 6
100000 110000 11 1 0 0 877 50738 0 0 905 1248631 999 278 901 229 840 840 840 0 128 128 128 0 5 5
110000 120000 10 1 0 0 899 55358 0 0 983 1365249 999 720 931 109 840 840 840 0 128 128 128 0 5 5
120000 130000 10 1 0 0 819 47506 0 0 890 1235008 999 140 834 339 840 840 840 0 128 128 128 0 5 5
130000 140000 10 1 0 0 985 58145 0 0 1050 1451365 999 335 929 208 840 840 840 0 128 128 128 0 6 6
140000 150000 10 1 0 0 916 53117 0 0 959 1319954 999 395 891 206 840 840 840 0 128 128 128 0 5 5
150000 160000 11 1 0 0 927 57516 0 0 973 1341433 999 352 900 219 840 840 840 0 128 128 128 0 5 5
160000 170000 9 1 0 0 884 53149 0 0 902 1248666 999 358 866 223 840 840 840 0 128 128 128 0 5 5
170000 180000 8 1 0 0 871 53358 0 0 927 1288753 998 219 885 272 840 840 840 0 128 128 128 0 5 5
180000 190000 10 1 0 0 1006 61988 0 0 1110 1531791 999 344 930 205 840 840 840 0 128 128 128 0 6 6
190000 200000 10 1 0 0 920 60339 0 0 1009 1390872 999 364 898 216 840 840 840 0 128 128 128 0 5 5
200000 210000 9 1 0 0 899 54755 0 0 951 1310409 999 631 929 129 840 840 840 0 128 128 128 0 5 5
210000 220000 9 1 0 0 891 56371 0 0 1031 1427224 998 388 795 277 840 840 840 0 128 128 128 0 5 6
220000 230000 10 1 0 0 965 59868 0 0 1059 1467526 999 361 775 291 840 840 840 0 128 128 128 0 6 5
230000 240000 8 1 0 0 797 49279 0 0 856 1178929 999 119 808 313 840 840 840 0 128 128 128 0 4 4
240000 250000 8 1 0 0 784 51275 0 0 871 1205152 998 590 939 141 840 288 524 295 128 128 128 0 7 7
250000 260000 6 1 0 0 530 37264 0 0 573 766777 997 566 803 185 480 288 416 99 128 128 128 0 6 6
260000 270000 8 1 0 0 603 45164 0 0 710 955355 989 19 756 362 480 480 480 0 128 128 128 0 6 6
270000 280000 10 1 0 0 845 52136 0 0 927 1269180 997 348 876 225 840 480 780 146 128 128 128 0 6 6
280000 290000 10 1 0 0 936 56830 0 0 976 1344834 999 405 853 227 840 840 840 0 128 128 128 0 5 5
290000 300000 11 1 0 0 812 50639 0 0 914 1259341 999 333 887 219 840 840 840 0 128 128 128 0 5 5
300000 310000 1 1 0 0 81 5055 0 0 93 128720 666 666 666 0 840 840 840 0 128 128 128 0 1 1
