ts te nbins ncons c_tcp_packs c_tcp_bytes c_udp_packs c_udp_bytes s_tcp_packs s_tcp_bytes s_udp_packs s_udp_bytes max_bins_span min_bins_span avg_bins_span std_bins_span max_video_rate min_video_rate avg_video_rate std_video_rate max_audio_rate min_audio_rate avg_audio_rate std_audio_rate video_requests audio_requests
0 1000 0 0 0 0 0 0 0 0 0 0 0 0 0 0 0 0 0 0 0 0 0 0 0 0
1000 2000 0 0 0 0 0 0 0 0 0 0 0 0 0 0 0 0 0 0 0 0 0 0 0 0
2000 3000 0 0 0 0 0 0 0 0 0 0 0 0 0 0 0 0 0 0 0 0 0 0 0 0
3000 4000 0 0 0 0 0 0 0 0 0 0 0 0 0 0 0 0 0 0 0 0 0 0 0 0
4000 5000 0 0 0 0 0 0 0 0 0 0 0 0 0 0 0 0 0 0 0 0 0 0 0 0
5000 6000 0 0 0 0 0 0 0 0 0 0 0 0 0 0 0 0 0 0 0 0 0 0 0 0
6000 7000 1 1 6 873 0 0 7 9073 0 0 134 134 134 0 0 0 0 0 0 0 0 0 0 0
7000 8000 4 4 132 10712 0 0 196 286857 0 0 747 526 661 106 1500 1500 1500 0 128 128 128 0 2 2
8000 9000 3 2 107 1286 0 0 153 230724 0 0 744 100 366 336 0 0 0 0 0 0 0 0 0 0
9000 10000 4 3 78 2551 0 0 109 158355 0 0 762 199 445 260 288 288 288 0 128 128 128 0 2 1
10000 11000 4 2 108 3997 0 0 150 207027 0 0 759 236 497 284 288 288 288 0 128 128 128 0 2 2
11000 12000 5 3 157 5470 0 0 206 284015 0 0 761 233 547 271 288 288 288 0 128 128 128 0 3 2
12000 13000 6 4 123 1999 0 0 170 237413 0 0 754 188 321 215 288 288 288 0 128 128 128 0 1 1
13000 14000 2 1 6 197 0 0 11 13191 0 0 239 118 178 85 0 0 0 0 0 0 0 0 0 0
14000 15000 0 0 0 0 0 0 0 0 0 0 0 0 0 0 0 0 0 0 0 0 0 0 0 0
15000 16000 1 1 21 1272 0 0 23 29074 0 0 761 761 761 0 0 0 0 0 128 128 128 0 0 1
16000 17000 2 1 8 1007 0 0 7 9342 0 0 744 231 487 362 0 0 0 0 0 0 0 0 0 0
17000 18000 3 2 103 1934 0 0 134 182549 0 0 737 239 524 256 840 840 840 0 128 128 128 0 2 1
18000 19000 3 2 75 774 0 0 91 125708 0 0 400 111 258 144 0 0 0 0 0 0 0 0 0 0
19000 20000 2 2 98 1897 0 0 124 170280 0 0 762 651 707 78 840 840 840 0 128 128 128 0 1 1
20000 21000 4 2 127 953 0 0 132 182343 0 0 416 175 297 105 1500 1500 1500 0 0 0 0 0 1 0
21000 22000 2 1 99 834 0 0 117 173519 0 0 582 413 498 119 0 0 0 0 0 0 0 0 0 0
22000 23000 3 2 123 2105 0 0 154 240013 0 0 575 87 377 256 1500 1500 1500 0 128 128 128 0 1 2
23000 24000 2 2 155 1713 0 0 185 322974 0 0 425 321 373 73 0 0 0 0 0 0 0 0 0 0
24000 25000 2 2 155 1928 0 0 156 253783 0 0 586 102 344 342 1500 1500 1500 0 128 128 128 0 1 1
25000 26000 1 1 72 573 0 0 72 116268 0 0 308 308 308 0 0 0 0 0 0 0 0 0 0 0
26000 27000 3 3 217 2497 0 0 238 426691 0 0 591 42 406 315 2300 2300 2300 0 128 128 128 0 2 1
27000 28000 2 2 109 834 0 0 119 215727 0 0 298 293 295 3 0 0 0 0 0 0 0 0 0 0
28000 29000 2 2 230 1704 0 0 268 440489 0 0 585 582 583 2 2300 2300 2300 0 128 128 128 0 1 1
29000 30000 5 3 146 2308 0 0 174 277716 0 0 292 30 147 111 3000 3000 3000 0 128 128 128 0 2 1
30000 31000 2 2 305 1000 0 0 423 693466 0 0 823 35 429 557 0 0 0 0 0 0 0 0 0 0
31000 32000 2 2 66 1694 0 0 68 110474 0 0 762 88 425 476 3000 3000 3000 0 128 128 128 0 1 1
32000 33000 2 2 423 807 0 0 444 769647 0 0 897 19 458 620 0 0 0 0 0 0 0 0 0 0
33000 34000 2 2 280 2336 0 0 299 514277 0 0 698 176 437 369 3000 3000 3000 0 128 128 128 0 1 1
34000 35000 1 1 64 165 0 0 67 117027 0 0 170 170 170 0 0 0 0 0 0 0 0 0 0 0
35000 36000 2 2 214 2259 0 0 363 564045 0 0 656 260 458 279 3000 3000 3000 0 128 128 128 0 1 1
36000 37000 3 2 108 717 0 0 179 286008 0 0 265 93 151 98 3000 3000 3000 0 128 128 128 0 1 1
37000 38000 3 2 262 2027 0 0 413 703832 0 0 906 91 434 422 0 0 0 0 0 0 0 0 0 0
38000 39000 4 3 41 1259 0 0 60 101512 0 0 86 48 66 20 4400 4400 4400 0 128 128 128 0 2 1
39000 40000 3 2 266 2164 0 0 448 737707 0 0 917 81 437 431 0 0 0 0 0 0 0 0 0 0
40000 41000 2 2 360 1503 0 0 545 892233 0 0 895 671 783 158 4400 4400 4400 0 128 128 128 0 1 1
41000 42000 3 2 252 907 0 0 353 548052 0 0 558 100 254 263 0 0 0 0 0 0 0 0 0 0
42000 43000 2 2 193 1554 0 0 302 535189 0 0 591 586 589 3 4400 4400 4400 0 128 128 128 0 1 1
43000 44000 4 2 275 1861 0 0 388 687420 0 0 586 92 356 204 4400 4400 4400 0 128 128 128 0 1 1
44000 45000 3 2 267 899 0 0 395 746735 0 0 906 3 334 497 0 0 0 0 0 0 0 0 0 0
45000 46000 2 2 321 1976 0 0 492 854300 0 0 762 497 630 187 4400 4400 4400 0 128 128 128 0 1 1
46000 47000 2 1 174 1019 0 0 261 446192 0 0 761 237 499 370 0 0 0 0 0 0 0 0 0 0
47000 48000 3 2 248 1618 0 0 416 719714 0 0 691 125 351 299 4400 4400 4400 0 128 128 128 0 1 1
48000 49000 3 2 203 1488 0 0 289 475953 0 0 690 88 361 304 4400 4400 4400 0 128 128 128 0 1 1
49000 50000 4 2 275 1346 0 0 426 735299 0 0 909 0 324 409 0 0 0 0 0 0 0 0 0 0
50000 51000 3 2 168 934 0 0 245 434049 0 0 903 72 357 473 4400 4400 4400 0 128 128 128 0 1 1
51000 52000 3 2 278 1573 0 0 442 823543 0 0 904 94 531 408 0 0 0 0 0 0 0 0 0 0
52000 53000 3 2 369 1497 0 0 511 852044 0 0 897 75 555 427 4400 4400 4400 0 128 128 128 0 1 1
53000 54000 3 2 276 923 0 0 405 671417 0 0 461 306 364 84 0 0 0 0 0 0 0 0 0 0
54000 55000 2 2 172 1577 0 0 253 468937 0 0 594 593 593 0 4400 4400 4400 0 128 128 128 0 1 1
55000 56000 3 2 165 1422 0 0 240 439518 0 0 593 320 440 139 0 0 0 0 0 0 0 0 0 0
56000 57000 3 2 183 1339 0 0 302 505718 0 0 592 405 522 101 4400 4400 4400 0 128 128 128 0 1 1
57000 58000 4 2 331 1564 0 0 510 826791 0 0 590 160 381 176 4400 4400 4400 0 128 128 128 0 1 1
58000 59000 3 2 296 1065 0 0 487 805970 0 0 837 57 351 423 0 0 0 0 0 0 0 0 0 0
59000 60000 3 2 130 1266 0 0 163 270180 0 0 300 90 161 120 4400 4400 4400 0 128 128 128 0 1 1
60000 61000 3 2 308 1145 0 0 443 817823 0 0 909 26 341 492 0 0 0 0 0 0 0 0 0 0
61000 62000 3 3 342 2215 0 0 488 849604 0 0 888 108 427 408 4400 4400 4400 0 128 128 128 0 1 1
62000 63000 2 1 152 92 0 0 223 399810 0 0 364 110 237 179 0 0 0 0 0 0 0 0 0 0
63000 64000 2 2 199 2241 0 0 327 572945 0 0 689 153 421 378 4400 4400 4400 0 128 128 128 0 1 1
64000 65000 3 2 283 2106 0 0 441 787678 0 0 688 309 468 196 4400 4400 4400 0 128 128 128 0 1 1
65000 66000 4 2 277 1859 0 0 430 761611 0 0 590 0 324 247 0 0 0 0 0 0 0 0 0 0
66000 67000 2 2 298 977 0 0 462 792651 0 0 592 541 566 35 4400 4400 4400 0 128 128 128 0 1 1
67000 68000 3 2 179 1661 0 0 268 472073 0 0 591 374 458 116 0 0 0 0 0 0 0 0 0 0
68000 69000 3 2 196 1355 0 0 317 577540 0 0 592 405 522 102 4400 4400 4400 0 128 128 128 0 1 1
69000 70000 4 2 310 1986 0 0 468 802986 0 0 591 110 361 199 4400 4400 4400 0 128 128 128 0 1 1
70000 71000 2 1 274 871 0 0 397 691655 0 0 591 407 499 129 0 0 0 0 0 0 0 0 0 0
71000 72000 3 2 131 1214 0 0 190 331461 0 0 325 82 169 136 4400 4400 4400 0 128 128 128 0 1 1
72000 73000 2 1 291 908 0 0 461 820874 0 0 899 98 498 565 0 0 0 0 0 0 0 0 0 0
73000 74000 2 2 335 1961 0 0 478 845293 0 0 763 456 610 217 4400 4400 4400 0 128 128 128 0 1 1
74000 75000 2 1 197 390 0 0 295 517417 0 0 445 234 340 149 0 0 0 0 0 0 0 0 0 0
75000 76000 2 2 168 2235 0 0 298 510505 0 0 683 229 456 321 4400 4400 4400 0 128 128 128 0 1 1
76000 77000 2 1 172 834 0 0 273 477564 0 0 681 316 498 258 0 0 0 0 0 0 0 0 0 0
77000 78000 3 2 207 1656 0 0 354 609384 0 0 670 101 358 288 4400 4400 4400 0 128 128 128 0 1 1
78000 79000 2 1 194 1398 0 0 298 505947 0 0 670 329 499 241 0 0 0 0 0 0 0 0 0 0
79000 80000 3 2 225 1107 0 0 363 611692 0 0 675 117 371 282 4400 4400 4400 0 128 128 128 0 1 1
80000 81000 2 1 184 827 0 0 270 482258 0 0 674 323 498 248 0 0 0 0 0 0 0 0 0 0
81000 82000 3 2 252 1656 0 0 381 654812 0 0 654 98 358 279 4400 4400 4400 0 128 128 128 0 1 1
82000 83000 2 1 183 1394 0 0 273 466797 0 0 654 344 499 218 0 0 0 0 0 0 0 0 0 0
83000 84000 3 2 237 1119 0 0 385 647969 0 0 668 134 377 270 4400 4400 4400 0 128 128 128 0 1 1
84000 85000 2 1 166 1392 0 0 273 452831 0 0 667 330 499 238 0 0 0 0 0 0 0 0 0 0
85000 86000 3 2 159 1112 0 0 293 516201 0 0 670 75 357 298 4400 4400 4400 0 128 128 128 0 1 1
86000 87000 2 1 195 1390 0 0 288 501735 0 0 670 326 498 243 0 0 0 0 0 0 0 0 0 0
87000 88000 3 2 284 1128 0 0 440 767067 0 0 691 42 353 324 4400 4400 4400 0 128 128 128 0 1 1
88000 89000 2 1 182 828 0 0 259 453328 0 0 689 305 497 271 0 0 0 0 0 0 0 0 0 0
89000 90000 3 2 235 1662 0 0 379 708854 0 0 680 109 363 290 4400 4400 4400 0 128 128 128 0 1 1
90000 91000 2 1 159 833 0 0 220 392651 0 0 680 319 499 255 0 0 0 0 0 0 0 0 0 0
91000 92000 3 2 168 1658 0 0 300 515538 0 0 667 79 351 296 4400 4400 4400 0 128 128 128 0 1 1
92000 93000 2 1 182 1388 0 0 283 482647 0 0 666 331 498 236 0 0 0 0 0 0 0 0 0 0
93000 94000 3 2 235 1392 0 0 368 659676 0 0 536 170 346 183 4400 4400 4400 0 128 128 128 0 1 1
94000 95000 2 1 186 1029 0 0 276 505813 0 0 536 462 499 51 0 0 0 0 0 0 0 0 0 0
95000 96000 3 2 208 1472 0 0 332 584560 0 0 518 86 311 216 4400 4400 4400 0 128 128 128 0 1 1
96000 97000 2 1 191 863 0 0 313 552919 0 0 518 480 499 26 0 0 0 0 0 0 0 0 0 0
97000 98000 3 2 224 1638 0 0 325 594829 0 0 517 148 381 202 4400 4400 4400 0 128 128 128 0 1 1
98000 99000 3 2 352 1366 0 0 505 884276 0 0 515 413 470 52 4400 4400 4400 0 128 128 128 0 1 1
99000 100000 5 3 387 2085 0 0 557 948942 0 0 586 87 297 199 4400 4400 4400 0 128 128 128 0 1 1
100000 101000 2 1 239 900 0 0 400 707208 0 0 869 127 498 524 0 0 0 0 0 0 0 0 0 0
101000 102000 2 2 312 1937 0 0 513 838935 0 0 760 509 635 177 4400 4400 4400 0 128 128 128 0 1 1
102000 103000 2 1 204 1020 0 0 305 517550 0 0 759 238 498 368 0 0 0 0 0 0 0 0 0 0
103000 104000 3 2 303 1659 0 0 477 783803 0 0 740 211 396 297 4400 4400 4400 0 128 128 128 0 1 1
104000 105000 2 1 194 825 0 0 302 491921 0 0 739 258 499 340 0 0 0 0 0 0 0 0 0 0
105000 106000 3 2 239 1645 0 0 369 657519 0 0 703 100 354 312 4400 4400 4400 0 128 128 128 0 1 1
106000 107000 2 1 184 826 0 0 253 453231 0 0 702 296 499 287 0 0 0 0 0 0 0 0 0 0
107000 108000 3 2 237 1674 0 0 371 680834 0 0 701 124 374 296 4400 4400 4400 0 128 128 128 0 1 1
108000 109000 2 1 176 824 0 0 250 427820 0 0 700 296 498 285 0 0 0 0 0 0 0 0 0 0
109000 110000 3 2 226 1659 0 0 358 615808 0 0 679 123 367 284 4400 4400 4400 0 128 128 128 0 1 1
110000 111000 2 1 215 268 0 0 348 616107 0 0 654 318 486 238 0 0 0 0 0 0 0 0 0 0
111000 112000 2 2 6 820 0 0 6 5706 0 0 499 54 277 314 0 0 0 0 0 0 0 0 0 0
112000 113000 1 1 2 0 0 0 2 2800 0 0 499 499 499 0 0 0 0 0 0 0 0 0 0 0
113000 114000 2 2 4 820 0 0 4 5104 0 0 519 67 293 319 0 0 0 0 0 0 0 0 0 0
114000 115000 2 1 1 0 0 0 1 2103 0 0 476 22 249 320 0 0 0 0 0 0 0 0 0 0
115000 116000 2 2 6 820 0 0 6 7014 0 0 976 51 513 654 0 0 0 0 0 0 0 0 0 0
116000 117000 1 1 1 0 0 0 1 1680 0 0 522 522 522 0 0 0 0 0 0 0 0 0 0 0
117000 118000 3 2 183 1468 0 0 311 544457 0 0 763 0 370 382 4400 4400 4400 0 0 0 0 0 1 0
118000 119000 4 4 186 3298 0 0 302 539121 0 0 599 61 214 256 1500 1500 1500 0 128 128 128 0 2 2
119000 120000 4 3 238 6698 0 0 335 611568 0 0 599 81 413 238 1500 1500 1500 0 128 128 128 0 1 1
120000 121000 3 2 238 2263 0 0 319 616136 0 0 598 399 514 102 1500 1500 1500 0 128 128 128 0 1 1
121000 122000 5 3 399 4708 0 0 554 952078 0 0 763 399 551 141 1500 1500 1500 0 128 128 128 0 3 2
122000 123000 4 3 169 912 0 0 246 401321 0 0 277 1 195 130 0 0 0 0 128 128 128 0 0 1
123000 124000 2 2 69 1671 0 0 117 225789 0 0 453 93 273 254 1500 1500 1500 0 128 128 128 0 1 1
124000 125000 1 1 60 830 0 0 101 192759 0 0 453 453 453 0 0 0 0 0 0 0 0 0 0 0
125000 126000 2 2 134 2502 0 0 234 396108 0 0 679 126 403 391 1500 1500 1500 0 128 128 128 0 1 1
126000 127000 0 0 0 0 0 0 0 0 0 0 0 0 0 0 0 0 0 0 0 0 0 0 0 0
127000 128000 2 2 134 2502 0 0 208 371182 0 0 652 149 400 355 1500 1500 1500 0 128 128 128 0 1 1
128000 129000 0 0 0 0 0 0 0 0 0 0 0 0 0 0 0 0 0 0 0 0 0 0 0 0
129000 130000 2 2 144 2406 0 0 248 402487 0 0 761 124 443 450 1500 1500 1500 0 128 128 128 0 1 1
130000 131000 1 1 7 95 0 0 13 22513 0 0 46 46 46 0 0 0 0 0 0 0 0 0 0 0
131000 132000 2 2 156 2107 0 0 255 462235 0 0 762 91 427 474 2300 2300 2300 0 128 128 128 0 1 1
132000 133000 2 1 76 1019 0 0 94 162781 0 0 761 237 499 370 0 0 0 0 0 0 0 0 0 0
133000 134000 3 2 180 1688 0 0 252 429590 0 0 727 118 361 322 2300 2300 2300 0 128 128 128 0 1 1
134000 135000 1 1 43 188 0 0 65 111798 0 0 209 209 209 0 0 0 0 0 0 0 0 0 0 0
135000 136000 2 2 197 2192 0 0 295 514026 0 0 761 87 424 476 2300 2300 2300 0 128 128 128 0 1 1
136000 137000 1 1 40 309 0 0 62 109965 0 0 173 173 173 0 0 0 0 0 0 0 0 0 0 0
137000 138000 2 2 191 2181 0 0 281 502604 0 0 762 122 442 452 2300 2300 2300 0 128 128 128 0 1 1
138000 139000 1 1 41 320 0 0 61 112129 0 0 182 182 182 0 0 0 0 0 0 0 0 0 0 0
139000 140000 2 2 203 2961 0 0 386 619430 0 0 763 599 681 115 2300 2300 2300 0 128 128 128 0 1 1
140000 141000 4 2 211 2295 0 0 327 515172 0 0 598 214 418 158 2300 2300 2300 0 128 128 128 0 1 1
141000 142000 3 2 206 1429 0 0 315 527290 0 0 403 124 285 144 2300 2300 2300 0 128 128 128 0 1 1
142000 143000 1 1 77 0 0 0 127 214244 0 0 233 233 233 0 0 0 0 0 0 0 0 0 0 0
143000 144000 1 1 2 820 0 0 4 2908 0 0 60 60 60 0 0 0 0 0 0 0 0 0 0 0
144000 145000 0 0 0 0 0 0 0 0 0 0 0 0 0 0 0 0 0 0 0 0 0 0 0 0
145000 146000 2 2 183 2416 0 0 296 542485 0 0 680 180 430 353 2300 2300 2300 0 128 128 128 0 1 1
146000 147000 1 1 19 85 0 0 31 57077 0 0 76 76 76 0 0 0 0 0 0 0 0 0 0 0
147000 148000 2 2 178 2923 0 0 283 511363 0 0 762 601 681 114 2300 2300 2300 0 128 128 128 0 1 1
148000 149000 4 2 159 2326 0 0 263 481273 0 0 599 22 313 244 2300 2300 2300 0 128 128 128 0 1 1
149000 150000 3 2 196 1436 0 0 325 578061 0 0 426 123 295 155 2300 2300 2300 0 128 128 128 0 1 1
150000 151000 1 1 48 0 0 0 77 135831 0 0 149 149 149 0 0 0 0 0 0 0 0 0 0 0
151000 152000 2 2 126 2223 0 0 241 444197 0 0 668 193 431 335 2300 2300 2300 0 128 128 128 0 1 1
152000 153000 2 1 76 862 0 0 114 213055 0 0 668 330 499 238 0 0 0 0 0 0 0 0 0 0
153000 154000 3 2 185 1603 0 0 298 510354 0 0 625 154 349 245 4400 4400 4400 0 128 128 128 0 1 1
154000 155000 2 1 162 1380 0 0 259 447536 0 0 625 372 498 178 0 0 0 0 0 0 0 0 0 0
155000 156000 3 2 227 1167 0 0 381 676821 0 0 679 32 353 323 4400 4400 4400 0 128 128 128 0 1 1
156000 157000 2 1 141 1398 0 0 225 410317 0 0 676 318 497 252 0 0 0 0 0 0 0 0 0 0
157000 158000 3 2 224 1103 0 0 384 678025 0 0 680 79 359 302 4400 4400 4400 0 128 128 128 0 1 1
158000 159000 2 1 152 840 0 0 228 398924 0 0 678 319 499 254 0 0 0 0 0 0 0 0 0 0
159000 160000 3 2 174 1652 0 0 296 572226 0 0 669 98 354 290 4400 4400 4400 0 128 128 128 0 1 1
160000 161000 2 1 178 1386 0 0 282 510477 0 0 666 329 498 238 0 0 0 0 0 0 0 0 0 0
161000 162000 3 2 242 1113 0 0 386 672709 0 0 666 146 381 263 4400 4400 4400 0 128 128 128 0 1 1
162000 163000 2 1 187 1403 0 0 274 466601 0 0 663 333 498 233 0 0 0 0 0 0 0 0 0 0
163000 164000 3 2 169 1111 0 0 290 511644 0 0 681 72 356 306 4400 4400 4400 0 128 128 128 0 1 1
164000 165000 2 1 223 1404 0 0 328 570906 0 0 680 317 499 256 0 0 0 0 0 0 0 0 0 0
165000 166000 3 2 304 1365 0 0 451 764534 0 0 655 144 371 260 4400 4400 4400 0 128 128 128 0 1 1
166000 167000 3 2 166 1095 0 0 252 431580 0 0 655 321 439 186 0 0 0 0 0 0 0 0 0 0
167000 168000 4 3 222 1406 0 0 359 624128 0 0 553 108 309 187 4400 4400 4400 0 128 128 128 0 1 1
168000 169000 2 1 204 976 0 0 307 534843 0 0 553 445 499 75 0 0 0 0 0 0 0 0 0 0
169000 170000 3 2 167 1525 0 0 270 478082 0 0 387 134 299 142 4400 4400 4400 0 128 128 128 0 1 1
170000 171000 2 1 212 620 0 0 358 635719 0 0 624 373 498 177 0 0 0 0 0 0 0 0 0 0
171000 172000 3 2 172 1881 0 0 252 445224 0 0 626 114 371 255 4400 4400 4400 0 128 128 128 0 1 1
172000 173000 2 1 232 619 0 0 387 696888 0 0 626 372 499 179 0 0 0 0 0 0 0 0 0 0
173000 174000 3 2 193 1882 0 0 294 522993 0 0 626 104 367 260 4400 4400 4400 0 128 128 128 0 1 1
174000 175000 1 1 189 0 0 0 296 531097 0 0 600 600 600 0 0 0 0 0 0 0 0 0 0 0
175000 176000 2 2 118 2111 0 0 216 388600 0 0 763 88 425 477 4400 4400 4400 0 128 128 128 0 1 1
176000 177000 2 1 247 1015 0 0 381 669544 0 0 761 234 497 372 0 0 0 0 0 0 0 0 0 0
177000 178000 3 2 263 1649 0 0 426 744002 0 0 727 119 361 322 4400 4400 4400 0 128 128 128 0 1 1
178000 179000 2 1 171 827 0 0 251 431001 0 0 727 269 498 323 0 0 0 0 0 0 0 0 0 0
179000 180000 3 2 239 1658 0 0 383 692273 0 0 710 134 370 301 4400 4400 4400 0 128 128 128 0 1 1
180000 181000 2 1 161 843 0 0 230 408266 0 0 709 289 499 297 0 0 0 0 0 0 0 0 0 0
181000 182000 3 2 226 1642 0 0 358 613542 0 0 690 94 348 307 4400 4400 4400 0 128 128 128 0 1 1
182000 183000 2 1 180 826 0 0 282 487767 0 0 690 306 498 271 0 0 0 0 0 0 0 0 0 0
183000 184000 3 2 227 1665 0 0 374 617952 0 0 680 93 360 297 4400 4400 4400 0 128 128 128 0 1 1
184000 185000 2 1 157 1413 0 0 261 451185 0 0 679 319 499 255 0 0 0 0 0 0 0 0 0 0
185000 186000 3 2 236 1357 0 0 399 702768 0 0 666 138 370 269 4400 4400 4400 0 128 128 128 0 1 1
186000 187000 2 1 160 1116 0 0 234 403327 0 0 665 333 499 235 0 0 0 0 0 0 0 0 0 0
187000 188000 3 2 218 1385 0 0 332 560518 0 0 646 88 353 279 4400 4400 4400 0 128 128 128 0 1 1
188000 189000 2 1 194 1083 0 0 309 546495 0 0 643 353 498 205 0 0 0 0 0 0 0 0 0 0
189000 190000 3 2 240 1418 0 0 375 665397 0 0 526 133 334 196 4400 4400 4400 0 128 128 128 0 1 1
190000 191000 2 1 174 874 0 0 277 490459 0 0 525 473 499 36 0 0 0 0 0 0 0 0 0 0
191000 192000 3 2 205 1627 0 0 335 580112 0 0 524 110 369 225 4400 4400 4400 0 128 128 128 0 1 1
192000 193000 2 1 177 1004 0 0 293 512103 0 0 522 474 498 33 0 0 0 0 0 0 0 0 0 0
193000 194000 3 2 182 1497 0 0 296 510814 0 0 456 103 300 180 4400 4400 4400 0 128 128 128 0 1 1
194000 195000 2 1 187 956 0 0 314 548318 0 0 542 454 498 62 0 0 0 0 0 0 0 0 0 0
195000 196000 3 2 179 1545 0 0 269 474586 0 0 437 92 288 177 4400 4400 4400 0 128 128 128 0 1 1
196000 197000 3 2 332 1097 0 0 503 870120 0 0 559 240 412 160 4400 4400 4400 0 128 128 128 0 1 1
197000 198000 3 2 356 1813 0 0 546 892556 0 0 759 238 457 270 0 0 0 0 0 0 0 0 0 0
198000 199000 2 2 247 1214 0 0 442 790734 0 0 929 252 591 478 4400 4400 4400 0 128 128 128 0 1 1
199000 200000 3 2 344 2168 0 0 539 905732 0 0 762 69 497 373 4400 4400 4400 0 128 128 128 0 1 1
200000 201000 2 1 217 1018 0 0 318 539863 0 0 761 235 498 371 0 0 0 0 0 0 0 0 0 0
201000 202000 3 2 216 1659 0 0 349 643728 0 0 740 128 368 326 4400 4400 4400 0 128 128 128 0 1 1
202000 203000 2 1 169 822 0 0 261 474517 0 0 737 257 497 339 0 0 0 0 0 0 0 0 0 0
203000 204000 3 2 246 1663 0 0 397 698461 0 0 722 164 382 298 4400 4400 4400 0 128 128 128 0 1 1
204000 205000 2 1 168 830 0 0 241 437299 0 0 722 276 499 315 0 0 0 0 0 0 0 0 0 0
205000 206000 3 2 188 1657 0 0 290 552208 0 0 706 122 365 303 4400 4400 4400 0 128 128 128 0 1 1
206000 207000 2 1 202 830 0 0 304 560351 0 0 705 293 499 291 0 0 0 0 0 0 0 0 0 0
207000 208000 3 2 233 1664 0 0 372 682791 0 0 698 114 366 300 4400 4400 4400 0 128 128 128 0 1 1
208000 209000 2 1 169 1419 0 0 243 438389 0 0 697 301 499 280 0 0 0 0 0 0 0 0 0 0
209000 210000 3 2 260 1336 0 0 402 690014 0 0 678 179 385 260 4400 4400 4400 0 128 128 128 0 1 1
210000 211000 2 1 251 1132 0 0 362 628628 0 0 678 319 498 253 0 0 0 0 0 0 0 0 0 0
211000 212000 3 2 219 1369 0 0 321 580809 0 0 412 113 281 152 4400 4400 4400 0 128 128 128 0 1 1
212000 213000 1 1 157 0 0 0 254 465626 0 0 508 508 508 0 0 0 0 0 0 0 0 0 0 0
213000 214000 2 2 193 2110 0 0 279 524116 0 0 762 95 428 471 4400 4400 4400 0 128 128 128 0 1 1
214000 215000 2 1 202 1017 0 0 310 558655 0 0 760 235 497 371 0 0 0 0 0 0 0 0 0 0
215000 216000 3 2 195 1658 0 0 307 547734 0 0 739 106 360 334 4400 4400 4400 0 128 128 128 0 1 1
216000 217000 2 1 182 839 0 0 282 515222 0 0 739 258 498 340 0 0 0 0 0 0 0 0 0 0
217000 218000 3 2 181 1661 0 0 275 485776 0 0 738 121 365 328 4400 4400 4400 0 128 128 128 0 1 1
218000 219000 2 1 305 219 0 0 443 784446 0 0 736 260 498 336 0 0 0 0 0 0 0 0 0 0
219000 220000 3 2 253 2106 0 0 446 771283 0 0 760 94 366 349 4400 4400 4400 0 128 128 128 0 1 1
220000 221000 2 1 159 1020 0 0 229 393308 0 0 759 237 498 369 0 0 0 0 0 0 0 0 0 0
221000 222000 3 2 225 1648 0 0 374 653527 0 0 728 96 353 332 4400 4400 4400 0 128 128 128 0 1 1
222000 223000 2 1 165 846 0 0 244 420226 0 0 728 270 499 323 0 0 0 0 0 0 0 0 0 0
223000 224000 3 2 209 1655 0 0 362 627561 0 0 728 99 354 330 4400 4400 4400 0 128 128 128 0 1 1
224000 225000 2 1 178 846 0 0 270 476676 0 0 727 269 498 323 0 0 0 0 0 0 0 0 0 0
225000 226000 3 2 218 1654 0 0 350 651793 0 0 727 187 384 298 4400 4400 4400 0 128 128 128 0 1 1
226000 227000 2 1 180 825 0 0 250 454624 0 0 725 272 498 320 0 0 0 0 0 0 0 0 0 0
227000 228000 3 2 203 1655 0 0 333 650869 0 0 700 97 356 310 4400 4400 4400 0 128 128 128 0 1 1
228000 229000 2 1 164 824 0 0 228 443797 0 0 699 296 498 284 0 0 0 0 0 0 0 0 0 0
229000 230000 3 2 227 1658 0 0 318 617745 0 0 679 115 364 287 4400 4400 4400 0 128 128 128 0 1 1
230000 231000 2 1 183 831 0 0 277 523360 0 0 677 319 498 253 0 0 0 0 0 0 0 0 0 0
231000 232000 3 2 233 1669 0 0 342 643831 0 0 677 103 363 290 4400 4400 4400 0 128 128 128 0 1 1
232000 233000 2 1 186 827 0 0 258 487079 0 0 677 320 499 251 0 0 0 0 0 0 0 0 0 0
233000 234000 3 2 234 1674 0 0 336 647591 0 0 677 116 371 283 4400 4400 4400 0 128 128 128 0 1 1
234000 235000 2 1 162 1406 0 0 239 481163 0 0 675 321 498 250 0 0 0 0 0 0 0 0 0 0
235000 236000 3 2 208 1366 0 0 354 667924 0 0 661 97 357 284 4400 4400 4400 0 128 128 128 0 1 1
236000 237000 2 1 143 549 0 0 226 403098 0 0 660 335 498 229 0 0 0 0 0 0 0 0 0 0
237000 238000 3 2 234 1666 0 0 381 630319 0 0 659 127 370 268 4400 4400 4400 0 128 128 128 0 1 1
238000 239000 2 1 178 1389 0 0 292 492742 0 0 659 338 499 227 0 0 0 0 0 0 0 0 0 0
239000 240000 3 2 254 1397 0 0 377 671237 0 0 629 153 372 240 4400 4400 4400 0 128 128 128 0 1 1
240000 241000 2 1 173 1078 0 0 261 486702 0 0 628 369 499 183 0 0 0 0 0 0 0 0 0 0
241000 242000 3 2 229 1423 0 0 322 561141 0 0 509 80 310 215 4400 4400 4400 0 128 128 128 0 1 1
242000 243000 2 1 216 985 0 0 322 553709 0 0 508 490 499 12 0 0 0 0 0 0 0 0 0 0
243000 244000 3 2 215 1516 0 0 335 598792 0 0 501 96 315 204 4400 4400 4400 0 128 128 128 0 1 1
244000 245000 3 2 301 1173 0 0 469 852946 0 0 500 279 425 126 4400 4400 4400 0 128 128 128 0 1 1
245000 246000 4 2 342 1837 0 0 501 896434 0 0 718 6 347 294 4400 4400 4400 0 0 0 0 0 1 0
246000 247000 3 2 290 1176 0 0 464 807731 0 0 992 5 394 525 0 0 0 0 128 128 128 0 0 1
247000 248000 3 2 260 2497 0 0 389 686710 0 0 990 4 451 499 4400 4400 4400 0 128 128 128 0 1 1
248000 249000 1 1 301 0 0 0 414 821428 0 0 959 959 959 0 0 0 0 0 0 0 0 0 0 0
249000 250000 2 2 190 2110 0 0 305 587425 0 0 762 99 431 469 4400 4400 4400 0 128 128 128 0 1 1
250000 251000 2 1 177 1017 0 0 251 470135 0 0 762 235 498 372 0 0 0 0 0 0 0 0 0 0
251000 252000 3 2 182 1647 0 0 303 564511 0 0 727 103 356 328 4400 4400 4400 0 128 128 128 0 1 1
252000 253000 2 1 203 847 0 0 298 560777 0 0 727 271 499 322 0 0 0 0 0 0 0 0 0 0
253000 254000 3 2 228 1647 0 0 349 652750 0 0 719 92 349 328 4400 4400 4400 0 128 128 128 0 1 1
254000 255000 2 1 150 830 0 0 241 456042 0 0 719 279 499 311 0 0 0 0 0 0 0 0 0 0
255000 256000 3 2 169 1659 0 0 276 495667 0 0 704 104 360 309 4400 4400 4400 0 128 128 128 0 1 1
256000 257000 2 1 187 838 0 0 287 527980 0 0 704 294 499 289 0 0 0 0 0 0 0 0 0 0
257000 258000 3 2 229 1654 0 0 370 676709 0 0 694 91 353 309 4400 4400 4400 0 128 128 128 0 1 1
258000 259000 2 1 162 825 0 0 275 493300 0 0 693 304 499 275 0 0 0 0 0 0 0 0 0 0
259000 260000 3 2 144 1674 0 0 256 494923 0 0 691 109 369 296 4400 4400 4400 0 128 128 128 0 1 1
260000 261000 2 1 202 868 0 0 318 585028 0 0 691 306 498 271 0 0 0 0 0 0 0 0 0 0
261000 262000 3 2 244 1570 0 0 377 670518 0 0 617 84 313 274 4400 4400 4400 0 128 128 128 0 1 1
262000 263000 2 1 183 1399 0 0 292 517216 0 0 612 382 497 163 0 0 0 0 0 0 0 0 0 0
263000 264000 3 2 214 1424 0 0 329 615736 0 0 503 97 311 203 4400 4400 4400 0 128 128 128 0 1 1
264000 265000 2 1 190 970 0 0 298 556964 0 0 502 495 499 5 0 0 0 0 0 0 0 0 0 0
265000 266000 3 2 185 1531 0 0 300 564561 0 0 488 107 318 193 4400 4400 4400 0 128 128 128 0 1 1
266000 267000 2 1 181 989 0 0 295 554786 0 0 511 487 499 16 0 0 0 0 0 0 0 0 0 0
267000 268000 3 2 173 1512 0 0 280 486668 0 0 439 95 288 175 4400 4400 4400 0 128 128 128 0 1 1
268000 269000 2 1 199 730 0 0 339 580313 0 0 558 438 498 85 0 0 0 0 0 0 0 0 0 0
269000 270000 3 2 191 1771 0 0 307 537530 0 0 559 102 366 236 4400 4400 4400 0 128 128 128 0 1 1
270000 271000 2 1 218 726 0 0 368 658361 0 0 560 436 498 87 0 0 0 0 0 0 0 0 0 0
271000 272000 3 2 221 1775 0 0 340 582623 0 0 562 130 376 222 4400 4400 4400 0 128 128 128 0 1 1
272000 273000 2 1 214 925 0 0 314 537418 0 0 564 435 499 91 0 0 0 0 0 0 0 0 0 0
273000 274000 3 2 172 1576 0 0 244 453894 0 0 414 95 285 167 4400 4400 4400 0 128 128 128 0 1 1
274000 275000 2 1 220 891 0 0 337 629531 0 0 585 413 499 121 0 0 0 0 0 0 0 0 0 0
275000 276000 3 2 175 1610 0 0 262 432020 0 0 369 109 278 146 4400 4400 4400 0 128 128 128 0 1 1
276000 277000 2 1 276 614 0 0 455 738895 0 0 629 369 499 184 0 0 0 0 0 0 0 0 0 0
277000 278000 3 2 218 1887 0 0 352 597738 0 0 629 146 380 241 4400 4400 4400 0 128 128 128 0 1 1
278000 279000 1 1 186 0 0 0 274 466216 0 0 543 543 543 0 0 0 0 0 0 0 0 0 0 0
279000 280000 2 2 191 2110 0 0 344 547542 0 0 763 88 425 476 4400 4400 4400 0 128 128 128 0 1 1
280000 281000 2 1 232 1018 0 0 350 540664 0 0 762 235 498 372 0 0 0 0 0 0 0 0 0 0
281000 282000 3 2 269 1654 0 0 414 678449 0 0 734 96 355 335 4400 4400 4400 0 128 128 128 0 1 1
282000 283000 2 1 163 825 0 0 269 461750 0 0 734 261 498 334 0 0 0 0 0 0 0 0 0 0
283000 284000 3 2 221 1651 0 0 370 669639 0 0 706 93 354 316 4400 4400 4400 0 128 128 128 0 1 1
284000 285000 2 1 188 825 0 0 294 524280 0 0 705 292 498 292 0 0 0 0 0 0 0 0 0 0
285000 286000 3 2 210 1674 0 0 361 661029 0 0 705 96 364 310 4400 4400 4400 0 128 128 128 0 1 1
286000 287000 2 1 163 841 0 0 228 415355 0 0 705 293 499 290 0 0 0 0 0 0 0 0 0 0
287000 288000 3 2 233 1656 0 0 360 631186 0 0 698 85 351 314 4400 4400 4400 0 128 128 128 0 1 1
288000 289000 2 1 180 826 0 0 265 442532 0 0 697 298 498 282 0 0 0 0 0 0 0 0 0 0
289000 290000 3 2 246 1665 0 0 394 676464 0 0 687 114 367 292 4400 4400 4400 0 128 128 128 0 1 1
290000 291000 2 1 199 827 0 0 285 489995 0 0 687 311 499 265 0 0 0 0 0 0 0 0 0 0
291000 292000 3 2 271 1660 0 0 406 672510 0 0 670 92 357 291 4400 4400 4400 0 128 128 128 0 1 1
292000 293000 3 2 317 1900 0 0 513 877621 0 0 670 328 524 176 4400 4400 4400 0 128 128 128 0 1 1
293000 294000 4 2 364 2228 0 0 551 939387 0 0 636 306 485 148 4400 4400 4400 0 128 128 128 0 1 1
294000 295000 3 2 198 912 0 0 309 568449 0 0 635 17 339 309 0 0 0 0 0 0 0 0 0 0
295000 296000 3 2 261 1594 0 0 407 728567 0 0 612 99 324 262 4400 4400 4400 0 128 128 128 0 1 1
296000 297000 2 1 230 1392 0 0 340 579269 0 0 611 387 499 158 0 0 0 0 0 0 0 0 0 0
297000 298000 3 2 246 1435 0 0 385 659501 0 0 532 187 353 172 4400 4400 4400 0 128 128 128 0 1 1
298000 299000 2 1 203 1010 0 0 312 545431 0 0 531 467 499 45 0 0 0 0 0 0 0 0 0 0
299000 300000 3 2 186 1491 0 0 259 442270 0 0 371 86 266 156 4400 4400 4400 0 128 128 128 0 1 1
