ts te nbins ncons c_pkts_all c_bytes_all s_pkts_all s_bytes_all max_bin min_bin avg_bin std_bin max_vid min_vid avg_vid std_vid max_aud min_aud avg_aud std_aud num_vid num_aud num_mfs
0 5000 1 1 7 3205 10 5990 136 136 136 0 0 0 0 0 0 0 0 0 0 0 0.0
5000 10000 4 3 91 22824 174 183497 945 293 560 287 2300 480 1390 1050 128 128 128 0 4 4 1.0
10000 15000 11 8 210 51129 341 287965 539 134 283 116 480 288 309 64 128 128 128 0 9 9 3.0
15000 20000 1 1 9 6892 7 209 186 186 186 0 1500 1500 1500 0 128 128 128 0 4 4 2.0
20000 25000 0 0 0 0 0 0 0 0 0 0 0 0 0 0 0 0 0 0 0 0 
25000 30000 0 0 0 0 0 0 0 0 0 0 0 0 0 0 0 0 0 0 0 0 
30000 35000 1 1 4 1588 4 141 93 93 93 0 1500 1500 1500 0 128 128 128 0 2 2 3.0
35000 40000 2 2 12 7785 16 8015 75 73 74 1 2300 1500 2100 400 128 128 128 0 4 4 2.0
40000 45000 0 0 0 0 0 0 0 0 0 0 0 0 0 0 0 0 0 0 0 0 
45000 50000 0 0 0 0 0 0 0 0 0 0 0 0 0 0 0 0 0 0 0 0 
50000 55000 0 0 0 0 0 0 0 0 0 0 0 0 0 0 0 0 0 0 0 0 
55000 60000 0 0 0 0 0 0 0 0 0 0 0 0 0 0 0 0 0 0 0 0 
60000 65000 0 0 0 0 0 0 0 0 0 0 0 0 0 0 0 0 0 0 0 0 
65000 70000 0 0 0 0 0 0 0 0 0 0 0 0 0 0 0 0 0 0 0 0 
70000 75000 0 0 0 0 0 0 0 0 0 0 0 0 0 0 0 0 0 0 0 0 
75000 80000 0 0 0 0 0 0 0 0 0 0 0 0 0 0 0 0 0 0 0 0 
80000 85000 0 0 0 0 0 0 0 0 0 0 0 0 0 0 0 0 0 0 0 0 
85000 90000 0 0 0 0 0 0 0 0 0 0 0 0 0 0 0 0 0 0 0 0 
90000 95000 0 0 0 0 0 0 0 0 0 0 0 0 0 0 0 0 0 0 0 0 
95000 100000 2 2 17 10439 20 11817 225 206 216 13 4400 4400 4400 0 128 128 128 0 3 2 2.0
100000 105000 0 0 0 0 0 0 0 0 0 0 0 0 0 0 0 0 0 0 0 0 
105000 110000 0 0 0 0 0 0 0 0 0 0 0 0 0 0 0 0 0 0 0 0 
110000 115000 0 0 0 0 0 0 0 0 0 0 0 0 0 0 0 0 0 0 0 0 
115000 120000 0 0 0 0 0 0 0 0 0 0 0 0 0 0 0 0 0 0 0 0 
120000 125000 4 4 48 23400 62 30952 929 259 563 276 4400 4400 4400 0 128 128 128 0 3 2 3.0
125000 130000 0 0 0 0 0 0 0 0 0 0 0 0 0 0 0 0 0 0 0 0 
130000 135000 0 0 0 0 0 0 0 0 0 0 0 0 0 0 0 0 0 0 0 0 
135000 140000 0 0 0 0 0 0 0 0 0 0 0 0 0 0 0 0 0 0 0 0 
140000 145000 0 0 0 0 0 0 0 0 0 0 0 0 0 0 0 0 0 0 0 0 
145000 150000 0 0 0 0 0 0 0 0 0 0 0 0 0 0 0 0 0 0 0 0 
150000 155000 0 0 0 0 0 0 0 0 0 0 0 0 0 0 0 0 0 0 0 0 
155000 160000 2 2 14 7892 18 9311 99 68 84 22 4400 4400 4400 0 128 128 128 0 2 3 2.0
160000 165000 0 0 0 0 0 0 0 0 0 0 0 0 0 0 0 0 0 0 0 0 
165000 170000 0 0 0 0 0 0 0 0 0 0 0 0 0 0 0 0 0 0 0 0 
170000 175000 0 0 0 0 0 0 0 0 0 0 0 0 0 0 0 0 0 0 0 0 
175000 180000 0 0 0 0 0 0 0 0 0 0 0 0 0 0 0 0 0 0 0 0 
180000 185000 0 0 0 0 0 0 0 0 0 0 0 0 0 0 0 0 0 0 0 0 
185000 190000 0 0 0 0 0 0 0 0 0 0 0 0 0 0 0 0 0 0 0 0 
190000 195000 0 0 0 0 0 0 0 0 0 0 0 0 0 0 0 0 0 0 0 0 
195000 200000 0 0 0 0 0 0 0 0 0 0 0 0 0 0 0 0 0 0 0 0 
200000 205000 0 0 0 0 0 0 0 0 0 0 0 0 0 0 0 0 0 0 0 0 
205000 210000 0 0 0 0 0 0 0 0 0 0 0 0 0 0 0 0 0 0 0 0 
210000 215000 0 0 0 0 0 0 0 0 0 0 0 0 0 0 0 0 0 0 0 0 
215000 220000 2 2 16 8003 16 8021 142 140 141 1 4400 4400 4400 0 128 128 128 0 3 3 2.0
220000 225000 0 0 0 0 0 0 0 0 0 0 0 0 0 0 0 0 0 0 0 0 
225000 230000 0 0 0 0 0 0 0 0 0 0 0 0 0 0 0 0 0 0 0 0 
230000 235000 0 0 0 0 0 0 0 0 0 0 0 0 0 0 0 0 0 0 0 0 
235000 240000 0 0 0 0 0 0 0 0 0 0 0 0 0 0 0 0 0 0 0 0 
240000 245000 4 4 43 20723 50 22180 353 235 297 60 4400 4400 4400 0 128 128 128 0 3 3 3.0
245000 250000 0 0 0 0 0 0 0 0 0 0 0 0 0 0 0 0 0 0 0 0 
250000 255000 0 0 0 0 0 0 0 0 0 0 0 0 0 0 0 0 0 0 0 0 
255000 260000 0 0 0 0 0 0 0 0 0 0 0 0 0 0 0 0 0 0 0 0 
260000 265000 0 0 0 0 0 0 0 0 0 0 0 0 0 0 0 0 0 0 0 0 
265000 270000 0 0 0 0 0 0 0 0 0 0 0 0 0 0 0 0 0 0 0 0 
270000 275000 0 0 0 0 0 0 0 0 0 0 0 0 0 0 0 0 0 0 0 0 
275000 280000 2 2 18 9375 21 10864 372 221 297 106 4400 4400 4400 0 128 128 128 0 2 2 2.0
280000 285000 0 0 0 0 0 0 0 0 0 0 0 0 0 0 0 0 0 0 0 0 
285000 290000 0 0 0 0 0 0 0 0 0 0 0 0 0 0 0 0 0 0 0 0 
290000 295000 0 0 0 0 0 0 0 0 0 0 0 0 0 0 0 0 0 0 0 0 
295000 300000 0 0 0 0 0 0 0 0 0 0 0 0 0 0 0 0 0 0 0 0 
300000 305000 0 0 0 0 0 0 0 0 0 0 0 0 0 0 0 0 0 0 0 0 
