ts te nbins ncons c_pkts_all c_ack_cnt c_ack_cnt_p c_bytes_all c_bytes_uniq s_pkts_all s_ack_cnt s_ack_cnt_p s_bytes_all s_bytes_uniq c_pkts_retx s_pkts_retx c_pkts_data s_pkts_data max_bin min_bin avg_bin std_bin max_vid min_vid avg_vid std_vid max_aud min_aud avg_aud std_aud num_vid num_aud num_mfs
0 1000 0 0 0 0 0 0 0 0 0 0 0 0 0 0 0 0 0 0 0 0 0 0 0 0 0 0 0 0 0  
1000 2000 0 0 0 0 0 0 0 0 0 0 0 0 0 0 0 0 0 0 0 0 0 0 0 0 0 0 0 0 0  
2000 3000 0 0 0 0 0 0 0 0 0 0 0 0 0 0 0 0 0 0 0 0 0 0 0 0 0 0 0 0 0  
3000 4000 0 0 0 0 0 0 0 0 0 0 0 0 0 0 0 0 0 0 0 0 0 0 0 0 0 0 0 0 0  
4000 5000 0 0 0 0 0 0 0 0 0 0 0 0 0 0 0 0 0 0 0 0 0 0 0 0 0 0 0 0 0  
5000 6000 1 1 10 9 6 2686 2686 12 12 4 6915 6915 0 0 3 7 116 116 116 0 0 0 0 0 0 0 0 0 0 0.0 1.0
6000 7000 4 4 84 82 71 8663 7352 104 104 12 136789 132257 2 3 10 89 279 233 258 22 1500 1500 1500 0 128 128 128 0 2 2.0 0.0
7000 8000 3 2 176 175 172 3239 2633 230 230 4 352682 344614 0 5 3 226 719 109 368 315 1500 1500 1500 0 128 128 128 0 1 1.0 0.0
8000 9000 4 3 139 139 136 2593 2593 209 209 3 342017 341156 0 0 3 206 779 145 470 326 1500 1500 1500 0 0 0 0 0 1 0.0 1.0
9000 10000 4 3 217 217 215 1317 1317 340 340 1 529381 464690 0 46 1 338 868 73 416 356 1500 1500 1500 0 128 128 128 0 1 1.0 0.0
10000 11000 5 4 205 205 203 1538 1538 294 294 1 452677 426942 0 18 1 292 790 72 456 319 1500 1500 1500 0 0 0 0 0 1 0.0 1.0
11000 12000 6 3 227 227 223 3166 3166 308 308 3 487366 446444 0 29 3 305 924 72 469 328 1500 1500 1500 0 128 128 128 0 1 1.0 0.0
12000 13000 4 3 239 239 235 2655 2655 274 274 3 412533 333427 0 56 3 271 825 175 582 303 1500 1500 1500 0 128 128 128 0 1 2.0 1.0
13000 14000 3 3 276 276 274 1371 1371 332 332 1 544512 509869 0 24 1 331 975 576 732 213 1500 1500 1500 0 128 128 128 0 1 1.0 0.0
14000 15000 5 3 240 240 235 3835 3319 315 315 4 475536 369182 0 73 4 310 970 16 512 354 1500 1500 1500 0 128 128 128 0 1 2.0 1.0
15000 16000 4 2 165 165 163 2341 2015 184 184 2 279405 250650 0 20 2 181 386 4 288 189 1500 1500 1500 0 128 128 128 0 1 1.0 0.0
16000 17000 2 2 182 182 181 569 284 234 234 0 377896 302527 0 52 0 233 837 295 566 383 0 0 0 0 0 0 0 0 0 0.0 1.0
17000 18000 5 3 205 205 200 3828 3292 332 332 4 507041 463882 0 30 4 327 959 161 557 345 1500 1500 1500 0 128 128 128 0 2 2.0 0.0
18000 19000 6 3 217 217 215 1426 1426 257 257 1 395124 365913 0 19 1 255 725 40 268 313 0 0 0 0 0 0 0 0 0 0.0 1.0
19000 20000 4 3 67 67 65 1303 1303 96 96 1 141133 131512 0 6 1 94 178 38 117 68 3000 3000 3000 0 128 128 128 0 2 1.0 0.0
20000 21000 4 2 205 205 202 2321 2321 332 332 2 492007 456056 0 25 2 329 828 170 473 350 0 0 0 0 0 0 0 0 0 0.0 1.0
21000 22000 4 2 126 126 124 1504 1504 180 180 0 293997 293412 0 0 1 180 822 139 478 392 3000 3000 3000 0 128 128 128 0 1 1.0 0.0
22000 23000 3 2 307 307 306 820 820 332 332 2 525239 521624 0 2 0 329 859 138 615 413 0 0 0 0 0 0 0 0 0 0.0 1.0
23000 24000 3 2 122 122 121 1004 1004 163 163 1 260653 256893 0 2 1 162 861 137 396 403 3000 3000 3000 0 128 128 128 0 1 1.0 0.0
24000 25000 3 2 189 189 188 1541 1541 297 297 1 498518 482678 0 9 1 295 807 188 600 356 0 0 0 0 0 0 0 0 0 0.0 1.0
25000 26000 3 2 230 230 228 1426 1426 378 378 1 576524 562856 0 8 1 377 801 177 559 334 3000 3000 3000 0 128 128 128 0 1 1.0 0.0
26000 27000 3 2 179 179 177 915 915 278 278 1 432084 396753 0 24 1 276 766 296 506 238 0 0 0 0 0 0 0 0 0 0.0 1.0
27000 28000 2 2 43 43 43 494 494 69 69 0 104270 102112 0 1 0 69 195 192 194 1 3000 3000 3000 0 128 128 128 0 1 1.0 0.0
28000 29000 3 2 212 212 209 2270 2270 345 345 2 514743 505702 0 6 2 342 807 191 593 348 0 0 0 0 0 0 0 0 0 0.0 1.0
29000 30000 2 2 217 217 216 1243 1243 386 386 1 577491 574171 0 2 1 384 790 421 606 260 3000 3000 3000 0 128 128 128 0 1 1.0 0.0
30000 31000 2 1 144 144 143 996 996 220 220 1 323832 317352 0 4 1 219 588 209 398 267 0 0 0 0 0 0 0 0 0 0.0 1.0
31000 32000 2 2 141 141 139 1423 1423 238 238 1 390659 380961 0 6 1 237 689 177 433 361 3000 3000 3000 0 128 128 128 0 1 1.0 0.0
32000 33000 3 2 143 143 142 850 850 243 243 1 388248 383946 0 3 1 242 490 296 364 109 0 0 0 0 0 0 0 0 0 0.0 1.0
33000 34000 2 2 151 151 149 1645 1645 236 236 1 376455 369733 0 4 1 234 685 535 610 105 3000 3000 3000 0 128 128 128 0 1 1.0 0.0
34000 35000 3 2 142 142 141 1427 1427 208 208 1 334507 330467 0 2 1 207 683 290 429 220 0 0 0 0 0 0 0 0 0 0.0 1.0
35000 36000 3 2 180 180 178 1338 1338 282 282 1 454815 444286 0 7 1 280 654 311 500 174 3000 3000 3000 0 128 128 128 0 1 1.0 0.0
36000 37000 3 2 131 131 129 1156 1156 213 213 1 331853 326544 0 3 1 211 651 296 430 192 0 0 0 0 0 0 0 0 0 0.0 1.0
37000 38000 3 2 175 175 173 1345 1345 287 287 1 440810 429869 0 7 1 285 650 345 503 152 3000 3000 3000 0 128 128 128 0 1 1.0 0.0
38000 39000 5 4 252 252 250 1804 1804 352 352 2 529341 515725 0 9 2 349 480 104 247 161 3000 3000 3000 0 128 128 128 0 1 1.0 1.0
39000 40000 2 1 171 171 170 985 985 296 296 1 461042 450599 0 6 1 295 826 170 498 464 0 0 0 0 0 0 0 0 0 0.0 0.0
40000 41000 3 2 109 109 106 2214 2214 182 182 1 275088 274639 0 0 2 180 814 106 360 394 3000 3000 3000 0 128 128 128 0 1 1.0 1.0
41000 42000 2 1 169 169 169 134 134 321 321 1 480698 478347 0 0 0 320 839 158 498 481 0 0 0 0 0 0 0 0 0 0.0 0.0
42000 43000 3 3 117 117 115 1687 1687 197 197 2 290496 290496 0 0 2 195 811 104 369 385 3000 3000 3000 0 128 128 128 0 1 1.0 1.0
43000 44000 2 1 133 133 132 839 839 241 241 0 370688 368578 0 1 0 240 808 188 498 438 0 0 0 0 0 0 0 0 0 0.0 0.0
44000 45000 4 3 199 199 197 1865 1865 328 328 2 530368 518488 0 7 2 326 811 136 333 319 3000 3000 3000 0 128 128 128 0 1 1.0 1.0
45000 46000 3 2 172 172 171 628 628 285 285 0 490041 477509 0 8 0 284 807 182 418 339 0 0 0 0 0 0 0 0 0 0.0 0.0
46000 47000 3 3 106 106 104 1667 1667 133 133 2 205910 186579 0 13 2 131 809 139 379 373 3000 3000 3000 0 128 128 128 0 1 1.0 1.0
47000 48000 2 1 185 185 184 850 850 303 303 1 482103 476988 0 3 1 302 811 187 499 441 0 0 0 0 0 0 0 0 0 0.0 0.0
48000 49000 4 3 138 138 136 1648 1648 193 193 1 316609 312300 0 3 1 191 735 0 277 317 3000 3000 3000 0 128 128 128 0 1 1.0 1.0
49000 50000 3 2 181 181 180 843 843 300 300 1 511897 502515 0 6 1 299 814 0 333 426 0 0 0 0 0 0 0 0 0 0.0 0.0
50000 51000 3 2 199 199 196 2345 2345 317 317 2 501556 499361 0 2 2 314 813 183 474 317 3000 3000 3000 0 128 128 128 0 1 1.0 1.0
51000 52000 1 1 139 139 139 0 0 223 223 0 354480 352265 0 1 0 223 693 693 693 0 0 0 0 0 0 0 0 0 0 0.0 0.0
52000 53000 2 2 131 131 129 1410 1410 261 261 1 396059 396059 0 0 1 259 676 139 407 379 3000 3000 3000 0 128 128 128 0 1 1.0 1.0
53000 54000 3 2 184 184 183 1091 1091 257 257 1 401410 390097 0 9 1 256 505 304 377 111 0 0 0 0 0 0 0 0 0 0.0 0.0
54000 55000 1 1 0 0 0 83 83 0 0 0 591 591 0 0 0 0 8 8 8 0 0 0 0 0 0 0 0 0 0 0.0 1.0
55000 56000 3 3 149 149 146 2402 2402 232 232 2 363711 344486 0 4 2 229 974 76 428 479 3000 3000 3000 0 128 128 128 0 1 1.0 0.0
56000 57000 4 3 241 241 240 1354 1354 389 389 1 610917 557063 0 37 1 387 904 18 407 369 3000 3000 3000 0 128 128 128 0 1 1.0 1.0
57000 58000 2 1 132 132 130 1163 1163 230 230 1 359583 339339 0 13 1 229 699 298 498 283 0 0 0 0 0 0 0 0 0 0.0 0.0
58000 59000 4 3 242 242 239 2001 2001 369 369 2 578566 538323 0 27 2 367 701 46 379 370 3000 3000 3000 0 128 128 128 0 1 1.0 1.0
59000 60000 3 2 140 140 138 1097 1097 229 229 1 385961 376292 0 6 1 228 700 9 335 347 3000 3000 3000 0 0 0 0 0 1 0.0 0.0
60000 61000 4 2 172 172 170 1912 1912 307 307 2 486557 482657 0 2 2 305 989 8 435 411 0 0 0 0 128 128 128 0 0 1.0 1.0
61000 62000 3 2 193 193 191 1168 1168 326 326 1 496194 480761 0 11 1 324 990 6 398 521 3000 3000 3000 0 128 128 128 0 1 1.0 0.0
62000 63000 4 2 230 230 228 1325 1325 358 358 1 560423 535391 0 16 1 356 990 6 449 514 0 0 0 0 0 0 0 0 0 0.0 1.0
63000 64000 1 1 49 49 49 0 0 87 87 0 139029 139029 0 0 0 87 270 270 270 0 0 0 0 0 0 0 0 0 0 0.0 0.0
64000 65000 2 2 156 156 153 2243 2243 245 245 2 387331 378594 0 5 2 242 691 567 629 87 3000 3000 3000 0 128 128 128 0 1 1.0 1.0
65000 66000 3 2 184 184 183 861 861 269 269 1 423360 374403 0 33 1 268 691 199 398 258 0 0 0 0 128 128 128 0 0 1.0 0.0
66000 67000 4 3 213 213 211 1844 1844 362 362 2 620729 590272 0 21 2 360 934 78 316 413 3000 3000 3000 0 0 0 0 0 1 0.0 1.0
67000 68000 3 2 164 164 163 1015 1015 200 200 1 326143 304438 0 15 1 199 934 64 395 470 3000 3000 3000 0 128 128 128 0 1 1.0 0.0
68000 69000 4 2 166 166 164 1697 1697 279 279 1 467812 440643 0 19 2 278 809 43 306 342 0 0 0 0 0 0 0 0 0 0.0 1.0
69000 70000 3 2 137 137 136 989 989 192 192 0 329219 317843 0 8 1 192 809 165 386 366 3000 3000 3000 0 128 128 128 0 1 1.0 0.0
70000 71000 4 2 182 182 180 1632 1632 318 318 2 517355 515291 0 1 1 315 814 136 467 356 0 0 0 0 0 0 0 0 0 0.0 1.0
71000 72000 4 2 145 145 144 1431 1431 188 188 0 288705 269129 0 13 1 187 814 26 455 412 3000 3000 3000 0 128 128 128 0 1 1.0 0.0
72000 73000 3 2 168 168 167 1088 940 286 286 2 435115 386509 0 33 1 284 822 174 596 365 0 0 0 0 0 0 0 0 0 0.0 1.0
73000 74000 3 2 147 147 144 2228 1534 271 271 2 471359 465594 0 3 2 269 823 173 463 330 3000 3000 3000 0 128 128 128 0 1 1.0 0.0
74000 75000 3 2 213 213 212 726 726 332 332 0 508910 486920 0 14 0 331 825 172 432 346 0 0 0 0 0 0 0 0 0 0.0 1.0
75000 76000 3 2 159 159 157 1775 1775 250 250 2 389914 372100 0 11 2 247 699 295 486 203 3000 3000 3000 0 128 128 128 0 1 1.0 0.0
76000 77000 3 2 207 207 206 825 825 322 322 0 522865 475699 0 31 0 321 702 291 430 235 0 0 0 0 0 0 0 0 0 0.0 1.0
77000 78000 3 2 131 131 129 1676 1676 218 218 2 360955 351837 0 6 2 216 699 297 483 202 3000 3000 3000 0 128 128 128 0 1 1.0 0.0
78000 79000 2 1 142 142 141 655 655 212 212 0 360688 356771 0 2 0 211 692 287 489 286 0 0 0 0 0 0 0 0 0 0.0 1.0
79000 80000 2 2 139 139 137 1582 1582 243 243 1 368755 364909 0 2 1 241 686 440 563 174 3000 3000 3000 0 128 128 128 0 1 1.0 0.0
80000 81000 3 2 134 134 132 1492 1492 233 233 1 350384 348630 0 1 1 232 685 293 430 220 0 0 0 0 0 0 0 0 0 0.0 1.0
81000 82000 3 2 161 161 159 1273 1273 278 278 1 444931 427250 0 12 1 276 663 310 477 177 3000 3000 3000 0 128 128 128 0 1 1.0 0.0
82000 83000 4 3 129 129 127 1228 1228 220 220 1 349628 340709 0 6 1 218 662 299 413 167 0 0 0 0 0 0 0 0 0 0.0 1.0
83000 84000 3 2 179 179 177 1273 1273 296 296 1 446762 444061 0 1 1 294 642 311 470 165 3000 3000 3000 0 128 128 128 0 1 1.0 0.0
84000 85000 3 2 127 127 126 1178 1178 202 202 1 318925 317426 0 1 1 200 641 299 432 183 0 0 0 0 0 0 0 0 0 0.0 1.0
85000 86000 3 2 165 165 164 1323 1323 277 277 1 433670 430977 0 1 1 275 639 358 492 141 3000 3000 3000 0 128 128 128 0 1 1.0 0.0
86000 87000 4 3 238 238 236 1771 1771 371 371 2 560817 550247 0 7 2 369 426 236 330 81 3000 3000 3000 0 128 128 128 0 1 1.0 1.0
87000 88000 3 2 164 164 163 925 925 284 284 1 446270 444133 0 1 1 283 762 16 338 383 0 0 0 0 0 0 0 0 0 0.0 0.0
88000 89000 2 1 94 94 93 813 813 160 160 0 250152 246722 0 1 0 159 759 221 490 380 3000 3000 3000 0 0 0 0 0 1 0.0 1.0
89000 90000 3 2 175 175 173 1678 1678 321 321 2 494291 477351 0 10 2 319 773 221 477 278 0 0 0 0 128 128 128 0 0 1.0 0.0
90000 91000 3 2 114 114 112 1654 1654 207 207 1 317413 317413 0 0 1 205 764 95 357 357 3000 3000 3000 0 128 128 128 0 1 1.0 1.0
91000 92000 2 1 159 159 158 839 839 303 303 1 461136 459636 0 1 1 302 787 210 498 408 0 0 0 0 0 0 0 0 0 0.0 0.0
92000 93000 3 2 148 148 146 1650 1650 222 222 1 334700 328923 0 4 1 220 770 176 381 337 3000 3000 3000 0 128 128 128 0 1 1.0 1.0
93000 94000 2 1 158 158 157 1003 1003 296 296 1 457629 456506 0 0 1 295 801 195 498 428 0 0 0 0 0 0 0 0 0 0.0 0.0
94000 95000 3 2 103 103 101 1501 1501 181 181 2 287192 287192 0 0 1 179 793 94 363 376 3000 3000 3000 0 128 128 128 0 1 1.0 1.0
95000 96000 2 1 165 165 164 671 671 307 307 0 495462 481612 0 9 0 306 795 201 498 419 0 0 0 0 0 0 0 0 0 0.0 0.0
96000 97000 3 3 235 235 232 2255 2255 356 356 2 562454 532970 0 21 2 353 705 328 532 190 3000 3000 3000 0 128 128 128 0 1 1.0 1.0
97000 98000 2 1 169 169 169 246 246 251 251 0 391046 383980 0 5 0 251 533 291 412 170 0 0 0 0 0 0 0 0 0 0.0 0.0
98000 99000 3 3 57 57 54 1815 1815 82 82 2 130553 130295 0 0 2 80 184 124 149 31 3000 3000 3000 0 128 128 128 0 1 1.0 1.0
99000 100000 2 1 167 167 166 997 997 286 286 1 463263 462121 0 0 1 285 814 183 499 446 0 0 0 0 0 0 0 0 0 0.0 0.0
100000 101000 3 2 195 195 193 2023 2023 346 346 2 523096 523096 0 0 2 344 795 12 502 426 3000 3000 3000 0 128 128 128 0 1 1.0 1.0
101000 102000 2 1 120 120 119 740 740 199 199 0 320767 299735 0 15 0 199 670 172 421 352 0 0 0 0 0 0 0 0 0 0.0 0.0
102000 103000 3 2 155 155 153 2294 1569 233 233 3 374495 350991 0 16 2 230 686 311 550 207 3000 3000 3000 0 128 128 128 0 1 1.0 1.0
103000 104000 3 2 151 151 150 1044 949 262 262 1 428896 423031 0 4 1 261 686 85 361 303 0 0 0 0 0 0 0 0 0 0.0 0.0
104000 105000 3 2 193 193 191 1651 1337 323 323 1 525581 491011 0 22 1 321 916 289 502 359 3000 3000 3000 0 128 128 128 0 1 1.0 1.0
105000 106000 3 2 120 120 119 1079 573 219 219 1 363028 358286 0 3 1 218 606 80 390 274 0 0 0 0 0 0 0 0 0 0.0 0.0
106000 107000 2 2 166 166 164 2240 2240 266 266 2 401394 392713 0 6 2 263 687 561 624 88 3000 3000 3000 0 128 128 128 0 1 1.0 1.0
107000 108000 2 1 112 112 111 837 837 187 187 0 290581 286662 0 2 0 187 684 310 497 264 0 0 0 0 0 0 0 0 0 0.0 0.0
108000 109000 3 2 170 170 169 1490 1490 280 280 2 442280 439252 0 2 1 278 685 313 552 207 3000 3000 3000 0 128 128 128 0 1 1.0 1.0
109000 110000 4 2 180 180 178 1246 1246 312 312 1 499623 496530 0 2 1 310 685 137 327 250 3000 3000 3000 0 128 128 128 0 1 1.0 0.0
110000 111000 3 2 208 208 206 1691 1691 330 330 2 518070 514180 0 2 2 328 847 313 614 273 0 0 0 0 0 0 0 0 0 0.0 1.0
111000 112000 3 2 85 85 84 489 489 145 145 0 236790 235602 0 0 0 144 268 189 217 44 3000 3000 3000 0 128 128 128 0 1 1.0 0.0
112000 113000 4 2 158 158 155 2282 2282 284 284 2 486824 485763 0 0 2 282 808 131 478 367 0 0 0 0 0 0 0 0 0 0.0 1.0
113000 114000 4 2 134 134 132 1551 1551 170 170 1 293790 288713 0 3 1 169 868 128 491 401 3000 3000 3000 0 128 128 128 0 1 1.0 0.0
114000 115000 4 2 205 205 204 933 933 344 344 1 529620 525576 0 2 1 342 871 127 486 397 0 0 0 0 0 0 0 0 0 0.0 1.0
115000 116000 2 2 81 81 80 1428 1428 106 106 0 159988 157570 0 1 1 106 812 808 810 3 3000 3000 3000 0 128 128 128 0 1 1.0 0.0
116000 117000 2 2 197 197 196 820 820 349 349 2 572208 524952 0 31 1 346 909 735 822 122 0 0 0 0 0 0 0 0 0 0.0 1.0
117000 118000 3 2 202 202 201 1315 1315 335 335 1 538770 526316 0 8 1 333 564 90 400 269 3000 3000 3000 0 128 128 128 0 1 1.0 0.0
118000 119000 3 2 221 221 220 1186 1186 324 324 1 497883 484793 0 8 1 323 550 151 379 205 0 0 0 0 0 0 0 0 0 0.0 1.0
119000 120000 2 2 37 37 36 460 460 67 67 0 101951 101185 0 0 0 66 184 182 183 1 3000 3000 3000 0 128 128 128 0 1 1.0 0.0
120000 121000 3 2 200 200 197 2041 2041 348 348 2 537558 534124 0 2 2 345 816 181 603 365 0 0 0 0 0 0 0 0 0 0.0 1.0
121000 122000 1 1 34 34 34 0 0 49 49 0 85711 85711 0 0 0 49 191 191 191 0 0 0 0 0 0 0 0 0 0 0.0 0.0
122000 123000 2 2 9 9 8 155 155 14 14 0 20921 20109 0 0 0 13 41 38 40 2 3000 3000 3000 0 128 128 128 0 1 1.0 0.0
123000 124000 3 2 221 221 218 3219 3219 344 344 3 514064 493765 0 13 3 340 960 38 603 495 0 0 0 0 128 128 128 0 0 1.0 1.0
124000 125000 2 2 189 189 188 1186 1186 340 340 1 512398 483195 0 20 1 339 929 471 700 324 3000 3000 3000 0 0 0 0 0 1 0.0 1.0
125000 126000 4 3 189 189 187 1283 1283 309 309 1 456788 419678 0 26 1 308 524 133 403 181 0 0 0 0 128 128 128 0 0 1.0 0.0
126000 127000 3 2 252 252 251 1254 1254 385 385 1 565986 517230 0 33 1 384 897 299 529 322 3000 3000 3000 0 0 0 0 0 1 0.0 1.0
127000 128000 5 3 258 258 256 1883 1883 390 390 2 619235 509206 0 78 2 388 896 100 538 328 3000 3000 3000 0 128 128 128 0 1 1.0 0.0
128000 129000 5 3 219 219 218 1210 1210 309 309 1 486836 401689 0 60 1 308 704 74 392 280 0 0 0 0 0 0 0 0 0 0.0 1.0
129000 130000 4 3 261 261 259 1468 1468 433 433 1 651122 585248 0 45 1 432 964 56 530 386 3000 3000 3000 0 128 128 128 0 1 1.0 0.0
130000 131000 4 3 141 140 137 2764 2764 245 245 3 394605 393474 0 0 2 241 734 35 336 291 0 0 0 0 0 0 0 0 0 0.0 1.0
131000 132000 2 2 150 150 148 1611 1611 246 246 1 387869 385934 0 1 1 244 690 490 590 141 3000 3000 3000 0 128 128 128 0 1 1.0 0.0
132000 133000 3 2 187 187 184 2351 2351 315 315 2 509722 504984 0 2 2 313 689 299 432 222 3000 3000 3000 0 128 128 128 0 1 1.0 1.0
133000 134000 3 2 215 215 214 410 410 314 314 0 494856 467103 0 19 0 314 687 29 341 329 0 0 0 0 0 0 0 0 0 0.0 0.0
134000 135000 3 2 150 150 147 1882 1882 259 259 2 399082 387309 0 8 2 257 686 190 395 258 3000 3000 3000 0 128 128 128 0 1 1.0 1.0
135000 136000 4 3 156 156 155 619 619 247 247 0 433108 409921 0 15 0 245 686 25 337 270 0 0 0 0 0 0 0 0 0 0.0 0.0
136000 137000 5 4 96 96 93 1631 1631 154 154 2 255165 244280 0 7 1 151 266 29 165 87 3000 3000 3000 0 128 128 128 0 1 1.0 1.0
137000 138000 3 2 173 173 171 1183 1183 296 296 1 464766 455782 0 6 1 294 808 56 350 401 0 0 0 0 0 0 0 0 0 0.0 0.0
138000 139000 3 2 128 128 126 1503 1503 208 208 1 323782 319237 0 3 1 206 809 119 371 380 3000 3000 3000 0 128 128 128 0 1 1.0 1.0
139000 140000 2 1 158 158 156 993 993 294 294 0 463725 462171 0 1 1 293 814 183 498 445 0 0 0 0 0 0 0 0 0 0.0 0.0
140000 141000 3 2 151 151 149 2194 2194 203 203 1 303673 296595 0 5 2 201 808 131 368 381 3000 3000 3000 0 128 128 128 0 1 1.0 1.0
141000 142000 2 1 165 165 165 139 139 321 321 1 492864 491223 0 1 0 320 832 163 498 472 0 0 0 0 0 0 0 0 0 0.0 0.0
142000 143000 3 3 132 132 130 1676 1676 182 182 2 285592 280686 0 3 2 180 802 126 371 374 3000 3000 3000 0 128 128 128 0 1 1.0 1.0
143000 144000 2 1 167 167 166 992 992 277 277 1 427188 411644 0 11 1 276 813 183 498 445 0 0 0 0 0 0 0 0 0 0.0 0.0
144000 145000 3 2 223 223 221 1893 1893 332 332 2 528358 495745 0 23 2 329 813 0 484 428 3000 3000 3000 0 128 128 128 0 1 1.0 1.0
145000 146000 2 1 151 151 150 839 839 237 237 0 370735 359097 0 8 0 236 638 359 498 196 0 0 0 0 0 0 0 0 0 0.0 0.0
146000 147000 3 2 201 201 199 1704 1704 317 317 2 497349 491459 0 4 2 315 689 361 519 164 3000 3000 3000 0 128 128 128 0 1 1.0 1.0
147000 148000 2 1 116 116 115 842 842 197 197 0 314867 313131 0 1 1 197 685 309 497 265 0 0 0 0 0 0 0 0 0 0.0 0.0
148000 149000 3 2 169 169 167 1662 1662 307 307 2 474599 474599 0 0 2 305 689 305 498 192 3000 3000 3000 0 128 128 128 0 1 1.0 1.0
149000 150000 2 1 129 129 128 838 838 199 199 0 306166 300370 0 4 0 199 689 305 497 271 0 0 0 0 0 0 0 0 0 0.0 0.0
150000 151000 4 3 166 166 164 1662 1662 267 267 2 424415 385486 0 26 2 264 685 94 369 244 3000 3000 3000 0 128 128 128 0 1 1.0 1.0
151000 152000 2 1 179 179 178 838 838 291 291 0 468651 428235 0 28 0 290 685 306 495 267 0 0 0 0 0 0 0 0 0 0.0 0.0
152000 153000 3 2 228 228 226 1923 1923 351 351 2 557567 535847 0 15 2 349 710 312 569 222 3000 3000 3000 0 128 128 128 0 1 1.0 1.0
153000 154000 2 1 86 86 85 582 582 131 131 0 213204 208384 0 3 0 131 684 312 498 263 0 0 0 0 0 0 0 0 0 0.0 0.0
154000 155000 3 2 167 167 165 1664 1664 270 270 2 421409 414571 0 4 2 267 695 301 492 197 3000 3000 3000 0 128 128 128 0 1 1.0 1.0
155000 156000 2 1 127 127 126 839 839 213 213 0 357415 346670 0 6 0 212 694 301 497 278 0 0 0 0 0 0 0 0 0 0.0 0.0
156000 157000 3 2 190 190 188 1916 1916 311 311 2 503210 493002 0 6 2 308 692 304 558 219 3000 3000 3000 0 128 128 128 0 1 1.0 1.0
157000 158000 2 1 97 97 96 582 582 160 160 0 258675 255667 0 2 0 160 692 306 499 272 0 0 0 0 0 0 0 0 0 0.0 0.0
158000 159000 3 2 147 147 145 1658 1658 264 264 2 427799 427799 0 0 1 261 690 305 487 193 3000 3000 3000 0 128 128 128 0 1 1.0 1.0
159000 160000 4 3 184 184 183 1117 1117 266 266 1 408723 387229 0 15 1 264 689 20 300 284 3000 3000 3000 0 128 128 128 0 1 1.0 0.0
160000 161000 4 2 228 228 226 1661 1661 367 367 1 601769 574125 0 17 1 365 979 18 309 448 0 0 0 0 0 0 0 0 0 0.0 1.0
161000 162000 2 2 123 123 121 983 983 182 182 1 294920 286727 0 5 1 181 935 189 562 527 3000 3000 3000 0 128 128 128 0 1 1.0 0.0
162000 163000 3 2 177 177 175 1660 1660 303 303 1 466661 460991 0 4 1 301 808 134 377 374 0 0 0 0 0 0 0 0 0 0.0 1.0
163000 164000 3 2 106 106 105 885 885 179 179 0 270328 263540 0 4 1 179 809 51 348 404 3000 3000 3000 0 128 128 128 0 1 1.0 0.0
164000 165000 3 2 197 197 195 1612 1612 318 318 2 476105 445458 0 21 1 315 834 182 608 368 0 0 0 0 0 0 0 0 0 0.0 1.0
165000 166000 3 2 144 144 143 960 960 226 226 0 346599 341766 0 3 1 225 806 140 379 371 3000 3000 3000 0 128 128 128 0 1 1.0 0.0
166000 167000 4 2 193 193 191 1662 1662 325 325 2 492606 490946 0 1 1 322 857 140 497 387 0 0 0 0 0 0 0 0 0 0.0 1.0
167000 168000 4 2 126 126 124 1547 1547 182 182 1 278634 276165 0 1 1 181 858 139 492 392 3000 3000 3000 0 128 128 128 0 1 1.0 0.0
168000 169000 4 2 220 220 218 1001 1001 379 379 2 575484 571183 0 2 1 377 856 138 488 391 0 0 0 0 0 0 0 0 0 0.0 1.0
169000 170000 3 2 194 194 192 1358 1358 314 314 1 494191 474476 0 13 1 313 861 138 498 361 3000 3000 3000 0 128 128 128 0 1 1.0 0.0
170000 171000 2 2 168 168 167 674 674 252 252 0 408823 406435 0 1 0 251 797 299 548 352 0 0 0 0 0 0 0 0 0 0.0 1.0
171000 172000 2 2 125 125 123 1564 1564 242 242 1 402507 401544 0 0 1 240 687 437 562 177 3000 3000 3000 0 128 128 128 0 1 1.0 0.0
172000 173000 3 2 124 124 122 1449 1449 174 174 1 289917 281779 0 5 1 173 686 297 432 220 0 0 0 0 0 0 0 0 0 0.0 1.0
173000 174000 3 2 172 172 171 1315 1315 268 268 1 407898 402587 0 3 1 266 647 311 491 168 3000 3000 3000 0 128 128 128 0 1 1.0 0.0
174000 175000 3 2 132 132 131 1169 1169 228 228 1 334519 333532 0 0 1 226 644 299 432 185 0 0 0 0 0 0 0 0 0 0.0 1.0
175000 176000 3 2 137 137 135 1332 1332 239 239 1 364122 364122 0 0 1 237 635 351 494 141 3000 3000 3000 0 128 128 128 0 1 1.0 0.0
176000 177000 3 2 162 162 161 1002 1002 271 271 1 415835 405692 0 7 1 270 603 297 418 162 0 0 0 0 0 0 0 0 0 0.0 1.0
177000 178000 4 2 168 168 166 1499 1499 272 272 1 439406 431496 0 5 1 270 701 0 348 289 3000 3000 3000 0 128 128 128 0 1 1.0 0.0
178000 179000 3 2 176 176 175 907 907 264 264 1 448305 445357 0 2 1 263 699 296 432 231 0 0 0 0 0 0 0 0 0 0.0 1.0
179000 180000 3 2 119 119 117 1594 1594 187 187 1 274577 265090 0 6 1 185 643 294 471 174 3000 3000 3000 0 128 128 128 0 1 1.0 0.0
180000 181000 5 4 230 229 226 3173 3173 404 404 4 593456 570281 0 17 3 400 705 148 306 229 3000 3000 3000 0 128 128 128 0 1 1.0 1.0
181000 182000 3 2 174 174 172 1656 1656 300 300 2 467816 464948 0 2 1 297 804 115 371 377 0 0 0 0 0 0 0 0 0 0.0 0.0
182000 183000 4 3 159 159 157 1664 1664 215 215 2 326428 316933 0 6 2 213 803 1 285 355 3000 3000 3000 0 128 128 128 0 1 1.0 1.0
183000 184000 2 1 182 182 181 840 840 275 275 1 444870 433592 0 8 1 274 803 193 498 431 0 0 0 0 0 0 0 0 0 0.0 0.0
184000 185000 2 1 99 99 98 816 816 170 170 0 265692 258018 0 5 0 169 783 188 486 420 3000 3000 3000 0 0 0 0 0 1 0.0 1.0
185000 186000 4 3 134 134 131 2519 1679 249 249 3 376295 336627 1 27 3 246 810 133 388 307 0 0 0 0 128 128 128 0 0 1.0 0.0
186000 187000 4 4 196 196 194 898 898 352 352 1 543866 516773 0 17 1 349 800 278 571 242 3000 3000 3000 0 0 0 0 0 1 0.0 1.0
187000 188000 3 2 192 192 191 607 607 313 313 0 527693 514772 0 8 0 313 719 278 509 221 0 0 0 0 0 0 0 0 0 0.0 0.0
188000 189000 4 3 86 86 83 2660 2660 128 128 3 193371 190522 0 2 3 124 513 69 217 203 3000 3000 3000 0 128 128 128 0 1 2.0 1.0
189000 190000 2 1 182 182 181 992 992 291 291 1 448388 442722 0 4 1 290 808 187 498 439 0 0 0 0 0 0 0 0 0 0.0 0.0
190000 191000 3 2 130 130 128 1531 1531 233 233 1 365860 362829 0 2 1 231 812 95 374 383 3000 3000 3000 0 128 128 128 0 1 1.0 1.0
191000 192000 2 1 171 171 170 841 841 317 317 0 483794 472825 0 7 0 316 782 215 498 400 0 0 0 0 0 0 0 0 0 0.0 0.0
192000 193000 3 2 202 202 199 2320 2320 334 334 2 507392 505157 0 1 2 332 784 214 495 284 3000 3000 3000 0 128 128 128 0 1 1.0 1.0
193000 194000 1 1 162 162 162 0 0 249 249 0 378640 371074 0 5 0 249 726 726 726 0 0 0 0 0 0 0 0 0 0 0.0 0.0
194000 195000 3 3 149 149 147 1992 1992 258 258 2 397654 370331 0 19 2 256 696 30 308 346 3000 3000 3000 0 128 128 128 0 1 1.0 1.0
195000 196000 3 2 123 123 121 1095 1095 209 209 0 337704 325828 0 8 1 208 695 86 361 308 0 0 0 0 0 0 0 0 0 0.0 0.0
196000 197000 4 3 139 139 137 1541 1191 249 249 2 403043 398545 0 3 1 246 696 109 343 249 3000 3000 3000 0 128 128 128 0 1 1.0 1.0
197000 198000 3 2 192 192 191 1194 724 300 300 1 452172 423395 0 18 1 298 695 303 451 212 0 0 0 0 0 0 0 0 0 0.0 0.0
198000 199000 3 2 152 152 149 2242 2242 274 274 2 419641 417917 0 1 2 272 690 45 419 334 3000 3000 3000 0 128 128 128 0 1 1.0 1.0
199000 200000 2 1 128 128 127 844 844 199 199 0 317794 301228 0 10 1 199 689 307 498 269 0 0 0 0 0 0 0 0 0 0.0 0.0
200000 201000 3 2 190 190 188 1660 1660 306 306 2 459298 428698 0 21 1 303 695 301 499 196 3000 3000 3000 0 128 128 128 0 1 1.0 1.0
201000 202000 2 1 161 161 160 843 843 247 247 1 397042 351654 0 29 1 246 693 304 499 275 0 0 0 0 0 0 0 0 0 0.0 0.0
202000 203000 3 2 211 211 209 1914 1914 320 320 2 518143 496098 0 14 2 318 693 300 543 211 3000 3000 3000 0 128 128 128 0 1 1.0 1.0
203000 204000 2 1 99 99 98 583 583 154 154 0 254146 251144 0 2 0 154 692 306 499 273 0 0 0 0 0 0 0 0 0 0.0 0.0
204000 205000 3 2 177 177 175 1661 1661 271 271 2 443503 424069 0 13 1 268 692 305 514 195 3000 3000 3000 0 128 128 128 0 1 1.0 1.0
205000 206000 3 2 193 193 192 1017 1017 310 310 1 497396 483970 0 9 1 309 692 99 365 301 3000 3000 3000 0 128 128 128 0 1 1.0 0.0
206000 207000 3 2 240 240 238 1741 1741 350 350 2 539197 518689 0 13 2 348 841 304 612 276 0 0 0 0 0 0 0 0 0 0.0 1.0
207000 208000 3 2 139 139 138 1001 1001 195 195 1 314148 305649 0 5 1 194 646 191 382 236 3000 3000 3000 0 128 128 128 0 1 1.0 0.0
208000 209000 3 2 158 158 156 1661 1661 270 270 1 461518 460386 0 0 2 268 805 167 388 361 0 0 0 0 0 0 0 0 0 0.0 1.0
209000 210000 3 2 77 77 76 893 893 120 120 0 266495 259236 0 4 1 120 805 57 351 398 3000 3000 3000 0 128 128 128 0 1 1.0 0.0
210000 211000 3 2 179 179 177 1609 1609 289 289 2 468294 436137 0 22 1 287 840 190 613 366 0 0 0 0 0 0 0 0 0 0.0 1.0
211000 212000 3 2 138 138 137 956 956 209 209 0 322918 314742 0 5 1 209 799 134 377 367 3000 3000 3000 0 128 128 128 0 1 1.0 0.0
212000 213000 4 2 225 225 223 1498 1498 354 354 2 538289 531472 0 4 1 351 862 132 498 385 0 0 0 0 0 0 0 0 0 0.0 1.0
213000 214000 4 2 92 92 90 1075 1075 129 129 1 202166 196145 0 4 1 127 841 121 354 329 3000 3000 3000 0 128 128 128 0 1 1.0 0.0
214000 215000 4 2 218 218 217 1546 1546 374 374 1 592393 559408 0 23 1 372 877 120 471 389 0 0 0 0 0 0 0 0 0 0.0 1.0
215000 216000 4 2 131 131 129 1551 1551 168 168 1 265700 254388 0 8 1 166 877 119 495 418 3000 3000 3000 0 128 128 128 0 1 1.0 0.0
216000 217000 3 2 200 200 199 843 843 315 315 0 504661 481988 0 16 1 314 851 144 607 400 0 0 0 0 0 0 0 0 0 0.0 1.0
217000 218000 3 2 95 95 93 988 988 153 153 0 259910 258366 0 1 1 153 812 140 378 375 3000 3000 3000 0 128 128 128 0 1 1.0 0.0
218000 219000 3 2 212 212 211 1386 1386 329 329 2 529565 522709 0 4 1 327 815 180 602 364 0 0 0 0 0 0 0 0 0 0.0 1.0
219000 220000 3 3 210 210 208 1416 1416 352 352 1 541533 535782 0 4 1 351 684 96 365 296 3000 3000 3000 0 128 128 128 0 1 1.0 0.0
220000 221000 3 2 125 125 124 1505 1505 201 201 1 308913 306264 0 1 1 200 683 298 432 217 0 0 0 0 0 0 0 0 0 0.0 1.0
221000 222000 3 2 160 160 158 1262 1262 257 257 1 403283 380475 0 14 1 255 650 311 471 170 3000 3000 3000 0 128 128 128 0 1 1.0 0.0
222000 223000 3 2 153 153 152 1043 1043 269 269 1 433881 405727 0 19 1 267 647 300 431 188 0 0 0 0 0 0 0 0 0 0.0 1.0
223000 224000 4 2 153 153 151 1458 1458 271 271 1 435186 416880 0 13 1 269 698 180 382 222 3000 3000 3000 0 128 128 128 0 1 1.0 0.0
224000 225000 3 2 175 175 174 908 908 292 292 1 452917 439188 0 9 1 291 700 293 431 233 0 0 0 0 0 0 0 0 0 0.0 1.0
225000 226000 3 2 132 132 130 1593 1593 208 208 1 330677 329443 0 0 1 206 705 293 483 208 3000 3000 3000 0 128 128 128 0 1 1.0 0.0
226000 227000 3 2 172 172 171 892 892 261 261 1 443546 440170 0 2 1 260 705 292 432 236 0 0 0 0 0 0 0 0 0 0.0 1.0
227000 228000 3 2 132 132 130 1609 1609 208 208 1 328909 320148 0 5 1 206 707 291 489 208 3000 3000 3000 0 128 128 128 0 1 1.0 0.0
228000 229000 3 2 213 213 211 1903 1903 331 331 2 503069 482620 0 13 2 329 706 276 423 244 3000 3000 3000 0 128 128 128 0 1 1.0 1.0
229000 230000 2 1 155 155 154 825 825 229 229 0 341050 333585 0 5 0 228 708 275 492 305 0 0 0 0 0 0 0 0 0 0.0 0.0
230000 231000 2 1 149 149 148 862 862 235 235 1 354461 345346 0 6 1 234 721 197 459 370 0 0 0 0 0 0 0 0 0 0.0 1.0
231000 232000 2 2 136 136 135 1152 1152 202 202 1 329826 308556 0 15 1 201 689 419 554 190 3000 3000 3000 0 128 128 128 0 1 1.0 0.0
232000 233000 4 3 222 222 220 1748 1748 362 362 2 569792 551863 0 12 2 360 605 140 339 193 3000 3000 3000 0 128 128 128 0 1 1.0 1.0
233000 234000 2 1 112 112 111 1235 1235 206 206 1 316306 314099 0 1 1 205 471 262 367 147 0 0 0 0 0 0 0 0 0 0.0 0.0
234000 235000 4 3 220 220 217 2116 2116 371 371 2 570824 562363 0 6 2 368 736 167 365 253 3000 3000 3000 0 128 128 128 0 1 1.0 1.0
235000 236000 3 2 182 182 182 377 377 295 295 0 460527 449185 0 8 0 295 740 75 357 344 0 0 0 0 0 0 0 0 0 0.0 0.0
236000 237000 4 3 125 125 123 1600 1600 156 156 1 249554 234026 0 11 1 154 734 0 257 326 3000 3000 3000 0 128 128 128 0 1 1.0 1.0
237000 238000 2 1 169 169 167 991 991 303 303 0 471741 467165 0 3 1 302 816 180 498 450 0 0 0 0 0 0 0 0 0 0.0 0.0
238000 239000 3 2 121 121 120 1516 1516 186 186 2 282441 280580 0 1 1 184 807 151 382 368 3000 3000 3000 0 128 128 128 0 1 1.0 1.0
239000 240000 2 1 176 176 175 836 836 285 285 0 460577 452638 0 5 0 284 809 188 498 439 0 0 0 0 0 0 0 0 0 0.0 0.0
240000 241000 4 3 121 121 119 1671 1671 196 196 2 294374 293269 0 0 2 194 811 0 282 361 3000 3000 3000 0 128 128 128 0 1 1.0 1.0
241000 242000 2 1 198 198 197 675 675 327 327 0 485647 463456 0 15 0 327 798 194 496 427 0 0 0 0 0 0 0 0 0 0.0 0.0
242000 243000 1 1 125 125 125 0 0 150 150 0 213555 151451 0 44 0 150 681 681 681 0 0 0 0 0 0 0 0 0 0 0.0 0.0
243000 244000 3 3 188 188 185 2329 2329 291 291 2 439910 434348 0 3 2 288 792 55 326 405 3000 3000 3000 0 128 128 128 0 1 1.0 1.0
244000 245000 4 3 206 206 204 1966 1966 316 316 2 492731 473049 0 14 2 314 697 204 462 241 3000 3000 3000 0 128 128 128 0 1 1.0 1.0
245000 246000 3 2 146 146 145 708 708 263 263 0 395213 384939 0 7 0 262 640 140 353 258 0 0 0 0 0 0 0 0 0 0.0 0.0
246000 247000 3 3 237 237 234 2135 2135 404 404 2 609977 588696 0 15 2 401 575 485 541 48 3000 3000 3000 0 128 128 128 0 1 1.0 1.0
247000 248000 2 1 190 190 189 840 840 312 312 0 479304 460764 0 13 0 311 562 434 498 90 0 0 0 0 0 0 0 0 0 0.0 0.0
248000 249000 3 2 222 222 220 2028 2028 346 346 2 527303 508308 0 13 2 343 785 437 594 176 3000 3000 3000 0 128 128 128 0 1 1.0 1.0
249000 250000 2 1 101 101 101 480 480 157 157 0 251405 247122 0 3 0 157 558 436 497 86 0 0 0 0 0 0 0 0 0 0.0 0.0
250000 251000 3 2 134 134 132 1235 1235 213 213 1 381520 338615 0 28 1 212 685 299 467 197 3000 3000 3000 0 128 128 128 0 1 1.0 1.0
251000 252000 3 2 156 156 154 1367 1367 208 208 0 364048 314766 0 31 1 207 683 311 507 186 0 0 0 0 0 0 0 0 0 0.0 0.0
252000 253000 3 2 194 194 192 1663 1663 316 316 2 492244 477370 0 9 2 313 694 303 483 196 3000 3000 3000 0 128 128 128 0 1 1.0 1.0
253000 254000 2 1 121 121 120 841 841 181 181 0 285400 282599 0 2 1 181 693 304 498 275 0 0 0 0 0 0 0 0 0 0.0 0.0
254000 255000 3 2 147 147 145 1660 1660 229 229 2 365973 365121 0 0 1 226 694 303 493 195 3000 3000 3000 0 128 128 128 0 1 1.0 1.0
255000 256000 3 2 225 225 225 587 587 386 386 0 586645 542990 0 31 0 385 694 196 398 261 3000 3000 3000 0 128 128 128 0 1 1.0 0.0
256000 257000 4 2 197 197 194 2171 2171 328 328 2 514255 485579 0 20 2 326 801 28 294 345 0 0 0 0 0 0 0 0 0 0.0 1.0
257000 258000 3 2 147 147 146 483 483 218 218 0 330118 311526 0 13 0 217 427 188 268 136 3000 3000 3000 0 128 128 128 0 1 1.0 0.0
258000 259000 4 2 185 185 182 2316 2316 310 310 2 488913 483236 0 4 2 307 810 164 485 360 0 0 0 0 0 0 0 0 0 0.0 1.0
259000 260000 4 2 97 97 95 1519 1519 149 149 0 240500 234999 0 3 1 149 807 163 484 369 3000 3000 3000 0 128 128 128 0 1 1.0 0.0
260000 261000 3 2 202 202 201 822 822 315 315 2 486601 457574 0 20 0 313 836 160 609 389 0 0 0 0 0 0 0 0 0 0.0 1.0
261000 262000 3 2 157 157 156 990 990 240 240 0 364118 355746 0 5 1 239 807 155 384 367 3000 3000 3000 0 128 128 128 0 1 1.0 0.0
262000 263000 3 2 203 203 201 1528 1528 327 327 2 493391 477489 0 11 1 325 826 183 606 366 0 0 0 0 0 0 0 0 0 0.0 1.0
263000 264000 3 2 104 104 103 974 974 180 180 0 286922 286131 0 0 1 179 809 156 384 368 3000 3000 3000 0 128 128 128 0 1 1.0 0.0
264000 265000 3 2 189 189 187 1528 1528 312 312 2 490199 486269 0 2 1 310 822 184 605 364 0 0 0 0 0 0 0 0 0 0.0 1.0
265000 266000 3 2 112 112 110 978 978 177 177 0 286144 283066 0 2 1 176 809 154 384 368 3000 3000 3000 0 128 128 128 0 1 1.0 0.0
266000 267000 4 2 222 222 220 1735 1735 368 368 2 575968 570305 0 4 2 365 808 149 482 362 0 0 0 0 0 0 0 0 0 0.0 1.0
267000 268000 3 2 231 231 229 1439 1439 324 324 1 502362 493209 0 6 1 322 849 147 486 351 3000 3000 3000 0 128 128 128 0 1 1.0 0.0
268000 269000 1 1 130 130 129 694 694 200 200 0 320513 319328 0 0 0 199 816 816 816 0 0 0 0 0 0 0 0 0 0 0.0 1.0
269000 270000 2 2 150 150 148 1420 1420 253 253 1 379291 368674 0 6 1 252 689 142 415 386 3000 3000 3000 0 128 128 128 0 1 1.0 0.0
270000 271000 3 2 132 132 130 1514 1514 221 221 1 348876 344094 0 3 1 219 687 299 432 220 0 0 0 0 0 0 0 0 0 0.0 1.0
271000 272000 3 2 173 173 172 1248 1248 302 302 1 463292 462373 0 0 1 300 656 311 468 174 3000 3000 3000 0 128 128 128 0 1 1.0 0.0
272000 273000 3 2 151 151 150 1248 1248 216 216 1 324722 321487 0 2 1 214 655 298 432 194 0 0 0 0 0 0 0 0 0 0.0 1.0
273000 274000 3 2 165 165 164 1253 1253 252 252 1 388257 367903 0 14 1 251 586 344 447 124 3000 3000 3000 0 128 128 128 0 1 1.0 0.0
274000 275000 3 2 205 205 203 1830 1830 342 342 2 527899 507210 0 14 2 340 586 298 432 144 3000 3000 3000 0 128 128 128 0 1 1.0 1.0
275000 276000 3 2 193 193 192 671 671 324 324 0 517910 506504 0 8 0 323 585 72 356 260 0 0 0 0 0 0 0 0 0 0.0 0.0
276000 277000 3 2 117 117 115 1818 1818 201 201 2 313722 308284 0 3 2 199 339 187 247 80 3000 3000 3000 0 128 128 128 0 1 1.0 1.0
277000 278000 2 1 175 175 173 991 991 303 303 1 468159 460199 0 5 1 302 810 185 497 441 0 0 0 0 0 0 0 0 0 0.0 0.0
278000 279000 3 2 113 113 111 1533 1533 193 193 1 311605 311605 0 0 1 191 814 90 373 386 3000 3000 3000 0 128 128 128 0 1 1.0 1.0
279000 280000 2 1 131 131 130 841 841 237 237 1 387487 379452 0 5 1 236 784 214 499 403 0 0 0 0 0 0 0 0 0 0.0 0.0
280000 281000 3 2 147 147 145 1645 1645 238 238 1 360460 332094 0 20 1 236 756 142 365 340 3000 3000 3000 0 128 128 128 0 1 1.0 1.0
281000 282000 2 1 127 127 126 836 836 232 232 0 373847 368094 0 3 0 231 799 192 495 429 0 0 0 0 0 0 0 0 0 0.0 0.0
282000 283000 3 2 168 168 166 1653 1653 299 299 1 461015 435570 0 16 1 297 789 121 364 369 3000 3000 3000 0 128 128 128 0 1 1.0 1.0
283000 284000 2 1 157 157 156 836 836 301 301 0 475381 463813 0 8 0 300 816 181 498 448 0 0 0 0 0 0 0 0 0 0.0 0.0
284000 285000 3 3 143 143 141 1659 1659 209 209 1 313548 297266 0 10 1 207 815 122 371 385 3000 3000 3000 0 128 128 128 0 1 1.0 1.0
285000 286000 2 1 174 174 173 837 837 323 323 0 508452 501288 0 4 0 322 823 171 497 460 0 0 0 0 0 0 0 0 0 0.0 0.0
286000 287000 3 2 214 214 212 2037 2037 332 332 2 515705 483959 0 20 2 330 827 171 523 330 3000 3000 3000 0 128 128 128 0 1 1.0 1.0
287000 288000 3 2 192 192 191 431 431 280 280 0 419269 406510 0 8 0 280 818 131 362 395 0 0 0 0 0 0 0 0 0 0.0 0.0
288000 289000 3 3 62 62 60 1712 1712 90 90 2 133941 129592 0 2 2 88 836 130 387 390 3000 3000 3000 0 128 128 128 0 1 1.0 1.0
289000 290000 2 1 179 179 178 850 850 294 294 1 440520 419540 0 14 1 293 805 193 499 432 0 0 0 0 0 0 0 0 0 0.0 0.0
290000 291000 4 3 108 108 106 1608 1608 158 158 1 250770 239699 0 7 1 156 733 0 276 317 3000 3000 3000 0 128 128 128 0 1 1.0 1.0
291000 292000 3 2 171 171 170 722 722 326 326 0 524647 514518 0 6 0 326 816 8 335 425 0 0 0 0 0 0 0 0 0 0.0 0.0
292000 293000 3 3 237 237 235 2077 2077 359 359 2 539636 506366 0 23 2 356 550 496 523 27 3000 3000 3000 0 128 128 128 0 1 1.0 1.0
293000 294000 2 1 153 153 152 872 872 241 241 1 383320 375846 0 5 1 240 503 494 498 6 0 0 0 0 0 0 0 0 0 0.0 0.0
294000 295000 3 2 175 175 173 1792 1792 296 296 2 449653 443128 0 4 2 294 689 140 420 274 3000 3000 3000 0 128 128 128 0 1 1.0 1.0
295000 296000 2 1 185 185 184 842 842 317 317 1 489505 484669 0 3 1 316 689 309 499 268 3000 3000 3000 0 0 0 0 0 1 0.0 0.0
296000 297000 4 3 240 240 238 1920 1920 361 361 2 555667 530825 0 17 2 359 689 168 411 224 0 0 0 0 128 128 128 0 0 1.0 1.0
297000 298000 2 1 71 71 70 579 579 102 102 0 160070 151948 0 5 0 102 687 302 495 271 0 0 0 0 0 0 0 0 0 0.0 0.0
298000 299000 3 2 142 142 140 1660 1660 253 253 2 394037 393072 0 0 1 250 689 308 521 194 3000 3000 3000 0 128 128 128 0 1 1.0 1.0
299000 300000 2 1 125 125 124 261 261 213 213 0 321890 321455 0 0 0 213 411 310 361 71 0 0 0 0 0 0 0 0 0 0.0 0.0
300000 301000 0 0 0 0 0 0 0 0 0 0 0 0 0 0 0 0 0 0 0 0 0 0 0 0 0 0 0 0 0  
