ts te nbins ncons c_pkts_all c_bytes_all s_pkts_all s_bytes_all max_bin min_bin avg_bin std_bin max_vid min_vid avg_vid std_vid max_aud min_aud avg_aud std_aud num_vid num_aud num_mfs
0 1000 0 0 0 0 0 0 0 0 0 0 0 0 0 0 0 0 0 0 0 0 
1000 2000 0 0 0 0 0 0 0 0 0 0 0 0 0 0 0 0 0 0 0 0 
2000 3000 0 0 0 0 0 0 0 0 0 0 0 0 0 0 0 0 0 0 0 0 
3000 4000 0 0 0 0 0 0 0 0 0 0 0 0 0 0 0 0 0 0 0 0 
4000 5000 0 0 0 0 0 0 0 0 0 0 0 0 0 0 0 0 0 0 0 0 
5000 6000 0 0 0 0 0 0 0 0 0 0 0 0 0 0 0 0 0 0 0 0 
6000 7000 0 0 0 0 0 0 0 0 0 0 0 0 0 0 0 0 0 0 0 0 
7000 8000 0 0 0 0 0 0 0 0 0 0 0 0 0 0 0 0 0 0 0 0 
8000 9000 1 1 0 318 1 1239 33 33 33 0 0 0 0 0 0 0 0 0 0 0 1.0
9000 10000 2 1 25 9369 44 43620 962 32 497 657 1500 1500 1500 0 128 128 128 0 2 2 0.0
10000 11000 2 1 64 2878 180 226937 964 32 498 658 0 0 0 0 0 0 0 0 0 0 0.0
11000 12000 1 1 47 2882 122 154745 959 959 959 0 0 0 0 0 0 0 0 0 0 0 1.0
12000 13000 1 1 34 1568 59 71721 983 983 983 0 0 0 0 0 0 0 0 0 0 0 0.0
13000 14000 1 1 44 6765 118 140031 969 969 969 0 288 288 288 0 128 128 128 0 3 3 1.0
14000 15000 1 1 54 5139 153 188035 961 961 961 0 288 288 288 0 128 128 128 0 2 1 0.0
15000 16000 2 1 58 4703 146 176950 959 38 498 651 288 288 288 0 128 128 128 0 1 2 1.0
16000 17000 2 1 55 3945 104 127523 953 35 494 649 288 288 288 0 128 128 128 0 1 1 0.0
17000 18000 2 1 42 4699 54 62049 946 34 490 644 288 288 288 0 128 128 128 0 1 1 1.0
18000 19000 2 1 38 3093 71 85997 936 35 486 636 288 288 288 0 0 0 0 0 1 0 0.0
19000 20000 2 1 32 2807 66 80091 934 62 498 616 0 0 0 0 128 128 128 0 0 1 1.0
20000 21000 2 1 54 3853 107 131255 922 62 492 607 288 288 288 0 128 128 128 0 1 1 0.0
21000 22000 2 1 45 5999 111 131914 909 72 491 591 288 288 288 0 128 128 128 0 2 1 1.0
22000 23000 2 1 46 3566 119 147232 897 74 485 581 288 288 288 0 128 128 128 0 1 2 0.0
23000 24000 2 1 30 2225 66 79133 618 100 359 366 0 0 0 0 0 0 0 0 0 0 1.0
24000 25000 1 1 17 2146 37 44752 470 470 470 0 480 480 480 0 128 128 128 0 2 2 0.0
25000 26000 2 1 39 3906 75 90890 524 462 493 43 0 0 0 0 0 0 0 0 0 0 1.0
26000 27000 2 1 36 2993 62 74771 532 462 497 49 480 480 480 0 128 128 128 0 1 1 0.0
27000 28000 2 1 30 3042 70 83537 532 455 494 54 0 0 0 0 0 0 0 0 0 0 1.0
28000 29000 2 1 38 3434 88 107758 523 454 489 48 480 480 480 0 128 128 128 0 1 1 0.0
29000 30000 2 1 49 3867 96 119157 542 436 489 75 0 0 0 0 128 128 128 0 0 1 1.0
30000 31000 2 1 45 3789 93 114901 559 424 492 95 480 480 480 0 0 0 0 0 1 0 0.0
31000 32000 2 1 36 3029 80 99134 533 421 477 79 480 480 480 0 128 128 128 0 1 1 1.0
32000 33000 2 1 33 2918 77 95176 561 417 489 102 0 0 0 0 0 0 0 0 0 0 0.0
33000 34000 2 1 35 2605 77 95428 540 404 472 96 480 480 480 0 128 128 128 0 1 1 1.0
34000 35000 2 1 43 2881 97 118955 580 398 489 129 0 0 0 0 0 0 0 0 0 0 0.0
35000 36000 2 1 28 2375 57 70212 569 385 477 129 480 480 480 0 128 128 128 0 1 1 1.0
36000 37000 2 1 47 3349 88 108447 605 385 495 155 480 480 480 0 0 0 0 0 1 0 0.0
37000 38000 2 1 48 4317 87 106507 612 384 498 161 0 0 0 0 128 128 128 0 0 1 1.0
38000 39000 2 1 27 3186 56 67736 535 297 416 168 480 480 480 0 128 128 128 0 1 1 0.0
39000 40000 2 2 55 6440 142 175784 608 279 443 232 0 0 0 0 0 0 0 0 0 0 1.0
40000 41000 1 1 25 2246 69 85287 472 472 472 0 480 480 480 0 128 128 128 0 1 1 0.0
41000 42000 2 1 40 3987 107 130868 513 470 492 30 0 0 0 0 0 0 0 0 0 0 1.0
42000 43000 2 1 42 2951 92 113648 523 469 496 38 480 480 480 0 128 128 128 0 1 1 0.0
43000 44000 2 1 18 1940 42 51293 387 119 253 189 480 480 480 0 128 128 128 0 1 1 1.0
44000 45000 2 1 25 3073 57 66142 590 333 462 181 0 0 0 0 0 0 0 0 0 0 0.0
45000 46000 2 1 31 2328 66 78815 661 309 485 248 0 0 0 0 128 128 128 0 0 1 1.0
46000 47000 2 1 43 3119 105 129833 670 296 483 264 480 480 480 0 0 0 0 0 1 0 0.0
47000 48000 2 1 34 2357 81 99171 663 255 459 288 480 480 480 0 128 128 128 0 1 1 1.0
48000 49000 2 1 43 3164 98 122291 741 244 493 351 0 0 0 0 0 0 0 0 0 0 0.0
49000 50000 2 1 14 1959 38 47235 615 241 428 264 480 480 480 0 128 128 128 0 1 1 1.0
50000 51000 2 1 54 5025 160 196031 753 240 496 362 480 480 480 0 128 128 128 0 1 1 0.0
51000 52000 1 1 19 886 47 58067 287 287 287 0 0 0 0 0 0 0 0 0 0 0 0.0
52000 53000 1 1 2 775 4 2663 144 144 144 0 0 0 0 0 0 0 0 0 0 0 1.0
53000 54000 1 1 1 265 7 9267 37 37 37 0 0 0 0 0 0 0 0 0 0 0 1.0
54000 55000 2 1 48 6796 195 239786 945 18 481 655 840 840 840 0 128 128 128 0 3 3 0.0
55000 56000 1 1 46 3353 196 243639 843 843 843 0 0 0 0 0 0 0 0 0 0 0 1.0
56000 57000 1 1 47 3351 171 215536 469 469 469 0 840 840 840 0 128 128 128 0 1 1 0.0
57000 58000 2 1 32 2799 100 125177 387 16 202 262 0 0 0 0 0 0 0 0 0 0 1.0
58000 59000 2 1 69 5403 195 243314 611 385 498 160 1500 1500 1500 0 128 128 128 0 2 2 0.0
59000 60000 2 1 59 3434 156 195176 613 254 433 254 0 0 0 0 0 0 0 0 0 0 1.0
60000 61000 2 1 81 4930 245 305497 743 251 497 347 1500 1500 1500 0 128 128 128 0 1 1 0.0
61000 62000 1 1 8 870 8 7773 669 669 669 0 0 0 0 0 0 0 0 0 0 0 1.0
62000 63000 1 1 137 9258 415 517891 956 956 956 0 2300 2300 2300 0 128 128 128 0 2 2 0.0
63000 64000 2 1 52 4400 153 187590 952 41 496 644 2300 2300 2300 0 128 128 128 0 1 1 1.0
64000 65000 2 1 144 6374 394 496226 949 44 496 639 0 0 0 0 0 0 0 0 0 0 0.0
65000 66000 2 1 53 3112 167 208751 386 47 216 239 2300 2300 2300 0 128 128 128 0 1 1 1.0
66000 67000 2 1 90 5463 271 338407 612 381 497 163 0 0 0 0 0 0 0 0 0 0 0.0
67000 68000 2 1 75 4185 204 254362 610 337 474 192 2300 2300 2300 0 128 128 128 0 1 1 1.0
68000 69000 2 1 101 5559 294 367626 658 335 496 228 0 0 0 0 0 0 0 0 0 0 0.0
69000 70000 2 1 58 3438 155 193129 612 318 465 207 2300 2300 2300 0 128 128 128 0 1 1 1.0
70000 71000 2 1 107 5822 309 386293 677 316 496 255 0 0 0 0 0 0 0 0 0 0 0.0
71000 72000 2 1 70 3939 200 249857 667 312 490 251 2300 2300 2300 0 128 128 128 0 1 1 1.0
72000 73000 2 1 107 5840 323 405216 684 310 497 264 0 0 0 0 0 0 0 0 0 0 0.0
73000 74000 2 1 31 2240 76 93559 688 110 399 408 0 0 0 0 0 0 0 0 0 0 1.0
74000 75000 2 1 114 8394 336 413815 886 110 498 549 3000 3000 3000 0 128 128 128 0 2 2 0.0
75000 76000 2 1 130 7522 384 482419 886 108 497 550 3000 3000 3000 0 128 128 128 0 1 1 1.0
76000 77000 2 1 138 6196 407 513102 889 108 498 551 0 0 0 0 0 0 0 0 0 0 0.0
77000 78000 2 1 82 5543 213 262797 890 108 499 552 3000 3000 3000 0 128 128 128 0 1 1 1.0
78000 79000 2 1 142 6550 402 506819 888 106 497 553 0 0 0 0 0 0 0 0 0 0 0.0
79000 80000 2 1 58 4376 172 211647 892 103 497 558 3000 3000 3000 0 128 128 128 0 1 1 1.0
80000 81000 2 1 141 6432 409 514354 896 100 498 563 0 0 0 0 0 0 0 0 0 0 0.0
81000 82000 2 1 70 4894 198 246480 896 97 497 564 3000 3000 3000 0 128 128 128 0 1 1 1.0
82000 83000 2 1 145 6574 403 506172 896 96 496 565 0 0 0 0 0 0 0 0 0 0 0.0
83000 84000 2 1 73 5055 218 273015 903 95 499 571 3000 3000 3000 0 128 128 128 0 1 1 1.0
84000 85000 2 1 143 6434 412 517833 899 92 496 570 0 0 0 0 0 0 0 0 0 0 0.0
85000 86000 2 1 86 5650 230 285945 902 90 496 574 3000 3000 3000 0 128 128 128 0 1 1 1.0
86000 87000 2 1 137 6187 393 495323 906 89 497 577 0 0 0 0 0 0 0 0 0 0 0.0
87000 88000 2 1 43 3798 122 148659 903 89 496 575 3000 3000 3000 0 128 128 128 0 1 1 1.0
88000 89000 2 1 95 4283 258 324044 905 86 496 579 0 0 0 0 0 0 0 0 0 0 0.0
89000 90000 2 1 135 7810 426 534713 912 82 497 586 3000 3000 3000 0 128 128 128 0 1 1 1.0
90000 91000 2 1 148 6657 412 518583 916 82 499 589 0 0 0 0 0 0 0 0 0 0 0.0
91000 92000 2 1 79 5380 217 268716 916 81 499 590 3000 3000 3000 0 128 128 128 0 1 1 1.0
92000 93000 2 1 129 5879 364 458529 916 79 497 591 0 0 0 0 0 0 0 0 0 0 0.0
93000 94000 2 1 89 5762 262 327259 919 77 498 595 3000 3000 3000 0 128 128 128 0 1 1 1.0
94000 95000 2 1 139 6270 387 487287 921 74 498 599 0 0 0 0 0 0 0 0 0 0 0.0
95000 96000 2 1 91 5907 267 332276 923 70 496 603 3000 3000 3000 0 128 128 128 0 1 1 1.0
96000 97000 2 1 119 5349 335 421916 929 68 498 608 0 0 0 0 0 0 0 0 0 0 0.0
97000 98000 2 1 90 5876 255 316358 929 68 498 608 3000 3000 3000 0 128 128 128 0 1 1 1.0
98000 99000 2 1 156 7731 437 549862 930 66 498 611 0 0 0 0 128 128 128 0 0 1 0.0
99000 100000 2 1 141 7575 412 518479 933 66 499 613 3000 3000 3000 0 0 0 0 0 1 0 1.0
100000 101000 2 1 115 7260 335 419209 931 62 497 614 3000 3000 3000 0 128 128 128 0 1 1 0.0
101000 102000 2 1 147 7426 435 551276 937 62 499 618 0 0 0 0 0 0 0 0 0 0 1.0
102000 103000 2 1 144 7911 428 538856 937 55 496 624 3000 3000 3000 0 128 128 128 0 1 1 0.0
103000 104000 1 1 106 5461 282 353541 702 702 702 0 0 0 0 0 0 0 0 0 0 0 1.0
104000 105000 1 1 131 7433 393 495217 968 968 968 0 3000 3000 3000 0 128 128 128 0 1 1 0.0
105000 106000 2 1 101 7262 290 361097 966 30 498 662 3000 3000 3000 0 128 128 128 0 1 1 1.0
106000 107000 2 1 142 6479 426 536493 961 28 495 660 0 0 0 0 0 0 0 0 0 0 0.0
107000 108000 2 1 102 7416 274 339546 959 32 496 655 3000 3000 3000 0 0 0 0 0 1 0 1.0
108000 109000 2 1 148 6888 442 556892 959 35 497 653 0 0 0 0 128 128 128 0 0 1 0.0
109000 110000 2 1 31 3427 57 68850 958 39 498 650 0 0 0 0 0 0 0 0 0 0 1.0
110000 111000 2 1 133 6119 419 525911 929 31 480 634 3000 3000 3000 0 128 128 128 0 1 1 0.0
111000 112000 2 1 109 6953 308 383984 927 67 497 608 3000 3000 3000 0 128 128 128 0 1 1 1.0
112000 113000 2 1 143 6611 429 540462 926 71 499 604 0 0 0 0 0 0 0 0 0 0 0.0
113000 114000 2 1 68 4985 206 255813 925 66 496 607 3000 3000 3000 0 128 128 128 0 1 1 1.0
114000 115000 2 1 143 6667 412 520470 919 72 495 599 0 0 0 0 0 0 0 0 0 0 0.0
115000 116000 2 1 28 2005 51 59352 592 76 334 364 0 0 0 0 0 0 0 0 0 0 1.0
116000 117000 0 0 0 0 0 0 0 0 0 0 0 0 0 0 0 0 0 0 0 0 
117000 118000 1 1 48 3234 156 196090 386 386 386 0 3000 3000 3000 0 128 128 128 0 1 1 1.0
118000 119000 2 1 133 8516 416 521838 608 385 496 157 0 0 0 0 128 128 128 0 0 1 0.0
119000 120000 2 1 150 8758 429 540926 610 384 497 160 3000 3000 3000 0 128 128 128 0 1 1 1.0
120000 121000 2 1 149 7982 416 523906 615 378 497 167 3000 3000 3000 0 0 0 0 0 1 0 0.0
121000 122000 2 1 142 7366 422 530646 620 376 498 172 0 0 0 0 128 128 128 0 0 1 1.0
122000 123000 2 1 134 7045 384 483583 619 368 494 178 3000 3000 3000 0 0 0 0 0 1 0 0.0
123000 124000 2 1 78 4485 200 249868 628 364 496 186 0 0 0 0 0 0 0 0 0 0 1.0
124000 125000 2 1 60 4294 162 199691 620 359 489 184 3000 3000 3000 0 128 128 128 0 1 1 0.0
125000 126000 2 1 139 7262 422 531213 640 354 497 202 0 0 0 0 128 128 128 0 0 1 1.0
126000 127000 2 1 135 7256 402 504631 641 352 496 204 3000 3000 3000 0 0 0 0 0 1 0 0.0
127000 128000 2 1 140 7303 398 500665 646 347 496 211 3000 3000 3000 0 128 128 128 0 1 1 1.0
128000 129000 2 1 121 6686 352 440824 647 345 496 213 0 0 0 0 0 0 0 0 0 0 0.0
129000 130000 2 1 88 4874 242 301965 612 336 474 195 3000 3000 3000 0 128 128 128 0 1 1 1.0
130000 131000 2 1 121 6601 361 451439 659 336 497 228 0 0 0 0 0 0 0 0 0 0 0.0
131000 132000 2 1 132 6953 373 467892 659 335 497 228 3000 3000 3000 0 128 128 128 0 1 1 1.0
132000 133000 2 1 114 6360 338 425146 660 331 496 232 0 0 0 0 0 0 0 0 0 0 0.0
133000 134000 2 1 73 4302 194 243753 611 259 435 248 3000 3000 3000 0 128 128 128 0 1 1 1.0
134000 135000 2 1 118 7392 337 421578 737 258 498 338 0 0 0 0 0 0 0 0 0 0 0.0
135000 136000 2 1 96 5854 289 361847 738 254 496 342 3000 3000 3000 0 128 128 128 0 1 1 1.0
136000 137000 2 1 132 6426 374 470898 742 250 496 347 0 0 0 0 0 0 0 0 0 0 0.0
137000 138000 2 1 100 6130 251 311968 746 246 496 353 3000 3000 3000 0 128 128 128 0 1 1 1.0
138000 139000 2 1 124 6091 352 441349 752 241 497 361 0 0 0 0 0 0 0 0 0 0 0.0
139000 140000 2 1 93 5800 267 332979 756 241 499 364 3000 3000 3000 0 128 128 128 0 1 1 1.0
140000 141000 2 1 124 6083 372 469112 749 241 495 359 0 0 0 0 0 0 0 0 0 0 0.0
141000 142000 2 1 90 5621 268 335271 757 239 498 366 3000 3000 3000 0 128 128 128 0 1 1 1.0
142000 143000 2 1 125 6084 354 445155 755 238 497 365 0 0 0 0 0 0 0 0 0 0 0.0
143000 144000 2 1 87 5493 267 331795 755 238 497 365 3000 3000 3000 0 128 128 128 0 1 1 1.0
144000 145000 2 1 128 6310 368 462577 761 236 498 371 0 0 0 0 0 0 0 0 0 0 0.0
145000 146000 2 1 77 5224 216 268076 761 235 498 372 3000 3000 3000 0 128 128 128 0 1 1 1.0
146000 147000 2 1 148 7477 454 571598 763 230 496 377 0 0 0 0 128 128 128 0 0 1 0.0
147000 148000 2 1 151 8361 432 544099 767 228 498 381 3000 3000 3000 0 0 0 0 0 1 0 1.0
148000 149000 2 1 153 8840 437 549143 770 225 497 385 3000 3000 3000 0 128 128 128 0 1 1 0.0
149000 150000 2 1 149 8258 426 538444 769 223 496 386 0 0 0 0 128 128 128 0 0 1 1.0
150000 151000 2 1 146 8813 396 496582 774 219 496 392 3000 3000 3000 0 0 0 0 0 1 0 0.0
151000 152000 2 1 115 6802 312 390942 776 197 486 409 3000 3000 3000 0 128 128 128 0 1 1 1.0
152000 153000 2 1 139 6523 404 511560 799 196 497 426 0 0 0 0 0 0 0 0 0 0 0.0
153000 154000 2 1 76 4210 200 250222 669 174 421 350 0 0 0 0 0 0 0 0 0 0 1.0
154000 155000 2 1 102 6250 293 364819 821 173 497 457 3000 3000 3000 0 128 128 128 0 1 1 0.0
155000 156000 2 1 138 7924 398 499151 821 172 496 458 3000 3000 3000 0 128 128 128 0 1 1 1.0
156000 157000 2 1 131 6191 394 496332 825 171 498 462 0 0 0 0 0 0 0 0 0 0 0.0
157000 158000 2 1 75 5094 214 265645 825 170 498 462 3000 3000 3000 0 128 128 128 0 1 1 1.0
158000 159000 2 1 127 6217 344 431815 828 164 496 469 0 0 0 0 0 0 0 0 0 0 0.0
159000 160000 2 1 97 6118 264 329098 830 164 497 470 3000 3000 3000 0 128 128 128 0 1 1 1.0
160000 161000 2 1 141 6700 397 498611 831 161 496 473 0 0 0 0 0 0 0 0 0 0 0.0
161000 162000 2 1 90 5800 251 312256 833 160 496 475 3000 3000 3000 0 128 128 128 0 1 1 1.0
162000 163000 2 1 133 6351 383 482666 838 154 496 483 0 0 0 0 0 0 0 0 0 0 0.0
163000 164000 2 1 80 5303 233 290430 839 153 496 485 3000 3000 3000 0 128 128 128 0 1 1 1.0
164000 165000 2 1 138 6581 403 508541 846 151 498 491 0 0 0 0 0 0 0 0 0 0 0.0
165000 166000 2 1 74 5051 216 270023 844 148 496 492 3000 3000 3000 0 128 128 128 0 1 1 1.0
166000 167000 2 1 133 6233 369 464035 823 146 484 478 0 0 0 0 0 0 0 0 0 0 0.0
167000 168000 2 1 94 6069 270 336465 850 146 498 497 3000 3000 3000 0 128 128 128 0 1 1 1.0
168000 169000 2 1 137 6460 400 502933 852 141 496 502 0 0 0 0 0 0 0 0 0 0 0.0
169000 170000 2 1 78 5287 224 279904 853 139 496 505 3000 3000 3000 0 128 128 128 0 1 1 1.0
170000 171000 2 1 139 6576 383 480774 859 137 498 510 0 0 0 0 0 0 0 0 0 0 0.0
171000 172000 2 1 65 4672 194 241118 860 135 498 512 3000 3000 3000 0 128 128 128 0 1 1 1.0
172000 173000 2 1 136 6310 398 502543 864 128 496 520 0 0 0 0 0 0 0 0 0 0 0.0
173000 174000 2 1 63 4616 195 241676 871 125 498 527 3000 3000 3000 0 128 128 128 0 1 1 1.0
174000 175000 2 1 139 6534 400 503487 873 125 499 528 0 0 0 0 0 0 0 0 0 0 0.0
175000 176000 2 1 64 4703 145 179201 819 46 433 546 3000 3000 3000 0 128 128 128 0 1 1 1.0
176000 177000 2 1 144 6560 439 553957 952 44 498 642 0 0 0 0 0 0 0 0 0 0 0.0
177000 178000 2 1 110 6993 304 377563 953 41 497 644 3000 3000 3000 0 128 128 128 0 1 1 1.0
178000 179000 2 1 146 6695 419 526819 954 37 496 648 0 0 0 0 0 0 0 0 0 0 0.0
179000 180000 2 1 59 4665 174 215371 961 33 497 656 3000 3000 3000 0 128 128 128 0 1 1 1.0
180000 181000 2 1 146 6622 416 525889 962 30 496 658 0 0 0 0 0 0 0 0 0 0 0.0
181000 182000 2 1 76 5499 202 248360 968 29 498 663 3000 3000 3000 0 128 128 128 0 1 1 1.0
182000 183000 2 1 132 5942 389 490509 966 25 496 665 0 0 0 0 0 0 0 0 0 0 0.0
183000 184000 2 1 64 4881 191 236651 970 23 496 669 3000 3000 3000 0 128 128 128 0 1 1 1.0
184000 185000 2 1 131 5905 378 476819 975 22 499 673 0 0 0 0 0 0 0 0 0 0 0.0
185000 186000 2 1 81 5623 231 286088 976 16 496 678 3000 3000 3000 0 128 128 128 0 1 1 1.0
186000 187000 2 1 120 5375 346 435734 982 9 496 687 0 0 0 0 0 0 0 0 0 0 0.0
187000 188000 2 1 75 5410 217 269275 984 8 496 690 3000 3000 3000 0 128 128 128 0 1 1 1.0
188000 189000 2 1 147 6599 428 540270 991 2 496 699 0 0 0 0 0 0 0 0 0 0 0.0
189000 190000 2 1 95 6269 287 356892 995 2 498 702 3000 3000 3000 0 128 128 128 0 1 1 1.0
190000 191000 1 1 152 7633 417 526392 993 993 993 0 0 0 0 0 128 128 128 0 0 1 0.0
191000 192000 1 1 147 7958 428 540318 995 995 995 0 3000 3000 3000 0 0 0 0 0 1 0 1.0
192000 193000 1 1 67 3005 181 225811 446 446 446 0 0 0 0 0 0 0 0 0 0 0 0.0
193000 194000 1 1 42 2960 121 151412 390 390 390 0 3000 3000 3000 0 128 128 128 0 1 1 1.0
194000 195000 2 1 124 7774 364 455423 606 387 496 155 0 0 0 0 128 128 128 0 0 1 0.0
195000 196000 2 1 151 7899 444 558905 612 385 498 160 3000 3000 3000 0 0 0 0 0 1 0 1.0
196000 197000 2 1 150 7684 429 539712 608 384 496 158 3000 3000 3000 0 128 128 128 0 1 1 0.0
197000 198000 2 1 149 8078 430 539251 615 384 499 163 0 0 0 0 0 0 0 0 0 0 1.0
198000 199000 2 1 147 7708 424 533868 611 381 496 162 3000 3000 3000 0 128 128 128 0 1 1 0.0
199000 200000 2 1 135 6983 385 482958 617 376 496 170 3000 3000 3000 0 0 0 0 0 1 0 1.0
200000 201000 2 1 109 6006 314 392477 623 372 497 177 0 0 0 0 128 128 128 0 0 1 0.0
201000 202000 2 1 92 4990 258 323209 609 334 471 194 0 0 0 0 0 0 0 0 0 0 1.0
202000 203000 2 1 99 5634 291 364984 665 330 497 236 3000 3000 3000 0 128 128 128 0 1 1 0.0
203000 204000 1 1 93 4707 251 313594 660 660 660 0 0 0 0 0 0 0 0 0 0 0 1.0
204000 205000 1 1 131 7227 412 519755 965 965 965 0 3000 3000 3000 0 128 128 128 0 1 1 0.0
205000 206000 2 1 125 7672 331 413316 964 30 497 660 3000 3000 3000 0 128 128 128 0 1 1 1.0
206000 207000 2 1 139 6440 414 524748 962 35 499 655 0 0 0 0 0 0 0 0 0 0 0.0
207000 208000 2 1 81 5701 225 277364 958 35 496 653 3000 3000 3000 0 128 128 128 0 1 1 1.0
208000 209000 2 1 146 6607 421 530787 956 38 497 648 0 0 0 0 0 0 0 0 0 0 0.0
209000 210000 2 1 39 3752 120 148026 955 39 497 647 3000 3000 3000 0 128 128 128 0 1 1 1.0
210000 211000 2 1 147 6805 429 541490 955 36 495 649 0 0 0 0 0 0 0 0 0 0 0.0
211000 212000 2 1 103 6634 286 356089 952 43 497 643 3000 3000 3000 0 128 128 128 0 1 1 1.0
212000 213000 2 1 145 6580 425 538184 947 46 497 637 0 0 0 0 0 0 0 0 0 0 0.0
213000 214000 2 1 64 5544 181 220121 947 47 497 636 3000 3000 3000 0 128 128 128 0 1 1 1.0
214000 215000 2 1 151 7001 423 533749 942 51 496 630 0 0 0 0 0 0 0 0 0 0 0.0
215000 216000 2 1 81 5595 226 279392 939 56 497 624 3000 3000 3000 0 128 128 128 0 1 1 1.0
216000 217000 2 1 147 6697 424 533283 933 59 496 618 0 0 0 0 0 0 0 0 0 0 0.0
217000 218000 2 1 69 5042 190 233173 929 66 498 610 3000 3000 3000 0 128 128 128 0 1 1 1.0
218000 219000 2 1 146 6737 407 512634 928 69 498 607 0 0 0 0 0 0 0 0 0 0 0.0
219000 220000 2 1 73 5182 221 271191 925 66 496 607 3000 3000 3000 0 128 128 128 0 1 1 1.0
220000 221000 2 1 136 6231 412 519728 919 73 496 597 0 0 0 0 0 0 0 0 0 0 0.0
221000 222000 2 1 73 5217 205 253881 918 79 498 593 3000 3000 3000 0 128 128 128 0 1 1 1.0
222000 223000 2 1 144 6671 417 525289 913 81 497 588 0 0 0 0 0 0 0 0 0 0 0.0
223000 224000 2 1 37 3585 104 126300 913 79 496 590 3000 3000 3000 0 128 128 128 0 1 1 1.0
224000 225000 2 1 142 6549 398 501171 907 85 496 581 0 0 0 0 0 0 0 0 0 0 0.0
225000 226000 2 1 103 6477 299 365911 901 90 496 573 3000 3000 3000 0 128 128 128 0 1 1 1.0
226000 227000 2 1 146 6756 399 500574 899 93 496 569 0 0 0 0 0 0 0 0 0 0 0.0
227000 228000 2 1 72 5098 211 263368 894 99 496 561 3000 3000 3000 0 128 128 128 0 1 1 1.0
228000 229000 2 1 134 6292 388 488968 893 101 497 559 0 0 0 0 0 0 0 0 0 0 0.0
229000 230000 2 1 99 6264 297 372459 892 103 497 557 3000 3000 3000 0 128 128 128 0 1 1 1.0
230000 231000 2 1 124 5779 347 437570 889 105 497 554 0 0 0 0 0 0 0 0 0 0 0.0
231000 232000 2 1 88 5762 250 309969 883 107 495 549 3000 3000 3000 0 128 128 128 0 1 1 1.0
232000 233000 2 1 140 6470 387 486387 880 113 497 542 0 0 0 0 0 0 0 0 0 0 0.0
233000 234000 2 1 61 3590 170 213492 388 67 227 226 3000 3000 3000 0 128 128 128 0 1 1 1.0
234000 235000 2 1 122 7089 337 422954 605 376 490 161 0 0 0 0 0 0 0 0 0 0 0.0
235000 236000 2 1 113 6221 322 404182 611 328 469 199 3000 3000 3000 0 128 128 128 0 1 1 1.0
236000 237000 2 1 142 8487 417 523411 666 327 496 240 0 0 0 0 128 128 128 0 0 1 0.0
237000 238000 2 1 156 8507 420 527986 672 320 496 248 3000 3000 3000 0 0 0 0 0 1 0 1.0
238000 239000 1 1 58 2601 151 190598 380 380 380 0 0 0 0 0 0 0 0 0 0 0 0.0
239000 240000 1 1 53 3525 157 197592 388 388 388 0 3000 3000 3000 0 128 128 128 0 1 1 1.0
240000 241000 2 1 139 8573 407 511942 608 384 496 158 0 0 0 0 128 128 128 0 0 1 0.0
241000 242000 2 1 150 7959 409 512809 612 384 498 161 3000 3000 3000 0 0 0 0 0 1 0 1.0
242000 243000 2 1 127 6600 318 397498 614 374 494 170 0 0 0 0 128 128 128 0 0 1 0.0
243000 244000 2 1 102 5554 279 349702 623 371 497 177 3000 3000 3000 0 0 0 0 0 1 0 1.0
244000 245000 2 1 142 7718 411 517359 625 369 497 180 3000 3000 3000 0 128 128 128 0 1 1 0.0
245000 246000 2 1 146 8192 417 528045 624 367 495 181 0 0 0 0 128 128 128 0 0 1 1.0
246000 247000 2 1 150 8318 444 561281 631 364 497 189 3000 3000 3000 0 0 0 0 0 1 0 0.0
247000 248000 2 1 146 7486 417 524570 631 363 497 189 3000 3000 3000 0 128 128 128 0 1 1 1.0
248000 249000 2 1 120 6530 342 429572 631 361 496 191 0 0 0 0 0 0 0 0 0 0 0.0
249000 250000 2 1 93 5079 253 316902 612 330 471 199 0 0 0 0 0 0 0 0 0 0 1.0
250000 251000 2 1 100 5634 292 363950 668 323 496 243 3000 3000 3000 0 128 128 128 0 1 1 0.0
251000 252000 1 1 78 3916 217 271842 671 671 671 0 0 0 0 0 0 0 0 0 0 0 1.0
252000 253000 1 1 116 6620 343 431584 964 964 964 0 3000 3000 3000 0 128 128 128 0 1 1 0.0
253000 254000 2 1 113 7078 336 419457 960 34 497 654 3000 3000 3000 0 128 128 128 0 1 1 1.0
254000 255000 2 1 148 6705 426 538032 955 37 496 649 0 0 0 0 0 0 0 0 0 0 0.0
255000 256000 2 1 60 4655 183 222688 952 42 497 644 3000 3000 3000 0 128 128 128 0 1 1 1.0
256000 257000 2 1 141 6343 416 526749 951 45 498 640 0 0 0 0 0 0 0 0 0 0 0.0
257000 258000 2 1 99 6390 285 354996 945 47 496 635 3000 3000 3000 0 128 128 128 0 1 1 1.0
258000 259000 2 1 146 6691 424 533798 941 52 497 628 0 0 0 0 0 0 0 0 0 0 0.0
259000 260000 2 1 82 5718 214 264679 940 52 496 627 3000 3000 3000 0 128 128 128 0 1 1 1.0
260000 261000 2 1 151 6957 416 524957 937 57 497 622 0 0 0 0 0 0 0 0 0 0 0.0
261000 262000 2 1 69 5050 191 236023 934 59 496 618 3000 3000 3000 0 128 128 128 0 1 1 1.0
262000 263000 2 1 145 6648 423 533547 929 62 495 613 0 0 0 0 0 0 0 0 0 0 0.0
263000 264000 2 1 80 5538 237 295612 929 66 497 610 3000 3000 3000 0 128 128 128 0 1 1 1.0
264000 265000 2 1 145 6674 384 485809 927 70 498 606 0 0 0 0 0 0 0 0 0 0 0.0
265000 266000 2 1 55 4372 177 219641 926 65 495 609 3000 3000 3000 0 128 128 128 0 1 1 1.0
266000 267000 2 1 141 6488 416 522747 921 72 496 600 0 0 0 0 0 0 0 0 0 0 0.0
267000 268000 2 1 77 5395 212 261720 917 76 497 594 3000 3000 3000 0 128 128 128 0 1 1 1.0
268000 269000 2 1 145 6700 420 529992 914 77 496 591 0 0 0 0 0 0 0 0 0 0 0.0
269000 270000 2 1 71 5039 214 264935 910 83 496 584 3000 3000 3000 0 128 128 128 0 1 1 1.0
270000 271000 2 1 140 6546 398 502473 907 87 497 579 0 0 0 0 0 0 0 0 0 0 0.0
271000 272000 2 1 76 5395 178 219455 906 86 496 579 3000 3000 3000 0 128 128 128 0 1 1 1.0
272000 273000 2 1 137 6255 416 524955 905 91 498 575 0 0 0 0 0 0 0 0 0 0 0.0
273000 274000 2 1 86 5748 254 315987 900 92 496 570 3000 3000 3000 0 128 128 128 0 1 1 1.0
274000 275000 2 1 142 6579 384 481325 892 94 493 564 0 0 0 0 0 0 0 0 0 0 0.0
275000 276000 1 1 46 2881 141 175965 390 390 390 0 3000 3000 3000 0 128 128 128 0 1 1 1.0
276000 277000 2 1 132 7212 381 476514 609 390 499 155 0 0 0 0 0 0 0 0 0 0 0.0
277000 278000 2 1 114 5950 325 407465 389 388 389 0 3000 3000 3000 0 128 128 128 0 1 1 1.0
278000 279000 2 1 116 6737 333 417076 610 387 499 157 0 0 0 0 0 0 0 0 0 0 0.0
279000 280000 2 1 96 5236 260 324529 610 328 469 199 3000 3000 3000 0 128 128 128 0 1 1 1.0
280000 281000 2 1 124 7251 355 442511 666 327 496 239 0 0 0 0 0 0 0 0 0 0 0.0
281000 282000 2 1 95 5688 261 326299 671 301 486 261 3000 3000 3000 0 128 128 128 0 1 1 1.0
282000 283000 2 1 118 5526 353 442883 697 300 499 280 0 0 0 0 0 0 0 0 0 0 0.0
283000 284000 2 1 96 5222 268 334593 693 293 493 282 3000 3000 3000 0 128 128 128 0 1 1 1.0
284000 285000 2 1 124 7262 355 446501 700 291 496 288 0 0 0 0 0 0 0 0 0 0 0.0
285000 286000 2 1 95 5757 238 296527 688 285 486 284 3000 3000 3000 0 128 128 128 0 1 1 1.0
286000 287000 2 1 130 6440 351 440192 710 285 497 300 0 0 0 0 0 0 0 0 0 0 0.0
287000 288000 2 1 86 5494 251 315262 687 274 480 291 3000 3000 3000 0 128 128 128 0 1 1 1.0
288000 289000 2 1 138 7031 424 535880 725 270 497 321 0 0 0 0 128 128 128 0 0 1 0.0
289000 290000 2 1 144 7877 413 519341 729 269 499 324 3000 3000 3000 0 0 0 0 0 1 0 1.0
290000 291000 2 1 151 8033 429 538833 729 269 499 324 3000 3000 3000 0 128 128 128 0 1 1 0.0
291000 292000 2 1 142 7463 408 511124 725 267 496 323 3000 3000 3000 0 0 0 0 0 1 0 1.0
292000 293000 2 1 123 7291 345 429970 726 267 496 324 0 0 0 0 128 128 128 0 0 1 0.0
293000 294000 1 1 113 5625 296 371245 708 708 708 0 0 0 0 0 0 0 0 0 0 0 1.0
294000 295000 1 1 135 7385 418 526477 970 970 970 0 3000 3000 3000 0 128 128 128 0 1 1 0.0
295000 296000 2 1 127 8487 357 442771 968 25 497 666 3000 3000 3000 0 0 0 0 0 1 0 1.0
296000 297000 2 1 149 6704 428 536707 967 29 498 663 0 0 0 0 128 128 128 0 0 1 0.0
297000 298000 2 1 13 2623 14 15908 967 24 495 666 0 0 0 0 0 0 0 0 0 0 1.0
298000 299000 2 1 133 6132 405 509958 943 30 487 645 3000 3000 3000 0 128 128 128 0 1 1 0.0
299000 300000 2 1 112 7006 316 392491 939 52 496 627 3000 3000 3000 0 128 128 128 0 1 1 1.0
300000 301000 1 1 6 406 17 22175 57 57 57 0 0 0 0 0 0 0 0 0 0 0 0.0
