ts te nbins ncons c_pkts_all c_bytes_all s_pkts_all s_bytes_all max_bin_duration min_bin_duration avg_bin_duration std_bin_duration max_video_rate min_video_rate avg_video_rate std_video_rate max_audio_rate min_audio_rate avg_audio_rate std_audio_rate video_reqs audio_reqs media_reqs
0.0 2000.0 0 0 0.0 0.0 0.0 0.0 0.0 0.0 0.0 0.0 0.0 0.0 0.0 0.0 0.0 0.0 0.0 0.0 0 0 
2000.0 4000.0 0 0 0.0 0.0 0.0 0.0 0.0 0.0 0.0 0.0 0.0 0.0 0.0 0.0 0.0 0.0 0.0 0.0 0 0 
4000.0 6000.0 0 0 0.0 0.0 0.0 0.0 0.0 0.0 0.0 0.0 0.0 0.0 0.0 0.0 0.0 0.0 0.0 0.0 0 0 
6000.0 8000.0 1 1 89.0088852182457 9655.562146922857 205.40511973441315 286861.1826240542 757.680908203125 757.680908203125 757.680908203125 0.0 1500.0 1500.0 1500.0 0.0 128.0 128.0 128.0 0.0 2 3 1.0
8000.0 10000.0 3 1 196.70808677877318 13766.406686711032 304.2448467507286 434783.7089045888 999.3170000000391 238.2720917968545 663.6150651041729 388.360624807808 840.0 840.0 840.0 0.0 128.0 128.0 128.0 0.0 2 2 1.0
10000.0 12000.0 3 1 161.78017737744742 12208.232563321915 258.9700449201743 373984.58396001067 990.6759999999776 234.72689648438245 656.1259980468894 385.3853089490219 480.0 480.0 480.0 0.0 128.0 128.0 128.0 0.0 2 2 1.0
12000.0 14000.0 3 1 139.9018219059024 10209.933193608254 206.5258951509974 294840.28983248654 999.0910000000149 256.969902343757 664.5849980468823 376.42347906093903 480.0 480.0 480.0 0.0 128.0 128.0 128.0 0.0 2 2 1.0
14000.0 16000.0 3 1 141.20474920735344 8508.348036169735 211.40330994648303 303352.5696971726 994.8910000000033 256.37990820314735 651.9060579427169 372.0485076643644 480.0 480.0 480.0 0.0 128.0 128.0 128.0 0.0 2 2 1.0
16000.0 18000.0 3 1 126.41267682124078 9131.673803909003 205.2220618935433 289550.9112604328 998.1010000000242 283.93373437499395 654.761333984381 357.87625052875984 480.0 480.0 480.0 0.0 128.0 128.0 128.0 0.0 2 2 1.0
18000.0 20000.0 3 1 114.76362000593437 7345.667201369632 167.60207802352332 233532.1807893712 987.6109999999753 294.24373242189176 652.3028958333307 347.24307042725064 480.0 480.0 480.0 0.0 128.0 128.0 128.0 0.0 1 1 1.0
20000.0 22000.0 3 1 137.8026559263726 9826.409348755433 218.6797871041053 311485.2876637615 996.3339999999735 320.64304492186056 660.6087220051946 337.86543539094936 480.0 480.0 480.0 0.0 128.0 128.0 128.0 0.0 2 2 1.0
22000.0 24000.0 3 1 192.57290013375592 13281.078032257832 348.6268885510781 492609.03479758545 998.8759999999893 327.7838789062225 657.2582897135289 335.71081832466024 480.0 480.0 480.0 0.0 128.0 128.0 128.0 0.0 3 2 1.0
24000.0 26000.0 3 1 61.8444266249742 5048.688986974306 96.31996792495356 127440.25047053627 345.394009765645 147.3740000000107 257.6296699218995 100.90775992662047 0.0 0.0 0.0 0.0 0.0 0.0 0.0 0.0 0 0 1.0
26000.0 28000.0 1 1 39.47583857699003 4015.1083184228014 70.64097429566635 98052.78883595677 515.98193359375 515.98193359375 515.98193359375 0.0 840.0 840.0 840.0 0.0 128.0 128.0 128.0 0.0 2 2 1.0
28000.0 30000.0 3 1 213.4922804668815 14107.415058097826 372.7315060792301 535645.643307706 999.6070000000182 477.4010664062225 662.9099967447886 292.09268103520276 840.0 840.0 840.0 0.0 128.0 128.0 128.0 0.0 2 2 1.0
30000.0 32000.0 3 1 168.72609786119924 11191.265606763413 275.0302272359312 389479.0819871975 999.6719999999623 488.2330761718913 664.8947910156179 290.0738273562485 840.0 840.0 840.0 0.0 128.0 128.0 128.0 0.0 1 1 1.0
32000.0 34000.0 2 1 94.43470197430378 5720.644219892015 159.9115760918902 223107.55482293217 512.1840820311918 476.4907031250186 494.3373925781052 25.23903026801592 840.0 840.0 840.0 0.0 128.0 128.0 128.0 0.0 1 1 1.0
34000.0 36000.0 3 1 130.69354828173923 8725.499943135857 206.34781466874523 289519.3313013733 997.7540000000154 472.544921875 651.4552799479376 299.95881672452447 840.0 840.0 840.0 0.0 128.0 128.0 128.0 0.0 1 1 1.0
36000.0 38000.0 3 1 156.36573351796358 9485.1863702409 237.42007624126924 335796.6698259531 954.1260000000475 460.885986328125 647.322688151054 267.74524903094846 840.0 840.0 840.0 0.0 128.0 128.0 128.0 0.0 1 1 1.0
38000.0 40000.0 2 1 58.811799320922624 3481.880483447191 92.91782538726768 128494.92991888111 538.6410136718769 115.64500000001863 327.14300683594774 299.1033496822485 0.0 0.0 0.0 0.0 0.0 0.0 0.0 0.0 0 0 0.0
40000.0 42000.0 2 1 152.0 10266.0 343.0 486035.0 998.7619999999879 251.8400000000256 625.3010000000068 528.1536112173918 840.0 840.0 840.0 0.0 128.0 128.0 128.0 0.0 2 2 1.0
42000.0 44000.0 1 1 59.33634890216358 4408.0661302844155 145.21790652371612 204595.89496896893 514.050048828125 514.050048828125 514.050048828125 0.0 1500.0 1500.0 1500.0 0.0 128.0 128.0 128.0 0.0 2 2 1.0
44000.0 46000.0 3 1 115.28870701248792 8099.968246276515 261.25948481039313 368870.76562936837 993.3539999999921 451.573974609375 639.498975260416 306.644710778746 1500.0 1500.0 1500.0 0.0 128.0 128.0 128.0 0.0 1 1 1.0
46000.0 48000.0 3 1 136.59726631882555 8806.943409850372 302.29724949195804 428079.6975596212 994.4799999999814 428.705078125 657.1070345052091 298.2135580020549 2300.0 2300.0 2300.0 0.0 128.0 128.0 128.0 0.0 2 2 1.0
48000.0 50000.0 3 1 290.06156070384213 16833.110480579482 697.6448197692965 1006235.3008836131 999.9739999999874 421.18603515625 663.784319010408 300.53018030691857 2300.0 2300.0 2300.0 0.0 128.0 128.0 128.0 0.0 1 1 1.0
50000.0 52000.0 3 1 164.71611706268087 9490.911733009218 395.58053940463617 566430.3409584286 998.880999999994 73.34096484375186 387.78298828124144 529.3011153460798 2300.0 2300.0 2300.0 0.0 128.0 128.0 128.0 0.0 1 1 1.0
52000.0 54000.0 1 1 69.96526271979637 4255.534214839379 162.05189527011657 231954.3950336496 513.0629882811918 513.0629882811918 513.0629882811918 0.0 2300.0 2300.0 2300.0 0.0 128.0 128.0 128.0 0.0 1 1 1.0
54000.0 56000.0 3 1 172.71557059181535 10641.38632773774 369.55001440232695 526146.3567305022 994.5029999999679 385.697265625 621.4800924479301 326.78316261836375 2300.0 2300.0 2300.0 0.0 128.0 128.0 128.0 0.0 1 1 1.0
56000.0 58000.0 3 1 340.6463868208048 20747.610730021406 696.0244660719668 993188.8306825451 999.902999999933 381.906982421875 664.5302389322702 312.356610477292 2300.0 2300.0 2300.0 0.0 128.0 128.0 128.0 0.0 1 1 1.0
58000.0 60000.0 3 1 275.7216284846292 15849.775075681544 615.5007655556435 885086.6710226547 997.3020000000251 379.277099609375 663.7847057291656 311.9137004448779 3000.0 3000.0 3000.0 0.0 128.0 128.0 128.0 0.0 2 2 1.0
60000.0 62000.0 3 1 336.3894807386988 18169.57697723711 745.7788268653337 1077682.4781534486 999.5339999999269 375.4418945311918 664.3139316405674 314.61697987817155 3000.0 3000.0 3000.0 0.0 128.0 128.0 128.0 0.0 2 1 1.0
62000.0 64000.0 3 1 245.9974749210196 13685.09745887698 515.0592008147516 738984.1785044617 928.3629999999539 334.0620117186918 628.9220390624832 297.17697569371603 0.0 0.0 0.0 0.0 128.0 128.0 128.0 0.0 0 1 1.0
64000.0 66000.0 3 1 231.45173575985396 13111.99701129217 504.7295825478244 725147.7136257301 999.9670000000042 328.966064453125 663.4680175781444 335.50492540454024 3000.0 3000.0 3000.0 0.0 128.0 128.0 128.0 0.0 1 1 1.0
66000.0 68000.0 3 1 256.3571022187545 14198.380536674347 588.5885263251562 851419.6956897376 999.0289999999804 328.611083984375 664.5213398437481 335.2111588009962 3000.0 3000.0 3000.0 0.0 128.0 128.0 128.0 0.0 2 2 1.0
68000.0 70000.0 3 1 237.95571615009936 13057.910462641104 516.7412976552253 741069.080126593 917.6209999999264 237.784912109375 608.7852760416378 344.154919254255 3000.0 3000.0 3000.0 0.0 128.0 128.0 128.0 0.0 1 1 1.0
70000.0 72000.0 3 1 286.92696958781767 16731.849838573373 647.7154933250926 929324.1803768283 997.0219999999972 236.616943359375 664.7593437499987 389.16404836972134 3000.0 3000.0 3000.0 0.0 128.0 128.0 128.0 0.0 1 1 1.0
72000.0 74000.0 3 1 217.76285288711207 11622.685913930662 462.8050529311424 664555.0408513431 998.9529999999795 232.632080078125 664.2607122395808 392.2491927676201 3000.0 3000.0 3000.0 0.0 128.0 128.0 128.0 0.0 1 1 1.0
74000.0 76000.0 3 1 235.9246898203272 13278.716856158004 581.805587726464 833231.6093835015 997.9789999999921 209.5009765625 656.3106321614468 404.6176172077907 3000.0 3000.0 3000.0 0.0 128.0 128.0 128.0 0.0 1 1 1.0
76000.0 78000.0 3 1 236.25228851658957 13128.027283788673 506.00270526827035 726155.0901223848 973.1739999999991 179.9741210936918 647.0423815103908 414.9564612733592 3000.0 3000.0 3000.0 0.0 128.0 128.0 128.0 0.0 1 1 1.0
78000.0 80000.0 3 1 251.5893189496797 13621.304188317872 612.6627680327681 878345.177110723 997.9870000000228 175.1752929686918 663.9557239583422 432.6837783240623 3000.0 3000.0 3000.0 0.0 128.0 128.0 128.0 0.0 1 1 1.0
80000.0 82000.0 3 1 309.06358756188786 16524.82199011165 687.6897548167685 992991.7088798945 998.8190000000177 171.47802734375 663.8435781249815 435.5479431323105 3000.0 3000.0 3000.0 0.0 128.0 128.0 128.0 0.0 1 1 1.0
82000.0 84000.0 3 1 270.8630540475279 15070.896081334819 573.4603019439772 824736.5756831678 998.0939999999246 167.1440429686918 663.7983385416252 438.6225054944503 3000.0 3000.0 3000.0 0.0 128.0 128.0 128.0 0.0 1 1 1.0
84000.0 86000.0 2 1 181.4451363605193 9666.172239042775 385.0409164229013 552312.9228957556 784.2209570311825 514.7958984375 649.5084277343412 190.5122859531758 3000.0 3000.0 3000.0 0.0 128.0 128.0 128.0 0.0 1 1 1.0
86000.0 88000.0 3 1 290.1312849654614 16556.135298424593 658.811061305504 951868.9363096582 997.9440000000177 484.5531015624874 663.1170351562517 290.1829678861302 3000.0 3000.0 3000.0 0.0 128.0 128.0 128.0 0.0 1 1 1.0
88000.0 90000.0 3 1 297.7701434735914 15998.403325616633 705.9697999473815 1018686.9598333691 999.9020000000019 489.85799609374953 663.9883580729171 290.97524591141746 3000.0 3000.0 3000.0 0.0 128.0 128.0 128.0 0.0 1 1 1.0
90000.0 92000.0 3 1 286.9039193653261 15853.037558325745 636.9689780058897 917254.6675044012 996.9920000000275 496.881103515625 663.6453417968781 288.6866885845006 3000.0 3000.0 3000.0 0.0 128.0 128.0 128.0 0.0 1 1 1.0
92000.0 94000.0 2 1 100.06592823741279 5954.7472481208315 206.06187359733252 294493.4146348921 514.9272460936918 202.74189648439642 358.8345712890441 220.74837769582587 3000.0 3000.0 3000.0 0.0 128.0 128.0 128.0 0.0 1 1 1.0
94000.0 96000.0 3 1 326.6800867792149 19228.31944138351 703.2338020211887 1014331.6208630087 997.4550000000163 478.53275390627095 661.0008821614707 291.72562128430906 3000.0 3000.0 3000.0 0.0 128.0 128.0 128.0 0.0 1 1 1.0
96000.0 98000.0 3 1 324.54986348229676 17970.5631631481 731.3130670359071 1057363.2987896462 998.3999999999651 492.71910742187174 665.2516979166539 288.5764134271223 3000.0 3000.0 3000.0 0.0 128.0 128.0 128.0 0.0 1 1 1.0
98000.0 100000.0 3 1 150.86790492419743 8651.588558828476 331.68720262436074 475545.86016282334 989.3649999999907 458.3520507811918 646.157688151036 297.66751314628743 3000.0 3000.0 3000.0 0.0 128.0 128.0 128.0 0.0 1 1 1.0
100000.0 102000.0 3 1 312.6900810043476 18170.321814736282 719.904482306534 1041716.1149636692 999.8489999999874 450.548095703125 662.523014973946 295.32615551253645 3000.0 3000.0 3000.0 0.0 128.0 128.0 128.0 0.0 1 1 1.0
102000.0 104000.0 3 1 300.3309292749185 24066.056682187722 697.9434328013822 1001755.7595747274 998.420999999973 445.3159179686918 663.8779407551823 294.22781744026815 3000.0 3000.0 3000.0 0.0 128.0 128.0 128.0 0.0 1 1 1.0
104000.0 106000.0 3 1 288.78205261352787 16080.523900887329 648.2402596406426 935152.2565524247 998.2079999999842 342.160888671875 616.3293235677216 341.0287013865019 3000.0 3000.0 3000.0 0.0 128.0 128.0 128.0 0.0 1 1 1.0
106000.0 108000.0 3 1 322.75996031265436 18310.269278145097 667.0753354349674 959779.7736424038 996.6500000000233 331.072021484375 660.5490442708445 332.8384273742536 3000.0 3000.0 3000.0 0.0 128.0 128.0 128.0 0.0 1 1 1.0
108000.0 110000.0 3 1 244.25729235099735 13960.727757923189 603.4347550754343 870422.780339598 999.6579999999958 328.212890625 665.049289713536 335.72809783208373 3000.0 3000.0 3000.0 0.0 128.0 128.0 128.0 0.0 2 1 1.0
110000.0 112000.0 2 1 225.1822970791203 12905.562786012877 446.14879422774595 632738.8519564567 946.0380000000005 667.7541093750042 806.8960546875023 196.77642615591037 0.0 0.0 0.0 0.0 128.0 128.0 128.0 0.0 0 1 1.0
112000.0 114000.0 2 1 225.97773159192363 13955.255068254959 488.0417782972595 701394.1448356081 997.8740000000107 730.174072265625 864.0240361328179 189.29243422413285 3000.0 3000.0 3000.0 0.0 128.0 128.0 128.0 0.0 1 1 1.0
114000.0 116000.0 3 1 307.02226840807634 16660.74493174504 646.9582217027405 932643.8551643918 998.8250000000116 266.92392773437314 621.2173092447725 366.5071113328783 3000.0 3000.0 3000.0 0.0 128.0 128.0 128.0 0.0 1 1 1.0
116000.0 118000.0 1 1 75.83015902074803 5074.4304373272 173.84192918361964 247941.4066838601 514.3740234375 514.3740234375 514.3740234375 0.0 3000.0 3000.0 3000.0 0.0 128.0 128.0 128.0 0.0 1 2 1.0
118000.0 120000.0 3 1 323.99051266575447 19186.83935960058 742.1439426222811 1071849.0791783077 999.6240000000107 482.7619765624986 664.3146940104003 290.7187716814448 3000.0 3000.0 3000.0 0.0 128.0 128.0 128.0 0.0 1 1 1.0
120000.0 122000.0 3 1 316.3129462021289 18276.933975577376 700.3560436462709 1004796.7587888766 999.0329999999376 488.63989453122485 665.6062968749515 288.937968806318 3000.0 3000.0 3000.0 0.0 128.0 128.0 128.0 0.0 1 1 1.0
122000.0 124000.0 3 1 291.36908616578944 15870.455264710665 586.6756095822936 838223.7164975839 999.4349999999977 490.4830039063236 664.4296992187737 290.1946577361365 3000.0 3000.0 3000.0 0.0 0.0 0.0 0.0 0.0 1 0 0.0
124000.0 126000.0 2 1 117.45226578870657 7324.900947976019 244.36634673497184 346303.1811537992 514.5009765625 353.39790624997113 433.94944140623556 113.91707348796233 3000.0 3000.0 3000.0 0.0 128.0 128.0 128.0 0.0 1 2 2.0
126000.0 128000.0 3 1 284.8859292491471 16889.64352143828 662.6106665550708 954217.9273447581 998.4729999999981 463.386962890625 648.919328776033 302.913367534476 3000.0 3000.0 3000.0 0.0 128.0 128.0 128.0 0.0 1 1 1.0
128000.0 130000.0 3 1 281.26701601884633 15446.989120793962 650.367313279683 942301.3388820998 972.6290000000154 452.9580078125 652.7093483073016 279.901415309762 3000.0 3000.0 3000.0 0.0 128.0 128.0 128.0 0.0 1 1 1.0
130000.0 132000.0 3 1 307.83486026954824 17071.851522284698 694.6222824464028 1004778.9767896397 998.4090000000433 450.673095703125 664.6330292968972 292.8661251757138 3000.0 3000.0 3000.0 0.0 128.0 128.0 128.0 0.0 1 1 1.0
132000.0 134000.0 3 1 296.7637471466822 15739.695026354537 694.6136939974564 1006565.9979546823 998.8279999999213 444.1088867186918 663.8525970051609 294.7661461450279 3000.0 3000.0 3000.0 0.0 128.0 128.0 128.0 0.0 2 1 1.0
134000.0 136000.0 3 1 276.85103578030163 15852.021913458704 659.9623718205589 955857.7803868587 998.9089999999851 442.8549804686918 664.730697916646 294.54697595811064 3000.0 3000.0 3000.0 0.0 128.0 128.0 128.0 0.0 1 1 1.0
136000.0 138000.0 3 1 258.9894379158716 15063.71668461297 588.0183655188989 849062.3605656126 999.9060000000172 439.219970703125 664.2186634114672 296.2789020082403 3000.0 3000.0 3000.0 0.0 128.0 128.0 128.0 0.0 1 1 1.0
138000.0 140000.0 3 1 246.81231929382625 13774.310439722045 586.6185697812273 848398.9369194851 998.7060000000056 237.451904296875 592.1133111979192 383.2748270968391 3000.0 3000.0 3000.0 0.0 128.0 128.0 128.0 0.0 1 1 1.0
140000.0 142000.0 2 1 165.67236679567435 9398.00569546843 374.74988218081205 540401.2350477327 739.4560546875 499.37009570311056 619.4130751953053 169.76640966553708 3000.0 3000.0 3000.0 0.0 128.0 128.0 128.0 0.0 1 1 1.0
142000.0 144000.0 3 1 291.60506848306886 16178.600360251534 710.6006693136893 1022236.326728917 992.5229999999865 257.8139453125186 663.1442975260434 373.19678265435414 3000.0 3000.0 3000.0 0.0 128.0 128.0 128.0 0.0 1 1 1.0
144000.0 146000.0 3 1 179.79337915635014 10951.881397094703 455.37058950747837 657783.9797406106 999.7229999999981 226.43205273442436 487.0736569010381 443.98834178620876 3000.0 3000.0 3000.0 0.0 128.0 128.0 128.0 0.0 1 1 1.0
146000.0 148000.0 3 1 264.0236659857791 14910.625959852647 570.4965661599263 823416.6256224584 999.5030000000843 156.031982421875 639.5476881510889 435.09908937560533 3000.0 3000.0 3000.0 0.0 128.0 128.0 128.0 0.0 1 1 1.0
148000.0 150000.0 3 1 258.577537890282 14673.147241848512 579.4772427240259 837043.3779882411 995.7859999999637 155.659912109375 664.9949765624866 447.6175173350913 3000.0 3000.0 3000.0 0.0 128.0 128.0 128.0 0.0 1 1 1.0
150000.0 152000.0 3 1 286.22186067153933 15713.89050782344 664.2849297142567 959048.463639629 997.8699999999953 152.37109375 664.5870605468712 450.255340138552 3000.0 3000.0 3000.0 0.0 128.0 128.0 128.0 0.0 1 1 1.0
152000.0 154000.0 3 1 255.74680549995557 14068.060623803705 519.8229852310762 746801.5300868475 998.3599999999278 89.84499999997206 643.3443020833074 485.6919622028831 3000.0 3000.0 3000.0 0.0 128.0 128.0 128.0 0.0 1 1 1.0
154000.0 156000.0 1 1 73.83917472788568 4904.367003954252 180.7252528304894 259362.9411999572 514.656982421875 514.656982421875 514.656982421875 0.0 3000.0 3000.0 3000.0 0.0 128.0 128.0 128.0 0.0 1 1 1.0
156000.0 158000.0 3 1 305.8274089373376 17418.702552171406 715.6794672459978 1033686.7123511021 999.2370000000228 482.0490175780724 664.5006940104067 290.28229120973054 3000.0 3000.0 3000.0 0.0 128.0 128.0 128.0 0.0 1 1 1.0
158000.0 160000.0 3 1 180.52398587176552 10690.855229182336 379.6069994955548 543193.3088221772 997.2530000000843 460.989990234375 647.9769752604383 302.7338818485832 3000.0 3000.0 3000.0 0.0 128.0 128.0 128.0 0.0 1 1 1.0
160000.0 162000.0 3 1 273.47948346799967 15668.7595472207 599.9122500130012 864225.4169528524 995.25 459.145263671875 663.7680911458252 289.69292703626354 3000.0 3000.0 3000.0 0.0 128.0 128.0 128.0 0.0 1 1 1.0
162000.0 164000.0 3 1 320.3546908165845 18614.218250484842 623.7997190051002 897870.4480111535 943.3369999999995 457.0209960936918 647.0085774739467 260.0136434603901 3000.0 3000.0 3000.0 0.0 128.0 128.0 128.0 0.0 1 2 1.0
164000.0 166000.0 3 1 323.66386005619813 19578.490753902875 663.6543667418626 950428.2255087818 992.4430000000284 432.6298828125 654.3812955729469 297.4789816180087 3000.0 3000.0 3000.0 0.0 128.0 128.0 128.0 0.0 1 1 1.0
166000.0 168000.0 3 1 328.07527735339477 18570.82770633911 759.2835938750524 1096920.4101263897 997.1310000000522 428.519287109375 664.1718014323075 296.53206084360784 3000.0 3000.0 3000.0 0.0 128.0 128.0 128.0 0.0 1 1 1.0
168000.0 170000.0 3 1 357.80861888818384 20415.266124157642 761.771730663481 1101144.469254968 995.2170000000042 426.740966796875 661.9782265624963 296.63862289505903 3000.0 3000.0 3000.0 0.0 128.0 128.0 128.0 0.0 2 1 1.0
170000.0 172000.0 3 1 265.3007526221483 15755.418628008934 547.0169298058197 780387.1081331038 998.9689999999828 422.596923828125 662.8313190104091 299.91544261531527 3000.0 3000.0 3000.0 0.0 128.0 128.0 128.0 0.0 1 1 1.0
172000.0 174000.0 3 1 273.0430258412307 15449.577223724089 610.2952317214099 876482.5269084766 991.1440000000293 408.06396484375 658.3306803385689 300.17667838132456 3000.0 3000.0 3000.0 0.0 128.0 128.0 128.0 0.0 1 1 1.0
174000.0 176000.0 3 1 242.32247871281388 13589.978769344065 558.1497505370894 799827.268804274 973.6840000000084 402.676025390625 655.2213535156334 291.1551930013358 3000.0 3000.0 3000.0 0.0 128.0 128.0 128.0 0.0 1 1 1.0
176000.0 178000.0 3 1 281.12116275531275 15447.88928591157 681.1295200894745 982076.1909860948 993.890000000014 394.068115234375 661.3253632812606 305.19725526666303 3000.0 3000.0 3000.0 0.0 128.0 128.0 128.0 0.0 1 1 1.0
178000.0 180000.0 3 1 248.33994438318283 14215.26018681144 560.9677191146641 807455.1281544921 996.9529999999213 390.6279296875 663.7182714843462 307.6045077086317 3000.0 3000.0 3000.0 0.0 128.0 128.0 128.0 0.0 1 1 1.0
180000.0 182000.0 3 1 187.73816013846454 11137.295258735527 404.89223045058645 577023.213465835 975.1219999999739 368.16796875 650.5100130208302 305.6768883233923 3000.0 3000.0 3000.0 0.0 128.0 128.0 128.0 0.0 1 1 1.0
182000.0 184000.0 3 1 297.3795964529578 16543.526092865566 691.5969746627004 998777.1123586574 997.1570000000065 361.785888671875 661.9569733073004 319.1306665988486 3000.0 3000.0 3000.0 0.0 128.0 128.0 128.0 0.0 1 1 1.0
184000.0 186000.0 3 1 256.97143675954845 15017.935660664521 549.1968432585279 792063.8164113825 997.6240000000107 358.9340820311918 664.6260644531188 320.2193219276458 3000.0 3000.0 3000.0 0.0 128.0 128.0 128.0 0.0 1 1 1.0
186000.0 188000.0 3 1 219.5423760890904 13210.089538963586 453.1948770185447 648413.9614309268 976.2760000000126 295.097900390625 635.2609394531464 340.5898490887853 3000.0 3000.0 3000.0 0.0 128.0 128.0 128.0 0.0 1 1 1.0
188000.0 190000.0 3 1 353.88456843686646 19975.510312467446 777.798547798185 1127076.947294585 998.7910000000265 287.9838867186918 663.1659954426965 357.0507827191756 3000.0 3000.0 3000.0 0.0 128.0 128.0 128.0 0.0 1 1 1.0
190000.0 192000.0 3 1 348.71296972767493 19411.707229500527 726.994467774651 1048546.7066415247 997.0380000000005 280.527099609375 663.1750709635477 360.7380668298017 3000.0 3000.0 3000.0 0.0 128.0 128.0 128.0 0.0 1 1 1.0
192000.0 194000.0 2 1 154.67005956128455 8852.957875587563 316.58100205334375 453119.6869569648 513.993896484375 438.643900390598 476.3188984374865 53.28049320028959 3000.0 3000.0 3000.0 0.0 128.0 128.0 128.0 0.0 1 1 1.0
194000.0 196000.0 3 1 326.57065901893003 19580.21904708242 699.5795390035167 1004664.3877035353 998.3580000000075 485.8241035155952 663.0384029947842 290.55242657861317 3000.0 3000.0 3000.0 0.0 128.0 128.0 128.0 0.0 1 1 1.0
196000.0 198000.0 3 1 297.7536006045236 17236.782701925273 645.5615434240842 931047.0176413188 995.9370000000345 414.59130859375 630.3614010416592 318.3111222763127 3000.0 3000.0 3000.0 0.0 128.0 128.0 128.0 0.0 1 1 1.0
198000.0 200000.0 3 1 279.2814471383862 15655.129236656863 629.9850276714961 909473.0781434008 997.8429999999935 410.331298828125 664.3049967448072 301.72894916872787 3000.0 3000.0 3000.0 0.0 128.0 128.0 128.0 0.0 1 1 1.0
200000.0 202000.0 3 1 281.8021157044195 15789.314718735914 608.280398040384 874782.5177145959 998.0039999999572 409.455078125 665.1175930989363 301.77823889955704 3000.0 3000.0 3000.0 0.0 128.0 128.0 128.0 0.0 1 1 1.0
202000.0 204000.0 3 1 272.05603618057364 15472.86113956094 597.4875207601895 858164.6874159013 999.1339999999618 400.50390625 662.895609374973 306.0710656478586 3000.0 3000.0 3000.0 0.0 128.0 128.0 128.0 0.0 1 1 1.0
204000.0 206000.0 3 1 290.93710975324166 16006.059926040589 599.8584969447936 863713.7116075484 998.2430000000168 289.5810000000056 629.0026979166627 355.27076917027887 3000.0 3000.0 3000.0 0.0 128.0 128.0 128.0 0.0 1 1 1.0
206000.0 208000.0 1 1 76.1810442383382 5113.909962891148 173.98103346323182 249621.60407690614 514.172119140625 514.172119140625 514.172119140625 0.0 3000.0 3000.0 3000.0 0.0 128.0 128.0 128.0 0.0 1 1 1.0
208000.0 210000.0 3 1 319.66842396702526 19440.487213116226 686.4806225035237 987940.542517618 997.5470000000205 484.73088085942436 663.6443847656483 289.41546517994226 3000.0 3000.0 3000.0 0.0 128.0 128.0 128.0 0.0 1 2 1.0
210000.0 212000.0 3 1 307.1899771214881 17060.408427696064 685.1218609907141 989562.489505175 997.3510000000242 452.5387265625177 649.9003352864723 301.8280087532011 3000.0 3000.0 3000.0 0.0 128.0 128.0 128.0 0.0 1 1 1.0
212000.0 214000.0 3 1 316.2767153866158 17869.420419518625 634.6252320380236 909029.9716503354 996.2519999999786 496.747314453125 664.1080117187618 287.64801836490943 3000.0 3000.0 3000.0 0.0 128.0 128.0 128.0 0.0 2 1 1.0
214000.0 216000.0 3 1 290.250547374911 16410.26472376947 652.285182798755 937293.4551037188 999.8129999999655 495.47802734375 665.3865709635429 289.6343248434237 3000.0 3000.0 3000.0 0.0 128.0 128.0 128.0 0.0 1 1 1.0
216000.0 218000.0 3 1 273.73437027763595 15702.802582599175 594.7383509395502 853501.4369583576 981.2759999999544 460.5849609375 647.7519778645752 289.5601306639818 3000.0 3000.0 3000.0 0.0 128.0 128.0 128.0 0.0 1 1 1.0
218000.0 220000.0 3 1 270.92817708335684 15327.071532978265 593.0981102143706 850338.7567890496 999.3360000000102 455.34130859375 664.4621158854183 292.98964711636523 3000.0 3000.0 3000.0 0.0 128.0 128.0 128.0 0.0 1 1 1.0
220000.0 222000.0 3 1 239.34001320378525 13925.642662049027 519.9741227620173 746433.7376297987 942.1729999999516 450.556884765625 645.712525390593 260.9954084480728 3000.0 3000.0 3000.0 0.0 128.0 128.0 128.0 0.0 1 1 1.0
222000.0 224000.0 3 1 238.960142043197 13623.813573931675 533.183835518185 763327.7502805397 986.4590000000317 438.568115234375 657.9430768229455 289.79288729137727 3000.0 3000.0 3000.0 0.0 128.0 128.0 128.0 0.0 1 1 1.0
224000.0 226000.0 3 1 258.96803012951705 15623.515486269267 594.9940408080417 857992.6887253728 998.6870000000345 435.056884765625 664.1289231770983 296.25192813650494 3000.0 3000.0 3000.0 0.0 128.0 128.0 128.0 0.0 1 1 1.0
226000.0 228000.0 3 1 242.85573132343063 13867.42416609816 565.3047956586576 816893.5632963708 997.4440000000177 431.261962890625 663.7126927083203 296.3677467546628 3000.0 3000.0 3000.0 0.0 128.0 128.0 128.0 0.0 1 1 1.0
228000.0 230000.0 3 1 279.50386760449334 15736.838123837671 633.2033923397215 913989.3256772757 998.2460000000428 428.366943359375 662.9816601562779 297.973647767753 3000.0 3000.0 3000.0 0.0 128.0 128.0 128.0 0.0 1 1 1.0
230000.0 232000.0 3 1 215.9283116293884 12818.97559625116 427.53399611658347 606678.1416612868 992.7719999999972 410.595947265625 655.5973346354052 301.83467987720576 3000.0 3000.0 3000.0 0.0 128.0 128.0 128.0 0.0 1 1 1.0
232000.0 234000.0 3 1 227.64474244761178 13045.107512432845 545.107704133671 785371.6071020826 993.3469999999506 404.529296875 662.0291165364519 301.2696496262907 3000.0 3000.0 3000.0 0.0 128.0 128.0 128.0 0.0 1 1 1.0
234000.0 236000.0 3 1 316.7762904418298 17606.898886198796 710.8938546292766 1029003.8769217096 999.5450000000419 403.179931640625 665.6272115885513 304.53874773969784 3000.0 3000.0 3000.0 0.0 128.0 128.0 128.0 0.0 1 1 1.0
236000.0 238000.0 3 1 182.4966262996807 10714.550464295371 413.11821797874734 592803.6140197496 983.3020000000251 386.1201171875 654.6800618489506 303.08766485348565 3000.0 3000.0 3000.0 0.0 128.0 128.0 128.0 0.0 1 1 1.0
238000.0 240000.0 3 1 306.54851699061294 16801.621841859167 730.6502579336163 1058138.2130050024 997.6570000000065 385.490966796875 665.0672832031269 309.5070734533334 3000.0 3000.0 3000.0 0.0 128.0 128.0 128.0 0.0 1 1 1.0
240000.0 242000.0 3 1 191.7146080840111 11770.56264829303 370.2250544653722 524867.5090861461 978.6149999999907 337.264892578125 642.9339752603943 321.7266348502233 3000.0 3000.0 3000.0 0.0 128.0 128.0 128.0 0.0 1 1 1.0
242000.0 244000.0 3 1 292.1204372928536 17347.992387689927 578.3318794416655 831217.1589468725 961.030999999959 296.219970703125 638.9873593749944 332.88966861185804 3000.0 3000.0 3000.0 0.0 128.0 128.0 128.0 0.0 1 1 1.0
244000.0 246000.0 3 1 274.6574832530068 15917.24106457673 568.3665598473003 824595.148831839 996.4880000000121 284.652099609375 661.1880429687444 357.70503518622127 3000.0 3000.0 3000.0 0.0 128.0 128.0 128.0 0.0 1 1 1.0
246000.0 248000.0 3 1 281.0806892804785 15461.164757045852 619.1893323610822 897885.440120829 999.7229999999981 276.948974609375 663.9889583333473 364.1082225281835 3000.0 3000.0 3000.0 0.0 128.0 128.0 128.0 0.0 1 1 1.0
248000.0 250000.0 3 1 322.87114369842254 17928.185645455338 731.6413552837394 1060183.5878050132 999.1030000000028 275.14697265625 665.6219993489407 365.32769075880697 3000.0 3000.0 3000.0 0.0 128.0 128.0 128.0 0.0 1 1 1.0
250000.0 252000.0 3 1 285.4650962255212 15657.138992409666 659.0879291045883 951282.7874222312 996.1700000000419 272.238037109375 664.4136881510494 365.728374801633 3000.0 3000.0 3000.0 0.0 128.0 128.0 128.0 0.0 1 1 1.0
252000.0 254000.0 3 1 240.86034266599918 13456.857096764801 539.876683969807 778701.5711062097 999.6790000000037 262.343994140625 662.9629856771013 372.79809627864444 3000.0 3000.0 3000.0 0.0 128.0 128.0 128.0 0.0 1 1 1.0
254000.0 256000.0 3 1 219.288899933599 12347.379120098309 539.9596276505404 779130.2904774244 999.5659999999916 257.470947265625 664.515984374991 376.24955702579405 3000.0 3000.0 3000.0 0.0 128.0 128.0 128.0 0.0 1 1 1.0
256000.0 258000.0 3 1 228.5572597474478 12790.474739128596 517.2100120591315 745339.8043483816 999.3980000000447 248.435302734375 662.911785156272 381.5076729881236 3000.0 3000.0 3000.0 0.0 128.0 128.0 128.0 0.0 2 1 1.0
258000.0 260000.0 3 1 286.1587847339885 15658.185306906953 653.5143985026837 942461.6752278487 914.9399999999441 229.174072265625 630.9972565103866 357.75770522073833 3000.0 3000.0 3000.0 0.0 128.0 128.0 128.0 0.0 1 2 1.0
260000.0 262000.0 3 1 273.5776623185404 16209.935421132786 631.7126745362823 907281.7431138287 998.2480000000214 228.282958984375 664.7226289062528 395.1645932697128 3000.0 3000.0 3000.0 0.0 128.0 128.0 128.0 0.0 1 1 1.0
262000.0 264000.0 3 1 226.3109403887946 12688.351358037253 520.7240415118222 746613.1120574282 993.515000000014 187.673095703125 650.5087122396022 416.07042036943807 3000.0 3000.0 3000.0 0.0 128.0 128.0 128.0 0.0 1 1 1.0
264000.0 266000.0 3 1 236.40978569286722 13238.179791334573 550.9535944021495 788390.0656157221 996.5110000000568 186.999267578125 664.317723958365 423.819890647444 3000.0 3000.0 3000.0 0.0 128.0 128.0 128.0 0.0 1 1 1.0
266000.0 268000.0 3 1 249.86370738242775 13918.965144281745 542.0048315177138 774567.765037657 998.8009999999776 171.9052734375 660.8973352864463 433.65875231976304 3000.0 3000.0 3000.0 0.0 128.0 128.0 128.0 0.0 1 1 1.0
268000.0 270000.0 2 1 206.81163173912398 10483.633351052325 469.90741451943495 675768.5658822196 825.8507265625522 742.9969999999739 784.423863281263 58.58643189897504 0.0 0.0 0.0 0.0 0.0 0.0 0.0 0.0 0 0 1.0
270000.0 272000.0 1 1 65.37479481557659 4495.41797735772 162.15008162918602 231692.90568587856 513.343994140625 513.343994140625 513.343994140625 0.0 3000.0 3000.0 3000.0 0.0 128.0 128.0 128.0 0.0 1 2 1.0
272000.0 274000.0 3 1 298.23726684551974 17573.0093738788 711.0725520928083 1027082.3584784573 999.9499999999534 483.90100585937034 663.5123470051913 291.5861967831861 3000.0 3000.0 3000.0 0.0 128.0 128.0 128.0 0.0 1 1 1.0
274000.0 276000.0 3 1 307.93438849330005 17017.483834050785 733.3920299458512 1061834.1224224581 997.484000000055 491.37696484371554 662.8472910156319 289.8336317937813 3000.0 3000.0 3000.0 0.0 128.0 128.0 128.0 0.0 2 1 1.0
276000.0 278000.0 3 1 310.7954084530565 17063.089689441913 696.5035809960056 1008363.8470146391 994.7889999999898 497.39794921875 663.7396803385345 286.69828503450395 3000.0 3000.0 3000.0 0.0 128.0 128.0 128.0 0.0 1 1 1.0
278000.0 280000.0 3 1 304.73258492134283 16554.904657542575 716.7182670847087 1037240.3814574761 999.655999999959 492.06494140625 663.7089973958209 290.9617919774734 3000.0 3000.0 3000.0 0.0 128.0 128.0 128.0 0.0 1 1 1.0
280000.0 282000.0 3 1 273.29289336072173 15069.499572568056 615.9627444440009 886042.1658095764 994.2750000000233 489.345947265625 662.4016686197914 287.4988904580464 3000.0 3000.0 3000.0 0.0 128.0 128.0 128.0 0.0 1 1 1.0
282000.0 284000.0 2 1 95.18307792853591 5540.265513474019 226.83426411833182 324438.074407349 513.676025390625 221.71205273433588 367.69403906248044 206.44970492742578 3000.0 3000.0 3000.0 0.0 128.0 128.0 128.0 0.0 1 1 1.0
284000.0 286000.0 3 1 289.00926050211933 16739.47631580944 694.1254810500033 1002741.2147001864 999.1360000000568 483.81797460932285 665.0409733072933 289.68182464659725 3000.0 3000.0 3000.0 0.0 128.0 128.0 128.0 0.0 1 1 1.0
286000.0 288000.0 3 1 277.7706207919403 14888.501759789418 614.4945014914263 885516.984668257 998.4640000000363 486.614054687554 664.9517180989884 289.0622135400018 3000.0 3000.0 3000.0 0.0 128.0 128.0 128.0 0.0 1 1 1.0
288000.0 290000.0 3 1 147.8045962070678 8608.622581766735 350.1102012859093 501857.972487996 997.5189999999711 472.39208984375 651.1756634114621 299.99462258554604 3000.0 3000.0 3000.0 0.0 128.0 128.0 128.0 0.0 1 1 1.0
290000.0 292000.0 3 1 312.468412323258 18075.229408477757 706.7131887645676 1016107.6728310699 999.8490000000456 470.625 665.228636718782 291.0721960819457 3000.0 3000.0 3000.0 0.0 128.0 128.0 128.0 0.0 1 1 1.0
292000.0 294000.0 3 1 279.78509107044056 14981.3695658102 677.1619262034499 978115.4545574608 999.9869999999646 435.3359375 647.0273124999754 307.69344757897574 3000.0 3000.0 3000.0 0.0 128.0 128.0 128.0 0.0 1 1 1.0
294000.0 296000.0 3 1 179.77640228105355 11553.303504506388 436.31162879601385 630043.8234182091 999.9120000000112 130.56806249998044 457.0226510416639 473.363205746368 3000.0 3000.0 3000.0 0.0 128.0 128.0 128.0 0.0 1 1 1.0
296000.0 298000.0 3 1 280.5652551651663 14902.179854206479 679.6577344739612 980803.3281401037 998.8560000000289 235.623291015625 664.0171334635621 390.1223425468795 3000.0 3000.0 3000.0 0.0 128.0 128.0 128.0 0.0 1 1 1.0
298000.0 300000.0 2 1 80.74298110243684 5323.421652769413 184.42916822388256 263134.34015072684 512.1640625 65.88170898437966 289.0228857421898 315.5692784947872 3000.0 3000.0 3000.0 0.0 128.0 128.0 128.0 0.0 1 1 1.0
