ts te nbins ncons c_pkts_all c_bytes_all s_pkts_all s_bytes_all max_bin_duration min_bin_duration avg_bin_duration std_bin_duration max_video_rate min_video_rate avg_video_rate std_video_rate max_audio_rate min_audio_rate avg_audio_rate std_audio_rate video_reqs audio_reqs media_reqs
0.0 2000.0 0 0 0.0 0.0 0.0 0.0 0.0 0.0 0.0 0.0 0.0 0.0 0.0 0.0 0.0 0.0 0.0 0.0 0 0 
2000.0 4000.0 0 0 0.0 0.0 0.0 0.0 0.0 0.0 0.0 0.0 0.0 0.0 0.0 0.0 0.0 0.0 0.0 0.0 0 0 
4000.0 6000.0 0 0 0.0 0.0 0.0 0.0 0.0 0.0 0.0 0.0 0.0 0.0 0.0 0.0 0.0 0.0 0.0 0.0 0 0 
6000.0 8000.0 0 0 0.0 0.0 0.0 0.0 0.0 0.0 0.0 0.0 0.0 0.0 0.0 0.0 0.0 0.0 0.0 0.0 0 0 
8000.0 10000.0 0 0 0.0 0.0 0.0 0.0 0.0 0.0 0.0 0.0 0.0 0.0 0.0 0.0 0.0 0.0 0.0 0.0 0 0 
10000.0 12000.0 2 1 149.7807531924191 14359.478078566282 334.66698755502773 461032.77741429873 997.7800000000279 939.9399414063082 968.8599707031681 40.89909765584647 1500.0 1500.0 1500.0 0.0 128.0 128.0 128.0 0.0 2 3 0.0
12000.0 14000.0 3 1 166.2408516974274 12801.290647342465 338.83273176010584 473117.96774498327 992.1210000000428 52.333058593736496 657.5623229166958 525.1164335655981 480.0 480.0 480.0 0.0 128.0 128.0 128.0 0.0 3 3 1.0
14000.0 16000.0 3 1 190.3593804667441 13272.779740342738 337.9561148166517 469992.9350694459 997.9640000000363 67.65708984376397 659.0610338541834 513.9895861182883 480.0 480.0 480.0 0.0 128.0 128.0 128.0 0.0 2 2 1.0
16000.0 18000.0 3 1 171.27117501377433 12912.151890497586 354.9585700092599 505397.09145704063 999.085000000021 87.90198828122811 658.840307942708 497.47189124020866 480.0 480.0 480.0 0.0 128.0 128.0 128.0 0.0 3 3 1.0
18000.0 20000.0 3 1 156.45755000222758 12088.531542400222 293.38615931077805 405687.41333776177 990.8549999999814 110.03606445313198 652.8040201822878 474.7549678246894 480.0 480.0 480.0 0.0 128.0 128.0 128.0 0.0 3 2 1.0
20000.0 22000.0 3 1 140.32882544503894 9907.92084931386 231.2054931983082 307186.4679267338 981.3429999999935 139.15500390622765 639.6266946614487 442.9702128701278 480.0 480.0 480.0 0.0 128.0 128.0 128.0 0.0 1 1 1.0
22000.0 24000.0 3 1 72.75199939273976 6968.269948595214 126.34379473255203 177673.33125739224 990.9670000000042 6.10391992185032 432.4220774739515 505.5707266613292 840.0 840.0 840.0 0.0 128.0 128.0 128.0 0.0 2 2 1.0
24000.0 26000.0 3 1 143.9274862373021 9045.287135457302 232.6968059268226 332585.97549639695 999.9280000000144 294.073974609375 663.6662207031235 354.1054451751832 840.0 840.0 840.0 0.0 128.0 128.0 128.0 0.0 1 1 1.0
26000.0 28000.0 3 1 110.3033596904419 7457.381815395267 167.69737396663967 233727.649022759 997.8670000000275 243.7099609375 646.5163287760419 379.702484094398 840.0 840.0 840.0 0.0 128.0 128.0 128.0 0.0 1 1 1.0
28000.0 30000.0 3 1 130.60595830612942 8178.250509000013 247.07169791909126 353264.3695146898 998.3550000000396 234.1279296875 661.4619895833506 390.05825375550114 840.0 840.0 840.0 0.0 128.0 128.0 128.0 0.0 1 1 1.0
30000.0 32000.0 3 1 114.09440455928342 7520.799839832953 195.90232000890853 279108.1553321609 994.1529999999912 226.803955078125 651.0046751302046 390.0426351813542 840.0 840.0 840.0 0.0 128.0 128.0 128.0 0.0 1 1 1.0
32000.0 34000.0 3 1 110.48733735913943 7151.573085289566 200.0794248913294 282011.5433620033 997.7189999998664 205.3740234375 656.9510227864181 407.62926785360804 840.0 840.0 840.0 0.0 128.0 128.0 128.0 0.0 1 1 1.0
34000.0 36000.0 3 1 136.36363566542607 8469.148518916263 214.57160520303117 309138.3572984751 999.2839999998687 196.924072265625 663.597349609326 416.9094454900843 840.0 840.0 840.0 0.0 128.0 128.0 128.0 0.0 1 1 1.0
36000.0 38000.0 3 1 97.33085251126795 7284.539824544645 169.72377429844943 241321.0965401221 997.8950000000186 187.889892578125 660.8392734375084 421.75512145201856 840.0 840.0 840.0 0.0 128.0 128.0 128.0 0.0 1 1 1.0
38000.0 40000.0 3 1 129.5717471503209 8146.738451483337 219.35803313415525 308214.89251615683 987.3759999999893 174.603271484375 655.5717929687429 426.4239341129686 840.0 840.0 840.0 0.0 128.0 128.0 128.0 0.0 1 1 1.0
40000.0 42000.0 3 1 87.94193475763747 6195.161994915717 161.7894034351434 233355.5957158714 984.6739999999991 158.125 655.1892428385327 438.0159533225841 840.0 840.0 840.0 0.0 128.0 128.0 128.0 0.0 1 1 1.0
42000.0 44000.0 2 1 149.18274855268015 8991.696128106576 240.75970983374592 341400.3809937084 838.5449999999837 613.4010000000126 725.9729999999981 159.20084914344363 840.0 840.0 840.0 0.0 128.0 128.0 128.0 0.0 1 1 1.0
44000.0 46000.0 2 1 111.09118484582615 8468.995084805727 213.22796211456534 307935.07276204857 997.1489999999758 800.236083984375 898.6925419921754 139.23845821784843 840.0 840.0 840.0 0.0 128.0 128.0 128.0 0.0 1 1 1.0
46000.0 48000.0 2 1 69.90881515417385 4084.004915194273 174.77203788543463 244244.92723795143 659.0160000000033 196.27291601570323 427.64445800785325 327.2087726324746 840.0 840.0 840.0 0.0 128.0 128.0 128.0 0.0 1 1 1.0
48000.0 50000.0 2 1 141.74393152037922 10137.402389701958 359.8831488302102 515528.427314515 999.5389999999898 160.702880859375 580.1209404296824 593.1467081485354 1500.0 1500.0 1500.0 0.0 128.0 128.0 128.0 0.0 3 2 1.0
50000.0 52000.0 1 1 91.25606847962078 5813.597610298043 205.1168511697898 288706.572685485 826.486119140638 826.486119140638 826.486119140638 0.0 0.0 0.0 0.0 0.0 128.0 128.0 128.0 0.0 0 1 1.0
52000.0 54000.0 2 1 160.94416213097668 9922.786878043979 387.8064008238034 554691.7981764736 880.3439999999828 306.636962890625 593.4904814453039 405.67213635446916 1500.0 1500.0 1500.0 0.0 128.0 128.0 128.0 0.0 2 2 1.0
54000.0 56000.0 3 1 119.44922208013534 9943.643910108169 284.4406729331059 401672.5530461726 996.1530000000494 259.261962890625 607.1850000000171 370.15620604965045 2300.0 2300.0 2300.0 0.0 128.0 128.0 128.0 0.0 2 2 1.0
56000.0 58000.0 3 1 180.7071858663779 10294.75901945965 444.76420657711475 633845.6209676255 949.6810000000405 240.13525390625 643.3217636718958 364.54825758869555 2300.0 2300.0 2300.0 0.0 128.0 128.0 128.0 0.0 1 1 1.0
58000.0 60000.0 3 1 154.49432479506555 9022.416263209052 354.5909207104872 506133.4052442384 992.8979999999865 214.8168945311918 655.8465468749831 399.32587082040135 2300.0 2300.0 2300.0 0.0 128.0 128.0 128.0 0.0 1 1 1.0
60000.0 62000.0 3 1 252.54899159704695 13874.195266850564 560.4920987220372 807029.5458265182 995.762999999919 208.9873046875 662.5191367187459 406.9470423201267 2300.0 2300.0 2300.0 0.0 128.0 128.0 128.0 0.0 1 1 1.0
62000.0 64000.0 3 1 253.19671194855735 13637.912194545584 593.9093219425 854165.2885082928 999.5420000000158 201.3413085936918 663.642667968738 413.84077895713045 2300.0 2300.0 2300.0 0.0 128.0 128.0 128.0 0.0 1 1 1.0
64000.0 66000.0 3 1 126.92007258204059 9236.661263936241 231.3444721643934 322033.69668263424 999.0339999999269 117.14990234375 624.9988645833024 455.9161058917087 3000.0 3000.0 3000.0 0.0 128.0 128.0 128.0 0.0 2 2 1.0
66000.0 68000.0 3 1 301.7696558695688 16276.261808903646 707.5733006135611 1025446.289152038 997.9070000000065 109.322021484375 661.5727063802187 482.0381022566188 3000.0 3000.0 3000.0 0.0 128.0 128.0 128.0 0.0 1 1 1.0
68000.0 70000.0 3 1 278.87540829933135 15216.21146843735 621.1476916425939 893925.1563320553 999.6990000000224 84.657958984375 657.9389791666568 499.52628213177195 3000.0 3000.0 3000.0 0.0 128.0 128.0 128.0 0.0 1 1 1.0
70000.0 72000.0 3 1 279.3536790611591 15021.064000468896 625.6450103830813 896014.4576695467 998.5200000000186 72.0791015625 657.2680475260713 509.1189715272815 3000.0 3000.0 3000.0 0.0 128.0 128.0 128.0 0.0 1 1 1.0
72000.0 74000.0 3 1 291.22689990557046 16377.614826542416 625.5672228585956 897023.7509801688 992.7310000000289 34.5439453125 643.9206145833401 529.5769057973185 3000.0 3000.0 3000.0 0.0 128.0 128.0 128.0 0.0 1 1 1.0
74000.0 76000.0 3 1 180.81722911520035 10341.130097115689 401.9587983264353 574617.2208837783 996.2619999999879 33.3369140625 664.810989583338 547.0983092441554 3000.0 3000.0 3000.0 0.0 128.0 128.0 128.0 0.0 1 1 1.0
76000.0 78000.0 3 1 289.6422023545063 15494.798571452575 641.87762300238 927167.7162967866 998.3090000000084 22.615966796875 662.2906842447895 554.2108186213974 3000.0 3000.0 3000.0 0.0 128.0 128.0 128.0 0.0 1 1 1.0
78000.0 80000.0 3 1 234.30548936608773 12915.779392125678 530.4277464719167 764961.5136304925 994.1570000000065 14.3349609375 661.8263313802114 560.809689679384 3000.0 3000.0 3000.0 0.0 128.0 128.0 128.0 0.0 1 1 1.0
80000.0 82000.0 3 1 302.5790963896858 15904.572765306326 673.264448604333 973404.6194232389 999.2660000000033 9.320068359375 664.6547024739557 567.5789203866887 3000.0 3000.0 3000.0 0.0 128.0 128.0 128.0 0.0 1 1 1.0
82000.0 84000.0 3 1 249.5400043313867 13643.636018926518 569.023319532229 813732.1484010739 998.8190000000177 4.202880859375 664.227937500012 571.6168030423368 3000.0 3000.0 3000.0 0.0 128.0 128.0 128.0 0.0 1 1 1.0
84000.0 86000.0 3 1 236.74114643070232 12870.162469428451 527.405532207358 758676.5463184809 999.9170000000158 0.714111328125 665.0420768229136 575.3312815255634 3000.0 3000.0 3000.0 0.0 128.0 128.0 128.0 0.0 1 1 1.0
86000.0 88000.0 2 1 333.88851787660076 18082.393785139215 659.7612124840739 950442.6724603847 992.1558886719286 925.6739999999991 958.9149443359638 47.009794306010456 3000.0 3000.0 3000.0 0.0 128.0 128.0 128.0 0.0 1 1 1.0
88000.0 90000.0 2 1 198.97982294808025 12372.108542407399 449.3857685972357 650068.3702826283 996.8040000000037 793.572021484375 895.1880107421894 143.7067101623598 3000.0 3000.0 3000.0 0.0 128.0 128.0 128.0 0.0 1 1 1.0
90000.0 92000.0 3 1 222.79411074034323 12967.978120035867 483.56125137180834 690407.7771256361 998.8239999999641 203.0419785156264 645.9226927083218 405.4497215181233 3000.0 3000.0 3000.0 0.0 128.0 128.0 128.0 0.0 1 1 1.0
92000.0 94000.0 3 1 281.51066535295485 15254.156271055894 611.496122117272 879739.2462039667 999.0520000000251 261.38790039060405 664.456936197918 373.56872807392733 3000.0 3000.0 3000.0 0.0 128.0 128.0 128.0 0.0 1 1 1.0
94000.0 96000.0 3 1 258.7154009586217 13240.757066500837 596.5568579136839 861452.6063877689 997.6209999999846 265.2820917968638 599.3430305989071 370.36865334589635 3000.0 3000.0 3000.0 0.0 128.0 128.0 128.0 0.0 1 1 1.0
96000.0 98000.0 2 1 165.14615200480324 10396.980552782892 395.94251502261426 564560.185248888 995.789999999979 301.6201171875 648.7050585937395 490.85223143217496 3000.0 3000.0 3000.0 0.0 128.0 128.0 128.0 0.0 1 1 1.0
98000.0 100000.0 3 1 300.27764037968814 17318.473626027968 675.0639852808928 975443.0890450211 999.2729999998701 297.97802734375 664.3826367187042 351.7080045269541 3000.0 3000.0 3000.0 0.0 128.0 128.0 128.0 0.0 2 2 1.0
100000.0 102000.0 2 1 235.57620761550862 12374.545821189138 520.9934996964929 751174.7257060909 833.2189999999828 701.9049726562225 767.5619863281026 92.8530391996886 0.0 0.0 0.0 0.0 0.0 0.0 0.0 0.0 0 0 1.0
102000.0 104000.0 2 1 282.8272228990156 16954.49243516335 651.851020751566 944318.6821312738 999.9949999999953 802.035888671875 901.0154443359352 139.97823001777658 3000.0 3000.0 3000.0 0.0 128.0 128.0 128.0 0.0 2 2 1.0
104000.0 106000.0 3 1 271.78237933251194 15043.763995621943 622.9640030344292 899851.4124010205 996.8469999999506 197.2351113280747 661.2864036458001 415.0026353389265 3000.0 3000.0 3000.0 0.0 128.0 128.0 128.0 0.0 1 1 1.0
106000.0 108000.0 3 1 266.69215569278725 15228.918441562264 577.6672775284442 834558.5229161612 992.4550000000163 208.6539003906073 661.4322962239385 405.83787076674497 3000.0 3000.0 3000.0 0.0 128.0 128.0 128.0 0.0 1 1 1.0
108000.0 110000.0 3 1 253.37360939002747 14404.9024648894 575.7960769007608 828769.09263449 983.5879999999888 212.45401171874255 645.6083235677021 394.27853782656973 3000.0 3000.0 3000.0 0.0 128.0 128.0 128.0 0.0 1 1 1.0
110000.0 112000.0 3 1 213.52051741253646 11911.192412969562 480.47580548548194 692782.6040201243 759.5210000000079 256.9000410157023 439.5317044271117 278.0418969100403 3000.0 3000.0 3000.0 0.0 128.0 128.0 128.0 0.0 1 1 1.0
112000.0 114000.0 3 1 336.2545805598478 19275.767414454993 751.616811072946 1087070.0645302224 997.1610000000219 293.64208984375 662.4756725260522 353.00041322524993 3000.0 3000.0 3000.0 0.0 128.0 128.0 128.0 0.0 1 1 1.0
114000.0 116000.0 3 1 265.7808907102587 15305.778431979308 568.3818914203255 817917.8425661935 999.0650000000023 286.242919921875 663.4682766927095 358.2297262997007 3000.0 3000.0 3000.0 0.0 128.0 128.0 128.0 0.0 1 1 1.0
116000.0 118000.0 3 1 206.9888883438874 12733.181207778962 468.7650608661356 669055.8379317636 996.5689999999595 277.6630859375 658.1470553385249 361.2939783090642 3000.0 3000.0 3000.0 0.0 128.0 128.0 128.0 0.0 1 1 1.0
118000.0 120000.0 3 1 260.64797690770985 15199.240189409467 607.6336557145382 872284.3562425885 998.6459999999497 273.8090820311918 664.3893320312103 365.68620268235117 3000.0 3000.0 3000.0 0.0 128.0 128.0 128.0 0.0 1 1 1.0
120000.0 122000.0 3 1 276.2063179707104 15671.809786179698 584.621514773773 837500.9132473369 996.1350000000093 270.614990234375 663.9803027343975 366.61270532486026 3000.0 3000.0 3000.0 0.0 128.0 128.0 128.0 0.0 1 1 1.0
122000.0 124000.0 2 1 180.9254607807072 10558.953219991055 323.2268824515995 454503.6713788251 729.1700097655994 320.05300000001444 524.6115048828069 289.2894119040081 0.0 0.0 0.0 0.0 128.0 128.0 128.0 0.0 0 1 1.0
124000.0 126000.0 2 1 250.4594366246181 15800.18102121933 569.2125108648061 823769.0443756678 995.0659999999916 934.9130859375 964.9895429687458 42.53453344171946 3000.0 1500.0 2000.0 866.0254037844386 128.0 128.0 128.0 0.0 3 2 1.0
126000.0 128000.0 3 1 265.5405633753819 14972.81897878067 569.7874891351939 813807.9556243322 998.2939999999944 64.1549140625284 611.4006380208497 487.2767365299176 1500.0 1500.0 1500.0 0.0 128.0 128.0 128.0 0.0 1 1 1.0
128000.0 130000.0 2 1 149.26392723321814 11286.564240165362 329.1908072042448 465177.0331692977 999.9199999999837 297.0629882811918 648.4914941405877 496.9949591908705 2300.0 2300.0 2300.0 0.0 128.0 128.0 128.0 0.0 2 2 1.0
130000.0 132000.0 3 1 247.08187885534275 14711.527277814863 519.8681087951983 742882.6142828014 999.0270000000019 283.587890625 661.079634114576 359.3551142754179 3000.0 3000.0 3000.0 0.0 128.0 128.0 128.0 0.0 2 2 1.0
132000.0 134000.0 3 1 257.47991139914694 15560.174854311892 536.539487695185 764134.6286873149 997.7540000000154 236.452880859375 643.3499967447909 383.35557079088125 3000.0 3000.0 3000.0 0.0 128.0 128.0 128.0 0.0 1 1 1.0
134000.0 136000.0 3 1 265.1730692962927 15235.686617963105 533.6431981305243 767312.8570735195 975.8989999999758 215.5209960936918 651.2483717447612 392.1698739897777 3000.0 3000.0 3000.0 0.0 128.0 128.0 128.0 0.0 1 1 1.0
136000.0 138000.0 3 1 347.6920876054519 19877.32517148999 747.7108310717455 1079183.7865071057 996.7889999999898 214.592041015625 664.8270149739498 404.2887527428005 3000.0 3000.0 3000.0 0.0 128.0 128.0 128.0 0.0 1 1 1.0
138000.0 140000.0 3 1 249.74338257819795 14747.681601654636 540.3670760077417 779159.805922774 999.0239999999758 211.529296875 665.2180852864598 407.20499065830626 3000.0 3000.0 3000.0 0.0 128.0 128.0 128.0 0.0 1 1 1.0
140000.0 142000.0 3 1 294.65700340820126 16956.402981556817 598.4762206440545 861833.658735277 999.5030000000261 203.708984375 663.2292291666769 411.96395331815336 3000.0 3000.0 3000.0 0.0 128.0 128.0 128.0 0.0 2 1 1.0
142000.0 144000.0 3 1 323.12101950121524 18503.606006834583 683.8304832658141 986837.8471274414 997.6500000000815 199.7709960936918 663.4390039062515 414.39361075072173 0.0 0.0 0.0 0.0 128.0 128.0 128.0 0.0 0 1 1.0
144000.0 146000.0 3 1 316.47668719719303 17604.98857593922 682.4133754038389 983114.816194346 998.6589999999851 197.1298828125 664.8266289062643 417.1953794032857 3000.0 3000.0 3000.0 0.0 128.0 128.0 128.0 0.0 2 1 1.0
146000.0 148000.0 2 1 243.31103292574008 13407.042672269528 526.960411781653 754412.9523001221 821.4039999999804 802.6331171874772 812.0185585937288 13.273018525579069 0.0 0.0 0.0 0.0 128.0 128.0 128.0 0.0 0 1 1.0
148000.0 150000.0 2 1 209.40212032119362 13581.37565312528 462.20443339885935 662917.1462621097 999.5719999999856 274.993896484375 637.2829482421803 512.3540904951764 3000.0 3000.0 3000.0 0.0 128.0 128.0 128.0 0.0 1 2 1.0
150000.0 152000.0 3 1 333.69727876743207 19408.169277024404 672.8635448490699 971898.4496253147 994.11599999998 271.1201171875 663.3920735676851 365.40646085393604 3000.0 3000.0 3000.0 0.0 128.0 128.0 128.0 0.0 2 1 1.0
152000.0 154000.0 2 1 261.90060091137434 13934.455069850314 543.9320217520708 785019.4041125756 730.9689999999828 728.0288828124758 729.4989414062293 2.078976800769309 0.0 0.0 0.0 0.0 0.0 0.0 0.0 0.0 0 0 1.0
154000.0 156000.0 2 1 185.25201762946656 11849.969576545807 422.2694195190536 603681.413322951 999.6469999999972 296.0029296875 647.8249648437486 497.5514936596706 3000.0 3000.0 3000.0 0.0 128.0 128.0 128.0 0.0 1 2 1.0
156000.0 158000.0 3 1 324.24177429009893 18578.083205469724 682.3035399020786 979758.7558643015 995.8919999999343 282.303955078125 659.7390084635117 358.58071746359815 3000.0 3000.0 3000.0 0.0 128.0 128.0 128.0 0.0 2 1 1.0
158000.0 160000.0 3 1 315.6885305577747 17937.453536352987 718.9637881921585 1040103.1883472456 998.2020000000484 279.464111328125 664.8067187500225 362.1738970100532 3000.0 3000.0 3000.0 0.0 128.0 128.0 128.0 0.0 1 1 1.0
160000.0 162000.0 3 1 197.1888392029708 11830.579971494404 404.77858065478256 584984.1126999964 972.8300000000163 240.873291015625 643.4560598958439 371.42940838722717 3000.0 3000.0 3000.0 0.0 128.0 128.0 128.0 0.0 1 1 1.0
162000.0 164000.0 3 1 322.37472347347057 17966.530412882992 715.0635585390041 1035431.6734093819 999.4969999999739 239.318115234375 665.6612747395799 388.44073325770813 3000.0 3000.0 3000.0 0.0 128.0 128.0 128.0 0.0 1 1 1.0
164000.0 166000.0 3 1 291.23632341216245 16098.515415788681 670.1895059447146 967471.7072475745 999.179999999993 236.061279296875 665.1477213541511 390.338335240438 3000.0 3000.0 3000.0 0.0 128.0 128.0 128.0 0.0 1 1 1.0
166000.0 168000.0 3 1 316.584249086085 17581.09129481365 618.0355307486476 884981.9200771935 996.9569999999949 227.75 661.9472402343721 394.0792679443463 3000.0 3000.0 3000.0 0.0 128.0 128.0 128.0 0.0 1 1 1.0
168000.0 170000.0 3 1 220.0859568968453 12882.509476964717 440.5941778158799 625685.5824687277 994.9290000000037 212.71728515625 656.1677617187573 401.47686006622405 3000.0 3000.0 3000.0 0.0 128.0 128.0 128.0 0.0 1 1 1.0
170000.0 172000.0 3 1 269.2748195489789 15566.358450301697 589.9043957813548 842812.9311940761 998.9990000000107 187.437255859375 644.9126569010356 415.5419222110504 3000.0 3000.0 3000.0 0.0 128.0 128.0 128.0 0.0 1 1 1.0
172000.0 174000.0 3 1 264.42207851928526 15022.793134517668 580.5003820765729 836517.81060499 997.4120000000112 182.236083984375 663.085276041665 426.883554094483 3000.0 3000.0 3000.0 0.0 128.0 128.0 128.0 0.0 1 1 1.0
174000.0 176000.0 3 1 270.3951250076233 15395.693262054436 598.0401900411165 859329.7702563601 999.0939999999828 167.04931640625 660.5937441406422 437.1539892285831 3000.0 3000.0 3000.0 0.0 128.0 128.0 128.0 0.0 1 1 1.0
176000.0 178000.0 3 1 288.6223835835672 16531.629367084126 613.9925009037253 879755.9101550183 998.2390000000014 160.0913085936918 663.0613307291447 443.55224428731 3000.0 3000.0 3000.0 0.0 128.0 128.0 128.0 0.0 1 1 1.0
178000.0 180000.0 3 1 255.23426985040038 14145.69741202551 573.0487222001422 822203.4029878454 996.9749999999767 77.345947265625 635.3938795572807 490.2844121291652 3000.0 3000.0 3000.0 0.0 128.0 128.0 128.0 0.0 1 1 1.0
180000.0 182000.0 3 1 290.3069013545109 16120.952648356904 643.0589926969184 929637.8427928388 999.0210000000079 72.59912109369179 664.6103912760349 514.1332026011543 3000.0 3000.0 3000.0 0.0 128.0 128.0 128.0 0.0 1 1 1.0
182000.0 184000.0 3 1 215.0631151578121 12416.221716587954 512.3156681917914 737897.8909277648 999.8780000000261 70.576904296875 665.490261067714 516.5320220290112 3000.0 3000.0 3000.0 0.0 128.0 128.0 128.0 0.0 1 1 1.0
184000.0 186000.0 2 1 286.0288924289477 15793.921118758739 609.9410467920593 877921.0876437344 925.7800957032014 865.810999999987 895.7955478515942 42.40455423336795 3000.0 3000.0 3000.0 0.0 128.0 128.0 128.0 0.0 1 1 1.0
186000.0 188000.0 2 1 189.2644097331711 11848.720904702755 423.99984878386044 605001.680455528 998.5680000000284 274.2373046875 636.4026523437642 512.1791464770558 3000.0 3000.0 3000.0 0.0 128.0 128.0 128.0 0.0 1 1 1.0
188000.0 190000.0 3 1 350.81897701736887 19639.469760266733 712.1017412837996 1031300.2927966828 999.8080000000773 265.485107421875 663.2949342448264 370.97910632426135 3000.0 3000.0 3000.0 0.0 128.0 128.0 128.0 0.0 1 1 1.0
190000.0 192000.0 2 1 252.91661324946006 14431.80933503051 497.89840993234 710794.0267477892 814.7739999999176 729.5808925781166 772.1774462890171 60.24062396830945 3000.0 3000.0 3000.0 0.0 128.0 128.0 128.0 0.0 1 1 1.0
192000.0 194000.0 2 1 271.55104382143645 16195.156842639284 657.6378869788934 950130.6966923218 998.3969999999972 806.177978515625 902.2874892578111 135.91937356464226 3000.0 3000.0 3000.0 0.0 128.0 128.0 128.0 0.0 2 2 1.0
194000.0 196000.0 3 1 209.67454824086067 12418.679106508293 438.164956583584 632354.8255808648 999.5570000000298 193.17802148440387 664.1349811198112 419.9274394131806 0.0 0.0 0.0 0.0 0.0 0.0 0.0 0.0 0 0 1.0
196000.0 198000.0 3 1 287.28189391795763 15888.612038892341 666.3283563103972 960430.4871800886 999.4629999999888 196.3770781250205 645.7910123697948 410.0141945525835 3000.0 3000.0 3000.0 0.0 128.0 128.0 128.0 0.0 2 2 1.0
198000.0 200000.0 3 1 274.7575959538515 15330.60425576532 600.0040623387043 865647.8477881508 968.935999999987 255.9780410156818 653.3657154948063 363.4526472546016 3000.0 3000.0 3000.0 0.0 128.0 128.0 128.0 0.0 1 1 1.0
200000.0 202000.0 3 1 237.27878049139963 13291.521783842769 476.24366877631996 687709.0127885892 984.6189999999478 263.3288945312379 517.989630208312 404.67626622778414 3000.0 3000.0 3000.0 0.0 128.0 128.0 128.0 0.0 1 1 1.0
202000.0 204000.0 3 1 233.0323301274681 14401.172901844118 514.6813220643476 739688.1247789658 995.9150000000373 247.4130859375 645.563696614583 376.53334403740416 3000.0 3000.0 3000.0 0.0 128.0 128.0 128.0 0.0 1 1 1.0
204000.0 206000.0 3 1 336.2765420784276 18966.1107843928 743.8520323158112 1071428.0998684918 999.9679999999935 245.05908203125 665.489665364575 384.7242004337066 3000.0 3000.0 3000.0 0.0 128.0 128.0 128.0 0.0 1 1 1.0
206000.0 208000.0 3 1 191.11508965126603 11700.007164124683 374.14226901872837 541476.6612832461 939.4370000000345 238.2939453125 644.0299544270771 363.3589904368238 3000.0 3000.0 3000.0 0.0 128.0 128.0 128.0 0.0 1 1 1.0
208000.0 210000.0 3 1 254.5399865434675 13723.442046722826 540.8607961480715 782208.2226314379 999.6019999999553 232.340087890625 663.8550475260321 392.4937500651162 0.0 0.0 0.0 0.0 128.0 128.0 128.0 0.0 0 1 1.0
210000.0 212000.0 3 1 295.24839297693165 16594.40642453058 661.3857025017007 956303.936361251 995.6080000000075 232.1640625 665.1369915364776 391.9076985939878 3000.0 3000.0 3000.0 0.0 128.0 128.0 128.0 0.0 2 1 1.0
212000.0 214000.0 3 1 284.78787792988965 16340.965704592281 589.3414684795175 848019.0262879345 992.5829999999842 220.0712890625 658.877742187508 396.8353333890293 3000.0 3000.0 3000.0 0.0 128.0 128.0 128.0 0.0 1 1 1.0
214000.0 216000.0 3 1 328.6286507827325 18139.055536184565 754.3606806867738 1088922.5823536897 999.8320000000531 214.31689453125 664.4192018229514 405.12190493187 3000.0 3000.0 3000.0 0.0 128.0 128.0 128.0 0.0 1 1 1.0
216000.0 218000.0 3 1 249.9769234814819 14225.989778169198 556.2513220459091 795211.5962040629 999.810999999987 207.833984375 646.7786966145892 402.9176154202153 3000.0 3000.0 3000.0 0.0 128.0 128.0 128.0 0.0 1 1 1.0
218000.0 220000.0 3 1 247.4317887656568 13765.035821302463 552.5123731778554 791626.6448307424 998.0089999999618 192.902099609375 659.233371744786 417.4351590108464 3000.0 3000.0 3000.0 0.0 128.0 128.0 128.0 0.0 1 1 1.0
220000.0 222000.0 3 1 279.45770616439404 15510.404536771852 638.3649159616223 913352.1331288582 997.3490000000456 172.718994140625 656.7669648437683 430.62805022162706 3000.0 3000.0 3000.0 0.0 128.0 128.0 128.0 0.0 1 1 1.0
222000.0 224000.0 3 1 227.23020542044873 12931.839169972176 489.8170511478021 699734.3653998376 995.4070000000065 136.25927734375 651.8210944010256 454.6597496235964 3000.0 3000.0 3000.0 0.0 128.0 128.0 128.0 0.0 1 1 1.0
224000.0 226000.0 3 1 277.5856053795304 15516.293049949498 643.1816632541719 926462.8764065197 997.8560000000289 130.712890625 662.9865377604341 466.0585823637854 3000.0 3000.0 3000.0 0.0 128.0 128.0 128.0 0.0 1 1 1.0
226000.0 228000.0 3 1 248.16489414549952 13740.846836399222 590.2824111094135 853469.2484014061 996.9020000000019 125.169921875 662.9726770833367 470.2685257422866 3000.0 3000.0 3000.0 0.0 128.0 128.0 128.0 0.0 1 1 1.0
228000.0 230000.0 3 1 231.71109763644768 13096.295701534918 524.4654638590439 757752.8372689844 995.6360000000568 119.72802734375 662.9070351562696 474.3633729324771 3000.0 3000.0 3000.0 0.0 128.0 128.0 128.0 0.0 1 1 1.0
230000.0 232000.0 3 1 275.6532725986759 15357.164245549962 612.7110813132147 884326.7904525158 996.8009999999776 113.39697265625 661.7216484374754 478.7544726763821 3000.0 3000.0 3000.0 0.0 128.0 128.0 128.0 0.0 1 1 1.0
232000.0 234000.0 3 1 194.15851055231437 11294.185060681237 460.54984808773304 659523.9703811778 998.2330000000075 103.087890625 662.2373059895666 487.5134656859691 3000.0 3000.0 3000.0 0.0 128.0 128.0 128.0 0.0 1 1 1.0
234000.0 236000.0 3 1 321.87527823288616 17870.433376651494 712.4801483430425 1032731.3954602648 994.5439999999944 101.986083984375 664.3123977864549 489.45467075211593 3000.0 3000.0 3000.0 0.0 128.0 128.0 128.0 0.0 1 1 1.0
236000.0 238000.0 2 1 276.5819851069754 15355.777832978114 576.3805194973415 825596.6184705982 963.76800000004 895.3799160156632 929.5739580078516 48.357677937708004 3000.0 3000.0 3000.0 0.0 128.0 128.0 128.0 0.0 1 1 1.0
238000.0 240000.0 2 1 189.0 11048.0 435.0 628679.0 997.6459999999497 248.54000000003725 623.0929999999935 529.697932427468 3000.0 3000.0 3000.0 0.0 128.0 128.0 128.0 0.0 1 1 1.0
240000.0 242000.0 2 1 176.28479185928035 11309.24595422227 395.63810722741283 565206.5791230145 998.7970000000205 272.238037109375 635.5175185546977 513.7547695918406 3000.0 3000.0 3000.0 0.0 128.0 128.0 128.0 0.0 1 1 1.0
242000.0 244000.0 3 1 304.5267850617165 17495.041032805835 639.7180517420466 917959.4163861979 999.9470000000438 264.78125 662.88407096356 371.3644723154513 3000.0 3000.0 3000.0 0.0 128.0 128.0 128.0 0.0 1 1 1.0
244000.0 246000.0 3 1 226.19348593689517 16098.687072174227 513.0763963633008 735650.3411634106 967.3000000000466 262.1669921875 654.279914062509 359.15859616493384 2300.0 1500.0 1900.0 461.8802153517006 128.0 128.0 128.0 0.0 4 4 1.0
246000.0 248000.0 3 1 184.44901579704015 12142.71163716584 390.1934287156448 555784.8977100966 997.6360000000568 257.31396484375 664.1859908854434 375.5825786185034 3000.0 3000.0 3000.0 0.0 128.0 128.0 128.0 0.0 2 2 1.0
248000.0 250000.0 2 1 186.54592134506782 9422.314303631829 415.37401595159514 596139.7656172805 767.6149999999907 741.3070351562928 754.4610175781418 18.602540340196036 0.0 0.0 0.0 0.0 0.0 0.0 0.0 0.0 0 0 1.0
250000.0 252000.0 2 1 173.0703710445605 11272.05615959392 414.4975324373078 594248.9225596545 998.7410000000382 298.43310546875 648.5870527343941 495.19246114154737 3000.0 3000.0 3000.0 0.0 128.0 128.0 128.0 0.0 1 2 1.0
252000.0 254000.0 3 1 309.2164023553702 16719.67445744446 703.2858277215331 1018247.544017266 999.4860000000335 292.8798828125 663.9012591145778 354.6334270185885 3000.0 3000.0 3000.0 0.0 128.0 128.0 128.0 0.0 2 1 1.0
254000.0 256000.0 3 1 308.20222274338494 17045.083339154764 714.2584142334402 1034356.1898406716 995.2939999999944 288.3212890625 662.6401354166834 355.32320713971507 3000.0 3000.0 3000.0 0.0 128.0 128.0 128.0 0.0 1 1 1.0
256000.0 258000.0 3 1 182.89280692094462 10682.15641896199 379.7378095479712 545318.5676465587 979.5679999999702 263.287109375 651.0146067708265 361.7882799671269 3000.0 3000.0 3000.0 0.0 128.0 128.0 128.0 0.0 1 1 1.0
258000.0 260000.0 2 1 213.61819693573977 10694.029624844869 474.2204160597478 683416.7759358492 735.6078906250186 683.4610000000102 709.5344453125144 36.87341997873663 0.0 0.0 0.0 0.0 0.0 0.0 0.0 0.0 0 0 1.0
260000.0 262000.0 2 1 192.9998029494979 12121.797865928756 447.8625575132212 640471.9582734832 995.9150000000373 300.197998046875 648.0564990234561 491.94620986785554 3000.0 3000.0 3000.0 0.0 128.0 128.0 128.0 0.0 1 2 1.0
262000.0 264000.0 3 1 314.59248839425027 17362.166594993014 702.5494694107899 1016923.25082071 998.4989999999525 297.51708984375 663.9780305989552 351.58076016633834 3000.0 3000.0 3000.0 0.0 128.0 128.0 128.0 0.0 1 1 1.0
264000.0 266000.0 3 1 295.89534258057927 16402.616113238277 652.2538962393692 940106.5018151589 999.2269999999553 292.888916015625 663.6826087239509 354.4859054465547 3000.0 3000.0 3000.0 0.0 128.0 128.0 128.0 0.0 2 1 1.0
266000.0 268000.0 3 1 293.39288939727527 16427.918765317943 679.2452299696861 985270.2834398602 999.8479999999981 288.9541015625 663.2740618489528 356.94692231366975 3000.0 3000.0 3000.0 0.0 128.0 128.0 128.0 0.0 1 1 1.0
268000.0 270000.0 3 1 294.41191475119683 16126.459750325139 655.4950965168633 950928.5772995317 997.6879999999655 285.362060546875 663.4929863281237 358.18966244727966 3000.0 3000.0 3000.0 0.0 128.0 128.0 128.0 0.0 1 1 1.0
270000.0 272000.0 3 1 222.9484633823963 12834.966117128228 513.181916242336 735990.7732443647 998.0010000000475 258.514892578125 652.893944010449 372.1971559787739 3000.0 3000.0 3000.0 0.0 128.0 128.0 128.0 0.0 1 1 1.0
272000.0 274000.0 3 1 272.2881053228682 14764.96109769032 589.8351547365212 852075.4711430884 998.9109999999637 252.18408203125 663.7443964843793 379.1797354921151 3000.0 3000.0 3000.0 0.0 128.0 128.0 128.0 0.0 1 1 1.0
274000.0 276000.0 3 1 198.9519385107152 11567.812510475975 436.34800701957585 623536.4510726149 998.1990000000224 229.865966796875 649.0786282552095 388.9326539206375 3000.0 3000.0 3000.0 0.0 128.0 128.0 128.0 0.0 1 1 1.0
276000.0 278000.0 2 1 84.51905471122078 4649.301184902346 151.22867235163733 211860.73289118815 744.4120332031744 20.136999999987893 382.2745166015811 512.139787422085 0.0 0.0 0.0 0.0 0.0 0.0 0.0 0.0 0 0 1.0
278000.0 280000.0 2 1 169.46169884661828 11354.53664404293 401.78687515376544 573573.866428163 995.4109999999637 281.947265625 638.6791328124818 504.4950447072145 3000.0 3000.0 3000.0 0.0 128.0 128.0 128.0 0.0 1 2 1.0
280000.0 282000.0 3 1 293.7726989404621 15825.785616723006 685.8514898892058 992384.4867340619 994.515999999945 274.93603515625 655.693589843732 361.6182361431143 3000.0 3000.0 3000.0 0.0 128.0 128.0 128.0 0.0 1 1 1.0
282000.0 284000.0 3 1 278.1099020336714 15547.179704622187 624.2649364699031 904445.6931695081 999.6999999999534 271.10205078125 664.2320052083038 367.70561471531994 3000.0 3000.0 3000.0 0.0 128.0 128.0 128.0 0.0 2 1 1.0
284000.0 286000.0 3 1 292.936919167806 16283.515142019622 674.8563584610896 976539.9799504622 996.9459999999963 265.1259765625 663.2443085937606 370.13816929367687 3000.0 3000.0 3000.0 0.0 128.0 128.0 128.0 0.0 1 1 1.0
286000.0 288000.0 3 1 291.7347774150364 16267.048688335557 657.9048472427914 950272.0083931459 996.2449999999953 263.15087890625 664.717634114592 371.531808379983 3000.0 3000.0 3000.0 0.0 128.0 128.0 128.0 0.0 1 1 1.0
288000.0 290000.0 3 1 343.28687863245955 18960.883193750466 760.2806075680211 1101574.553554745 998.5659999999916 259.991943359375 665.0083548177112 374.4364775818672 3000.0 3000.0 3000.0 0.0 128.0 128.0 128.0 0.0 1 2 1.0
290000.0 292000.0 2 1 250.6971249639463 13157.051010506231 513.0548852152237 737743.4117699137 737.6550566406222 705.2449999999953 721.4500283203088 22.91737082922735 3000.0 3000.0 3000.0 0.0 0.0 0.0 0.0 0.0 1 0 1.0
292000.0 294000.0 2 1 284.4604248018353 16922.50700810652 627.523614137088 902015.1522837444 997.2920000000158 799.93310546875 898.6125527343829 139.5538126505387 3000.0 3000.0 3000.0 0.0 128.0 128.0 128.0 0.0 2 2 1.0
294000.0 296000.0 3 1 285.07578436626306 16017.800997647082 610.5425501959812 878714.417585822 998.2939999999944 199.48989453120157 665.3032903645653 415.6361379922057 3000.0 3000.0 3000.0 0.0 128.0 128.0 128.0 0.0 1 1 1.0
296000.0 298000.0 3 1 236.46379083190163 13260.691994246396 430.93383566693086 617374.4301304335 994.0810000000056 33.83700000005774 409.4100078125096 513.1360542646117 0.0 0.0 0.0 0.0 0.0 0.0 0.0 0.0 0 0 1.0
298000.0 300000.0 2 1 208.56792493920548 12340.063987989015 450.7232380523043 644758.5319702154 999.1550000000279 301.66796875 650.411484375014 493.19780958656816 3000.0 3000.0 3000.0 0.0 128.0 128.0 128.0 0.0 1 1 1.0
300000.0 302000.0 1 1 74.43207506079452 3888.9360120109855 129.27676194769575 186514.4680297846 383.38003124995157 383.38003124995157 383.38003124995157 0.0 0.0 0.0 0.0 0.0 0.0 0.0 0.0 0.0 0 0 0.0
