ts te nbins ncons c_pkts_all c_bytes_all s_pkts_all s_bytes_all max_bin_duration min_bin_duration avg_bin_duration std_bin_duration max_video_rate min_video_rate avg_video_rate std_video_rate max_audio_rate min_audio_rate avg_audio_rate std_audio_rate video_reqs audio_reqs media_reqs
0.0 2000.0 0 0 0.0 0.0 0.0 0.0 0.0 0.0 0.0 0.0 0.0 0.0 0.0 0.0 0.0 0.0 0.0 0.0 0 0 
2000.0 4000.0 0 0 0.0 0.0 0.0 0.0 0.0 0.0 0.0 0.0 0.0 0.0 0.0 0.0 0.0 0.0 0.0 0.0 0 0 
4000.0 6000.0 0 0 0.0 0.0 0.0 0.0 0.0 0.0 0.0 0.0 0.0 0.0 0.0 0.0 0.0 0.0 0.0 0.0 0 0 
6000.0 8000.0 0 0 0.0 0.0 0.0 0.0 0.0 0.0 0.0 0.0 0.0 0.0 0.0 0.0 0.0 0.0 0.0 0.0 0 0 
8000.0 10000.0 2 1 90.13598420409308 9569.21293727753 204.7988012303612 220895.53370106843 995.5730000000003 129.14208984375 562.3575449218752 612.6591720011169 1500.0 1500.0 1500.0 0.0 128.0 128.0 128.0 0.0 2 2 1.0
10000.0 12000.0 3 1 109.18905385875911 6421.699293433525 336.3022276062391 387291.2836018044 994.7320000000036 116.915283203125 660.8337311197926 475.10199302243706 288.0 288.0 288.0 0.0 128.0 128.0 128.0 0.0 4 3 1.0
12000.0 14000.0 3 1 100.43185676689194 5480.031932045553 301.418566995304 354152.58521025506 992.8289999999979 82.248046875 652.1085878906233 496.6571423576697 288.0 288.0 288.0 0.0 128.0 128.0 128.0 0.0 3 3 1.0
14000.0 16000.0 3 1 127.24310517025589 6442.055837243392 317.4804041680957 384467.5974868721 983.1570000000065 17.59100000000035 634.681984375003 535.9060823405798 288.0 288.0 288.0 0.0 128.0 128.0 128.0 0.0 3 3 1.0
16000.0 18000.0 1 1 31.929871662326853 2061.2506039791 113.52843257716215 128863.28560752232 708.4230957031177 708.4230957031177 708.4230957031177 0.0 288.0 288.0 288.0 0.0 128.0 128.0 128.0 0.0 2 2 1.0
18000.0 20000.0 3 1 85.2498431365343 4360.259595906863 182.20263536989842 212898.24719157146 997.0559999999969 289.9849042968781 653.2527298177083 353.93719115204266 840.0 840.0 840.0 0.0 128.0 128.0 128.0 0.0 2 1 1.0
20000.0 22000.0 3 1 110.10827467749155 4828.675413263803 242.85420929555215 288169.5053696582 959.7989999999918 308.17871484375064 627.2228776041642 326.0208343886263 840.0 840.0 840.0 0.0 128.0 128.0 128.0 0.0 1 1 1.0
22000.0 24000.0 3 1 94.06497915395366 4098.129094083894 195.95168554483314 231357.6936259406 902.4000000000015 382.3990820312465 618.2746614583326 263.33679597247396 840.0 840.0 840.0 0.0 128.0 128.0 128.0 0.0 1 1 1.0
24000.0 26000.0 3 1 107.41182264376013 4476.027956608452 230.12472834783262 276931.79469714273 992.9079999999958 429.9240976562505 661.4390683593738 294.5009580712246 840.0 840.0 840.0 0.0 128.0 128.0 128.0 0.0 1 1 1.0
26000.0 28000.0 3 1 89.34694011694194 4331.795584514506 216.7840381746676 254915.04389071837 991.1419999999998 429.4378925781275 658.515319010415 294.82149203065154 840.0 840.0 840.0 0.0 128.0 128.0 128.0 0.0 1 1 1.0
28000.0 30000.0 3 1 120.05884628361409 5477.87890235064 318.98083915709765 383876.8499597021 988.9979999999996 443.9529355468767 661.7156601562505 288.5557834492171 840.0 840.0 840.0 0.0 128.0 128.0 128.0 0.0 1 1 1.0
30000.0 32000.0 3 1 157.82688031286398 6707.068075944728 411.46423379985674 495668.37269127433 993.4210000000021 445.99495507813117 663.5066529947944 290.5074617050178 840.0 840.0 840.0 0.0 128.0 128.0 128.0 0.0 2 2 1.0
32000.0 34000.0 3 1 106.68411600840295 4557.468581007246 201.37007978054828 234742.5370269204 993.3260000000009 447.1699960937476 663.1379882812495 290.4414825692107 840.0 840.0 840.0 0.0 128.0 128.0 128.0 0.0 1 1 1.0
34000.0 36000.0 3 1 59.65883020638032 2154.9242945992123 144.57857007910133 174978.15727218954 447.06303124999977 97.90087890625 244.4046367187499 181.22792162382447 840.0 840.0 840.0 0.0 128.0 128.0 128.0 0.0 1 1 1.0
36000.0 38000.0 2 1 129.6595957977302 5637.521897741555 376.16054787345 441912.51266736 627.650999999998 564.8451210937492 596.2480605468736 44.4104628729897 840.0 840.0 840.0 0.0 128.0 128.0 128.0 0.0 1 1 1.0
38000.0 40000.0 1 1 90.21716487763376 3567.4666835664316 261.31868447314605 317454.7598498937 710.35595703125 710.35595703125 710.35595703125 0.0 1500.0 1500.0 1500.0 0.0 128.0 128.0 128.0 0.0 1 1 1.0
40000.0 42000.0 2 1 111.8153949878609 4449.313493214227 325.86566441986065 396639.8919268305 711.6359863281177 203.0100429687518 457.32301464843476 359.6528536368125 1500.0 1500.0 1500.0 0.0 128.0 128.0 128.0 0.0 1 1 1.0
42000.0 44000.0 2 1 113.09144486451683 4498.781134065062 337.1876652970277 407037.1885015991 709.132080078125 214.79501367187186 461.9635468749984 349.54909184772623 1500.0 1500.0 1500.0 0.0 128.0 128.0 128.0 0.0 1 1 1.0
44000.0 46000.0 2 1 106.90439271537676 4261.714655077852 322.856795934846 389446.47538535576 709.4453125 218.75291992186976 464.0991162109349 346.9719182686474 1500.0 1500.0 1500.0 0.0 128.0 128.0 128.0 0.0 1 1 1.0
46000.0 48000.0 3 1 39.97160255461176 1586.7240340764283 103.77118987511953 119135.6843363209 995.801999999996 109.11999999999534 462.78256249999686 469.76367328511463 0.0 0.0 0.0 0.0 0.0 0.0 0.0 0.0 0 0 1.0
48000.0 50000.0 1 1 67.71188420385668 3051.972114063415 201.01965623019953 235077.3233204852 703.50390625 703.50390625 703.50390625 0.0 2300.0 2300.0 2300.0 0.0 128.0 128.0 128.0 0.0 2 1 1.0
50000.0 52000.0 3 1 237.47426781994562 9895.591048052187 709.2678985270337 862773.4172493469 997.0709999999963 293.9040937499958 662.4770494791641 352.8127748643894 1500.0 1500.0 1500.0 0.0 128.0 128.0 128.0 0.0 2 2 1.0
52000.0 54000.0 3 1 138.83543849525356 5359.381476370632 421.00423691528 508539.5250783433 987.2850000000035 303.0979453125037 656.0716588541691 342.6121959381961 1500.0 1500.0 1500.0 0.0 128.0 128.0 128.0 0.0 1 1 1.0
54000.0 56000.0 3 1 149.57996828268466 5727.365765081207 438.21145224492176 531218.0708657547 998.7109999999957 320.03796874999534 663.1459778645803 339.3993861602315 2300.0 2300.0 2300.0 0.0 128.0 128.0 128.0 0.0 1 1 1.0
56000.0 58000.0 3 1 173.41637841349592 6529.876725976988 512.1734933274677 623455.3301246731 991.9649999999965 328.51403515624406 661.1180117187469 331.7289721201509 2300.0 2300.0 2300.0 0.0 128.0 128.0 128.0 0.0 1 1 1.0
58000.0 60000.0 3 1 113.21136651187427 4563.939657921807 336.408467354343 403692.26807478786 946.554999999993 334.88300000000163 636.4883665364565 305.9237710190332 2300.0 2300.0 2300.0 0.0 128.0 128.0 128.0 0.0 1 1 1.0
60000.0 62000.0 3 1 181.82906228127567 6779.515142476939 533.1590715154481 650734.2685908217 915.778999999995 371.72190039062116 597.4522858072887 283.60199573687987 2300.0 2300.0 2300.0 0.0 128.0 128.0 128.0 0.0 1 1 1.0
62000.0 64000.0 3 1 190.8655487488135 8001.541024124508 562.9728841228508 679336.3326887974 998.7829999999958 491.6953125 661.8177851562505 291.82504376596177 3000.0 3000.0 3000.0 0.0 128.0 128.0 128.0 0.0 2 2 1.0
64000.0 66000.0 3 1 243.79716406124393 8736.695607425234 733.7607253219091 906354.526441052 994.7060000000056 490.285888671875 664.0888587239606 286.4488181168913 3000.0 3000.0 3000.0 0.0 0.0 0.0 0.0 0.0 1 0 1.0
66000.0 68000.0 3 1 226.2410071157588 8243.316386812867 664.7909742228643 812553.7748088064 986.2599999999948 486.962890625 660.6756673177055 282.17570412170386 3000.0 3000.0 3000.0 0.0 128.0 128.0 128.0 0.0 1 1 1.0
68000.0 70000.0 3 1 248.0385900562649 9217.281933225782 733.819517453891 897980.1773882676 999.2939999999799 486.489990234375 665.3880332031162 289.4176574520799 3000.0 3000.0 3000.0 0.0 128.0 128.0 128.0 0.0 1 1 1.0
70000.0 72000.0 3 1 267.1070544179421 9477.023442771477 802.4017165186658 982653.0220447609 993.8469999999797 481.451904296875 656.3833046874983 292.3178812433015 3000.0 3000.0 3000.0 0.0 128.0 128.0 128.0 0.0 2 2 1.0
72000.0 74000.0 3 1 225.36678788245075 8114.272770358645 668.5786842397451 820335.8986484429 995.9930000000022 475.4892578125 663.3411178385431 288.8880773164776 3000.0 3000.0 3000.0 0.0 128.0 128.0 128.0 0.0 1 1 1.0
74000.0 76000.0 3 1 265.36118915420855 9791.017498186615 783.1352825503296 963622.6774360419 995.410000000018 470.85205078123545 663.3759309895831 288.7690774768816 3000.0 3000.0 3000.0 0.0 128.0 128.0 128.0 0.0 1 1 1.0
76000.0 78000.0 3 1 218.94312762170176 7908.101515387956 639.0190903661712 780511.5797244502 991.1190000000206 453.187255859375 656.6914016927185 291.8875693556081 3000.0 3000.0 3000.0 0.0 128.0 128.0 128.0 0.0 1 1 1.0
78000.0 80000.0 3 1 220.32839304454677 7957.994481465341 635.7972763599942 777370.3416040614 999.9579999999987 448.636962890625 662.9425690104157 295.43526757907597 3000.0 3000.0 3000.0 0.0 128.0 128.0 128.0 0.0 1 1 1.0
80000.0 82000.0 3 1 217.42047669179522 7878.693970439598 619.8276528292906 760533.6925875185 974.1089999999967 442.462890625 654.929975911451 281.42934249215955 3000.0 3000.0 3000.0 0.0 128.0 128.0 128.0 0.0 1 1 1.0
82000.0 84000.0 3 1 210.50206893080707 7635.636109718503 620.2768737914128 759764.4452377729 988.4969999999885 423.882080078125 655.8900631510381 295.44477330834275 3000.0 3000.0 3000.0 0.0 128.0 128.0 128.0 0.0 1 1 1.0
84000.0 86000.0 2 1 142.9702262660802 4710.783330140297 424.3750461081819 520907.3280858152 785.0800000000017 569.3239199218806 677.2019599609412 152.56258730546725 0.0 0.0 0.0 0.0 0.0 0.0 0.0 0.0 0 0 1.0
86000.0 88000.0 1 1 96.36403634236413 3776.756416944064 293.374955086753 355884.5209428531 710.561279296875 710.561279296875 710.561279296875 0.0 3000.0 3000.0 3000.0 0.0 128.0 128.0 128.0 0.0 1 1 1.0
88000.0 90000.0 3 1 196.94373323562223 7529.353918832015 587.002350272043 717099.7151313012 708.0512695312354 284.8907207031152 508.6186634114517 212.62386991138197 3000.0 3000.0 3000.0 0.0 128.0 128.0 128.0 0.0 1 1 1.0
90000.0 92000.0 3 1 251.42980365337075 9673.949413510565 728.0765524085214 897970.0298334658 994.6589999999997 291.8727304687636 663.746904947921 353.1792096424286 3000.0 3000.0 3000.0 0.0 128.0 128.0 128.0 0.0 1 1 1.0
92000.0 94000.0 3 1 260.2476921135599 9828.960551565444 749.9086315825358 924729.8457796965 998.9499999999825 293.92401562500163 664.5523248697864 353.90663146829644 3000.0 3000.0 3000.0 0.0 128.0 128.0 128.0 0.0 1 1 1.0
94000.0 96000.0 3 1 256.59467777397396 10154.40152607859 743.6613513830414 913328.0251470741 999.9809999999998 295.5720410156209 664.3799850260402 353.3765986541673 3000.0 3000.0 3000.0 0.0 128.0 128.0 128.0 0.0 2 2 1.0
96000.0 98000.0 3 1 268.02520718267573 10072.9052151923 808.7916101718054 995362.3237344227 997.8960000000079 297.88308593750116 664.2107858072947 351.14622149035637 3000.0 3000.0 3000.0 0.0 128.0 128.0 128.0 0.0 1 1 1.0
98000.0 100000.0 3 1 244.6363229966529 9192.805562066522 713.0823421971021 874733.5349433939 983.6570000000211 302.9897285156185 654.5772298177131 340.8913787229384 3000.0 3000.0 3000.0 0.0 128.0 128.0 128.0 0.0 1 1 1.0
100000.0 102000.0 3 1 138.75852670178043 5070.867395810497 396.10220689819784 482551.00448779267 997.1469999999827 36.403000000005704 450.1830130208303 494.02503638326704 0.0 0.0 0.0 0.0 0.0 0.0 0.0 0.0 0 0 1.0
102000.0 104000.0 1 1 70.6081628323986 2967.682480258693 223.94912251892086 272710.8344854689 710.9799804687646 710.9799804687646 710.9799804687646 0.0 3000.0 3000.0 3000.0 0.0 128.0 128.0 128.0 0.0 1 1 1.0
104000.0 106000.0 3 1 270.78720951100877 10665.999338627997 808.8023521783155 997056.2579292876 996.4780000000028 285.88801953123766 663.7213717447885 357.43315930081536 3000.0 3000.0 3000.0 0.0 128.0 128.0 128.0 0.0 1 1 1.0
106000.0 108000.0 3 1 215.02272415837814 8220.21520925884 632.333114678557 771243.157394696 997.6010000000097 285.2089042968728 662.8453261718823 358.126644386971 3000.0 3000.0 3000.0 0.0 128.0 128.0 128.0 0.0 1 1 1.0
108000.0 110000.0 3 1 250.35480348148138 9896.115968822547 733.953125537141 896135.1349923026 995.9590000000026 291.6609257812379 662.1872734374969 353.5846729792938 2300.0 2300.0 2300.0 0.0 128.0 128.0 128.0 0.0 2 2 1.0
110000.0 112000.0 3 1 243.48286122379687 9140.979836393555 716.8551448289637 881798.7087936015 985.7770000000019 300.9761054687551 654.556373697919 342.9475637441231 2300.0 2300.0 2300.0 0.0 128.0 128.0 128.0 0.0 1 1 1.0
112000.0 114000.0 3 1 165.32244469560948 6434.189373343366 483.31202267265985 588628.8325158668 960.3150000000023 322.7659843750007 633.2003346354177 319.10164762201225 2300.0 2300.0 2300.0 0.0 128.0 128.0 128.0 0.0 1 1 1.0
114000.0 116000.0 3 1 172.90431149818198 6726.049770637961 507.39414822118005 619877.1079889631 982.8699999999953 381.7859804687614 657.606029947919 303.57705050805805 2300.0 2300.0 2300.0 0.0 128.0 128.0 128.0 0.0 1 1 1.0
116000.0 118000.0 3 1 171.6914869343443 6777.458114358422 503.88368138600896 618658.2644999544 989.6669999999867 388.66389062500093 637.6369895833292 313.4752456241126 2300.0 2300.0 2300.0 0.0 128.0 128.0 128.0 0.0 1 1 1.0
118000.0 120000.0 3 1 156.1068872075213 6117.86153418528 459.2565596213868 563515.7880164452 910.9910000000091 463.8169218749972 633.6802773437521 242.17734529345014 2300.0 2300.0 2300.0 0.0 128.0 128.0 128.0 0.0 1 1 1.0
120000.0 122000.0 3 1 160.99843059178912 6470.414678338974 443.3354889162005 540642.3547746835 916.2380000000121 473.37408984373906 627.9524023437504 249.88065012644938 2300.0 2300.0 2300.0 0.0 128.0 128.0 128.0 0.0 1 1 1.0
122000.0 124000.0 3 1 138.13273504951167 5725.133935972759 341.9352723230726 413408.87977686536 984.122000000003 482.77099609375 657.1402929687465 283.38334121773784 0.0 0.0 0.0 0.0 0.0 0.0 0.0 0.0 0 0 1.0
124000.0 126000.0 3 1 171.5864629423449 7516.293058896885 338.5997052908267 408370.1248901372 990.8479999999981 478.249267578125 658.9180904947958 287.83554741741887 1500.0 1500.0 1500.0 0.0 128.0 128.0 128.0 0.0 1 1 1.0
126000.0 128000.0 3 1 150.9559600621708 6808.980097611397 276.2992222038415 335011.6865878904 995.8630000000121 464.46728515625 659.7710058593754 292.33774113465887 1500.0 1500.0 1500.0 0.0 0.0 0.0 0.0 0.0 2 0 1.0
128000.0 130000.0 3 1 123.23779532432752 4846.127441769787 212.5987851172457 258558.80178425222 987.0540000000037 449.52001953125 654.1422447916702 290.82528717485695 0.0 0.0 0.0 0.0 0.0 0.0 0.0 0.0 0 0 1.0
130000.0 132000.0 3 1 192.44600212916177 8216.040411964168 460.1700060874014 554149.7652137962 994.8090000000084 446.81494140625 662.160307291672 292.22324501364955 840.0 480.0 600.0 207.84609690826528 128.0 128.0 128.0 0.0 3 2 1.0
132000.0 134000.0 3 1 139.36172235797338 7059.458749559371 396.3222484182782 459532.30035578884 966.6969999999856 283.22299999999814 600.5870195312406 344.33458103970054 480.0 480.0 480.0 0.0 128.0 128.0 128.0 0.0 2 4 1.0
134000.0 136000.0 1 1 62.05391909133153 2662.6124134246047 192.58112821447716 226556.00554870008 710.946044921875 710.946044921875 710.946044921875 0.0 3000.0 3000.0 3000.0 0.0 128.0 128.0 128.0 0.0 1 1 1.0
136000.0 138000.0 3 1 222.18107126014118 8445.82180362474 648.9960184309892 793884.259128697 998.5229999999865 285.8049550781143 663.4393151041586 358.2592257777068 3000.0 3000.0 3000.0 0.0 128.0 128.0 128.0 0.0 1 1 1.0
138000.0 140000.0 3 1 214.9191966732099 8184.765603281715 618.839408644313 757650.9625958211 992.6369999999879 293.4420097656257 655.1726582031212 350.22856654003857 3000.0 3000.0 3000.0 0.0 128.0 128.0 128.0 0.0 1 1 1.0
140000.0 142000.0 3 1 203.44397225350832 7806.954169267194 608.714976625551 743158.155788237 996.0989999999874 316.80303515624837 657.1106555989536 339.64990406329014 3000.0 3000.0 3000.0 0.0 128.0 128.0 128.0 0.0 1 1 1.0
142000.0 144000.0 3 1 238.1372625757441 8977.784582505237 687.0491030552987 840420.545168763 995.176999999996 334.75806835936964 662.4866569010386 330.23742303614176 3000.0 3000.0 3000.0 0.0 128.0 128.0 128.0 0.0 1 1 1.0
144000.0 146000.0 3 1 216.10751520180705 8200.34913105061 627.703548435042 764736.4302400637 994.9539999999979 341.5660976562358 659.3436946614529 327.05877430084576 3000.0 3000.0 3000.0 0.0 128.0 128.0 128.0 0.0 1 1 1.0
146000.0 148000.0 3 1 214.1163720778156 8400.7574737582 631.340696333765 768443.442023678 993.6449999999895 353.65401367188315 652.5969856770826 322.0663620851106 3000.0 3000.0 3000.0 0.0 128.0 128.0 128.0 0.0 1 1 1.0
148000.0 150000.0 3 1 222.34552268855512 8444.868312014227 654.9161858228031 799725.2748467237 986.5789999999979 386.6430566406343 659.0006953125024 303.7561118727152 3000.0 3000.0 3000.0 0.0 128.0 128.0 128.0 0.0 1 1 1.0
150000.0 152000.0 3 1 223.1967272862272 8477.482091158972 659.0750770018662 806709.0647403594 986.0089999999909 396.1939707031124 659.0342910156178 300.0922475737337 3000.0 3000.0 3000.0 0.0 128.0 128.0 128.0 0.0 1 1 1.0
152000.0 154000.0 3 1 216.77988799906592 8240.2239689416 638.9793048909091 782503.8032311206 979.8539999999921 404.795097656257 657.494116536458 293.7901671807082 3000.0 3000.0 3000.0 0.0 128.0 128.0 128.0 0.0 1 1 1.0
154000.0 156000.0 3 1 191.9199660672839 7396.168946751353 567.1099299036396 690591.7410328691 996.3589999999967 411.6317480468715 659.4755944010394 302.36157514975866 3000.0 3000.0 3000.0 0.0 128.0 128.0 128.0 0.0 1 1 1.0
156000.0 158000.0 3 1 203.19318463154434 7424.619150331748 599.2153673997441 736036.6753825276 885.5780000000086 429.1799648437591 600.6966653645892 248.42191293155344 3000.0 3000.0 3000.0 0.0 128.0 128.0 128.0 0.0 1 1 1.0
158000.0 160000.0 3 1 224.24618335642742 9089.938557482681 651.0142642936057 789799.5360579545 997.0770000000193 480.7209472655959 663.4026386718712 289.40453188654527 3000.0 3000.0 3000.0 0.0 128.0 128.0 128.0 0.0 1 1 1.0
160000.0 162000.0 3 1 252.31990704125502 9368.6982385247 765.0045978925816 942667.0517255015 998.0860000000393 477.0380859375 663.6450462239833 290.28244764459515 3000.0 3000.0 3000.0 0.0 128.0 128.0 128.0 0.0 1 1 1.0
162000.0 164000.0 3 1 235.24790445751887 9023.049786702839 672.8103567484939 826325.7046246793 876.4429999999993 430.3149414062791 608.8212851562615 236.0375461447474 3000.0 3000.0 3000.0 0.0 128.0 128.0 128.0 0.0 1 1 1.0
164000.0 166000.0 3 1 160.6716179298998 6367.945125992917 462.80054984590856 560821.4400767399 999.8179999999993 421.6013183593459 663.1357923177032 300.62177425543103 3000.0 3000.0 3000.0 0.0 128.0 128.0 128.0 0.0 1 1 1.0
166000.0 168000.0 3 1 231.7822388996529 9090.551510550873 684.6941473188587 838196.4042533785 995.0249999999942 418.0749511719332 662.0745442708527 298.58337475933075 2300.0 2300.0 2300.0 0.0 128.0 128.0 128.0 0.0 1 1 1.0
168000.0 170000.0 3 1 256.32350407298577 9616.71893411812 751.7256685585041 926924.1104961851 991.1170000000275 396.811279296875 654.9651093750048 304.7336468162499 2300.0 2300.0 2300.0 0.0 128.0 128.0 128.0 0.0 2 2 1.0
170000.0 172000.0 3 1 229.1131490924381 9117.42042087084 660.1647428114936 801186.6364407949 981.1140000000014 378.0681152344041 653.1932786458541 304.969855866184 1500.0 1500.0 1500.0 0.0 128.0 128.0 128.0 0.0 1 1 1.0
172000.0 174000.0 2 1 122.62955237203437 4777.4835664921675 375.99324875340005 458771.58496756235 710.830078125 294.36888476563036 502.5994814453152 294.48253392545223 3000.0 3000.0 3000.0 0.0 128.0 128.0 128.0 0.0 1 1 1.0
174000.0 176000.0 3 1 213.87334204908714 8135.807200737324 628.3994554437731 770310.3657787807 999.2569999999832 287.71892187499907 650.9102682291608 356.00123748667636 3000.0 3000.0 3000.0 0.0 128.0 128.0 128.0 0.0 1 1 1.0
176000.0 178000.0 3 1 201.86313338688655 7733.710658367868 595.1101924517732 729548.8984754803 990.3969999999972 333.7431171874923 657.7486914062465 328.4122456552013 3000.0 3000.0 3000.0 0.0 128.0 128.0 128.0 0.0 1 1 1.0
178000.0 180000.0 3 1 153.53486953557996 5620.268354049467 425.7620311232097 523098.90737538284 995.8310000000056 101.79800000003888 480.5753476562774 462.3780888082972 0.0 0.0 0.0 0.0 0.0 0.0 0.0 0.0 0 0 1.0
180000.0 182000.0 1 1 72.16248065481278 3288.036989836123 226.49016205520448 273723.00632380217 711.22412109375 711.22412109375 711.22412109375 0.0 3000.0 3000.0 3000.0 0.0 128.0 128.0 128.0 0.0 1 1 1.0
182000.0 184000.0 3 1 256.21235431012514 9605.852381533188 748.9254279097845 924210.4495373458 998.4290000000037 284.2188789062493 663.3230559895843 359.1321590352816 2300.0 2300.0 2300.0 0.0 128.0 128.0 128.0 0.0 1 1 1.0
184000.0 186000.0 3 1 231.11553574856674 9237.571249988592 691.7531131214217 840694.1553722889 990.31700000001 290.4307109375077 649.4432473958392 350.29554095677713 1500.0 1500.0 1500.0 0.0 128.0 128.0 128.0 0.0 2 2 1.0
186000.0 188000.0 3 1 121.50433302385193 5011.943574299861 352.2874060273182 420919.57379352255 999.4800000000396 327.1989687499881 659.0836634114772 336.2213293068707 1500.0 1500.0 1500.0 0.0 128.0 128.0 128.0 0.0 1 1 1.0
188000.0 190000.0 2 1 107.72564552657909 4428.815018025438 329.5216677381068 397342.8400740668 710.561279296875 211.49297851562733 461.02712890625116 352.89457975766777 3000.0 3000.0 3000.0 0.0 128.0 128.0 128.0 0.0 1 1 1.0
190000.0 192000.0 3 1 137.27965073606433 5028.780786316798 394.02222314816436 480396.97489897395 999.1289999999863 63.226000000024214 450.57424023438944 488.3331473561489 0.0 0.0 0.0 0.0 0.0 0.0 0.0 0.0 0 0 1.0
192000.0 194000.0 1 1 84.80693503750403 3721.5278551751767 260.1221116696552 310486.0284688183 711.069091796875 711.069091796875 711.069091796875 0.0 3000.0 3000.0 3000.0 0.0 128.0 128.0 128.0 0.0 1 2 1.0
194000.0 196000.0 3 1 202.90327617294577 7607.892914619928 587.0916936795015 720812.0350507793 997.6900000000605 286.6939082031604 634.4633372396056 355.74998973073144 2300.0 2300.0 2300.0 0.0 0.0 0.0 0.0 0.0 1 0 1.0
196000.0 198000.0 3 1 244.7675002428232 9784.631336779743 722.5989199421259 879086.5864536626 997.8070000000007 342.29589648440015 646.8512747396016 330.20969982681027 2300.0 2300.0 2300.0 0.0 128.0 128.0 128.0 0.0 1 1 1.0
198000.0 200000.0 3 1 208.39593041507823 7998.989029840395 595.818428351042 728779.8920887162 999.5160000000033 398.9930722656136 666.1034472656223 305.7023564889727 2300.0 2300.0 2300.0 0.0 128.0 128.0 128.0 0.0 2 2 1.0
200000.0 202000.0 3 1 224.71577458360946 8660.978681319155 655.8994325468493 805158.4829503535 991.7619999999879 398.7327304687933 624.5028821614591 320.83527593758214 2300.0 2300.0 2300.0 0.0 128.0 128.0 128.0 0.0 1 1 1.0
202000.0 204000.0 3 1 157.52074367375207 6220.666850601907 460.28127480735805 564318.6657546668 836.0359999999928 461.9372558593459 604.9794466145783 201.98357263351937 2300.0 2300.0 2300.0 0.0 128.0 128.0 128.0 0.0 1 1 1.0
204000.0 206000.0 2 1 102.88983987428728 3799.313331663695 299.1881390034681 365771.30923300335 822.3220000000147 535.8627441406134 679.092372070314 202.5572823518349 0.0 0.0 0.0 0.0 0.0 0.0 0.0 0.0 0 0 1.0
206000.0 208000.0 1 1 63.64923996300589 2722.6141184175667 191.66287988860202 229057.88110686734 710.783935546875 710.783935546875 710.783935546875 0.0 2300.0 2300.0 2300.0 0.0 128.0 128.0 128.0 0.0 1 1 1.0
208000.0 210000.0 3 1 239.98455982298864 9727.84988238004 699.9442974204525 860222.4577347976 993.4469999999856 283.09706445311895 660.7556549479195 357.3035090856088 2300.0 2300.0 2300.0 0.0 128.0 128.0 128.0 0.0 1 1 1.0
210000.0 212000.0 3 1 225.59230341801364 8537.18362024633 661.1500260267158 800896.8923461615 988.3380000000179 294.1990996093664 658.1316699218878 348.29627864670994 1500.0 1500.0 1500.0 0.0 128.0 128.0 128.0 0.0 2 2 1.0
212000.0 214000.0 3 1 125.34908129823941 5129.386911293251 362.05874371997936 437870.9401532359 975.0789999999979 306.54508984371205 653.1731178385477 334.951915397074 1500.0 1500.0 1500.0 0.0 128.0 128.0 128.0 0.0 1 1 1.0
214000.0 216000.0 2 1 97.48032935578479 4075.7567381484937 291.3505945183476 349819.8479581306 711.6000976562791 189.06573632810614 450.3329169921926 369.4875902981328 1500.0 1500.0 1500.0 0.0 128.0 128.0 128.0 0.0 1 1 1.0
216000.0 218000.0 3 1 124.03819504525472 5034.6086024478245 358.2480536096881 433349.1288355931 710.5979003906541 132.41599999999744 374.982934244792 300.111695315818 1500.0 1500.0 1500.0 0.0 128.0 128.0 128.0 0.0 1 1 1.0
218000.0 220000.0 3 1 126.23844136204492 5170.142935755008 358.7530907330037 436612.32936077367 710.139892578125 40.40299999999115 346.38666406249587 338.5850975056071 1500.0 1500.0 1500.0 0.0 128.0 128.0 128.0 0.0 1 1 1.0
220000.0 222000.0 2 1 101.7313774348929 4185.354915057344 301.16348548030635 364822.91666449106 710.279296875 172.2471074218338 441.2632021484169 380.44620965897906 1500.0 1500.0 1500.0 0.0 128.0 128.0 128.0 0.0 1 1 1.0
222000.0 224000.0 3 1 113.8707625088999 4667.328399248749 328.70207501241515 398415.02118251333 998.4409999999916 283.3227031250135 656.63322981771 358.59846957587285 1500.0 1500.0 1500.0 0.0 128.0 128.0 128.0 0.0 1 1 1.0
224000.0 226000.0 3 1 124.53420329999284 5090.890099615335 361.7278893297478 439201.2894437502 973.8090000000084 305.69701367188827 651.6500351562572 334.6909386544387 1500.0 1500.0 1500.0 0.0 128.0 128.0 128.0 0.0 1 1 1.0
226000.0 228000.0 2 1 89.05764497966342 3756.945972505549 257.2519576836538 311003.431506141 709.803955078125 197.1579082031676 453.4809316406463 362.4954960937591 1500.0 1500.0 1500.0 0.0 128.0 128.0 128.0 0.0 1 1 1.0
228000.0 230000.0 3 1 142.44901110247218 5940.100599501844 394.7630103017068 481833.41560435836 997.372000000003 284.6300449218834 653.3533834635455 357.0126273665413 1500.0 1500.0 1500.0 0.0 128.0 128.0 128.0 0.0 1 1 1.0
230000.0 232000.0 2 1 120.2446973975075 5439.581929845476 358.5960922962631 438878.4616652245 710.6931152344041 237.18589453128516 473.93950488284463 334.82016669997057 1500.0 1500.0 1500.0 0.0 128.0 128.0 128.0 0.0 2 1 1.0
232000.0 234000.0 3 1 213.3124208252511 8332.581869526748 617.1418763569982 756047.4259673145 996.3319999999949 286.553884765628 636.6829902343743 354.98480904086415 1500.0 1500.0 1500.0 0.0 128.0 128.0 128.0 0.0 1 2 1.0
234000.0 236000.0 2 1 97.97716508119078 4156.46838551627 295.85556416660063 350645.87033234676 710.2399902344041 276.2129140624893 493.2264521484467 306.90348877973116 3000.0 3000.0 3000.0 0.0 128.0 128.0 128.0 0.0 1 1 1.0
236000.0 238000.0 3 1 226.2724275772008 8606.938682447231 656.6894925244198 802361.2598271235 998.0109999999986 289.62700976559427 659.8693268229059 355.2813081323695 3000.0 3000.0 3000.0 0.0 128.0 128.0 128.0 0.0 1 1 1.0
238000.0 240000.0 3 1 230.45480521304177 8703.854332482933 675.3134890868291 821729.7519139292 997.9659999999858 277.7900292968843 646.776342447915 360.41767146939344 3000.0 3000.0 3000.0 0.0 128.0 128.0 128.0 0.0 1 1 1.0
240000.0 242000.0 3 1 200.99024767602444 7733.93924162174 608.8866295927064 739562.6086698603 997.8080000000191 329.27100195310777 658.5536777343756 334.38003041390044 3000.0 3000.0 3000.0 0.0 128.0 128.0 128.0 0.0 1 1 1.0
242000.0 244000.0 3 1 203.28942543285075 7974.2283384846305 516.3829338665255 629445.9268633537 898.5420000000158 334.28896874998463 528.1069863281251 320.92139738664514 3000.0 3000.0 3000.0 0.0 128.0 128.0 128.0 0.0 1 1 1.0
244000.0 246000.0 3 1 198.48366120567948 7663.244425457639 554.357818385038 677639.1428640336 967.3510000000242 0.0 538.2950032552084 492.84060273864907 0.0 0.0 0.0 0.0 0.0 0.0 0.0 0.0 0 0 1.0
246000.0 248000.0 1 1 83.95122483869372 3430.6170014591617 257.5452829797214 315140.803376471 711.4140625 711.4140625 711.4140625 0.0 3000.0 3000.0 3000.0 0.0 128.0 128.0 128.0 0.0 1 1 1.0
248000.0 250000.0 3 1 176.17465535231253 6826.657940214938 503.2842129632199 614784.1050885131 708.23095703125 288.53393749997485 549.8879648437336 228.0237971656233 1500.0 1500.0 1500.0 0.0 128.0 128.0 128.0 0.0 1 1 1.0
250000.0 252000.0 3 1 145.51396559109304 5792.498016125952 430.5696132986445 520173.10058804235 991.2870000000112 289.79904296877794 656.8553411458464 351.8801127986285 1500.0 1500.0 1500.0 0.0 128.0 128.0 128.0 0.0 1 1 1.0
252000.0 254000.0 3 1 165.36015421790069 6801.227042199947 456.60089075841415 549600.9909469736 978.25900000002 28.528999999980442 439.0913398437551 487.75123222245935 1500.0 1500.0 1500.0 0.0 128.0 128.0 128.0 0.0 1 1 1.0
254000.0 256000.0 1 1 66.12393110931012 3062.3201213741795 209.7479535187794 253749.51911695968 709.85888671875 709.85888671875 709.85888671875 0.0 1500.0 1500.0 1500.0 0.0 128.0 128.0 128.0 0.0 1 1 1.0
256000.0 258000.0 3 1 226.5638555746713 9042.745326962193 668.9255774569328 817634.9883329726 997.0559999999823 288.52211328124395 649.0454062499921 354.4326351910823 1500.0 1500.0 1500.0 0.0 128.0 128.0 128.0 0.0 2 2 1.0
258000.0 260000.0 3 1 121.17302923103614 5170.122877407365 346.8838273488988 417734.79996396764 983.9089999999851 335.2248945312458 659.047968098952 324.34329835849996 1500.0 1500.0 1500.0 0.0 128.0 128.0 128.0 0.0 1 1 1.0
260000.0 262000.0 3 1 119.39537040988884 5427.098719731919 351.92174504669987 426508.22715888446 943.3300000000163 335.23499023442855 629.1623697916899 304.55235352114096 1500.0 1500.0 1500.0 0.0 128.0 128.0 128.0 0.0 2 1 1.0
262000.0 264000.0 3 1 229.16266262924455 9292.252996789868 660.0401211201499 803442.1227677509 996.6180000000168 389.22988085937686 663.3690527343812 307.9781745162296 1500.0 1500.0 1500.0 0.0 128.0 128.0 128.0 0.0 1 2 1.0
264000.0 266000.0 2 1 117.5836536127036 4608.990061875431 365.3457835757962 443542.5720022846 710.701904296875 215.27272265625652 462.98731347656576 350.3213339357831 3000.0 3000.0 3000.0 0.0 128.0 128.0 128.0 0.0 1 1 1.0
266000.0 268000.0 3 1 216.98818618618992 8264.641265727914 646.0197385536562 788166.0964268137 999.0270000000019 284.2530957031413 654.1098040364838 358.03898953029943 3000.0 3000.0 3000.0 0.0 128.0 128.0 128.0 0.0 1 1 1.0
268000.0 270000.0 3 1 206.7676051451328 7893.898304494067 602.6903925726014 736761.137492385 998.1080000000075 320.1186835937551 653.0609127604208 339.15671006479954 3000.0 3000.0 3000.0 0.0 128.0 128.0 128.0 0.0 1 1 1.0
270000.0 272000.0 3 1 141.24170610182273 5194.930325637061 407.4248608064852 498260.53673798137 977.1560000000754 0.0 443.9449817708616 494.6562251026209 0.0 0.0 0.0 0.0 0.0 0.0 0.0 0.0 0 0 1.0
272000.0 274000.0 1 1 86.15558852034425 3525.258832762185 257.75473590383984 310787.4168012263 711.019287109375 711.019287109375 711.019287109375 0.0 3000.0 3000.0 3000.0 0.0 128.0 128.0 128.0 0.0 1 1 1.0
274000.0 276000.0 3 1 198.16713945515528 7610.622169490366 588.9939388516985 721720.8572607948 999.3900000000722 287.5617128906306 653.1912610677342 356.31172425731415 2300.0 2300.0 2300.0 0.0 128.0 128.0 128.0 0.0 1 1 1.0
276000.0 278000.0 3 1 266.80917948543026 10708.39529618464 793.2965641808732 972597.9887563305 993.7409999999218 323.2319296874921 662.830006510388 335.33893660808354 2300.0 2300.0 2300.0 0.0 128.0 128.0 128.0 0.0 2 2 1.0
278000.0 280000.0 3 1 154.86809253907023 5646.723701562809 440.9547610635884 542266.7371816484 993.5599999999977 31.163000000000466 449.2299700520816 493.4660744397157 0.0 0.0 0.0 0.0 0.0 0.0 0.0 0.0 0 0 1.0
280000.0 282000.0 1 1 84.77619791648318 3726.5906832027185 265.0146691170735 313829.3738014041 710.693115234375 710.693115234375 710.693115234375 0.0 2300.0 2300.0 2300.0 0.0 128.0 128.0 128.0 0.0 1 2 1.0
282000.0 284000.0 3 1 254.730602791777 10122.076450434988 748.7965759320817 912730.7935596183 998.5380000000005 286.90388476563385 663.0956184895864 357.5628067496915 2300.0 2300.0 2300.0 0.0 128.0 128.0 128.0 0.0 2 1 1.0
284000.0 286000.0 3 1 243.16521691523042 9212.434921022004 705.6994761884955 866465.0319599158 993.5270000000019 296.07902929687407 656.316674479167 349.2937317610652 2300.0 2300.0 2300.0 0.0 128.0 128.0 128.0 0.0 1 1 1.0
286000.0 288000.0 3 1 174.4957066735249 6786.388459623486 518.8576052794474 628958.6660063879 995.1529999999912 317.7360058593913 662.6759739583358 338.8804209174143 2300.0 2300.0 2300.0 0.0 128.0 128.0 128.0 0.0 1 1 1.0
288000.0 290000.0 3 1 166.62331455204435 6755.4719159386395 489.73492931994764 592436.2509229388 966.7010000000009 319.0690839844174 652.9686901041811 324.286624050765 4400.0 4400.0 4400.0 0.0 128.0 128.0 128.0 0.0 2 1 1.0
290000.0 292000.0 3 1 262.55033908010216 9940.670610501966 779.5032057092949 951587.7718441697 999.6030000000028 323.01901367190294 664.4506647135519 338.3356986687493 4400.0 4400.0 4400.0 0.0 128.0 128.0 128.0 0.0 1 1 1.0
292000.0 294000.0 3 1 275.4768511005532 9800.424313402458 809.0134193343499 1001449.4260701109 998.7910000000265 326.35501953127095 664.1849850260575 336.22958280015257 0.0 0.0 0.0 0.0 0.0 0.0 0.0 0.0 0 0 1.0
294000.0 296000.0 2 1 79.51725831935597 3300.411060389181 246.9322706955123 300129.4899427756 710.93798828125 8.59006445313571 359.76402636719286 496.63497969115235 3000.0 3000.0 3000.0 0.0 128.0 128.0 128.0 0.0 1 1 1.0
296000.0 298000.0 3 1 265.65443019720055 10200.544000515056 767.7030503645273 945655.8939164134 995.3649999999907 287.37301171873696 663.6039954427009 356.08474855422276 3000.0 3000.0 3000.0 0.0 128.0 128.0 128.0 0.0 1 1 1.0
298000.0 300000.0 3 1 161.84781420655813 6131.011709440461 473.76907760167103 577621.6930434899 990.2359999999171 291.2090253906208 650.8870299478876 349.9566116546347 3000.0 3000.0 3000.0 0.0 128.0 128.0 128.0 0.0 1 1 1.0
300000.0 302000.0 1 1 36.1622682471702 1482.9758755290425 113.97572045759895 137159.60893277582 320.06093554687686 320.06093554687686 320.06093554687686 0.0 0.0 0.0 0.0 0.0 0.0 0.0 0.0 0.0 0 0 0.0
