ts te nbins ncons c_tcp_packs c_tcp_bytes c_udp_packs c_udp_bytes s_tcp_packs s_tcp_bytes s_udp_packs s_udp_bytes max_bins_span min_bins_span avg_bins_span std_bins_span max_video_rate min_video_rate avg_video_rate std_video_rate max_audio_rate min_audio_rate avg_audio_rate std_audio_rate video_requests audio_requests
0 1000 1 1 0 0 20 1920 0 0 62 88454 126 126 126 0 0 0 0 0 0 0 0 0 0 0
1000 2000 2 1 0 0 170 14771 0 0 486 685759 871 126 498 527 1500 1500 1500 0 128 128 128 0 3 4
2000 3000 2 1 0 0 203 12583 0 0 426 608270 872 125 498 527 0 0 0 0 0 0 0 0 0 0
3000 4000 2 1 0 0 162 12619 0 0 360 507290 872 121 497 531 840 840 840 0 128 128 128 0 3 3
4000 5000 2 1 0 0 189 13535 0 0 395 550283 874 121 497 532 840 840 840 0 128 128 128 0 2 2
5000 6000 2 1 0 0 156 10537 0 0 357 504427 875 117 496 535 840 840 840 0 128 128 128 0 2 1
6000 7000 2 1 0 0 171 10157 0 0 337 477815 881 111 496 544 840 840 840 0 128 128 128 0 1 1
7000 8000 1 1 0 0 4 533 0 0 3 1824 108 108 108 0 0 0 0 0 0 0 0 0 0 0
9000 10000 1 1 0 0 2 750 0 0 5 3557 56 56 56 0 0 0 0 0 0 0 0 0 0 0
11000 12000 1 1 0 0 44 3459 0 0 90 131900 330 330 330 0 4400 4400 4400 0 128 128 128 0 2 2
12000 13000 2 1 0 0 150 10654 0 0 314 456419 666 325 496 241 0 0 0 0 128 128 128 0 0 1
13000 14000 2 1 0 0 173 9755 0 0 361 523877 674 324 499 246 4400 4400 4400 0 128 128 128 0 1 1
14000 15000 2 1 0 0 144 7044 0 0 305 442866 631 318 475 221 0 0 0 0 0 0 0 0 0 0
15000 16000 2 1 0 0 173 9451 0 0 403 584374 680 314 497 258 3000 3000 3000 0 0 0 0 0 2 0
16000 17000 2 1 0 0 161 9535 0 0 368 534949 685 312 498 264 0 0 0 0 128 128 128 0 0 2
17000 18000 2 1 0 0 139 7527 0 0 298 431369 686 309 498 266 3000 3000 3000 0 128 128 128 0 1 1
18000 19000 2 1 0 0 140 7894 0 0 283 408735 686 306 496 268 0 0 0 0 0 0 0 0 0 0
19000 20000 2 1 0 0 173 9195 0 0 401 581079 691 304 498 273 3000 3000 3000 0 128 128 128 0 1 1
20000 21000 2 1 0 0 159 9110 0 0 351 508301 693 304 499 274 0 0 0 0 0 0 0 0 0 0
21000 22000 2 1 0 0 126 7225 0 0 259 372902 693 302 498 276 3000 3000 3000 0 128 128 128 0 1 1
22000 23000 3 2 0 0 126 9061 0 0 251 361735 692 301 475 199 0 0 0 0 0 0 0 0 0 0
23000 24000 3 2 0 0 168 10431 0 0 361 520072 696 169 389 273 3000 3000 3000 0 128 128 128 0 1 1
24000 25000 3 2 2 0 167 8521 2 24 375 543912 691 60 350 318 0 0 0 0 0 0 0 0 0 0
25000 26000 2 1 0 0 169 9780 0 0 372 538114 698 299 498 282 3000 3000 3000 0 128 128 128 0 1 1
26000 27000 2 1 0 0 169 9276 0 0 354 511931 699 298 499 283 3000 3000 3000 0 128 128 128 0 1 1
27000 28000 3 2 0 0 161 8514 0 0 360 521963 700 0 331 351 0 0 0 0 0 0 0 0 0 0
28000 29000 2 1 0 0 140 7596 0 0 295 424932 704 292 498 291 3000 3000 3000 0 128 128 128 0 1 1
29000 30000 2 1 0 0 159 8234 0 0 353 512495 705 288 496 295 3000 3000 3000 0 128 128 128 0 1 1
30000 31000 2 1 0 0 150 8431 0 0 334 482100 711 282 496 303 0 0 0 0 0 0 0 0 0 0
31000 32000 2 1 0 0 163 8988 0 0 362 525175 716 282 499 306 3000 3000 3000 0 128 128 128 0 1 1
32000 33000 2 1 0 0 159 7874 0 0 345 501446 714 279 497 307 0 0 0 0 0 0 0 0 0 0
33000 34000 2 1 0 0 166 9327 0 0 322 466613 716 277 496 309 3000 3000 3000 0 128 128 128 0 1 1
34000 35000 2 1 0 0 155 8053 0 0 336 486166 720 273 496 316 3000 3000 3000 0 0 0 0 0 1 0
35000 36000 2 1 0 0 163 8830 0 0 381 553230 724 272 498 319 3000 3000 3000 0 128 128 128 0 1 2
36000 37000 2 1 0 0 152 8148 0 0 344 497485 727 271 499 322 0 0 0 0 0 0 0 0 0 0
37000 38000 2 1 0 0 169 8503 0 0 340 493509 724 270 497 321 3000 3000 3000 0 0 0 0 0 1 0
38000 39000 2 1 0 0 138 7353 0 0 292 421310 727 266 496 325 0 0 0 0 0 0 0 0 0 0
39000 40000 2 1 0 0 161 8861 0 0 362 523505 733 265 499 330 3000 3000 3000 0 128 128 128 0 1 1
40000 41000 2 1 0 0 148 7532 0 0 327 472502 731 263 497 330 0 0 0 0 0 0 0 0 0 0
41000 42000 2 1 0 0 143 8717 0 0 340 487295 729 259 494 332 3000 3000 3000 0 128 128 128 0 1 2
42000 43000 2 1 0 0 152 7874 0 0 338 490199 738 256 497 340 3000 3000 3000 0 0 0 0 0 1 0
43000 44000 2 1 0 0 149 8081 0 0 315 455972 741 256 498 342 3000 3000 3000 0 128 128 128 0 1 1
44000 45000 2 1 0 0 156 8210 0 0 386 559656 741 255 498 343 0 0 0 0 0 0 0 0 0 0
45000 46000 2 1 0 0 154 8617 0 0 347 502224 744 252 498 347 3000 3000 3000 0 128 128 128 0 1 1
46000 47000 2 1 0 0 123 6169 0 0 284 410666 745 251 498 349 0 0 0 0 0 0 0 0 0 0
47000 48000 2 1 0 0 158 8819 0 0 347 499587 742 250 496 347 3000 3000 3000 0 128 128 128 0 1 1
48000 49000 2 1 0 0 156 7794 0 0 331 479571 748 250 499 351 0 0 0 0 0 0 0 0 0 0
49000 50000 2 1 0 0 97 6025 0 0 200 285052 746 249 498 351 3000 3000 3000 0 128 128 128 0 1 1
50000 51000 2 1 0 0 125 6361 0 0 246 354989 747 248 498 352 0 0 0 0 0 0 0 0 0 0
51000 52000 2 1 0 0 127 7483 0 0 288 409397 749 243 496 357 3000 3000 3000 0 128 128 128 0 1 1
52000 53000 2 1 0 0 142 7005 0 0 326 472422 748 243 495 357 0 0 0 0 0 0 0 0 0 0
53000 54000 2 1 0 0 107 6684 0 0 252 360422 756 239 497 365 3000 3000 3000 0 128 128 128 0 1 1
54000 55000 2 1 0 0 128 6711 0 0 286 411906 760 238 499 369 0 0 0 0 0 0 0 0 0 0
55000 56000 2 1 0 0 122 7428 0 0 264 375404 756 237 497 366 3000 3000 3000 0 128 128 128 0 1 1
56000 57000 1 1 0 0 96 4651 0 0 194 281636 576 576 576 0 0 0 0 0 0 0 0 0 0 0
57000 58000 1 1 0 0 115 7357 0 0 296 424960 947 947 947 0 3000 3000 3000 0 128 128 128 0 1 1
58000 59000 2 1 0 0 152 8025 0 0 310 447499 947 51 499 633 0 0 0 0 0 0 0 0 0 0
59000 60000 2 1 0 0 130 7468 0 0 264 378598 903 51 477 602 3000 3000 3000 0 128 128 128 0 1 1
60000 61000 2 1 0 0 173 9273 0 0 337 489472 902 94 498 571 0 0 0 0 0 0 0 0 0 0
61000 62000 2 1 0 0 163 9163 0 0 333 478636 900 97 499 568 3000 3000 3000 0 128 128 128 0 1 1
62000 63000 2 1 0 0 121 6528 0 0 236 340875 900 96 498 568 0 0 0 0 0 0 0 0 0 0
63000 64000 2 1 0 0 12 631 0 0 26 31744 85 53 69 22 0 0 0 0 0 0 0 0 0 0
65000 66000 1 1 0 0 151 9841 0 0 324 466755 945 945 945 0 3000 3000 3000 0 128 128 128 0 1 2
66000 67000 2 1 0 0 188 11459 0 0 361 523900 942 52 497 629 3000 3000 3000 0 128 128 128 0 1 1
67000 68000 2 1 0 0 184 9183 0 0 378 549779 937 55 496 623 0 0 0 0 0 0 0 0 0 0
68000 69000 2 1 0 0 172 10195 0 0 362 526403 936 61 498 618 3000 3000 3000 0 128 128 128 0 1 1
69000 70000 2 1 0 0 180 9430 0 0 375 545340 931 63 497 614 3000 3000 3000 0 0 0 0 0 1 0
70000 71000 2 1 0 0 140 8554 0 0 284 411594 930 63 497 612 3000 3000 3000 0 128 128 128 0 1 1
71000 72000 2 1 0 0 178 8740 0 0 391 567377 925 68 496 605 0 0 0 0 0 0 0 0 0 0
72000 73000 2 1 0 0 69 3915 0 0 128 184282 924 73 498 601 0 0 0 0 0 0 0 0 0 0
73000 74000 2 1 0 0 150 8627 0 0 329 473827 889 52 471 592 3000 3000 3000 0 128 128 128 0 1 1
74000 75000 2 1 0 0 139 8969 0 0 274 394639 889 107 498 553 3000 3000 3000 0 128 128 128 0 1 1
75000 76000 2 1 0 0 178 9432 0 0 371 538868 888 107 497 551 0 0 0 0 128 128 128 0 0 1
76000 77000 2 1 0 0 180 10291 0 0 348 500745 886 106 496 551 3000 3000 3000 0 0 0 0 0 1 0
77000 78000 2 1 0 0 186 10530 0 0 375 542271 885 113 499 545 3000 3000 3000 0 128 128 128 0 1 1
78000 79000 2 1 0 0 191 10465 0 0 364 529347 880 114 497 541 0 0 0 0 0 0 0 0 0 0
79000 80000 2 1 0 0 85 5373 0 0 151 213644 879 117 498 538 3000 3000 3000 0 128 128 128 0 1 1
80000 81000 2 1 0 0 110 6265 0 0 236 338813 873 107 490 541 0 0 0 0 0 0 0 0 0 0
81000 82000 2 1 0 0 133 8569 0 0 240 348363 868 126 497 525 3000 3000 3000 0 128 128 128 0 1 1
82000 83000 2 1 0 0 176 9612 0 0 381 552966 842 124 483 507 0 0 0 0 0 0 0 0 0 0
83000 84000 2 1 0 0 176 9937 0 0 371 536213 839 155 497 483 3000 3000 3000 0 128 128 128 0 1 1
84000 85000 2 1 0 0 171 9478 0 0 313 449472 837 160 499 479 0 0 0 0 0 0 0 0 0 0
85000 86000 2 1 0 0 163 9267 0 0 348 502178 824 155 490 472 3000 3000 3000 0 128 128 128 0 1 1
86000 87000 2 1 0 0 142 8242 0 0 258 369393 823 173 498 459 0 0 0 0 0 0 0 0 0 0
87000 88000 1 1 0 0 16 964 0 0 28 40606 120 120 120 0 0 0 0 0 0 0 0 0 0 0
89000 90000 1 1 0 0 138 8459 0 0 321 461688 946 946 946 0 3000 3000 3000 0 128 128 128 0 1 1
90000 91000 2 1 0 0 130 7467 0 0 202 290885 946 52 499 632 0 0 0 0 0 0 0 0 0 0
91000 92000 2 1 0 0 149 12442 0 0 330 470369 945 51 498 632 1500 1500 1500 0 128 128 128 0 2 3
92000 93000 2 1 0 0 180 9661 0 0 349 498115 942 50 496 630 1500 1500 1500 0 0 0 0 0 1 0
93000 94000 2 1 0 0 156 9183 0 0 302 425137 899 51 475 599 1500 1500 1500 0 128 128 128 0 1 1
95000 96000 1 1 0 0 136 9729 0 0 274 389693 948 948 948 0 2300 2300 2300 0 128 128 128 0 2 2
96000 97000 2 1 0 0 98 4852 0 0 190 272867 538 49 294 345 0 0 0 0 0 0 0 0 0 0
97000 98000 1 1 0 0 145 9432 0 0 306 437789 946 946 946 0 2300 2300 2300 0 128 128 128 0 1 1
98000 99000 2 1 0 0 61 3713 0 0 92 130300 946 52 499 632 0 0 0 0 0 0 0 0 0 0
99000 100000 2 1 0 0 122 7168 0 0 288 410480 877 50 464 584 2300 2300 2300 0 128 128 128 0 1 1
100000 101000 2 1 0 0 69 4300 0 0 116 162410 876 120 498 534 0 0 0 0 0 0 0 0 0 0
101000 102000 2 1 0 0 6 409 0 0 9 13075 107 0 53 76 0 0 0 0 0 0 0 0 0 0
103000 104000 1 1 0 0 131 10098 0 0 289 413964 947 947 947 0 3000 3000 3000 0 128 128 128 0 2 3
104000 105000 2 1 0 0 179 10441 0 0 334 482525 947 50 498 633 3000 3000 3000 0 0 0 0 0 1 0
105000 106000 2 1 0 0 168 8803 0 0 378 549973 942 52 497 629 0 0 0 0 128 128 128 0 0 1
106000 107000 2 1 0 0 166 9448 0 0 347 501981 938 57 497 623 3000 3000 3000 0 0 0 0 0 1 0
107000 108000 2 1 0 0 194 12209 0 0 371 538661 936 57 497 621 2300 2300 2300 0 128 128 128 0 2 2
108000 109000 2 1 0 0 167 8828 0 0 319 462091 934 62 498 616 0 0 0 0 0 0 0 0 0 0
109000 110000 2 1 0 0 191 10935 0 0 378 547548 934 60 497 618 2300 2300 2300 0 128 128 128 0 1 1
110000 111000 2 1 0 0 117 6433 0 0 210 300711 932 64 498 614 0 0 0 0 0 0 0 0 0 0
111000 112000 2 1 0 0 141 7945 0 0 324 463825 865 50 457 576 2300 2300 2300 0 128 128 128 0 1 1
112000 113000 2 1 0 0 49 3252 0 0 62 79308 863 131 497 517 0 0 0 0 0 0 0 0 0 0
113000 114000 1 1 0 0 4 293 0 0 2 1536 121 121 121 0 0 0 0 0 0 0 0 0 0 0
115000 116000 1 1 0 0 183 13068 0 0 367 527590 947 947 947 0 3000 3000 3000 0 128 128 128 0 2 3
116000 117000 2 1 0 0 177 12184 0 0 322 462676 945 48 496 634 2300 2300 2300 0 128 128 128 0 2 2
117000 118000 2 1 0 0 190 11042 0 0 360 514751 945 53 499 630 2300 2300 2300 0 128 128 128 0 1 1
118000 119000 2 1 0 0 196 11185 0 0 382 552620 943 54 498 628 0 0 0 0 0 0 0 0 0 0
119000 120000 2 1 0 0 134 7256 0 0 275 393586 926 54 490 616 2300 2300 2300 0 0 0 0 0 1 0
120000 121000 2 1 0 0 101 4939 0 0 188 268586 684 71 377 433 0 0 0 0 0 0 0 0 0 0
121000 122000 1 1 0 0 120 7639 0 0 239 344221 640 640 640 0 2300 2300 2300 0 128 128 128 0 1 2
122000 123000 2 1 0 0 179 10601 0 0 364 526729 640 356 498 200 2300 2300 2300 0 0 0 0 0 1 0
123000 124000 2 1 0 0 167 8645 0 0 310 448236 580 357 469 157 0 0 0 0 0 0 0 0 0 0
125000 126000 1 1 0 0 157 10784 0 0 324 465251 946 946 946 0 2300 2300 2300 0 128 128 128 0 1 2
126000 127000 2 1 0 0 164 9785 0 0 294 424300 946 50 498 633 2300 2300 2300 0 0 0 0 0 1 0
127000 128000 2 1 0 0 176 9505 0 0 297 428274 773 52 413 509 0 0 0 0 0 0 0 0 0 0
129000 130000 1 1 0 0 138 10621 0 0 306 437337 949 949 949 0 3000 3000 3000 0 128 128 128 0 2 3
130000 131000 2 1 0 0 193 11173 0 0 369 532773 948 47 498 637 3000 3000 3000 0 0 0 0 0 1 0
131000 132000 2 1 0 0 184 9428 0 0 336 487059 946 50 498 633 0 0 0 0 0 0 0 0 0 0
132000 133000 2 1 0 0 50 3050 0 0 102 145987 944 42 493 637 0 0 0 0 0 0 0 0 0 0
133000 134000 2 1 0 0 149 9345 0 0 326 468415 900 53 477 599 3000 3000 3000 0 128 128 128 0 1 2
134000 135000 2 1 0 0 179 10096 0 0 381 552902 899 97 498 567 3000 3000 3000 0 0 0 0 0 1 0
135000 136000 2 1 0 0 194 9917 0 0 358 517862 897 99 498 564 0 0 0 0 0 0 0 0 0 0
136000 137000 2 1 0 0 19 1605 0 0 34 48885 885 94 490 559 0 0 0 0 0 0 0 0 0 0
137000 138000 2 1 0 0 140 8721 0 0 298 427723 879 54 467 583 3000 3000 3000 0 128 128 128 0 1 2
138000 139000 2 1 0 0 188 10853 0 0 364 522665 875 119 497 534 3000 3000 3000 0 0 0 0 0 1 0
139000 140000 2 1 0 0 181 9647 0 0 380 551596 873 121 497 531 0 0 0 0 128 128 128 0 0 1
140000 141000 2 1 0 0 159 9231 0 0 333 478418 870 126 498 526 3000 3000 3000 0 0 0 0 0 1 0
141000 142000 2 1 0 0 181 9259 0 0 344 498673 869 127 498 524 0 0 0 0 0 0 0 0 0 0
142000 143000 2 1 0 0 27 1948 0 0 47 65707 869 130 499 522 0 0 0 0 0 0 0 0 0 0
143000 144000 2 1 0 0 140 8646 0 0 311 445139 868 124 496 525 3000 3000 3000 0 128 128 128 0 1 2
144000 145000 2 1 0 0 173 10179 0 0 366 530889 866 131 498 519 3000 3000 3000 0 0 0 0 0 1 0
145000 146000 2 1 0 0 191 9791 0 0 379 550931 864 132 498 517 0 0 0 0 0 0 0 0 0 0
146000 147000 2 1 0 0 49 5329 0 0 70 95533 863 134 498 515 0 0 0 0 0 0 0 0 0 0
147000 148000 2 1 0 0 162 9316 0 0 349 501968 854 129 492 512 2300 2300 2300 0 128 128 128 0 2 3
148000 149000 2 1 0 0 183 10475 0 0 357 516509 854 145 499 501 2300 2300 2300 0 0 0 0 0 1 0
149000 150000 2 1 0 0 187 10667 0 0 364 523510 852 145 498 500 2300 2300 2300 0 128 128 128 0 1 1
150000 151000 2 1 0 0 121 7904 0 0 203 289454 849 146 498 497 0 0 0 0 0 0 0 0 0 0
151000 152000 2 1 0 0 177 9547 0 0 350 506047 822 142 482 480 2300 2300 2300 0 128 128 128 0 1 1
152000 153000 2 1 0 0 49 5246 0 0 78 106561 817 174 496 454 0 0 0 0 0 0 0 0 0 0
153000 154000 2 1 0 0 116 6214 0 0 271 392111 798 181 490 436 3000 3000 3000 0 128 128 128 0 2 2
154000 155000 2 1 0 0 148 8838 0 0 291 417448 797 198 498 423 0 0 0 0 0 0 0 0 0 0
155000 156000 2 1 0 0 171 8926 0 0 348 504501 797 155 476 453 3000 3000 3000 0 128 128 128 0 1 1
156000 157000 2 1 0 0 142 8776 0 0 262 374438 796 197 497 423 0 0 0 0 0 0 0 0 0 0
157000 158000 2 1 0 0 155 7948 0 0 343 495613 765 171 468 420 3000 3000 3000 0 128 128 128 0 1 1
158000 159000 2 1 0 0 102 5809 0 0 177 251418 765 232 499 376 0 0 0 0 0 0 0 0 0 0
159000 160000 1 1 0 0 9 613 0 0 13 18825 122 122 122 0 0 0 0 0 0 0 0 0 0 0
161000 162000 1 1 0 0 174 11231 0 0 367 528557 943 943 943 0 3000 3000 3000 0 128 128 128 0 1 2
162000 163000 2 1 0 0 136 8714 0 0 251 365178 942 55 498 626 2300 2300 2300 0 0 0 0 0 2 0
163000 164000 2 1 0 0 178 10140 0 0 395 571915 936 57 497 622 0 0 0 0 128 128 128 0 0 2
164000 165000 2 1 0 0 144 8877 0 0 319 460592 936 61 498 619 2300 2300 2300 0 128 128 128 0 1 1
165000 166000 2 1 0 0 183 9771 0 0 372 537327 934 62 498 616 2300 2300 2300 0 0 0 0 0 1 0
166000 167000 2 1 0 0 124 6873 0 0 218 313179 931 61 496 615 0 0 0 0 0 0 0 0 0 0
167000 168000 2 1 0 0 148 9096 0 0 335 479262 886 52 469 589 2300 2300 2300 0 128 128 128 0 1 2
168000 169000 2 1 0 0 152 8652 0 0 331 477872 885 109 497 548 2300 2300 2300 0 0 0 0 0 1 0
169000 170000 2 1 0 0 73 3750 0 0 113 161087 296 113 204 129 0 0 0 0 0 0 0 0 0 0
171000 172000 1 1 0 0 141 10610 0 0 318 455517 946 946 946 0 3000 3000 3000 0 128 128 128 0 2 3
172000 173000 2 1 0 0 142 8767 0 0 261 375901 946 50 498 633 3000 3000 3000 0 0 0 0 0 1 0
173000 174000 2 1 0 0 194 10330 0 0 385 554558 942 50 496 630 0 0 0 0 128 128 128 0 0 1
174000 175000 2 1 0 0 168 9377 0 0 363 524984 936 57 497 621 3000 3000 3000 0 0 0 0 0 1 0
175000 176000 2 1 0 0 176 9367 0 0 359 521375 934 61 497 617 0 0 0 0 128 128 128 0 0 1
176000 177000 2 1 0 0 187 10490 0 0 384 558925 934 64 499 615 3000 3000 3000 0 0 0 0 0 1 0
177000 178000 2 1 0 0 199 11276 0 0 401 580395 933 62 498 616 3000 3000 3000 0 128 128 128 0 1 1
178000 179000 2 1 0 0 126 7004 0 0 237 340087 931 63 497 613 0 0 0 0 0 0 0 0 0 0
179000 180000 2 1 0 0 175 9930 0 0 348 492676 927 67 497 608 3000 3000 3000 0 128 128 128 0 1 1
180000 181000 2 1 0 0 146 8081 0 0 296 427118 926 70 498 605 0 0 0 0 0 0 0 0 0 0
181000 182000 2 1 0 0 37 1848 0 0 50 69496 161 72 117 62 0 0 0 0 0 0 0 0 0 0
183000 184000 1 1 0 0 130 8841 0 0 290 415248 946 946 946 0 3000 3000 3000 0 128 128 128 0 1 2
184000 185000 2 1 0 0 187 10691 0 0 376 544413 945 51 498 632 3000 3000 3000 0 0 0 0 0 1 0
185000 186000 2 1 0 0 185 9140 0 0 368 534869 940 52 496 627 0 0 0 0 0 0 0 0 0 0
186000 187000 2 1 0 0 17 1459 0 0 23 31089 937 57 497 622 0 0 0 0 0 0 0 0 0 0
187000 188000 2 1 0 0 142 8741 0 0 313 448630 885 52 469 589 3000 3000 3000 0 128 128 128 0 1 2
188000 189000 2 1 0 0 155 9087 0 0 313 450013 884 111 498 546 3000 3000 3000 0 0 0 0 0 1 0
189000 190000 2 1 0 0 179 10183 0 0 351 510094 882 114 498 543 0 0 0 0 128 128 128 0 0 2
190000 191000 2 1 0 0 186 10896 0 0 384 557276 878 116 497 538 1500 1500 1500 0 0 0 0 0 2 0
191000 192000 2 1 0 0 123 7311 0 0 244 345757 875 118 497 535 1500 1500 1500 0 128 128 128 0 1 1
192000 193000 2 1 0 0 59 3670 0 0 89 124246 873 123 498 530 0 0 0 0 0 0 0 0 0 0
193000 194000 2 1 0 0 6 419 0 0 13 14789 115 24 69 64 0 0 0 0 0 0 0 0 0 0
195000 196000 1 1 0 0 128 9289 0 0 285 406836 947 947 947 0 3000 3000 3000 0 128 128 128 0 2 2
196000 197000 2 1 0 0 135 7376 0 0 246 355588 944 51 497 631 0 0 0 0 0 0 0 0 0 0
197000 198000 2 1 0 0 138 8406 0 0 329 473188 884 51 468 589 3000 3000 3000 0 128 128 128 0 1 2
198000 199000 2 1 0 0 164 9691 0 0 301 434032 882 113 498 543 3000 3000 3000 0 0 0 0 0 1 0
199000 200000 2 1 0 0 187 10478 0 0 371 539254 879 115 497 540 0 0 0 0 128 128 128 0 0 2
200000 201000 2 1 0 0 182 10667 0 0 381 552600 875 120 498 533 2300 2300 2300 0 0 0 0 0 2 0
201000 202000 2 1 0 0 192 10805 0 0 386 558387 871 122 496 529 2300 2300 2300 0 128 128 128 0 1 1
202000 203000 2 1 0 0 121 6778 0 0 218 309671 868 128 498 523 0 0 0 0 0 0 0 0 0 0
203000 204000 2 1 0 0 148 8424 0 0 327 470272 839 115 477 512 2300 2300 2300 0 128 128 128 0 1 1
204000 205000 2 1 0 0 79 4562 0 0 147 210617 839 159 499 480 0 0 0 0 0 0 0 0 0 0
205000 206000 2 1 0 0 137 8864 0 0 300 430035 791 115 453 478 3000 3000 3000 0 128 128 128 0 2 2
206000 207000 2 1 0 0 105 6256 0 0 196 277250 787 206 497 410 0 0 0 0 0 0 0 0 0 0
207000 208000 2 1 0 0 153 9324 0 0 321 462764 784 196 490 415 3000 3000 3000 0 128 128 128 0 1 1
208000 209000 2 1 0 0 160 9332 0 0 330 477513 779 215 497 399 3000 3000 3000 0 128 128 128 0 1 1
209000 210000 2 1 0 0 169 8367 0 0 368 533974 778 216 497 397 0 0 0 0 0 0 0 0 0 0
210000 211000 2 1 0 0 54 4189 0 0 93 128337 776 220 498 393 0 0 0 0 0 0 0 0 0 0
211000 212000 2 1 0 0 147 8249 0 0 302 436537 710 213 462 351 3000 3000 3000 0 128 128 128 0 1 1
212000 213000 2 1 0 0 143 8211 0 0 292 418263 706 287 497 296 3000 3000 3000 0 128 128 128 0 1 1
213000 214000 2 1 0 0 170 9434 0 0 323 467708 705 291 498 293 0 0 0 0 0 0 0 0 0 0
214000 215000 2 1 0 0 140 7858 0 0 298 432523 525 279 402 173 3000 3000 3000 0 128 128 128 0 1 1
215000 216000 2 1 0 0 162 9312 0 0 324 470352 524 473 498 36 0 0 0 0 128 128 128 0 0 1
216000 217000 2 1 0 0 141 7887 0 0 275 399275 448 405 427 30 3000 3000 3000 0 0 0 0 0 1 0
217000 218000 2 1 0 0 152 8422 0 0 316 457358 593 405 499 133 3000 3000 3000 0 0 0 0 0 1 0
218000 219000 2 1 0 0 147 8136 0 0 309 447864 592 402 497 134 3000 3000 3000 0 128 128 128 0 1 1
219000 220000 2 1 0 0 167 8777 0 0 329 474156 596 302 449 208 0 0 0 0 0 0 0 0 0 0
221000 222000 1 1 0 0 135 9083 0 0 247 352588 948 948 948 0 3000 3000 3000 0 128 128 128 0 1 2
222000 223000 2 1 0 0 131 7216 0 0 286 413876 946 47 497 635 0 0 0 0 0 0 0 0 0 0
223000 224000 2 1 0 0 193 11096 0 0 366 532696 944 51 497 631 3000 3000 3000 0 128 128 128 0 1 1
224000 225000 2 1 0 0 181 10012 0 0 381 554420 943 53 498 629 3000 3000 3000 0 0 0 0 0 1 0
225000 226000 2 1 0 0 185 10334 0 0 367 533394 942 54 498 627 3000 3000 3000 0 128 128 128 0 1 1
226000 227000 2 1 0 0 167 8752 0 0 342 495806 941 55 498 626 0 0 0 0 0 0 0 0 0 0
227000 228000 2 1 0 0 88 4200 0 0 189 272490 593 49 321 384 0 0 0 0 0 0 0 0 0 0
229000 230000 1 1 0 0 137 9255 0 0 305 436451 948 948 948 0 3000 3000 3000 0 128 128 128 0 1 2
230000 231000 2 1 0 0 177 10230 0 0 326 465832 947 48 497 635 3000 3000 3000 0 0 0 0 0 1 0
231000 232000 2 1 0 0 138 7411 0 0 279 405822 944 49 497 632 0 0 0 0 128 128 128 0 0 1
232000 233000 2 1 0 0 158 8919 0 0 352 507655 944 52 498 630 3000 3000 3000 0 0 0 0 0 1 0
233000 234000 2 1 0 0 184 9737 0 0 379 550149 943 50 497 631 0 0 0 0 128 128 128 0 0 1
234000 235000 2 1 0 0 170 9414 0 0 359 519517 941 54 498 626 3000 3000 3000 0 0 0 0 0 1 0
235000 236000 2 1 0 0 192 10783 0 0 386 560232 940 57 499 624 3000 3000 3000 0 128 128 128 0 1 1
236000 237000 2 1 0 0 165 8679 0 0 327 472577 939 55 497 625 0 0 0 0 0 0 0 0 0 0
237000 238000 2 1 0 0 130 7458 0 0 263 376030 884 52 468 588 3000 3000 3000 0 128 128 128 0 1 1
238000 239000 2 1 0 0 146 7943 0 0 263 377643 884 114 499 544 0 0 0 0 0 0 0 0 0 0
239000 240000 2 1 0 0 97 6163 0 0 200 281651 781 110 446 473 3000 3000 3000 0 128 128 128 0 1 1
240000 241000 2 1 0 0 170 9172 0 0 330 474483 780 218 499 396 0 0 0 0 0 0 0 0 0 0
241000 242000 2 1 0 0 161 8975 0 0 351 506721 767 213 490 391 3000 3000 3000 0 128 128 128 0 1 1
242000 243000 2 1 0 0 143 7932 0 0 270 387575 764 230 497 377 0 0 0 0 0 0 0 0 0 0
243000 244000 2 1 0 0 156 8882 0 0 328 473567 744 232 488 362 3000 3000 3000 0 128 128 128 0 1 1
244000 245000 2 1 0 0 108 7061 0 0 217 307600 743 254 498 345 0 0 0 0 0 0 0 0 0 0
245000 246000 2 1 0 0 136 7056 0 0 307 443789 699 254 476 314 3000 3000 3000 0 128 128 128 0 1 1
246000 247000 2 1 0 0 129 7803 0 0 252 360387 697 299 498 281 0 0 0 0 0 0 0 0 0 0
247000 248000 2 1 0 0 149 7763 0 0 320 462999 641 300 470 241 3000 3000 3000 0 128 128 128 0 1 1
248000 249000 2 1 0 0 130 6812 0 0 249 353877 639 353 496 201 0 0 0 0 0 0 0 0 0 0
249000 250000 1 1 0 0 20 1185 0 0 32 44924 197 197 197 0 0 0 0 0 0 0 0 0 0 0
251000 252000 1 1 0 0 150 9814 0 0 331 475230 946 946 946 0 3000 3000 3000 0 128 128 128 0 1 2
252000 253000 2 1 0 0 177 10071 0 0 377 545810 943 49 496 631 3000 3000 3000 0 0 0 0 0 1 0
253000 254000 2 1 0 0 191 10721 0 0 365 529774 942 56 499 626 3000 3000 3000 0 128 128 128 0 1 1
254000 255000 2 1 0 0 163 8622 0 0 350 508620 937 57 497 622 0 0 0 0 0 0 0 0 0 0
255000 256000 2 1 0 0 174 9801 0 0 377 546771 935 61 498 617 3000 3000 3000 0 128 128 128 0 1 1
256000 257000 2 1 0 0 182 9501 0 0 349 503739 931 64 497 613 0 0 0 0 0 0 0 0 0 0
257000 258000 2 1 0 0 147 8248 0 0 316 454081 889 51 470 592 3000 3000 3000 0 128 128 128 0 1 1
258000 259000 2 1 0 0 117 6486 0 0 225 321996 886 110 498 548 0 0 0 0 0 0 0 0 0 0
259000 260000 2 1 0 0 140 8041 0 0 290 416961 883 110 497 546 3000 3000 3000 0 128 128 128 0 1 1
260000 261000 2 1 0 0 137 7446 0 0 255 367314 883 113 498 543 0 0 0 0 0 0 0 0 0 0
261000 262000 2 1 0 0 155 8702 0 0 336 486106 870 109 490 538 3000 3000 3000 0 128 128 128 0 1 1
262000 263000 2 1 0 0 133 7182 0 0 267 382278 869 128 499 523 0 0 0 0 0 0 0 0 0 0
263000 264000 2 1 0 0 150 8483 0 0 324 468572 868 128 498 523 3000 3000 3000 0 128 128 128 0 1 1
264000 265000 2 1 0 0 72 5380 0 0 121 170733 865 130 498 520 0 0 0 0 0 0 0 0 0 0
265000 266000 2 1 0 0 158 8001 0 0 340 491927 862 132 497 515 3000 3000 3000 0 128 128 128 0 1 1
266000 267000 2 1 0 0 112 6062 0 0 195 277614 861 134 498 514 0 0 0 0 0 0 0 0 0 0
267000 268000 2 1 0 0 12 680 0 0 19 28157 119 0 59 84 0 0 0 0 0 0 0 0 0 0
269000 270000 1 1 0 0 137 9198 0 0 310 446658 947 947 947 0 3000 3000 3000 0 128 128 128 0 1 2
270000 271000 2 1 0 0 187 12395 0 0 373 541735 947 48 498 635 1500 1500 1500 0 128 128 128 0 2 2
271000 272000 2 1 0 0 187 10517 0 0 355 508545 944 49 497 632 1500 1500 1500 0 0 0 0 0 1 0
272000 273000 2 1 0 0 79 4889 0 0 124 177503 941 52 496 628 0 0 0 0 0 0 0 0 0 0
273000 274000 2 1 0 0 145 9405 0 0 300 430027 880 51 466 586 1500 1500 1500 0 128 128 128 0 1 2
274000 275000 2 1 0 0 141 8541 0 0 263 375555 878 114 496 540 1500 1500 1500 0 0 0 0 0 1 0
275000 276000 2 1 0 0 122 7056 0 0 257 366393 681 117 399 398 1500 1500 1500 0 128 128 128 0 1 1
276000 277000 2 1 0 0 57 3743 0 0 111 153688 676 317 496 253 0 0 0 0 0 0 0 0 0 0
277000 278000 1 1 0 0 1 213 0 0 1 695 157 157 157 0 0 0 0 0 0 0 0 0 0 0
279000 280000 1 1 0 0 145 11204 0 0 300 428420 947 947 947 0 3000 3000 3000 0 128 128 128 0 2 3
280000 281000 2 1 0 0 194 10647 0 0 381 552798 944 50 497 632 3000 3000 3000 0 0 0 0 0 1 0
281000 282000 2 1 0 0 197 11104 0 0 402 584904 944 54 499 629 0 0 0 0 128 128 128 0 0 1
282000 283000 2 1 0 0 166 9553 0 0 336 484924 941 52 497 628 3000 3000 3000 0 0 0 0 0 1 0
283000 284000 2 1 0 0 198 9985 0 0 350 505372 939 57 498 623 0 0 0 0 0 0 0 0 0 0
284000 285000 1 1 0 0 5 272 0 0 9 13802 27 27 27 0 0 0 0 0 0 0 0 0 0 0
285000 286000 1 1 0 0 145 10231 0 0 313 449938 948 948 948 0 3000 3000 3000 0 128 128 128 0 1 2
286000 287000 2 1 0 0 135 8821 0 0 248 351532 946 50 498 633 2300 2300 2300 0 0 0 0 0 2 0
287000 288000 2 1 0 0 180 9144 0 0 362 520552 900 51 475 600 0 0 0 0 0 0 0 0 0 0
288000 289000 2 1 0 0 17 1467 0 0 35 48590 889 86 488 567 0 0 0 0 0 0 0 0 0 0
289000 290000 2 1 0 0 130 8368 0 0 288 413748 760 108 434 460 2300 2300 2300 0 128 128 128 0 1 3
290000 291000 2 1 0 0 168 9924 0 0 343 494741 759 238 499 368 2300 2300 2300 0 0 0 0 0 1 0
291000 292000 2 1 0 0 179 10110 0 0 333 478815 758 236 497 368 2300 2300 2300 0 128 128 128 0 1 1
292000 293000 2 1 0 0 181 9665 0 0 329 471361 754 228 491 371 0 0 0 0 0 0 0 0 0 0
293000 294000 2 1 0 0 158 8883 0 0 317 458408 749 217 483 376 2300 2300 2300 0 128 128 128 0 1 1
294000 295000 2 1 0 0 76 4580 0 0 161 227198 739 239 489 353 0 0 0 0 0 0 0 0 0 0
295000 296000 1 1 0 0 10 667 0 0 22 31516 204 204 204 0 0 0 0 0 0 0 0 0 0 0
