ts te nbins ncons c_tcp_packs c_tcp_bytes c_udp_packs c_udp_bytes s_tcp_packs s_tcp_bytes s_udp_packs s_udp_bytes max_bins_span min_bins_span avg_bins_span std_bins_span max_video_rate min_video_rate avg_video_rate std_video_rate max_audio_rate min_audio_rate avg_audio_rate std_audio_rate video_requests audio_requests
0 1000 0 0 0 0 0 0 0 0 0 0 0 0 0 0 0 0 0 0 0 0 0 0 0 0
1000 2000 0 0 0 0 0 0 0 0 0 0 0 0 0 0 0 0 0 0 0 0 0 0 0 0
2000 3000 0 0 0 0 0 0 0 0 0 0 0 0 0 0 0 0 0 0 0 0 0 0 0 0
3000 4000 0 0 0 0 0 0 0 0 0 0 0 0 0 0 0 0 0 0 0 0 0 0 0 0
4000 5000 0 0 0 0 0 0 0 0 0 0 0 0 0 0 0 0 0 0 0 0 0 0 0 0
5000 6000 0 0 0 0 0 0 0 0 0 0 0 0 0 0 0 0 0 0 0 0 0 0 0 0
6000 7000 0 0 0 0 0 0 0 0 0 0 0 0 0 0 0 0 0 0 0 0 0 0 0 0
7000 8000 4 4 40 7349 0 0 76 87436 0 0 622 382 443 119 2300 2300 2300 0 128 128 128 0 2 2
8000 9000 9 5 72 6531 0 0 117 144674 0 0 611 45 335 191 288 288 288 0 128 128 128 0 2 1
9000 10000 5 3 78 3616 0 0 116 155587 0 0 704 255 443 211 288 288 288 0 128 128 128 0 1 1
10000 11000 5 3 74 3774 0 0 124 172614 0 0 730 92 463 280 288 288 288 0 0 0 0 0 2 0
11000 12000 5 4 118 6162 0 0 147 193094 0 0 876 177 529 310 288 288 288 0 0 0 0 0 2 0
12000 13000 6 4 104 3859 0 0 148 198072 0 0 823 12 470 313 288 288 288 0 128 128 128 0 1 4
13000 14000 5 3 135 2749 0 0 177 239574 0 0 692 175 454 195 288 288 288 0 128 128 128 0 1 2
14000 15000 3 2 64 1553 0 0 86 116541 0 0 502 398 441 54 288 288 288 0 128 128 128 0 1 1
15000 16000 1 1 2 588 0 0 4 3184 0 0 386 386 386 0 0 0 0 0 0 0 0 0 0 0
16000 17000 4 4 93 2655 0 0 132 194076 0 0 897 97 445 386 840 840 840 0 128 128 128 0 2 1
17000 18000 4 3 141 2199 0 0 158 216671 0 0 896 86 409 390 840 840 840 0 128 128 128 0 1 1
18000 19000 3 2 90 387 0 0 92 128039 0 0 444 13 291 240 0 0 0 0 0 0 0 0 0 0
19000 20000 3 3 56 1993 0 0 69 91034 0 0 395 347 376 25 840 840 840 0 128 128 128 0 1 1
20000 21000 2 1 68 833 0 0 83 114483 0 0 600 387 494 150 0 0 0 0 0 0 0 0 0 0
21000 22000 4 3 122 2174 0 0 136 186380 0 0 611 124 360 200 840 840 840 0 128 128 128 0 1 1
22000 23000 2 1 100 245 0 0 125 178610 0 0 527 291 409 166 0 0 0 0 0 0 0 0 0 0
23000 24000 4 3 149 2255 0 0 207 288065 0 0 705 290 485 205 840 840 840 0 128 128 128 0 1 1
24000 25000 1 1 19 0 0 0 19 26719 0 0 132 132 132 0 0 0 0 0 0 0 0 0 0 0
25000 26000 2 2 161 2501 0 0 176 244661 0 0 719 609 664 77 840 840 840 0 128 128 128 0 1 1
26000 27000 2 2 29 661 0 0 41 66654 0 0 163 154 158 6 840 840 840 0 128 128 128 0 1 1
27000 28000 2 2 96 1839 0 0 144 238664 0 0 693 220 457 334 0 0 0 0 0 0 0 0 0 0
28000 29000 3 3 57 1804 0 0 59 90001 0 0 390 61 278 188 1500 1500 1500 0 128 128 128 0 2 1
29000 30000 4 2 275 2701 0 0 314 511151 0 0 614 369 493 135 1500 1500 1500 0 128 128 128 0 1 1
30000 31000 2 2 110 507 0 0 150 231127 0 0 484 14 249 332 0 0 0 0 0 0 0 0 0 0
31000 32000 3 3 136 2174 0 0 180 273100 0 0 398 92 200 170 1500 1500 1500 0 128 128 128 0 1 1
32000 33000 1 1 67 327 0 0 95 150923 0 0 252 252 252 0 0 0 0 0 0 0 0 0 0 0
33000 34000 3 3 132 1990 0 0 163 262594 0 0 386 71 184 175 2300 2300 2300 0 128 128 128 0 1 1
34000 35000 1 1 165 511 0 0 208 351878 0 0 599 599 599 0 0 0 0 0 0 0 0 0 0 0
35000 36000 2 2 101 2420 0 0 162 240781 0 0 900 586 743 222 2300 2300 2300 0 128 128 128 0 1 1
36000 37000 2 1 116 840 0 0 218 328483 0 0 900 96 498 568 0 0 0 0 0 0 0 0 0 0
37000 38000 3 2 278 1659 0 0 361 562905 0 0 901 95 552 413 2300 2300 2300 0 128 128 128 0 1 1
38000 39000 3 2 150 1281 0 0 211 341535 0 0 583 98 360 245 2300 2300 2300 0 128 128 128 0 1 1
39000 40000 2 1 138 1141 0 0 215 344693 0 0 537 394 465 101 0 0 0 0 0 0 0 0 0 0
40000 41000 4 3 131 2478 0 0 205 307050 0 0 600 31 350 235 3000 3000 3000 0 128 128 128 0 2 1
41000 42000 4 2 284 1876 0 0 417 643381 0 0 606 369 493 128 0 0 0 0 0 0 0 0 0 0
42000 43000 3 2 163 1125 0 0 240 378377 0 0 627 209 401 210 3000 3000 3000 0 128 128 128 0 1 1
43000 44000 2 1 109 980 0 0 152 236672 0 0 625 341 483 200 0 0 0 0 0 0 0 0 0 0
44000 45000 2 2 329 1131 0 0 420 694478 0 0 896 276 586 438 3000 3000 3000 0 128 128 128 0 1 1
45000 46000 3 2 165 2002 0 0 244 386426 0 0 710 102 372 309 3000 3000 3000 0 128 128 128 0 1 1
46000 47000 2 1 193 836 0 0 314 498875 0 0 695 301 498 278 0 0 0 0 0 0 0 0 0 0
47000 48000 3 2 108 1662 0 0 170 260280 0 0 686 173 386 267 3000 3000 3000 0 128 128 128 0 1 1
48000 49000 2 1 199 1086 0 0 326 516173 0 0 699 298 499 283 0 0 0 0 0 0 0 0 0 0
49000 50000 3 2 126 1433 0 0 189 283937 0 0 698 86 369 308 3000 3000 3000 0 128 128 128 0 1 1
50000 51000 2 1 210 1106 0 0 327 504544 0 0 678 320 499 252 0 0 0 0 0 0 0 0 0 0
51000 52000 3 2 118 1397 0 0 189 301231 0 0 673 121 372 279 3000 3000 3000 0 128 128 128 0 1 1
52000 53000 2 1 178 1093 0 0 288 467526 0 0 672 314 493 253 0 0 0 0 0 0 0 0 0 0
53000 54000 3 2 97 1403 0 0 163 257859 0 0 680 62 353 310 3000 3000 3000 0 128 128 128 0 1 1
54000 55000 2 1 183 832 0 0 307 495507 0 0 682 313 498 260 0 0 0 0 0 0 0 0 0 0
55000 56000 3 2 98 1653 0 0 161 254424 0 0 685 95 359 299 3000 3000 3000 0 128 128 128 0 1 1
56000 57000 2 1 174 1087 0 0 300 484534 0 0 701 297 499 285 0 0 0 0 0 0 0 0 0 0
57000 58000 4 3 172 2245 0 0 224 356507 0 0 697 38 289 292 4400 4400 4400 0 128 128 128 0 2 1
58000 59000 2 1 272 1084 0 0 363 601996 0 0 701 297 499 285 0 0 0 0 0 0 0 0 0 0
59000 60000 3 2 193 1415 0 0 298 490182 0 0 702 80 359 315 4400 4400 4400 0 128 128 128 0 1 1
60000 61000 3 2 217 1087 0 0 355 584558 0 0 703 295 434 233 0 0 0 0 0 0 0 0 0 0
61000 62000 4 3 234 1657 0 0 329 526585 0 0 694 278 405 194 4400 4400 4400 0 128 128 128 0 1 1
62000 63000 4 2 297 1646 0 0 436 718265 0 0 704 243 487 248 0 0 0 0 128 128 128 0 0 1
63000 64000 4 2 304 1205 0 0 403 644229 0 0 754 7 422 357 4400 4400 4400 0 0 0 0 0 1 0
64000 65000 2 1 266 401 0 0 362 599535 0 0 757 241 499 364 0 0 0 0 0 0 0 0 0 0
65000 66000 3 2 110 1516 0 0 175 279241 0 0 757 43 369 361 4400 4400 4400 0 128 128 128 0 1 1
66000 67000 2 1 229 835 0 0 370 600758 0 0 692 304 498 274 0 0 0 0 0 0 0 0 0 0
67000 68000 3 2 204 1655 0 0 299 481142 0 0 685 110 363 293 4400 4400 4400 0 128 128 128 0 1 1
68000 69000 2 1 199 1083 0 0 324 527766 0 0 704 293 498 290 0 0 0 0 0 0 0 0 0 0
69000 70000 3 2 210 1439 0 0 285 434344 0 0 703 44 355 330 4400 4400 4400 0 128 128 128 0 1 1
70000 71000 2 1 246 1102 0 0 395 621633 0 0 680 317 498 256 0 0 0 0 0 0 0 0 0 0
71000 72000 2 1 227 1132 0 0 335 512215 0 0 678 298 488 269 3000 3000 3000 0 0 0 0 0 1 0
72000 73000 3 2 197 1342 0 0 306 468187 0 0 701 201 399 265 0 0 0 0 128 128 128 0 0 1
73000 74000 2 1 130 1159 0 0 175 282529 0 0 682 291 487 276 3000 3000 3000 0 0 0 0 0 1 0
74000 75000 3 2 229 1330 0 0 339 539181 0 0 707 285 471 215 0 0 0 0 128 128 128 0 0 1
75000 76000 2 1 85 1171 0 0 130 215018 0 0 682 285 484 280 3000 3000 3000 0 0 0 0 0 1 0
76000 77000 3 2 192 1318 0 0 316 526506 0 0 713 164 387 288 0 0 0 0 128 128 128 0 0 1
77000 78000 2 1 73 1183 0 0 92 151854 0 0 703 132 418 403 3000 3000 3000 0 0 0 0 0 1 0
78000 79000 3 3 328 1033 0 0 471 768742 0 0 857 229 632 349 3000 3000 3000 0 128 128 128 0 1 1
79000 80000 3 2 208 2599 0 0 361 584576 0 0 769 226 523 275 0 0 0 0 128 128 128 0 0 1
80000 81000 2 2 253 1296 0 0 418 701509 0 0 886 428 657 323 3000 3000 3000 0 128 128 128 0 1 1
81000 82000 3 2 190 2018 0 0 292 465159 0 0 659 112 362 276 3000 3000 3000 0 128 128 128 0 1 1
82000 83000 2 1 176 837 0 0 272 442512 0 0 686 313 499 263 0 0 0 0 0 0 0 0 0 0
83000 84000 3 2 107 1651 0 0 151 243314 0 0 674 104 359 290 4400 4400 4400 0 128 128 128 0 1 1
84000 85000 2 1 203 1087 0 0 328 544142 0 0 700 298 499 284 0 0 0 0 0 0 0 0 0 0
85000 86000 3 2 161 1434 0 0 273 462502 0 0 698 51 357 325 4400 4400 4400 0 128 128 128 0 1 1
86000 87000 2 1 183 836 0 0 321 521126 0 0 676 320 498 251 0 0 0 0 0 0 0 0 0 0
87000 88000 3 2 245 1657 0 0 366 593954 0 0 669 95 359 289 4400 4400 4400 0 128 128 128 0 1 1
88000 89000 2 1 239 1103 0 0 379 634152 0 0 686 312 499 264 0 0 0 0 0 0 0 0 0 0
89000 90000 3 2 237 1407 0 0 338 541558 0 0 674 73 357 302 4400 4400 4400 0 128 128 128 0 1 1
90000 91000 2 1 200 841 0 0 318 514786 0 0 676 321 498 250 0 0 0 0 0 0 0 0 0 0
91000 92000 3 2 264 2230 0 0 384 617118 0 0 675 210 395 246 4400 4400 4400 0 128 128 128 0 1 1
92000 93000 2 1 230 501 0 0 374 601207 0 0 700 298 499 284 0 0 0 0 0 0 0 0 0 0
93000 94000 3 2 205 1435 0 0 312 489446 0 0 690 85 368 304 4400 4400 4400 0 128 128 128 0 1 1
94000 95000 2 1 222 838 0 0 381 614243 0 0 670 326 498 243 0 0 0 0 0 0 0 0 0 0
95000 96000 3 2 189 1635 0 0 288 464609 0 0 651 148 365 258 4400 4400 4400 0 128 128 128 0 1 1
96000 97000 2 1 228 840 0 0 341 553683 0 0 703 294 499 289 0 0 0 0 0 0 0 0 0 0
97000 98000 1 1 153 572 0 0 231 365753 0 0 680 680 680 0 0 0 0 0 0 0 0 0 0 0
98000 99000 0 0 0 0 0 0 0 0 0 0 0 0 0 0 0 0 0 0 0 0 0 0 0 0
99000 100000 2 2 108 1410 0 0 170 263639 0 0 385 323 354 43 4400 4400 4400 0 128 128 128 0 1 1
100000 101000 4 2 293 2453 0 0 436 690807 0 0 675 305 440 171 0 0 0 0 128 128 128 0 0 1
101000 102000 3 2 278 1139 0 0 374 611353 0 0 693 301 555 220 3000 3000 3000 0 0 0 0 0 1 0
102000 103000 3 2 279 792 0 0 433 704621 0 0 674 288 435 209 3000 3000 3000 0 128 128 128 0 1 1
103000 104000 4 2 205 2467 0 0 348 575107 0 0 663 267 481 207 3000 3000 3000 0 0 0 0 0 1 0
104000 105000 3 2 165 1374 0 0 258 440933 0 0 731 196 398 290 0 0 0 0 128 128 128 0 0 1
105000 106000 2 1 179 1211 0 0 239 376147 0 0 717 162 440 392 3000 3000 3000 0 0 0 0 0 1 0
106000 107000 3 2 287 1145 0 0 433 687726 0 0 836 157 484 340 0 0 0 0 128 128 128 0 0 1
107000 108000 2 1 40 1356 0 0 53 84545 0 0 702 14 358 486 3000 3000 3000 0 0 0 0 0 1 0
108000 109000 3 2 312 859 0 0 464 737044 0 0 982 11 478 486 0 0 0 0 128 128 128 0 0 1
109000 110000 2 1 19 1651 0 0 37 61172 0 0 988 10 499 691 3000 3000 3000 0 0 0 0 0 1 0
110000 111000 2 2 295 2358 0 0 424 713094 0 0 968 906 937 43 3000 3000 3000 0 128 128 128 0 1 2
111000 112000 3 2 321 974 0 0 452 731610 0 0 905 91 592 438 0 0 0 0 0 0 0 0 0 0
112000 113000 4 3 281 1606 0 0 447 733130 0 0 907 75 327 393 3000 3000 3000 0 128 128 128 0 1 1
113000 114000 3 2 101 1988 0 0 161 258373 0 0 627 89 339 270 4400 4400 4400 0 0 0 0 0 1 0
114000 115000 3 2 198 1498 0 0 317 522053 0 0 699 175 391 274 0 0 0 0 0 0 0 0 0 0
115000 116000 3 2 274 1593 0 0 360 615679 0 0 696 184 386 272 4400 4400 4400 0 0 0 0 0 1 0
116000 117000 3 2 230 1314 0 0 346 598592 0 0 721 269 422 258 0 0 0 0 0 0 0 0 0 0
117000 118000 3 2 230 2027 0 0 307 512032 0 0 695 259 409 248 3000 3000 3000 0 0 0 0 0 1 0
118000 119000 2 1 172 460 0 0 277 495492 0 0 725 272 499 320 0 0 0 0 0 0 0 0 0 0
119000 120000 3 2 100 2859 0 0 150 229776 0 0 983 160 618 419 3000 3000 3000 0 128 128 128 0 1 2
120000 121000 4 2 321 1858 0 0 505 779089 0 0 970 13 495 479 0 0 0 0 128 128 128 0 0 2
121000 122000 2 2 87 664 0 0 75 117447 0 0 680 7 344 475 0 0 0 0 0 0 0 0 0 0
122000 123000 0 0 0 0 0 0 0 0 0 0 0 0 0 0 0 0 0 0 0 0 0 0 0 0
123000 124000 2 2 49 1538 0 0 95 152549 0 0 291 221 256 49 3000 3000 3000 0 128 128 128 0 1 1
124000 125000 4 2 150 1990 0 0 288 476138 0 0 777 2 311 329 3000 3000 3000 0 128 128 128 0 1 1
125000 126000 4 2 233 1475 0 0 367 655743 0 0 995 0 435 512 0 0 0 0 0 0 0 0 0 0
126000 127000 1 1 88 0 0 0 129 235647 0 0 378 378 378 0 0 0 0 0 0 0 0 0 0 0
127000 128000 1 1 77 643 0 0 134 225016 0 0 387 387 387 0 3000 3000 3000 0 0 0 0 0 1 0
128000 129000 3 2 174 2177 0 0 272 448901 0 0 612 314 437 155 0 0 0 0 128 128 128 0 0 1
129000 130000 2 1 132 812 0 0 198 321876 0 0 607 369 488 168 3000 3000 3000 0 0 0 0 0 1 0
130000 131000 3 2 199 1676 0 0 309 490516 0 0 628 368 515 133 0 0 0 0 128 128 128 0 0 1
131000 132000 2 1 106 806 0 0 165 281059 0 0 618 346 482 192 3000 3000 3000 0 0 0 0 0 1 0
132000 133000 3 2 177 1674 0 0 284 469616 0 0 651 343 465 163 0 0 0 0 128 128 128 0 0 1
133000 134000 2 1 131 812 0 0 197 325822 0 0 644 328 486 223 3000 3000 3000 0 0 0 0 0 1 0
134000 135000 3 2 257 2790 0 0 345 547769 0 0 708 327 568 209 3000 3000 3000 0 128 128 128 0 1 2
135000 136000 3 2 221 1386 0 0 386 634356 0 0 902 320 631 293 0 0 0 0 0 0 0 0 0 0
136000 137000 4 2 243 1411 0 0 327 584711 0 0 676 95 394 246 3000 3000 3000 0 128 128 128 0 1 1
137000 138000 2 2 233 650 0 0 364 659110 0 0 617 390 503 160 3000 3000 3000 0 0 0 0 0 1 0
138000 139000 3 2 239 1851 0 0 363 580006 0 0 664 389 553 145 0 0 0 0 128 128 128 0 0 1
139000 140000 3 2 113 1925 0 0 178 292772 0 0 314 44 174 134 3000 3000 3000 0 128 128 128 0 1 1
140000 141000 2 1 189 833 0 0 295 503387 0 0 683 312 498 262 0 0 0 0 0 0 0 0 0 0
141000 142000 3 2 99 1647 0 0 149 237824 0 0 687 108 361 295 4400 4400 4400 0 128 128 128 0 1 1
142000 143000 2 1 223 1084 0 0 366 583291 0 0 709 287 498 298 0 0 0 0 0 0 0 0 0 0
143000 144000 3 2 174 1452 0 0 289 489389 0 0 693 75 366 310 4400 4400 4400 0 128 128 128 0 1 1
144000 145000 2 1 214 839 0 0 328 569894 0 0 666 331 498 236 0 0 0 0 0 0 0 0 0 0
145000 146000 3 2 184 1640 0 0 253 424565 0 0 649 194 383 237 4400 4400 4400 0 128 128 128 0 1 1
146000 147000 2 1 207 1099 0 0 340 583662 0 0 692 304 498 274 0 0 0 0 0 0 0 0 0 0
147000 148000 3 2 187 1416 0 0 280 484785 0 0 676 151 383 267 4400 4400 4400 0 128 128 128 0 1 1
148000 149000 2 1 211 833 0 0 319 569080 0 0 675 321 498 250 0 0 0 0 0 0 0 0 0 0
149000 150000 3 2 185 1653 0 0 267 435217 0 0 678 168 383 264 4400 4400 4400 0 128 128 128 0 1 1
150000 151000 2 1 217 1092 0 0 333 573714 0 0 693 304 499 274 0 0 0 0 0 0 0 0 0 0
151000 152000 3 2 177 1411 0 0 261 442729 0 0 690 110 369 295 4400 4400 4400 0 128 128 128 0 1 1
152000 153000 2 1 205 838 0 0 330 579522 0 0 691 307 499 271 0 0 0 0 0 0 0 0 0 0
153000 154000 3 2 186 1661 0 0 260 430832 0 0 678 187 390 256 4400 4400 4400 0 128 128 128 0 1 1
154000 155000 2 1 200 1091 0 0 336 567622 0 0 694 303 498 275 0 0 0 0 0 0 0 0 0 0
155000 156000 3 2 187 1412 0 0 276 452760 0 0 691 121 373 290 4400 4400 4400 0 128 128 128 0 1 1
156000 157000 3 2 248 835 0 0 345 579224 0 0 689 306 455 205 0 0 0 0 0 0 0 0 0 0
157000 158000 4 3 188 1656 0 0 258 407313 0 0 688 0 285 294 4400 4400 4400 0 128 128 128 0 1 1
158000 159000 2 1 192 1081 0 0 346 553235 0 0 704 293 499 290 0 0 0 0 0 0 0 0 0 0
159000 160000 3 2 162 1443 0 0 265 428290 0 0 705 128 385 293 4400 4400 4400 0 128 128 128 0 1 1
160000 161000 2 1 217 842 0 0 351 594624 0 0 676 321 499 250 0 0 0 0 0 0 0 0 0 0
161000 162000 3 2 171 1639 0 0 266 438684 0 0 648 167 371 248 4400 4400 4400 0 128 128 128 0 1 1
162000 163000 2 1 205 1097 0 0 347 574457 0 0 701 297 499 285 0 0 0 0 0 0 0 0 0 0
163000 164000 3 2 240 1423 0 0 339 568899 0 0 677 87 361 297 4400 4400 4400 0 128 128 128 0 1 1
164000 165000 2 1 216 834 0 0 306 530878 0 0 677 320 498 252 0 0 0 0 0 0 0 0 0 0
165000 166000 3 2 179 1633 0 0 271 460262 0 0 676 126 361 283 4400 4400 4400 0 128 128 128 0 1 1
166000 167000 2 1 203 1073 0 0 352 591914 0 0 716 281 499 307 0 0 0 0 0 0 0 0 0 0
167000 168000 2 1 216 1192 0 0 321 525157 0 0 715 259 487 322 3000 3000 3000 0 0 0 0 0 1 0
168000 169000 3 2 215 1277 0 0 353 595607 0 0 738 258 475 243 0 0 0 0 128 128 128 0 0 1
169000 170000 1 1 23 1224 0 0 21 33482 0 0 722 722 722 0 3000 3000 3000 0 0 0 0 0 1 0
170000 171000 2 2 250 840 0 0 447 736014 0 0 940 355 647 413 0 0 0 0 128 128 128 0 0 1
171000 172000 3 2 226 2398 0 0 354 597641 0 0 876 59 527 421 3000 3000 3000 0 128 128 128 0 1 1
172000 173000 3 2 231 1471 0 0 368 629322 0 0 627 122 404 257 3000 3000 3000 0 128 128 128 0 1 1
173000 174000 3 2 248 1801 0 0 373 628051 0 0 562 372 441 105 3000 3000 3000 0 128 128 128 0 1 1
174000 175000 2 1 136 1333 0 0 221 379201 0 0 609 387 498 156 0 0 0 0 0 0 0 0 0 0
175000 176000 3 2 154 1593 0 0 207 348299 0 0 609 260 389 190 4400 4400 4400 0 128 128 128 0 1 1
176000 177000 2 1 196 844 0 0 327 563880 0 0 699 299 499 282 0 0 0 0 0 0 0 0 0 0
177000 178000 1 1 152 565 0 0 210 353235 0 0 665 665 665 0 0 0 0 0 0 0 0 0 0 0
178000 179000 0 0 0 0 0 0 0 0 0 0 0 0 0 0 0 0 0 0 0 0 0 0 0 0
179000 180000 2 2 85 1896 0 0 149 237221 0 0 284 281 282 2 4400 4400 4400 0 128 128 128 0 1 1
180000 181000 2 1 229 1081 0 0 373 616685 0 0 717 280 498 309 0 0 0 0 0 0 0 0 0 0
181000 182000 2 1 216 1185 0 0 285 463829 0 0 696 279 488 294 4400 4400 4400 0 0 0 0 0 1 0
182000 183000 3 2 304 1305 0 0 439 710476 0 0 719 278 515 221 0 0 0 0 128 128 128 0 0 1
183000 184000 2 1 152 1196 0 0 208 327086 0 0 717 49 383 472 3000 3000 3000 0 0 0 0 0 1 0
184000 185000 3 2 283 842 0 0 461 768233 0 0 950 47 631 506 0 0 0 0 128 128 128 0 0 1
185000 186000 3 2 114 1659 0 0 116 189830 0 0 951 47 363 510 3000 3000 3000 0 0 0 0 0 1 0
186000 187000 4 3 330 780 0 0 418 724079 0 0 902 2 451 514 3000 3000 3000 0 128 128 128 0 1 1
187000 188000 5 3 201 5104 0 0 390 637161 0 0 990 7 500 428 0 0 0 0 128 128 128 0 0 1
188000 189000 3 2 286 1276 0 0 403 647443 0 0 615 256 428 180 3000 3000 3000 0 128 128 128 0 1 1
189000 190000 2 1 183 1022 0 0 306 505156 0 0 614 381 498 165 3000 3000 3000 0 0 0 0 0 1 0
190000 191000 3 2 216 1479 0 0 351 572374 0 0 614 384 473 123 0 0 0 0 128 128 128 0 0 1
191000 192000 3 2 96 1912 0 0 153 255533 0 0 299 36 176 131 3000 3000 3000 0 128 128 128 0 1 1
192000 193000 2 1 177 1098 0 0 272 485082 0 0 698 298 498 282 0 0 0 0 0 0 0 0 0 0
193000 194000 3 2 100 1420 0 0 172 285033 0 0 675 132 375 276 4400 4400 4400 0 128 128 128 0 1 1
194000 195000 2 1 194 837 0 0 340 568725 0 0 679 318 499 255 0 0 0 0 0 0 0 0 0 0
195000 196000 3 2 222 1659 0 0 329 569748 0 0 669 146 376 266 4400 4400 4400 0 128 128 128 0 1 1
196000 197000 2 1 220 837 0 0 337 594826 0 0 685 312 499 263 0 0 0 0 0 0 0 0 0 0
197000 198000 3 2 207 1662 0 0 298 487233 0 0 675 144 376 271 4400 4400 4400 0 128 128 128 0 1 1
198000 199000 2 1 189 839 0 0 325 527336 0 0 688 310 499 267 0 0 0 0 0 0 0 0 0 0
199000 200000 1 1 146 560 0 0 186 308407 0 0 672 672 672 0 0 0 0 0 0 0 0 0 0 0
200000 201000 0 0 0 0 0 0 0 0 0 0 0 0 0 0 0 0 0 0 0 0 0 0 0 0
201000 202000 2 2 96 1923 0 0 146 251045 0 0 312 172 242 99 4400 4400 4400 0 128 128 128 0 1 1
202000 203000 2 1 269 1102 0 0 380 654758 0 0 686 312 499 264 0 0 0 0 0 0 0 0 0 0
203000 204000 2 2 338 1688 0 0 468 778973 0 0 676 656 666 14 3000 3000 3000 0 128 128 128 0 1 1
204000 205000 3 2 289 1434 0 0 395 664934 0 0 485 343 397 77 3000 3000 3000 0 128 128 128 0 1 1
205000 206000 3 2 287 2011 0 0 449 730430 0 0 636 361 459 152 3000 3000 3000 0 128 128 128 0 1 1
206000 207000 2 1 139 1341 0 0 228 391836 0 0 617 381 499 167 0 0 0 0 0 0 0 0 0 0
207000 208000 2 1 171 804 0 0 229 369786 0 0 610 354 482 180 3000 3000 3000 0 0 0 0 0 1 0
208000 209000 3 2 195 1674 0 0 286 461124 0 0 643 333 443 173 0 0 0 0 128 128 128 0 0 1
209000 210000 2 1 118 807 0 0 189 309892 0 0 640 330 485 219 3000 3000 3000 0 0 0 0 0 1 0
210000 211000 3 2 180 1952 0 0 276 459676 0 0 665 328 442 193 0 0 0 0 128 128 128 0 0 1
211000 212000 2 1 139 1111 0 0 203 335978 0 0 664 308 486 251 3000 3000 3000 0 0 0 0 0 1 0
212000 213000 3 2 191 1349 0 0 321 523309 0 0 689 304 479 194 0 0 0 0 128 128 128 0 0 1
213000 214000 2 1 117 1152 0 0 159 250005 0 0 690 279 484 290 3000 3000 3000 0 0 0 0 0 1 0
214000 215000 3 2 217 1308 0 0 347 534380 0 0 720 275 442 242 0 0 0 0 128 128 128 0 0 1
215000 216000 2 1 62 1193 0 0 82 140798 0 0 702 101 402 424 3000 3000 3000 0 0 0 0 0 1 0
216000 217000 2 2 245 840 0 0 388 658575 0 0 884 333 608 389 0 0 0 0 128 128 128 0 0 1
217000 218000 1 1 101 651 0 0 150 251514 0 0 391 391 391 0 3000 3000 3000 0 0 0 0 0 1 0
218000 219000 3 2 202 2171 0 0 308 508638 0 0 606 390 510 109 0 0 0 0 128 128 128 0 0 1
219000 220000 2 1 126 810 0 0 196 333828 0 0 605 370 488 166 3000 3000 3000 0 0 0 0 0 1 0
220000 221000 3 2 219 1674 0 0 336 549766 0 0 628 365 515 135 0 0 0 0 128 128 128 0 0 1
221000 222000 2 1 148 809 0 0 233 380607 0 0 618 349 483 190 3000 3000 3000 0 0 0 0 0 1 0
222000 223000 3 2 194 1673 0 0 302 492496 0 0 650 347 451 172 0 0 0 0 128 128 128 0 0 1
223000 224000 2 1 120 822 0 0 184 308626 0 0 648 342 495 216 3000 3000 3000 0 0 0 0 0 1 0
224000 225000 3 2 175 1674 0 0 290 484047 0 0 657 336 445 183 0 0 0 0 128 128 128 0 0 1
225000 226000 2 1 82 821 0 0 132 223450 0 0 656 334 495 227 3000 3000 3000 0 0 0 0 0 1 0
226000 227000 3 2 179 1959 0 0 274 461189 0 0 663 334 483 166 0 0 0 0 128 128 128 0 0 1
227000 228000 2 1 145 1102 0 0 170 268832 0 0 659 315 487 243 3000 3000 3000 0 0 0 0 0 1 0
228000 229000 3 2 223 1367 0 0 328 525761 0 0 684 314 478 188 0 0 0 0 128 128 128 0 0 1
229000 230000 2 1 96 1134 0 0 146 227871 0 0 675 228 452 316 3000 3000 3000 0 0 0 0 0 1 0
230000 231000 3 2 264 1251 0 0 400 617375 0 0 771 226 482 273 0 0 0 0 128 128 128 0 0 1
231000 232000 2 1 60 1250 0 0 84 137470 0 0 689 171 430 366 3000 3000 3000 0 0 0 0 0 1 0
232000 233000 4 3 294 1827 0 0 471 765732 0 0 906 171 530 389 3000 3000 3000 0 128 128 128 0 1 2
233000 234000 4 2 314 2383 0 0 461 731090 0 0 904 93 473 423 3000 3000 3000 0 128 128 128 0 1 1
234000 235000 4 2 241 948 0 0 371 619538 0 0 867 32 280 393 0 0 0 0 0 0 0 0 0 0
235000 236000 1 1 62 684 0 0 59 106380 0 0 638 638 638 0 0 0 0 0 0 0 0 0 0 0
236000 237000 0 0 0 0 0 0 0 0 0 0 0 0 0 0 0 0 0 0 0 0 0 0 0 0
237000 238000 2 2 111 1250 0 0 166 267260 0 0 379 319 349 42 3000 3000 3000 0 128 128 128 0 1 1
238000 239000 5 3 315 4818 0 0 470 754548 0 0 680 199 427 199 3000 3000 3000 0 128 128 128 0 1 1
239000 240000 4 2 304 1967 0 0 450 745954 0 0 681 315 495 192 3000 3000 3000 0 0 0 0 0 1 0
240000 241000 3 2 174 1106 0 0 276 458799 0 0 655 146 381 256 0 0 0 0 128 128 128 0 0 1
241000 242000 3 2 136 1645 0 0 197 311271 0 0 634 123 360 257 3000 3000 3000 0 128 128 128 0 1 1
242000 243000 2 1 158 837 0 0 262 408625 0 0 674 321 498 249 0 0 0 0 0 0 0 0 0 0
243000 244000 4 3 202 1630 0 0 346 534447 0 0 660 84 290 261 4400 4400 4400 0 128 128 128 0 1 1
244000 245000 2 1 223 1074 0 0 365 588705 0 0 714 283 498 304 0 0 0 0 0 0 0 0 0 0
245000 246000 3 2 209 1476 0 0 313 503636 0 0 714 81 379 318 4400 4400 4400 0 128 128 128 0 1 1
246000 247000 2 1 249 835 0 0 345 574156 0 0 657 341 499 223 0 0 0 0 0 0 0 0 0 0
247000 248000 3 2 230 1656 0 0 323 525264 0 0 652 146 376 255 4400 4400 4400 0 128 128 128 0 1 1
248000 249000 2 1 219 1118 0 0 318 557431 0 0 668 328 498 240 0 0 0 0 0 0 0 0 0 0
249000 250000 3 2 251 1394 0 0 358 611864 0 0 655 81 360 287 4400 4400 4400 0 128 128 128 0 1 1
250000 251000 2 1 226 834 0 0 353 601376 0 0 655 343 499 220 0 0 0 0 0 0 0 0 0 0
251000 252000 3 2 189 1651 0 0 283 474052 0 0 655 116 365 271 4400 4400 4400 0 128 128 128 0 1 1
252000 253000 2 1 215 1116 0 0 326 571265 0 0 674 324 499 247 0 0 0 0 0 0 0 0 0 0
253000 254000 2 1 284 1113 0 0 364 601067 0 0 658 317 488 241 3000 3000 3000 0 0 0 0 0 1 0
254000 255000 3 2 222 1371 0 0 318 511070 0 0 680 317 511 183 0 0 0 0 128 128 128 0 0 1
255000 256000 2 1 122 1130 0 0 182 295200 0 0 674 277 476 281 3000 3000 3000 0 0 0 0 0 1 0
256000 257000 3 2 228 840 0 0 356 585352 0 0 794 80 531 392 0 0 0 0 128 128 128 0 0 1
257000 258000 1 1 72 655 0 0 112 179369 0 0 393 393 393 0 3000 3000 3000 0 0 0 0 0 1 0
258000 259000 3 2 230 1846 0 0 342 536988 0 0 605 156 385 224 0 0 0 0 128 128 128 0 0 1
259000 260000 2 1 116 651 0 0 179 280722 0 0 391 100 246 205 3000 3000 3000 0 0 0 0 0 1 0
260000 261000 3 2 226 1850 0 0 334 518308 0 0 607 338 431 152 0 0 0 0 128 128 128 0 0 1
261000 262000 1 1 86 622 0 0 143 242646 0 0 374 374 374 0 3000 3000 3000 0 0 0 0 0 1 0
262000 263000 3 2 229 2191 0 0 353 571236 0 0 750 373 583 191 0 0 0 0 128 128 128 0 0 1
263000 264000 2 1 179 804 0 0 231 371486 0 0 610 351 481 183 3000 3000 3000 0 0 0 0 0 1 0
264000 265000 3 2 202 1671 0 0 310 507400 0 0 647 347 483 152 0 0 0 0 128 128 128 0 0 1
265000 266000 2 1 152 826 0 0 215 348683 0 0 651 346 498 216 3000 3000 3000 0 0 0 0 0 1 0
266000 267000 4 3 275 4788 0 0 452 718919 0 0 904 164 516 327 3000 3000 3000 0 128 128 128 0 1 2
267000 268000 4 2 303 2262 0 0 446 755450 0 0 904 94 484 361 3000 3000 3000 0 128 128 128 0 1 1
268000 269000 3 2 161 1150 0 0 273 473714 0 0 706 76 358 319 0 0 0 0 0 0 0 0 0 0
269000 270000 3 2 191 1446 0 0 258 429233 0 0 700 52 360 325 3000 3000 3000 0 128 128 128 0 1 1
270000 271000 2 1 160 1116 0 0 267 463057 0 0 670 327 499 242 0 0 0 0 0 0 0 0 0 0
271000 272000 4 3 99 1391 0 0 163 261306 0 0 660 118 343 229 4400 4400 4400 0 128 128 128 0 1 1
272000 273000 2 1 192 1117 0 0 316 526262 0 0 664 333 499 233 0 0 0 0 0 0 0 0 0 0
273000 274000 3 2 211 1388 0 0 305 509619 0 0 658 110 370 274 4400 4400 4400 0 128 128 128 0 1 1
274000 275000 2 1 181 1120 0 0 299 525679 0 0 658 340 499 224 0 0 0 0 0 0 0 0 0 0
275000 276000 3 2 210 1381 0 0 294 494238 0 0 658 190 396 239 4400 4400 4400 0 128 128 128 0 1 1
276000 277000 2 1 242 836 0 0 351 575840 0 0 658 339 499 225 0 0 0 0 0 0 0 0 0 0
277000 278000 3 2 214 1648 0 0 329 526547 0 0 648 106 358 272 4400 4400 4400 0 128 128 128 0 1 1
278000 279000 2 1 199 1105 0 0 343 565791 0 0 677 320 499 252 0 0 0 0 0 0 0 0 0 0
279000 280000 3 2 204 1417 0 0 304 506650 0 0 675 49 357 313 4400 4400 4400 0 128 128 128 0 1 1
280000 281000 2 1 197 832 0 0 312 534254 0 0 652 345 498 217 0 0 0 0 0 0 0 0 0 0
281000 282000 3 2 213 1647 0 0 333 539810 0 0 654 210 395 231 4400 4400 4400 0 128 128 128 0 1 1
282000 283000 2 1 222 1109 0 0 359 560976 0 0 676 320 498 251 0 0 0 0 0 0 0 0 0 0
283000 284000 3 2 194 1402 0 0 293 483074 0 0 665 73 357 297 4400 4400 4400 0 128 128 128 0 1 1
284000 285000 2 1 251 560 0 0 410 712145 0 0 663 333 498 233 0 0 0 0 0 0 0 0 0 0
285000 286000 3 2 244 1939 0 0 395 687449 0 0 664 268 421 212 4400 4400 4400 0 128 128 128 0 1 1
286000 287000 2 1 120 1119 0 0 192 332876 0 0 666 330 498 237 0 0 0 0 0 0 0 0 0 0
287000 288000 3 2 108 1395 0 0 153 261457 0 0 653 79 359 287 4400 4400 4400 0 128 128 128 0 1 1
288000 289000 1 1 132 548 0 0 196 347991 0 0 644 644 644 0 0 0 0 0 0 0 0 0 0 0
289000 290000 1 1 4 820 0 0 4 2911 0 0 33 33 33 0 0 0 0 0 0 0 0 0 0 0
290000 291000 0 0 0 0 0 0 0 0 0 0 0 0 0 0 0 0 0 0 0 0 0 0 0 0
291000 292000 2 2 81 1943 0 0 138 228290 0 0 336 162 249 122 4400 4400 4400 0 128 128 128 0 1 1
292000 293000 2 1 189 834 0 0 301 510821 0 0 663 334 499 232 0 0 0 0 0 0 0 0 0 0
293000 294000 2 1 209 818 0 0 277 463447 0 0 661 325 493 237 3000 3000 3000 0 0 0 0 0 1 0
294000 295000 3 2 250 2643 0 0 356 550515 0 0 901 325 633 290 3000 3000 3000 0 128 128 128 0 1 2
295000 296000 4 2 330 1504 0 0 556 877955 0 0 898 97 480 359 0 0 0 0 0 0 0 0 0 0
296000 297000 4 2 172 1918 0 0 309 489638 0 0 715 85 314 279 3000 3000 3000 0 128 128 128 0 1 1
297000 298000 2 1 161 1186 0 0 218 352085 0 0 700 167 433 376 3000 3000 3000 0 0 0 0 0 1 0
298000 299000 3 2 324 1161 0 0 442 708166 0 0 831 166 482 333 0 0 0 0 128 128 128 0 0 1
299000 300000 2 1 49 1340 0 0 56 78883 0 0 694 88 391 429 3000 3000 3000 0 0 0 0 0 1 0
300000 301000 1 1 278 0 0 0 409 609503 0 0 804 804 804 0 0 0 0 0 128 128 128 0 0 1
