ts te nbins ncons c_pkts_all c_ack_cnt c_ack_cnt_p c_bytes_all c_bytes_uniq s_pkts_all s_ack_cnt s_ack_cnt_p s_bytes_all s_bytes_uniq c_pkts_retx s_pkts_retx c_pkts_data s_pkts_data max_bin min_bin avg_bin std_bin max_vid min_vid avg_vid std_vid max_aud min_aud avg_aud std_aud num_vid num_aud num_mfs
0 1000 0 0 0 0 0 0 0 0 0 0 0 0 0 0 0 0 0 0 0 0 0 0 0 0 0 0 0 0 0  
1000 2000 0 0 0 0 0 0 0 0 0 0 0 0 0 0 0 0 0 0 0 0 0 0 0 0 0 0 0 0 0  
2000 3000 0 0 0 0 0 0 0 0 0 0 0 0 0 0 0 0 0 0 0 0 0 0 0 0 0 0 0 0 0  
3000 4000 0 0 0 0 0 0 0 0 0 0 0 0 0 0 0 0 0 0 0 0 0 0 0 0 0 0 0 0 0  
4000 5000 0 0 0 0 0 0 0 0 0 0 0 0 0 0 0 0 0 0 0 0 0 0 0 0 0 0 0 0 0  
5000 6000 1 1 5 5 4 1100 1100 6 6 1 10695 10695 0 0 1 4 127 127 127 0 0 0 0 0 0 0 0 0 0 0.0 1.0
6000 7000 4 4 325 322 308 12403 10798 396 396 20 561620 506071 1 39 13 371 919 350 498 281 2300 2300 2300 0 128 128 128 0 2 2.0 0.0
7000 8000 3 2 217 217 213 3110 3043 300 300 5 572918 566817 0 4 3 294 918 79 601 455 2300 2300 2300 0 128 128 128 0 1 1.0 0.0
8000 9000 5 3 226 226 225 1376 1376 360 360 3 636362 474311 0 97 1 356 563 81 245 191 2300 2300 2300 0 128 128 128 0 1 1.0 1.0
9000 10000 4 3 252 252 250 1564 1564 459 459 3 848785 581017 0 152 1 455 581 54 365 222 2300 2300 2300 0 128 128 128 0 1 1.0 0.0
10000 11000 4 2 236 236 232 2630 2630 363 363 5 632656 498737 0 73 3 357 580 412 496 90 2300 2300 2300 0 128 128 128 0 1 1.0 1.0
11000 12000 6 4 279 279 275 2256 2256 330 330 5 518849 479608 0 22 2 323 556 230 394 112 2300 2300 2300 0 128 128 128 0 1 1.0 0.0
12000 13000 4 2 253 253 251 2330 2330 369 369 5 679928 673534 0 3 2 364 713 156 409 236 2300 2300 2300 0 128 128 128 0 1 1.0 1.0
13000 14000 4 2 231 231 229 1691 1691 349 349 5 675467 666903 0 3 2 344 839 156 466 317 2300 2300 2300 0 128 128 128 0 1 1.0 0.0
14000 15000 4 3 243 243 240 2237 2237 363 363 6 693312 672245 0 9 2 357 743 251 506 211 2300 2300 2300 0 128 128 128 0 1 1.0 1.0
15000 16000 4 2 190 190 188 1978 1978 263 263 4 580025 580025 0 0 2 258 564 12 388 256 2300 2300 2300 0 128 128 128 0 2 1.0 0.0
16000 17000 6 4 241 240 235 4219 4219 323 323 9 753226 753226 0 0 4 313 984 10 342 351 2300 2300 2300 0 128 128 128 0 1 1.0 1.0
17000 18000 3 2 174 174 172 1653 1653 260 260 3 589154 588984 0 0 1 256 954 45 432 469 0 0 0 0 128 128 128 0 0 1.0 0.0
18000 19000 3 2 172 172 170 2389 2389 244 244 4 420770 398790 0 13 2 239 954 0 633 548 2300 2300 2300 0 128 128 128 0 1 1.0 1.0
19000 20000 2 1 81 81 80 856 856 106 106 0 203084 202223 0 0 1 106 953 44 499 642 0 0 0 0 0 0 0 0 0 0.0 0.0
20000 21000 2 1 5 5 5 37 37 8 8 2 11783 11783 0 0 0 6 256 45 151 149 0 0 0 0 0 0 0 0 0 0.0 1.0
21000 22000 1 1 2 2 1 0 0 2 2 0 21 21 0 0 0 0 844 844 844 0 0 0 0 0 0 0 0 0 0 0.0 0.0
22000 23000 3 3 188 188 183 3943 3943 302 302 7 543882 536140 0 5 4 294 954 78 636 484 2300 2300 2300 0 128 128 128 0 1 2.0 1.0
23000 24000 4 2 195 195 193 1641 1641 283 283 3 542652 542202 0 0 1 280 718 41 242 319 2300 2300 2300 0 0 0 0 0 1 0.0 0.0
24000 25000 3 2 159 159 157 1100 1100 226 226 3 488982 484452 0 2 1 223 627 133 343 255 2300 2300 2300 0 128 128 128 0 1 1.0 1.0
25000 26000 1 1 63 63 63 0 0 88 88 0 199161 196750 0 1 0 88 334 334 334 0 0 0 0 0 0 0 0 0 0 0.0 0.0
26000 27000 2 2 154 154 151 2425 2425 223 223 4 457815 451479 0 3 2 218 953 250 602 497 2300 2300 2300 0 128 128 128 0 1 1.0 1.0
27000 28000 2 1 63 63 62 858 858 81 81 0 159634 159330 0 0 1 81 951 45 498 640 0 0 0 0 0 0 0 0 0 0.0 0.0
28000 29000 3 2 159 159 157 1652 1652 226 226 4 463486 448169 0 9 1 221 916 45 426 445 2300 2300 2300 0 128 128 128 0 1 1.0 1.0
29000 30000 2 1 53 53 52 819 819 61 61 1 139850 138736 0 0 0 60 916 80 498 591 0 0 0 0 0 0 0 0 0 0.0 0.0
30000 31000 3 2 182 182 180 1671 1671 266 266 3 527164 513503 0 8 1 262 904 83 422 428 2300 2300 2300 0 128 128 128 0 1 1.0 1.0
31000 32000 2 1 28 28 27 829 829 28 28 1 52358 50935 0 0 1 27 904 94 499 572 0 0 0 0 0 0 0 0 0 0.0 0.0
32000 33000 3 2 105 105 103 1663 1663 167 167 3 353975 353975 0 0 1 163 893 83 414 424 2300 2300 2300 0 128 128 128 0 1 1.0 1.0
33000 34000 2 1 74 74 73 827 827 95 95 1 210738 210738 0 0 1 94 893 103 498 558 0 0 0 0 0 0 0 0 0 0.0 0.0
34000 35000 3 2 113 113 111 1563 1563 170 170 3 352133 340115 0 6 1 166 882 96 470 394 2300 2300 2300 0 128 128 128 0 1 1.0 1.0
35000 36000 4 2 184 184 180 2850 2850 251 251 5 535366 533776 0 0 3 245 879 116 474 323 2300 2300 2300 0 128 128 128 0 1 1.0 0.0
36000 37000 4 2 231 231 230 1413 1413 357 357 2 722122 722122 0 0 1 355 858 0 387 408 2300 2300 2300 0 128 128 128 0 1 1.0 1.0
37000 38000 2 1 85 85 83 1567 1567 106 106 1 225663 225663 0 0 1 105 854 141 498 504 0 0 0 0 0 0 0 0 0 0.0 0.0
38000 39000 3 2 178 178 176 950 950 278 278 3 533458 529806 0 2 1 274 873 124 412 403 2300 2300 2300 0 128 128 128 0 1 1.0 1.0
39000 40000 2 1 40 40 38 1557 1557 36 36 1 69135 68623 0 0 1 35 873 122 497 531 0 0 0 0 0 0 0 0 0 0.0 0.0
40000 41000 4 3 148 148 146 1771 1771 230 230 5 459744 459744 0 0 2 224 869 123 376 335 4400 4400 4400 0 128 128 128 0 2 1.0 1.0
41000 42000 2 1 196 196 195 837 837 273 273 1 574419 574419 0 0 1 272 868 125 497 525 0 0 0 0 0 0 0 0 0 0.0 0.0
42000 43000 3 2 164 164 162 1656 1656 257 257 3 541988 541988 0 0 1 253 862 105 410 399 4400 4400 4400 0 128 128 128 0 1 1.0 1.0
43000 44000 2 1 181 181 180 846 846 236 236 1 509456 495819 0 6 1 235 860 134 497 513 0 0 0 0 0 0 0 0 0 0.0 0.0
44000 45000 2 1 19 19 19 87 87 24 24 0 52581 50950 0 0 0 24 102 0 51 72 0 0 0 0 0 0 0 0 0 0.0 1.0
45000 46000 0 0 0 0 0 0 0 0 0 0 0 0 0 0 0 0 0 0 0 0 0 0 0 0 0 0 0 0 0  
46000 47000 2 2 156 156 152 3144 3144 254 254 6 498223 460131 0 21 3 247 954 879 916 52 4400 4400 4400 0 128 128 128 0 1 2.0 1.0
47000 48000 4 2 233 233 232 941 941 352 352 1 692410 684366 0 4 1 351 904 39 484 470 0 0 0 0 0 0 0 0 0 0.0 0.0
48000 49000 5 3 210 210 209 857 857 286 286 2 572251 564221 0 4 1 283 926 76 273 366 2300 2300 2300 0 0 0 0 0 1 0.0 1.0
49000 50000 2 1 30 30 29 841 841 33 33 0 64805 64603 0 0 1 32 924 72 498 602 0 0 0 0 0 0 0 0 0 0.0 0.0
50000 51000 3 2 116 116 115 1539 1539 177 177 4 397093 397093 0 0 1 172 916 46 465 435 2300 2300 2300 0 128 128 128 0 1 1.0 1.0
51000 52000 4 2 162 162 159 2927 2927 218 218 6 467482 467482 0 0 3 212 914 83 498 343 2300 2300 2300 0 128 128 128 0 1 1.0 0.0
52000 53000 4 2 204 204 203 1438 1438 273 273 3 596562 596562 0 0 1 269 566 70 366 209 2300 2300 2300 0 128 128 128 0 1 1.0 1.0
53000 54000 1 1 83 83 83 0 0 111 111 0 241348 241348 0 0 0 111 349 349 349 0 0 0 0 0 0 0 0 0 0 0.0 0.0
54000 55000 2 2 156 156 154 2421 2421 251 251 4 437638 393076 0 29 2 246 951 305 628 456 2300 2300 2300 0 128 128 128 0 1 1.0 1.0
55000 56000 2 1 80 80 79 861 861 95 95 0 221329 220234 0 0 1 95 945 48 497 634 0 0 0 0 0 0 0 0 0 0.0 0.0
56000 57000 3 2 204 204 202 1653 1653 310 310 4 562795 528394 0 18 1 305 916 47 420 446 2300 2300 2300 0 128 128 128 0 1 1.0 1.0
57000 58000 2 1 43 43 42 823 823 47 47 1 86274 84943 0 0 1 46 915 79 497 591 0 0 0 0 0 0 0 0 0 0.0 0.0
58000 59000 3 2 196 196 194 1675 1675 270 270 3 544155 516766 0 16 1 266 900 76 428 424 2300 2300 2300 0 128 128 128 0 1 1.0 1.0
59000 60000 2 1 19 19 17 1536 1536 23 23 1 46487 45735 0 0 1 21 870 80 475 558 0 0 0 0 0 0 0 0 0 0.0 0.0
60000 61000 3 2 162 162 161 963 963 249 249 3 493325 493325 0 0 1 245 882 114 414 410 2300 2300 2300 0 128 128 128 0 1 1.0 1.0
61000 62000 1 1 14 14 14 71 71 21 21 0 42729 42729 0 0 0 21 81 81 81 0 0 0 0 0 0 0 0 0 0 0.0 0.0
62000 63000 2 2 164 164 161 2394 2394 277 277 4 523122 518281 0 2 2 272 871 341 606 374 4400 4400 4400 0 128 128 128 0 1 1.0 1.0
63000 64000 2 1 243 243 242 1561 1561 276 276 1 467205 454340 0 9 1 275 870 128 499 524 0 0 0 0 0 0 0 0 0 0.0 0.0
64000 65000 3 2 188 188 187 943 943 285 285 3 539819 522460 0 10 1 281 875 123 410 406 4400 4400 4400 0 128 128 128 0 1 1.0 1.0
65000 66000 2 1 230 230 229 826 826 320 320 1 619775 604113 0 8 1 319 867 124 495 525 0 0 0 0 0 0 0 0 0 0.0 0.0
66000 67000 3 2 180 180 177 2361 2361 269 269 5 558482 532077 0 15 2 264 863 117 614 429 3000 3000 3000 0 128 128 128 0 2 1.0 1.0
67000 68000 3 2 104 104 102 1686 1686 133 133 2 272542 263533 0 5 2 131 861 73 357 436 0 0 0 0 0 0 0 0 0 0.0 0.0
68000 69000 3 2 184 184 183 970 970 288 288 2 545690 526031 0 10 1 285 633 133 400 251 3000 3000 3000 0 128 128 128 0 1 1.0 1.0
69000 70000 3 2 110 110 109 644 644 153 153 1 290066 284149 0 2 0 151 629 53 349 288 0 0 0 0 0 0 0 0 0 0.0 0.0
70000 71000 1 1 8 8 7 268 268 3 3 0 5121 5121 0 0 0 2 306 306 306 0 0 0 0 0 0 0 0 0 0 0.0 1.0
71000 72000 0 0 0 0 0 0 0 0 0 0 0 0 0 0 0 0 0 0 0 0 0 0 0 0 0 0 0 0 0  
72000 73000 2 2 172 172 169 2378 2378 261 261 4 463464 420906 0 27 2 256 923 250 587 475 3000 3000 3000 0 128 128 128 0 1 1.0 1.0
73000 74000 2 1 117 117 116 904 904 145 145 0 313892 311917 0 1 1 145 922 73 498 600 0 0 0 0 0 0 0 0 0 0.0 0.0
74000 75000 2 1 5 5 5 38 38 8 8 2 13970 13970 0 0 0 6 254 45 150 147 0 0 0 0 0 0 0 0 0 0.0 1.0
75000 76000 0 0 0 0 0 0 0 0 0 0 0 0 0 0 0 0 0 0 0 0 0 0 0 0 0 0 0 0 0  
76000 77000 1 1 2 2 1 820 820 4 4 2 2913 2913 0 0 1 2 252 252 252 0 0 0 0 0 0 0 0 0 0 0.0 1.0
77000 78000 0 0 0 0 0 0 0 0 0 0 0 0 0 0 0 0 0 0 0 0 0 0 0 0 0 0 0 0 0  
78000 79000 3 3 204 204 201 2494 2494 334 334 5 583656 567305 0 11 2 328 990 271 513 412 3000 3000 3000 0 128 128 128 0 1 1.0 1.0
79000 80000 3 2 191 191 189 1591 1591 306 306 3 550273 550126 0 0 1 302 882 8 490 443 3000 3000 3000 0 128 128 128 0 1 1.0 0.0
80000 81000 4 3 196 196 193 2523 2523 319 319 6 594752 579744 0 6 3 313 952 116 487 378 3000 3000 3000 0 128 128 128 0 1 1.0 1.0
81000 82000 3 2 288 288 287 1098 1098 393 393 1 752496 746776 0 3 1 392 951 46 419 472 3000 3000 3000 0 128 128 128 0 1 1.0 0.0
82000 83000 5 3 186 186 183 2648 2648 264 264 6 526494 525209 0 0 3 258 792 46 398 342 3000 3000 3000 0 0 0 0 0 1 0.0 1.0
83000 84000 2 2 211 211 210 513 513 317 317 2 632470 632469 0 0 0 315 923 410 666 362 0 0 0 0 128 128 128 0 0 1.0 0.0
84000 85000 4 3 261 261 258 2414 2414 355 355 4 682638 671443 0 8 2 351 896 75 412 357 3000 3000 3000 0 128 128 128 0 1 1.0 1.0
85000 86000 3 2 252 252 250 2141 2141 319 319 4 619208 601647 0 12 2 315 894 103 539 401 3000 3000 3000 0 128 128 128 0 1 1.0 0.0
86000 87000 5 3 232 232 230 2014 2014 330 330 5 718836 717461 0 1 2 324 862 75 379 293 3000 3000 3000 0 128 128 128 0 1 1.0 1.0
87000 88000 3 2 250 250 248 1772 1772 320 320 2 607874 591702 0 9 2 317 861 136 421 386 3000 3000 3000 0 128 128 128 0 1 1.0 0.0
88000 89000 4 2 212 212 210 1912 1912 282 282 5 554898 547686 0 5 2 277 779 136 478 325 3000 3000 3000 0 0 0 0 0 1 0.0 1.0
89000 90000 3 2 263 263 263 614 614 340 340 1 670443 657320 0 9 0 338 768 216 421 302 0 0 0 0 128 128 128 0 0 1.0 0.0
90000 91000 3 2 191 191 188 2429 2429 289 289 4 545497 527270 0 12 2 284 953 204 627 384 3000 3000 3000 0 128 128 128 0 1 1.0 1.0
91000 92000 2 1 129 129 128 854 854 175 175 0 365305 365006 0 0 1 175 950 43 497 641 0 0 0 0 0 0 0 0 0 0.0 0.0
92000 93000 3 2 134 134 132 1567 1567 200 200 4 444695 444695 0 0 1 195 818 46 414 387 3000 3000 3000 0 128 128 128 0 1 1.0 1.0
93000 94000 2 1 92 92 90 1532 1532 131 131 1 291361 291361 0 0 1 129 817 181 499 449 0 0 0 0 0 0 0 0 0 0.0 0.0
94000 95000 3 2 133 133 132 979 979 208 208 3 444125 444125 0 0 1 204 829 166 433 349 4400 4400 4400 0 128 128 128 0 1 1.0 1.0
95000 96000 2 1 205 205 204 847 847 270 270 0 569337 568175 0 0 1 270 828 169 498 465 0 0 0 0 0 0 0 0 0 0.0 0.0
96000 97000 3 2 184 184 182 1797 1797 269 269 4 575005 574779 0 0 2 265 815 161 463 329 4400 4400 4400 0 128 128 128 0 1 1.0 1.0
97000 98000 2 1 167 167 165 1358 1358 215 215 2 498084 498084 0 0 1 213 814 182 498 446 0 0 0 0 0 0 0 0 0 0.0 0.0
98000 99000 3 2 160 160 159 1010 1010 242 242 3 518739 518739 0 0 1 239 842 85 369 412 4400 4400 4400 0 128 128 128 0 1 1.0 1.0
99000 100000 2 1 210 210 209 849 849 299 299 0 608914 601825 0 4 1 298 838 157 498 481 0 0 0 0 0 0 0 0 0 0.0 0.0
100000 101000 3 2 186 186 184 1785 1785 299 299 4 580538 576839 0 3 2 294 828 146 448 347 4400 4400 4400 0 128 128 128 0 1 1.0 1.0
101000 102000 2 1 351 351 350 1418 1418 388 388 2 592653 562499 0 20 1 386 827 170 499 464 0 0 0 0 0 0 0 0 0 0.0 0.0
102000 103000 3 2 216 216 214 990 990 297 297 3 574816 565527 0 6 1 294 888 45 358 462 4400 4400 4400 0 128 128 128 0 1 1.0 1.0
103000 104000 2 1 199 199 198 823 823 280 280 1 579066 571120 0 3 1 279 888 110 499 550 0 0 0 0 0 0 0 0 0 0.0 0.0
104000 105000 3 2 173 173 171 1662 1662 263 263 3 539255 538345 0 0 1 259 869 108 410 403 4400 4400 4400 0 128 128 128 0 1 1.0 1.0
105000 106000 2 1 217 217 216 850 850 319 319 1 588412 572087 0 9 1 318 866 129 497 521 0 0 0 0 0 0 0 0 0 0.0 0.0
106000 107000 3 2 164 164 162 1612 1612 257 257 3 535816 534097 0 0 1 253 824 91 405 377 4400 4400 4400 0 128 128 128 0 1 1.0 1.0
107000 108000 2 1 189 189 187 1519 1519 265 265 2 553763 553763 0 0 1 263 821 175 498 457 0 0 0 0 0 0 0 0 0 0.0 0.0
108000 109000 3 2 191 191 189 1012 1012 306 306 3 598671 596284 0 1 1 303 858 102 377 418 4400 4400 4400 0 128 128 128 0 1 1.0 1.0
109000 110000 2 1 234 234 233 820 820 300 300 1 531517 514479 0 12 0 299 855 140 498 506 0 0 0 0 0 0 0 0 0 0.0 0.0
110000 111000 3 2 274 274 272 1665 1665 342 342 3 558184 533974 0 16 1 338 839 143 431 363 4400 4400 4400 0 128 128 128 0 1 1.0 1.0
111000 112000 2 1 198 198 196 1517 1517 273 273 1 542729 538681 0 2 1 272 777 158 467 437 0 0 0 0 0 0 0 0 0 0.0 0.0
112000 113000 3 2 192 192 191 1008 1008 311 311 3 587161 568641 0 10 1 308 754 156 447 299 3000 3000 3000 0 128 128 128 0 1 1.0 1.0
113000 114000 3 2 84 84 83 1442 1442 123 123 2 228948 225055 0 2 1 120 752 64 353 357 0 0 0 0 0 0 0 0 0 0.0 0.0
114000 115000 3 2 144 144 143 1168 1168 225 225 2 459577 459577 0 0 1 222 570 185 345 200 3000 3000 3000 0 128 128 128 0 1 1.0 1.0
115000 116000 2 1 108 108 107 950 950 158 158 2 329144 329144 0 0 1 156 569 426 498 100 0 0 0 0 0 0 0 0 0 0.0 0.0
116000 117000 3 2 165 165 164 1551 1551 225 225 3 408696 385989 0 14 1 221 482 285 398 101 3000 3000 3000 0 128 128 128 0 1 1.0 1.0
117000 118000 2 1 149 149 148 798 798 228 228 1 405053 383698 0 13 0 226 517 478 497 27 0 0 0 0 0 0 0 0 0 0.0 0.0
118000 119000 3 2 131 131 129 1703 1703 187 187 3 376859 376195 0 0 2 183 517 251 416 143 3000 3000 3000 0 128 128 128 0 1 1.0 1.0
119000 120000 2 1 124 124 123 490 490 165 165 1 345532 344809 0 0 0 164 520 475 498 31 0 0 0 0 0 0 0 0 0 0.0 0.0
120000 121000 1 1 2 2 2 329 329 0 0 0 0 0 0 0 0 0 318 318 318 0 0 0 0 0 0 0 0 0 0 0.0 1.0
121000 122000 0 0 0 0 0 0 0 0 0 0 0 0 0 0 0 0 0 0 0 0 0 0 0 0 0 0 0 0 0  
122000 123000 1 1 2 2 1 820 820 4 4 2 2922 2922 0 0 1 2 275 275 275 0 0 0 0 0 0 0 0 0 0 0.0 1.0
123000 124000 0 0 0 0 0 0 0 0 0 0 0 0 0 0 0 0 0 0 0 0 0 0 0 0 0 0 0 0 0  
124000 125000 1 1 2 2 1 820 820 3 3 2 2922 2922 0 0 1 1 276 276 276 0 0 0 0 0 0 0 0 0 0 0.0 1.0
125000 126000 1 1 51 51 50 302 302 66 66 0 160883 160384 0 0 0 66 358 358 358 0 3000 3000 3000 0 0 0 0 0 1 0.0 0.0
126000 127000 4 3 199 199 195 3699 3699 268 268 6 581849 578740 0 2 4 262 953 355 720 282 3000 3000 3000 0 128 128 128 0 1 1.0 1.0
127000 128000 5 3 260 260 259 970 970 387 387 4 701745 698522 0 2 1 383 953 42 411 473 3000 3000 3000 0 128 128 128 0 1 1.0 0.0
128000 129000 6 4 416 415 413 1714 1714 621 621 4 960324 741304 0 127 2 616 897 39 407 417 0 0 0 0 128 128 128 0 0 1.0 1.0
129000 130000 5 3 273 272 268 4475 4475 370 370 7 674759 627663 1 29 4 362 897 100 448 410 3000 3000 3000 0 128 128 128 0 1 1.0 0.0
130000 131000 6 4 267 267 265 1688 1688 400 400 3 790091 763824 0 14 2 396 868 0 336 334 3000 3000 3000 0 128 128 128 0 1 1.0 1.0
131000 132000 4 2 220 220 217 2963 2963 336 336 5 628900 609729 0 12 3 330 865 130 498 305 3000 3000 3000 0 128 128 128 0 1 1.0 0.0
132000 133000 4 2 278 278 276 1691 1691 448 448 4 846105 843706 0 1 2 444 865 69 482 329 3000 3000 3000 0 128 128 128 0 1 1.0 1.0
133000 134000 4 2 213 213 210 2458 2458 310 310 5 597421 593860 0 2 2 305 863 133 498 303 3000 3000 3000 0 128 128 128 0 1 1.0 0.0
134000 135000 5 3 300 300 298 1353 1353 445 445 5 801114 770383 0 18 1 438 853 87 397 310 3000 3000 3000 0 128 128 128 0 1 1.0 1.0
135000 136000 2 1 116 116 115 832 832 171 171 1 330765 326355 0 2 1 170 850 145 497 499 0 0 0 0 0 0 0 0 0 0.0 0.0
136000 137000 3 2 178 178 176 1663 1663 266 266 3 557880 557880 0 0 1 263 847 131 432 371 3000 3000 3000 0 128 128 128 0 1 1.0 1.0
137000 138000 2 1 101 101 100 851 851 119 119 1 244887 239989 0 2 1 118 844 152 498 489 0 0 0 0 0 0 0 0 0 0.0 0.0
138000 139000 2 1 9 9 9 96 96 10 10 0 21059 20406 0 0 0 10 112 0 56 79 0 0 0 0 0 0 0 0 0 0.0 1.0
139000 140000 0 0 0 0 0 0 0 0 0 0 0 0 0 0 0 0 0 0 0 0 0 0 0 0 0 0 0 0 0  
140000 141000 2 2 240 240 236 3199 3199 359 359 6 623566 592067 0 17 3 352 847 831 839 11 4400 4400 4400 0 128 128 128 0 1 2.0 1.0
141000 142000 3 2 232 232 231 996 996 331 331 1 664903 661269 0 2 1 329 825 168 398 370 3000 3000 3000 0 0 0 0 0 1 0.0 0.0
142000 143000 4 2 298 298 296 1730 1730 443 443 4 869229 853666 0 7 2 439 797 162 459 326 3000 3000 3000 0 128 128 128 0 1 1.0 1.0
143000 144000 3 2 179 179 177 2044 2044 250 250 3 507134 489655 0 7 2 246 680 278 425 222 0 0 0 0 0 0 0 0 0 0.0 0.0
144000 145000 3 2 160 160 159 1216 1216 245 245 3 488731 488731 0 0 1 242 568 199 345 196 3000 3000 3000 0 128 128 128 0 1 1.0 1.0
145000 146000 2 1 99 99 98 959 959 146 146 2 290805 290805 0 0 1 144 565 431 498 95 0 0 0 0 0 0 0 0 0 0.0 0.0
146000 147000 3 2 145 145 143 1537 1537 204 204 3 396151 370051 0 15 1 201 464 414 436 25 3000 3000 3000 0 128 128 128 0 1 1.0 1.0
147000 148000 2 2 124 124 124 4 4 184 184 0 369278 359738 0 5 0 184 524 2 263 369 0 0 0 0 0 0 0 0 0 0.0 0.0
148000 149000 2 2 144 144 141 2427 2427 220 220 4 454171 454171 0 0 2 215 953 270 611 483 3000 3000 3000 0 128 128 128 0 1 1.0 1.0
149000 150000 2 1 107 107 107 74 74 153 153 0 295726 295726 0 0 0 153 491 45 268 315 0 0 0 0 0 0 0 0 0 0.0 0.0
150000 151000 2 2 162 162 159 2425 2425 244 244 4 453670 432294 0 12 2 239 953 289 621 469 3000 3000 3000 0 128 128 128 0 1 1.0 1.0
151000 152000 2 1 117 117 116 857 857 153 153 0 324733 323901 0 0 1 153 950 46 498 639 0 0 0 0 0 0 0 0 0 0.0 0.0
152000 153000 3 2 182 182 180 1620 1620 270 270 4 479992 460853 0 12 1 265 914 47 463 434 3000 3000 3000 0 128 128 128 0 1 1.0 1.0
153000 154000 3 2 155 155 154 851 851 192 192 1 317366 306944 0 6 1 190 914 16 337 500 0 0 0 0 0 0 0 0 0 0.0 0.0
154000 155000 3 2 202 202 200 1626 1626 290 290 3 500960 473870 0 16 1 286 851 84 447 385 3000 3000 3000 0 128 128 128 0 1 1.0 1.0
155000 156000 2 1 112 112 111 870 870 138 138 1 273410 270735 0 1 1 136 848 148 498 495 0 0 0 0 0 0 0 0 0 0.0 0.0
156000 157000 3 2 178 178 176 1630 1630 292 292 3 500492 465261 0 19 1 289 848 84 418 390 3000 3000 3000 0 128 128 128 0 1 1.0 1.0
157000 158000 2 1 106 106 105 827 827 148 148 1 274556 271025 0 2 1 147 847 149 498 494 0 0 0 0 0 0 0 0 0 0.0 0.0
158000 159000 3 2 160 160 158 1667 1667 240 240 3 494615 487379 0 4 1 236 840 143 430 364 3000 3000 3000 0 128 128 128 0 1 1.0 1.0
159000 160000 2 1 131 131 130 822 822 156 156 1 277331 273902 0 2 0 154 840 156 498 483 0 0 0 0 0 0 0 0 0 0.0 0.0
160000 161000 3 2 161 161 159 1666 1666 256 256 3 472322 442509 0 17 1 252 825 157 455 339 3000 3000 3000 0 128 128 128 0 1 1.0 1.0
161000 162000 2 1 118 118 117 1538 1538 166 166 1 322043 318506 0 1 1 165 825 171 498 462 0 0 0 0 0 0 0 0 0 0.0 0.0
162000 163000 3 2 199 199 198 1108 1108 287 287 3 528431 502203 0 15 1 283 808 159 420 342 3000 3000 3000 0 128 128 128 0 1 1.0 1.0
163000 164000 2 1 105 105 103 1395 1395 141 141 2 277763 273294 0 2 1 139 808 186 497 439 0 0 0 0 0 0 0 0 0 0.0 0.0
164000 165000 3 2 128 128 126 1106 1106 187 187 2 382374 373310 0 7 1 184 602 154 365 225 3000 3000 3000 0 128 128 128 0 1 1.0 1.0
165000 166000 2 1 136 136 135 1018 1018 194 194 2 366184 357728 0 6 1 192 601 392 496 147 0 0 0 0 0 0 0 0 0 0.0 0.0
166000 167000 3 2 239 239 237 1483 1483 330 330 3 589286 561569 0 19 1 327 595 313 429 147 3000 3000 3000 0 128 128 128 0 1 1.0 1.0
167000 168000 2 1 129 129 128 1259 1259 170 170 1 303278 292024 0 8 1 168 595 402 498 136 0 0 0 0 0 0 0 0 0 0.0 0.0
168000 169000 3 2 154 154 153 1023 1023 223 223 2 428339 420232 0 6 1 220 570 190 398 192 3000 3000 3000 0 128 128 128 0 1 1.0 1.0
169000 170000 3 2 137 137 136 1166 1166 201 201 2 384711 379005 0 3 1 199 569 152 383 211 0 0 0 0 0 0 0 0 0 0.0 0.0
170000 171000 3 2 187 187 185 1314 1314 237 237 2 468332 448612 0 11 1 234 568 429 476 79 3000 3000 3000 0 128 128 128 0 1 1.0 1.0
171000 172000 3 2 113 113 112 1184 1184 141 141 2 275306 263229 0 7 1 138 562 172 374 195 0 0 0 0 0 0 0 0 0 0.0 0.0
172000 173000 3 2 130 130 128 1557 1557 173 173 3 308795 281722 0 16 1 169 427 354 381 40 3000 3000 3000 0 128 128 128 0 1 1.0 1.0
173000 174000 2 1 207 207 206 600 600 295 295 1 533571 486432 0 28 0 294 635 360 498 194 0 0 0 0 0 0 0 0 0 0.0 0.0
174000 175000 4 3 125 125 122 2094 2094 177 177 3 330529 318958 0 7 2 173 637 183 403 187 3000 3000 3000 0 128 128 128 0 1 1.0 1.0
175000 176000 5 3 264 263 258 4105 4105 354 354 8 696968 683213 0 8 4 345 639 322 458 136 3000 3000 3000 0 128 128 128 0 1 1.0 0.0
176000 177000 3 2 152 152 151 372 372 215 215 1 461735 461735 0 0 0 213 591 115 335 239 0 0 0 0 0 0 0 0 0 0.0 1.0
177000 178000 0 0 0 0 0 0 0 0 0 0 0 0 0 0 0 0 0 0 0 0 0 0 0 0 0 0 0 0 0  
178000 179000 2 2 166 166 163 2316 2316 271 271 4 489617 483195 0 5 2 266 952 433 693 366 3000 3000 3000 0 128 128 128 0 1 1.0 1.0
179000 180000 4 2 203 203 200 2612 2612 290 290 4 581315 579592 0 2 3 285 951 46 498 373 3000 3000 3000 0 128 128 128 0 1 1.0 0.0
180000 181000 5 3 249 249 247 1701 1701 378 378 5 729014 709832 0 13 2 372 931 45 379 368 3000 3000 3000 0 128 128 128 0 1 1.0 1.0
181000 182000 2 1 140 140 139 837 837 182 182 0 410911 409545 0 0 1 181 931 66 498 611 0 0 0 0 0 0 0 0 0 0.0 0.0
182000 183000 3 2 266 266 264 1579 1579 337 337 4 570063 507453 0 39 1 332 831 45 427 393 3000 3000 3000 0 128 128 128 0 1 1.0 1.0
183000 184000 2 1 125 125 124 835 835 119 119 1 194681 182131 0 7 1 118 831 166 499 469 0 0 0 0 0 0 0 0 0 0.0 0.0
184000 185000 3 2 162 162 160 1658 1658 225 225 3 457256 435988 0 14 1 222 822 149 433 348 4400 4400 4400 0 128 128 128 0 1 1.0 1.0
185000 186000 2 1 218 218 218 148 148 281 281 0 649587 643877 0 4 0 281 821 176 499 456 0 0 0 0 0 0 0 0 0 0.0 0.0
186000 187000 3 2 177 177 174 2341 2341 261 261 4 606392 602788 0 1 2 257 806 168 458 323 4400 4400 4400 0 128 128 128 0 1 1.0 1.0
187000 188000 2 1 188 188 186 1529 1529 224 224 1 542415 538186 0 2 1 222 806 190 498 435 0 0 0 0 0 0 0 0 0 0.0 0.0
188000 189000 3 2 174 174 173 988 988 238 238 3 530191 520398 0 5 1 234 827 171 451 338 4400 4400 4400 0 128 128 128 0 1 1.0 1.0
189000 190000 2 1 178 178 176 1535 1535 228 228 1 516427 514545 0 1 1 227 826 171 499 462 0 0 0 0 0 0 0 0 0 0.0 0.0
190000 191000 3 2 256 256 255 975 975 353 353 3 595997 569358 0 16 1 350 838 159 435 356 4400 4400 4400 0 128 128 128 0 1 1.0 1.0
191000 192000 2 1 280 280 280 135 135 367 367 0 662753 643761 0 13 0 367 835 160 498 477 0 0 0 0 0 0 0 0 0 0.0 0.0
192000 193000 3 2 181 181 179 2359 2359 299 299 4 565398 564020 0 0 2 294 830 82 433 376 4400 4400 4400 0 128 128 128 0 1 1.0 1.0
193000 194000 2 1 152 152 150 1531 1531 217 217 1 429841 429841 0 0 1 215 829 168 498 467 0 0 0 0 0 0 0 0 0 0.0 0.0
194000 195000 3 2 172 172 171 976 976 278 278 3 531440 527950 0 2 1 274 836 161 418 365 4400 4400 4400 0 128 128 128 0 1 1.0 1.0
195000 196000 2 1 179 179 177 1543 1543 259 259 1 490359 489686 0 0 1 258 834 161 498 476 0 0 0 0 0 0 0 0 0 0.0 0.0
196000 197000 3 2 232 232 230 968 968 372 372 3 637691 609437 0 21 1 369 848 149 608 397 4400 4400 4400 0 128 128 128 0 1 1.0 1.0
197000 198000 3 2 293 293 293 125 125 391 391 0 670331 653262 0 12 0 391 847 41 346 437 0 0 0 0 0 0 0 0 0 0.0 0.0
198000 199000 3 2 190 190 187 2367 2367 278 278 4 585294 579303 0 3 2 274 839 81 448 379 4400 4400 4400 0 128 128 128 0 1 1.0 1.0
199000 200000 2 1 136 136 135 825 825 170 170 1 380727 379839 0 0 1 168 837 159 498 478 0 0 0 0 0 0 0 0 0 0.0 0.0
200000 201000 3 2 157 157 155 1663 1663 240 240 3 504322 504322 0 0 1 237 823 155 414 358 4400 4400 4400 0 128 128 128 0 1 1.0 1.0
201000 202000 2 1 223 223 223 147 147 293 293 0 648660 648660 0 0 0 293 823 174 499 458 0 0 0 0 0 0 0 0 0 0.0 0.0
202000 203000 3 2 241 241 239 2340 2340 327 327 4 605830 591886 0 10 2 322 804 166 469 320 4400 4400 4400 0 128 128 128 0 1 1.0 1.0
203000 204000 2 1 183 183 181 1507 1507 268 268 1 519970 516660 0 2 1 266 804 191 497 433 0 0 0 0 0 0 0 0 0 0.0 0.0
204000 205000 3 2 202 202 201 1015 1015 302 302 3 539835 522197 0 14 1 298 775 188 465 294 3000 3000 3000 0 128 128 128 0 1 1.0 1.0
205000 206000 3 2 101 101 100 1526 1526 135 135 2 247582 243100 0 3 1 133 774 86 361 364 0 0 0 0 0 0 0 0 0 0.0 0.0
206000 207000 3 2 153 153 151 1115 1115 214 214 2 451023 451023 0 0 1 211 615 154 355 236 3000 3000 3000 0 128 128 128 0 1 1.0 1.0
207000 208000 2 1 76 76 75 1307 1307 110 110 1 238829 238829 0 0 1 108 578 369 474 147 0 0 0 0 0 0 0 0 0 0.0 0.0
208000 209000 3 2 90 90 88 1167 1167 133 133 2 239509 233400 0 3 1 130 432 157 287 138 3000 3000 3000 0 128 128 128 0 1 1.0 1.0
209000 210000 3 2 231 231 230 482 482 347 347 1 611243 597905 0 9 0 346 725 14 337 359 0 0 0 0 0 0 0 0 0 0.0 0.0
210000 211000 3 2 181 181 179 2047 2047 231 231 4 395470 371123 0 14 2 227 726 271 451 241 3000 3000 3000 0 128 128 128 0 1 1.0 1.0
211000 212000 1 1 137 137 137 0 0 180 180 0 352451 347757 0 2 0 180 568 568 568 0 0 0 0 0 0 0 0 0 0 0.0 0.0
212000 213000 2 2 149 149 147 2177 2177 237 237 4 425139 397965 0 17 2 233 954 427 690 372 3000 3000 3000 0 128 128 128 0 1 1.0 1.0
213000 214000 3 2 131 131 130 1107 1107 174 174 0 370065 364415 0 3 1 174 951 45 392 488 0 0 0 0 0 0 0 0 0 0.0 0.0
214000 215000 3 2 192 192 190 1544 1544 279 279 4 512780 490791 0 14 1 274 916 45 464 436 3000 3000 3000 0 128 128 128 0 1 1.0 1.0
215000 216000 3 2 109 109 107 955 955 146 146 0 271418 269320 0 1 1 145 915 62 353 487 0 0 0 0 0 0 0 0 0 0.0 0.0
216000 217000 3 2 173 173 171 1650 1650 254 254 4 507007 495557 0 7 1 250 915 46 436 441 3000 3000 3000 0 128 128 128 0 1 1.0 1.0
217000 218000 2 1 90 90 89 851 851 97 97 0 225066 224013 0 0 1 97 913 84 498 586 0 0 0 0 0 0 0 0 0 0.0 0.0
218000 219000 3 2 163 163 161 1603 1603 237 237 4 507103 493114 0 7 1 232 907 46 462 431 3000 3000 3000 0 128 128 128 0 1 1.0 1.0
219000 220000 3 2 93 93 92 869 869 110 110 1 232956 231677 0 0 1 109 907 22 340 492 0 0 0 0 0 0 0 0 0 0.0 0.0
220000 221000 3 2 144 144 142 1639 1639 221 221 3 457195 435201 0 13 1 217 864 83 418 401 3000 3000 3000 0 128 128 128 0 1 1.0 1.0
221000 222000 2 1 117 117 116 858 858 150 150 1 339058 336332 0 1 1 149 863 132 497 517 0 0 0 0 0 0 0 0 0 0.0 0.0
222000 223000 3 2 249 249 247 1629 1629 357 357 3 655436 620131 0 17 1 354 849 85 451 382 3000 3000 3000 0 128 128 128 0 1 1.0 1.0
223000 224000 2 1 84 84 83 871 871 104 104 1 192660 189112 0 1 1 103 846 150 498 492 0 0 0 0 0 0 0 0 0 0.0 0.0
224000 225000 4 3 176 176 173 1625 1625 262 262 3 480448 446987 0 22 1 257 842 85 423 313 3000 3000 3000 0 128 128 128 0 1 1.0 1.0
225000 226000 2 1 106 106 105 823 823 136 136 1 280283 277120 0 2 0 135 841 156 498 484 0 0 0 0 0 0 0 0 0 0.0 0.0
226000 227000 3 2 173 173 171 1776 1776 279 279 3 469221 444947 0 17 2 275 824 156 471 335 3000 3000 3000 0 128 128 128 0 1 1.0 1.0
227000 228000 4 2 229 229 227 2271 2271 329 329 4 629015 621394 0 4 2 324 824 169 438 278 3000 3000 3000 0 128 128 128 0 1 1.0 0.0
228000 229000 5 3 279 278 274 3892 3892 424 424 9 805637 805637 0 0 4 413 809 155 431 260 3000 3000 3000 0 128 128 128 0 1 1.0 1.0
229000 230000 2 1 141 141 139 1504 1504 182 182 2 377610 377610 0 0 1 179 808 187 498 439 0 0 0 0 0 0 0 0 0 0.0 0.0
230000 231000 3 2 159 159 157 1018 1018 272 272 3 532512 532512 0 0 1 269 834 80 367 407 3000 3000 3000 0 128 128 128 0 1 1.0 1.0
231000 232000 2 1 102 102 101 823 823 133 133 1 279970 279970 0 0 0 132 833 163 498 473 0 0 0 0 0 0 0 0 0 0.0 0.0
232000 233000 3 2 231 231 229 1651 1651 312 312 3 561938 539649 0 13 1 308 803 164 418 339 4400 4400 4400 0 128 128 128 0 1 1.0 1.0
233000 234000 3 2 228 228 225 1548 1548 284 284 2 561547 549169 0 8 1 280 803 196 453 314 0 0 0 0 0 0 0 0 0 0.0 0.0
234000 235000 4 3 222 222 221 1003 1003 323 323 3 612260 601368 0 6 1 319 861 90 317 364 4400 4400 4400 0 128 128 128 0 1 1.0 1.0
235000 236000 2 1 313 313 311 1559 1559 361 361 1 605643 581450 0 15 1 360 859 136 498 510 0 0 0 0 0 0 0 0 0 0.0 0.0
236000 237000 3 2 243 243 242 951 951 368 368 3 642849 589583 0 34 1 364 871 128 616 422 4400 4400 4400 0 128 128 128 0 1 1.0 1.0
237000 238000 3 2 259 259 258 865 865 319 319 1 507769 491330 0 11 1 317 869 25 340 461 0 0 0 0 0 0 0 0 0 0.0 0.0
238000 239000 3 2 153 153 151 1594 1594 241 241 3 470030 468989 0 0 1 237 822 70 398 384 4400 4400 4400 0 128 128 128 0 1 1.0 1.0
239000 240000 2 1 194 194 193 1516 1516 267 267 1 560693 560693 0 0 1 266 821 176 498 456 0 0 0 0 0 0 0 0 0 0.0 0.0
240000 241000 3 2 225 225 224 986 986 327 327 3 610371 598918 0 8 1 323 824 175 411 358 4400 4400 4400 0 128 128 128 0 1 1.0 1.0
241000 242000 2 1 240 240 238 1544 1544 284 284 1 475617 458005 0 11 1 283 823 174 499 458 0 0 0 0 0 0 0 0 0 0.0 0.0
242000 243000 3 2 234 234 233 973 973 358 358 3 665598 661568 0 2 1 354 842 154 410 375 4400 4400 4400 0 128 128 128 0 1 1.0 1.0
243000 244000 2 1 283 283 283 131 131 353 353 0 598212 558150 0 29 0 353 798 155 476 454 0 0 0 0 0 0 0 0 0 0.0 0.0
244000 245000 2 2 98 98 96 1970 1970 159 159 4 306781 306781 0 0 2 155 679 247 463 305 3000 3000 3000 0 128 128 128 0 1 1.0 1.0
245000 246000 2 1 132 132 130 1821 1821 189 189 2 374794 374794 0 0 2 187 676 319 498 252 0 0 0 0 0 0 0 0 0 0.0 0.0
246000 247000 3 2 187 187 186 1212 1212 272 272 3 506819 489396 0 12 1 269 577 195 371 193 3000 3000 3000 0 128 128 128 0 1 1.0 1.0
247000 248000 2 1 138 138 136 957 957 207 207 1 405751 398207 0 4 1 205 573 418 496 109 0 0 0 0 0 0 0 0 0 0.0 0.0
248000 249000 3 2 188 188 186 1544 1544 258 258 3 495195 486085 0 5 1 255 572 327 440 123 3000 3000 3000 0 128 128 128 0 1 1.0 1.0
249000 250000 1 1 95 95 95 0 0 131 131 0 253630 247471 0 3 0 130 387 387 387 0 0 0 0 0 0 0 0 0 0 0.0 0.0
250000 251000 2 2 187 187 184 2432 2432 272 272 4 439856 413493 0 18 2 267 954 399 677 392 3000 3000 3000 0 128 128 128 0 1 1.0 1.0
251000 252000 2 1 132 132 131 852 852 176 176 0 322161 321427 0 0 1 176 953 41 497 644 0 0 0 0 0 0 0 0 0 0.0 0.0
252000 253000 3 2 231 231 230 1387 1387 353 353 4 604409 576521 0 16 1 349 913 45 465 434 3000 3000 3000 0 128 128 128 0 1 1.0 1.0
253000 254000 3 2 84 84 83 1082 1082 104 104 1 193793 187503 0 3 1 102 913 82 398 449 0 0 0 0 0 0 0 0 0 0.0 0.0
254000 255000 3 2 139 139 138 1456 1456 196 196 3 465500 463159 0 0 1 193 840 85 453 377 3000 3000 3000 0 128 128 128 0 1 1.0 1.0
255000 256000 3 2 103 103 102 989 989 120 120 1 264335 261551 0 1 1 118 840 105 367 410 0 0 0 0 0 0 0 0 0 0.0 0.0
256000 257000 3 2 149 149 147 1789 1308 206 206 3 346313 314051 0 19 2 202 831 152 472 340 3000 3000 3000 0 128 128 128 0 1 1.0 1.0
257000 258000 3 2 142 142 140 1547 1188 189 189 2 375301 365501 0 6 1 186 829 166 440 346 0 0 0 0 0 0 0 0 0 0.0 0.0
258000 259000 3 2 179 179 177 1663 1663 271 271 3 538119 536977 0 0 1 267 821 157 433 345 3000 3000 3000 0 128 128 128 0 1 1.0 1.0
259000 260000 2 1 120 120 119 830 830 152 152 1 311350 311104 0 0 1 151 821 177 499 455 0 0 0 0 0 0 0 0 0 0.0 0.0
260000 261000 3 2 202 202 200 1661 1661 275 275 3 510994 487626 0 14 1 271 816 168 472 325 3000 3000 3000 0 128 128 128 0 1 1.0 1.0
261000 262000 3 2 73 73 71 1518 1518 87 87 1 171213 166867 0 2 1 86 810 2 332 424 0 0 0 0 0 0 0 0 0 0.0 0.0
262000 263000 3 2 158 158 157 1143 1143 233 233 3 442948 429789 0 8 1 229 788 180 411 329 3000 3000 3000 0 128 128 128 0 1 1.0 1.0
263000 264000 2 1 118 118 116 1390 1390 166 166 2 310551 307052 0 2 1 164 788 209 498 409 0 0 0 0 0 0 0 0 0 0.0 0.0
264000 265000 3 2 169 169 168 1111 1111 234 234 2 537644 531442 0 3 1 231 615 153 370 231 3000 3000 3000 0 128 128 128 0 1 1.0 1.0
265000 266000 2 1 100 100 98 1337 1337 121 121 1 293333 290246 0 1 1 119 613 384 499 162 0 0 0 0 0 0 0 0 0 0.0 0.0
266000 267000 3 2 138 138 137 824 824 194 194 2 432502 418133 0 9 0 192 611 148 397 233 3000 3000 3000 0 128 128 128 0 1 1.0 1.0
267000 268000 3 2 118 118 116 1651 1651 143 143 2 325583 316260 0 5 1 140 606 292 428 161 0 0 0 0 0 0 0 0 0 0.0 0.0
268000 269000 3 2 163 163 162 1189 1189 228 228 3 478602 456099 0 12 1 225 593 161 353 219 3000 3000 3000 0 128 128 128 0 1 1.0 1.0
269000 270000 2 1 119 119 118 1274 1274 153 153 1 325169 314514 0 5 1 151 592 403 498 133 0 0 0 0 0 0 0 0 0 0.0 0.0
270000 271000 3 2 211 211 210 1156 1156 302 302 2 525432 469671 0 35 1 299 583 180 398 203 3000 3000 3000 0 128 128 128 0 1 1.0 1.0
271000 272000 3 2 156 156 154 1319 1319 206 206 2 362536 333594 0 17 1 204 577 40 344 275 0 0 0 0 0 0 0 0 0 0.0 0.0
272000 273000 3 2 112 112 111 1157 1157 180 180 2 342690 330352 0 7 1 178 562 191 395 188 3000 3000 3000 0 128 128 128 0 1 1.0 1.0
273000 274000 5 3 195 194 190 3984 3984 284 284 8 555002 545156 0 5 4 274 561 223 440 135 3000 3000 3000 0 128 128 128 0 1 1.0 0.0
274000 275000 5 3 286 286 285 1397 1397 411 411 4 839119 825623 0 8 1 406 775 37 342 271 3000 3000 3000 0 128 128 128 0 1 1.0 1.0
275000 276000 3 2 181 181 179 1804 1804 259 259 3 504343 480197 0 15 2 256 644 351 454 164 0 0 0 0 0 0 0 0 0 0.0 0.0
276000 277000 3 2 183 183 181 1611 1611 260 260 3 549099 549099 0 0 1 257 817 66 441 375 3000 3000 3000 0 128 128 128 0 1 1.0 1.0
277000 278000 2 1 96 96 95 1506 1506 137 137 1 278409 278409 0 0 1 135 814 180 497 448 0 0 0 0 0 0 0 0 0 0.0 0.0
278000 279000 4 3 179 179 177 1012 1012 288 288 3 549235 539914 0 6 1 284 839 62 346 342 4400 4400 4400 0 128 128 128 0 1 1.0 1.0
279000 280000 3 2 215 215 214 826 826 295 295 1 535875 529413 0 3 1 293 837 160 399 379 0 0 0 0 0 0 0 0 0 0.0 0.0
280000 281000 4 3 183 183 180 1657 1657 295 295 4 559892 559019 0 0 1 290 815 37 328 342 4400 4400 4400 0 128 128 128 0 1 1.0 1.0
281000 282000 2 1 174 174 172 1513 1513 216 216 1 505459 505459 0 0 1 215 813 181 497 446 0 0 0 0 0 0 0 0 0 0.0 0.0
282000 283000 3 2 200 200 198 989 989 277 277 3 530099 515765 0 9 1 274 818 178 412 352 4400 4400 4400 0 128 128 128 0 1 1.0 1.0
283000 284000 2 1 215 215 214 849 849 273 273 0 591554 583803 0 4 1 273 815 179 497 449 0 0 0 0 0 0 0 0 0 0.0 0.0
284000 285000 3 2 178 178 176 1803 1803 271 271 4 597960 590317 0 2 2 267 806 168 453 324 4400 4400 4400 0 128 128 128 0 1 1.0 1.0
285000 286000 2 1 172 172 171 1344 1344 208 208 2 526503 522668 0 2 1 206 804 191 498 433 0 0 0 0 0 0 0 0 0 0.0 0.0
286000 287000 3 2 247 247 246 1018 1018 318 318 3 593377 574070 0 14 1 315 833 130 384 390 4400 4400 4400 0 128 128 128 0 1 1.0 1.0
287000 288000 2 1 241 241 240 838 838 296 296 1 553368 540269 0 9 1 295 832 165 498 471 0 0 0 0 0 0 0 0 0 0.0 0.0
288000 289000 3 2 201 201 199 1661 1661 323 323 3 542813 515918 0 18 1 319 827 144 410 365 4400 4400 4400 0 128 128 128 0 1 1.0 1.0
289000 290000 2 1 278 278 277 1521 1521 322 322 1 510092 487663 0 15 1 321 827 168 497 466 0 0 0 0 0 0 0 0 0 0.0 0.0
290000 291000 3 2 205 205 204 981 981 329 329 3 546380 527760 0 14 1 325 830 168 408 366 4400 4400 4400 0 128 128 128 0 1 1.0 1.0
291000 292000 2 1 219 219 218 845 845 314 314 0 597644 592280 0 4 1 313 829 167 498 468 0 0 0 0 0 0 0 0 0 0.0 0.0
292000 293000 3 2 187 187 184 1797 1797 316 316 4 599148 598694 0 0 2 311 814 162 456 330 4400 4400 4400 0 128 128 128 0 1 1.0 1.0
293000 294000 2 1 149 149 148 1408 1408 197 197 2 418431 418431 0 0 1 195 808 184 496 441 0 0 0 0 0 0 0 0 0 0.0 0.0
294000 295000 3 2 266 266 265 997 997 372 372 3 605970 592444 0 9 1 369 884 105 377 439 4400 4400 4400 0 128 128 128 0 1 1.0 1.0
295000 296000 2 1 301 301 300 825 825 368 368 1 609980 595270 0 10 1 367 884 113 499 544 0 0 0 0 0 0 0 0 0 0.0 0.0
296000 297000 3 2 344 344 342 1661 1661 467 467 3 728575 646107 0 56 1 463 866 110 558 397 4400 4400 4400 0 128 128 128 0 1 1.0 1.0
297000 298000 2 1 198 198 197 857 857 261 261 1 466416 458719 0 5 1 259 866 131 498 519 0 0 0 0 0 0 0 0 0 0.0 0.0
298000 299000 3 2 185 185 183 1627 1627 298 298 3 551860 551735 0 0 1 294 845 85 415 390 4400 4400 4400 0 128 128 128 0 1 1.0 1.0
299000 300000 2 1 183 183 181 1541 1541 271 271 1 516625 516625 0 0 1 270 842 152 497 487 0 0 0 0 0 0 0 0 0 0.0 0.0
