ts te nbins ncons c_pkts_all c_bytes_all s_pkts_all s_bytes_all max_bin min_bin avg_bin std_bin max_vid min_vid avg_vid std_vid max_aud min_aud avg_aud std_aud num_vid num_aud num_mfs
0 1000 0 0 0 0 0 0 0 0 0 0 0 0 0 0 0 0 0 0 0 0 
1000 2000 0 0 0 0 0 0 0 0 0 0 0 0 0 0 0 0 0 0 0 0 
2000 3000 0 0 0 0 0 0 0 0 0 0 0 0 0 0 0 0 0 0 0 0 
3000 4000 0 0 0 0 0 0 0 0 0 0 0 0 0 0 0 0 0 0 0 0 
4000 5000 0 0 0 0 0 0 0 0 0 0 0 0 0 0 0 0 0 0 0 0 
5000 6000 1 1 63 5681 200 286334 379 379 379 0 2300 2300 2300 0 128 128 128 0 2 2 1.0
6000 7000 2 1 163 13664 516 739846 613 378 496 165 1500 1500 1500 0 128 128 128 0 2 2 0.0
7000 8000 2 1 183 12888 498 713540 620 377 499 171 1500 1500 1500 0 128 128 128 0 2 2 1.0
8000 9000 2 1 196 12272 449 640072 602 376 489 159 1500 1500 1500 0 128 128 128 0 1 1 0.0
9000 10000 2 1 143 8376 377 540235 517 324 420 136 1500 1500 1500 0 128 128 128 0 1 1 0.0
10000 11000 2 1 185 11255 464 670684 674 320 497 250 1500 1500 1500 0 128 128 128 0 2 1 0.0
11000 12000 2 1 167 10272 376 540573 658 318 488 240 0 0 0 0 128 128 128 0 0 1 1.0
12000 13000 2 1 150 9674 368 525091 679 315 497 257 1500 1500 1500 0 128 128 128 0 2 2 0.0
13000 14000 2 1 111 6393 260 371057 397 240 318 110 1500 1500 1500 0 128 128 128 0 1 1 1.0
14000 15000 1 1 92 6116 232 330725 650 650 650 0 0 0 0 0 0 0 0 0 0 0 0.0
15000 16000 1 1 33 2454 88 125960 238 238 238 0 4400 4400 4400 0 128 128 128 0 2 2 1.0
16000 17000 2 1 153 9956 397 568482 760 235 498 371 0 0 0 0 0 0 0 0 0 0 0.0
17000 18000 2 1 142 6696 362 524520 740 0 370 523 0 0 0 0 0 0 0 0 0 0 0.0
18000 19000 0 0 0 0 0 0 0 0 0 0 0 0 0 0 0 0 0 0 0 0 
19000 20000 1 1 45 2846 117 168912 239 239 239 0 4400 4400 4400 0 128 128 128 0 1 1 1.0
20000 21000 2 1 189 11341 493 712082 759 236 497 369 0 0 0 0 128 128 128 0 0 1 0.0
21000 22000 2 1 197 9869 517 748815 762 235 499 372 4400 4400 4400 0 0 0 0 0 1 0 0.0
22000 23000 2 1 164 8110 408 593009 761 232 496 373 0 0 0 0 0 0 0 0 0 0 0.0
23000 24000 2 1 56 3368 141 202320 759 187 473 404 4400 4400 4400 0 0 0 0 0 1 0 1.0
24000 25000 2 1 160 8861 468 674740 810 184 497 442 0 0 0 0 128 128 128 0 0 1 0.0
25000 26000 2 1 185 10464 477 692204 814 183 498 446 4400 4400 4400 0 128 128 128 0 1 1 1.0
26000 27000 2 1 200 10204 501 727868 814 179 497 448 0 0 0 0 0 0 0 0 0 0 0.0
27000 28000 2 1 168 9716 453 653089 817 179 498 451 4400 4400 4400 0 128 128 128 0 1 1 1.0
28000 29000 2 1 162 8808 427 616989 802 128 465 476 4400 4400 4400 0 128 128 128 0 1 1 0.0
29000 30000 2 1 177 8977 532 773682 869 126 497 525 0 0 0 0 0 0 0 0 0 0 1.0
30000 31000 2 1 173 9651 442 642934 871 126 498 527 4400 4400 4400 0 128 128 128 0 1 1 0.0
31000 32000 2 1 192 9857 511 741938 870 124 497 527 0 0 0 0 0 0 0 0 0 0 1.0
32000 33000 2 1 172 9392 473 682777 871 121 496 530 4400 4400 4400 0 128 128 128 0 1 1 0.0
33000 34000 1 1 146 7456 379 544599 824 824 824 0 0 0 0 0 0 0 0 0 0 0 1.0
34000 35000 0 0 0 0 0 0 0 0 0 0 0 0 0 0 0 0 0 0 0 0 
35000 36000 1 1 39 2303 113 163580 240 240 240 0 4400 4400 4400 0 0 0 0 0 1 0 1.0
36000 37000 2 1 170 9966 472 681725 757 240 498 365 0 0 0 0 128 128 128 0 0 1 0.0
37000 38000 2 1 190 10643 485 702806 759 235 497 370 4400 4400 4400 0 128 128 128 0 1 1 1.0
38000 39000 2 1 177 8720 497 721326 764 230 497 377 0 0 0 0 0 0 0 0 0 0 0.0
39000 40000 2 1 152 8824 441 639192 767 230 499 380 4400 4400 4400 0 128 128 128 0 1 1 1.0
40000 41000 2 1 187 10092 475 687466 767 229 498 379 4400 4400 4400 0 128 128 128 0 1 1 0.0
41000 42000 2 1 199 10351 532 773813 767 228 498 381 0 0 0 0 0 0 0 0 0 0 1.0
42000 43000 2 1 181 9781 505 733715 769 226 498 383 4400 4400 4400 0 128 128 128 0 1 1 0.0
43000 44000 2 1 180 9670 489 709045 770 223 496 387 4400 4400 4400 0 128 128 128 0 1 1 1.0
44000 45000 2 1 161 8183 464 670224 774 223 498 390 0 0 0 0 0 0 0 0 0 0 0.0
45000 46000 2 1 142 7842 334 482042 759 189 474 402 4400 4400 4400 0 0 0 0 0 1 0 1.0
46000 47000 2 1 166 9399 462 665889 809 187 498 440 0 0 0 0 128 128 128 0 0 1 0.0
47000 48000 2 1 187 10708 514 746527 812 186 499 442 4400 4400 4400 0 128 128 128 0 1 1 1.0
48000 49000 2 1 184 9394 500 725073 812 185 499 443 4400 4400 4400 0 0 0 0 0 1 0 0.0
49000 50000 2 1 175 10405 483 697660 813 182 497 445 0 0 0 0 128 128 128 0 0 1 1.0
50000 51000 2 1 185 10422 494 716571 813 182 497 446 4400 4400 4400 0 128 128 128 0 1 1 0.0
51000 52000 2 1 191 9938 499 723034 816 181 499 448 0 0 0 0 0 0 0 0 0 0 1.0
52000 53000 1 1 35 1667 81 115625 199 199 199 0 0 0 0 0 0 0 0 0 0 0 0.0
53000 54000 1 1 40 2615 119 171703 241 241 241 0 4400 4400 4400 0 128 128 128 0 1 1 1.0
54000 55000 2 1 172 10695 497 718560 758 239 499 367 0 0 0 0 128 128 128 0 0 1 0.0
55000 56000 2 1 190 10342 510 741051 756 238 497 365 4400 4400 4400 0 128 128 128 0 1 1 1.0
56000 57000 2 1 182 10222 493 715452 759 235 497 370 4400 4400 4400 0 0 0 0 0 1 0 0.0
57000 58000 2 1 159 9066 436 629187 762 235 499 372 0 0 0 0 128 128 128 0 0 1 1.0
58000 59000 2 1 180 10141 466 675354 763 231 497 375 4400 4400 4400 0 0 0 0 0 1 0 0.0
59000 60000 2 1 205 11271 539 781810 767 227 497 381 0 0 0 0 128 128 128 0 0 1 1.0
60000 61000 2 1 203 11199 521 750180 770 227 499 384 4400 4400 4400 0 0 0 0 0 1 0 0.0
61000 62000 2 1 200 11044 482 698315 772 226 499 386 4400 4400 4400 0 128 128 128 0 1 1 1.0
62000 63000 2 1 165 9265 376 541223 757 226 491 376 0 0 0 0 0 0 0 0 0 0 0.0
63000 64000 2 1 193 10487 492 713217 766 222 494 384 4400 4400 4400 0 128 128 128 0 1 1 1.0
64000 65000 2 1 158 8979 416 597401 775 220 498 392 0 0 0 0 0 0 0 0 0 0 0.0
65000 66000 2 1 135 7647 312 450807 759 191 475 401 4400 4400 4400 0 128 128 128 0 1 1 1.0
66000 67000 2 1 151 8518 404 581045 807 190 498 436 0 0 0 0 0 0 0 0 0 0 0.0
67000 68000 1 1 143 7203 348 503549 717 717 717 0 0 0 0 0 0 0 0 0 0 0 0.0
68000 69000 0 0 0 0 0 0 0 0 0 0 0 0 0 0 0 0 0 0 0 0 
69000 70000 1 1 42 2741 116 167246 240 240 240 0 4400 4400 4400 0 128 128 128 0 1 1 1.0
70000 71000 2 1 177 11112 488 704216 755 239 497 365 0 0 0 0 128 128 128 0 0 1 0.0
71000 72000 2 1 183 10610 510 740499 756 238 497 366 3000 3000 3000 0 0 0 0 0 2 0 1.0
72000 73000 2 1 178 10980 486 704561 760 238 499 369 3000 3000 3000 0 128 128 128 0 1 2 0.0
73000 74000 2 1 179 9871 453 653679 760 233 497 372 3000 3000 3000 0 128 128 128 0 1 1 0.0
74000 75000 2 1 153 7705 407 587451 764 233 499 375 0 0 0 0 0 0 0 0 0 0 0.0
75000 76000 2 1 38 2938 93 131575 758 194 476 398 4400 4400 4400 0 128 128 128 0 2 2 1.0
76000 77000 2 1 152 9625 429 616199 802 192 497 430 0 0 0 0 0 0 0 0 0 0 0.0
77000 78000 2 1 132 7468 333 479609 761 187 474 405 4400 4400 4400 0 128 128 128 0 1 1 1.0
78000 79000 2 1 150 9041 437 629445 810 187 499 440 0 0 0 0 128 128 128 0 0 1 0.0
79000 80000 2 1 175 9135 487 704842 810 186 498 441 4400 4400 4400 0 0 0 0 0 1 0 0.0
80000 81000 2 1 165 8300 448 649924 813 185 499 443 0 0 0 0 0 0 0 0 0 0 0.0
81000 82000 2 1 73 4348 189 271595 813 161 487 461 4400 4400 4400 0 128 128 128 0 1 1 1.0
82000 83000 2 1 158 9604 452 652383 836 158 497 479 0 0 0 0 128 128 128 0 0 1 0.0
83000 84000 2 1 181 10093 491 712711 839 158 499 481 4400 4400 4400 0 0 0 0 0 1 0 1.0
84000 85000 2 1 170 8370 458 665552 838 155 497 483 0 0 0 0 0 0 0 0 0 0 0.0
85000 86000 2 1 84 4780 210 299766 810 141 475 473 4400 4400 4400 0 128 128 128 0 1 1 1.0
86000 87000 2 1 153 8810 443 638050 858 133 496 512 0 0 0 0 0 0 0 0 0 0 0.0
87000 88000 2 1 121 7714 291 415688 862 96 479 541 4400 4400 4400 0 128 128 128 0 1 1 1.0
88000 89000 2 1 185 10067 511 740723 902 94 498 570 0 0 0 0 128 128 128 0 0 1 0.0
89000 90000 2 1 180 10189 479 693006 905 93 499 574 4400 4400 4400 0 0 0 0 0 1 0 1.0
90000 91000 2 1 196 10591 545 791756 905 91 498 575 0 0 0 0 128 128 128 0 0 1 0.0
91000 92000 2 1 174 9646 486 704468 906 91 498 576 4400 4400 4400 0 0 0 0 0 1 0 1.0
92000 93000 2 1 167 8870 439 638449 905 89 497 577 4400 4400 4400 0 128 128 128 0 1 1 0.0
93000 94000 2 1 196 11009 508 735574 910 85 497 583 0 0 0 0 128 128 128 0 0 1 1.0
94000 95000 2 1 187 10507 506 732004 914 83 498 587 4400 4400 4400 0 0 0 0 0 1 0 0.0
95000 96000 2 1 192 10096 500 726769 915 78 496 591 0 0 0 0 0 0 0 0 0 0 1.0
96000 97000 1 1 34 1642 77 111368 206 206 206 0 0 0 0 0 0 0 0 0 0 0 0.0
97000 98000 1 1 37 2462 114 164443 241 241 241 0 4400 4400 4400 0 128 128 128 0 1 1 1.0
98000 99000 2 1 162 9964 478 689411 755 240 498 363 0 0 0 0 128 128 128 0 0 1 0.0
99000 100000 2 1 187 10155 499 724196 755 240 497 363 4400 4400 4400 0 128 128 128 0 1 1 1.0
100000 101000 2 1 199 11850 503 730212 744 232 488 362 4400 4400 4400 0 0 0 0 0 1 0 0.0
101000 102000 2 1 184 9922 520 753625 766 231 499 378 0 0 0 0 128 128 128 0 0 1 1.0
102000 103000 2 1 191 10895 494 715927 766 230 498 379 4400 4400 4400 0 0 0 0 0 1 0 0.0
103000 104000 2 1 196 10349 488 706536 767 227 497 382 0 0 0 0 0 0 0 0 0 0 1.0
104000 105000 1 1 23 1121 57 82276 139 139 139 0 0 0 0 0 0 0 0 0 0 0 0.0
105000 106000 1 1 44 2825 120 174230 241 241 241 0 4400 4400 4400 0 128 128 128 0 1 1 1.0
106000 107000 2 1 181 11118 502 726352 758 240 499 366 0 0 0 0 128 128 128 0 0 1 0.0
107000 108000 2 1 180 9379 511 742026 758 240 499 366 4400 4400 4400 0 0 0 0 0 1 0 1.0
108000 109000 2 1 179 9651 487 707445 755 239 497 365 4400 4400 4400 0 0 0 0 0 1 0 0.0
109000 110000 2 1 163 9807 426 615736 758 235 497 369 0 0 0 0 128 128 128 0 0 1 1.0
110000 111000 2 1 191 10773 493 713066 762 234 498 373 4400 4400 4400 0 128 128 128 0 1 1 0.0
111000 112000 2 1 190 10225 511 742305 763 233 498 375 0 0 0 0 0 0 0 0 0 0 1.0
112000 113000 2 1 167 9411 446 644903 764 230 497 377 4400 4400 4400 0 128 128 128 0 1 1 0.0
113000 114000 2 1 139 7496 345 495537 757 34 396 511 0 0 0 0 0 0 0 0 0 0 1.0
114000 115000 0 0 0 0 0 0 0 0 0 0 0 0 0 0 0 0 0 0 0 0 
115000 116000 1 1 18 1406 52 73703 242 242 242 0 0 0 0 0 0 0 0 0 0 0 1.0
116000 117000 2 1 103 6759 287 411718 752 241 497 361 4400 4400 4400 0 128 128 128 0 1 2 0.0
117000 118000 2 1 186 10048 515 748158 753 241 497 362 0 0 0 0 0 0 0 0 0 0 1.0
118000 119000 2 1 185 10927 509 739432 758 234 496 370 3000 3000 3000 0 0 0 0 0 2 0 0.0
119000 120000 2 1 189 11178 505 732162 764 233 498 375 3000 3000 3000 0 128 128 128 0 1 2 0.0
120000 121000 2 1 167 9276 437 631207 764 232 498 375 3000 3000 3000 0 128 128 128 0 1 1 0.0
121000 122000 2 1 139 7604 355 513155 758 191 474 401 3000 3000 3000 0 128 128 128 0 1 1 1.0
122000 123000 2 1 127 7757 348 499933 808 187 498 439 0 0 0 0 0 0 0 0 0 0 0.0
123000 124000 2 1 73 4134 175 248093 811 24 417 556 0 0 0 0 0 0 0 0 0 0 1.0
124000 125000 0 0 0 0 0 0 0 0 0 0 0 0 0 0 0 0 0 0 0 0 
125000 126000 1 1 41 3040 119 171904 241 241 241 0 4400 4400 4400 0 128 128 128 0 2 2 1.0
126000 127000 2 1 184 12483 501 724254 758 241 499 365 0 0 0 0 128 128 128 0 0 1 0.0
127000 128000 2 1 215 11765 525 762648 754 238 496 364 4400 4400 4400 0 0 0 0 0 1 0 1.0
128000 129000 2 1 201 10828 530 770121 760 237 498 369 4400 4400 4400 0 0 0 0 0 1 0 0.0
129000 130000 2 1 193 10959 504 731161 759 236 498 369 0 0 0 0 128 128 128 0 0 1 0.0
130000 131000 2 1 186 10676 475 687598 760 236 498 370 4400 4400 4400 0 128 128 128 0 1 1 0.0
131000 132000 2 1 198 10633 536 778625 763 234 498 373 4400 4400 4400 0 0 0 0 0 1 0 1.0
132000 133000 2 1 190 10522 482 697651 765 230 497 378 4400 4400 4400 0 128 128 128 0 1 1 0.0
133000 134000 1 1 146 7328 368 531331 752 752 752 0 0 0 0 0 0 0 0 0 0 0 0.0
134000 135000 0 0 0 0 0 0 0 0 0 0 0 0 0 0 0 0 0 0 0 0 
135000 136000 1 1 37 2308 107 155316 240 240 240 0 4400 4400 4400 0 0 0 0 0 1 0 1.0
136000 137000 2 1 161 9786 462 667286 756 239 498 365 0 0 0 0 128 128 128 0 0 1 0.0
137000 138000 2 1 181 10234 509 739625 759 237 498 368 4400 4400 4400 0 128 128 128 0 1 1 1.0
138000 139000 2 1 191 9640 505 732082 761 235 498 371 4400 4400 4400 0 0 0 0 0 1 0 0.0
139000 140000 2 1 185 10393 505 727559 763 234 498 373 0 0 0 0 128 128 128 0 0 1 0.0
140000 141000 2 1 173 9679 461 666462 764 233 498 375 4400 4400 4400 0 128 128 128 0 1 1 0.0
141000 142000 2 1 170 9076 477 691766 766 229 498 379 0 0 0 0 0 0 0 0 0 0 1.0
142000 143000 2 1 198 10926 511 741282 768 228 498 381 4400 4400 4400 0 128 128 128 0 1 1 0.0
143000 144000 1 1 139 6781 341 493838 725 725 725 0 0 0 0 0 0 0 0 0 0 0 0.0
144000 145000 0 0 0 0 0 0 0 0 0 0 0 0 0 0 0 0 0 0 0 0 
145000 146000 1 1 28 1809 85 123248 238 238 238 0 4400 4400 4400 0 0 0 0 0 1 0 1.0
146000 147000 2 1 135 8477 389 561481 760 233 496 372 0 0 0 0 128 128 128 0 0 1 0.0
147000 148000 2 1 192 11068 506 735355 764 232 498 376 4400 4400 4400 0 128 128 128 0 1 1 1.0
148000 149000 2 1 190 9557 533 774742 766 232 499 377 0 0 0 0 0 0 0 0 0 0 0.0
149000 150000 2 1 184 9921 510 740391 764 230 497 377 4400 4400 4400 0 128 128 128 0 1 1 0.0
150000 151000 2 1 183 9513 491 712528 769 229 499 381 4400 4400 4400 0 0 0 0 0 1 0 0.0
151000 152000 2 1 160 9382 418 602034 770 229 499 382 0 0 0 0 128 128 128 0 0 1 1.0
152000 153000 2 1 190 10022 502 722485 765 218 492 386 4400 4400 4400 0 128 128 128 0 1 1 0.0
153000 154000 2 1 186 10428 522 757735 781 214 497 400 0 0 0 0 0 0 0 0 0 0 1.0
154000 155000 2 1 174 9538 480 692706 783 210 497 404 4400 4400 4400 0 128 128 128 0 1 1 0.0
155000 156000 2 1 191 10153 515 747676 785 208 497 408 4400 4400 4400 0 128 128 128 0 1 1 1.0
156000 157000 2 1 165 9107 465 674338 787 208 497 409 0 0 0 0 0 0 0 0 0 0 0.0
157000 158000 2 1 124 6822 312 451305 759 191 475 401 4400 4400 4400 0 0 0 0 0 1 0 1.0
158000 159000 2 1 163 9019 471 679546 808 188 498 438 0 0 0 0 128 128 128 0 0 1 0.0
159000 160000 2 1 139 7515 367 529478 758 185 472 405 4400 4400 4400 0 0 0 0 0 1 0 1.0
160000 161000 2 1 192 11232 501 722866 813 184 498 444 0 0 0 0 128 128 128 0 0 1 0.0
161000 162000 2 1 181 10443 479 692106 813 182 498 445 4400 4400 4400 0 128 128 128 0 1 1 1.0
162000 163000 2 1 182 9115 516 749329 809 181 495 443 0 0 0 0 0 0 0 0 0 0 0.0
163000 164000 2 1 171 10100 489 707256 817 181 499 450 4400 4400 4400 0 128 128 128 0 1 1 1.0
164000 165000 2 1 165 9248 458 662113 818 177 498 452 4400 4400 4400 0 128 128 128 0 1 1 0.0
165000 166000 2 1 206 11328 516 748450 822 177 499 455 0 0 0 0 0 0 0 0 0 0 1.0
166000 167000 1 1 60 3466 113 163516 238 238 238 0 0 0 0 0 0 0 0 0 0 0 0.0
167000 168000 1 1 37 2295 112 162487 240 240 240 0 4400 4400 4400 0 0 0 0 0 1 0 1.0
168000 169000 2 1 163 9762 475 686583 754 240 497 363 0 0 0 0 128 128 128 0 0 1 0.0
169000 170000 2 1 193 10816 511 740572 756 240 498 365 4400 4400 4400 0 128 128 128 0 1 1 1.0
170000 171000 2 1 202 11244 514 745830 759 238 499 368 4400 4400 4400 0 0 0 0 0 1 0 0.0
171000 172000 2 1 180 10798 478 691803 760 235 498 371 0 0 0 0 128 128 128 0 0 1 1.0
172000 173000 2 1 186 10525 473 684570 761 221 491 382 4400 4400 4400 0 128 128 128 0 1 1 0.0
173000 174000 2 1 186 9897 533 773322 777 220 498 393 0 0 0 0 0 0 0 0 0 0 1.0
174000 175000 2 1 193 10909 487 704235 777 216 496 396 4400 4400 4400 0 128 128 128 0 1 1 0.0
175000 176000 2 1 191 10435 498 722673 779 215 497 398 4400 4400 4400 0 128 128 128 0 1 1 1.0
176000 177000 2 1 159 9186 440 633938 783 213 498 402 0 0 0 0 0 0 0 0 0 0 0.0
177000 178000 2 1 168 9855 431 623302 782 212 497 402 4400 4400 4400 0 128 128 128 0 1 1 1.0
178000 179000 2 1 164 8269 450 653409 786 210 498 407 0 0 0 0 0 0 0 0 0 0 0.0
179000 180000 2 1 119 6499 322 463813 759 190 475 402 4400 4400 4400 0 0 0 0 0 1 0 1.0
180000 181000 2 1 162 9082 447 642905 809 185 497 441 0 0 0 0 128 128 128 0 0 1 0.0
181000 182000 1 1 89 4502 222 319598 475 475 475 0 0 0 0 0 0 0 0 0 0 0 0.0
182000 183000 0 0 0 0 0 0 0 0 0 0 0 0 0 0 0 0 0 0 0 0 
183000 184000 1 1 36 2228 104 150609 240 240 240 0 4400 4400 4400 0 0 0 0 0 1 0 1.0
184000 185000 2 1 159 9559 457 659722 758 239 498 366 0 0 0 0 128 128 128 0 0 1 0.0
185000 186000 2 1 188 10364 523 760187 759 237 498 368 4400 4400 4400 0 128 128 128 0 1 1 1.0
186000 187000 2 1 183 9671 491 712080 760 236 498 370 4400 4400 4400 0 0 0 0 0 1 0 0.0
187000 188000 2 1 174 9743 472 682781 761 232 496 373 0 0 0 0 128 128 128 0 0 1 0.0
188000 189000 2 1 182 9972 492 714940 767 232 499 378 4400 4400 4400 0 128 128 128 0 1 1 0.0
189000 190000 2 1 162 8510 443 642024 762 231 496 375 0 0 0 0 0 0 0 0 0 0 1.0
190000 191000 2 1 179 9867 478 688043 764 231 498 376 4400 4400 4400 0 128 128 128 0 1 1 0.0
191000 192000 2 1 195 10336 508 737659 766 229 498 379 4400 4400 4400 0 0 0 0 0 1 0 1.0
192000 193000 2 1 183 10327 509 737863 766 229 497 379 0 0 0 0 128 128 128 0 0 1 0.0
193000 194000 2 1 177 10113 480 693142 768 228 498 381 4400 4400 4400 0 128 128 128 0 1 1 1.0
194000 195000 2 1 146 7173 387 561251 770 223 497 386 0 0 0 0 0 0 0 0 0 0 0.0
195000 196000 2 1 95 5296 257 370743 759 188 474 403 4400 4400 4400 0 0 0 0 0 1 0 1.0
196000 197000 2 1 163 9282 483 696409 810 187 498 440 0 0 0 0 128 128 128 0 0 1 0.0
197000 198000 2 1 169 9817 453 654364 806 187 497 437 4400 4400 4400 0 128 128 128 0 1 1 1.0
198000 199000 2 1 187 9486 490 710707 810 187 498 440 0 0 0 0 0 0 0 0 0 0 0.0
199000 200000 2 1 169 9699 422 607805 803 181 492 439 4400 4400 4400 0 128 128 128 0 1 1 1.0
200000 201000 2 1 182 9116 517 751171 818 178 498 452 4400 4400 4400 0 128 128 128 0 1 1 0.0
201000 202000 2 1 173 10146 473 682878 820 174 497 457 0 0 0 0 0 0 0 0 0 0 1.0
202000 203000 2 1 173 9524 477 688942 822 173 498 458 4400 4400 4400 0 128 128 128 0 1 1 0.0
203000 204000 2 1 186 9889 499 723932 824 169 497 463 4400 4400 4400 0 0 0 0 0 1 0 1.0
204000 205000 2 1 160 8734 449 647862 828 167 497 467 0 0 0 0 128 128 128 0 0 1 0.0
205000 206000 2 1 132 6211 358 514972 829 36 433 560 0 0 0 0 0 0 0 0 0 0 0.0
206000 207000 0 0 0 0 0 0 0 0 0 0 0 0 0 0 0 0 0 0 0 0 
207000 208000 1 1 40 2575 117 170018 241 241 241 0 4400 4400 4400 0 128 128 128 0 1 1 1.0
208000 209000 2 1 173 10539 492 710985 755 240 497 363 0 0 0 0 128 128 128 0 0 1 0.0
209000 210000 2 1 185 9701 493 715806 759 240 499 367 4400 4400 4400 0 0 0 0 0 1 0 1.0
210000 211000 2 1 158 8478 448 650398 757 237 497 367 4400 4400 4400 0 128 128 128 0 1 1 0.0
211000 212000 2 1 181 10569 492 714452 762 236 499 371 0 0 0 0 0 0 0 0 0 0 1.0
212000 213000 2 1 179 9932 477 690267 759 235 497 370 4400 4400 4400 0 128 128 128 0 1 1 0.0
213000 214000 2 1 186 9781 514 746489 763 234 499 374 0 0 0 0 0 0 0 0 0 0 1.0
214000 215000 2 1 179 10021 461 666604 764 233 498 375 4400 4400 4400 0 128 128 128 0 1 1 0.0
215000 216000 2 1 162 8344 416 601963 763 232 498 376 0 0 0 0 0 0 0 0 0 0 1.0
216000 217000 1 1 3 162 9 14176 22 22 22 0 0 0 0 0 0 0 0 0 0 0 0.0
217000 218000 1 1 37 2339 107 155208 240 240 240 0 4400 4400 4400 0 0 0 0 0 1 0 1.0
218000 219000 2 1 164 10037 460 665459 755 240 497 364 0 0 0 0 128 128 128 0 0 1 0.0
219000 220000 2 1 187 10666 502 729414 757 235 496 369 4400 4400 4400 0 128 128 128 0 1 1 1.0
220000 221000 2 1 181 9207 480 696192 759 235 497 370 4400 4400 4400 0 0 0 0 0 1 0 0.0
221000 222000 2 1 164 9738 462 668988 764 232 498 376 0 0 0 0 128 128 128 0 0 1 1.0
222000 223000 2 1 189 10561 485 697410 766 232 499 377 4400 4400 4400 0 128 128 128 0 1 1 0.0
223000 224000 2 1 180 9481 519 753523 767 231 499 378 0 0 0 0 0 0 0 0 0 0 1.0
224000 225000 2 1 176 9657 488 706574 767 231 499 379 4400 4400 4400 0 128 128 128 0 1 1 0.0
225000 226000 2 1 172 9106 453 654774 761 225 493 379 4400 4400 4400 0 128 128 128 0 1 1 1.0
226000 227000 2 1 149 8728 425 614207 774 221 497 390 0 0 0 0 0 0 0 0 0 0 0.0
227000 228000 2 1 184 11021 465 671825 765 212 488 391 4400 4400 4400 0 128 128 128 0 1 2 1.0
228000 229000 2 1 158 7743 457 661494 781 211 496 403 0 0 0 0 0 0 0 0 0 0 0.0
229000 230000 2 1 116 6538 307 443861 758 191 475 401 3000 3000 3000 0 0 0 0 0 2 0 1.0
230000 231000 2 1 163 10097 445 640102 808 188 498 438 3000 3000 3000 0 128 128 128 0 1 1 0.0
231000 232000 2 1 153 9455 423 609667 806 187 497 438 0 0 0 0 128 128 128 0 0 1 1.0
232000 233000 2 1 162 10073 440 633110 812 183 497 444 4400 4400 4400 0 128 128 128 0 2 2 0.0
233000 234000 2 1 179 9378 493 716323 815 179 497 450 0 0 0 0 0 0 0 0 0 0 1.0
234000 235000 2 1 155 8674 426 615234 815 178 497 450 4400 4400 4400 0 128 128 128 0 1 1 0.0
235000 236000 2 1 149 8004 375 537656 813 146 479 471 0 0 0 0 0 0 0 0 0 0 1.0
236000 237000 2 1 87 5363 280 402733 849 146 497 497 4400 4400 4400 0 128 128 128 0 1 1 0.0
237000 238000 2 1 161 8500 441 638649 852 144 498 500 0 0 0 0 128 128 128 0 0 1 1.0
238000 239000 2 1 171 9455 479 690882 851 143 497 500 4400 4400 4400 0 0 0 0 0 1 0 0.0
239000 240000 2 1 194 10536 492 712271 856 138 497 507 0 0 0 0 0 0 0 0 0 0 1.0
240000 241000 2 1 149 8759 411 590313 861 137 499 511 4400 4400 4400 0 128 128 128 0 1 1 0.0
241000 242000 2 1 120 6838 304 438040 813 90 452 511 4400 4400 4400 0 128 128 128 0 1 1 1.0
242000 243000 2 1 130 7649 328 469487 909 87 498 581 0 0 0 0 0 0 0 0 0 0 0.0
243000 244000 2 1 177 8395 490 709225 911 82 496 586 0 0 0 0 0 0 0 0 0 0 0.0
244000 245000 1 1 4 191 7 9728 28 28 28 0 0 0 0 0 0 0 0 0 0 0 0.0
245000 246000 1 1 42 2725 113 164003 241 241 241 0 4400 4400 4400 0 128 128 128 0 1 1 1.0
246000 247000 2 1 176 10821 477 688843 754 240 497 363 0 0 0 0 128 128 128 0 0 1 0.0
247000 248000 2 1 178 9234 484 704054 756 239 498 365 4400 4400 4400 0 0 0 0 0 1 0 1.0
248000 249000 2 1 164 9145 444 645408 758 239 498 367 3000 3000 3000 0 0 0 0 0 2 0 0.0
249000 250000 2 1 184 11737 508 737707 758 236 497 368 0 0 0 0 128 128 128 0 0 2 1.0
250000 251000 2 1 160 8846 449 650692 763 231 497 376 3000 3000 3000 0 128 128 128 0 1 1 0.0
251000 252000 2 1 107 5837 290 419368 759 197 478 397 3000 3000 3000 0 128 128 128 0 1 1 1.0
252000 253000 2 1 130 7388 384 553291 800 193 496 429 0 0 0 0 0 0 0 0 0 0 0.0
253000 254000 2 1 55 3652 142 203561 759 186 473 405 4400 4400 4400 0 128 128 128 0 2 2 1.0
254000 255000 2 1 152 9641 438 629403 810 185 498 441 0 0 0 0 0 0 0 0 0 0 0.0
255000 256000 2 1 152 8468 377 544099 809 177 493 447 4400 4400 4400 0 128 128 128 0 1 1 1.0
256000 257000 2 1 164 9364 452 654495 821 174 498 457 0 0 0 0 0 0 0 0 0 0 0.0
257000 258000 2 1 122 6833 306 440087 811 168 489 454 4400 4400 4400 0 128 128 128 0 1 1 1.0
258000 259000 2 1 155 8980 440 634234 831 167 499 469 0 0 0 0 0 0 0 0 0 0 0.0
259000 260000 2 1 135 8391 313 449605 821 115 468 499 4400 4400 4400 0 128 128 128 0 1 1 1.0
260000 261000 2 1 175 8817 493 714583 883 113 498 544 0 0 0 0 0 0 0 0 0 0 0.0
261000 262000 2 1 140 8683 354 506772 879 32 456 599 4400 4400 4400 0 128 128 128 0 1 1 1.0
262000 263000 2 1 218 11218 547 794930 963 31 497 659 0 0 0 0 0 0 0 0 0 0 0.0
263000 264000 1 1 85 4741 231 329015 828 828 828 0 0 0 0 0 0 0 0 0 0 0 1.0
264000 265000 0 0 0 0 0 0 0 0 0 0 0 0 0 0 0 0 0 0 0 0 
265000 266000 1 1 40 2628 117 169127 241 241 241 0 4400 4400 4400 0 128 128 128 0 1 1 1.0
266000 267000 2 1 175 11126 491 709281 758 239 499 366 0 0 0 0 128 128 128 0 0 1 0.0
267000 268000 2 1 193 11109 496 718787 758 238 498 368 3000 3000 3000 0 0 0 0 0 2 0 1.0
268000 269000 1 1 111 5353 285 410034 625 625 625 0 0 0 0 0 0 0 0 0 0 0 0.0
269000 270000 1 1 37 2481 100 144975 231 231 231 0 3000 3000 3000 0 0 0 0 0 1 0 1.0
270000 271000 2 1 166 10724 440 632703 767 225 496 383 3000 3000 3000 0 128 128 128 0 1 3 0.0
271000 272000 2 1 183 11164 469 676968 772 224 498 387 0 0 0 0 0 0 0 0 0 0 1.0
272000 273000 2 1 189 11284 473 681619 775 220 498 392 3000 3000 3000 0 128 128 128 0 1 1 0.0
273000 274000 2 1 181 11002 477 682145 776 219 497 394 3000 3000 3000 0 128 128 128 0 1 1 1.0
274000 275000 2 1 177 11201 474 681032 780 214 497 399 4400 4400 4400 0 128 128 128 0 2 2 0.0
275000 276000 2 1 182 9986 452 656524 782 212 497 402 0 0 0 0 0 0 0 0 0 0 1.0
276000 277000 2 1 92 5153 241 347874 785 212 499 405 4400 4400 4400 0 128 128 128 0 1 1 0.0
277000 278000 2 1 162 9192 404 584694 785 209 497 407 0 0 0 0 0 0 0 0 0 0 1.0
278000 279000 2 1 181 10026 483 699513 787 207 497 410 4400 4400 4400 0 128 128 128 0 1 1 0.0
279000 280000 2 1 187 10014 506 734323 788 206 497 411 0 0 0 0 0 0 0 0 0 0 1.0
280000 281000 2 1 179 9983 481 694643 793 206 499 414 4400 4400 4400 0 128 128 128 0 1 1 0.0
281000 282000 2 1 158 8282 408 586711 790 66 428 511 0 0 0 0 0 0 0 0 0 0 1.0
282000 283000 0 0 0 0 0 0 0 0 0 0 0 0 0 0 0 0 0 0 0 0 
283000 284000 1 1 36 2409 105 152050 237 237 237 0 4400 4400 4400 0 128 128 128 0 1 1 1.0
284000 285000 2 1 154 9688 427 615010 756 236 496 367 0 0 0 0 128 128 128 0 0 1 0.0
285000 286000 2 1 160 8796 403 583368 758 234 496 371 4400 4400 4400 0 128 128 128 0 1 1 1.0
286000 287000 2 1 174 9796 484 698888 763 229 496 377 0 0 0 0 0 0 0 0 0 0 0.0
287000 288000 2 1 178 9493 503 729895 764 229 497 378 4400 4400 4400 0 0 0 0 0 1 0 1.0
288000 289000 2 1 152 7430 408 592305 769 227 498 382 0 0 0 0 0 0 0 0 0 0 0.0
289000 290000 2 1 60 3824 129 185496 760 177 469 412 4400 4400 4400 0 128 128 128 0 1 1 1.0
290000 291000 2 1 171 10048 451 650403 818 175 497 454 0 0 0 0 128 128 128 0 0 1 0.0
291000 292000 2 1 187 10143 516 749450 819 175 497 455 4400 4400 4400 0 0 0 0 0 1 0 1.0
292000 293000 2 1 199 10457 521 756511 823 171 497 461 0 0 0 0 0 0 0 0 0 0 0.0
293000 294000 2 1 192 12411 502 727729 827 168 498 465 3000 3000 3000 0 128 128 128 0 2 2 1.0
294000 295000 2 1 165 9441 416 599693 829 168 499 467 3000 3000 3000 0 128 128 128 0 1 1 0.0
295000 296000 2 1 122 6895 301 430935 822 148 485 476 4400 4400 4400 0 128 128 128 0 2 2 1.0
296000 297000 2 1 181 11494 476 684402 850 147 499 497 0 0 0 0 0 0 0 0 0 0 0.0
297000 298000 2 1 140 7860 340 487861 851 143 497 500 4400 4400 4400 0 128 128 128 0 1 1 1.0
298000 299000 2 1 162 9095 448 647417 855 138 497 507 0 0 0 0 0 0 0 0 0 0 0.0
299000 300000 2 1 146 8024 361 518043 854 128 491 513 4400 4400 4400 0 128 128 128 0 1 1 1.0
