ts te nbins ncons c_pkts_all c_bytes_all s_pkts_all s_bytes_all max_bin min_bin avg_bin std_bin max_vid min_vid avg_vid std_vid max_aud min_aud avg_aud std_aud num_vid num_aud num_mfs
0 1000 0 0 0 0 0 0 0 0 0 0 0 0 0 0 0 0 0 0 0 0 
1000 2000 0 0 0 0 0 0 0 0 0 0 0 0 0 0 0 0 0 0 0 0 
2000 3000 0 0 0 0 0 0 0 0 0 0 0 0 0 0 0 0 0 0 0 0 
3000 4000 0 0 0 0 0 0 0 0 0 0 0 0 0 0 0 0 0 0 0 0 
4000 5000 0 0 0 0 0 0 0 0 0 0 0 0 0 0 0 0 0 0 0 0 
5000 6000 0 0 0 0 0 0 0 0 0 0 0 0 0 0 0 0 0 0 0 0 
6000 7000 1 1 38 4131 87 121699 280 280 280 0 0 0 0 0 0 0 0 0 0 0 1.0
7000 8000 2 1 129 12263 298 419668 718 277 498 312 2300 2300 2300 0 128 128 128 0 2 3 0.0
8000 9000 2 1 107 7095 258 369653 722 277 499 314 840 840 840 0 128 128 128 0 2 2 0.0
9000 10000 2 1 116 9485 247 345269 722 271 496 318 840 840 840 0 128 128 128 0 1 1 1.0
10000 11000 2 1 140 9630 289 414337 725 270 497 321 840 840 840 0 128 128 128 0 2 2 1.0
11000 12000 2 1 130 11990 301 433450 726 266 496 325 840 840 840 0 128 128 128 0 2 1 0.0
12000 13000 2 1 134 8808 301 435509 731 264 498 330 840 840 840 0 128 128 128 0 1 2 1.0
13000 14000 2 1 135 7980 278 402453 734 264 499 332 840 840 840 0 128 128 128 0 2 1 0.0
14000 15000 1 1 79 4879 149 213316 668 668 668 0 0 0 0 0 0 0 0 0 0 0 1.0
15000 16000 1 1 10 3816 12 9264 967 967 967 0 2300 2300 2300 0 128 128 128 0 2 2 1.0
16000 17000 1 1 142 7792 263 379934 990 990 990 0 0 0 0 0 0 0 0 0 0 0 1.0
17000 18000 2 1 146 8139 284 409366 988 6 497 694 2300 2300 2300 0 128 128 128 0 1 1 0.0
18000 19000 2 1 157 8119 302 438519 986 8 497 691 0 0 0 0 0 0 0 0 0 0 1.0
19000 20000 2 1 44 3432 78 110004 980 8 494 687 2300 2300 2300 0 128 128 128 0 1 1 0.0
20000 21000 2 1 146 8049 257 373621 975 16 496 678 0 0 0 0 0 0 0 0 0 0 1.0
21000 22000 2 1 145 8300 240 347266 975 22 498 673 2300 2300 2300 0 128 128 128 0 1 1 0.0
22000 23000 2 1 141 7387 232 336820 975 21 498 674 0 0 0 0 0 0 0 0 0 0 1.0
23000 24000 2 1 138 7188 242 351881 971 18 494 674 0 0 0 0 128 128 128 0 0 1 0.0
24000 25000 2 1 120 7220 210 300221 968 19 494 670 2300 2300 2300 0 0 0 0 0 1 0 1.0
25000 26000 2 1 122 6435 229 332517 961 30 496 658 0 0 0 0 128 128 128 0 0 1 0.0
26000 27000 2 1 129 7443 223 320637 958 36 497 652 2300 2300 2300 0 0 0 0 0 1 0 1.0
27000 28000 2 1 137 7721 250 363243 958 32 495 654 2300 2300 2300 0 128 128 128 0 1 1 0.0
28000 29000 2 1 105 5697 196 285890 953 39 496 646 0 0 0 0 0 0 0 0 0 0 0.0
29000 30000 2 1 125 7267 212 305405 953 41 497 644 2300 2300 2300 0 128 128 128 0 1 1 1.0
30000 31000 2 1 136 7061 252 366879 946 46 496 636 0 0 0 0 0 0 0 0 0 0 1.0
31000 32000 2 1 83 3859 140 199968 631 51 341 410 0 0 0 0 0 0 0 0 0 0 0.0
32000 33000 0 0 0 0 0 0 0 0 0 0 0 0 0 0 0 0 0 0 0 0 
33000 34000 1 1 69 4607 204 292244 529 529 529 0 2300 2300 2300 0 128 128 128 0 1 2 1.0
34000 35000 2 1 144 8958 410 589625 528 466 497 43 2300 2300 2300 0 0 0 0 0 1 0 1.0
35000 36000 2 1 156 8514 434 627637 526 470 498 39 2300 2300 2300 0 128 128 128 0 1 1 0.0
36000 37000 2 1 170 10138 452 651839 525 470 497 39 3000 3000 3000 0 128 128 128 0 2 2 1.0
37000 38000 2 1 152 8779 374 537008 471 379 425 65 0 0 0 0 0 0 0 0 0 0 1.0
38000 39000 0 0 0 0 0 0 0 0 0 0 0 0 0 0 0 0 0 0 0 0 
39000 40000 1 1 164 9905 447 640352 995 995 995 0 3000 3000 3000 0 128 128 128 0 1 1 0.0
40000 41000 1 1 67 5298 128 178348 998 998 998 0 3000 3000 3000 0 128 128 128 0 1 1 1.0
41000 42000 1 1 195 9679 520 750526 995 995 995 0 0 0 0 0 0 0 0 0 0 0 0.0
42000 43000 1 1 30 2754 70 100687 998 998 998 0 3000 3000 3000 0 128 128 128 0 1 1 0.0
43000 44000 2 1 190 9716 519 746402 996 1 498 704 0 0 0 0 0 0 0 0 0 0 1.0
44000 45000 1 1 111 7247 287 411786 995 995 995 0 3000 3000 3000 0 128 128 128 0 1 1 1.0
45000 46000 2 1 121 6233 257 370176 548 0 274 387 0 0 0 0 0 0 0 0 0 0 0.0
46000 47000 0 0 0 0 0 0 0 0 0 0 0 0 0 0 0 0 0 0 0 0 
47000 48000 1 1 156 9372 437 627200 997 997 997 0 3000 3000 3000 0 128 128 128 0 1 1 1.0
48000 49000 1 1 87 5332 180 260462 995 995 995 0 0 0 0 0 0 0 0 0 0 0 1.0
49000 50000 2 1 155 8582 442 633891 946 0 473 668 3000 3000 3000 0 128 128 128 0 1 1 0.0
50000 51000 2 1 161 11063 418 590969 946 49 497 634 4400 4400 4400 0 128 128 128 0 2 2 1.0
51000 52000 2 1 188 9279 443 639265 895 52 473 596 0 0 0 0 0 0 0 0 0 0 0.0
52000 53000 1 1 96 5684 277 400956 568 568 568 0 4400 4400 4400 0 128 128 128 0 1 1 1.0
53000 54000 2 1 169 9729 448 647247 566 429 498 97 4400 4400 4400 0 128 128 128 0 1 1 0.0
54000 55000 2 1 179 9637 466 675886 555 425 490 91 0 0 0 0 0 0 0 0 0 0 1.0
55000 56000 2 1 132 9403 332 477959 549 444 497 74 0 0 0 0 0 0 0 0 0 0 0.0
56000 57000 2 1 131 8651 354 508240 517 433 475 59 4400 4400 4400 0 128 128 128 0 1 1 1.0
57000 58000 2 1 176 8563 478 689723 514 478 496 25 0 0 0 0 0 0 0 0 0 0 0.0
58000 59000 2 1 10 476 25 37039 58 0 29 41 0 0 0 0 0 0 0 0 0 0 1.0
59000 60000 1 1 156 10052 384 552410 997 997 997 0 4400 4400 4400 0 128 128 128 0 1 2 0.0
60000 61000 1 1 200 10909 512 744484 997 997 997 0 4400 4400 4400 0 0 0 0 0 1 0 1.0
61000 62000 2 1 180 8322 510 741339 992 2 497 700 0 0 0 0 0 0 0 0 0 0 0.0
62000 63000 2 1 81 4470 193 277230 992 5 498 697 0 0 0 0 0 0 0 0 0 0 1.0
63000 64000 2 1 152 8970 459 662760 942 0 471 665 4400 4400 4400 0 128 128 128 0 1 2 0.0
64000 65000 2 1 162 9284 414 599523 939 53 496 625 4400 4400 4400 0 0 0 0 0 1 0 1.0
65000 66000 2 1 179 8764 514 747672 932 48 490 624 0 0 0 0 0 0 0 0 0 0 1.0
66000 67000 2 1 87 4972 198 281093 931 66 498 611 0 0 0 0 0 0 0 0 0 0 1.0
67000 68000 2 1 156 9396 465 671504 923 57 490 611 4400 4400 4400 0 128 128 128 0 1 2 1.0
68000 69000 2 1 177 9974 498 721149 922 75 498 598 4400 4400 4400 0 0 0 0 0 1 0 1.0
69000 70000 2 1 180 9421 505 734527 922 77 499 597 0 0 0 0 128 128 128 0 0 1 0.0
70000 71000 2 1 163 9053 436 632131 919 74 497 597 4400 4400 4400 0 0 0 0 0 1 0 0.0
71000 72000 2 1 174 9865 463 669540 911 80 496 588 4400 4400 4400 0 128 128 128 0 1 1 1.0
72000 73000 1 1 160 8295 473 688118 888 888 888 0 0 0 0 0 0 0 0 0 0 0 1.0
73000 74000 2 1 175 9745 482 695585 888 108 498 550 4400 4400 4400 0 128 128 128 0 1 1 0.0
74000 75000 2 1 151 8040 413 592337 887 107 497 551 0 0 0 0 0 0 0 0 0 0 1.0
75000 76000 1 1 15 798 41 59282 101 101 101 0 0 0 0 0 0 0 0 0 0 0 0.0
76000 77000 0 0 0 0 0 0 0 0 0 0 0 0 0 0 0 0 0 0 0 0 
77000 78000 1 1 162 10558 458 660957 997 997 997 0 4400 4400 4400 0 128 128 128 0 1 2 1.0
78000 79000 2 1 173 9668 506 735468 996 0 498 704 4400 4400 4400 0 0 0 0 0 1 0 0.0
79000 80000 2 1 175 9097 508 737959 991 3 497 698 0 0 0 0 128 128 128 0 0 1 1.0
80000 81000 2 1 191 10776 520 753132 991 6 499 695 4400 4400 4400 0 0 0 0 0 1 0 0.0
81000 82000 2 1 174 9699 474 686618 988 2 495 696 4400 4400 4400 0 128 128 128 0 1 1 1.0
82000 83000 1 1 180 10619 491 711987 980 980 980 0 0 0 0 0 128 128 128 0 0 1 1.0
83000 84000 2 1 192 10543 483 698380 977 17 497 678 4400 4400 4400 0 0 0 0 0 1 0 0.0
84000 85000 2 1 197 11254 528 767691 974 20 497 674 0 0 0 0 128 128 128 0 0 1 1.0
85000 86000 2 1 175 9255 467 675706 972 25 498 669 4400 4400 4400 0 0 0 0 0 1 0 0.0
86000 87000 2 1 185 11447 496 718962 969 26 498 666 4400 4400 4400 0 128 128 128 0 1 1 1.0
87000 88000 2 1 199 10136 516 749362 968 28 498 664 0 0 0 0 0 0 0 0 0 0 0.0
88000 89000 2 1 145 9145 359 518140 964 31 497 659 4400 4400 4400 0 128 128 128 0 1 1 1.0
89000 90000 2 1 207 10750 523 760318 958 35 496 652 0 0 0 0 0 0 0 0 0 0 0.0
90000 91000 2 1 57 4685 145 207868 954 39 496 646 4400 4400 4400 0 128 128 128 0 1 1 1.0
91000 92000 2 1 183 9278 509 735878 953 41 497 644 0 0 0 0 0 0 0 0 0 0 0.0
92000 93000 2 1 174 10296 496 717326 951 45 498 640 4400 4400 4400 0 128 128 128 0 1 1 1.0
93000 94000 2 1 158 7986 387 558908 774 46 410 514 0 0 0 0 0 0 0 0 0 0 0.0
94000 95000 1 1 94 5700 278 402756 571 571 571 0 4400 4400 4400 0 128 128 128 0 1 1 0.0
95000 96000 2 1 181 10010 451 648403 571 428 499 100 0 0 0 0 0 0 0 0 0 0 1.0
96000 97000 1 1 30 1553 65 93797 154 154 154 0 0 0 0 0 0 0 0 0 0 0 1.0
97000 98000 1 1 153 9438 435 624302 996 996 996 0 4400 4400 4400 0 128 128 128 0 1 1 1.0
98000 99000 1 1 154 8515 373 538782 997 997 997 0 0 0 0 0 0 0 0 0 0 0 1.0
99000 100000 2 1 186 11201 471 677811 938 0 469 663 4400 4400 4400 0 128 128 128 0 1 1 0.0
100000 101000 2 1 175 13050 451 646958 935 56 496 621 4400 4400 4400 0 128 128 128 0 1 1 1.0
101000 102000 2 1 175 8828 483 699503 934 59 497 618 0 0 0 0 0 0 0 0 0 0 0.0
102000 103000 2 1 206 12361 515 745740 934 65 499 614 4400 4400 4400 0 128 128 128 0 1 1 1.0
103000 104000 2 1 206 12168 520 755109 931 62 496 614 4400 4400 4400 0 128 128 128 0 1 1 0.0
104000 105000 2 1 194 10337 513 744561 930 65 497 611 0 0 0 0 0 0 0 0 0 0 1.0
105000 106000 2 1 138 7083 323 467556 617 65 341 390 0 0 0 0 0 0 0 0 0 0 0.0
106000 107000 0 0 0 0 0 0 0 0 0 0 0 0 0 0 0 0 0 0 0 0 
107000 108000 1 1 151 10092 445 639926 998 998 998 0 4400 4400 4400 0 128 128 128 0 1 2 0.0
108000 109000 2 1 199 10723 516 748821 998 0 499 705 4400 4400 4400 0 0 0 0 0 1 0 1.0
109000 110000 2 1 195 11065 518 753147 998 1 499 704 0 0 0 0 128 128 128 0 0 1 1.0
110000 111000 2 1 173 9857 459 665221 997 0 498 705 4400 4400 4400 0 0 0 0 0 1 0 1.0
111000 112000 2 1 190 10762 523 759935 997 1 499 703 4400 4400 4400 0 128 128 128 0 1 1 1.0
112000 113000 2 1 159 8378 421 612569 995 0 497 703 0 0 0 0 0 0 0 0 0 0 1.0
113000 114000 2 1 182 10390 489 705831 994 0 497 702 4400 4400 4400 0 128 128 128 0 1 1 0.0
114000 115000 2 1 194 10411 519 754449 993 4 499 698 0 0 0 0 0 0 0 0 0 0 1.0
115000 116000 2 1 47 3588 120 172400 990 5 498 696 4400 4400 4400 0 128 128 128 0 1 1 0.0
116000 117000 2 1 190 10060 539 783071 988 8 498 692 0 0 0 0 0 0 0 0 0 0 0.0
117000 118000 2 1 108 5502 238 343963 639 10 324 444 0 0 0 0 0 0 0 0 0 0 1.0
118000 119000 0 0 0 0 0 0 0 0 0 0 0 0 0 0 0 0 0 0 0 0 
119000 120000 1 1 182 11131 479 690427 997 997 997 0 4400 4400 4400 0 128 128 128 0 1 1 0.0
120000 121000 1 1 140 7692 334 482198 998 998 998 0 0 0 0 0 0 0 0 0 0 0 1.0
121000 122000 1 1 176 11059 473 682083 949 949 949 0 4400 4400 4400 0 128 128 128 0 1 2 0.0
122000 123000 2 1 195 10814 351 510515 948 49 499 635 0 0 0 0 0 0 0 0 0 0 0.0
123000 124000 2 1 129 7521 357 510994 947 49 498 634 4400 4400 4400 0 0 0 0 0 1 0 1.0
124000 125000 2 1 180 9436 464 671006 946 47 497 635 0 0 0 0 0 0 0 0 0 0 0.0
125000 126000 2 1 150 10369 439 628914 945 13 479 658 2300 2300 2300 0 128 128 128 0 2 3 1.0
126000 127000 2 1 152 8734 413 592648 938 53 495 625 2300 2300 2300 0 0 0 0 0 1 0 0.0
127000 128000 2 1 151 8558 402 575770 922 34 478 628 2300 2300 2300 0 128 128 128 0 1 1 1.0
128000 129000 2 1 16 1522 45 62148 920 76 498 597 0 0 0 0 0 0 0 0 0 0 1.0
129000 130000 2 1 145 9517 411 588500 915 54 485 608 3000 3000 3000 0 128 128 128 0 2 2 0.0
130000 131000 2 1 47 4302 147 209879 911 84 497 584 3000 3000 3000 0 128 128 128 0 1 1 1.0
131000 132000 2 1 187 9584 465 668172 908 87 497 580 0 0 0 0 0 0 0 0 0 0 0.0
132000 133000 2 1 29 2679 51 67829 903 89 496 575 0 0 0 0 0 0 0 0 0 0 1.0
133000 134000 2 1 183 10573 464 670580 903 95 499 571 3000 3000 3000 0 128 128 128 0 1 1 1.0
134000 135000 2 1 66 5143 151 214161 903 89 496 575 3000 3000 3000 0 128 128 128 0 1 1 1.0
135000 136000 2 1 207 11096 492 713917 903 94 498 571 0 0 0 0 0 0 0 0 0 0 0.0
136000 137000 2 1 30 2188 58 79934 899 95 497 568 0 0 0 0 0 0 0 0 0 0 1.0
137000 138000 2 1 177 10136 474 684123 896 62 479 590 3000 3000 3000 0 128 128 128 0 1 1 0.0
138000 139000 2 1 155 11269 376 539165 896 102 499 562 4400 4400 4400 0 128 128 128 0 2 2 1.0
139000 140000 2 1 192 10100 498 722896 894 102 498 559 0 0 0 0 0 0 0 0 0 0 0.0
140000 141000 2 1 54 4477 107 146624 893 105 499 557 4400 4400 4400 0 128 128 128 0 1 1 1.0
141000 142000 2 1 182 9325 490 711761 888 96 492 560 0 0 0 0 0 0 0 0 0 0 0.0
142000 143000 2 1 91 6170 235 335039 885 107 496 549 0 0 0 0 0 0 0 0 0 0 1.0
143000 144000 2 1 154 7931 444 642841 853 110 482 525 4400 4400 4400 0 128 128 128 0 1 1 1.0
144000 145000 2 1 189 11162 476 688020 853 144 498 501 0 0 0 0 128 128 128 0 0 1 1.0
145000 146000 2 1 184 9473 490 711383 793 117 455 478 4400 4400 4400 0 0 0 0 0 1 0 1.0
146000 147000 2 1 105 6750 276 392856 790 203 497 414 0 0 0 0 0 0 0 0 0 0 1.0
147000 148000 2 1 135 6989 370 533234 774 204 489 403 4400 4400 4400 0 128 128 128 0 1 1 1.0
148000 149000 2 1 174 10236 431 619026 769 225 497 385 0 0 0 0 0 0 0 0 0 0 1.0
149000 150000 2 1 172 8807 514 745273 769 226 497 384 4400 4400 4400 0 128 128 128 0 1 1 1.0
150000 151000 2 1 166 9638 479 694306 768 229 498 381 4400 4400 4400 0 128 128 128 0 1 1 1.0
151000 152000 2 1 184 9569 476 688518 765 231 498 377 0 0 0 0 0 0 0 0 0 0 0.0
152000 153000 1 1 36 1787 91 131871 189 189 189 0 0 0 0 0 0 0 0 0 0 0 1.0
153000 154000 1 1 146 9592 456 656968 997 997 997 0 4400 4400 4400 0 128 128 128 0 1 2 0.0
154000 155000 1 1 161 9097 394 568672 998 998 998 0 4400 4400 4400 0 0 0 0 0 1 0 1.0
155000 156000 2 1 194 9676 514 747116 994 0 497 703 0 0 0 0 0 0 0 0 0 0 0.0
156000 157000 2 1 58 3608 120 171442 994 2 498 701 0 0 0 0 0 0 0 0 0 0 1.0
157000 158000 2 1 206 12272 509 733191 946 0 473 669 4400 4400 4400 0 128 128 128 0 1 1 0.0
158000 159000 2 1 168 9336 412 594753 946 51 498 632 0 0 0 0 0 0 0 0 0 0 1.0
159000 160000 2 1 14 768 28 36055 52 48 50 3 0 0 0 0 0 0 0 0 0 0 0.0
160000 161000 0 0 0 0 0 0 0 0 0 0 0 0 0 0 0 0 0 0 0 0 
161000 162000 1 1 166 10736 478 688046 998 998 998 0 4400 4400 4400 0 128 128 128 0 1 2 1.0
162000 163000 2 1 196 11054 511 740419 995 1 498 702 4400 4400 4400 0 0 0 0 0 1 0 1.0
163000 164000 2 1 208 11344 511 743204 993 4 498 699 0 0 0 0 128 128 128 0 0 1 0.0
164000 165000 2 1 185 11062 522 757471 993 2 497 700 4400 4400 4400 0 128 128 128 0 1 1 1.0
165000 166000 2 1 193 9610 517 750742 990 5 497 696 0 0 0 0 0 0 0 0 0 0 0.0
166000 167000 2 1 177 9835 437 634095 989 5 497 696 4400 4400 4400 0 0 0 0 0 1 0 1.0
167000 168000 2 1 193 11726 468 675356 985 9 497 690 4400 4400 4400 0 128 128 128 0 1 2 0.0
168000 169000 1 1 184 9594 525 762910 985 985 985 0 0 0 0 0 0 0 0 0 0 0 1.0
169000 170000 2 1 189 10766 514 745679 984 14 499 686 4400 4400 4400 0 128 128 128 0 1 1 0.0
170000 171000 2 1 190 10792 480 693188 984 11 498 687 4400 4400 4400 0 0 0 0 0 1 0 1.0
171000 172000 2 1 161 7815 444 643684 982 12 497 685 0 0 0 0 0 0 0 0 0 0 0.0
172000 173000 2 1 145 7923 353 509274 979 13 496 683 0 0 0 0 0 0 0 0 0 0 1.0
173000 174000 2 1 167 10060 478 688130 952 0 476 673 4400 4400 4400 0 128 128 128 0 1 2 0.0
174000 175000 2 1 181 10262 508 735854 951 45 498 640 4400 4400 4400 0 0 0 0 0 1 0 1.0
175000 176000 2 1 188 9920 510 740588 950 47 498 638 0 0 0 0 128 128 128 0 0 1 0.0
176000 177000 2 1 169 9456 468 677693 949 45 497 639 4400 4400 4400 0 0 0 0 0 1 0 0.0
177000 178000 2 1 208 11928 520 753228 946 49 498 633 4400 4400 4400 0 128 128 128 0 1 1 1.0
178000 179000 2 1 157 8287 401 577219 943 51 497 630 0 0 0 0 0 0 0 0 0 0 1.0
179000 180000 2 1 152 8611 453 652796 921 37 479 624 4400 4400 4400 0 128 128 128 0 1 1 1.0
180000 181000 2 1 157 9855 389 558166 920 74 497 598 4400 4400 4400 0 128 128 128 0 1 1 1.0
181000 182000 2 1 173 8615 488 707915 920 76 498 596 0 0 0 0 0 0 0 0 0 0 0.0
182000 183000 2 1 109 7255 280 400350 918 75 496 595 4400 4400 4400 0 128 128 128 0 1 1 1.0
183000 184000 2 1 102 5067 323 462241 907 79 493 585 0 0 0 0 0 0 0 0 0 0 0.0
184000 185000 2 1 184 10306 496 720285 906 91 499 576 0 0 0 0 128 128 128 0 0 1 1.0
185000 186000 2 1 195 10372 502 729541 904 91 498 575 4400 4400 4400 0 0 0 0 0 1 0 0.0
186000 187000 2 1 167 9945 497 720586 900 93 497 570 4400 4400 4400 0 128 128 128 0 1 1 0.0
187000 188000 2 1 170 8274 505 733390 899 95 497 568 0 0 0 0 0 0 0 0 0 0 1.0
188000 189000 2 1 159 9373 443 638199 898 97 497 566 4400 4400 4400 0 128 128 128 0 1 1 1.0
189000 190000 2 1 175 8627 496 719973 897 99 498 564 0 0 0 0 0 0 0 0 0 0 1.0
190000 191000 2 1 120 7590 322 462917 896 97 496 565 4400 4400 4400 0 128 128 128 0 1 1 1.0
191000 192000 2 1 165 8082 453 654531 895 102 498 560 0 0 0 0 0 0 0 0 0 0 0.0
192000 193000 2 1 102 6015 307 443759 570 78 324 347 4400 4400 4400 0 128 128 128 0 1 1 1.0
193000 194000 2 1 138 8234 382 552719 569 428 498 99 0 0 0 0 0 0 0 0 0 0 0.0
194000 195000 2 1 142 7784 396 573663 516 429 473 61 4400 4400 4400 0 128 128 128 0 1 1 1.0
195000 196000 2 1 135 7530 376 543559 515 479 497 25 0 0 0 0 0 0 0 0 0 0 0.0
196000 197000 2 1 126 6987 357 516593 512 434 473 54 4400 4400 4400 0 128 128 128 0 1 1 0.0
197000 198000 2 1 151 7528 432 625297 509 487 498 15 0 0 0 0 0 0 0 0 0 0 1.0
198000 199000 2 1 32 1530 87 126672 223 0 111 157 0 0 0 0 0 0 0 0 0 0 1.0
199000 200000 2 1 76 5601 223 315040 998 0 499 706 4400 4400 4400 0 128 128 128 0 1 1 0.0
200000 201000 1 1 220 11469 534 776709 999 999 999 0 0 0 0 0 0 0 0 0 0 0 1.0
201000 202000 1 1 173 11128 461 659853 994 994 994 0 4400 4400 4400 0 128 128 128 0 1 2 0.0
202000 203000 1 1 207 11971 548 793768 998 998 998 0 4400 4400 4400 0 0 0 0 0 1 0 1.0
203000 204000 2 1 186 9123 520 755945 994 0 497 702 0 0 0 0 0 0 0 0 0 0 0.0
204000 205000 2 1 74 4293 169 242954 990 3 497 697 0 0 0 0 0 0 0 0 0 0 1.0
205000 206000 2 1 161 9788 466 673041 947 2 475 668 4400 4400 4400 0 128 128 128 0 1 2 1.0
206000 207000 2 1 174 9906 459 664258 947 52 499 633 4400 4400 4400 0 0 0 0 0 1 0 0.0
207000 208000 2 1 198 10755 505 733840 947 50 498 634 0 0 0 0 128 128 128 0 0 1 1.0
208000 209000 2 1 188 10449 521 756495 944 50 497 632 4400 4400 4400 0 0 0 0 0 1 0 1.0
209000 210000 2 1 188 9912 513 745765 944 54 499 628 0 0 0 0 128 128 128 0 0 1 0.0
210000 211000 2 1 168 9392 464 671572 943 52 498 629 4400 4400 4400 0 0 0 0 0 1 0 1.0
211000 212000 2 1 159 9362 393 564890 942 54 498 628 4400 4400 4400 0 128 128 128 0 1 1 0.0
212000 213000 2 1 195 10433 520 755989 939 53 496 626 0 0 0 0 0 0 0 0 0 0 1.0
213000 214000 2 1 182 10241 533 774339 936 60 498 619 4400 4400 4400 0 128 128 128 0 1 1 1.0
214000 215000 2 1 186 9847 503 730492 936 61 498 618 0 0 0 0 0 0 0 0 0 0 1.0
215000 216000 2 1 124 7568 324 465104 933 61 497 616 4400 4400 4400 0 128 128 128 0 1 1 0.0
216000 217000 2 1 178 9433 401 578960 929 64 496 611 0 0 0 0 0 0 0 0 0 0 0.0
217000 218000 2 1 7 411 20 25914 37 28 32 6 0 0 0 0 0 0 0 0 0 0 1.0
218000 219000 1 1 0 4 0 287 0 0 0 0 0 0 0 0 0 0 0 0 0 0 1.0
219000 220000 2 1 175 10786 487 703237 998 0 499 706 4400 4400 4400 0 128 128 128 0 1 1 0.0
220000 221000 1 1 145 7387 358 519379 763 763 763 0 0 0 0 0 0 0 0 0 0 0 1.0
221000 222000 1 1 156 10148 457 658427 993 993 993 0 4400 4400 4400 0 128 128 128 0 1 2 0.0
222000 223000 1 1 169 9645 431 625684 998 998 998 0 4400 4400 4400 0 0 0 0 0 1 0 1.0
223000 224000 2 1 190 9417 531 772115 992 0 496 701 0 0 0 0 0 0 0 0 0 0 0.0
224000 225000 2 1 39 2510 87 122632 989 6 497 695 0 0 0 0 0 0 0 0 0 0 0.0
225000 226000 2 1 158 9544 479 692040 944 3 474 665 4400 4400 4400 0 128 128 128 0 1 2 1.0
226000 227000 2 1 187 10752 473 687296 941 53 497 627 4400 4400 4400 0 0 0 0 0 1 0 0.0
227000 228000 2 1 170 9076 439 637108 940 54 497 626 0 0 0 0 128 128 128 0 0 1 1.0
228000 229000 2 1 170 10291 469 676732 939 57 498 623 4400 4400 4400 0 128 128 128 0 1 1 1.0
229000 230000 2 1 199 10082 522 758828 938 59 498 621 0 0 0 0 0 0 0 0 0 0 0.0
230000 231000 2 1 189 11133 510 739343 937 59 498 620 4400 4400 4400 0 128 128 128 0 1 1 1.0
231000 232000 2 1 185 10023 487 704172 936 59 498 620 4400 4400 4400 0 0 0 0 0 1 0 0.0
232000 233000 2 1 165 9388 436 633664 936 62 499 618 0 0 0 0 128 128 128 0 0 1 0.0
233000 234000 2 1 186 9897 515 746484 935 59 497 619 4400 4400 4400 0 0 0 0 0 1 0 1.0
234000 235000 2 1 181 9543 464 670303 935 61 498 617 0 0 0 0 0 0 0 0 0 0 1.0
235000 236000 2 1 143 8164 424 610176 921 29 475 630 4400 4400 4400 0 128 128 128 0 1 1 0.0
236000 237000 2 1 177 10807 483 697525 917 77 497 594 4400 4400 4400 0 128 128 128 0 1 1 1.0
237000 238000 2 1 193 9728 518 752338 916 80 498 591 0 0 0 0 0 0 0 0 0 0 1.0
238000 239000 2 1 43 2706 93 131758 915 82 498 589 0 0 0 0 0 0 0 0 0 0 1.0
239000 240000 2 1 153 8730 431 620104 912 48 480 610 4400 4400 4400 0 128 128 128 0 1 1 0.0
240000 241000 2 1 178 10887 464 671700 906 86 496 579 4400 4400 4400 0 128 128 128 0 1 1 1.0
241000 242000 2 1 186 9378 500 727094 904 90 497 575 0 0 0 0 0 0 0 0 0 0 0.0
242000 243000 2 1 161 8747 331 476018 686 89 387 421 0 0 0 0 0 0 0 0 0 0 0.0
243000 244000 1 1 101 6456 291 419794 780 780 780 0 4400 4400 4400 0 128 128 128 0 1 1 1.0
244000 245000 2 1 175 10706 453 654061 776 219 498 394 0 0 0 0 128 128 128 0 0 1 1.0
245000 246000 2 1 192 10147 518 751563 750 204 477 385 4400 4400 4400 0 0 0 0 0 1 0 0.0
246000 247000 2 1 119 7473 302 428394 749 245 497 356 0 0 0 0 0 0 0 0 0 0 1.0
247000 248000 2 1 143 7404 378 543986 680 205 443 335 4400 4400 4400 0 128 128 128 0 1 1 0.0
248000 249000 1 1 75 6302 206 297996 566 566 566 0 4400 4400 4400 0 128 128 128 0 1 3 1.0
249000 250000 2 1 159 9682 454 658140 563 431 497 93 4400 4400 4400 0 0 0 0 0 2 0 0.0
250000 251000 2 1 126 7196 354 509222 562 435 499 89 0 0 0 0 0 0 0 0 0 0 1.0
251000 252000 2 1 139 7995 387 558650 559 437 498 86 4400 4400 4400 0 128 128 128 0 1 2 1.0
252000 253000 2 1 179 9696 512 744172 557 436 497 85 4400 4400 4400 0 0 0 0 0 1 0 1.0
253000 254000 2 1 176 9784 505 733237 553 442 498 78 0 0 0 0 128 128 128 0 0 1 0.0
254000 255000 2 1 180 9685 505 733890 552 441 496 77 4400 4400 4400 0 0 0 0 0 1 0 1.0
255000 256000 2 1 173 9422 473 684884 551 445 498 74 4400 4400 4400 0 128 128 128 0 1 1 0.0
256000 257000 2 1 176 9482 473 685070 548 446 497 72 0 0 0 0 0 0 0 0 0 0 1.0
257000 258000 2 1 192 10588 517 748919 548 447 497 71 4400 4400 4400 0 128 128 128 0 1 1 0.0
258000 259000 2 1 164 9969 438 631100 546 449 498 68 0 0 0 0 0 0 0 0 0 0 1.0
259000 260000 2 1 156 8677 419 605340 516 435 475 56 4400 4400 4400 0 128 128 128 0 1 1 0.0
260000 261000 2 1 187 9820 496 715271 513 483 498 21 0 0 0 0 0 0 0 0 0 0 1.0
261000 262000 1 1 32 1771 83 119690 170 170 170 0 0 0 0 0 0 0 0 0 0 0 1.0
262000 263000 0 0 0 0 0 0 0 0 0 0 0 0 0 0 0 0 0 0 0 0 
263000 264000 1 1 170 10983 477 685789 997 997 997 0 4400 4400 4400 0 128 128 128 0 1 2 1.0
264000 265000 1 1 182 10325 426 616069 997 997 997 0 4400 4400 4400 0 0 0 0 0 1 0 1.0
265000 266000 1 1 179 8668 512 743424 995 995 995 0 0 0 0 0 0 0 0 0 0 0 0.0
266000 267000 1 1 70 4209 163 233915 997 997 997 0 0 0 0 0 0 0 0 0 0 0 1.0
267000 268000 2 1 154 8725 470 677889 944 1 473 667 4400 4400 4400 0 128 128 128 0 1 1 0.0
268000 269000 2 1 134 7377 325 468142 944 51 498 631 0 0 0 0 0 0 0 0 0 0 0.0
269000 270000 2 1 151 9185 436 626739 928 2 465 654 4400 4400 4400 0 128 128 128 0 1 2 1.0
270000 271000 2 1 188 10706 486 706370 924 70 497 603 4400 4400 4400 0 0 0 0 0 1 0 1.0
271000 272000 2 1 192 10226 509 739966 923 69 496 603 0 0 0 0 128 128 128 0 0 1 0.0
272000 273000 2 1 150 8472 437 632006 922 73 497 600 4400 4400 4400 0 0 0 0 0 1 0 1.0
273000 274000 2 1 186 9343 489 708831 919 76 498 596 0 0 0 0 0 0 0 0 0 0 1.0
274000 275000 2 1 17 1480 45 61210 914 79 497 590 0 0 0 0 0 0 0 0 0 0 1.0
275000 276000 2 1 172 10368 460 667149 914 84 499 586 4400 4400 4400 0 128 128 128 0 1 2 0.0
276000 277000 2 1 174 9682 506 734582 914 83 498 587 4400 4400 4400 0 0 0 0 0 1 0 1.0
277000 278000 2 1 186 9796 512 744223 910 84 497 584 0 0 0 0 128 128 128 0 0 1 0.0
278000 279000 2 1 190 11189 508 736539 910 83 496 584 4400 4400 4400 0 128 128 128 0 1 1 1.0
279000 280000 2 1 161 8505 485 701612 909 89 499 579 4400 4400 4400 0 0 0 0 0 1 0 0.0
280000 281000 2 1 156 8702 443 642056 906 89 498 578 0 0 0 0 128 128 128 0 0 1 1.0
281000 282000 2 1 162 8752 448 647315 906 90 498 577 4400 4400 4400 0 0 0 0 0 1 0 1.0
282000 283000 2 1 186 9941 501 727445 901 92 497 571 0 0 0 0 0 0 0 0 0 0 1.0
283000 284000 2 1 157 8967 446 642000 901 97 499 568 4400 4400 4400 0 128 128 128 0 1 1 1.0
284000 285000 2 1 155 9710 384 550056 900 94 497 569 0 0 0 0 0 0 0 0 0 0 1.0
285000 286000 2 1 147 7290 417 602545 864 93 479 545 4400 4400 4400 0 128 128 128 0 1 1 0.0
286000 287000 2 1 169 10008 456 659514 864 133 498 517 4400 4400 4400 0 128 128 128 0 1 1 1.0
287000 288000 2 1 189 9572 521 757511 861 132 497 516 0 0 0 0 0 0 0 0 0 0 0.0
288000 289000 2 1 177 10317 497 718628 859 136 497 511 4400 4400 4400 0 128 128 128 0 1 1 0.0
289000 290000 2 1 184 9385 468 675509 856 140 498 506 0 0 0 0 0 0 0 0 0 0 1.0
290000 291000 2 1 87 5348 244 353233 564 51 308 363 4400 4400 4400 0 128 128 128 0 1 1 0.0
291000 292000 2 1 151 8977 400 577864 563 435 499 91 0 0 0 0 0 0 0 0 0 0 1.0
292000 293000 2 1 138 7708 374 540702 521 426 474 67 4400 4400 4400 0 128 128 128 0 1 1 1.0
293000 294000 2 1 156 8713 430 620890 521 478 499 30 0 0 0 0 0 0 0 0 0 0 0.0
294000 295000 2 1 185 10007 503 729255 521 473 497 33 4400 4400 4400 0 128 128 128 0 1 1 1.0
295000 296000 2 1 182 9956 502 728703 519 476 497 30 4400 4400 4400 0 128 128 128 0 1 1 1.0
296000 297000 2 1 184 10114 490 709749 518 479 499 27 0 0 0 0 0 0 0 0 0 0 1.0
297000 298000 2 1 99 5974 245 355495 515 477 496 27 0 0 0 0 0 0 0 0 0 0 0.0
298000 299000 2 1 92 5464 261 377310 512 482 497 20 4400 4400 4400 0 128 128 128 0 1 1 1.0
299000 300000 2 1 181 9233 478 690552 511 483 497 20 0 0 0 0 0 0 0 0 0 0 1.0
300000 301000 1 1 19 1004 47 67946 102 102 102 0 0 0 0 0 0 0 0 0 0 0 0.0
