ts te nbins ncons c_pkts_all c_bytes_all s_pkts_all s_bytes_all max_bin min_bin avg_bin std_bin max_vid min_vid avg_vid std_vid max_aud min_aud avg_aud std_aud num_vid num_aud num_mfs
0 1000 0 0 0 0 0 0 0 0 0 0 0 0 0 0 0 0 0 0 0 0 
1000 2000 0 0 0 0 0 0 0 0 0 0 0 0 0 0 0 0 0 0 0 0 
2000 3000 0 0 0 0 0 0 0 0 0 0 0 0 0 0 0 0 0 0 0 0 
3000 4000 0 0 0 0 0 0 0 0 0 0 0 0 0 0 0 0 0 0 0 0 
4000 5000 0 0 0 0 0 0 0 0 0 0 0 0 0 0 0 0 0 0 0 0 
5000 6000 0 0 0 0 0 0 0 0 0 0 0 0 0 0 0 0 0 0 0 0 
6000 7000 1 1 82 6986 214 306936 423 423 423 0 2300 2300 2300 0 128 128 128 0 2 2 1.0
7000 8000 2 1 190 13956 514 736502 575 423 499 107 2300 2300 2300 0 128 128 128 0 1 1 0.0
8000 9000 2 1 166 9809 494 710057 575 416 496 112 2300 2300 2300 0 0 0 0 0 1 0 0.0
9000 10000 2 1 153 9070 458 661029 582 416 499 118 2300 2300 2300 0 128 128 128 0 1 2 1.0
10000 11000 2 1 159 9395 468 676590 583 409 496 123 2300 2300 2300 0 128 128 128 0 1 1 0.0
11000 12000 2 1 148 8926 499 724304 586 406 496 127 2300 2300 2300 0 128 128 128 0 1 1 0.0
12000 13000 2 1 142 8085 481 697787 588 405 496 129 2300 2300 2300 0 128 128 128 0 1 1 1.0
13000 14000 2 1 156 8885 461 669336 593 403 498 134 2300 2300 2300 0 128 128 128 0 1 1 0.0
14000 15000 2 1 175 9670 497 719983 594 401 497 136 2300 2300 2300 0 128 128 128 0 1 1 1.0
15000 16000 2 1 177 9944 498 720071 597 400 499 139 2300 2300 2300 0 128 128 128 0 2 2 0.0
16000 17000 2 1 117 7547 331 476611 599 398 499 142 0 0 0 0 0 0 0 0 0 0 1.0
17000 18000 2 1 86 5961 234 333816 599 375 487 158 4400 4400 4400 0 128 128 128 0 2 2 0.0
18000 19000 2 1 164 8277 492 712343 620 373 497 174 0 0 0 0 0 0 0 0 0 0 1.0
19000 20000 2 1 157 8502 440 636860 626 368 497 182 4400 4400 4400 0 128 128 128 0 1 1 0.0
20000 21000 2 1 156 7950 438 633562 629 367 498 185 4400 4400 4400 0 128 128 128 0 1 1 1.0
21000 22000 2 1 167 9079 467 674262 632 366 499 187 0 0 0 0 0 0 0 0 0 0 0.0
22000 23000 2 1 161 8203 462 667359 629 363 496 188 4400 4400 4400 0 128 128 128 0 1 1 1.0
23000 24000 2 1 154 8376 415 595795 635 361 498 193 0 0 0 0 0 0 0 0 0 0 0.0
24000 25000 2 1 91 4713 243 349374 289 243 266 32 4400 4400 4400 0 128 128 128 0 1 1 1.0
25000 26000 2 1 141 8229 393 565346 755 240 497 364 0 0 0 0 0 0 0 0 0 0 0.0
26000 27000 2 1 93 5107 238 343296 756 197 476 395 4400 4400 4400 0 128 128 128 0 1 1 1.0
27000 28000 2 1 163 8897 426 612406 798 195 497 426 0 0 0 0 0 0 0 0 0 0 0.0
28000 29000 2 1 155 8305 366 528250 756 187 471 402 4400 4400 4400 0 128 128 128 0 1 1 1.0
29000 30000 2 1 168 9265 471 677777 811 186 498 441 0 0 0 0 0 0 0 0 0 0 0.0
30000 31000 2 1 177 9997 473 684572 810 185 497 442 4400 4400 4400 0 128 128 128 0 1 1 1.0
31000 32000 2 1 164 7882 513 744138 814 182 498 446 0 0 0 0 0 0 0 0 0 0 0.0
32000 33000 2 1 167 9452 454 654912 813 181 497 447 4400 4400 4400 0 128 128 128 0 1 1 1.0
33000 34000 2 1 163 7987 435 631121 817 181 499 449 0 0 0 0 0 0 0 0 0 0 0.0
34000 35000 2 1 77 5219 187 265727 816 176 496 452 4400 4400 4400 0 128 128 128 0 1 1 1.0
35000 36000 2 1 176 8534 511 741913 823 176 499 457 0 0 0 0 0 0 0 0 0 0 0.0
36000 37000 2 1 162 9154 448 646407 823 175 499 458 4400 4400 4400 0 128 128 128 0 1 1 1.0
37000 38000 2 1 178 8774 509 739081 821 174 498 457 0 0 0 0 0 0 0 0 0 0 0.0
38000 39000 2 1 167 9689 445 641684 819 173 496 456 4400 4400 4400 0 128 128 128 0 1 1 1.0
39000 40000 2 1 151 7429 398 577002 821 172 496 459 0 0 0 0 0 0 0 0 0 0 0.0
40000 41000 2 1 137 8287 363 523969 825 171 498 462 4400 4400 4400 0 128 128 128 0 1 1 1.0
41000 42000 1 1 143 6937 370 535015 773 773 773 0 0 0 0 0 0 0 0 0 0 0 0.0
42000 43000 1 1 147 8548 434 628371 905 905 905 0 4400 4400 4400 0 128 128 128 0 1 1 1.0
43000 44000 2 1 134 8024 305 441129 902 91 496 573 0 0 0 0 0 0 0 0 0 0 0.0
44000 45000 2 1 141 7429 402 581551 869 93 481 548 4400 4400 4400 0 128 128 128 0 1 1 1.0
45000 46000 2 1 182 10271 464 671990 868 130 499 522 4400 4400 4400 0 128 128 128 0 1 1 0.0
46000 47000 2 1 184 9735 529 768453 868 130 499 522 0 0 0 0 0 0 0 0 0 0 1.0
47000 48000 2 1 100 6252 251 362711 867 129 498 522 0 0 0 0 0 0 0 0 0 0 0.0
48000 49000 2 1 159 8390 480 697853 857 100 479 534 4400 4400 4400 0 128 128 128 0 1 1 1.0
49000 50000 2 1 183 10245 506 732401 856 142 499 505 4400 4400 4400 0 128 128 128 0 1 1 0.0
50000 51000 2 1 194 10350 502 726282 855 141 498 504 0 0 0 0 0 0 0 0 0 0 1.0
51000 52000 2 1 30 2744 80 114704 844 135 489 501 0 0 0 0 0 0 0 0 0 0 0.0
52000 53000 2 1 151 8104 437 633336 841 153 497 486 4400 4400 4400 0 128 128 128 0 1 1 1.0
53000 54000 2 1 180 10107 509 737173 841 157 499 483 4400 4400 4400 0 128 128 128 0 1 1 0.0
54000 55000 2 1 196 10552 519 754340 840 157 499 482 0 0 0 0 0 0 0 0 0 0 1.0
55000 56000 2 1 153 9046 392 567302 839 157 498 482 4400 4400 4400 0 128 128 128 0 1 1 0.0
56000 57000 2 1 179 9715 461 666021 839 158 498 481 0 0 0 0 0 0 0 0 0 0 1.0
57000 58000 2 1 84 4721 237 343877 400 88 244 221 4400 4400 4400 0 128 128 128 0 1 1 0.0
58000 59000 2 1 171 9917 482 698164 597 399 498 139 0 0 0 0 0 0 0 0 0 0 1.0
59000 60000 2 1 181 10067 492 713610 599 393 496 145 4400 4400 4400 0 128 128 128 0 1 1 0.0
60000 61000 2 1 137 7559 355 515178 605 393 499 149 0 0 0 0 0 0 0 0 0 0 1.0
61000 62000 2 1 90 5668 235 339686 593 349 471 173 4400 4400 4400 0 128 128 128 0 1 1 0.0
62000 63000 2 1 176 9137 499 723698 650 343 496 217 0 0 0 0 0 0 0 0 0 0 1.0
63000 64000 2 1 180 9841 497 721026 654 342 498 220 4400 4400 4400 0 128 128 128 0 1 1 0.0
64000 65000 2 1 186 10318 507 734070 655 341 498 221 0 0 0 0 0 0 0 0 0 0 1.0
65000 66000 2 1 179 10179 483 701103 652 341 497 219 4400 4400 4400 0 128 128 128 0 1 1 0.0
66000 67000 2 1 143 7670 383 552464 656 340 498 223 0 0 0 0 0 0 0 0 0 0 1.0
67000 68000 2 1 141 8356 359 513353 658 338 498 226 4400 4400 4400 0 128 128 128 0 1 1 0.0
68000 69000 2 1 170 9190 454 658447 659 335 497 229 0 0 0 0 0 0 0 0 0 0 1.0
69000 70000 2 1 141 8182 393 567608 662 334 498 232 4400 4400 4400 0 128 128 128 0 1 1 0.0
70000 71000 2 1 160 8495 428 618295 657 334 496 228 0 0 0 0 0 0 0 0 0 0 1.0
71000 72000 2 1 130 7636 341 488631 664 331 498 235 4400 4400 4400 0 128 128 128 0 1 1 0.0
72000 73000 2 1 149 7784 386 557425 655 244 449 290 0 0 0 0 0 0 0 0 0 0 1.0
73000 74000 2 1 123 7446 354 509478 751 242 497 360 4400 4400 4400 0 128 128 128 0 1 1 0.0
74000 75000 2 1 174 8982 465 671284 755 240 497 364 4400 4400 4400 0 128 128 128 0 1 1 1.0
75000 76000 2 1 156 9247 426 613557 758 238 498 367 0 0 0 0 0 0 0 0 0 0 0.0
76000 77000 2 1 145 7973 356 514612 756 199 477 393 4400 4400 4400 0 128 128 128 0 1 1 1.0
77000 78000 2 1 150 8620 438 628939 799 197 498 425 0 0 0 0 0 0 0 0 0 0 0.0
78000 79000 2 1 144 8610 373 538246 801 196 498 428 4400 4400 4400 0 128 128 128 0 1 1 1.0
79000 80000 2 1 173 9049 465 674683 801 195 498 428 0 0 0 0 0 0 0 0 0 0 0.0
80000 81000 2 1 97 6272 269 386584 802 195 499 428 4400 4400 4400 0 128 128 128 0 1 1 1.0
81000 82000 2 1 189 9764 487 706454 801 194 498 429 0 0 0 0 0 0 0 0 0 0 0.0
82000 83000 2 1 197 12003 469 676194 805 193 499 432 4400 4400 4400 0 128 128 128 0 1 1 1.0
83000 84000 2 1 180 9605 437 634684 801 192 497 430 0 0 0 0 0 0 0 0 0 0 0.0
84000 85000 2 1 69 5918 175 249119 803 192 498 432 4400 4400 4400 0 128 128 128 0 1 1 1.0
85000 86000 2 1 185 13285 531 769049 801 192 496 430 0 0 0 0 0 0 0 0 0 0 0.0
86000 87000 2 1 176 10261 459 666106 807 191 499 435 4400 4400 4400 0 128 128 128 0 1 1 1.0
87000 88000 2 1 149 7524 418 607088 791 181 486 431 0 0 0 0 0 0 0 0 0 0 0.0
88000 89000 2 1 174 10128 491 712181 814 179 497 449 4400 4400 4400 0 128 128 128 0 1 1 1.0
89000 90000 1 1 115 5707 297 429892 629 629 629 0 0 0 0 0 0 0 0 0 0 0 0.0
90000 91000 1 1 145 8827 437 633014 905 905 905 0 4400 4400 4400 0 128 128 128 0 1 1 1.0
91000 92000 2 1 91 5282 199 280745 903 94 498 571 0 0 0 0 0 0 0 0 0 0 0.0
92000 93000 2 1 142 8075 394 571562 900 95 497 569 4400 4400 4400 0 128 128 128 0 1 1 1.0
93000 94000 2 1 176 10044 479 692170 899 97 498 566 4400 4400 4400 0 0 0 0 0 1 0 0.0
94000 95000 2 1 177 9294 530 770294 899 96 497 567 0 0 0 0 128 128 128 0 0 1 1.0
95000 96000 2 1 175 9878 480 694180 893 100 497 560 4400 4400 4400 0 128 128 128 0 1 1 0.0
96000 97000 2 1 185 9876 513 745553 893 102 498 558 0 0 0 0 0 0 0 0 0 0 1.0
97000 98000 2 1 72 4785 167 239717 890 106 498 554 0 0 0 0 0 0 0 0 0 0 0.0
98000 99000 2 1 160 8403 448 649570 865 96 481 543 4400 4400 4400 0 128 128 128 0 1 1 1.0
99000 100000 2 1 184 10193 483 700891 858 132 495 513 4400 4400 4400 0 128 128 128 0 1 1 0.0
100000 101000 2 1 191 10267 474 685641 853 139 496 504 0 0 0 0 0 0 0 0 0 0 1.0
101000 102000 2 1 84 4682 245 356780 412 66 239 245 4400 4400 4400 0 128 128 128 0 1 1 0.0
102000 103000 2 1 175 9636 492 713551 586 410 498 124 0 0 0 0 0 0 0 0 0 0 1.0
103000 104000 2 1 122 6822 319 461234 410 340 375 49 4400 4400 4400 0 128 128 128 0 1 1 0.0
104000 105000 2 1 160 9454 420 605262 586 404 495 128 0 0 0 0 0 0 0 0 0 0 1.0
105000 106000 2 1 187 10480 492 710319 591 402 497 134 4400 4400 4400 0 128 128 128 0 1 1 0.0
106000 107000 2 1 158 8846 414 599557 595 400 498 138 0 0 0 0 0 0 0 0 0 0 1.0
107000 108000 2 1 126 7473 329 475055 592 369 480 157 4400 4400 4400 0 128 128 128 0 1 1 0.0
108000 109000 2 1 176 9297 508 736675 628 369 499 183 0 0 0 0 0 0 0 0 0 0 1.0
109000 110000 2 1 166 9362 453 655051 629 365 497 186 4400 4400 4400 0 128 128 128 0 1 1 0.0
110000 111000 2 1 138 7478 364 526941 631 362 497 190 0 0 0 0 0 0 0 0 0 0 1.0
111000 112000 2 1 103 6208 305 440631 589 360 475 162 4400 4400 4400 0 128 128 128 0 1 1 0.0
112000 113000 2 1 163 8682 470 681342 639 359 499 197 0 0 0 0 0 0 0 0 0 0 1.0
113000 114000 2 1 182 10288 489 708124 637 355 496 199 4400 4400 4400 0 128 128 128 0 1 1 0.0
114000 115000 2 1 166 8950 449 651325 641 353 497 203 0 0 0 0 0 0 0 0 0 0 1.0
115000 116000 2 1 128 7466 359 518628 641 351 496 204 4400 4400 4400 0 128 128 128 0 1 1 0.0
116000 117000 2 1 148 7834 403 581074 646 332 489 222 4400 4400 4400 0 128 128 128 0 1 1 1.0
117000 118000 2 1 165 9550 443 635134 667 331 499 237 0 0 0 0 0 0 0 0 0 0 0.0
118000 119000 2 1 129 7070 328 474043 509 244 377 187 0 0 0 0 0 0 0 0 0 0 1.0
119000 120000 2 1 129 7848 361 518930 754 244 499 360 4400 4400 4400 0 128 128 128 0 1 1 0.0
120000 121000 2 1 186 9636 517 751052 755 243 499 361 4400 4400 4400 0 128 128 128 0 1 1 1.0
121000 122000 2 1 189 11166 473 685650 753 241 497 362 0 0 0 0 0 0 0 0 0 0 0.0
122000 123000 2 1 145 7982 370 535296 757 238 498 367 0 0 0 0 0 0 0 0 0 0 0.0
123000 124000 2 1 126 7887 347 499996 759 237 498 369 4400 4400 4400 0 128 128 128 0 1 1 1.0
124000 125000 2 1 177 9708 498 723882 762 234 498 373 4400 4400 4400 0 128 128 128 0 1 1 1.0
125000 126000 2 1 160 8497 449 650313 765 232 498 376 0 0 0 0 0 0 0 0 0 0 0.0
126000 127000 2 1 128 6942 337 487587 759 199 479 395 4400 4400 4400 0 128 128 128 0 1 1 1.0
127000 128000 2 1 157 9057 435 626253 794 197 496 422 0 0 0 0 0 0 0 0 0 0 0.0
128000 129000 2 1 173 10062 412 595704 800 196 498 427 4400 4400 4400 0 128 128 128 0 1 1 1.0
129000 130000 2 1 153 7695 457 663586 803 195 499 430 0 0 0 0 0 0 0 0 0 0 0.0
130000 131000 2 1 114 7072 333 479872 801 192 497 430 4400 4400 4400 0 128 128 128 0 1 1 1.0
131000 132000 2 1 188 9600 504 731247 805 191 498 434 0 0 0 0 0 0 0 0 0 0 0.0
132000 133000 2 1 200 12023 499 722158 808 189 498 437 4400 4400 4400 0 128 128 128 0 1 1 1.0
133000 134000 2 1 180 9476 482 698048 809 184 497 441 0 0 0 0 0 0 0 0 0 0 0.0
134000 135000 2 1 148 8905 402 578881 811 183 497 443 4400 4400 4400 0 128 128 128 0 1 1 1.0
135000 136000 2 1 170 8795 395 568164 812 174 493 450 0 0 0 0 0 0 0 0 0 0 0.0
136000 137000 2 1 37 2621 96 136100 807 174 490 447 4400 4400 4400 0 128 128 128 0 1 1 1.0
137000 138000 2 1 187 10709 513 744035 825 174 499 460 0 0 0 0 0 0 0 0 0 0 0.0
138000 139000 2 1 183 10860 462 668516 825 168 497 463 4400 4400 4400 0 128 128 128 0 1 1 1.0
139000 140000 2 1 176 8984 424 615456 828 165 496 469 0 0 0 0 0 0 0 0 0 0 0.0
140000 141000 2 1 151 9139 404 586521 832 164 498 472 4400 4400 4400 0 128 128 128 0 1 1 1.0
141000 142000 2 1 191 10237 504 731809 832 161 496 474 4400 4400 4400 0 128 128 128 0 1 1 0.0
142000 143000 2 1 191 10478 521 756508 837 161 499 478 0 0 0 0 0 0 0 0 0 0 1.0
143000 144000 1 1 103 4918 281 407817 603 603 603 0 0 0 0 0 0 0 0 0 0 0 0.0
144000 145000 1 1 35 2175 102 148189 242 242 242 0 4400 4400 4400 0 128 128 128 0 1 1 1.0
145000 146000 2 1 150 9243 425 613813 753 241 497 361 0 0 0 0 0 0 0 0 0 0 0.0
146000 147000 2 1 171 9936 458 664612 756 241 498 363 4400 4400 4400 0 128 128 128 0 1 1 1.0
147000 148000 2 1 155 7748 437 634812 753 241 497 361 0 0 0 0 0 0 0 0 0 0 0.0
148000 149000 2 1 82 4844 212 304634 756 197 476 395 4400 4400 4400 0 128 128 128 0 1 1 1.0
149000 150000 2 1 158 9390 455 657891 801 192 496 430 0 0 0 0 128 128 128 0 0 1 0.0
150000 151000 2 1 137 7355 382 552971 804 191 498 433 4400 4400 4400 0 0 0 0 0 1 0 1.0
151000 152000 2 1 154 8207 438 635156 808 187 498 439 0 0 0 0 0 0 0 0 0 0 0.0
152000 153000 2 1 90 5697 184 263371 809 177 493 446 4400 4400 4400 0 128 128 128 0 1 1 1.0
153000 154000 2 1 169 10084 513 743544 821 176 499 455 0 0 0 0 128 128 128 0 0 1 0.0
154000 155000 2 1 186 10357 492 714500 822 172 497 459 4400 4400 4400 0 0 0 0 0 1 0 1.0
155000 156000 2 1 182 9672 447 649893 824 168 496 464 0 0 0 0 128 128 128 0 0 1 0.0
156000 157000 2 1 194 10881 504 731770 830 165 497 470 4400 4400 4400 0 0 0 0 0 1 0 1.0
157000 158000 2 1 185 9889 521 757002 834 163 498 474 4400 4400 4400 0 128 128 128 0 1 1 0.0
158000 159000 2 1 176 10027 487 704470 834 163 498 475 0 0 0 0 0 0 0 0 0 0 1.0
159000 160000 2 1 180 9947 486 703515 831 162 497 472 4400 4400 4400 0 128 128 128 0 1 1 0.0
160000 161000 2 1 173 9339 396 573793 835 132 483 496 0 0 0 0 0 0 0 0 0 0 1.0
161000 162000 2 1 109 6559 308 443813 866 132 499 519 4400 4400 4400 0 128 128 128 0 1 1 0.0
162000 163000 2 1 187 9945 499 722089 862 131 497 517 0 0 0 0 0 0 0 0 0 0 1.0
163000 164000 1 1 12 621 25 35728 75 75 75 0 0 0 0 0 0 0 0 0 0 0 0.0
164000 165000 1 1 42 2716 120 173637 242 242 242 0 4400 4400 4400 0 128 128 128 0 1 1 1.0
165000 166000 2 1 176 10892 491 708970 757 239 498 365 0 0 0 0 128 128 128 0 0 1 0.0
166000 167000 2 1 179 9946 490 708810 758 238 498 367 4400 4400 4400 0 128 128 128 0 1 1 1.0
167000 168000 2 1 179 9524 509 739205 759 237 498 368 0 0 0 0 0 0 0 0 0 0 0.0
168000 169000 2 1 170 9337 494 714484 759 236 498 369 4400 4400 4400 0 128 128 128 0 1 1 1.0
169000 170000 2 1 174 9254 488 708459 762 235 499 372 4400 4400 4400 0 0 0 0 0 1 0 0.0
170000 171000 2 1 160 9061 436 630696 763 233 498 374 0 0 0 0 128 128 128 0 0 1 1.0
171000 172000 2 1 173 9716 478 690948 764 233 498 375 4400 4400 4400 0 128 128 128 0 1 1 0.0
172000 173000 2 1 179 9599 502 729241 766 232 499 377 0 0 0 0 0 0 0 0 0 0 1.0
173000 174000 2 1 170 9428 464 670235 766 228 497 380 4400 4400 4400 0 128 128 128 0 1 1 0.0
174000 175000 2 1 154 8334 394 568989 755 191 473 399 4400 4400 4400 0 128 128 128 0 1 1 1.0
175000 176000 2 1 158 9103 408 586056 807 187 497 438 0 0 0 0 0 0 0 0 0 0 0.0
176000 177000 2 1 180 10397 491 711276 811 184 497 443 4400 4400 4400 0 128 128 128 0 1 1 1.0
177000 178000 2 1 158 7786 471 683505 812 183 498 444 0 0 0 0 0 0 0 0 0 0 0.0
178000 179000 2 1 104 5916 260 371068 810 166 488 455 4400 4400 4400 0 128 128 128 0 1 1 1.0
179000 180000 2 1 166 9475 476 685055 833 165 499 472 0 0 0 0 0 0 0 0 0 0 0.0
180000 181000 2 1 184 10789 504 729486 833 164 498 473 4400 4400 4400 0 128 128 128 0 1 1 1.0
181000 182000 2 1 172 8787 461 668826 835 163 499 475 0 0 0 0 0 0 0 0 0 0 0.0
182000 183000 2 1 116 7425 278 394418 834 115 474 508 4400 4400 4400 0 128 128 128 0 1 1 1.0
183000 184000 2 1 166 8222 489 708322 884 108 496 548 0 0 0 0 0 0 0 0 0 0 0.0
184000 185000 2 1 148 8871 430 623337 889 107 498 553 4400 4400 4400 0 128 128 128 0 1 1 1.0
185000 186000 2 1 187 9508 501 727092 890 107 499 553 4400 4400 4400 0 128 128 128 0 1 1 0.0
186000 187000 2 1 160 9561 433 622916 891 102 497 557 0 0 0 0 0 0 0 0 0 0 1.0
187000 188000 1 1 149 7277 387 560316 808 808 808 0 0 0 0 0 0 0 0 0 0 0 0.0
188000 189000 1 1 38 2369 96 136998 242 242 242 0 4400 4400 4400 0 128 128 128 0 1 1 1.0
189000 190000 2 1 167 10151 429 612315 754 241 498 362 0 0 0 0 0 0 0 0 0 0 0.0
190000 191000 2 1 193 10830 516 749946 756 240 498 365 4400 4400 4400 0 128 128 128 0 1 1 1.0
191000 192000 2 1 171 9247 484 702737 756 238 497 366 0 0 0 0 0 0 0 0 0 0 0.0
192000 193000 2 1 166 9872 471 682167 758 236 497 369 4400 4400 4400 0 128 128 128 0 1 1 1.0
193000 194000 2 1 172 9565 469 678756 762 235 498 372 4400 4400 4400 0 128 128 128 0 1 1 0.0
194000 195000 2 1 180 9246 525 762521 764 235 499 374 0 0 0 0 0 0 0 0 0 0 1.0
195000 196000 1 1 114 5649 287 415227 624 624 624 0 0 0 0 0 0 0 0 0 0 0 0.0
196000 197000 1 1 153 9147 472 685726 904 904 904 0 4400 4400 4400 0 128 128 128 0 1 1 1.0
197000 198000 2 1 92 4843 218 315809 424 95 259 232 0 0 0 0 0 0 0 0 0 0 0.0
198000 199000 1 1 36 2399 108 154958 243 243 243 0 4400 4400 4400 0 128 128 128 0 1 1 1.0
199000 200000 2 1 153 9569 446 640268 754 243 498 361 0 0 0 0 128 128 128 0 0 1 0.0
200000 201000 2 1 169 9060 474 686023 756 243 499 362 4400 4400 4400 0 0 0 0 0 1 0 1.0
201000 202000 2 1 179 10010 526 763789 755 242 498 362 0 0 0 0 128 128 128 0 0 1 0.0
202000 203000 2 1 187 10553 515 747745 756 242 499 363 4400 4400 4400 0 0 0 0 0 1 0 1.0
203000 204000 2 1 186 10485 499 724097 751 241 496 360 4400 4400 4400 0 128 128 128 0 1 1 0.0
204000 205000 2 1 187 9791 479 691558 757 239 498 366 0 0 0 0 0 0 0 0 0 0 1.0
205000 206000 1 1 1 62 2 4027 8 8 8 0 0 0 0 0 0 0 0 0 0 0 0.0
206000 207000 1 1 40 2568 116 167988 241 241 241 0 4400 4400 4400 0 128 128 128 0 1 1 1.0
207000 208000 2 1 167 10269 483 698620 754 241 497 362 0 0 0 0 128 128 128 0 0 1 0.0
208000 209000 2 1 176 9415 495 719017 747 237 492 360 4400 4400 4400 0 0 0 0 0 1 0 1.0
209000 210000 2 1 180 10092 514 746739 762 236 499 371 0 0 0 0 128 128 128 0 0 1 0.0
210000 211000 2 1 180 9939 512 743019 760 235 497 371 4400 4400 4400 0 0 0 0 0 1 0 1.0
211000 212000 2 1 186 10085 494 716828 760 231 496 374 0 0 0 0 128 128 128 0 0 1 0.0
212000 213000 2 1 176 9800 457 661678 768 229 498 380 4400 4400 4400 0 0 0 0 0 1 0 1.0
213000 214000 2 1 179 9797 499 722213 768 228 498 381 4400 4400 4400 0 128 128 128 0 1 1 0.0
214000 215000 2 1 165 8825 465 672656 769 225 497 384 0 0 0 0 0 0 0 0 0 0 1.0
215000 216000 2 1 123 7179 349 500107 773 222 498 389 4400 4400 4400 0 128 128 128 0 1 1 0.0
216000 217000 2 1 185 10110 497 721703 774 221 497 391 0 0 0 0 128 128 128 0 0 1 1.0
217000 218000 2 1 163 9542 443 640616 773 219 496 391 4400 4400 4400 0 0 0 0 0 1 0 0.0
218000 219000 2 1 185 10635 506 734544 779 217 498 396 4400 4400 4400 0 128 128 128 0 1 1 1.0
219000 220000 2 1 164 8228 455 657362 781 216 498 399 0 0 0 0 0 0 0 0 0 0 0.0
220000 221000 2 1 138 7777 337 484370 756 190 473 400 4400 4400 4400 0 128 128 128 0 1 1 1.0
221000 222000 2 1 154 8909 440 631722 808 188 498 438 0 0 0 0 0 0 0 0 0 0 0.0
222000 223000 2 1 148 8974 391 564133 811 186 498 442 4400 4400 4400 0 128 128 128 0 1 1 1.0
223000 224000 2 1 170 8515 457 663460 811 185 498 443 0 0 0 0 0 0 0 0 0 0 0.0
224000 225000 2 1 90 5134 234 336412 806 184 495 440 4400 4400 4400 0 128 128 128 0 1 1 1.0
225000 226000 2 1 178 10104 492 710636 815 177 496 450 0 0 0 0 0 0 0 0 0 0 0.0
226000 227000 2 1 179 10429 487 706668 821 177 499 455 4400 4400 4400 0 128 128 128 0 1 1 1.0
227000 228000 2 1 170 8840 410 595601 806 176 491 445 0 0 0 0 0 0 0 0 0 0 0.0
228000 229000 2 1 88 5925 199 285197 823 173 498 459 4400 4400 4400 0 128 128 128 0 1 1 1.0
229000 230000 2 1 194 9946 518 752269 824 170 497 462 0 0 0 0 0 0 0 0 0 0 0.0
230000 231000 2 1 179 10343 487 703388 828 166 497 468 4400 4400 4400 0 128 128 128 0 1 1 1.0
231000 232000 1 1 136 6700 347 503575 737 737 737 0 0 0 0 0 0 0 0 0 0 0 0.0
232000 233000 1 1 57 3575 168 243274 408 408 408 0 4400 4400 4400 0 128 128 128 0 1 1 1.0
233000 234000 2 1 160 9446 444 641376 591 405 498 131 0 0 0 0 0 0 0 0 0 0 0.0
234000 235000 2 1 180 9907 488 708655 592 401 497 135 4400 4400 4400 0 128 128 128 0 1 1 1.0
235000 236000 2 1 181 9860 506 733863 597 400 499 139 0 0 0 0 0 0 0 0 0 0 0.0
236000 237000 2 1 192 10641 521 756211 597 399 498 139 4400 4400 4400 0 128 128 128 0 1 1 1.0
237000 238000 2 1 155 8526 399 578058 596 397 497 140 0 0 0 0 0 0 0 0 0 0 0.0
238000 239000 2 1 131 7390 351 507954 599 395 497 144 4400 4400 4400 0 128 128 128 0 1 1 1.0
239000 240000 2 1 182 9885 518 752259 601 393 497 146 4400 4400 4400 0 128 128 128 0 1 1 0.0
240000 241000 2 1 185 10357 485 702450 602 393 498 147 0 0 0 0 0 0 0 0 0 0 1.0
241000 242000 1 1 85 4658 215 312525 452 452 452 0 0 0 0 0 0 0 0 0 0 0 0.0
242000 243000 1 1 17 1055 47 68570 116 116 116 0 4400 4400 4400 0 128 128 128 0 1 1 1.0
243000 244000 2 1 153 9413 419 606545 883 115 499 542 0 0 0 0 0 0 0 0 0 0 0.0
244000 245000 2 1 198 11646 512 736038 881 112 497 543 4400 4400 4400 0 128 128 128 0 1 1 1.0
245000 246000 2 1 191 10128 543 787861 885 111 498 547 0 0 0 0 128 128 128 0 0 1 0.0
246000 247000 2 1 192 10850 502 728391 886 109 498 549 4400 4400 4400 0 0 0 0 0 1 0 1.0
247000 248000 2 1 165 9436 434 624870 889 108 498 552 4400 4400 4400 0 128 128 128 0 1 1 0.0
248000 249000 1 1 59 3393 138 196823 831 831 831 0 0 0 0 0 0 0 0 0 0 0 1.0
249000 250000 1 1 60 4165 157 221272 409 409 409 0 4400 4400 4400 0 128 128 128 0 1 1 0.0
250000 251000 2 1 21 1815 62 88074 244 95 169 105 0 0 0 0 0 0 0 0 0 0 1.0
251000 252000 2 1 74 6001 200 285101 755 239 497 364 4400 4400 4400 0 128 128 128 0 3 3 0.0
252000 253000 2 1 208 13491 491 710850 759 239 499 367 0 0 0 0 0 0 0 0 0 0 1.0
253000 254000 2 1 172 9867 431 623991 709 158 433 389 4400 4400 4400 0 128 128 128 0 1 1 0.0
254000 255000 2 1 190 9970 538 781179 840 153 496 485 0 0 0 0 0 0 0 0 0 0 1.0
255000 256000 1 1 96 5000 222 320406 476 476 476 0 0 0 0 0 0 0 0 0 0 0 0.0
256000 257000 1 1 41 2677 100 144720 243 243 243 0 4400 4400 4400 0 128 128 128 0 1 1 1.0
257000 258000 2 1 172 10784 430 620258 754 242 498 362 0 0 0 0 128 128 128 0 0 1 0.0
258000 259000 2 1 170 9447 454 657642 756 188 472 401 4400 4400 4400 0 0 0 0 0 1 0 1.0
259000 260000 2 1 166 9087 447 647238 810 187 498 441 0 0 0 0 128 128 128 0 0 1 0.0
260000 261000 2 1 184 10403 491 710150 810 186 498 441 4400 4400 4400 0 0 0 0 0 1 0 1.0
261000 262000 2 1 188 10037 502 729398 812 185 499 443 4400 4400 4400 0 128 128 128 0 1 1 0.0
262000 263000 2 1 177 9935 451 653677 813 181 497 447 0 0 0 0 128 128 128 0 0 1 1.0
263000 264000 2 1 183 10322 477 690080 818 179 498 452 4400 4400 4400 0 0 0 0 0 1 0 0.0
264000 265000 2 1 181 9514 519 753419 819 174 496 456 0 0 0 0 0 0 0 0 0 0 1.0
265000 266000 2 1 168 9317 486 703717 825 169 497 463 4400 4400 4400 0 128 128 128 0 1 1 0.0
266000 267000 2 1 171 9124 457 657453 830 169 499 467 4400 4400 4400 0 128 128 128 0 1 1 1.0
267000 268000 2 1 157 9083 383 549448 828 165 496 468 0 0 0 0 0 0 0 0 0 0 0.0
268000 269000 2 1 172 10175 440 630466 832 144 488 486 4400 4400 4400 0 128 128 128 0 1 1 1.0
269000 270000 2 1 175 8942 495 714561 854 143 498 502 0 0 0 0 0 0 0 0 0 0 0.0
270000 271000 2 1 133 8630 283 398544 840 1 420 593 4400 4400 4400 0 128 128 128 0 1 1 1.0
271000 272000 1 1 161 8048 452 655520 994 994 994 0 0 0 0 0 0 0 0 0 0 0 0.0
272000 273000 1 1 178 10810 425 613112 999 999 999 0 4400 4400 4400 0 128 128 128 0 1 1 1.0
273000 274000 1 1 195 9617 535 776820 998 998 998 0 0 0 0 0 0 0 0 0 0 0 0.0
274000 275000 1 1 177 10995 465 671507 997 997 997 0 4400 4400 4400 0 128 128 128 0 1 1 1.0
275000 276000 1 1 173 8287 511 741382 995 995 995 0 0 0 0 0 0 0 0 0 0 0 0.0
276000 277000 1 1 29 3407 46 57624 996 996 996 0 4400 4400 4400 0 128 128 128 0 1 1 1.0
277000 278000 2 1 193 9560 541 786624 995 2 499 701 0 0 0 0 0 0 0 0 0 0 0.0
278000 279000 2 1 175 10326 431 626502 993 4 498 699 4400 4400 4400 0 128 128 128 0 1 1 1.0
279000 280000 2 1 186 9113 515 749130 992 4 498 698 0 0 0 0 0 0 0 0 0 0 0.0
280000 281000 2 1 42 4031 83 109527 992 3 497 699 4400 4400 4400 0 128 128 128 0 1 1 1.0
281000 282000 2 1 188 9333 532 773158 991 1 496 699 0 0 0 0 0 0 0 0 0 0 0.0
282000 283000 2 1 177 10624 516 750044 991 6 499 696 4400 4400 4400 0 128 128 128 0 1 1 1.0
283000 284000 2 1 174 8364 428 621350 990 7 498 694 0 0 0 0 0 0 0 0 0 0 0.0
284000 285000 2 1 193 11662 509 740143 988 9 499 692 4400 4400 4400 0 128 128 128 0 1 1 1.0
285000 286000 2 1 142 7064 367 529209 785 8 396 549 0 0 0 0 0 0 0 0 0 0 0.0
286000 287000 1 1 151 9166 448 649193 908 908 908 0 4400 4400 4400 0 128 128 128 0 1 1 1.0
287000 288000 2 1 127 7208 305 441127 905 88 497 577 0 0 0 0 0 0 0 0 0 0 0.0
288000 289000 2 1 146 8369 416 603111 905 90 498 575 4400 4400 4400 0 128 128 128 0 1 1 1.0
289000 290000 2 1 163 8312 399 573682 739 92 415 457 0 0 0 0 0 0 0 0 0 0 0.0
290000 291000 1 1 38 2339 113 164201 242 242 242 0 4400 4400 4400 0 128 128 128 0 1 1 1.0
291000 292000 2 1 149 8853 431 621760 756 240 498 365 0 0 0 0 0 0 0 0 0 0 0.0
292000 293000 2 1 120 6628 327 473147 759 175 467 412 4400 4400 4400 0 128 128 128 0 1 1 1.0
293000 294000 2 1 179 10165 507 732409 823 172 497 460 0 0 0 0 0 0 0 0 0 0 0.0
294000 295000 2 1 197 11667 516 748927 827 172 499 463 4400 4400 4400 0 128 128 128 0 1 1 1.0
295000 296000 2 1 200 10802 518 752262 826 167 497 465 4400 4400 4400 0 128 128 128 0 1 1 0.0
296000 297000 2 1 184 10251 506 732773 831 164 497 471 0 0 0 0 0 0 0 0 0 0 1.0
297000 298000 2 1 169 9433 474 686415 835 163 499 474 4400 4400 4400 0 128 128 128 0 1 1 0.0
298000 299000 2 1 153 9123 439 636605 835 158 496 478 0 0 0 0 0 0 0 0 0 0 1.0
299000 300000 1 1 69 5950 144 205799 333 333 333 0 0 0 0 0 0 0 0 0 0 0 0.0
300000 301000 0 0 0 0 0 0 0 0 0 0 0 0 0 0 0 0 0 0 0 0 
