ts te nbins ncons c_pkts_all c_bytes_all s_pkts_all s_bytes_all max_bin min_bin avg_bin std_bin max_vid min_vid avg_vid std_vid max_aud min_aud avg_aud std_aud num_vid num_aud num_mfs
0 1000 0 0 0 0 0 0 0 0 0 0 0 0 0 0 0 0 0 0 0 0 
1000 2000 0 0 0 0 0 0 0 0 0 0 0 0 0 0 0 0 0 0 0 0 
2000 3000 0 0 0 0 0 0 0 0 0 0 0 0 0 0 0 0 0 0 0 0 
3000 4000 0 0 0 0 0 0 0 0 0 0 0 0 0 0 0 0 0 0 0 0 
4000 5000 0 0 0 0 0 0 0 0 0 0 0 0 0 0 0 0 0 0 0 0 
5000 6000 1 1 12 1203 33 47376 82 82 82 0 0 0 0 0 0 0 0 0 0 0 1.0
6000 7000 2 1 154 14192 408 579737 915 82 499 588 2300 2300 2300 0 128 128 128 0 2 2 0.0
7000 8000 2 1 172 11015 476 677787 913 80 497 588 1500 1500 1500 0 128 128 128 0 3 3 0.0
8000 9000 2 1 135 8482 331 468415 784 4 394 552 1500 1500 1500 0 0 0 0 0 1 0 1.0
9000 10000 2 1 159 10313 438 628421 994 2 498 701 1500 1500 1500 0 128 128 128 0 1 2 0.0
10000 11000 1 1 194 11665 459 661941 995 995 995 0 1500 1500 1500 0 128 128 128 0 1 1 1.0
11000 12000 1 1 187 11473 501 720704 998 998 998 0 1500 1500 1500 0 128 128 128 0 2 2 0.0
12000 13000 1 1 160 10445 397 573293 998 998 998 0 1500 1500 1500 0 128 128 128 0 2 1 1.0
13000 14000 1 1 121 7329 288 412658 604 604 604 0 0 0 0 0 128 128 128 0 0 2 0.0
14000 15000 1 1 134 9263 375 537422 884 884 884 0 4400 4400 4400 0 128 128 128 0 2 2 1.0
15000 16000 2 1 159 9484 445 643125 879 114 496 540 4400 4400 4400 0 128 128 128 0 1 1 0.0
16000 17000 2 1 180 8555 508 738027 878 119 498 537 0 0 0 0 0 0 0 0 0 0 1.0
17000 18000 2 1 78 4167 191 274283 878 118 498 537 0 0 0 0 0 0 0 0 0 0 0.0
18000 19000 2 1 128 7124 383 551647 817 115 466 496 4400 4400 4400 0 128 128 128 0 1 1 1.0
19000 20000 2 1 173 10031 463 666024 816 178 497 450 4400 4400 4400 0 128 128 128 0 1 1 0.0
20000 21000 2 1 197 10368 515 747948 816 179 497 450 0 0 0 0 0 0 0 0 0 0 1.0
21000 22000 2 1 131 6865 332 479364 813 183 498 445 0 0 0 0 0 0 0 0 0 0 0.0
22000 23000 2 1 124 7077 332 477442 736 172 454 398 4400 4400 4400 0 128 128 128 0 1 1 1.0
23000 24000 2 1 144 8375 397 571823 676 155 415 368 0 0 0 0 128 128 128 0 0 1 0.0
24000 25000 2 1 180 9025 515 746013 675 319 497 251 4400 4400 4400 0 0 0 0 0 1 0 1.0
25000 26000 2 1 187 10323 504 730782 674 323 498 247 4400 4400 4400 0 128 128 128 0 1 1 0.0
26000 27000 2 1 193 9874 508 737056 673 324 499 246 0 0 0 0 0 0 0 0 0 0 1.0
27000 28000 2 1 120 6973 332 480859 673 321 497 248 4400 4400 4400 0 128 128 128 0 1 1 0.0
28000 29000 2 1 155 7930 428 621285 673 321 497 248 0 0 0 0 0 0 0 0 0 0 1.0
29000 30000 2 1 193 10441 512 744396 671 326 498 244 4400 4400 4400 0 128 128 128 0 1 1 0.0
30000 31000 2 1 186 9540 470 678386 626 322 474 214 0 0 0 0 0 0 0 0 0 0 1.0
31000 32000 1 1 117 6777 343 498497 648 648 648 0 4400 4400 4400 0 128 128 128 0 1 1 0.0
32000 33000 2 1 185 9581 461 667168 604 349 476 180 0 0 0 0 0 0 0 0 0 0 1.0
33000 34000 1 1 118 6798 331 480922 643 643 643 0 4400 4400 4400 0 128 128 128 0 1 1 0.0
34000 35000 2 1 132 7796 347 501421 638 355 497 199 0 0 0 0 0 0 0 0 0 0 1.0
35000 36000 2 1 142 7447 407 591133 587 360 474 160 4400 4400 4400 0 128 128 128 0 1 1 0.0
36000 37000 2 1 131 7179 361 522624 587 412 499 123 0 0 0 0 0 0 0 0 0 0 1.0
37000 38000 2 1 125 6745 362 524205 586 408 497 125 4400 4400 4400 0 128 128 128 0 1 1 0.0
38000 39000 2 1 134 7216 358 517346 584 412 498 121 0 0 0 0 0 0 0 0 0 0 1.0
39000 40000 2 1 130 7069 338 488099 544 404 474 99 4400 4400 4400 0 128 128 128 0 1 1 0.0
40000 41000 2 1 169 9062 456 661363 542 455 498 61 0 0 0 0 128 128 128 0 0 1 1.0
41000 42000 2 1 189 9839 517 752075 542 457 499 59 4400 4400 4400 0 0 0 0 0 1 0 0.0
42000 43000 2 1 180 9371 512 744092 540 457 499 58 4400 4400 4400 0 128 128 128 0 1 1 1.0
43000 44000 2 1 169 8747 471 683875 539 458 499 57 0 0 0 0 0 0 0 0 0 0 0.0
44000 45000 2 1 150 8058 389 562039 539 459 499 56 4400 4400 4400 0 128 128 128 0 1 1 1.0
45000 46000 2 1 154 8418 412 592707 537 459 498 55 0 0 0 0 0 0 0 0 0 0 0.0
46000 47000 2 1 79 4260 224 323453 325 145 235 127 4400 4400 4400 0 128 128 128 0 1 1 1.0
47000 48000 2 1 167 9545 478 693854 854 144 499 501 0 0 0 0 0 0 0 0 0 0 0.0
48000 49000 2 1 178 10329 496 718494 853 140 496 504 4400 4400 4400 0 128 128 128 0 1 1 1.0
49000 50000 2 1 165 8217 441 639400 859 140 499 508 0 0 0 0 0 0 0 0 0 0 0.0
50000 51000 2 1 172 10201 447 646686 855 139 497 506 4400 4400 4400 0 128 128 128 0 1 1 1.0
51000 52000 2 1 154 7678 447 648881 859 133 496 513 0 0 0 0 0 0 0 0 0 0 0.0
52000 53000 2 1 46 3950 97 135459 856 102 479 533 4400 4400 4400 0 128 128 128 0 1 1 1.0
53000 54000 2 1 180 8855 515 747839 895 101 498 561 0 0 0 0 0 0 0 0 0 0 0.0
54000 55000 2 1 171 10289 440 637271 896 101 498 561 4400 4400 4400 0 128 128 128 0 1 1 1.0
55000 56000 2 1 182 9193 505 732127 897 100 499 562 0 0 0 0 0 0 0 0 0 0 0.0
56000 57000 2 1 153 9087 431 616385 898 96 497 567 4400 4400 4400 0 128 128 128 0 1 1 1.0
57000 58000 2 1 178 8935 455 659589 903 79 491 582 0 0 0 0 0 0 0 0 0 0 0.0
58000 59000 2 1 107 7069 314 450592 916 78 497 592 4400 4400 4400 0 128 128 128 0 1 1 1.0
59000 60000 1 1 154 7682 388 560787 813 813 813 0 0 0 0 0 0 0 0 0 0 0 0.0
60000 61000 1 1 128 8045 367 528443 884 884 884 0 4400 4400 4400 0 128 128 128 0 1 1 1.0
61000 62000 2 1 153 8063 425 616499 882 113 497 543 0 0 0 0 0 0 0 0 0 0 0.0
62000 63000 2 1 168 9271 474 684102 880 114 497 541 4400 4400 4400 0 128 128 128 0 1 1 1.0
63000 64000 2 1 170 9190 404 577954 879 118 498 537 0 0 0 0 0 0 0 0 0 0 0.0
64000 65000 2 1 118 7041 329 469837 836 115 476 510 4400 4400 4400 0 128 128 128 0 1 1 1.0
65000 66000 2 1 178 10694 473 685214 836 162 499 476 0 0 0 0 128 128 128 0 0 1 0.0
66000 67000 2 1 167 8487 406 584215 835 158 496 479 4400 4400 4400 0 0 0 0 0 1 0 1.0
67000 68000 2 1 189 11240 478 691254 835 157 496 479 4400 4400 4400 0 128 128 128 0 1 1 0.0
68000 69000 2 1 183 9226 469 675458 833 162 498 474 0 0 0 0 0 0 0 0 0 0 1.0
69000 70000 2 1 52 2786 142 205250 162 147 155 10 4400 4400 4400 0 128 128 128 0 1 1 0.0
70000 71000 2 1 155 9320 447 647200 852 141 497 502 0 0 0 0 0 0 0 0 0 0 1.0
71000 72000 2 1 164 9215 424 610517 800 134 467 470 4400 4400 4400 0 128 128 128 0 1 1 0.0
72000 73000 2 1 172 8928 525 762749 862 131 497 517 0 0 0 0 0 0 0 0 0 0 1.0
73000 74000 2 1 184 10174 507 737569 865 130 497 519 4400 4400 4400 0 128 128 128 0 1 1 0.0
74000 75000 2 1 170 8885 481 699082 868 129 499 522 0 0 0 0 0 0 0 0 0 0 1.0
75000 76000 2 1 117 6899 306 441727 870 127 498 525 4400 4400 4400 0 128 128 128 0 1 1 0.0
76000 77000 2 1 178 9496 470 682799 871 126 498 526 0 0 0 0 0 0 0 0 0 0 1.0
77000 78000 2 1 68 4678 149 212981 853 109 481 525 4400 4400 4400 0 128 128 128 0 1 1 0.0
78000 79000 2 1 183 9758 535 777528 889 107 498 552 0 0 0 0 0 0 0 0 0 0 1.0
79000 80000 2 1 172 9599 493 711244 887 107 497 551 4400 4400 4400 0 128 128 128 0 1 1 0.0
80000 81000 2 1 189 10182 482 699853 887 106 496 551 0 0 0 0 0 0 0 0 0 0 1.0
81000 82000 2 1 103 6279 307 443717 892 100 496 560 4400 4400 4400 0 128 128 128 0 1 1 0.0
82000 83000 2 1 182 9792 489 709409 898 95 496 568 0 0 0 0 0 0 0 0 0 0 1.0
83000 84000 2 1 104 6314 281 403463 903 90 497 574 4400 4400 4400 0 128 128 128 0 1 1 0.0
84000 85000 2 1 173 9196 440 638268 907 90 499 577 0 0 0 0 0 0 0 0 0 0 1.0
85000 86000 2 1 191 11006 503 727375 906 89 497 577 4400 4400 4400 0 128 128 128 0 1 1 0.0
86000 87000 1 1 131 6937 345 496419 720 720 720 0 0 0 0 0 0 0 0 0 0 0 1.0
87000 88000 1 1 118 7129 339 493026 643 643 643 0 4400 4400 4400 0 128 128 128 0 1 1 0.0
88000 89000 2 1 192 11122 525 760518 643 353 498 205 0 0 0 0 128 128 128 0 0 1 1.0
89000 90000 2 1 195 10606 465 675175 643 354 499 204 4400 4400 4400 0 0 0 0 0 1 0 0.0
90000 91000 2 1 164 9238 411 594970 642 354 498 203 4400 4400 4400 0 128 128 128 0 1 1 1.0
91000 92000 2 1 181 9955 485 703947 641 357 499 200 0 0 0 0 0 0 0 0 0 0 0.0
92000 93000 2 1 123 7129 348 501992 638 358 498 197 4400 4400 4400 0 128 128 128 0 1 1 1.0
93000 94000 2 1 157 8653 418 604969 638 358 498 197 0 0 0 0 0 0 0 0 0 0 0.0
94000 95000 2 1 162 9065 433 627957 637 359 498 196 4400 4400 4400 0 128 128 128 0 1 1 1.0
95000 96000 2 1 174 9560 443 640044 635 362 499 193 0 0 0 0 0 0 0 0 0 0 0.0
96000 97000 2 1 94 5131 236 342025 337 143 240 137 4400 4400 4400 0 128 128 128 0 1 1 1.0
97000 98000 2 1 197 11277 520 756188 856 137 496 508 0 0 0 0 0 0 0 0 0 0 0.0
98000 99000 2 1 181 10631 483 700294 861 132 496 515 4400 4400 4400 0 128 128 128 0 1 1 1.0
99000 100000 2 1 184 9534 487 706418 867 127 497 523 0 0 0 0 0 0 0 0 0 0 0.0
100000 101000 2 1 118 7571 329 470554 870 123 497 527 4400 4400 4400 0 128 128 128 0 1 1 1.0
101000 102000 2 1 182 9124 515 747780 873 123 498 530 0 0 0 0 0 0 0 0 0 0 0.0
102000 103000 2 1 174 10155 477 689510 875 120 498 533 4400 4400 4400 0 128 128 128 0 1 1 1.0
103000 104000 2 1 166 8558 398 577792 878 119 498 536 0 0 0 0 0 0 0 0 0 0 0.0
104000 105000 2 1 86 5932 269 383887 879 115 497 540 4400 4400 4400 0 128 128 128 0 1 1 1.0
105000 106000 2 1 187 9507 503 729587 883 114 498 544 0 0 0 0 0 0 0 0 0 0 0.0
106000 107000 2 1 138 8471 379 543853 883 113 498 544 4400 4400 4400 0 128 128 128 0 1 1 1.0
107000 108000 1 1 159 7995 379 548396 797 797 797 0 0 0 0 0 0 0 0 0 0 0 0.0
108000 109000 1 1 128 7992 345 498771 884 884 884 0 4400 4400 4400 0 128 128 128 0 1 1 1.0
109000 110000 2 1 177 10781 455 658166 883 115 499 543 4400 4400 4400 0 128 128 128 0 1 1 0.0
110000 111000 2 1 174 8579 527 765841 883 114 498 543 0 0 0 0 0 0 0 0 0 0 1.0
111000 112000 2 1 112 6344 258 373301 881 114 497 542 0 0 0 0 0 0 0 0 0 0 0.0
112000 113000 2 1 146 8256 420 606142 835 117 476 508 4400 4400 4400 0 128 128 128 0 1 1 1.0
113000 114000 2 1 151 9234 399 574136 834 163 499 474 4400 4400 4400 0 128 128 128 0 1 1 0.0
114000 115000 2 1 153 7593 460 667241 834 152 493 481 0 0 0 0 0 0 0 0 0 0 1.0
115000 116000 2 1 163 9634 448 645255 831 164 497 471 4400 4400 4400 0 128 128 128 0 1 1 0.0
116000 117000 2 1 183 9291 472 683886 830 167 499 468 0 0 0 0 0 0 0 0 0 0 1.0
117000 118000 2 1 57 4419 158 226995 829 143 486 485 4400 4400 4400 0 128 128 128 0 1 1 0.0
118000 119000 2 1 159 8043 466 676404 826 169 497 464 0 0 0 0 0 0 0 0 0 0 1.0
119000 120000 2 1 168 10016 451 652100 825 173 499 461 4400 4400 4400 0 128 128 128 0 1 1 0.0
120000 121000 2 1 182 9298 499 724272 822 171 496 460 0 0 0 0 0 0 0 0 0 0 1.0
121000 122000 2 1 60 2925 149 213545 184 176 180 6 0 0 0 0 0 0 0 0 0 0 0.0
122000 123000 1 1 25 1554 71 103256 170 170 170 0 4400 4400 4400 0 128 128 128 0 1 1 1.0
123000 124000 2 1 156 9509 431 623049 828 168 498 467 0 0 0 0 128 128 128 0 0 1 0.0
124000 125000 2 1 194 11334 500 725769 825 168 496 465 4400 4400 4400 0 0 0 0 0 1 0 1.0
125000 126000 2 1 193 10310 521 757439 831 163 497 472 0 0 0 0 128 128 128 0 0 1 0.0
126000 127000 2 1 173 9724 449 651341 835 160 498 477 4400 4400 4400 0 0 0 0 0 1 0 1.0
127000 128000 2 1 124 7723 317 457966 839 159 499 480 4400 4400 4400 0 128 128 128 0 1 1 0.0
128000 129000 2 1 188 12204 483 695898 840 153 496 485 4400 4400 4400 0 128 128 128 0 2 2 1.0
129000 130000 2 1 196 11075 496 718481 844 151 498 490 4400 4400 4400 0 128 128 128 0 1 1 0.0
130000 131000 2 1 186 10072 486 706140 847 150 499 492 0 0 0 0 0 0 0 0 0 0 1.0
131000 132000 2 1 134 7745 344 495518 846 150 498 492 4400 4400 4400 0 128 128 128 0 1 1 0.0
132000 133000 2 1 183 9697 504 730990 849 149 499 494 4400 4400 4400 0 0 0 0 0 1 0 1.0
133000 134000 2 1 166 9582 419 603701 850 145 498 498 0 0 0 0 128 128 128 0 0 1 0.0
134000 135000 2 1 175 10498 367 530656 849 90 469 536 4400 4400 4400 0 128 128 128 0 1 1 1.0
135000 136000 2 1 190 9598 523 758214 908 85 497 582 0 0 0 0 0 0 0 0 0 0 0.0
136000 137000 1 1 87 4772 216 311850 468 468 468 0 0 0 0 0 0 0 0 0 0 0 1.0
137000 138000 1 1 120 7243 333 483943 641 641 641 0 4400 4400 4400 0 128 128 128 0 1 1 0.0
138000 139000 2 1 188 10862 518 751044 640 357 498 200 4400 4400 4400 0 128 128 128 0 1 1 1.0
139000 140000 2 1 171 9172 468 679963 637 358 498 197 0 0 0 0 0 0 0 0 0 0 0.0
140000 141000 2 1 172 9407 456 655403 636 355 496 198 4400 4400 4400 0 128 128 128 0 1 1 1.0
141000 142000 2 1 181 9782 469 674655 634 359 496 194 0 0 0 0 0 0 0 0 0 0 0.0
142000 143000 2 1 63 3420 171 247217 216 143 180 51 4400 4400 4400 0 128 128 128 0 1 1 1.0
143000 144000 2 1 163 9332 478 693175 855 143 499 503 0 0 0 0 0 0 0 0 0 0 0.0
144000 145000 2 1 173 9979 487 704417 852 141 497 502 4400 4400 4400 0 128 128 128 0 1 1 1.0
145000 146000 2 1 156 7769 404 585897 849 135 492 504 0 0 0 0 0 0 0 0 0 0 0.0
146000 147000 2 1 76 5347 215 309085 848 116 482 517 4400 4400 4400 0 128 128 128 0 1 1 1.0
147000 148000 2 1 185 9217 536 777869 881 116 498 540 0 0 0 0 0 0 0 0 0 0 0.0
148000 149000 2 1 179 10477 493 713321 880 116 498 540 4400 4400 4400 0 128 128 128 0 1 1 1.0
149000 150000 2 1 183 9301 487 707130 881 115 498 541 0 0 0 0 0 0 0 0 0 0 0.0
150000 151000 2 1 121 7539 346 493582 882 111 497 545 4400 4400 4400 0 128 128 128 0 1 1 1.0
151000 152000 2 1 169 8272 430 623492 886 109 498 549 0 0 0 0 0 0 0 0 0 0 0.0
152000 153000 2 1 126 7940 336 481552 889 108 499 552 4400 4400 4400 0 128 128 128 0 1 1 1.0
153000 154000 2 1 176 8815 488 708457 888 107 497 552 0 0 0 0 0 0 0 0 0 0 0.0
154000 155000 2 1 125 7791 347 496198 892 100 496 559 4400 4400 4400 0 128 128 128 0 1 1 1.0
155000 156000 1 1 162 8063 403 582637 837 837 837 0 0 0 0 0 0 0 0 0 0 0 0.0
156000 157000 1 1 124 7678 357 513227 880 880 880 0 4400 4400 4400 0 128 128 128 0 1 1 1.0
157000 158000 2 1 155 8981 406 584999 877 117 497 536 4400 4400 4400 0 0 0 0 0 1 0 0.0
158000 159000 2 1 185 9716 528 767174 875 119 497 535 0 0 0 0 128 128 128 0 0 1 1.0
159000 160000 2 1 130 8291 356 514107 875 124 499 531 4400 4400 4400 0 128 128 128 0 1 1 0.0
160000 161000 2 1 192 9789 494 717123 873 119 496 533 0 0 0 0 0 0 0 0 0 0 1.0
161000 162000 2 1 89 4899 219 316795 871 125 498 527 0 0 0 0 0 0 0 0 0 0 0.0
162000 163000 2 1 136 7814 379 546742 825 117 471 500 4400 4400 4400 0 128 128 128 0 1 1 1.0
163000 164000 2 1 178 10407 496 716876 821 172 497 458 4400 4400 4400 0 128 128 128 0 1 1 0.0
164000 165000 2 1 182 9128 516 748905 818 177 498 453 0 0 0 0 0 0 0 0 0 0 1.0
165000 166000 2 1 106 6692 302 434290 818 178 498 452 4400 4400 4400 0 128 128 128 0 1 1 0.0
166000 167000 2 1 173 8819 449 652303 816 181 498 448 0 0 0 0 0 0 0 0 0 0 1.0
167000 168000 2 1 156 9075 430 624610 815 181 498 448 4400 4400 4400 0 128 128 128 0 1 1 0.0
168000 169000 2 1 177 8888 484 702988 813 180 497 447 0 0 0 0 0 0 0 0 0 0 1.0
169000 170000 2 1 42 2581 98 138388 809 184 497 442 0 0 0 0 0 0 0 0 0 0 0.0
170000 171000 2 1 145 8206 411 595241 806 167 486 451 4400 4400 4400 0 128 128 128 0 1 1 1.0
171000 172000 2 1 179 10486 508 736555 805 192 498 433 4400 4400 4400 0 128 128 128 0 1 1 0.0
172000 173000 2 1 182 9196 464 674330 805 193 499 432 0 0 0 0 0 0 0 0 0 0 1.0
173000 174000 2 1 192 11037 500 722771 800 194 497 428 4400 4400 4400 0 128 128 128 0 1 1 0.0
174000 175000 2 1 186 9660 477 689484 799 199 499 424 0 0 0 0 0 0 0 0 0 0 1.0
175000 176000 2 1 99 5991 316 458181 648 12 330 449 4400 4400 4400 0 128 128 128 0 1 1 0.0
176000 177000 2 1 178 9477 451 651180 639 348 494 205 0 0 0 0 0 0 0 0 0 0 1.0
177000 178000 1 1 93 5704 279 404340 641 641 641 0 4400 4400 4400 0 128 128 128 0 1 1 0.0
178000 179000 2 1 138 8132 388 561339 636 356 496 198 0 0 0 0 0 0 0 0 0 0 1.0
179000 180000 2 1 163 8733 456 661783 614 352 483 184 4400 4400 4400 0 128 128 128 0 1 1 0.0
180000 181000 2 1 146 8495 369 534820 613 384 498 161 0 0 0 0 0 0 0 0 0 0 1.0
181000 182000 2 1 146 8076 408 590001 609 353 481 181 4400 4400 4400 0 128 128 128 0 1 1 0.0
182000 183000 2 1 180 9914 497 719461 607 389 498 153 4400 4400 4400 0 0 0 0 0 1 0 1.0
183000 184000 2 1 181 9682 503 729424 606 390 498 152 0 0 0 0 128 128 128 0 0 1 0.0
184000 185000 2 1 156 8752 414 600372 605 390 497 152 4400 4400 4400 0 128 128 128 0 1 1 1.0
185000 186000 2 1 179 9950 453 657284 600 393 497 146 0 0 0 0 0 0 0 0 0 0 0.0
186000 187000 2 1 151 8599 388 563020 597 397 497 141 4400 4400 4400 0 128 128 128 0 1 1 1.0
187000 188000 2 1 162 8922 416 604081 597 398 498 140 0 0 0 0 0 0 0 0 0 0 0.0
188000 189000 2 1 135 7635 369 535364 593 399 496 136 4400 4400 4400 0 128 128 128 0 1 1 1.0
189000 190000 2 1 145 7951 391 565430 591 403 497 132 0 0 0 0 0 0 0 0 0 0 0.0
190000 191000 2 1 92 4908 249 360793 367 148 258 154 4400 4400 4400 0 128 128 128 0 1 1 1.0
191000 192000 2 1 175 9892 518 752919 849 147 498 496 0 0 0 0 0 0 0 0 0 0 0.0
192000 193000 2 1 171 9952 481 696551 851 145 498 498 4400 4400 4400 0 128 128 128 0 1 1 1.0
193000 194000 2 1 185 9314 486 704013 853 144 499 501 0 0 0 0 0 0 0 0 0 0 0.0
194000 195000 2 1 136 8526 365 520762 854 144 499 502 4400 4400 4400 0 128 128 128 0 1 1 1.0
195000 196000 2 1 161 8068 440 639365 853 143 498 502 0 0 0 0 0 0 0 0 0 0 0.0
196000 197000 2 1 51 3714 115 161843 854 142 498 503 4400 4400 4400 0 128 128 128 0 1 1 1.0
197000 198000 2 1 181 9642 445 647132 854 142 498 503 0 0 0 0 0 0 0 0 0 0 0.0
198000 199000 2 1 178 10201 521 755922 853 141 497 503 4400 4400 4400 0 128 128 128 0 1 1 1.0
199000 200000 2 1 175 8651 493 715025 857 135 496 510 0 0 0 0 0 0 0 0 0 0 0.0
200000 201000 2 1 141 8433 399 570455 862 133 497 515 4400 4400 4400 0 128 128 128 0 1 1 1.0
201000 202000 2 1 174 8671 459 664916 866 127 496 522 0 0 0 0 0 0 0 0 0 0 0.0
202000 203000 2 1 97 6447 249 353643 870 122 496 529 4400 4400 4400 0 128 128 128 0 1 1 1.0
203000 204000 2 1 169 8279 442 639722 875 121 498 533 0 0 0 0 0 0 0 0 0 0 0.0
204000 205000 2 1 167 9787 455 651068 875 120 497 533 4400 4400 4400 0 128 128 128 0 1 1 1.0
205000 206000 2 1 181 9272 473 686222 875 117 496 535 0 0 0 0 0 0 0 0 0 0 0.0
206000 207000 2 1 113 7275 304 434021 880 117 498 539 4400 4400 4400 0 128 128 128 0 1 1 1.0
207000 208000 2 1 185 9375 471 684310 880 113 497 542 4400 4400 4400 0 0 0 0 0 1 0 0.0
208000 209000 2 1 118 7541 369 532027 885 110 498 547 0 0 0 0 128 128 128 0 0 1 1.0
209000 210000 2 1 166 9375 421 609323 850 84 467 541 4400 4400 4400 0 128 128 128 0 1 1 0.0
210000 211000 2 1 183 9773 505 733056 913 81 497 588 0 0 0 0 0 0 0 0 0 0 1.0
211000 212000 2 1 116 6873 306 441168 914 81 498 589 4400 4400 4400 0 128 128 128 0 1 1 0.0
212000 213000 2 1 161 8308 478 693116 914 79 497 590 0 0 0 0 0 0 0 0 0 0 1.0
213000 214000 1 1 114 5594 270 390940 739 739 739 0 0 0 0 0 0 0 0 0 0 0 0.0
214000 215000 1 1 139 8522 398 573126 883 883 883 0 4400 4400 4400 0 128 128 128 0 1 1 1.0
215000 216000 2 1 180 10745 507 735282 882 114 498 542 4400 4400 4400 0 128 128 128 0 1 1 0.0
216000 217000 2 1 186 9317 506 735559 882 113 497 543 0 0 0 0 0 0 0 0 0 0 1.0
217000 218000 2 1 74 5336 207 296353 880 113 497 542 4400 4400 4400 0 128 128 128 0 1 1 0.0
218000 219000 2 1 163 8007 473 687062 879 116 498 539 0 0 0 0 0 0 0 0 0 0 1.0
219000 220000 2 1 187 10879 510 740858 879 114 496 540 4400 4400 4400 0 128 128 128 0 1 1 0.0
220000 221000 2 1 192 9705 479 693022 879 120 499 536 0 0 0 0 0 0 0 0 0 0 1.0
221000 222000 2 1 43 2389 117 170739 141 95 118 32 4400 4400 4400 0 128 128 128 0 1 1 0.0
222000 223000 2 1 174 10268 501 727385 856 136 496 508 0 0 0 0 0 0 0 0 0 0 1.0
223000 224000 2 1 167 9284 454 657738 861 136 498 512 4400 4400 4400 0 128 128 128 0 1 1 0.0
224000 225000 2 1 187 9849 511 742792 863 132 498 516 0 0 0 0 0 0 0 0 0 0 1.0
225000 226000 2 1 166 9142 471 680145 864 131 497 517 4400 4400 4400 0 128 128 128 0 1 1 0.0
226000 227000 1 1 145 7679 359 519511 764 764 764 0 0 0 0 0 0 0 0 0 0 0 1.0
227000 228000 1 1 111 6589 312 454009 651 651 651 0 4400 4400 4400 0 128 128 128 0 1 1 0.0
228000 229000 2 1 157 8617 443 641970 651 344 497 216 4400 4400 4400 0 0 0 0 0 1 0 1.0
229000 230000 2 1 182 10032 486 705057 650 348 499 213 0 0 0 0 128 128 128 0 0 1 0.0
230000 231000 2 1 121 7352 288 418162 649 346 498 214 0 0 0 0 0 0 0 0 0 0 1.0
231000 232000 2 1 146 8001 395 573217 619 350 484 190 4400 4400 4400 0 128 128 128 0 1 1 0.0
232000 233000 2 1 174 9448 489 710172 615 378 497 167 4400 4400 4400 0 0 0 0 0 1 0 1.0
233000 234000 2 1 158 8468 443 641652 612 382 497 162 0 0 0 0 128 128 128 0 0 1 0.0
234000 235000 2 1 157 8636 426 616276 610 387 498 157 4400 4400 4400 0 128 128 128 0 1 1 1.0
235000 236000 2 1 174 9385 466 674974 609 389 499 155 0 0 0 0 0 0 0 0 0 0 0.0
236000 237000 2 1 136 7658 367 530829 603 389 496 151 4400 4400 4400 0 128 128 128 0 1 1 1.0
237000 238000 2 1 152 8253 392 566819 602 394 498 146 0 0 0 0 0 0 0 0 0 0 0.0
238000 239000 2 1 122 6892 346 499857 599 380 490 155 4400 4400 4400 0 128 128 128 0 1 1 1.0
239000 240000 2 1 152 8360 423 613284 595 398 496 139 0 0 0 0 0 0 0 0 0 0 0.0
240000 241000 2 1 139 7928 371 531505 595 402 499 136 4400 4400 4400 0 128 128 128 0 1 1 1.0
241000 242000 2 1 158 8801 407 587104 588 404 496 129 0 0 0 0 0 0 0 0 0 0 0.0
242000 243000 2 1 173 10437 449 651124 587 410 499 125 4400 4400 4400 0 128 128 128 0 1 1 1.0
243000 244000 2 1 136 9718 342 490327 584 410 497 122 4400 4400 4400 0 128 128 128 0 2 2 0.0
244000 245000 2 1 156 8966 413 595398 584 414 499 120 4400 4400 4400 0 128 128 128 0 1 1 1.0
245000 246000 2 1 139 7790 355 508338 582 412 497 120 0 0 0 0 0 0 0 0 0 0 0.0
246000 247000 2 1 135 7407 373 539342 560 302 431 182 4400 4400 4400 0 128 128 128 0 1 1 1.0
247000 248000 2 1 183 10367 489 708658 558 439 498 84 0 0 0 0 0 0 0 0 0 0 0.0
248000 249000 2 1 181 9689 494 716255 551 429 490 85 4400 4400 4400 0 128 128 128 0 1 1 1.0
249000 250000 2 1 150 8328 418 602677 551 448 499 72 0 0 0 0 0 0 0 0 0 0 0.0
250000 251000 2 1 155 8374 428 618985 550 447 499 72 4400 4400 4400 0 128 128 128 0 1 1 1.0
251000 252000 2 1 96 5716 259 373202 549 446 497 72 0 0 0 0 0 0 0 0 0 0 0.0
252000 253000 2 1 117 6555 317 457927 548 447 498 71 4400 4400 4400 0 128 128 128 0 1 1 1.0
253000 254000 2 1 131 7459 354 509623 548 443 496 74 0 0 0 0 0 0 0 0 0 0 0.0
254000 255000 2 1 138 7571 379 544873 548 448 498 70 4400 4400 4400 0 128 128 128 0 1 1 1.0
255000 256000 2 1 181 9842 505 729010 546 451 499 67 0 0 0 0 0 0 0 0 0 0 0.0
256000 257000 2 1 186 9917 506 733090 545 453 499 65 4400 4400 4400 0 128 128 128 0 1 1 1.0
257000 258000 2 1 130 7368 356 513104 544 450 497 66 0 0 0 0 0 0 0 0 0 0 0.0
258000 259000 2 1 126 6872 336 483032 544 453 499 64 4400 4400 4400 0 128 128 128 0 1 1 1.0
259000 260000 2 1 130 7254 347 498097 543 453 498 64 0 0 0 0 0 0 0 0 0 0 0.0
260000 261000 2 1 150 8170 409 590337 542 455 499 62 4400 4400 4400 0 128 128 128 0 1 1 1.0
261000 262000 2 1 187 10238 509 738219 540 456 498 59 4400 4400 4400 0 128 128 128 0 1 1 0.0
262000 263000 2 1 184 9886 505 732416 536 457 497 55 0 0 0 0 0 0 0 0 0 0 1.0
263000 264000 2 1 163 8864 453 656386 533 461 497 51 4400 4400 4400 0 128 128 128 0 1 1 0.0
264000 265000 2 1 166 8913 454 656233 531 466 499 46 0 0 0 0 0 0 0 0 0 0 1.0
265000 266000 2 1 144 8039 395 572764 529 467 498 43 4400 4400 4400 0 128 128 128 0 1 1 0.0
266000 267000 2 1 149 8881 396 573483 527 469 498 41 0 0 0 0 0 0 0 0 0 0 1.0
267000 268000 2 1 181 9772 489 709729 494 468 481 18 4400 4400 4400 0 128 128 128 0 1 1 0.0
268000 269000 2 1 150 8257 421 610978 503 492 498 7 0 0 0 0 0 0 0 0 0 0 1.0
269000 270000 2 1 147 8124 400 580350 506 488 497 12 4400 4400 4400 0 128 128 128 0 1 1 0.0
270000 271000 2 1 145 8232 366 529744 510 488 499 16 0 0 0 0 0 0 0 0 0 0 1.0
271000 272000 2 1 149 8649 367 531149 506 486 496 13 4400 4400 4400 0 128 128 128 0 1 1 0.0
272000 273000 2 1 145 8225 378 546572 509 486 497 16 0 0 0 0 0 0 0 0 0 0 1.0
273000 274000 2 1 129 7198 371 536603 479 461 470 12 4400 4400 4400 0 128 128 128 0 1 1 0.0
274000 275000 2 1 138 7708 391 566834 516 476 496 28 0 0 0 0 0 0 0 0 0 0 1.0
275000 276000 2 1 134 7534 346 501254 523 470 496 37 4400 4400 4400 0 128 128 128 0 1 1 0.0
276000 277000 2 1 182 9740 486 704837 524 463 493 43 0 0 0 0 0 0 0 0 0 0 1.0
277000 278000 2 1 185 10082 496 721100 534 458 496 53 4400 4400 4400 0 128 128 128 0 1 1 0.0
278000 279000 2 1 187 10111 508 736465 541 457 499 59 4400 4400 4400 0 128 128 128 0 1 1 1.0
279000 280000 2 1 182 9888 484 700690 539 456 498 58 0 0 0 0 0 0 0 0 0 0 0.0
280000 281000 1 1 63 3376 155 225318 338 338 338 0 0 0 0 0 0 0 0 0 0 0 1.0
281000 282000 1 1 110 6579 294 426988 643 643 643 0 4400 4400 4400 0 128 128 128 0 1 1 0.0
282000 283000 2 1 183 10547 479 695755 641 354 497 202 0 0 0 0 128 128 128 0 0 1 1.0
283000 284000 2 1 180 9581 516 749030 640 355 498 201 4400 4400 4400 0 0 0 0 0 1 0 0.0
284000 285000 2 1 184 10044 523 758770 640 358 499 199 4400 4400 4400 0 128 128 128 0 1 1 1.0
285000 286000 2 1 189 10150 498 722856 640 357 499 199 0 0 0 0 0 0 0 0 0 0 0.0
286000 287000 2 1 106 6211 293 422125 634 359 497 194 4400 4400 4400 0 128 128 128 0 1 1 1.0
287000 288000 2 1 145 8009 390 565170 634 362 498 192 0 0 0 0 0 0 0 0 0 0 0.0
288000 289000 2 1 142 8109 376 544327 633 364 498 190 4400 4400 4400 0 128 128 128 0 1 1 1.0
289000 290000 2 1 154 8320 432 626508 631 364 498 188 0 0 0 0 0 0 0 0 0 0 0.0
290000 291000 2 1 178 9623 506 733506 630 366 498 186 4400 4400 4400 0 128 128 128 0 1 1 1.0
291000 292000 2 1 142 8692 369 530633 630 366 498 186 0 0 0 0 0 0 0 0 0 0 0.0
292000 293000 2 1 158 8437 421 608625 587 363 475 157 4400 4400 4400 0 128 128 128 0 1 1 1.0
293000 294000 2 1 159 9008 415 599281 587 410 498 124 0 0 0 0 0 0 0 0 0 0 0.0
294000 295000 2 1 155 8347 422 609562 586 410 498 124 4400 4400 4400 0 128 128 128 0 1 1 1.0
295000 296000 2 1 142 8216 354 508626 586 412 499 122 0 0 0 0 0 0 0 0 0 0 0.0
296000 297000 2 1 157 8514 407 588662 570 385 478 131 4400 4400 4400 0 128 128 128 0 1 1 1.0
297000 298000 2 1 134 7888 337 486728 570 428 499 100 0 0 0 0 0 0 0 0 0 0 0.0
298000 299000 2 1 133 7364 347 500633 566 429 498 97 4400 4400 4400 0 128 128 128 0 1 1 1.0
299000 300000 2 1 160 8768 468 674774 562 431 497 92 0 0 0 0 0 0 0 0 0 0 0.0
300000 301000 1 1 69 4176 205 294699 435 435 435 0 0 0 0 0 128 128 128 0 0 1 1.0
