ts te nbins ncons c_tcp_packs c_tcp_bytes c_udp_packs c_udp_bytes s_tcp_packs s_tcp_bytes s_udp_packs s_udp_bytes max_bins_span min_bins_span avg_bins_span std_bins_span max_video_rate min_video_rate avg_video_rate std_video_rate max_audio_rate min_audio_rate avg_audio_rate std_audio_rate video_requests audio_requests
0 10000 10 4 1235 17616 0 0 1729 2853017 0 0 999 308 670 291 3000 3000 3000 0 128 128 128 0 5 5
10000 20000 22 4 2860 20237 0 0 4061 7688484 0 0 999 89 775 297 3000 3000 3000 0 128 128 128 0 9 9
20000 30000 17 3 1801 13752 0 0 2499 5095462 0 0 999 64 670 380 4400 3000 4166 571 128 128 128 0 6 5
30000 40000 15 2 1424 12093 0 0 2036 4225235 0 0 999 165 634 362 4400 3000 3280 626 128 128 128 0 5 5
40000 50000 19 3 2537 14410 0 0 3661 6678286 0 0 999 184 702 353 6500 3000 4500 1870 128 128 128 0 7 6
50000 60000 11 2 1236 9146 0 0 1676 3561319 0 0 999 132 651 325 4400 4400 4400 0 128 128 128 0 3 3
60000 70000 21 3 2622 16263 0 0 3686 7686107 0 0 999 252 768 288 4400 4400 4400 0 128 128 128 0 7 7
70000 80000 17 2 1418 13161 0 0 1949 4234125 0 0 999 277 701 321 3000 3000 3000 0 128 128 128 0 5 5
80000 90000 15 2 1449 12073 0 0 1914 3815136 0 0 999 270 755 285 3000 3000 3000 0 128 128 128 0 5 5
90000 100000 17 3 1775 13587 0 0 2452 5233372 0 0 999 242 695 322 6500 3000 3583 1428 128 128 128 0 6 6
100000 110000 17 3 2450 13139 0 0 3462 7155143 0 0 999 293 709 315 6500 4400 5660 1150 128 128 128 0 5 5
110000 120000 15 2 1422 12410 0 0 1973 4224328 0 0 999 327 709 289 4400 3000 3280 626 128 128 128 0 5 5
120000 130000 17 3 1428 13553 0 0 1972 4275178 0 0 999 270 648 310 3000 3000 3000 0 128 128 128 0 6 6
130000 140000 14 3 1451 12618 0 0 1995 4211814 0 0 999 76 696 319 3000 3000 3000 0 128 128 128 0 5 5
140000 150000 18 3 2990 12758 0 0 3996 7700751 0 0 999 149 739 328 6500 4400 6080 939 128 128 128 0 5 5
150000 160000 15 2 2021 12826 0 0 2932 5600936 0 0 999 285 744 298 4400 4400 4400 0 128 128 128 0 5 5
160000 170000 16 2 2090 12511 0 0 3112 5634542 0 0 999 287 747 302 4400 4400 4400 0 128 128 128 0 5 5
170000 180000 16 2 2006 12433 0 0 3062 5459889 0 0 999 261 743 295 4400 4400 4400 0 128 128 128 0 5 5
180000 190000 18 3 2422 14314 0 0 3690 6688421 0 0 999 259 791 227 4400 4400 4400 0 128 128 128 0 6 6
190000 200000 16 2 1972 12910 0 0 2992 5576836 0 0 999 253 733 302 4400 4400 4400 0 128 128 128 0 5 5
200000 210000 16 2 2121 12072 0 0 3247 5695533 0 0 999 267 710 312 4400 4400 4400 0 128 128 128 0 5 5
210000 220000 16 2 2124 12380 0 0 3096 5556874 0 0 999 267 755 292 4400 4400 4400 0 128 128 128 0 5 5
220000 230000 18 3 2163 12768 0 0 3196 5891857 0 0 999 200 715 303 4400 4400 4400 0 128 128 128 0 6 6
230000 240000 17 2 2526 13487 0 0 3756 6756973 0 0 999 291 747 276 6500 4400 4820 939 128 128 128 0 5 5
240000 250000 18 3 2831 16014 0 0 4885 7859635 0 0 999 149 803 264 6500 3000 4400 1917 128 128 128 0 5 5
250000 260000 15 2 1381 11982 0 0 2070 3966697 0 0 999 292 745 277 3000 3000 3000 0 128 128 128 0 5 5
260000 270000 15 2 1565 13865 0 0 2283 3952631 0 0 999 367 773 256 3000 3000 3000 0 128 128 128 0 5 5
270000 280000 17 2 1886 15020 0 0 2759 4776908 0 0 998 367 837 225 3000 3000 3000 0 128 128 128 0 6 6
280000 290000 14 3 1154 10324 0 0 1720 3134792 0 0 999 0 695 359 3000 3000 3000 0 128 128 128 0 4 4
290000 300000 17 3 1596 18011 0 0 2470 4609997 0 0 999 2 755 342 3000 3000 3000 0 128 128 128 0 6 6
