ts te nbins ncons c_tcp_packs c_tcp_bytes c_udp_packs c_udp_bytes s_tcp_packs s_tcp_bytes s_udp_packs s_udp_bytes max_bins_span min_bins_span avg_bins_span std_bins_span max_video_rate min_video_rate avg_video_rate std_video_rate max_audio_rate min_audio_rate avg_audio_rate std_audio_rate video_requests audio_requests
0 10000 12 4 1091 16901 0 0 1495 2346749 0 0 998 93 481 332 2300 2300 2300 0 128 128 128 0 5 5
10000 20000 20 3 2957 20433 0 0 4184 6644039 0 0 999 54 762 301 2300 2300 2300 0 128 128 128 0 9 9
20000 30000 16 3 1839 14899 0 0 2812 5259205 0 0 999 76 775 327 4400 3000 4000 683 128 128 128 0 7 5
30000 40000 16 2 1386 13012 0 0 2196 3903285 0 0 999 104 708 345 3000 3000 3000 0 128 128 128 0 5 5
40000 50000 17 3 1807 13789 0 0 2727 5147639 0 0 999 132 697 324 6500 3000 4000 1707 128 128 128 0 7 6
50000 60000 15 3 1284 10828 0 0 1886 3706945 0 0 999 0 595 392 4400 3000 3350 700 128 128 128 0 4 4
60000 70000 15 3 1504 13274 0 0 2190 3953102 0 0 999 54 686 393 3000 3000 3000 0 128 128 128 0 5 5
70000 80000 18 3 1918 15109 0 0 2917 5398278 0 0 999 66 752 370 3000 3000 3000 0 128 128 128 0 7 7
80000 90000 14 2 1965 11562 0 0 2945 5535347 0 0 999 108 707 344 6500 3000 5625 1750 128 128 128 0 4 4
90000 100000 17 3 1550 14099 0 0 2376 4357700 0 0 999 102 727 338 3000 3000 3000 0 128 128 128 0 6 6
100000 110000 17 2 1647 13187 0 0 2371 4228547 0 0 999 103 697 337 3000 3000 3000 0 128 128 128 0 5 5
110000 120000 12 2 1134 9508 0 0 1729 3184856 0 0 999 0 627 361 3000 3000 3000 0 128 128 128 0 4 4
120000 130000 19 4 1915 20131 0 0 2907 5235090 0 0 999 0 743 356 3000 3000 3000 0 128 128 128 0 7 7
130000 140000 15 3 1117 9440 0 0 1792 3138812 0 0 998 99 591 391 3000 3000 3000 0 128 128 128 0 4 4
140000 150000 16 2 1583 13827 0 0 2390 4287916 0 0 999 66 703 348 3000 3000 3000 0 128 128 128 0 6 6
150000 160000 16 2 1506 12851 0 0 2283 4089578 0 0 999 90 672 359 3000 3000 3000 0 128 128 128 0 5 5
160000 170000 14 2 1156 10085 0 0 1762 3156154 0 0 999 0 647 415 3000 3000 3000 0 128 128 128 0 4 4
170000 180000 19 4 1879 18084 0 0 2800 5162195 0 0 999 0 735 333 3000 3000 3000 0 128 128 128 0 7 7
180000 190000 17 3 1696 12436 0 0 2577 4698050 0 0 999 223 698 342 6500 3000 3700 1565 128 128 128 0 5 5
190000 200000 9 2 815 4962 0 0 1084 1911674 0 0 998 127 503 321 6500 6500 6500 0 128 128 128 0 1 1
200000 210000 19 4 1769 26775 0 0 2741 4798719 0 0 999 17 679 332 4400 288 1705 1376 128 128 128 0 10 9
210000 220000 14 3 1245 15213 0 0 1916 3606376 0 0 999 65 660 297 2300 2300 2300 0 128 128 128 0 6 6
220000 230000 15 2 1828 10701 0 0 2786 5093063 0 0 999 34 610 387 6500 2300 5450 2100 128 128 128 0 4 5
230000 240000 17 3 2305 12413 0 0 3202 5805096 0 0 999 147 740 341 4400 4400 4400 0 128 128 128 0 5 4
240000 250000 23 6 2855 22017 0 0 4084 6692344 0 0 999 0 676 365 4400 3000 3933 722 128 128 128 0 6 6
250000 260000 13 3 1073 9479 0 0 1684 3114652 0 0 999 1 623 354 3000 3000 3000 0 128 128 128 0 4 4
260000 270000 17 3 1562 14192 0 0 2417 4517586 0 0 999 0 634 361 3000 3000 3000 0 128 128 128 0 6 6
270000 280000 16 2 1490 13677 0 0 2198 3940791 0 0 999 70 722 330 3000 3000 3000 0 128 128 128 0 5 5
280000 290000 15 2 1530 12090 0 0 2162 4043163 0 0 999 229 723 318 3000 3000 3000 0 128 128 128 0 5 5
290000 300000 11 3 797 9804 0 0 1232 2136402 0 0 999 0 594 361 3000 3000 3000 0 128 128 128 0 3 3
