ts te nbins ncons c_pkts_all c_bytes_all s_pkts_all s_bytes_all max_bin_duration min_bin_duration avg_bin_duration std_bin_duration max_video_rate min_video_rate avg_video_rate std_video_rate max_audio_rate min_audio_rate avg_audio_rate std_audio_rate video_reqs audio_reqs media_reqs
0.0 5000.0 0 0 0.0 0.0 0.0 0.0 0.0 0.0 0.0 0.0 0.0 0.0 0.0 0.0 0.0 0.0 0.0 0.0 0 0 
5000.0 10000.0 2 1 116.67585890433652 11563.209420640436 262.19192472269634 290452.3614661214 946.069091796875 808.0619999999981 877.0655458984365 97.58575046140602 480.0 480.0 480.0 0.0 128.0 128.0 128.0 0.0 2 2 1.0
10000.0 15000.0 6 1 232.05355785734855 13230.62687851759 529.6308644885843 632285.1943727812 999.8369999999995 50.03190820312739 821.8848603515617 379.9621410718011 288.0 288.0 288.0 0.0 128.0 128.0 128.0 0.0 7 5 2.0
15000.0 20000.0 6 1 183.97802636485778 10446.537388484154 505.2262573891987 587331.2356484742 998.1610000000001 90.13874609374761 817.6389772135408 360.0737070341075 288.0 288.0 288.0 0.0 128.0 128.0 128.0 0.0 4 6 3.0
20000.0 25000.0 6 1 172.24347996509505 7885.785928294239 284.34453921871153 327102.00593631575 997.4380000000019 119.64688281249983 819.5679697265623 348.0666938969492 288.0 288.0 288.0 0.0 128.0 128.0 128.0 0.0 3 2 2.0
25000.0 30000.0 5 1 191.04602956791547 9568.57412802554 298.1519955371615 351770.67965799896 999.6920000000027 155.36806445312686 809.8439957031267 366.56064668366054 288.0 288.0 288.0 0.0 128.0 128.0 128.0 0.0 3 3 3.0
30000.0 35000.0 6 1 163.1514434239303 8122.853380915204 261.4733432631467 309417.43116823165 999.7139999999999 16.27208593749674 667.1078616536446 391.10313016678174 288.0 288.0 288.0 0.0 128.0 128.0 128.0 0.0 3 3 2.0
35000.0 40000.0 6 1 197.82084061418126 9946.878507250345 339.8464652891303 390820.436532173 999.9850000000006 17.18408203125 688.4236663411466 390.6128649988961 288.0 288.0 288.0 0.0 128.0 128.0 128.0 0.0 3 3 3.0
40000.0 45000.0 5 1 147.84572437542852 6985.809975897317 223.1752928648272 248358.4351206398 998.7989999999991 479.2419179687495 877.6259746093725 224.73192602649266 288.0 288.0 288.0 0.0 128.0 128.0 128.0 0.0 2 2 2.0
45000.0 50000.0 6 1 187.3071401998229 9188.955979803495 294.0726502648762 330083.35995743214 996.6900000000023 55.3380449218821 790.2677167968772 375.03480108300346 288.0 288.0 288.0 0.0 128.0 128.0 128.0 0.0 3 3 3.0
50000.0 55000.0 6 1 168.16597136657543 8130.376886779051 248.25751119153597 282520.2697836467 995.2810000000027 269.8377441406192 807.9482799479156 287.04768040541865 288.0 288.0 288.0 0.0 128.0 128.0 128.0 0.0 2 2 2.0
55000.0 60000.0 5 1 192.4659787648107 9235.427375897796 279.6782500113525 325448.9876686512 998.2899999999936 300.3480644531228 845.2612019531225 305.60699767386035 288.0 288.0 288.0 0.0 128.0 128.0 128.0 0.0 3 3 3.0
60000.0 65000.0 6 1 147.73013038692994 7252.052421094721 209.9995648261072 230052.36480070543 997.4290000000037 60.0640546874929 800.8316943359363 370.8380739442452 288.0 288.0 288.0 0.0 128.0 128.0 128.0 0.0 2 2 2.0
65000.0 70000.0 6 1 221.77714135633602 11223.640893508024 358.7694579687811 406306.6650530888 996.9619999999995 184.94288867188152 816.8453304036472 322.7719023468938 288.0 288.0 288.0 0.0 128.0 128.0 128.0 0.0 4 4 3.0
70000.0 75000.0 5 1 135.8471254976042 6509.186497267139 208.34882724902425 236380.20547985082 995.551999999996 208.1119062499929 822.4281957031228 344.3888947506902 288.0 288.0 288.0 0.0 128.0 128.0 128.0 0.0 2 2 2.0
75000.0 80000.0 6 1 198.4644035163626 9185.83085058699 281.0237910003998 322885.8926803542 998.3730000000069 62.37792773435649 614.5921653645831 427.80045136265767 288.0 288.0 288.0 0.0 128.0 128.0 128.0 0.0 3 3 3.0
80000.0 85000.0 5 1 174.09289395054196 8219.372918612537 263.37237591208805 299944.6860019419 994.3579999999929 146.17393554687442 811.1071855468705 372.1699182223689 288.0 288.0 288.0 0.0 128.0 128.0 128.0 0.0 2 2 2.0
85000.0 90000.0 6 1 170.69401332596485 8012.207835824648 241.36982119911517 263159.887566877 997.8949999999895 33.521007812494645 812.3311686197898 383.0739960724875 288.0 288.0 288.0 0.0 128.0 128.0 128.0 0.0 3 3 3.0
90000.0 95000.0 5 1 135.64024056195797 6460.672732600774 223.06706760326324 255033.9011047159 999.7200000000012 85.89199609376374 685.6431992187485 437.49384346420356 288.0 288.0 288.0 0.0 128.0 128.0 128.0 0.0 2 2 2.0
95000.0 100000.0 5 1 226.0 10804.0 478.0 546677.0 999.7639999999956 185.4649999999965 819.0679999999963 355.87114213574534 840.0 480.0 696.0 197.1801207018598 128.0 128.0 128.0 0.0 5 4 3.0
100000.0 105000.0 5 1 286.9283765180911 11968.953992338154 593.2855843453941 694064.5685874614 998.8500000000058 860.486083984375 963.4854167968791 59.256229365624506 840.0 840.0 840.0 0.0 128.0 128.0 128.0 0.0 2 2 2.0
105000.0 110000.0 5 1 304.44696624605876 11961.267008567378 642.2821266765038 749857.7578509399 997.8740000000107 116.30591601564083 783.8910023437551 376.6408166752812 1500.0 840.0 1170.0 381.051177665153 128.0 128.0 128.0 0.0 4 3 3.0
110000.0 115000.0 6 1 375.4562167213255 14610.283200138343 756.9178928256267 908054.7007218198 996.6590000000142 58.83890429686289 810.9563053385451 371.9427531330616 1500.0 1500.0 1500.0 0.0 128.0 128.0 128.0 0.0 2 2 2.0
115000.0 120000.0 6 1 444.82567413722836 16201.383367087295 924.98638699295 1108351.9753348485 999.1089999999967 119.21007226561778 821.0741643880174 351.00657151761766 1500.0 1500.0 1500.0 0.0 128.0 128.0 128.0 0.0 3 3 3.0
120000.0 125000.0 6 1 382.3401365964104 14819.348775900751 766.9467458466572 919431.763150487 999.9200000000128 179.3100859374972 816.154173828123 325.4206860171731 1500.0 1500.0 1500.0 0.0 128.0 128.0 128.0 0.0 2 2 2.0
125000.0 130000.0 4 1 247.73776489280948 9475.314005319906 520.3260080060317 621384.2138723552 966.8759765625 102.00700000001234 560.4980048828147 455.12441650628483 1500.0 1500.0 1500.0 0.0 128.0 128.0 128.0 0.0 2 3 3.0
130000.0 135000.0 5 1 394.2648648880764 14348.449650648174 774.2552553068364 941698.0204820882 998.0439999999944 30.14002343750326 679.0426046874957 452.291043766586 1500.0 1500.0 1500.0 0.0 128.0 128.0 128.0 0.0 2 1 2.0
135000.0 140000.0 4 1 396.50149087656416 16013.864225021023 814.5403689764756 973907.937356472 995.2660000000033 545.9720000000088 833.8619907226603 205.20275963204554 1500.0 840.0 1005.0 330.0 128.0 128.0 128.0 0.0 4 4 3.0
140000.0 145000.0 6 1 374.448746836505 13935.839196779041 734.2637397198645 878732.7521798068 999.8999999999942 28.751037109381286 712.0776731770796 430.2076398910117 1500.0 1500.0 1500.0 0.0 128.0 128.0 128.0 0.0 2 2 2.0
145000.0 150000.0 6 1 437.4315262661601 16677.784727403774 898.3563799253235 1077438.8049423066 995.4090000000142 56.40399804688059 812.0788811848955 373.9200148941197 1500.0 1500.0 1500.0 0.0 128.0 128.0 128.0 0.0 3 3 3.0
150000.0 155000.0 6 1 391.2969597669395 15126.378713980637 792.6508466663375 948363.081801384 999.2069999999949 136.37871093751164 826.9021035156233 343.37247157047454 1500.0 1500.0 1500.0 0.0 128.0 128.0 128.0 0.0 2 2 2.0
155000.0 160000.0 6 1 461.8145076931129 16947.383458117274 933.3683605691083 1131329.4714075723 998.3450000000012 151.14508984374697 819.5183453776117 336.5309227167116 1500.0 1500.0 1500.0 0.0 128.0 128.0 128.0 0.0 3 3 3.0
160000.0 165000.0 6 1 361.30816772230116 14492.839328997834 714.5701422424784 853292.9445754406 998.3819999999832 200.57201757808798 819.6480221354141 314.66519397524985 1500.0 1500.0 1500.0 0.0 128.0 128.0 128.0 0.0 2 2 2.0
165000.0 170000.0 6 1 448.92072167560576 17024.690037038894 898.8545283299181 1087952.957147367 999.4130000000005 211.83288476563757 828.8871272786491 316.1341125876745 1500.0 1500.0 1500.0 0.0 128.0 128.0 128.0 0.0 3 4 3.0
170000.0 175000.0 6 1 551.6492291003705 21911.49488145448 1109.7181313908977 1347666.6549246986 999.5339999999851 229.16612109376 828.8726861979134 310.2142822556123 1500.0 1500.0 1500.0 0.0 128.0 128.0 128.0 0.0 3 2 2.0
175000.0 180000.0 6 1 433.9175820550107 16931.835662168396 891.9544902792559 1060133.3859907049 999.6400000000431 229.67800390624325 819.8643248698112 312.78210381156316 1500.0 1500.0 1500.0 0.0 128.0 128.0 128.0 0.0 3 3 3.0
180000.0 185000.0 5 1 381.20137684478897 14944.643820671918 756.0810523657183 917222.8680108517 998.8850000000093 299.8110546875105 850.7270292968781 308.2595317211752 1500.0 1500.0 1500.0 0.0 128.0 128.0 128.0 0.0 2 2 2.0
185000.0 190000.0 6 1 524.1328635227994 20950.281461696526 1071.3446439448796 1289973.4349541487 999.869000000006 34.30690820311429 823.0923124999972 388.0012401017274 2300.0 1500.0 2100.0 400.0 128.0 128.0 128.0 0.0 4 3 3.0
190000.0 195000.0 6 1 614.077492581451 23835.997551364126 1227.9735900611606 1486369.0376125616 998.5100000000093 85.45403320316109 825.5148564453266 365.16178225286205 2300.0 2300.0 2300.0 0.0 128.0 128.0 128.0 0.0 2 2 2.0
195000.0 200000.0 6 1 564.4664770609546 21787.111700843034 1145.0383284272375 1396599.9441396287 998.9649999999965 105.38989453125396 826.2336624349022 356.6242280448946 2300.0 2300.0 2300.0 0.0 128.0 128.0 128.0 0.0 3 3 3.0
200000.0 205000.0 6 1 637.402222715276 24367.138069931014 1281.9909764648996 1565907.3536297914 997.8450000000012 123.99991992188734 818.5721354166744 344.54294025506107 2300.0 2300.0 2300.0 0.0 128.0 128.0 128.0 0.0 2 2 2.0
205000.0 210000.0 6 1 681.2276438842916 25839.757376261558 1391.9988018380002 1708459.847829209 997.5930000000226 141.68810742188361 828.795008138021 341.8018878712456 2300.0 2300.0 2300.0 0.0 128.0 128.0 128.0 0.0 3 3 3.0
210000.0 215000.0 5 1 377.20299139786846 15115.959788270464 748.2956187984448 900378.523498056 993.5979999999981 147.5480585937621 721.7978117187682 367.55282734114957 2300.0 840.0 1570.0 1032.3759005323593 128.0 128.0 128.0 0.0 2 2 2.0
215000.0 220000.0 3 1 312.8236535594006 13812.418807679096 643.2976176024049 758239.2045994317 975.1429999999818 828.060999999987 923.2097643229063 82.51645362050182 840.0 840.0 840.0 0.0 128.0 128.0 128.0 0.0 4 3 3.0
220000.0 225000.0 5 1 342.69354089942743 13591.06838790172 688.3298935317199 819616.3833863238 999.9200000000419 29.00770703123999 754.4287246093736 415.28574387082375 1500.0 840.0 1170.0 466.6904755831214 128.0 128.0 128.0 0.0 2 3 2.0
225000.0 230000.0 6 1 437.8898837942896 17504.38817266263 889.6475028960676 1070398.6126780622 998.7699999999604 32.852083984413184 819.4005074869734 387.05627817247534 1500.0 1500.0 1500.0 0.0 128.0 128.0 128.0 0.0 3 3 3.0
230000.0 235000.0 6 1 381.6190430934285 15574.279739828893 759.173456297897 910117.5547325284 998.7369999999937 89.99003906251164 823.9054882812537 362.75472619780146 1500.0 1500.0 1500.0 0.0 128.0 128.0 128.0 0.0 2 2 2.0
235000.0 240000.0 6 1 549.4832902698824 21462.478170979204 1134.524426137126 1373273.344744491 999.1300000000047 105.25010937498882 824.3270182291695 356.90383305701334 1500.0 1500.0 1500.0 0.0 128.0 128.0 128.0 0.0 4 4 3.0
240000.0 245000.0 5 1 453.49058838357143 17713.366720948456 872.0271035347844 1058025.899859163 999.679999999993 146.09700000000885 812.6072000000044 373.1073943916113 1500.0 1500.0 1500.0 0.0 128.0 128.0 128.0 0.0 2 2 2.0
245000.0 250000.0 5 1 407.69158798805745 16472.361814910273 839.5664972050467 1000447.4751181843 998.5349999999744 931.083251953125 978.8972503906349 28.7113118081318 1500.0 1500.0 1500.0 0.0 128.0 128.0 128.0 0.0 3 3 3.0
250000.0 255000.0 6 1 427.5700927950011 16589.848413149324 856.8183769459687 1025362.8220158509 998.2920000000158 67.99374804686522 827.0396445312459 373.09177853159025 1500.0 1500.0 1500.0 0.0 128.0 128.0 128.0 0.0 2 2 2.0
255000.0 260000.0 5 1 249.440530315676 10218.179768399848 500.86524351534877 597971.4211379942 998.7260000000242 0.0 602.1902308593853 518.3046693959375 1500.0 1500.0 1500.0 0.0 128.0 128.0 128.0 0.0 2 2 3.0
260000.0 265000.0 6 1 507.901613905518 20129.555353702148 1035.6965274811478 1256458.1459578152 998.1300000000047 51.31772656249814 828.6066077473903 381.59532998315063 1500.0 1500.0 1500.0 0.0 128.0 128.0 128.0 0.0 3 3 2.0
265000.0 270000.0 5 1 316.02792886737603 12974.409640701815 625.3168625957451 742151.2966942854 999.3159999999916 0.0 605.0280789062497 523.1815901495843 1500.0 1500.0 1500.0 0.0 128.0 128.0 128.0 0.0 2 3 3.0
270000.0 275000.0 5 1 435.3682461283715 17216.64500913659 880.736492256743 1074793.83907587 999.7010000000009 32.699685546860565 781.9493371093762 421.06366963825656 1500.0 840.0 1060.0 381.051177665153 128.0 128.0 128.0 0.0 3 2 2.0
275000.0 280000.0 5 1 451.8891609434297 18102.59688916088 912.6402788708508 1096164.4317210326 997.9290000000037 915.8798828125 980.5163765624981 36.1545601355037 1500.0 1500.0 1500.0 0.0 128.0 128.0 128.0 0.0 3 3 3.0
280000.0 285000.0 6 1 333.56299620680284 13951.59969355325 661.9333117794619 787534.7284980196 999.560999999987 67.90211718750652 826.5443717448119 373.6628627185394 1500.0 1500.0 1500.0 0.0 128.0 128.0 128.0 0.0 2 2 2.0
285000.0 290000.0 6 1 431.7489123415652 16768.8704047283 897.0612686447571 1072112.114227753 999.469000000041 86.78488671872765 818.2119674479181 361.29424409114216 1500.0 1500.0 1500.0 0.0 128.0 128.0 128.0 0.0 3 3 3.0
290000.0 295000.0 6 1 397.57788510808194 16133.768997767007 791.1169738316657 952160.4060514076 995.2540000000154 119.53108203125885 823.4791754557324 349.26933622657566 1500.0 1500.0 1500.0 0.0 128.0 128.0 128.0 0.0 2 2 2.0
295000.0 300000.0 6 1 446.69559966851494 17321.374695126367 910.5845352334304 1100694.214381602 999.804999999993 137.7110292968573 814.8586917317589 344.251850088941 1500.0 1500.0 1500.0 0.0 128.0 128.0 128.0 0.0 3 3 3.0
300000.0 305000.0 1 1 33.525445731605394 1180.7893196641983 65.66363163983401 81448.10512018552 230.47587890626164 230.47587890626164 230.47587890626164 0.0 0.0 0.0 0.0 0.0 0.0 0.0 0.0 0.0 0 0 0.0
