ts te nbins ncons c_pkts_all c_ack_cnt c_ack_cnt_p c_bytes_all c_bytes_uniq s_pkts_all s_ack_cnt s_ack_cnt_p s_bytes_all s_bytes_uniq c_pkts_retx s_pkts_retx c_pkts_data s_pkts_data max_bin_duration min_bin_duration avg_bin_duration std_bin_duration max_video_rate min_video_rate avg_video_rate std_video_rate max_audio_rate min_audio_rate avg_audio_rate std_audio_rate video_reqs audio_reqs media_reqs
0.0 2000.0 0 0 0.0 0.0 0.0 0.0 0.0 0.0 0.0 0.0 0.0 0.0 0.0 0.0 0.0 0.0 0.0 0.0 0.0 0.0 0.0 0.0 0.0 0.0 0.0 0.0 0.0 0.0 0  
2000.0 4000.0 0 0 0.0 0.0 0.0 0.0 0.0 0.0 0.0 0.0 0.0 0.0 0.0 0.0 0.0 0.0 0.0 0.0 0.0 0.0 0.0 0.0 0.0 0.0 0.0 0.0 0.0 0.0 0  
4000.0 6000.0 0 0 0.0 0.0 0.0 0.0 0.0 0.0 0.0 0.0 0.0 0.0 0.0 0.0 0.0 0.0 0.0 0.0 0.0 0.0 0.0 0.0 0.0 0.0 0.0 0.0 0.0 0.0 0  
6000.0 8000.0 0 0 0.0 0.0 0.0 0.0 0.0 0.0 0.0 0.0 0.0 0.0 0.0 0.0 0.0 0.0 0.0 0.0 0.0 0.0 0.0 0.0 0.0 0.0 0.0 0.0 0.0 0.0 0  
8000.0 10000.0 0 0 0.0 0.0 0.0 0.0 0.0 0.0 0.0 0.0 0.0 0.0 0.0 0.0 0.0 0.0 0.0 0.0 0.0 0.0 0.0 0.0 0.0 0.0 0.0 0.0 0.0 0.0 0  
10000.0 12000.0 5 4 822.8884878595635 818.8938047349985 803.735705289999 13979.881328131498 13979.881328131498 1005.2496837875915 1005.2496837875915 24.500882712173784 1579434.6786201457 1579434.6786201457 0.0 0.0 15.158099444999571 976.7541179508528 996.2430000000022 108.263916015625 548.5906378906263 417.19230208977126 4400.0 4400.0 4400.0 0.0 128.0 128.0 128.0 0.0 3 3.0 1.0
12000.0 14000.0 6 3 1612.4584314704794 1612.4531145950446 1603.6169941722226 7412.251800574157 7412.251800574157 3164.8835191842845 3164.8835191842845 18.47599675911199 4564269.784796471 4564269.784796471 0.0 0.0 8.836120422821871 3146.402205549737 994.2119140625 5.316726562501572 668.07362076823 371.01183264770873 4400.0 4400.0 4400.0 0.0 128.0 128.0 128.0 0.0 4 4.0 1.0
14000.0 16000.0 5 2 1011.653080669957 1011.653080669957 1004.6473005377786 5870.866871294344 5870.866871294344 2532.8667970281244 2532.8667970281244 13.023120528714223 3741316.5365833836 3741316.5365833836 0.0 0.0 7.005780132178556 2519.8436764994103 994.2330000000002 5.78008593749837 519.6980171875009 391.3079736998575 4400.0 4400.0 4400.0 0.0 128.0 128.0 128.0 0.0 3 3.0 1.0
16000.0 18000.0 4 4 625.0 625.0 620.0 3332.0 3332.0 1321.0 1321.0 8.0 2016323.0 2016323.0 0.0 0.0 4.0 1312.0 544.1259999999966 264.7850000000035 412.6819999999989 118.19449079377293 8000.0 8000.0 8000.0 0.0 128.0 128.0 128.0 0.0 2 1.0 1.0
18000.0 20000.0 2 2 411.0 411.0 408.0 2502.0 2502.0 1180.0 1180.0 5.0 1765281.0 1765281.0 0.0 0.0 3.0 1175.0 373.5599999999977 276.83000000000175 325.1949999999997 68.39843894417186 8000.0 8000.0 8000.0 0.0 128.0 128.0 128.0 0.0 1 1.0 1.0
20000.0 22000.0 2 2 412.0 412.0 409.0 2502.0 2502.0 1382.0 1382.0 5.0 1991593.0 1991593.0 0.0 0.0 3.0 1377.0 682.1259999999966 416.43099999999686 549.2784999999967 187.87473622735953 8000.0 8000.0 8000.0 0.0 128.0 128.0 128.0 0.0 1 1.0 1.0
22000.0 24000.0 2 2 387.0 387.0 384.0 2502.0 2502.0 1148.0 1148.0 5.0 1747815.0 1747815.0 0.0 0.0 3.0 1143.0 551.7980000000025 383.06699999999546 467.432499999999 119.31083429639233 8000.0 8000.0 8000.0 0.0 128.0 128.0 128.0 0.0 1 1.0 1.0
24000.0 26000.0 2 2 496.0 496.0 493.0 2502.0 2502.0 1433.0 1433.0 5.0 2195072.0 2195072.0 0.0 0.0 3.0 1428.0 466.01600000000326 417.6209999999992 441.8185000000012 34.22043267552585 8000.0 8000.0 8000.0 0.0 128.0 128.0 128.0 0.0 1 1.0 1.0
26000.0 28000.0 2 2 457.0 457.0 454.0 2502.0 2502.0 1135.0 1135.0 5.0 1806383.0 1806383.0 0.0 0.0 3.0 1130.0 421.9950000000026 387.19600000000355 404.5955000000031 24.60660887851001 8000.0 8000.0 8000.0 0.0 128.0 128.0 128.0 0.0 1 1.0 1.0
28000.0 30000.0 2 2 411.0 411.0 408.0 2502.0 2502.0 1235.0 1235.0 5.0 1922239.0 1922239.0 0.0 0.0 3.0 1230.0 492.1140000000014 362.028999999995 427.0714999999982 91.98398563065656 8000.0 8000.0 8000.0 0.0 128.0 128.0 128.0 0.0 1 1.0 1.0
30000.0 32000.0 2 2 372.0 372.0 369.0 2502.0 2502.0 1329.0 1329.0 5.0 2005467.0 2005467.0 0.0 0.0 3.0 1324.0 494.81900000000314 465.25800000000163 480.0385000000024 20.9027835586566 8000.0 8000.0 8000.0 0.0 128.0 128.0 128.0 0.0 1 1.0 1.0
32000.0 34000.0 2 2 354.0 354.0 351.0 2502.0 2502.0 1316.0 1316.0 5.0 2030091.0 2030091.0 0.0 0.0 3.0 1311.0 447.5590000000011 338.5709999999963 393.0649999999987 77.06615386796285 8000.0 8000.0 8000.0 0.0 128.0 128.0 128.0 0.0 1 1.0 1.0
34000.0 36000.0 3 3 817.0 817.0 812.0 4184.0 4184.0 2447.0 2447.0 9.0 3543523.0 3543523.0 0.0 0.0 5.0 2438.0 672.5690000000031 498.2830000000031 567.1696666666685 92.7026621480391 8000.0 8000.0 8000.0 0.0 128.0 128.0 128.0 0.0 2 2.0 1.0
36000.0 38000.0 1 1 2.0 2.0 1.0 820.0 820.0 3.0 3.0 2.0 2915.0 2915.0 0.0 0.0 1.0 1.0 256.2960000000021 256.2960000000021 256.2960000000021 0.0 0.0 0.0 0.0 0.0 0.0 0.0 0.0 0.0 0 0.0 1.0
38000.0 40000.0 3 3 1090.7644717035596 1090.7644717035596 1085.8722410353244 4093.2582226541563 4093.2582226541563 2663.067790065943 2663.067790065943 8.784461336470681 3918345.8381359 3918345.8381359 0.0 0.0 4.8922306682353405 2654.283328729472 683.4830000000002 542.8150000000023 616.5293463541675 70.57727524084663 8000.0 8000.0 8000.0 0.0 128.0 128.0 128.0 0.0 2 2.0 1.0
40000.0 42000.0 3 2 651.2355282964403 651.2355282964403 648.1277589646756 2592.7417773458437 2592.7417773458437 1498.9322099340573 1498.9322099340573 5.21553866352932 2206959.1618641 2206959.1618641 0.0 0.0 3.10776933176466 1493.716671270528 431.0369999999966 75.28496093749709 307.7589869791652 201.45149607043524 8000.0 8000.0 8000.0 0.0 128.0 128.0 128.0 0.0 1 1.0 1.0
42000.0 44000.0 2 2 394.0 394.0 391.0 2502.0 2502.0 1256.0 1256.0 5.0 1929826.0 1929826.0 0.0 0.0 3.0 1251.0 529.4890000000014 478.5069999999978 503.9979999999996 36.049717918455116 8000.0 8000.0 8000.0 0.0 128.0 128.0 128.0 0.0 1 1.0 1.0
44000.0 46000.0 2 2 481.0 481.0 478.0 2502.0 2502.0 1339.0 1339.0 5.0 1954991.0 1954991.0 0.0 0.0 3.0 1334.0 504.0920000000042 421.2179999999935 462.65499999999884 58.60076738406151 8000.0 8000.0 8000.0 0.0 128.0 128.0 128.0 0.0 1 1.0 1.0
46000.0 48000.0 2 2 383.0 383.0 380.0 2502.0 2502.0 1280.0 1280.0 5.0 1862261.0 1862261.0 0.0 0.0 3.0 1275.0 471.7039999999979 384.0179999999964 427.86099999999715 62.003365215124674 8000.0 8000.0 8000.0 0.0 128.0 128.0 128.0 0.0 1 1.0 1.0
48000.0 50000.0 2 2 384.0 384.0 381.0 2502.0 2502.0 1360.0 1360.0 5.0 2101287.0 2101287.0 0.0 0.0 3.0 1355.0 450.49800000000687 383.9079999999958 417.20300000000134 47.08624055922002 8000.0 8000.0 8000.0 0.0 128.0 128.0 128.0 0.0 1 1.0 1.0
50000.0 52000.0 2 2 332.0 332.0 329.0 2502.0 2502.0 1150.0 1150.0 5.0 1771712.0 1771712.0 0.0 0.0 3.0 1145.0 503.28800000000047 382.3990000000049 442.8435000000027 85.48143167085742 8000.0 8000.0 8000.0 0.0 128.0 128.0 128.0 0.0 1 1.0 1.0
52000.0 54000.0 2 2 369.0 369.0 366.0 2502.0 2502.0 1146.0 1146.0 5.0 2117883.0 2117881.0 0.0 2.0 3.0 1141.0 887.1459999999934 760.3959999999934 823.7709999999934 89.6257845153949 8000.0 8000.0 8000.0 0.0 128.0 128.0 128.0 0.0 1 1.0 1.0
54000.0 56000.0 2 2 403.0 403.0 400.0 2502.0 2502.0 1212.0 1212.0 5.0 1935969.0 1935969.0 0.0 0.0 3.0 1207.0 525.403999999995 415.625 470.5144999999975 77.62547533187445 8000.0 8000.0 8000.0 0.0 128.0 128.0 128.0 0.0 1 1.0 1.0
56000.0 58000.0 2 2 361.0 361.0 358.0 2502.0 2502.0 1338.0 1338.0 5.0 1950652.0 1950652.0 0.0 0.0 3.0 1333.0 491.627999999997 417.9609999999957 454.79449999999633 52.0904352496703 8000.0 8000.0 8000.0 0.0 128.0 128.0 128.0 0.0 1 1.0 1.0
58000.0 60000.0 2 2 389.0 389.0 386.0 2502.0 2502.0 1153.0 1153.0 5.0 1956484.0 1956484.0 0.0 0.0 3.0 1148.0 514.3680000000022 383.7020000000048 449.0350000000035 92.39481467051961 8000.0 8000.0 8000.0 0.0 128.0 128.0 128.0 0.0 1 1.0 1.0
60000.0 62000.0 2 2 395.0 395.0 392.0 2502.0 2502.0 1393.0 1393.0 5.0 2045872.0 2045872.0 0.0 0.0 3.0 1388.0 484.1009999999951 385.5249999999942 434.81299999999464 69.70375806224577 8000.0 8000.0 8000.0 0.0 128.0 128.0 128.0 0.0 1 1.0 1.0
62000.0 64000.0 4 4 670.0 669.0 662.0 6289.0 6289.0 2373.0 2373.0 13.0 3908002.0 3908002.0 0.0 0.0 7.0 2359.0 934.1579999999958 287.90499999999884 524.0882499999971 285.8128261786891 8000.0 8000.0 8000.0 0.0 128.0 128.0 128.0 0.0 2 2.0 1.0
64000.0 66000.0 2 2 272.0 272.0 269.0 2502.0 2502.0 1092.0 1092.0 5.0 1695059.0 1695059.0 0.0 0.0 3.0 1087.0 603.0639999999985 397.00199999999313 500.0329999999958 145.70783754486615 8000.0 8000.0 8000.0 0.0 128.0 128.0 128.0 0.0 1 1.0 1.0
66000.0 68000.0 2 2 443.0 443.0 440.0 2502.0 2502.0 1426.0 1426.0 5.0 2201205.0 2201205.0 0.0 0.0 3.0 1421.0 589.3439999999973 522.5139999999956 555.9289999999964 47.2559461866982 8000.0 8000.0 8000.0 0.0 128.0 128.0 128.0 0.0 1 1.0 1.0
68000.0 70000.0 3 3 413.0 413.0 409.0 2502.0 2502.0 1197.0 1197.0 6.0 1954793.0 1954793.0 0.0 0.0 3.0 1190.0 534.4399999999878 430.63700000000244 474.33699999999953 53.81040335287425 8000.0 8000.0 8000.0 0.0 128.0 128.0 128.0 0.0 1 1.0 1.0
70000.0 72000.0 2 2 313.0 313.0 309.0 3322.0 2502.0 1206.0 1206.0 7.0 1851736.0 1851736.0 1.0 0.0 4.0 1199.0 560.6130000000121 421.45500000000175 491.0340000000069 98.39956545636491 8000.0 8000.0 8000.0 0.0 128.0 128.0 128.0 0.0 1 1.0 1.0
72000.0 74000.0 2 2 388.0 388.0 385.0 2502.0 2502.0 1304.0 1304.0 5.0 2057807.0 2057807.0 0.0 0.0 3.0 1299.0 459.375 398.37900000001537 428.8770000000077 43.13068522524379 8000.0 8000.0 8000.0 0.0 128.0 128.0 128.0 0.0 1 1.0 1.0
74000.0 76000.0 2 2 378.0 378.0 375.0 2502.0 2502.0 1322.0 1322.0 5.0 1989701.0 1989701.0 0.0 0.0 3.0 1317.0 432.72699999999895 424.89100000000326 428.8090000000011 5.540888737374741 8000.0 8000.0 8000.0 0.0 128.0 128.0 128.0 0.0 1 1.0 1.0
76000.0 78000.0 2 2 374.0 374.0 371.0 2502.0 2502.0 1244.0 1244.0 5.0 1924660.0 1924660.0 0.0 0.0 3.0 1239.0 382.33400000000256 374.45599999999104 378.3949999999968 5.570587222195771 8000.0 8000.0 8000.0 0.0 128.0 128.0 128.0 0.0 1 1.0 1.0
78000.0 80000.0 2 2 414.0 414.0 411.0 2502.0 2502.0 1356.0 1356.0 5.0 2077606.0 2077606.0 0.0 0.0 3.0 1351.0 476.0920000000042 363.79999999998836 419.9459999999963 79.40243467301099 8000.0 8000.0 8000.0 0.0 128.0 128.0 128.0 0.0 1 1.0 1.0
80000.0 82000.0 2 2 340.0 340.0 337.0 2502.0 2502.0 1162.0 1162.0 5.0 1860958.0 1860958.0 0.0 0.0 3.0 1157.0 463.3429999999935 335.1030000000028 399.22299999999814 90.67937361935627 8000.0 8000.0 8000.0 0.0 128.0 128.0 128.0 0.0 1 1.0 1.0
82000.0 84000.0 2 2 338.0 338.0 335.0 2502.0 2502.0 1197.0 1197.0 5.0 1820377.0 1820377.0 0.0 0.0 3.0 1192.0 445.79600000001665 397.875 421.8355000000083 33.885264061252315 8000.0 8000.0 8000.0 0.0 128.0 128.0 128.0 0.0 1 1.0 1.0
84000.0 86000.0 2 2 267.0 267.0 264.0 2502.0 2502.0 1230.0 1230.0 6.0 1906516.0 1906516.0 0.0 0.0 3.0 1224.0 551.2109999999957 540.8239999999932 546.0174999999945 7.344718136186398 8000.0 8000.0 8000.0 0.0 128.0 128.0 128.0 0.0 1 1.0 1.0
86000.0 88000.0 2 2 315.0 315.0 312.0 2502.0 2502.0 1418.0 1418.0 5.0 2151426.0 2151426.0 0.0 0.0 3.0 1413.0 527.252999999997 398.1300000000192 462.6915000000081 91.30374890713486 8000.0 8000.0 8000.0 0.0 128.0 128.0 128.0 0.0 1 1.0 1.0
88000.0 90000.0 2 2 353.0 353.0 350.0 2502.0 2502.0 1189.0 1189.0 5.0 1975078.0 1975078.0 0.0 0.0 3.0 1184.0 683.6710000000021 412.9349999999977 548.3029999999999 191.43926151132425 8000.0 8000.0 8000.0 0.0 128.0 128.0 128.0 0.0 1 1.0 1.0
90000.0 92000.0 2 2 298.0 298.0 295.0 2502.0 2502.0 1200.0 1200.0 5.0 1993780.0 1993780.0 0.0 0.0 3.0 1195.0 490.1840000000084 474.2630000000063 482.22350000000733 11.257847063272505 8000.0 8000.0 8000.0 0.0 128.0 128.0 128.0 0.0 1 1.0 1.0
92000.0 94000.0 2 2 385.0 385.0 382.0 2502.0 2502.0 1268.0 1268.0 5.0 1855621.0 1855621.0 0.0 0.0 3.0 1263.0 669.1970000000001 434.68299999999 551.939999999995 165.82643968318916 8000.0 8000.0 8000.0 0.0 128.0 128.0 128.0 0.0 1 1.0 1.0
94000.0 96000.0 2 2 323.0 323.0 320.0 2502.0 2502.0 1227.0 1227.0 5.0 2025426.0 2025425.0 0.0 1.0 3.0 1222.0 800.6330000000016 401.14899999999034 600.890999999996 282.47784537553474 8000.0 8000.0 8000.0 0.0 128.0 128.0 128.0 0.0 1 1.0 1.0
96000.0 98000.0 2 2 399.0 399.0 396.0 2502.0 2502.0 1182.0 1182.0 5.0 1848844.0 1848844.0 0.0 0.0 3.0 1177.0 706.6379999999917 495.5130000000063 601.075499999999 149.28791917799956 8000.0 8000.0 8000.0 0.0 128.0 128.0 128.0 0.0 1 1.0 1.0
98000.0 100000.0 2 2 466.0 466.0 463.0 2502.0 2502.0 1390.0 1390.0 5.0 2090397.0 2090396.0 0.0 1.0 3.0 1385.0 720.5329999999958 711.2430000000022 715.887999999999 6.569021997218499 8000.0 8000.0 8000.0 0.0 128.0 128.0 128.0 0.0 1 1.0 1.0
100000.0 102000.0 2 2 382.0 382.0 379.0 2502.0 2502.0 1170.0 1170.0 5.0 1905773.0 1905773.0 0.0 0.0 3.0 1165.0 607.6570000000065 571.1280000000115 589.392500000009 25.829903609959853 8000.0 8000.0 8000.0 0.0 128.0 128.0 128.0 0.0 1 1.0 1.0
102000.0 104000.0 2 2 320.0 320.0 317.0 2502.0 2502.0 1310.0 1310.0 6.0 1963918.0 1963918.0 0.0 0.0 3.0 1304.0 670.3959999999934 592.4239999999991 631.4099999999962 55.13452994267345 8000.0 8000.0 8000.0 0.0 128.0 128.0 128.0 0.0 1 1.0 1.0
104000.0 106000.0 2 2 359.0 359.0 356.0 2502.0 2502.0 1238.0 1238.0 5.0 2061309.0 2061309.0 0.0 0.0 3.0 1233.0 538.5800000000017 430.49899999999616 484.53949999999895 76.4248080174272 8000.0 8000.0 8000.0 0.0 128.0 128.0 128.0 0.0 1 1.0 1.0
106000.0 108000.0 2 2 265.0 265.0 262.0 2502.0 2502.0 980.0 980.0 5.0 1767460.0 1767460.0 0.0 0.0 3.0 975.0 434.6880000000092 418.90699999999197 426.7975000000006 11.15885211391709 8000.0 8000.0 8000.0 0.0 128.0 128.0 128.0 0.0 1 1.0 1.0
108000.0 110000.0 3 3 316.0 316.0 312.0 2502.0 2502.0 1167.0 1167.0 5.0 2063442.0 2063442.0 0.0 0.0 3.0 1161.0 530.1489999999903 350.6579999999958 426.59899999999715 92.87597876199837 8000.0 8000.0 8000.0 0.0 128.0 128.0 128.0 0.0 1 1.0 1.0
110000.0 112000.0 2 2 300.0 300.0 297.0 2502.0 2502.0 1267.0 1267.0 6.0 1949616.0 1949616.0 0.0 0.0 3.0 1261.0 877.3399999999965 690.8930000000109 784.1165000000037 131.83793803187802 8000.0 8000.0 8000.0 0.0 128.0 128.0 128.0 0.0 1 1.0 1.0
112000.0 114000.0 4 2 488.6131851514251 488.6131851514251 484.89766021228326 3103.5599985538784 3103.5599985538784 1615.9164591498077 1615.9164591498077 7.431049878283689 2483772.1295685447 2483771.1295685447 0.0 1.0 3.7155249391418446 1608.485409271524 858.5419999999867 121.14697265625 470.37602001952473 403.5765321599745 8000.0 8000.0 8000.0 0.0 128.0 128.0 128.0 0.0 2 2.0 1.0
114000.0 116000.0 5 2 383.00340688739817 383.00340688739817 379.487416202922 2935.3761565324435 2935.3761565324435 1170.2631417568282 1170.2631417568282 6.1186870246287155 1796488.1241899915 1796488.1241899915 0.0 0.0 3.515990684476115 1164.1444547321994 924.1020000000135 14.1640625 309.65557421875417 363.85663112909407 8000.0 8000.0 8000.0 0.0 128.0 128.0 128.0 0.0 1 1.0 1.0
116000.0 118000.0 4 2 629.3834079611768 629.3834079611768 625.6149235847947 3149.0638449136786 3149.0638449136786 2189.820399093364 2189.820399093364 8.450263097087596 3407958.7462414633 3407958.7462414633 0.0 0.0 3.768484376382041 2181.3701359962765 728.8349999999919 149.19393750000745 424.84351220703684 237.74720616931043 8000.0 8000.0 8000.0 0.0 128.0 128.0 128.0 0.0 1 1.0 1.0
118000.0 120000.0 2 2 321.0 321.0 318.0 2502.0 2502.0 1251.0 1251.0 5.0 1971556.0 1971556.0 0.0 0.0 3.0 1246.0 675.1059999999998 397.38200000001234 536.244000000006 196.38052369824382 8000.0 8000.0 8000.0 0.0 128.0 128.0 128.0 0.0 1 1.0 1.0
120000.0 122000.0 2 2 323.0 323.0 320.0 2502.0 2502.0 1116.0 1116.0 5.0 1934527.0 1934527.0 0.0 0.0 3.0 1111.0 658.4629999999888 398.32399999999325 528.393499999991 183.94605095108415 8000.0 8000.0 8000.0 0.0 128.0 128.0 128.0 0.0 1 1.0 1.0
122000.0 124000.0 2 2 314.0 314.0 311.0 2502.0 2502.0 1280.0 1280.0 5.0 1932104.0 1932104.0 0.0 0.0 3.0 1275.0 570.1210000000137 480.88300000000163 525.5020000000077 63.10079493953369 8000.0 8000.0 8000.0 0.0 128.0 128.0 128.0 0.0 1 1.0 1.0
124000.0 126000.0 2 2 324.0 324.0 321.0 2502.0 2502.0 1287.0 1287.0 5.0 2052994.0 2052994.0 0.0 0.0 3.0 1282.0 518.627999999997 400.8420000000042 459.7350000000006 83.28727932883358 8000.0 8000.0 8000.0 0.0 128.0 128.0 128.0 0.0 1 1.0 1.0
126000.0 128000.0 0 0 0.0 0.0 0.0 0.0 0.0 0.0 0.0 0.0 0.0 0.0 0.0 0.0 0.0 0.0 0.0 0.0 0.0 0.0 0.0 0.0 0.0 0.0 0.0 0.0 0.0 0.0 0  
128000.0 130000.0 4 2 714.0 714.0 708.0 5004.0 5004.0 2442.0 2442.0 10.0 3899731.0 3899731.0 0.0 0.0 6.0 2432.0 890.5439999999944 55.37299999999232 510.8747499999954 401.0834610396986 8000.0 8000.0 8000.0 0.0 128.0 128.0 128.0 0.0 2 2.0 2.0
130000.0 132000.0 2 2 383.0 383.0 380.0 2502.0 2502.0 1123.0 1123.0 5.0 1942602.0 1942602.0 0.0 0.0 3.0 1118.0 615.9739999999874 481.8489999999874 548.9114999999874 94.84069702664569 8000.0 8000.0 8000.0 0.0 128.0 128.0 128.0 0.0 1 1.0 1.0
132000.0 134000.0 2 2 329.0 329.0 326.0 2502.0 2502.0 1100.0 1100.0 5.0 1992683.0 1992683.0 0.0 0.0 3.0 1095.0 456.81400000001304 382.06200000000536 419.4380000000092 52.857646107262234 8000.0 8000.0 8000.0 0.0 128.0 128.0 128.0 0.0 1 1.0 1.0
134000.0 136000.0 2 2 355.0 355.0 352.0 2502.0 2502.0 1191.0 1191.0 5.0 2117141.0 2117141.0 0.0 0.0 3.0 1186.0 494.1730000000098 382.61900000000605 438.3960000000079 78.88058986848675 8000.0 8000.0 8000.0 0.0 128.0 128.0 128.0 0.0 1 1.0 1.0
136000.0 138000.0 2 2 322.0 322.0 319.0 2502.0 2502.0 1021.0 1021.0 5.0 1851703.0 1851703.0 0.0 0.0 3.0 1016.0 496.29899999999907 361.49600000001374 428.8975000000064 95.32011542427979 8000.0 8000.0 8000.0 0.0 128.0 128.0 128.0 0.0 1 1.0 1.0
138000.0 140000.0 2 2 348.0 348.0 345.0 2502.0 2502.0 1240.0 1240.0 5.0 2208041.0 2208041.0 0.0 0.0 3.0 1235.0 597.3479999999981 458.66300000000047 528.0054999999993 98.0651039488547 8000.0 8000.0 8000.0 0.0 128.0 128.0 128.0 0.0 1 1.0 1.0
140000.0 142000.0 2 2 254.0 254.0 251.0 2502.0 2502.0 920.0 920.0 5.0 1610064.0 1610064.0 0.0 0.0 3.0 915.0 662.9239999999991 396.66699999998673 529.7954999999929 188.2721302383953 8000.0 8000.0 8000.0 0.0 128.0 128.0 128.0 0.0 1 1.0 1.0
142000.0 144000.0 2 2 258.0 258.0 255.0 2502.0 2502.0 1147.0 1147.0 5.0 1935330.0 1935330.0 0.0 0.0 3.0 1142.0 494.5909999999858 405.86999999999534 450.23049999999057 62.73522073364493 8000.0 8000.0 8000.0 0.0 128.0 128.0 128.0 0.0 1 1.0 1.0
144000.0 146000.0 2 2 351.0 351.0 348.0 2502.0 2502.0 1448.0 1448.0 5.0 2389581.0 2389581.0 0.0 0.0 3.0 1443.0 633.2300000000105 429.5370000000112 531.3835000000108 144.03270158023093 8000.0 8000.0 8000.0 0.0 128.0 128.0 128.0 0.0 1 1.0 1.0
146000.0 148000.0 2 2 244.0 244.0 241.0 2502.0 2502.0 1049.0 1049.0 5.0 1593098.0 1593098.0 0.0 0.0 3.0 1044.0 515.7660000000033 442.7149999999965 479.2404999999999 51.654857472463256 8000.0 8000.0 8000.0 0.0 128.0 128.0 128.0 0.0 1 1.0 1.0
148000.0 150000.0 2 2 266.0 266.0 263.0 2502.0 2502.0 894.0 894.0 5.0 1625357.0 1625357.0 0.0 0.0 3.0 889.0 501.2149999999965 430.8640000000014 466.03949999999895 49.74566916325135 8000.0 8000.0 8000.0 0.0 128.0 128.0 128.0 0.0 1 1.0 1.0
150000.0 152000.0 2 2 365.0 365.0 362.0 2502.0 2502.0 1076.0 1076.0 5.0 1921461.0 1921461.0 0.0 0.0 3.0 1071.0 432.9429999999993 397.8390000000072 415.39100000000326 24.822276446766967 8000.0 8000.0 8000.0 0.0 128.0 128.0 128.0 0.0 1 1.0 1.0
152000.0 154000.0 2 2 302.0 302.0 299.0 2502.0 2502.0 1022.0 1022.0 5.0 1921323.0 1921322.0 0.0 1.0 3.0 1017.0 723.8619999999937 429.4429999999993 576.6524999999965 208.1856714101582 8000.0 8000.0 8000.0 0.0 128.0 128.0 128.0 0.0 1 1.0 1.0
154000.0 156000.0 2 2 281.0 281.0 278.0 2502.0 2502.0 993.0 993.0 5.0 1748691.0 1748691.0 0.0 0.0 3.0 988.0 418.0249999999942 400.2289999999921 409.12699999999313 12.583672277997282 8000.0 8000.0 8000.0 0.0 128.0 128.0 128.0 0.0 1 1.0 1.0
156000.0 158000.0 2 2 249.0 249.0 246.0 2502.0 2502.0 954.0 954.0 5.0 1820426.0 1820426.0 0.0 0.0 3.0 949.0 579.7989999999991 428.3440000000119 504.07150000000547 107.0948575445995 8000.0 8000.0 8000.0 0.0 128.0 128.0 128.0 0.0 1 1.0 1.0
158000.0 160000.0 2 2 297.0 297.0 294.0 2502.0 2502.0 1189.0 1189.0 5.0 2290488.0 2290488.0 0.0 0.0 3.0 1184.0 529.4569999999949 408.75399999998626 469.10549999999057 85.34990980956594 8000.0 8000.0 8000.0 0.0 128.0 128.0 128.0 0.0 1 1.0 1.0
160000.0 162000.0 4 4 486.8384747203734 485.3668657992331 476.9520390358122 7613.294996719947 7034.41757126519 1351.2921984597042 1351.2921984597042 14.358044605701512 2346931.591762151 2346931.591762151 0.8450765335105951 0.0 8.414826763420908 1335.4625449328623 716.8900000000431 466.65299999999115 608.5938188476721 103.9904104701174 8000.0 8000.0 8000.0 0.0 128.0 128.0 128.0 0.0 2 2.0 1.0
162000.0 164000.0 6 4 383.16056581960777 382.63217474074816 378.04700150416903 4063.705003280051 3957.582428734809 1419.134052642087 1419.134052642087 7.6419553942984875 2800557.939315742 2800557.939315742 0.15492346648940494 0.0 4.5851732365790925 1410.9637061689289 979.4500000000407 114.54003125001327 494.1426324869826 286.7527733805435 8000.0 8000.0 8000.0 0.0 128.0 128.0 128.0 0.0 1 1.0 1.0
164000.0 166000.0 4 2 152.80076395012836 152.80076395012836 149.80076395012836 2502.0 2502.0 305.1512225494903 305.1512225494903 5.102213532893759 732988.4128224368 732988.4128224368 0.0 0.0 3.0 300.04900901659653 991.4459999999963 422.1709296875051 672.8055556640611 251.40563764090933 8000.0 8000.0 8000.0 0.0 128.0 128.0 128.0 0.0 1 1.0 1.0
166000.0 168000.0 5 3 111.99896535881612 111.34298996183762 107.6870145648591 1660.0 1660.0 189.34080413721443 189.34080413721443 4.897786467106241 475740.1161266802 475740.1161266802 0.0 0.0 2.0 183.4430176701082 976.5810000000056 380.5450000000128 546.3931566406507 244.2466732238646 0.0 0.0 0.0 0.0 128.0 128.0 128.0 0.0 0 1.0 1.0
168000.0 170000.0 5 3 260.2012301510743 259.8572055480528 251.5131809450313 6693.0 6693.0 825.081722211504 825.081722211504 13.0 1577688.9399729902 1577688.9399729902 0.0 0.0 8.0 812.081722211504 967.0160000000033 45.22500000000582 487.43678476561325 443.115001655955 4400.0 840.0 1730.0 1780.0 128.0 128.0 128.0 0.0 4 3.0 1.0
170000.0 172000.0 2 2 272.0 272.0 269.0 2502.0 2502.0 846.0 846.0 5.0 1719402.0 1719402.0 0.0 0.0 3.0 841.0 462.7589999999909 379.99299999998766 421.3759999999893 58.524399851688095 8000.0 8000.0 8000.0 0.0 128.0 128.0 128.0 0.0 1 1.0 1.0
172000.0 174000.0 2 2 346.0 346.0 343.0 2502.0 2502.0 1185.0 1185.0 5.0 2018297.0 2018297.0 0.0 0.0 3.0 1180.0 651.1810000000114 412.08699999999953 531.6340000000055 169.0649887410248 8000.0 8000.0 8000.0 0.0 128.0 128.0 128.0 0.0 1 1.0 1.0
174000.0 176000.0 2 2 378.0 378.0 375.0 2502.0 2502.0 1251.0 1251.0 5.0 2120290.0 2120290.0 0.0 0.0 3.0 1246.0 478.15499999999884 383.34599999999045 430.75049999999464 67.04008681752131 8000.0 8000.0 8000.0 0.0 128.0 128.0 128.0 0.0 1 1.0 1.0
176000.0 178000.0 2 2 459.0 459.0 456.0 2502.0 2502.0 1346.0 1346.0 5.0 2095321.0 2095321.0 0.0 0.0 3.0 1341.0 465.375 430.67800000004354 448.02650000002177 24.534483986798854 8000.0 8000.0 8000.0 0.0 128.0 128.0 128.0 0.0 1 1.0 1.0
178000.0 180000.0 2 2 384.0 384.0 381.0 2502.0 2502.0 1086.0 1086.0 5.0 1856807.0 1856807.0 0.0 0.0 3.0 1081.0 406.9739999999874 378.7619999999879 392.86799999998766 19.94889651083455 8000.0 8000.0 8000.0 0.0 128.0 128.0 128.0 0.0 1 1.0 1.0
180000.0 182000.0 2 2 258.0 258.0 255.0 2502.0 2502.0 983.0 983.0 5.0 1684714.0 1684714.0 0.0 0.0 3.0 978.0 499.48499999998603 413.07300000000396 456.278999999995 61.102511175879265 8000.0 8000.0 8000.0 0.0 128.0 128.0 128.0 0.0 1 1.0 1.0
182000.0 184000.0 2 2 380.0 380.0 377.0 2502.0 2502.0 1221.0 1221.0 5.0 2101825.0 2101825.0 0.0 0.0 3.0 1216.0 468.7589999999909 378.1400000000431 423.449500000017 64.07730940430687 8000.0 8000.0 8000.0 0.0 128.0 128.0 128.0 0.0 1 1.0 1.0
184000.0 186000.0 2 2 336.5653588277246 336.5653588277246 333.59613948015016 2476.082690657652 2476.082690657652 1068.6029921182335 1068.6029921182335 4.938438695148817 1864788.9997300513 1864788.0305107038 0.0 0.9692193475744088 2.9692193475744086 1063.6645534230847 884.581298828125 384.2129999999888 634.3971494140569 353.81381719215193 8000.0 8000.0 8000.0 0.0 128.0 128.0 128.0 0.0 1 1.0 1.0
186000.0 188000.0 3 2 286.43464117227546 286.43464117227546 283.40386051984984 2527.917309342348 2527.917309342348 1073.3970078817665 1073.3970078817665 5.061561304851183 1962638.0002699487 1962637.9694892964 0.0 0.030780652425591283 3.0307806524255914 1068.3354465769153 518.3660000000091 28.09270117187407 308.4202337239597 252.6008148325266 8000.0 8000.0 8000.0 0.0 128.0 128.0 128.0 0.0 1 1.0 1.0
188000.0 190000.0 2 2 387.0 387.0 384.0 2502.0 2502.0 1279.0 1279.0 5.0 2150535.0 2150535.0 0.0 0.0 3.0 1274.0 437.47299999999814 308.22000000000116 372.84649999999965 91.39567278870268 8000.0 8000.0 8000.0 0.0 128.0 128.0 128.0 0.0 1 1.0 1.0
190000.0 192000.0 2 2 359.0 359.0 356.0 2502.0 2502.0 1130.0 1130.0 5.0 1879095.0 1879095.0 0.0 0.0 3.0 1125.0 494.92799999998533 472.1230000000214 483.5255000000034 16.125570144933697 8000.0 8000.0 8000.0 0.0 128.0 128.0 128.0 0.0 1 1.0 1.0
192000.0 194000.0 2 2 266.0 266.0 263.0 2502.0 2502.0 932.0 932.0 5.0 1596968.0 1596968.0 0.0 0.0 3.0 927.0 568.3340000000026 410.61000000001513 489.47200000000885 111.52770995585813 8000.0 8000.0 8000.0 0.0 128.0 128.0 128.0 0.0 1 1.0 1.0
194000.0 196000.0 2 2 378.0 378.0 375.0 2502.0 2502.0 1182.0 1182.0 5.0 2075615.0 2075615.0 0.0 0.0 3.0 1177.0 467.3640000000305 447.25399999998626 457.3090000000084 14.219917369692752 8000.0 8000.0 8000.0 0.0 128.0 128.0 128.0 0.0 1 1.0 1.0
196000.0 198000.0 2 2 376.0 376.0 373.0 2502.0 2502.0 986.0 986.0 5.0 1745724.0 1745724.0 0.0 0.0 3.0 981.0 485.22300000002724 432.1130000000121 458.6680000000197 37.55444114882824 8000.0 8000.0 8000.0 0.0 128.0 128.0 128.0 0.0 1 1.0 1.0
198000.0 200000.0 2 2 275.0 275.0 272.0 2502.0 2502.0 936.0 936.0 5.0 1882995.0 1882995.0 0.0 0.0 3.0 931.0 575.8820000000123 409.2970000000205 492.5895000000164 117.79338314395525 8000.0 8000.0 8000.0 0.0 128.0 128.0 128.0 0.0 1 1.0 1.0
200000.0 202000.0 2 2 262.0 262.0 259.0 2502.0 2502.0 1037.0 1037.0 5.0 1786432.0 1786432.0 0.0 0.0 3.0 1032.0 432.95100000000093 294.12099999998463 363.5359999999928 98.16763443213992 8000.0 8000.0 8000.0 0.0 128.0 128.0 128.0 0.0 1 1.0 1.0
202000.0 204000.0 2 2 372.0 372.0 369.0 2502.0 2502.0 1441.0 1441.0 5.0 2334140.0 2334140.0 0.0 0.0 3.0 1436.0 670.88400000002 477.6110000000044 574.2475000000122 136.66464892027864 8000.0 8000.0 8000.0 0.0 128.0 128.0 128.0 0.0 1 1.0 1.0
204000.0 206000.0 2 2 316.0 316.0 313.0 2502.0 2502.0 971.0 971.0 5.0 1691441.0 1691441.0 0.0 0.0 3.0 966.0 426.41699999998673 361.91399999998976 394.16549999998824 45.61050870687374 8000.0 8000.0 8000.0 0.0 128.0 128.0 128.0 0.0 1 1.0 1.0
206000.0 208000.0 5 4 370.1048213348394 369.1048213348394 361.1048213348394 7070.0 6353.0 1519.1146955876648 1519.1146955876648 14.0 2619970.6096896636 2619970.6096896636 1.0 0.0 8.0 1504.1146955876648 999.7429999999586 0.0 437.00059140624364 425.80696311751973 8000.0 8000.0 8000.0 0.0 128.0 128.0 128.0 0.0 2 2.0 1.0
208000.0 210000.0 4 3 531.8951786651605 530.8951786651605 525.8951786651605 4639.0 4639.0 2106.8853044123352 2106.8853044123352 9.0 3371281.3903103364 3371281.3903103364 1.0 0.0 5.0 2096.8853044123352 598.505999999994 97.83404296875233 353.128260742189 205.11934063320066 8000.0 8000.0 8000.0 0.0 128.0 128.0 128.0 0.0 1 1.0 1.0
210000.0 212000.0 2 2 186.0 186.0 183.0 2502.0 2502.0 921.0 921.0 5.0 1621288.0 1621288.0 0.0 0.0 3.0 916.0 559.4409999999916 377.94699999995646 468.69399999997404 128.3356381446961 8000.0 8000.0 8000.0 0.0 128.0 128.0 128.0 0.0 1 1.0 1.0
212000.0 214000.0 4 4 305.0 305.0 301.0 2502.0 2502.0 942.0 942.0 6.0 1911134.0 1911134.0 0.0 0.0 3.0 934.0 563.6350000000093 48.99400000003516 377.96300000001065 228.02885488023918 8000.0 8000.0 8000.0 0.0 128.0 128.0 128.0 0.0 1 1.0 1.0
214000.0 216000.0 3 3 311.0 311.0 307.0 2502.0 2502.0 1239.0 1239.0 6.0 2084985.0 2084985.0 0.0 0.0 3.0 1233.0 616.0879999999888 28.64199999999255 357.3209999999963 299.8982603100593 8000.0 8000.0 8000.0 0.0 128.0 128.0 128.0 0.0 1 1.0 1.0
216000.0 218000.0 2 2 281.0 281.0 278.0 2502.0 2502.0 1187.0 1187.0 5.0 2124202.0 2124202.0 0.0 0.0 3.0 1182.0 668.2390000000014 410.125 539.1820000000007 182.51415971918553 8000.0 8000.0 8000.0 0.0 128.0 128.0 128.0 0.0 1 1.0 1.0
218000.0 220000.0 1 1 3.0 3.0 2.0 820.0 820.0 4.0 4.0 2.0 2920.0 2920.0 0.0 0.0 1.0 2.0 281.1389999999956 281.1389999999956 281.1389999999956 0.0 0.0 0.0 0.0 0.0 0.0 0.0 0.0 0.0 0 0.0 1.0
220000.0 222000.0 3 3 417.9907413347579 417.3674644677859 411.4976338668698 5198.741786709614 5198.741786709614 1226.5037376879384 1226.5037376879384 10.116384334860042 2333472.727380975 2333472.727380975 0.0 0.0 5.869830600916025 1215.7640764861064 655.859999999986 533.9629999999597 604.3527024739597 63.10410893686754 8000.0 8000.0 8000.0 0.0 128.0 128.0 128.0 0.0 2 2.0 1.0
222000.0 224000.0 5 3 604.513415762966 604.1366926299381 600.0065232308541 3624.2582132903867 3624.2582132903867 1563.5441330837523 1563.5441330837523 6.883615665139958 2989523.57723115 2989523.57723115 0.0 0.0 4.130169399083975 1556.2837942855842 983.3880000000063 376.6978925780859 598.041401171888 244.61452942015185 8000.0 8000.0 8000.0 0.0 128.0 128.0 128.0 0.0 1 1.0 1.0
224000.0 226000.0 4 2 105.22177739738461 105.22177739738461 104.22177739738461 820.0 820.0 169.81746467396127 169.81746467396127 2.0 401979.1238594228 401979.1238594228 0.0 0.0 1.0 167.81746467396127 983.7300000000396 296.2969999999914 525.186044433598 311.38707800548207 0.0 0.0 0.0 0.0 0.0 0.0 0.0 0.0 0 0.0 1.0
226000.0 228000.0 3 2 50.27406550489144 50.27406550489144 49.27406550489144 820.0 820.0 77.13466455434806 77.13466455434806 2.0 195674.5715284517 195674.5715284517 0.0 0.0 1.0 75.13466455434806 750.1160000000382 281.0219999999972 524.5539029948122 235.06271642795082 0.0 0.0 0.0 0.0 0.0 0.0 0.0 0.0 0 0.0 1.0
228000.0 230000.0 4 3 766.1061918895841 765.1061918895841 760.387932944071 3108.236350509328 3108.236350509328 2419.0197296467636 2419.0197296467636 6.233874689836939 4419319.262734172 4416200.300848424 0.0 1.3482544174700206 3.7182589455131123 2412.785854956927 993.8030000000144 16.681884765595896 319.0355000000054 459.3303576501664 8000.0 8000.0 8000.0 0.0 128.0 128.0 128.0 0.0 3 1.0 1.0
230000.0 232000.0 4 2 912.8938081104159 912.8938081104159 905.612067055929 6101.763649490672 6101.763649490672 3202.9802703532364 3202.9802703532364 13.76612531016306 5453985.737265828 5443224.699151576 0.0 4.651745582529979 7.281741054486887 3189.214145043073 775.2358847656287 409.99299999995856 630.1007499999905 165.94568634922453 8000.0 8000.0 8000.0 0.0 128.0 128.0 128.0 0.0 2 3.0 1.0
232000.0 234000.0 2 2 257.0 257.0 254.0 2502.0 2502.0 924.0 924.0 6.0 1838783.0 1838783.0 0.0 0.0 3.0 918.0 551.9040000000386 546.5200000000186 549.2120000000286 3.8070629099225304 8000.0 8000.0 8000.0 0.0 128.0 128.0 128.0 0.0 1 1.0 1.0
234000.0 236000.0 2 2 347.0 347.0 344.0 2502.0 2502.0 1124.0 1124.0 5.0 2023511.0 2023511.0 0.0 0.0 3.0 1119.0 533.515000000014 360.70800000001327 447.1115000000136 122.19300153650421 8000.0 8000.0 8000.0 0.0 128.0 128.0 128.0 0.0 1 1.0 1.0
236000.0 238000.0 2 2 476.0 476.0 473.0 2502.0 2502.0 1185.0 1185.0 5.0 2003062.0 2003062.0 0.0 0.0 3.0 1180.0 442.67500000004657 429.02900000006775 435.85200000005716 9.649179136056645 8000.0 8000.0 8000.0 0.0 128.0 128.0 128.0 0.0 1 1.0 1.0
238000.0 240000.0 2 2 310.0 310.0 307.0 2502.0 2502.0 1208.0 1208.0 5.0 1873847.0 1873847.0 0.0 0.0 3.0 1203.0 454.3209999999963 393.01699999999255 423.6689999999944 43.34847411386274 8000.0 8000.0 8000.0 0.0 128.0 128.0 128.0 0.0 1 1.0 1.0
240000.0 242000.0 2 2 489.0 489.0 486.0 2502.0 2502.0 1280.0 1280.0 5.0 2052948.0 2052948.0 0.0 0.0 3.0 1275.0 495.77700000000186 390.6620000000112 443.2195000000065 74.32752930441735 8000.0 8000.0 8000.0 0.0 128.0 128.0 128.0 0.0 1 1.0 1.0
242000.0 244000.0 2 2 356.0 356.0 353.0 2502.0 2502.0 1068.0 1068.0 5.0 1763925.0 1763925.0 0.0 0.0 3.0 1063.0 453.0349999999744 404.7370000000228 428.8859999999986 34.15184331771363 8000.0 8000.0 8000.0 0.0 128.0 128.0 128.0 0.0 1 1.0 1.0
244000.0 246000.0 2 2 303.0 303.0 300.0 2502.0 2502.0 1172.0 1172.0 5.0 1891800.0 1891800.0 0.0 0.0 3.0 1167.0 507.02899999998044 402.32299999997485 454.67599999997765 74.0383226309226 8000.0 8000.0 8000.0 0.0 128.0 128.0 128.0 0.0 1 1.0 1.0
246000.0 248000.0 4 4 205.9100024813126 205.5609933942824 201.65180536461057 3665.064452439188 3014.5695304252763 809.7276410825626 809.7276410825626 7.033821693401201 1205822.3986004412 1205822.3986004412 0.6393726063050378 0.0 3.909188029671833 802.3448103021312 545.529296875 122.643310546875 272.44744873046875 199.68443682428747 8000.0 8000.0 8000.0 0.0 128.0 128.0 128.0 0.0 2 2.0 1.0
248000.0 250000.0 6 4 444.2707130980236 442.6197221850538 431.93855242505754 10913.535302859826 6282.321918844102 1724.2482533916072 1724.2482533916072 16.351714991100895 2529561.5642550327 2529561.5642550327 4.155806288528994 0.0 10.681169759996232 1706.2455474875367 731.1798945312621 239.54770312499022 433.32137565103284 217.93695640005146 0.0 0.0 0.0 0.0 0.0 0.0 0.0 0.0 0 0.0 1.0
250000.0 252000.0 3 3 320.81928442066385 320.81928442066385 317.4096422103319 2799.4002447009857 2515.108550730622 1226.0241055258298 1226.0241055258298 5.614463315497904 1836064.0371445257 1836064.0371445257 0.204821105165968 0.0 3.409642210331936 1220.4096422103319 522.8979999999865 62.02495117188664 360.0823170572985 258.493184412882 8000.0 8000.0 8000.0 0.0 128.0 128.0 128.0 0.0 1 1.0 1.0
252000.0 254000.0 4 4 402.5520877337502 402.5520877337502 395.0 5490.85787181768 3879.21446795442 1181.6380219334376 1181.6380219334376 8.638021933437553 1756986.0 1756986.0 1.9140658003126603 0.0 6.552087733750214 1172.0 662.689000000013 50.1699999999837 498.2948193359334 299.26640422331513 8000.0 8000.0 8000.0 0.0 128.0 128.0 128.0 0.0 2 2.0 1.0
254000.0 256000.0 5 3 732.752065418676 732.752065418676 728.3041531524262 3721.14212818232 2806.78553204558 1974.342545756147 1974.342545756147 6.361978066562447 3050246.5480416063 3050246.5480416063 1.0859341996873395 0.0 4.447912266249786 1967.9805676895846 991.8489999999874 255.78899999998976 483.06520429686645 291.5294007031882 8000.0 8000.0 8000.0 0.0 128.0 128.0 128.0 0.0 1 1.0 1.0
256000.0 258000.0 5 4 366.4588658250728 364.4825639273229 349.62475254082347 13578.928379136816 8813.598816219539 872.8298474924146 872.8298474924146 16.881509488749515 1277513.489096463 1277513.489096463 3.9052075909996122 0.0 13.857811386499417 854.9720361059152 954.875 436.64199999999255 755.4031402343651 223.3040642743166 4400.0 1500.0 2225.0 1450.0 128.0 128.0 128.0 0.0 4 3.0 1.0
258000.0 260000.0 6 3 499.23698102250097 499.2132829202509 496.0710943067503 2669.071620863184 2553.40118378046 1378.1895848180006 1378.1895848180006 7.118490511250485 1937263.962861931 1937263.962861931 0.09479240900038789 0.0 3.142188613500582 1371.0473962045003 993.4789999999921 0.0 407.6661666666623 467.49041690345337 4400.0 4400.0 4400.0 0.0 128.0 128.0 128.0 0.0 1 1.0 1.0
260000.0 262000.0 2 2 375.0 375.0 372.0 2502.0 2502.0 1232.0 1232.0 5.0 1923720.0 1923720.0 0.0 0.0 3.0 1227.0 523.9919999999693 377.3609999999753 450.6764999999723 103.68377443216038 8000.0 8000.0 8000.0 0.0 128.0 128.0 128.0 0.0 1 1.0 1.0
262000.0 264000.0 3 3 376.0 376.0 373.0 2502.0 2502.0 1245.0 1245.0 5.0 2008788.0 2008788.0 0.0 0.0 3.0 1239.0 616.0230000000447 271.33299999998417 431.1600000000132 173.70348297317048 8000.0 8000.0 8000.0 0.0 128.0 128.0 128.0 0.0 1 1.0 1.0
264000.0 266000.0 3 3 328.0 328.0 324.0 2502.0 2502.0 1210.0 1210.0 6.0 1969342.0 1969342.0 0.0 0.0 3.0 1204.0 462.6849999999977 28.065999999991618 299.8253333333414 236.89189906018112 8000.0 8000.0 8000.0 0.0 128.0 128.0 128.0 0.0 1 1.0 1.0
266000.0 268000.0 1 1 1.0 1.0 0.0 820.0 820.0 2.0 2.0 2.0 0.0 0.0 0.0 0.0 1.0 0.0 279.8389999999781 279.8389999999781 279.8389999999781 0.0 0.0 0.0 0.0 0.0 0.0 0.0 0.0 0.0 0 0.0 1.0
268000.0 270000.0 1 1 2.0 2.0 1.0 820.0 820.0 4.0 4.0 2.0 2919.0 2919.0 0.0 0.0 1.0 2.0 286.68800000002375 286.68800000002375 286.68800000002375 0.0 0.0 0.0 0.0 0.0 0.0 0.0 0.0 0.0 0 0.0 1.0
270000.0 272000.0 3 3 1185.0 1184.0 1176.0 7134.0 6385.0 2180.0 2180.0 13.0 3761456.0 3761456.0 1.0 0.0 8.0 2166.0 891.1570000000065 463.62900000001537 740.7163333333447 240.25940424743334 8000.0 8000.0 8000.0 0.0 128.0 128.0 128.0 0.0 2 2.0 1.0
272000.0 274000.0 2 1 4.0 4.0 3.0 820.0 820.0 7.0 7.0 1.0 13472.0 13472.0 0.0 0.0 1.0 6.0 918.1900000000023 0.0 459.09500000000116 649.2583754176777 0.0 0.0 0.0 0.0 0.0 0.0 0.0 0.0 0 0.0 1.0
274000.0 276000.0 5 3 600.4700043944298 600.4700043944298 595.9982415863266 3740.2807588066944 3740.2807588066944 1481.367420617923 1481.367420617923 8.943525616206415 2352642.0903476095 2352642.0903476095 0.0 0.0 4.4717628081032075 1472.4238950017166 999.994000000006 19.268066406308208 485.3168562500156 478.9266883689637 8000.0 8000.0 8000.0 0.0 128.0 128.0 128.0 0.0 2 2.0 1.0
276000.0 278000.0 5 3 349.18345984996495 349.18345984996495 344.35259688706014 4042.5301403820454 2749.9895409228857 1079.2421336418743 1079.2421336418743 6.591558231132254 1677689.6168101986 1677689.6168101986 1.5350838473386696 0.0 4.8308629629047966 1072.650575410742 767.207275390625 54.87393359374255 415.1917988281348 303.6165868020937 8000.0 8000.0 8000.0 0.0 128.0 128.0 128.0 0.0 1 1.0 1.0
278000.0 280000.0 3 2 83.3465357556053 83.3465357556053 81.6491615266133 1407.1891008112602 1015.72970027042 156.3904457402026 156.3904457402026 2.4649161526613304 340077.29284219176 340077.29284219176 0.46491615266133035 0.0 1.6973742289919955 153.92552958754126 761.5889999999781 232.35672460938804 420.1479082031292 296.1889954858096 0.0 0.0 0.0 0.0 0.0 0.0 0.0 0.0 0 0.0 1.0
280000.0 282000.0 3 2 96.0 96.0 95.0 820.0 820.0 176.0 176.0 2.0 348713.0 348713.0 0.0 0.0 1.0 174.0 986.0050000000047 173.25 469.60800000000745 448.8379926510216 0.0 0.0 0.0 0.0 0.0 0.0 0.0 0.0 0 0.0 1.0
282000.0 284000.0 1 1 2.0 2.0 1.0 820.0 820.0 3.0 3.0 2.0 2915.0 2915.0 0.0 0.0 1.0 1.0 330.01500000001397 330.01500000001397 330.01500000001397 0.0 0.0 0.0 0.0 0.0 0.0 0.0 0.0 0.0 0 0.0 1.0
284000.0 286000.0 4 3 88.14754236009634 87.14754236009634 78.22945331790828 6623.5191620477035 6623.5191620477035 171.99801001048235 171.99801001048235 11.103253248113312 292643.86023264896 292643.86023264896 0.0 0.0 7.9180890421880585 160.894756762369 982.3950000000186 13.530029296875 512.8137558593735 403.6819093834215 288.0 288.0 288.0 0.0 128.0 128.0 128.0 0.0 4 3.0 1.0
286000.0 288000.0 5 2 1000.8524576399036 1000.8524576399036 991.7705466820917 7616.480837952296 7616.480837952296 3007.001989989518 3007.001989989518 20.89674675188669 4505566.139767351 4505566.139767351 0.0 0.0 9.081910957811942 2986.105243237631 980.5719707031385 243.5780058593955 670.869195312506 343.5427796682799 4400.0 4400.0 4400.0 0.0 128.0 128.0 128.0 0.0 4 4.0 1.0
288000.0 290000.0 2 2 359.0 359.0 356.0 2502.0 2502.0 740.0 740.0 5.0 1100545.0 1100545.0 0.0 0.0 3.0 735.0 420.6830000000191 378.5879999999888 399.63550000000396 29.765659954069122 4400.0 4400.0 4400.0 0.0 128.0 128.0 128.0 0.0 1 1.0 1.0
290000.0 292000.0 2 2 445.0 445.0 442.0 2502.0 2502.0 1319.0 1319.0 5.0 2136069.0 2136069.0 0.0 0.0 3.0 1314.0 469.44699999998556 380.1020000000717 424.77450000002864 63.176455365051176 8000.0 8000.0 8000.0 0.0 128.0 128.0 128.0 0.0 1 1.0 1.0
292000.0 294000.0 2 2 461.0 461.0 458.0 2502.0 2502.0 1290.0 1290.0 5.0 1925614.0 1925614.0 0.0 0.0 3.0 1285.0 463.9110000000219 398.87900000001537 431.3950000000186 45.984568194128165 8000.0 8000.0 8000.0 0.0 128.0 128.0 128.0 0.0 1 1.0 1.0
294000.0 296000.0 2 2 385.0 385.0 382.0 2502.0 2502.0 1272.0 1272.0 5.0 1882504.0 1882504.0 0.0 0.0 3.0 1267.0 375.8400000000256 265.2160000000149 320.52800000002026 78.22298056198821 8000.0 8000.0 8000.0 0.0 128.0 128.0 128.0 0.0 1 1.0 1.0
296000.0 298000.0 2 2 419.0 419.0 416.0 2502.0 2502.0 1404.0 1404.0 5.0 2150435.0 2150435.0 0.0 0.0 3.0 1399.0 465.96999999997206 402.8220000000438 434.3960000000079 44.6523790183174 8000.0 8000.0 8000.0 0.0 128.0 128.0 128.0 0.0 1 1.0 1.0
298000.0 300000.0 2 2 373.0 373.0 370.0 2502.0 2502.0 1068.0 1068.0 5.0 1680240.0 1680240.0 0.0 0.0 3.0 1063.0 476.00500000000466 345.08600000001024 410.54550000000745 92.57371268615766 8000.0 8000.0 8000.0 0.0 128.0 128.0 128.0 0.0 1 1.0 1.0
300000.0 302000.0 0 0 0.0 0.0 0.0 0.0 0.0 0.0 0.0 0.0 0.0 0.0 0.0 0.0 0.0 0.0 0.0 0.0 0.0 0.0 0.0 0.0 0.0 0.0 0.0 0.0 0.0 0.0 0  
