ts te nbins ncons c_pkts_all c_ack_cnt c_ack_cnt_p c_bytes_all c_bytes_uniq s_pkts_all s_ack_cnt s_ack_cnt_p s_bytes_all s_bytes_uniq c_pkts_retx s_pkts_retx c_pkts_data s_pkts_data max_bin min_bin avg_bin std_bin max_vid min_vid avg_vid std_vid max_aud min_aud avg_aud std_aud num_vid num_aud num_mfs
0 1000 0 0 0 0 0 0 0 0 0 0 0 0 0 0 0 0 0 0 0 0 0 0 0 0 0 0 0 0 0  
1000 2000 0 0 0 0 0 0 0 0 0 0 0 0 0 0 0 0 0 0 0 0 0 0 0 0 0 0 0 0 0  
2000 3000 0 0 0 0 0 0 0 0 0 0 0 0 0 0 0 0 0 0 0 0 0 0 0 0 0 0 0 0 0  
3000 4000 0 0 0 0 0 0 0 0 0 0 0 0 0 0 0 0 0 0 0 0 0 0 0 0 0 0 0 0 0  
4000 5000 0 0 0 0 0 0 0 0 0 0 0 0 0 0 0 0 0 0 0 0 0 0 0 0 0 0 0 0 0  
5000 6000 0 0 0 0 0 0 0 0 0 0 0 0 0 0 0 0 0 0 0 0 0 0 0 0 0 0 0 0 0  
6000 7000 1 1 6 5 4 979 979 10 10 1 17282 17282 0 0 1 8 155 155 155 0 0 0 0 0 0 0 0 0 0 0.0 1.0
7000 8000 5 4 932 928 911 15675 15675 1343 1343 25 2203779 2203779 0 0 17 1314 933 152 511 338 2300 2300 2300 0 128 128 128 0 5 5.0 0.0
8000 9000 3 2 329 329 322 5434 5434 749 749 11 1248846 1248846 0 0 6 737 848 47 575 457 2300 2300 2300 0 128 128 128 0 3 3.0 0.0
9000 10000 3 2 354 354 350 3533 3533 1071 1071 8 1723114 1723114 0 0 4 1062 639 73 400 292 4400 4400 4400 0 128 128 128 0 2 1.0 1.0
10000 11000 0 0 0 0 0 0 0 0 0 0 0 0 0 0 0 0 0 0 0 0 0 0 0 0 0 0 0 0 0  
11000 12000 2 2 400 400 397 2502 2502 774 774 5 1183526 1183526 0 0 3 769 486 468 477 13 4400 4400 4400 0 128 128 128 0 1 1.0 1.0
12000 13000 1 1 2 2 1 0 0 3 3 1 24 24 0 0 0 1 192 192 192 0 0 0 0 0 0 0 0 0 0 0.0 0.0
13000 14000 3 3 802 802 798 3332 3332 914 914 7 1706941 1706941 0 0 4 907 386 292 354 53 8000 8000 8000 0 128 128 128 0 2 1.0 1.0
14000 15000 0 0 0 0 0 0 0 0 0 0 0 0 0 0 0 0 0 0 0 0 0 0 0 0 0 0 0 0 0  
15000 16000 2 2 496 496 493 2502 2502 1323 1323 5 2117497 2117497 0 0 3 1318 445 399 422 32 8000 8000 8000 0 128 128 128 0 1 1.0 1.0
16000 17000 0 0 0 0 0 0 0 0 0 0 0 0 0 0 0 0 0 0 0 0 0 0 0 0 0 0 0 0 0  
17000 18000 2 2 422 422 419 2502 2502 1135 1135 5 1952712 1952712 0 0 3 1130 454 366 410 61 8000 8000 8000 0 128 128 128 0 1 1.0 1.0
18000 19000 0 0 0 0 0 0 0 0 0 0 0 0 0 0 0 0 0 0 0 0 0 0 0 0 0 0 0 0 0  
19000 20000 2 2 384 384 381 2502 2502 1197 1197 5 1991499 1991498 0 1 3 1192 554 466 510 62 8000 8000 8000 0 128 128 128 0 1 1.0 1.0
20000 21000 0 0 0 0 0 0 0 0 0 0 0 0 0 0 0 0 0 0 0 0 0 0 0 0 0 0 0 0 0  
21000 22000 2 2 445 445 442 2502 2502 1202 1202 5 2099224 2099224 0 0 3 1197 436 365 401 50 8000 8000 8000 0 128 128 128 0 1 1.0 1.0
22000 23000 0 0 0 0 0 0 0 0 0 0 0 0 0 0 0 0 0 0 0 0 0 0 0 0 0 0 0 0 0  
23000 24000 2 2 332 332 329 2502 2502 1079 1079 5 1799903 1799903 0 0 3 1074 400 351 376 34 8000 8000 8000 0 128 128 128 0 1 1.0 1.0
24000 25000 0 0 0 0 0 0 0 0 0 0 0 0 0 0 0 0 0 0 0 0 0 0 0 0 0 0 0 0 0  
25000 26000 2 2 395 395 392 2502 2502 1159 1159 5 1908920 1908920 0 0 3 1154 410 358 384 36 8000 8000 8000 0 128 128 128 0 1 1.0 1.0
26000 27000 0 0 0 0 0 0 0 0 0 0 0 0 0 0 0 0 0 0 0 0 0 0 0 0 0 0 0 0 0  
27000 28000 2 2 604 604 599 4184 4184 2289 2289 9 3812113 3812113 0 0 5 2280 914 605 759 218 8000 8000 8000 0 128 128 128 0 2 2.0 1.0
28000 29000 0 0 0 0 0 0 0 0 0 0 0 0 0 0 0 0 0 0 0 0 0 0 0 0 0 0 0 0 0  
29000 30000 2 2 517 517 514 2502 2502 1195 1195 5 2038804 2038804 0 0 3 1190 425 334 380 64 8000 8000 8000 0 128 128 128 0 1 1.0 1.0
30000 31000 0 0 0 0 0 0 0 0 0 0 0 0 0 0 0 0 0 0 0 0 0 0 0 0 0 0 0 0 0  
31000 32000 2 2 353 353 350 2502 2502 1155 1155 5 1889244 1889244 0 0 3 1150 395 305 350 63 8000 8000 8000 0 128 128 128 0 1 1.0 1.0
32000 33000 0 0 0 0 0 0 0 0 0 0 0 0 0 0 0 0 0 0 0 0 0 0 0 0 0 0 0 0 0  
33000 34000 2 2 348 348 345 2502 2502 1167 1167 5 1957960 1957960 0 0 3 1162 363 276 319 61 8000 8000 8000 0 128 128 128 0 1 1.0 1.0
34000 35000 0 0 0 0 0 0 0 0 0 0 0 0 0 0 0 0 0 0 0 0 0 0 0 0 0 0 0 0 0  
35000 36000 2 2 289 289 286 2502 2502 1144 1144 5 2014983 2014983 0 0 3 1139 347 276 311 50 8000 8000 8000 0 128 128 128 0 1 1.0 1.0
36000 37000 0 0 0 0 0 0 0 0 0 0 0 0 0 0 0 0 0 0 0 0 0 0 0 0 0 0 0 0 0  
37000 38000 2 2 424 424 421 2502 2502 1220 1220 5 2016242 2016242 0 0 3 1215 409 327 368 58 8000 8000 8000 0 128 128 128 0 1 1.0 1.0
38000 39000 0 0 0 0 0 0 0 0 0 0 0 0 0 0 0 0 0 0 0 0 0 0 0 0 0 0 0 0 0  
39000 40000 2 2 206 206 203 2502 2502 1224 1224 5 1951268 1951268 0 0 3 1219 407 303 355 73 8000 8000 8000 0 128 128 128 0 1 1.0 1.0
40000 41000 0 0 0 0 0 0 0 0 0 0 0 0 0 0 0 0 0 0 0 0 0 0 0 0 0 0 0 0 0  
41000 42000 2 2 333 333 330 2502 2502 944 944 5 1854245 1854245 0 0 3 939 436 333 385 72 8000 8000 8000 0 128 128 128 0 1 1.0 1.0
42000 43000 0 0 0 0 0 0 0 0 0 0 0 0 0 0 0 0 0 0 0 0 0 0 0 0 0 0 0 0 0  
43000 44000 2 2 325 325 322 2502 2502 1186 1186 5 1965365 1965365 0 0 3 1181 381 285 333 67 8000 8000 8000 0 128 128 128 0 1 1.0 1.0
44000 45000 0 0 0 0 0 0 0 0 0 0 0 0 0 0 0 0 0 0 0 0 0 0 0 0 0 0 0 0 0  
45000 46000 2 2 366 366 363 2502 2502 1202 1202 5 1975430 1975430 0 0 3 1197 369 299 334 50 8000 8000 8000 0 128 128 128 0 1 1.0 1.0
46000 47000 0 0 0 0 0 0 0 0 0 0 0 0 0 0 0 0 0 0 0 0 0 0 0 0 0 0 0 0 0  
47000 48000 2 2 446 446 443 2502 2502 1333 1333 5 2195185 2195184 0 1 3 1328 674 662 668 8 8000 8000 8000 0 128 128 128 0 1 1.0 1.0
48000 49000 0 0 0 0 0 0 0 0 0 0 0 0 0 0 0 0 0 0 0 0 0 0 0 0 0 0 0 0 0  
49000 50000 2 2 323 323 320 2502 2502 906 906 5 1722225 1722225 0 0 3 901 400 289 345 78 8000 8000 8000 0 128 128 128 0 1 1.0 1.0
50000 51000 0 0 0 0 0 0 0 0 0 0 0 0 0 0 0 0 0 0 0 0 0 0 0 0 0 0 0 0 0  
51000 52000 2 2 355 355 352 2502 2502 1162 1162 5 1897750 1897750 0 0 3 1157 399 312 356 61 8000 8000 8000 0 128 128 128 0 1 1.0 1.0
52000 53000 0 0 0 0 0 0 0 0 0 0 0 0 0 0 0 0 0 0 0 0 0 0 0 0 0 0 0 0 0  
53000 54000 2 2 790 790 785 4184 4184 2238 2238 9 3991606 3991606 0 0 5 2229 754 636 695 83 8000 8000 8000 0 128 128 128 0 2 2.0 1.0
54000 55000 0 0 0 0 0 0 0 0 0 0 0 0 0 0 0 0 0 0 0 0 0 0 0 0 0 0 0 0 0  
55000 56000 2 2 302 302 299 2502 2502 1114 1114 6 1944617 1944617 0 0 3 1108 787 337 562 318 8000 8000 8000 0 128 128 128 0 1 1.0 1.0
56000 57000 0 0 0 0 0 0 0 0 0 0 0 0 0 0 0 0 0 0 0 0 0 0 0 0 0 0 0 0 0  
57000 58000 2 2 306 306 303 2502 2502 1055 1055 5 1922669 1922669 0 0 3 1050 347 260 303 61 8000 8000 8000 0 128 128 128 0 1 1.0 1.0
58000 59000 1 1 1 1 0 0 0 1 1 0 21 21 0 0 0 0 750 750 750 0 0 0 0 0 0 0 0 0 0 0.0 0.0
59000 60000 3 3 378 378 375 2502 2502 1080 1080 5 1971679 1971679 0 0 3 1075 352 74 227 141 8000 8000 8000 0 128 128 128 0 1 1.0 1.0
60000 61000 0 0 0 0 0 0 0 0 0 0 0 0 0 0 0 0 0 0 0 0 0 0 0 0 0 0 0 0 0  
61000 62000 1 1 2 2 1 820 820 3 3 2 2913 2913 0 0 1 1 264 264 264 0 0 0 0 0 0 0 0 0 0 0.0 1.0
62000 63000 0 0 0 0 0 0 0 0 0 0 0 0 0 0 0 0 0 0 0 0 0 0 0 0 0 0 0 0 0  
63000 64000 2 2 860 860 855 4184 4184 2368 2368 9 3935713 3935713 0 0 5 2359 727 591 659 96 8000 8000 8000 0 128 128 128 0 2 2.0 1.0
64000 65000 0 0 0 0 0 0 0 0 0 0 0 0 0 0 0 0 0 0 0 0 0 0 0 0 0 0 0 0 0  
65000 66000 2 2 316 316 313 2502 2502 1209 1209 5 1953853 1953853 0 0 3 1204 330 265 297 46 8000 8000 8000 0 128 128 128 0 1 1.0 1.0
66000 67000 0 0 0 0 0 0 0 0 0 0 0 0 0 0 0 0 0 0 0 0 0 0 0 0 0 0 0 0 0  
67000 68000 2 2 313 313 310 2502 2502 1221 1221 5 1947935 1947935 0 0 3 1216 392 368 380 16 8000 8000 8000 0 128 128 128 0 1 1.0 1.0
68000 69000 0 0 0 0 0 0 0 0 0 0 0 0 0 0 0 0 0 0 0 0 0 0 0 0 0 0 0 0 0  
69000 70000 2 2 335 335 332 2502 2502 1211 1211 5 2024825 2024825 0 0 3 1206 361 264 312 68 8000 8000 8000 0 128 128 128 0 1 1.0 1.0
70000 71000 0 0 0 0 0 0 0 0 0 0 0 0 0 0 0 0 0 0 0 0 0 0 0 0 0 0 0 0 0  
71000 72000 2 2 403 403 400 2502 2502 1047 1047 5 1880024 1880022 0 2 3 1042 562 523 542 27 8000 8000 8000 0 128 128 128 0 1 1.0 1.0
72000 73000 0 0 0 0 0 0 0 0 0 0 0 0 0 0 0 0 0 0 0 0 0 0 0 0 0 0 0 0 0  
73000 74000 2 2 356 356 353 2502 2502 1192 1192 5 1969806 1969806 0 0 3 1187 419 397 408 15 8000 8000 8000 0 128 128 128 0 1 1.0 1.0
74000 75000 0 0 0 0 0 0 0 0 0 0 0 0 0 0 0 0 0 0 0 0 0 0 0 0 0 0 0 0 0  
75000 76000 1 1 2 2 1 820 820 3 3 2 2913 2913 0 0 1 1 298 298 298 0 0 0 0 0 0 0 0 0 0 0.0 1.0
76000 77000 0 0 0 0 0 0 0 0 0 0 0 0 0 0 0 0 0 0 0 0 0 0 0 0 0 0 0 0 0  
77000 78000 2 2 822 822 817 4184 4184 2101 2101 8 3784375 3784375 0 0 5 2093 661 536 599 87 8000 8000 8000 0 128 128 128 0 2 2.0 1.0
78000 79000 0 0 0 0 0 0 0 0 0 0 0 0 0 0 0 0 0 0 0 0 0 0 0 0 0 0 0 0 0  
79000 80000 2 2 422 422 419 2502 2502 1186 1186 5 2009974 2009974 0 0 3 1181 352 345 348 5 8000 8000 8000 0 128 128 128 0 1 1.0 1.0
80000 81000 0 0 0 0 0 0 0 0 0 0 0 0 0 0 0 0 0 0 0 0 0 0 0 0 0 0 0 0 0  
81000 82000 2 2 291 291 288 2502 2502 1031 1031 5 1970360 1970360 0 0 3 1026 373 319 346 37 8000 8000 8000 0 128 128 128 0 1 1.0 1.0
82000 83000 0 0 0 0 0 0 0 0 0 0 0 0 0 0 0 0 0 0 0 0 0 0 0 0 0 0 0 0 0  
83000 84000 1 1 2 2 1 820 820 3 3 2 2915 2915 0 0 1 1 288 288 288 0 0 0 0 0 0 0 0 0 0 0.0 1.0
84000 85000 0 0 0 0 0 0 0 0 0 0 0 0 0 0 0 0 0 0 0 0 0 0 0 0 0 0 0 0 0  
85000 86000 3 3 632 631 624 6321 6321 2114 2114 12 3864267 3864267 0 0 7 2101 774 330 529 225 8000 8000 8000 0 128 128 128 0 2 2.0 1.0
86000 87000 0 0 0 0 0 0 0 0 0 0 0 0 0 0 0 0 0 0 0 0 0 0 0 0 0 0 0 0 0  
87000 88000 2 2 337 337 334 2502 2502 1230 1230 5 2136943 2136943 0 0 3 1225 510 393 451 82 8000 8000 8000 0 128 128 128 0 1 1.0 1.0
88000 89000 0 0 0 0 0 0 0 0 0 0 0 0 0 0 0 0 0 0 0 0 0 0 0 0 0 0 0 0 0  
89000 90000 2 2 284 284 281 2502 2502 1129 1129 5 1984613 1984613 0 0 3 1124 361 274 317 61 8000 8000 8000 0 128 128 128 0 1 1.0 1.0
90000 91000 1 1 2 2 1 0 0 2 2 0 19 19 0 0 0 0 412 412 412 0 0 0 0 0 0 0 0 0 0 0.0 0.0
91000 92000 3 3 355 355 352 2502 2502 1139 1139 5 1960381 1960381 0 0 3 1134 449 95 301 184 8000 8000 8000 0 128 128 128 0 1 1.0 1.0
92000 93000 0 0 0 0 0 0 0 0 0 0 0 0 0 0 0 0 0 0 0 0 0 0 0 0 0 0 0 0 0  
93000 94000 2 2 308 308 305 2502 2502 1202 1202 5 1982234 1982234 0 0 3 1197 386 305 345 57 8000 8000 8000 0 128 128 128 0 1 1.0 1.0
94000 95000 0 0 0 0 0 0 0 0 0 0 0 0 0 0 0 0 0 0 0 0 0 0 0 0 0 0 0 0 0  
95000 96000 2 2 315 315 312 2502 2502 1118 1118 5 1970662 1970662 0 0 3 1113 358 349 354 6 8000 8000 8000 0 128 128 128 0 1 1.0 1.0
96000 97000 0 0 0 0 0 0 0 0 0 0 0 0 0 0 0 0 0 0 0 0 0 0 0 0 0 0 0 0 0  
97000 98000 2 2 793 793 788 4184 4184 2400 2400 9 4102764 4102764 0 0 5 2391 859 641 750 154 8000 8000 8000 0 128 128 128 0 2 2.0 1.0
98000 99000 0 0 0 0 0 0 0 0 0 0 0 0 0 0 0 0 0 0 0 0 0 0 0 0 0 0 0 0 0  
99000 100000 2 2 276 276 273 2447 2447 919 919 5 1667479 1667477 0 1 2 913 925 471 698 320 8000 8000 8000 0 128 128 128 0 1 1.0 1.0
100000 101000 1 1 18 18 18 54 54 61 61 0 112573 112573 0 0 0 61 32 32 32 0 0 0 0 0 0 0 0 0 0 0.0 0.0
101000 102000 1 1 3 3 2 820 820 4 4 2 2917 2917 0 0 1 2 269 269 269 0 0 0 0 0 0 0 0 0 0 0.0 1.0
102000 103000 0 0 0 0 0 0 0 0 0 0 0 0 0 0 0 0 0 0 0 0 0 0 0 0 0 0 0 0 0  
103000 104000 2 2 706 706 701 4184 4184 2252 2252 8 3887338 3887338 0 0 5 2244 684 577 631 75 8000 8000 8000 0 128 128 128 0 2 2.0 1.0
104000 105000 0 0 0 0 0 0 0 0 0 0 0 0 0 0 0 0 0 0 0 0 0 0 0 0 0 0 0 0 0  
105000 106000 2 2 401 401 398 2502 2502 1191 1191 6 2001164 2001164 0 0 3 1185 719 326 523 278 8000 8000 8000 0 128 128 128 0 1 1.0 1.0
106000 107000 0 0 0 0 0 0 0 0 0 0 0 0 0 0 0 0 0 0 0 0 0 0 0 0 0 0 0 0 0  
107000 108000 2 2 306 306 303 2502 2502 1053 1053 5 1841387 1841387 0 0 3 1048 363 275 319 62 8000 8000 8000 0 128 128 128 0 1 1.0 1.0
108000 109000 0 0 0 0 0 0 0 0 0 0 0 0 0 0 0 0 0 0 0 0 0 0 0 0 0 0 0 0 0  
109000 110000 1 1 2 2 1 820 820 3 3 2 2914 2914 0 0 1 1 271 271 271 0 0 0 0 0 0 0 0 0 0 0.0 1.0
110000 111000 0 0 0 0 0 0 0 0 0 0 0 0 0 0 0 0 0 0 0 0 0 0 0 0 0 0 0 0 0  
111000 112000 3 3 326 325 318 6840 4703 1150 1150 13 1974318 1974315 2 3 7 1136 879 597 712 147 8000 8000 8000 0 128 128 128 0 1 1.0 1.0
112000 113000 2 2 250 250 248 1798 1798 665 665 4 1183150 1183150 0 0 2 661 468 286 377 128 8000 8000 8000 0 128 128 128 0 1 1.0 0.0
113000 114000 1 1 172 172 171 703 703 477 477 1 844448 844448 0 0 0 475 343 343 343 0 0 0 0 0 0 0 0 0 0 0.0 1.0
114000 115000 2 2 205 205 203 1790 1790 664 664 4 1162068 1162068 0 0 2 659 472 261 366 149 8000 8000 8000 0 128 128 128 0 1 1.0 0.0
115000 116000 1 1 140 140 139 711 711 482 482 1 846230 846230 0 0 0 481 353 353 353 0 0 0 0 0 0 0 0 0 0 0.0 1.0
116000 117000 3 3 263 263 259 2378 2378 904 904 4 1513264 1513264 0 0 2 898 923 273 688 361 8000 8000 8000 0 128 128 128 0 1 1.0 0.0
117000 118000 3 2 22 22 21 918 918 75 75 3 121713 121713 0 0 1 72 895 74 354 468 0 0 0 0 0 0 0 0 0 0.0 1.0
118000 119000 3 2 334 334 333 886 886 1141 1141 3 2103962 2103962 0 0 1 1138 313 50 163 135 8000 8000 8000 0 128 128 128 0 1 1.0 0.0
119000 120000 2 2 432 432 429 2502 2502 1128 1128 6 1921228 1921228 0 0 3 1122 736 284 510 319 8000 8000 8000 0 128 128 128 0 1 1.0 1.0
120000 121000 0 0 0 0 0 0 0 0 0 0 0 0 0 0 0 0 0 0 0 0 0 0 0 0 0 0 0 0 0  
121000 122000 1 1 2 2 1 820 820 3 3 2 2910 2910 0 0 1 1 272 272 272 0 0 0 0 0 0 0 0 0 0 0.0 1.0
122000 123000 0 0 0 0 0 0 0 0 0 0 0 0 0 0 0 0 0 0 0 0 0 0 0 0 0 0 0 0 0  
123000 124000 2 2 291 291 288 2502 2502 983 983 5 1956151 1956151 0 0 3 978 384 360 372 16 8000 8000 8000 0 128 128 128 0 1 1.0 1.0
124000 125000 0 0 0 0 0 0 0 0 0 0 0 0 0 0 0 0 0 0 0 0 0 0 0 0 0 0 0 0 0  
125000 126000 2 2 355 355 352 2502 2502 1304 1304 5 2079361 2079361 0 0 3 1299 557 512 534 31 8000 8000 8000 0 128 128 128 0 1 1.0 1.0
126000 127000 0 0 0 0 0 0 0 0 0 0 0 0 0 0 0 0 0 0 0 0 0 0 0 0 0 0 0 0 0  
127000 128000 3 3 736 735 728 6385 6385 2355 2355 12 3811623 3811623 0 0 7 2342 775 341 528 223 8000 8000 8000 0 128 128 128 0 2 2.0 1.0
128000 129000 0 0 0 0 0 0 0 0 0 0 0 0 0 0 0 0 0 0 0 0 0 0 0 0 0 0 0 0 0  
129000 130000 2 2 306 306 303 2502 2502 901 901 5 1848393 1848393 0 0 3 896 376 289 332 61 8000 8000 8000 0 128 128 128 0 1 1.0 1.0
130000 131000 0 0 0 0 0 0 0 0 0 0 0 0 0 0 0 0 0 0 0 0 0 0 0 0 0 0 0 0 0  
131000 132000 2 2 303 303 300 2502 2502 977 977 5 2154762 2154762 0 0 3 972 443 350 396 66 8000 8000 8000 0 128 128 128 0 1 1.0 1.0
132000 133000 1 1 2 2 1 0 0 2 2 0 19 19 0 0 0 0 405 405 405 0 0 0 0 0 0 0 0 0 0 0.0 0.0
133000 134000 3 3 362 362 359 2502 2502 1107 1107 5 1917650 1917650 0 0 3 1102 375 94 250 143 8000 8000 8000 0 128 128 128 0 1 1.0 1.0
134000 135000 0 0 0 0 0 0 0 0 0 0 0 0 0 0 0 0 0 0 0 0 0 0 0 0 0 0 0 0 0  
135000 136000 2 2 333 333 330 2502 2502 1136 1136 5 2024166 2024166 0 0 3 1131 493 345 419 104 8000 8000 8000 0 128 128 128 0 1 1.0 1.0
136000 137000 0 0 0 0 0 0 0 0 0 0 0 0 0 0 0 0 0 0 0 0 0 0 0 0 0 0 0 0 0  
137000 138000 2 2 364 364 361 2502 2502 1099 1099 5 1908380 1908380 0 0 3 1094 478 408 443 49 8000 8000 8000 0 128 128 128 0 1 1.0 1.0
138000 139000 0 0 0 0 0 0 0 0 0 0 0 0 0 0 0 0 0 0 0 0 0 0 0 0 0 0 0 0 0  
139000 140000 2 2 323 323 320 2502 2502 1065 1065 5 1873730 1873730 0 0 3 1060 451 377 414 52 8000 8000 8000 0 128 128 128 0 1 1.0 1.0
140000 141000 0 0 0 0 0 0 0 0 0 0 0 0 0 0 0 0 0 0 0 0 0 0 0 0 0 0 0 0 0  
141000 142000 2 2 347 347 344 2502 2502 1092 1092 5 2002696 2002695 0 1 3 1087 598 550 574 34 8000 8000 8000 0 128 128 128 0 1 1.0 1.0
142000 143000 0 0 0 0 0 0 0 0 0 0 0 0 0 0 0 0 0 0 0 0 0 0 0 0 0 0 0 0 0  
143000 144000 2 2 290 290 287 2502 2502 983 983 5 1942062 1942062 0 0 3 978 483 367 425 81 8000 8000 8000 0 128 128 128 0 1 1.0 1.0
144000 145000 0 0 0 0 0 0 0 0 0 0 0 0 0 0 0 0 0 0 0 0 0 0 0 0 0 0 0 0 0  
145000 146000 2 2 325 325 322 2502 2502 1219 1219 5 2111400 2111400 0 0 3 1214 512 453 482 41 8000 8000 8000 0 128 128 128 0 1 1.0 1.0
146000 147000 0 0 0 0 0 0 0 0 0 0 0 0 0 0 0 0 0 0 0 0 0 0 0 0 0 0 0 0 0  
147000 148000 2 2 377 377 374 2502 2502 934 934 5 1802122 1802121 0 1 3 929 768 622 695 102 8000 8000 8000 0 128 128 128 0 1 1.0 1.0
148000 149000 0 0 0 0 0 0 0 0 0 0 0 0 0 0 0 0 0 0 0 0 0 0 0 0 0 0 0 0 0  
149000 150000 2 2 305 305 302 2502 2502 1029 1029 5 2079564 2079564 0 0 3 1024 433 370 402 44 8000 8000 8000 0 128 128 128 0 1 1.0 1.0
150000 151000 0 0 0 0 0 0 0 0 0 0 0 0 0 0 0 0 0 0 0 0 0 0 0 0 0 0 0 0 0  
151000 152000 2 2 337 337 334 2502 2502 1055 1055 5 1928287 1928287 0 0 3 1050 349 346 347 2 8000 8000 8000 0 128 128 128 0 1 1.0 1.0
152000 153000 0 0 0 0 0 0 0 0 0 0 0 0 0 0 0 0 0 0 0 0 0 0 0 0 0 0 0 0 0  
153000 154000 2 2 353 353 350 2502 2502 1153 1153 5 2054094 2054094 0 0 3 1148 380 379 379 0 8000 8000 8000 0 128 128 128 0 1 1.0 1.0
154000 155000 0 0 0 0 0 0 0 0 0 0 0 0 0 0 0 0 0 0 0 0 0 0 0 0 0 0 0 0 0  
155000 156000 2 2 391 391 388 2502 2502 911 911 5 1814300 1814300 0 0 3 906 408 349 379 41 8000 8000 8000 0 128 128 128 0 1 1.0 1.0
156000 157000 0 0 0 0 0 0 0 0 0 0 0 0 0 0 0 0 0 0 0 0 0 0 0 0 0 0 0 0 0  
157000 158000 2 2 353 353 350 2502 2502 1200 1200 5 2034251 2034250 0 1 3 1195 642 592 617 35 8000 8000 8000 0 128 128 128 0 1 1.0 1.0
158000 159000 0 0 0 0 0 0 0 0 0 0 0 0 0 0 0 0 0 0 0 0 0 0 0 0 0 0 0 0 0  
159000 160000 2 2 302 302 299 2502 2502 957 957 5 1842553 1842553 0 0 3 952 404 347 375 39 8000 8000 8000 0 128 128 128 0 1 1.0 1.0
160000 161000 0 0 0 0 0 0 0 0 0 0 0 0 0 0 0 0 0 0 0 0 0 0 0 0 0 0 0 0 0  
161000 162000 2 2 389 389 386 2502 2502 1119 1119 5 2171218 2171218 0 0 3 1114 392 336 364 39 8000 8000 8000 0 128 128 128 0 1 1.0 1.0
162000 163000 0 0 0 0 0 0 0 0 0 0 0 0 0 0 0 0 0 0 0 0 0 0 0 0 0 0 0 0 0  
163000 164000 4 4 1154 1152 1143 8316 8316 1960 1960 15 3667560 3667559 0 1 8 1942 820 411 586 182 8000 8000 8000 0 128 128 128 0 2 2.0 1.0
164000 165000 1 1 58 58 58 205 205 66 66 0 126638 126638 0 0 0 66 34 34 34 0 0 0 0 0 0 0 0 0 0 0.0 0.0
165000 166000 1 1 2 2 1 820 820 3 3 2 2915 2915 0 0 1 1 271 271 271 0 0 0 0 0 0 0 0 0 0 0.0 1.0
166000 167000 0 0 0 0 0 0 0 0 0 0 0 0 0 0 0 0 0 0 0 0 0 0 0 0 0 0 0 0 0  
167000 168000 2 2 324 324 321 2502 2502 1176 1176 5 1985250 1985250 0 0 3 1171 361 353 357 5 8000 8000 8000 0 128 128 128 0 1 1.0 1.0
168000 169000 1 1 2 2 1 0 0 2 2 0 18 18 0 0 0 0 337 337 337 0 0 0 0 0 0 0 0 0 0 0.0 0.0
169000 170000 3 3 531 531 526 4184 4184 1995 1995 9 3874166 3874166 0 0 5 1986 781 111 504 350 8000 8000 8000 0 128 128 128 0 2 2.0 1.0
170000 171000 0 0 0 0 0 0 0 0 0 0 0 0 0 0 0 0 0 0 0 0 0 0 0 0 0 0 0 0 0  
171000 172000 2 2 427 427 424 2502 2502 1255 1255 5 2122323 2122322 0 1 3 1250 676 641 659 25 8000 8000 8000 0 128 128 128 0 1 1.0 1.0
172000 173000 0 0 0 0 0 0 0 0 0 0 0 0 0 0 0 0 0 0 0 0 0 0 0 0 0 0 0 0 0  
173000 174000 2 2 345 345 342 2502 2502 1234 1234 5 1928757 1928757 0 0 3 1229 374 360 367 10 8000 8000 8000 0 128 128 128 0 1 1.0 1.0
174000 175000 0 0 0 0 0 0 0 0 0 0 0 0 0 0 0 0 0 0 0 0 0 0 0 0 0 0 0 0 0  
175000 176000 2 2 337 337 334 2502 2502 1161 1161 5 1904185 1904185 0 0 3 1156 373 290 332 58 8000 8000 8000 0 128 128 128 0 1 1.0 1.0
176000 177000 0 0 0 0 0 0 0 0 0 0 0 0 0 0 0 0 0 0 0 0 0 0 0 0 0 0 0 0 0  
177000 178000 2 2 355 355 352 2502 2502 1189 1189 5 2091996 2091996 0 0 3 1184 404 300 352 74 8000 8000 8000 0 128 128 128 0 1 1.0 1.0
178000 179000 0 0 0 0 0 0 0 0 0 0 0 0 0 0 0 0 0 0 0 0 0 0 0 0 0 0 0 0 0  
179000 180000 2 2 354 354 351 2502 2502 1116 1116 5 1954590 1954590 0 0 3 1111 514 411 463 73 8000 8000 8000 0 128 128 128 0 1 1.0 1.0
180000 181000 0 0 0 0 0 0 0 0 0 0 0 0 0 0 0 0 0 0 0 0 0 0 0 0 0 0 0 0 0  
181000 182000 2 2 313 313 310 2502 2502 1096 1096 5 1872171 1872171 0 0 3 1091 380 369 375 7 8000 8000 8000 0 128 128 128 0 1 1.0 1.0
182000 183000 0 0 0 0 0 0 0 0 0 0 0 0 0 0 0 0 0 0 0 0 0 0 0 0 0 0 0 0 0  
183000 184000 2 2 280 280 277 2502 2502 1090 1090 5 2114868 2114868 0 0 3 1085 351 325 338 18 8000 8000 8000 0 128 128 128 0 1 1.0 1.0
184000 185000 0 0 0 0 0 0 0 0 0 0 0 0 0 0 0 0 0 0 0 0 0 0 0 0 0 0 0 0 0  
185000 186000 2 2 274 274 271 2502 2502 1224 1224 5 2100083 2100083 0 0 3 1219 336 252 294 59 8000 8000 8000 0 128 128 128 0 1 1.0 1.0
186000 187000 0 0 0 0 0 0 0 0 0 0 0 0 0 0 0 0 0 0 0 0 0 0 0 0 0 0 0 0 0  
187000 188000 2 2 269 269 266 2502 2502 1018 1018 5 1618654 1618654 0 0 3 1013 414 353 384 43 8000 8000 8000 0 128 128 128 0 1 1.0 1.0
188000 189000 0 0 0 0 0 0 0 0 0 0 0 0 0 0 0 0 0 0 0 0 0 0 0 0 0 0 0 0 0  
189000 190000 2 2 287 287 284 2311 2311 1010 1010 4 1678584 1678584 0 0 2 1005 517 475 496 29 8000 8000 8000 0 128 128 128 0 1 1.0 1.0
190000 191000 2 2 82 82 82 190 190 287 287 0 479581 479581 0 0 0 287 138 0 69 98 0 0 0 0 0 0 0 0 0 0.0 0.0
191000 192000 2 2 296 296 293 2502 2502 1120 1120 5 1888498 1888498 0 0 3 1115 356 348 352 5 8000 8000 8000 0 128 128 128 0 1 1.0 1.0
192000 193000 0 0 0 0 0 0 0 0 0 0 0 0 0 0 0 0 0 0 0 0 0 0 0 0 0 0 0 0 0  
193000 194000 2 2 309 309 306 2502 2502 1078 1078 5 1876821 1876821 0 0 3 1073 547 460 503 61 8000 8000 8000 0 128 128 128 0 1 1.0 1.0
194000 195000 0 0 0 0 0 0 0 0 0 0 0 0 0 0 0 0 0 0 0 0 0 0 0 0 0 0 0 0 0  
195000 196000 3 3 374 374 371 2502 2502 1123 1123 6 1956288 1956288 0 0 3 1117 446 259 337 97 8000 8000 8000 0 128 128 128 0 1 1.0 1.0
196000 197000 0 0 0 0 0 0 0 0 0 0 0 0 0 0 0 0 0 0 0 0 0 0 0 0 0 0 0 0 0  
197000 198000 2 2 273 273 270 2502 2502 1101 1101 5 2006827 2006826 0 1 3 1096 643 606 625 25 8000 8000 8000 0 128 128 128 0 1 1.0 1.0
198000 199000 0 0 0 0 0 0 0 0 0 0 0 0 0 0 0 0 0 0 0 0 0 0 0 0 0 0 0 0 0  
199000 200000 2 2 353 353 350 2502 2502 993 993 5 1913565 1913565 0 0 3 988 350 329 340 14 8000 8000 8000 0 128 128 128 0 1 1.0 1.0
200000 201000 0 0 0 0 0 0 0 0 0 0 0 0 0 0 0 0 0 0 0 0 0 0 0 0 0 0 0 0 0  
201000 202000 2 2 297 297 294 2502 2502 1148 1148 5 2090807 2090807 0 0 3 1143 389 343 366 32 8000 8000 8000 0 128 128 128 0 1 1.0 1.0
202000 203000 0 0 0 0 0 0 0 0 0 0 0 0 0 0 0 0 0 0 0 0 0 0 0 0 0 0 0 0 0  
203000 204000 2 2 589 589 584 4184 4184 2032 2032 9 3816791 3816791 0 0 5 2023 611 599 605 8 8000 8000 8000 0 128 128 128 0 2 2.0 1.0
204000 205000 0 0 0 0 0 0 0 0 0 0 0 0 0 0 0 0 0 0 0 0 0 0 0 0 0 0 0 0 0  
205000 206000 1 1 2 2 1 820 820 3 3 2 2915 2915 0 0 1 1 264 264 264 0 0 0 0 0 0 0 0 0 0 0.0 1.0
206000 207000 0 0 0 0 0 0 0 0 0 0 0 0 0 0 0 0 0 0 0 0 0 0 0 0 0 0 0 0 0  
207000 208000 3 3 625 625 620 4184 4184 1958 1958 9 4001752 3914498 0 29 5 1949 791 459 660 176 8000 8000 8000 0 128 128 128 0 2 2.0 1.0
208000 209000 0 0 0 0 0 0 0 0 0 0 0 0 0 0 0 0 0 0 0 0 0 0 0 0 0 0 0 0 0  
209000 210000 2 2 356 356 353 2502 2502 1063 1063 5 2088488 2088488 0 0 3 1058 435 403 419 23 8000 8000 8000 0 128 128 128 0 1 1.0 1.0
210000 211000 0 0 0 0 0 0 0 0 0 0 0 0 0 0 0 0 0 0 0 0 0 0 0 0 0 0 0 0 0  
211000 212000 1 1 4 4 3 820 820 5 5 2 2914 2914 0 0 1 3 286 286 286 0 0 0 0 0 0 0 0 0 0 0.0 1.0
212000 213000 0 0 0 0 0 0 0 0 0 0 0 0 0 0 0 0 0 0 0 0 0 0 0 0 0 0 0 0 0  
213000 214000 2 2 294 294 291 2502 2502 1106 1106 5 1829953 1829953 0 0 3 1101 368 290 329 55 8000 8000 8000 0 128 128 128 0 1 1.0 1.0
214000 215000 0 0 0 0 0 0 0 0 0 0 0 0 0 0 0 0 0 0 0 0 0 0 0 0 0 0 0 0 0  
215000 216000 2 2 364 364 361 2502 2502 1063 1063 5 1974306 1974306 0 0 3 1058 552 251 401 212 8000 8000 8000 0 128 128 128 0 1 1.0 1.0
216000 217000 0 0 0 0 0 0 0 0 0 0 0 0 0 0 0 0 0 0 0 0 0 0 0 0 0 0 0 0 0  
217000 218000 2 2 314 314 311 2502 2502 979 979 5 1887173 1887172 0 1 3 974 847 270 558 407 8000 8000 8000 0 128 128 128 0 1 1.0 1.0
218000 219000 0 0 0 0 0 0 0 0 0 0 0 0 0 0 0 0 0 0 0 0 0 0 0 0 0 0 0 0 0  
219000 220000 2 2 373 373 370 2502 2502 1246 1246 5 2146800 2146800 0 0 3 1241 662 255 459 287 8000 8000 8000 0 128 128 128 0 1 1.0 1.0
220000 221000 0 0 0 0 0 0 0 0 0 0 0 0 0 0 0 0 0 0 0 0 0 0 0 0 0 0 0 0 0  
221000 222000 2 2 786 786 781 4184 4184 2349 2349 8 3832100 3832100 0 0 5 2341 815 386 601 303 8000 8000 8000 0 128 128 128 0 2 2.0 1.0
222000 223000 0 0 0 0 0 0 0 0 0 0 0 0 0 0 0 0 0 0 0 0 0 0 0 0 0 0 0 0 0  
223000 224000 2 2 287 287 284 2502 2502 1019 1019 5 1918636 1918636 0 0 3 1014 354 289 322 46 8000 8000 8000 0 128 128 128 0 1 1.0 1.0
224000 225000 0 0 0 0 0 0 0 0 0 0 0 0 0 0 0 0 0 0 0 0 0 0 0 0 0 0 0 0 0  
225000 226000 2 2 382 382 379 2502 2502 1223 1223 5 2064213 2064213 0 0 3 1218 429 360 394 48 8000 8000 8000 0 128 128 128 0 1 1.0 1.0
226000 227000 0 0 0 0 0 0 0 0 0 0 0 0 0 0 0 0 0 0 0 0 0 0 0 0 0 0 0 0 0  
227000 228000 2 2 345 345 342 2502 2502 1042 1042 5 1891270 1891270 0 0 3 1037 366 361 363 3 8000 8000 8000 0 128 128 128 0 1 1.0 1.0
228000 229000 0 0 0 0 0 0 0 0 0 0 0 0 0 0 0 0 0 0 0 0 0 0 0 0 0 0 0 0 0  
229000 230000 1 1 2 2 1 820 820 3 3 2 2911 2911 0 0 1 1 272 272 272 0 0 0 0 0 0 0 0 0 0 0.0 1.0
230000 231000 0 0 0 0 0 0 0 0 0 0 0 0 0 0 0 0 0 0 0 0 0 0 0 0 0 0 0 0 0  
231000 232000 2 2 776 776 771 3884 3884 2135 2135 7 3474314 3474313 0 1 4 2128 915 478 696 308 8000 8000 8000 0 128 128 128 0 2 2.0 1.0
232000 233000 2 2 92 92 92 299 299 218 218 0 364545 364545 0 0 0 217 103 0 51 73 0 0 0 0 0 0 0 0 0 0.0 0.0
233000 234000 2 2 356 356 353 2502 2502 1112 1112 5 1826012 1826012 0 0 3 1107 394 381 387 9 8000 8000 8000 0 128 128 128 0 1 1.0 1.0
234000 235000 0 0 0 0 0 0 0 0 0 0 0 0 0 0 0 0 0 0 0 0 0 0 0 0 0 0 0 0 0  
235000 236000 2 2 352 352 349 2502 2502 1165 1165 5 2147043 2147043 0 0 3 1160 352 321 337 21 8000 8000 8000 0 128 128 128 0 1 1.0 1.0
236000 237000 0 0 0 0 0 0 0 0 0 0 0 0 0 0 0 0 0 0 0 0 0 0 0 0 0 0 0 0 0  
237000 238000 2 2 344 344 341 2502 2502 1121 1121 5 1869268 1869268 0 0 3 1116 368 278 323 63 8000 8000 8000 0 128 128 128 0 1 1.0 1.0
238000 239000 0 0 0 0 0 0 0 0 0 0 0 0 0 0 0 0 0 0 0 0 0 0 0 0 0 0 0 0 0  
239000 240000 2 2 371 371 368 2502 2502 1049 1049 5 1901552 1901552 0 0 3 1044 408 360 384 34 8000 8000 8000 0 128 128 128 0 1 1.0 1.0
240000 241000 0 0 0 0 0 0 0 0 0 0 0 0 0 0 0 0 0 0 0 0 0 0 0 0 0 0 0 0 0  
241000 242000 2 2 322 322 319 2502 2502 1127 1127 5 2107914 2107914 0 0 3 1122 391 369 380 15 8000 8000 8000 0 128 128 128 0 1 1.0 1.0
242000 243000 0 0 0 0 0 0 0 0 0 0 0 0 0 0 0 0 0 0 0 0 0 0 0 0 0 0 0 0 0  
243000 244000 2 2 338 338 335 2502 2502 1160 1160 5 1936539 1936539 0 0 3 1155 401 357 379 31 8000 8000 8000 0 128 128 128 0 1 1.0 1.0
244000 245000 0 0 0 0 0 0 0 0 0 0 0 0 0 0 0 0 0 0 0 0 0 0 0 0 0 0 0 0 0  
245000 246000 2 2 399 399 396 2502 2502 1259 1259 5 2083102 2083102 0 0 3 1254 423 378 401 31 8000 8000 8000 0 128 128 128 0 1 1.0 1.0
246000 247000 0 0 0 0 0 0 0 0 0 0 0 0 0 0 0 0 0 0 0 0 0 0 0 0 0 0 0 0 0  
247000 248000 2 2 387 387 384 2502 2502 1105 1105 5 1838942 1838942 0 0 3 1100 376 356 366 14 8000 8000 8000 0 128 128 128 0 1 1.0 1.0
248000 249000 0 0 0 0 0 0 0 0 0 0 0 0 0 0 0 0 0 0 0 0 0 0 0 0 0 0 0 0 0  
249000 250000 3 3 710 710 705 4184 4184 2074 2074 9 4057071 4057071 0 0 5 2065 780 263 477 269 8000 8000 8000 0 128 128 128 0 2 2.0 1.0
250000 251000 0 0 0 0 0 0 0 0 0 0 0 0 0 0 0 0 0 0 0 0 0 0 0 0 0 0 0 0 0  
251000 252000 2 2 310 310 307 2502 2502 953 953 5 1716553 1716553 0 0 3 948 359 336 348 16 8000 8000 8000 0 128 128 128 0 1 1.0 1.0
252000 253000 0 0 0 0 0 0 0 0 0 0 0 0 0 0 0 0 0 0 0 0 0 0 0 0 0 0 0 0 0  
253000 254000 2 2 373 373 370 2502 2502 1125 1125 5 2034603 2034603 0 0 3 1120 385 364 374 14 8000 8000 8000 0 128 128 128 0 1 1.0 1.0
254000 255000 0 0 0 0 0 0 0 0 0 0 0 0 0 0 0 0 0 0 0 0 0 0 0 0 0 0 0 0 0  
255000 256000 2 2 348 348 345 2502 2502 1251 1251 5 1989639 1989639 0 0 3 1246 394 340 367 37 8000 8000 8000 0 128 128 128 0 1 1.0 1.0
256000 257000 0 0 0 0 0 0 0 0 0 0 0 0 0 0 0 0 0 0 0 0 0 0 0 0 0 0 0 0 0  
257000 258000 2 2 385 385 382 2502 2502 1198 1198 5 1964269 1964269 0 0 3 1193 385 368 376 12 8000 8000 8000 0 128 128 128 0 1 1.0 1.0
258000 259000 0 0 0 0 0 0 0 0 0 0 0 0 0 0 0 0 0 0 0 0 0 0 0 0 0 0 0 0 0  
259000 260000 2 2 349 349 346 2502 2502 1197 1197 5 1831923 1831923 0 0 3 1192 449 383 416 46 8000 8000 8000 0 128 128 128 0 1 1.0 1.0
260000 261000 0 0 0 0 0 0 0 0 0 0 0 0 0 0 0 0 0 0 0 0 0 0 0 0 0 0 0 0 0  
261000 262000 2 2 362 362 359 2502 2502 1010 1010 5 1830578 1830576 0 2 3 1005 581 516 549 46 8000 8000 8000 0 128 128 128 0 1 1.0 1.0
262000 263000 0 0 0 0 0 0 0 0 0 0 0 0 0 0 0 0 0 0 0 0 0 0 0 0 0 0 0 0 0  
263000 264000 2 2 326 326 323 2502 2502 1116 1116 5 1889625 1889625 0 0 3 1111 392 334 363 41 8000 8000 8000 0 128 128 128 0 1 1.0 1.0
264000 265000 0 0 0 0 0 0 0 0 0 0 0 0 0 0 0 0 0 0 0 0 0 0 0 0 0 0 0 0 0  
265000 266000 2 2 311 311 308 2502 2502 1216 1216 5 2016013 2016013 0 0 3 1211 522 361 442 113 8000 8000 8000 0 128 128 128 0 1 1.0 1.0
266000 267000 0 0 0 0 0 0 0 0 0 0 0 0 0 0 0 0 0 0 0 0 0 0 0 0 0 0 0 0 0  
267000 268000 1 1 2 2 1 820 820 3 3 2 2919 2919 0 0 1 1 256 256 256 0 0 0 0 0 0 0 0 0 0 0.0 1.0
268000 269000 2 2 183 183 181 1811 1811 638 638 4 1158107 1158107 0 0 2 634 474 287 381 132 8000 8000 8000 0 128 128 128 0 1 1.0 0.0
269000 270000 1 1 126 126 125 690 690 440 440 1 799105 799105 0 0 0 438 337 337 337 0 0 0 0 0 0 0 0 0 0 0.0 1.0
270000 271000 2 2 186 186 183 1811 1811 683 683 4 1191299 1191299 0 0 2 679 464 275 369 133 8000 8000 8000 0 128 128 128 0 1 1.0 0.0
271000 272000 1 1 129 129 129 690 690 471 471 1 822728 822728 0 0 0 469 329 329 329 0 0 0 0 0 0 0 0 0 0 0.0 1.0
272000 273000 2 2 267 267 265 1682 1682 1062 1062 4 1912420 1912420 0 0 2 1058 278 255 267 15 8000 8000 8000 0 128 128 128 0 1 1.0 0.0
273000 274000 1 1 3 3 1 1538 1538 4 4 2 9140 9140 0 0 1 1 926 926 926 0 0 0 0 0 0 0 0 0 0 0.0 1.0
274000 275000 3 2 373 373 372 963 963 1095 1095 3 1961971 1961971 0 0 1 1092 275 73 190 105 8000 8000 8000 0 128 128 128 0 1 1.0 0.0
275000 276000 2 2 261 261 258 2502 2502 1158 1158 5 2021907 2021907 0 0 3 1153 359 310 334 35 8000 8000 8000 0 128 128 128 0 1 1.0 1.0
276000 277000 0 0 0 0 0 0 0 0 0 0 0 0 0 0 0 0 0 0 0 0 0 0 0 0 0 0 0 0 0  
277000 278000 2 2 331 331 328 2502 2502 1065 1065 5 1974162 1974162 0 0 3 1060 364 344 354 14 8000 8000 8000 0 128 128 128 0 1 1.0 1.0
278000 279000 0 0 0 0 0 0 0 0 0 0 0 0 0 0 0 0 0 0 0 0 0 0 0 0 0 0 0 0 0  
279000 280000 1 1 3 3 2 820 820 4 4 2 2915 2915 0 0 1 2 254 254 254 0 0 0 0 0 0 0 0 0 0 0.0 1.0
280000 281000 0 0 0 0 0 0 0 0 0 0 0 0 0 0 0 0 0 0 0 0 0 0 0 0 0 0 0 0 0  
281000 282000 2 2 765 765 760 4184 4184 2271 2271 8 3964260 3964260 0 0 5 2263 780 362 571 295 8000 8000 8000 0 128 128 128 0 2 2.0 1.0
282000 283000 0 0 0 0 0 0 0 0 0 0 0 0 0 0 0 0 0 0 0 0 0 0 0 0 0 0 0 0 0  
283000 284000 2 2 298 298 295 2502 2502 1057 1057 5 1890849 1890849 0 0 3 1052 425 360 393 45 8000 8000 8000 0 128 128 128 0 1 1.0 1.0
284000 285000 0 0 0 0 0 0 0 0 0 0 0 0 0 0 0 0 0 0 0 0 0 0 0 0 0 0 0 0 0  
285000 286000 2 2 255 255 252 2502 2502 866 866 5 1894609 1894609 0 0 3 861 372 332 352 28 8000 8000 8000 0 128 128 128 0 1 1.0 1.0
286000 287000 0 0 0 0 0 0 0 0 0 0 0 0 0 0 0 0 0 0 0 0 0 0 0 0 0 0 0 0 0  
287000 288000 2 2 394 394 391 2502 2502 1192 1192 5 2053699 2053699 0 0 3 1187 458 384 421 52 8000 8000 8000 0 128 128 128 0 1 1.0 1.0
288000 289000 0 0 0 0 0 0 0 0 0 0 0 0 0 0 0 0 0 0 0 0 0 0 0 0 0 0 0 0 0  
289000 290000 2 2 366 366 363 2502 2502 1275 1275 5 1987069 1987069 0 0 3 1270 422 362 392 42 8000 8000 8000 0 128 128 128 0 1 1.0 1.0
290000 291000 0 0 0 0 0 0 0 0 0 0 0 0 0 0 0 0 0 0 0 0 0 0 0 0 0 0 0 0 0  
291000 292000 2 2 630 630 625 4184 4184 2062 2062 9 3721175 3721175 0 0 5 2053 744 651 698 66 8000 8000 8000 0 128 128 128 0 2 2.0 1.0
292000 293000 0 0 0 0 0 0 0 0 0 0 0 0 0 0 0 0 0 0 0 0 0 0 0 0 0 0 0 0 0  
293000 294000 1 1 2 2 1 820 820 3 3 2 2916 2916 0 0 1 1 271 271 271 0 0 0 0 0 0 0 0 0 0 0.0 1.0
294000 295000 1 1 2 2 1 0 0 1 1 0 21 21 0 0 0 0 575 575 575 0 0 0 0 0 0 0 0 0 0 0.0 0.0
295000 296000 3 3 717 717 712 4184 4184 2513 2513 9 3946171 3946171 0 0 5 2504 801 73 524 393 8000 8000 8000 0 128 128 128 0 2 2.0 1.0
296000 297000 0 0 0 0 0 0 0 0 0 0 0 0 0 0 0 0 0 0 0 0 0 0 0 0 0 0 0 0 0  
297000 298000 1 1 2 2 1 820 820 4 4 2 2914 2914 0 0 1 2 271 271 271 0 0 0 0 0 0 0 0 0 0 0.0 1.0
298000 299000 0 0 0 0 0 0 0 0 0 0 0 0 0 0 0 0 0 0 0 0 0 0 0 0 0 0 0 0 0  
299000 300000 2 2 656 656 652 4140 4140 2130 2130 8 3846932 3781994 0 37 4 2121 833 779 806 38 8000 8000 8000 0 128 128 128 0 2 2.0 1.0
