ts te nbins ncons c_pkts_all c_ack_cnt c_ack_cnt_p c_bytes_all c_bytes_uniq s_pkts_all s_ack_cnt s_ack_cnt_p s_bytes_all s_bytes_uniq c_pkts_retx s_pkts_retx c_pkts_data s_pkts_data max_bin min_bin avg_bin std_bin max_vid min_vid avg_vid std_vid max_aud min_aud avg_aud std_aud num_vid num_aud num_mfs
0 1000 0 0 0 0 0 0 0 0 0 0 0 0 0 0 0 0 0 0 0 0 0 0 0 0 0 0 0 0 0  
1000 2000 0 0 0 0 0 0 0 0 0 0 0 0 0 0 0 0 0 0 0 0 0 0 0 0 0 0 0 0 0  
2000 3000 0 0 0 0 0 0 0 0 0 0 0 0 0 0 0 0 0 0 0 0 0 0 0 0 0 0 0 0 0  
3000 4000 0 0 0 0 0 0 0 0 0 0 0 0 0 0 0 0 0 0 0 0 0 0 0 0 0 0 0 0 0  
4000 5000 0 0 0 0 0 0 0 0 0 0 0 0 0 0 0 0 0 0 0 0 0 0 0 0 0 0 0 0 0  
5000 6000 1 1 10 9 6 2622 2622 13 13 4 6917 6917 0 0 3 8 168 168 168 0 0 0 0 0 0 0 0 0 0 0.0 1.0
6000 7000 4 4 429 427 419 7829 7829 681 681 10 1002561 1002561 0 0 8 668 445 84 267 205 4400 4400 4400 0 128 128 128 0 2 2.0 0.0
7000 8000 4 2 695 694 687 6383 6383 1221 1221 8 1845118 1845118 0 0 6 1212 549 240 427 132 4400 4400 4400 0 128 128 128 0 3 3.0 0.0
8000 9000 3 2 569 569 566 2520 2520 1426 1426 3 2210459 2210459 0 0 3 1423 558 358 446 101 4400 4400 4400 0 128 128 128 0 1 2.0 0.0
9000 10000 4 3 280 280 277 3112 3112 1053 1053 3 1635388 1635388 0 0 3 1050 773 97 347 298 4400 4400 4400 0 128 128 128 0 2 2.0 1.0
10000 11000 3 2 113 113 111 1384 1384 345 345 1 724395 724395 0 0 1 344 583 71 359 261 0 0 0 0 0 0 0 0 0 0.0 1.0
11000 12000 5 3 423 423 418 3427 3427 1287 1287 4 2318655 2318655 0 0 4 1282 911 46 391 363 4400 4400 4400 0 128 128 128 0 2 2.0 0.0
12000 13000 3 3 152 152 149 1995 1995 411 411 2 613286 613286 0 0 2 408 894 233 457 378 4400 4400 4400 0 128 128 128 0 1 1.0 1.0
13000 14000 1 1 145 145 144 424 424 395 395 0 589782 589782 0 0 0 395 238 238 238 0 0 0 0 0 0 0 0 0 0 0.0 0.0
14000 15000 3 3 638 638 635 3104 3104 788 788 3 1516686 1516686 0 0 3 784 306 26 178 141 8000 8000 8000 0 128 128 128 0 2 1.0 1.0
15000 16000 1 1 232 232 231 227 227 283 283 0 547187 547187 0 0 0 283 113 113 113 0 0 0 0 0 0 0 0 0 0 0.0 0.0
16000 17000 2 2 69 69 67 1601 1601 212 212 1 329474 329474 0 0 1 210 459 130 294 232 8000 8000 8000 0 128 128 128 0 1 1.0 1.0
17000 18000 2 2 285 285 284 900 900 940 940 1 1454733 1454733 0 0 1 939 634 63 348 403 0 0 0 0 0 0 0 0 0 0.0 0.0
18000 19000 4 4 478 478 474 3472 3080 1444 1444 4 2261646 2259432 0 1 3 1439 459 204 297 120 8000 8000 8000 0 128 128 128 0 2 2.0 1.0
19000 20000 4 4 383 382 378 3752 3304 1152 1152 4 1797978 1795992 0 1 4 1147 392 235 296 75 0 0 0 0 0 0 0 0 0 0.0 0.0
20000 21000 2 2 324 324 321 2268 2268 941 941 2 1409087 1409087 0 0 2 938 388 350 369 26 8000 8000 8000 0 128 128 128 0 1 1.0 1.0
21000 22000 1 1 120 120 120 233 233 349 349 0 526298 526298 0 0 0 349 134 134 134 0 0 0 0 0 0 0 0 0 0 0.0 0.0
22000 23000 1 1 3 3 2 820 820 3 3 1 2915 2915 0 0 1 2 195 195 195 0 0 0 0 0 0 0 0 0 0 0.0 1.0
23000 24000 0 0 0 0 0 0 0 0 0 0 0 0 0 0 0 0 0 0 0 0 0 0 0 0 0 0 0 0 0  
24000 25000 3 3 253 253 250 2208 2208 677 677 3 1243116 1243116 0 0 2 672 344 219 302 71 8000 8000 8000 0 128 128 128 0 1 1.0 1.0
25000 26000 1 1 130 130 129 293 293 350 350 0 646849 646849 0 0 0 350 184 184 184 0 0 0 0 0 0 0 0 0 0 0.0 0.0
26000 27000 2 2 303 303 300 2195 2195 763 763 2 1280270 1280270 0 0 2 761 320 221 270 69 8000 8000 8000 0 128 128 128 0 1 1.0 1.0
27000 28000 1 1 169 169 169 306 306 425 425 0 712622 712622 0 0 0 424 183 183 183 0 0 0 0 0 0 0 0 0 0 0.0 0.0
28000 29000 2 2 338 338 335 2502 2502 986 986 3 1586238 1586238 0 0 3 983 227 224 225 2 8000 8000 8000 0 128 128 128 0 1 1.0 1.0
29000 30000 0 0 0 0 0 0 0 0 0 0 0 0 0 0 0 0 0 0 0 0 0 0 0 0 0 0 0 0 0  
30000 31000 2 2 338 338 335 2231 2231 965 965 2 1495331 1495331 0 0 2 962 434 347 391 61 8000 8000 8000 0 128 128 128 0 1 1.0 1.0
31000 32000 1 1 152 152 152 270 270 448 448 0 689127 689127 0 0 0 448 164 164 164 0 0 0 0 0 0 0 0 0 0 0.0 0.0
32000 33000 2 2 446 446 443 2502 2502 1101 1101 3 1826603 1826603 0 0 3 1098 234 199 217 24 8000 8000 8000 0 128 128 128 0 1 1.0 1.0
33000 34000 0 0 0 0 0 0 0 0 0 0 0 0 0 0 0 0 0 0 0 0 0 0 0 0 0 0 0 0 0  
34000 35000 4 4 565 564 559 4217 3743 1855 1855 5 2792550 2791682 0 0 4 1849 458 200 302 124 8000 8000 8000 0 128 128 128 0 2 2.0 1.0
35000 36000 4 4 255 255 252 2943 2577 837 837 3 1254682 1254150 0 0 3 833 280 107 185 73 0 0 0 0 0 0 0 0 0 0.0 0.0
36000 37000 2 2 126 126 125 1178 1178 468 468 1 709809 709809 0 0 1 467 455 260 358 138 8000 8000 8000 0 128 128 128 0 1 1.0 1.0
37000 38000 2 2 225 225 223 1323 1323 833 833 1 1263381 1263381 0 0 1 831 469 406 437 45 0 0 0 0 0 0 0 0 0 0.0 0.0
38000 39000 2 2 8 8 5 2502 2502 27 27 3 35666 35666 0 0 3 24 391 23 207 260 8000 8000 8000 0 128 128 128 0 1 1.0 1.0
39000 40000 0 0 0 0 0 0 0 0 0 0 0 0 0 0 0 0 0 0 0 0 0 0 0 0 0 0 0 0 0  
40000 41000 4 4 345 345 342 1567 1567 857 857 2 1308786 1308786 0 0 1 854 456 240 350 89 8000 8000 8000 0 128 128 128 0 1 1.0 1.0
41000 42000 4 3 364 364 363 934 934 871 871 1 1342245 1342245 0 0 1 869 525 221 316 143 0 0 0 0 0 0 0 0 0 0.0 0.0
42000 43000 3 2 41 41 40 961 961 79 79 1 135893 135893 0 0 1 78 457 44 233 208 0 0 0 0 0 0 0 0 0 0.0 1.0
43000 44000 5 3 595 595 594 1371 1371 1548 1548 1 2428743 2428743 0 0 1 1546 743 177 335 236 8000 8000 8000 0 128 128 128 0 1 1.0 0.0
44000 45000 3 2 140 140 137 2671 2671 357 357 3 634044 634044 0 0 3 353 794 179 556 330 8000 8000 8000 0 128 128 128 0 1 1.0 1.0
45000 46000 1 1 385 385 385 0 0 1147 1147 0 1863111 1863111 0 0 0 1147 448 448 448 0 0 0 0 0 0 0 0 0 0 0.0 0.0
46000 47000 2 2 115 115 113 1970 1970 283 283 2 461712 461712 0 0 2 281 356 231 293 88 8000 8000 8000 0 128 128 128 0 1 1.0 1.0
47000 48000 2 1 254 254 253 1065 1065 626 626 1 990082 990082 0 0 1 625 609 319 464 205 0 0 0 0 0 0 0 0 0 0.0 0.0
48000 49000 3 2 685 685 683 1967 1967 1656 1656 2 2564541 2564541 0 0 2 1654 672 15 326 329 8000 8000 8000 0 128 128 128 0 1 1.0 1.0
49000 50000 0 0 0 0 0 0 0 0 0 0 0 0 0 0 0 0 0 0 0 0 0 0 0 0 0 0 0 0 0  
50000 51000 2 2 209 209 206 2118 2118 645 645 2 1090193 1089431 0 0 2 642 370 226 298 102 8000 8000 8000 0 128 128 128 0 1 1.0 1.0
51000 52000 1 1 168 168 168 383 383 522 522 0 883399 882761 0 0 0 522 310 310 310 0 0 0 0 0 0 0 0 0 0 0.0 0.0
52000 53000 2 2 11 11 8 2502 2502 16 16 3 35907 35907 0 0 3 13 174 23 98 107 8000 8000 8000 0 128 128 128 0 1 1.0 1.0
53000 54000 0 0 0 0 0 0 0 0 0 0 0 0 0 0 0 0 0 0 0 0 0 0 0 0 0 0 0 0 0  
54000 55000 2 2 711 711 708 2418 2418 2262 2262 2 3557424 3557424 0 0 2 2259 664 385 525 197 8000 8000 8000 0 128 128 128 0 1 1.0 1.0
55000 56000 1 1 77 77 77 83 83 246 246 0 388091 388091 0 0 0 246 73 73 73 0 0 0 0 0 0 0 0 0 0 0.0 0.0
56000 57000 1 1 2 2 1 820 820 3 3 1 2911 2911 0 0 1 2 83 83 83 0 0 0 0 0 0 0 0 0 0 0.0 1.0
57000 58000 0 0 0 0 0 0 0 0 0 0 0 0 0 0 0 0 0 0 0 0 0 0 0 0 0 0 0 0 0  
58000 59000 2 2 522 522 518 3015 3015 1568 1568 3 2393071 2393071 0 0 3 1565 458 357 407 71 8000 8000 8000 0 128 128 128 0 2 2.0 1.0
59000 60000 3 3 300 300 297 2850 2850 923 923 3 1397458 1397458 0 0 3 919 382 42 190 174 8000 8000 8000 0 128 128 128 0 1 1.0 0.0
60000 61000 2 2 625 625 622 2050 2050 1796 1796 2 2684943 2684943 0 0 2 1794 883 285 584 422 8000 8000 8000 0 128 128 128 0 1 1.0 1.0
61000 62000 1 1 167 167 167 451 451 572 572 0 861338 861338 0 0 0 571 329 329 329 0 0 0 0 0 0 0 0 0 0 0.0 0.0
62000 63000 2 2 269 269 267 2181 2181 867 867 2 1326879 1326879 0 0 2 864 347 266 307 56 8000 8000 8000 0 128 128 128 0 1 1.0 1.0
63000 64000 1 1 162 162 161 320 320 518 518 0 794828 794828 0 0 0 518 213 213 213 0 0 0 0 0 0 0 0 0 0 0.0 0.0
64000 65000 1 1 2 2 1 820 820 3 3 1 2912 2912 0 0 1 2 95 95 95 0 0 0 0 0 0 0 0 0 0 0.0 1.0
65000 66000 0 0 0 0 0 0 0 0 0 0 0 0 0 0 0 0 0 0 0 0 0 0 0 0 0 0 0 0 0  
66000 67000 2 2 359 359 356 2401 2401 1069 1069 2 1814734 1814734 0 0 2 1067 322 284 303 26 8000 8000 8000 0 128 128 128 0 1 1.0 1.0
67000 68000 1 1 47 47 47 100 100 143 143 0 241858 241858 0 0 0 142 38 38 38 0 0 0 0 0 0 0 0 0 0 0.0 0.0
68000 69000 2 2 353 353 350 2406 2406 1103 1103 2 1734929 1734929 0 0 2 1100 359 300 330 41 8000 8000 8000 0 128 128 128 0 1 1.0 1.0
69000 70000 1 1 43 43 43 95 95 138 138 0 217206 217206 0 0 0 138 45 45 45 0 0 0 0 0 0 0 0 0 0 0.0 0.0
70000 71000 2 2 342 342 340 2360 2360 992 992 2 1658348 1658348 0 0 2 989 368 140 254 161 8000 8000 8000 0 128 128 128 0 1 1.0 1.0
71000 72000 1 1 67 67 66 141 141 195 195 0 326554 326554 0 0 0 195 74 74 74 0 0 0 0 0 0 0 0 0 0 0.0 0.0
72000 73000 3 3 132 132 128 3604 3604 393 393 4 625224 625224 0 0 4 389 277 30 169 126 8000 8000 8000 0 128 128 128 0 2 2.0 1.0
73000 74000 2 2 314 314 313 802 802 982 982 0 1556195 1556195 0 0 0 981 442 119 280 228 0 0 0 0 0 0 0 0 0 0.0 0.0
74000 75000 2 2 763 763 760 2278 2278 2342 2342 2 3659776 3659776 0 0 2 2339 952 766 859 131 8000 8000 8000 0 128 128 128 0 1 1.0 1.0
75000 76000 0 0 0 0 0 0 0 0 0 0 0 0 0 0 0 0 0 0 0 0 0 0 0 0 0 0 0 0 0  
76000 77000 2 2 160 160 158 1969 1969 478 478 2 749951 749951 0 0 2 475 418 304 361 80 8000 8000 8000 0 128 128 128 0 1 1.0 1.0
77000 78000 1 1 259 259 258 532 532 792 792 0 1227371 1227371 0 0 0 792 523 523 523 0 0 0 0 0 0 0 0 0 0 0.0 0.0
78000 79000 2 2 297 297 295 2313 2313 935 935 2 1500848 1500848 0 0 2 933 339 279 309 42 8000 8000 8000 0 128 128 128 0 1 1.0 1.0
79000 80000 1 1 83 83 82 188 188 262 262 0 422048 422048 0 0 0 261 97 97 97 0 0 0 0 0 0 0 0 0 0 0.0 0.0
80000 81000 2 2 242 242 239 2149 2149 742 742 2 1154907 1154907 0 0 2 739 382 346 364 25 8000 8000 8000 0 128 128 128 0 1 1.0 1.0
81000 82000 1 1 159 159 159 352 352 517 517 0 806954 806954 0 0 0 517 249 249 249 0 0 0 0 0 0 0 0 0 0 0.0 0.0
82000 83000 2 2 159 159 157 1949 1949 436 436 2 728076 727595 0 0 2 434 444 343 394 71 8000 8000 8000 0 128 128 128 0 1 1.0 1.0
83000 84000 1 1 277 277 276 552 552 786 786 0 1320901 1319982 0 0 0 785 654 654 654 0 0 0 0 0 0 0 0 0 0 0.0 0.0
84000 85000 1 1 3 3 2 820 820 3 3 1 2913 2913 0 0 1 2 73 73 73 0 0 0 0 0 0 0 0 0 0 0.0 1.0
85000 86000 0 0 0 0 0 0 0 0 0 0 0 0 0 0 0 0 0 0 0 0 0 0 0 0 0 0 0 0 0  
86000 87000 3 3 487 487 483 3627 3627 1527 1527 4 2704775 2704775 0 0 4 1523 431 203 325 115 8000 8000 8000 0 128 128 128 0 2 2.0 1.0
87000 88000 1 1 290 290 289 556 556 799 799 0 1296847 1296847 0 0 0 798 396 396 396 0 0 0 0 0 0 0 0 0 0 0.0 0.0
88000 89000 2 2 128 128 126 1976 1976 475 475 2 739163 738637 0 0 2 473 345 305 325 27 8000 8000 8000 0 128 128 128 0 1 1.0 1.0
89000 90000 1 1 206 206 205 525 525 755 755 0 1170613 1169739 0 0 0 754 508 508 508 0 0 0 0 0 0 0 0 0 0 0.0 0.0
90000 91000 2 2 166 166 163 2173 2173 565 565 2 1170638 1170638 0 0 2 562 377 351 364 18 8000 8000 8000 0 128 128 128 0 1 1.0 1.0
91000 92000 1 1 101 101 101 328 328 346 346 0 726571 726571 0 0 0 346 224 224 224 0 0 0 0 0 0 0 0 0 0 0.0 0.0
92000 93000 2 2 147 147 144 2046 2046 587 587 2 947343 947343 0 0 2 585 364 352 358 8 8000 8000 8000 0 128 128 128 0 1 1.0 1.0
93000 94000 1 1 158 158 158 455 455 665 665 0 1072336 1072336 0 0 0 664 414 414 414 0 0 0 0 0 0 0 0 0 0 0.0 0.0
94000 95000 2 2 110 110 108 1982 1982 295 295 2 502168 502168 0 0 2 292 388 360 374 19 8000 8000 8000 0 128 128 128 0 1 1.0 1.0
95000 96000 2 1 229 229 228 1093 1093 577 577 0 975435 975435 0 0 1 576 581 338 460 171 0 0 0 0 0 0 0 0 0 0.0 0.0
96000 97000 3 2 314 314 312 1620 1620 931 931 2 1619940 1619940 0 0 1 928 641 185 394 230 8000 8000 8000 0 128 128 128 0 1 1.0 1.0
97000 98000 1 1 115 115 115 307 307 378 378 0 671517 671517 0 0 0 377 204 204 204 0 0 0 0 0 0 0 0 0 0 0.0 0.0
98000 99000 1 1 3 3 2 820 820 3 3 1 2914 2914 0 0 1 2 74 74 74 0 0 0 0 0 0 0 0 0 0 0.0 1.0
99000 100000 0 0 0 0 0 0 0 0 0 0 0 0 0 0 0 0 0 0 0 0 0 0 0 0 0 0 0 0 0  
100000 101000 4 4 439 438 434 3883 3309 1343 1343 4 2224286 2223297 0 0 4 1338 460 204 306 125 8000 8000 8000 0 128 128 128 0 2 2.0 1.0
101000 102000 5 4 349 349 345 3277 3011 1133 1133 4 1798728 1798317 0 0 3 1128 539 16 207 202 0 0 0 0 0 0 0 0 0 0.0 0.0
102000 103000 2 2 251 251 248 2183 2183 792 792 2 1221311 1221311 0 0 2 789 370 359 365 7 8000 8000 8000 0 128 128 128 0 1 1.0 1.0
103000 104000 1 1 149 149 149 318 318 466 466 0 721208 721208 0 0 0 466 218 218 218 0 0 0 0 0 0 0 0 0 0 0.0 0.0
104000 105000 2 2 9 9 6 2502 2502 21 21 3 35919 35919 0 0 3 18 304 23 164 199 8000 8000 8000 0 128 128 128 0 1 1.0 1.0
105000 106000 1 1 44 44 44 0 0 111 111 0 183669 183669 0 0 0 111 349 349 349 0 0 0 0 0 0 0 0 0 0 0.0 0.0
106000 107000 5 4 429 429 426 1911 1911 1478 1478 3 2300485 2300485 0 0 2 1474 647 342 457 120 8000 8000 8000 0 128 128 128 0 1 1.0 1.0
107000 108000 4 3 208 208 206 1083 1083 561 561 1 948985 948985 0 0 1 560 553 72 272 207 0 0 0 0 0 0 0 0 0 0.0 0.0
108000 109000 3 2 214 214 211 2391 2391 479 479 2 839247 839247 0 0 2 476 687 86 375 301 3000 3000 3000 0 128 128 128 0 2 1.0 1.0
109000 110000 1 1 97 97 96 448 448 235 235 0 381879 381879 0 0 0 234 400 400 400 0 0 0 0 0 0 0 0 0 0 0.0 0.0
110000 111000 2 2 145 145 142 2502 2502 478 478 3 772037 772037 0 0 3 475 276 196 236 56 3000 3000 3000 0 128 128 128 0 1 1.0 1.0
111000 112000 0 0 0 0 0 0 0 0 0 0 0 0 0 0 0 0 0 0 0 0 0 0 0 0 0 0 0 0 0  
112000 113000 2 2 398 398 395 2502 2502 1308 1308 3 1994617 1994617 0 0 3 1305 276 154 215 86 8000 8000 8000 0 128 128 128 0 1 1.0 1.0
113000 114000 0 0 0 0 0 0 0 0 0 0 0 0 0 0 0 0 0 0 0 0 0 0 0 0 0 0 0 0 0  
114000 115000 3 3 430 430 426 2832 2832 1171 1171 3 1818035 1818035 0 0 3 1168 459 163 307 148 8000 8000 8000 0 128 128 128 0 2 2.0 1.0
115000 116000 2 1 230 230 228 1728 1728 631 631 1 1037625 1037625 0 0 2 629 540 459 499 56 0 0 0 0 0 0 0 0 0 0.0 0.0
116000 117000 2 1 219 219 218 442 442 612 612 1 1010056 1010056 0 0 0 611 539 67 303 334 0 0 0 0 0 0 0 0 0 0.0 1.0
117000 118000 0 0 0 0 0 0 0 0 0 0 0 0 0 0 0 0 0 0 0 0 0 0 0 0 0 0 0 0 0  
118000 119000 4 4 371 370 364 4872 4872 1039 1039 6 1603986 1603986 0 0 5 1032 448 197 290 118 8000 8000 8000 0 128 128 128 0 2 2.0 1.0
119000 120000 3 3 470 470 469 1480 1480 1361 1361 1 2118781 2118781 0 0 1 1359 429 33 174 221 0 0 0 0 0 0 0 0 0 0.0 0.0
120000 121000 2 2 238 238 236 1755 1755 548 548 2 849214 849214 0 0 2 546 460 327 394 93 8000 8000 8000 0 128 128 128 0 1 1.0 1.0
121000 122000 2 2 368 368 367 746 746 858 858 0 1315175 1315175 0 0 0 857 524 73 299 319 0 0 0 0 0 0 0 0 0 0.0 0.0
122000 123000 0 0 0 0 0 0 0 0 0 0 0 0 0 0 0 0 0 0 0 0 0 0 0 0 0 0 0 0 0  
123000 124000 3 3 390 390 387 2502 2502 1218 1218 3 1949327 1949327 0 0 3 1215 489 32 238 232 8000 8000 8000 0 128 128 128 0 1 1.0 1.0
124000 125000 3 3 163 163 161 1276 1276 566 566 2 835500 834912 0 0 1 563 559 326 448 116 8000 8000 8000 0 128 128 128 0 1 1.0 1.0
125000 126000 2 2 220 220 219 1225 1225 769 769 1 1141959 1141147 0 0 1 767 450 366 408 59 0 0 0 0 0 0 0 0 0 0.0 0.0
126000 127000 1 1 3 3 2 820 820 3 3 1 2915 2915 0 0 1 2 101 101 101 0 0 0 0 0 0 0 0 0 0 0.0 1.0
127000 128000 0 0 0 0 0 0 0 0 0 0 0 0 0 0 0 0 0 0 0 0 0 0 0 0 0 0 0 0 0  
128000 129000 2 2 361 361 358 2442 2442 1178 1178 2 1785149 1785149 0 0 2 1175 357 213 285 101 8000 8000 8000 0 128 128 128 0 1 1.0 1.0
129000 130000 1 1 26 26 26 59 59 88 88 0 133643 133643 0 0 0 88 27 27 27 0 0 0 0 0 0 0 0 0 0 0.0 0.0
130000 131000 4 4 399 398 394 3449 3053 1301 1301 4 2096107 2096107 0 0 3 1296 460 201 298 122 8000 8000 8000 0 128 128 128 0 2 2.0 1.0
131000 132000 4 4 340 340 336 3743 3299 1074 1074 4 1718053 1718053 0 0 4 1069 507 199 299 141 0 0 0 0 0 0 0 0 0 0.0 0.0
132000 133000 2 2 249 249 246 2113 2113 674 674 2 1076007 1076007 0 0 2 671 360 338 349 15 8000 8000 8000 0 128 128 128 0 1 1.0 1.0
133000 134000 1 1 204 204 204 388 388 558 558 0 890387 890387 0 0 0 558 308 308 308 0 0 0 0 0 0 0 0 0 0 0.0 0.0
134000 135000 2 2 205 205 202 2102 2102 661 661 2 1066832 1066832 0 0 2 659 449 333 391 82 8000 8000 8000 0 128 128 128 0 1 1.0 1.0
135000 136000 1 1 173 173 173 399 399 576 576 0 929708 929708 0 0 0 575 300 300 300 0 0 0 0 0 0 0 0 0 0 0.0 0.0
136000 137000 3 3 164 164 161 1314 1314 495 495 2 763651 762218 0 1 1 491 459 344 392 59 8000 8000 8000 0 128 128 128 0 1 1.0 1.0
137000 138000 2 2 180 180 179 1187 1187 549 549 1 854048 852681 0 0 1 548 387 370 379 12 0 0 0 0 0 0 0 0 0 0.0 0.0
138000 139000 2 2 168 168 165 2006 2006 538 538 2 879028 879028 0 0 2 536 378 297 338 57 8000 8000 8000 0 128 128 128 0 1 1.0 1.0
139000 140000 1 1 227 227 227 495 495 741 741 0 1206327 1206327 0 0 0 740 541 541 541 0 0 0 0 0 0 0 0 0 0 0.0 0.0
140000 141000 2 2 181 181 178 1868 1868 645 645 2 975928 975928 0 0 2 643 459 362 411 68 8000 8000 8000 0 128 128 128 0 1 1.0 1.0
141000 142000 2 2 177 177 177 633 633 643 643 0 968606 968606 0 0 0 642 370 65 217 215 0 0 0 0 0 0 0 0 0 0.0 0.0
142000 143000 2 2 163 163 160 2057 2057 654 654 2 995475 995475 0 0 2 652 365 353 359 8 8000 8000 8000 0 128 128 128 0 1 1.0 1.0
143000 144000 1 1 171 171 171 444 444 709 709 0 1073627 1073627 0 0 0 708 395 395 395 0 0 0 0 0 0 0 0 0 0 0.0 0.0
144000 145000 2 2 10 10 8 1931 1931 11 11 2 23484 23484 0 0 2 9 459 25 242 307 8000 8000 8000 0 128 128 128 0 1 1.0 1.0
145000 146000 1 1 5 5 4 570 570 5 5 0 12295 12295 0 0 0 4 240 240 240 0 0 0 0 0 0 0 0 0 0 0.0 0.0
146000 147000 2 2 676 676 674 1784 1784 1925 1925 2 3012597 3012597 0 0 2 1923 853 459 656 278 8000 8000 8000 0 128 128 128 0 1 1.0 1.0
147000 148000 2 2 201 201 200 717 717 563 563 0 886554 886554 0 0 0 562 348 49 199 211 0 0 0 0 0 0 0 0 0 0.0 0.0
148000 149000 2 2 133 133 132 1369 1369 276 276 1 408555 408555 0 0 1 274 458 356 407 72 8000 8000 8000 0 128 128 128 0 1 1.0 1.0
149000 150000 3 2 289 289 287 1450 1450 636 636 1 972725 972725 0 0 1 635 642 253 417 201 0 0 0 0 0 0 0 0 0 0.0 0.0
150000 151000 3 2 306 306 304 1531 1531 983 983 1 1627851 1626938 0 0 1 981 562 314 403 137 8000 8000 8000 0 128 128 128 0 1 1.0 1.0
151000 152000 2 2 159 159 158 653 653 553 553 0 904544 904058 0 0 0 552 237 176 206 42 0 0 0 0 0 0 0 0 0 0.0 0.0
152000 153000 4 4 544 544 541 3020 3020 1074 1074 3 1700951 1700951 0 0 3 1070 459 195 303 126 8000 8000 8000 0 128 128 128 0 2 2.0 1.0
153000 154000 3 3 881 880 876 3268 3268 1446 1446 4 2277081 2277081 0 0 3 1441 505 309 417 99 0 0 0 0 0 0 0 0 0 0.0 0.0
154000 155000 2 2 84 84 82 1215 1215 499 499 1 777070 774615 0 1 1 497 460 346 403 80 8000 8000 8000 0 128 128 128 0 1 1.0 1.0
155000 156000 2 2 119 119 118 1286 1286 710 710 1 1108454 1105309 0 2 1 709 499 417 458 57 0 0 0 0 0 0 0 0 0 0.0 0.0
156000 157000 1 1 3 3 2 820 820 3 3 1 2916 2916 0 0 1 2 81 81 81 0 0 0 0 0 0 0 0 0 0 0.0 1.0
157000 158000 0 0 0 0 0 0 0 0 0 0 0 0 0 0 0 0 0 0 0 0 0 0 0 0 0 0 0 0 0  
158000 159000 2 2 76 76 74 1547 1547 176 176 1 294697 294697 0 0 1 174 459 308 383 107 8000 8000 8000 0 128 128 128 0 1 1.0 1.0
159000 160000 3 2 245 245 244 1244 1244 599 599 1 1005729 1005729 0 0 1 598 691 132 377 286 0 0 0 0 0 0 0 0 0 0.0 0.0
160000 161000 5 4 360 360 357 2612 2612 1101 1101 3 1772689 1772689 0 0 3 1098 560 78 253 180 8000 8000 8000 0 128 128 128 0 2 2.0 1.0
161000 162000 3 3 556 556 554 1280 1280 1879 1879 1 2939530 2939530 0 0 1 1877 644 4 424 363 0 0 0 0 0 0 0 0 0 0.0 0.0
162000 163000 2 2 93 93 91 1910 1910 307 307 2 481060 481060 0 0 2 305 357 297 327 42 8000 8000 8000 0 128 128 128 0 1 1.0 1.0
163000 164000 2 1 217 217 216 839 839 755 755 1 1187143 1187143 0 0 1 754 700 297 498 285 0 0 0 0 0 0 0 0 0 0.0 0.0
164000 165000 3 2 192 192 190 1289 1289 693 693 1 1089930 1088224 0 1 1 691 683 289 421 227 8000 8000 8000 0 128 128 128 0 1 1.0 1.0
165000 166000 2 2 192 192 190 964 964 725 725 1 1122012 1119518 0 1 1 724 423 359 391 44 0 0 0 0 0 0 0 0 0 0.0 0.0
166000 167000 2 2 230 230 227 2021 2021 727 727 2 1150137 1150137 0 0 2 725 458 353 406 74 8000 8000 8000 0 128 128 128 0 1 1.0 1.0
167000 168000 2 2 164 164 164 480 480 525 525 0 836276 836276 0 0 0 524 263 35 149 161 0 0 0 0 0 0 0 0 0 0.0 0.0
168000 169000 2 2 9 9 6 2119 2119 19 19 2 27515 27515 0 0 2 16 459 25 242 306 8000 8000 8000 0 128 128 128 0 1 1.0 1.0
169000 170000 1 1 2 2 2 382 382 5 5 0 8229 8229 0 0 0 5 137 137 137 0 0 0 0 0 0 0 0 0 0 0.0 0.0
170000 171000 3 3 557 557 555 2208 2208 1548 1548 2 2424632 2424632 0 0 2 1545 927 290 526 349 8000 8000 8000 0 128 128 128 0 1 1.0 1.0
171000 172000 3 2 346 346 345 293 293 898 898 0 1389825 1389825 0 0 0 898 239 69 167 88 0 0 0 0 0 0 0 0 0 0.0 0.0
172000 173000 2 2 285 285 282 2101 2101 653 653 2 1033002 1033002 0 0 2 651 459 357 408 72 8000 8000 8000 0 128 128 128 0 1 1.0 1.0
173000 174000 2 2 238 238 238 400 400 550 550 0 869701 869701 0 0 0 549 311 2 156 218 0 0 0 0 0 0 0 0 0 0.0 0.0
174000 175000 1 1 1 1 0 820 820 1 1 1 0 0 0 0 1 0 23 23 23 0 0 0 0 0 0 0 0 0 0 0.0 1.0
175000 176000 0 0 0 0 0 0 0 0 0 0 0 0 0 0 0 0 0 0 0 0 0 0 0 0 0 0 0 0 0  
176000 177000 1 1 3 3 2 820 820 3 3 1 2920 2920 0 0 1 2 26 26 26 0 0 0 0 0 0 0 0 0 0 0.0 1.0
177000 178000 0 0 0 0 0 0 0 0 0 0 0 0 0 0 0 0 0 0 0 0 0 0 0 0 0 0 0 0 0  
178000 179000 1 1 2 2 1 820 820 3 3 1 2920 2920 0 0 1 2 25 25 25 0 0 0 0 0 0 0 0 0 0 0.0 1.0
179000 180000 0 0 0 0 0 0 0 0 0 0 0 0 0 0 0 0 0 0 0 0 0 0 0 0 0 0 0 0 0  
180000 181000 3 3 1276 1276 1269 5472 4632 3596 3596 6 5399635 5398235 1 1 6 3589 833 459 602 201 8000 8000 8000 0 128 128 128 0 3 3.0 1.0
181000 182000 4 2 480 480 477 2915 2915 1394 1394 3 2246503 2246503 0 0 3 1391 539 107 247 197 8000 8000 8000 0 128 128 128 0 1 1.0 0.0
182000 183000 2 2 178 178 176 1545 1545 604 604 1 951207 951207 0 0 1 602 458 204 331 179 8000 8000 8000 0 128 128 128 0 1 1.0 1.0
183000 184000 2 2 175 175 174 956 956 605 605 1 949948 949948 0 0 1 604 469 32 251 308 0 0 0 0 0 0 0 0 0 0.0 0.0
184000 185000 2 2 152 152 151 1022 1022 472 472 1 782670 781596 0 0 1 471 459 206 332 178 8000 8000 8000 0 128 128 128 0 1 1.0 1.0
185000 186000 3 2 199 199 197 1852 1852 631 631 1 1071018 1069293 0 1 2 629 539 452 485 47 0 0 0 0 0 0 0 0 0 0.0 0.0
186000 187000 3 2 230 230 229 1369 1369 815 815 1 1310959 1310959 0 0 1 814 542 203 391 172 8000 8000 8000 0 128 128 128 0 1 1.0 1.0
187000 188000 2 2 157 157 156 759 759 549 549 1 855375 855375 0 0 0 548 319 184 252 95 0 0 0 0 0 0 0 0 0 0.0 0.0
188000 189000 2 2 263 263 261 1593 1593 690 690 1 1096836 1096836 0 0 1 688 459 204 331 180 8000 8000 8000 0 128 128 128 0 1 1.0 1.0
189000 190000 2 2 146 146 145 908 908 384 384 1 611553 611553 0 0 1 383 255 122 188 94 0 0 0 0 0 0 0 0 0 0.0 0.0
190000 191000 2 2 343 343 340 2055 2055 1021 1021 2 1607810 1607810 0 0 2 1019 458 171 314 203 8000 8000 8000 0 128 128 128 0 1 1.0 1.0
191000 192000 1 1 119 119 119 446 446 368 368 0 579200 579200 0 0 0 367 168 168 168 0 0 0 0 0 0 0 0 0 0 0.0 0.0
192000 193000 2 2 258 258 256 2071 2071 737 737 2 1167547 1167547 0 0 2 735 458 344 401 80 8000 8000 8000 0 128 128 128 0 1 1.0 1.0
193000 194000 2 2 172 172 171 430 430 510 510 0 801948 801948 0 0 0 509 243 23 133 155 0 0 0 0 0 0 0 0 0 0.0 0.0
194000 195000 2 2 165 165 162 2014 2014 520 520 2 789227 788637 0 0 2 518 376 342 359 23 8000 8000 8000 0 128 128 128 0 1 1.0 1.0
195000 196000 1 1 217 217 217 487 487 690 690 0 1034889 1034079 0 0 0 689 470 470 470 0 0 0 0 0 0 0 0 0 0 0.0 0.0
196000 197000 1 1 3 3 2 820 820 3 3 1 2914 2914 0 0 1 2 94 94 94 0 0 0 0 0 0 0 0 0 0 0.0 1.0
197000 198000 0 0 0 0 0 0 0 0 0 0 0 0 0 0 0 0 0 0 0 0 0 0 0 0 0 0 0 0 0  
198000 199000 2 2 290 290 286 2788 2788 929 929 3 1544264 1544264 0 0 3 925 457 343 400 80 8000 8000 8000 0 128 128 128 0 2 1.0 1.0
199000 200000 2 2 155 155 154 1395 1395 500 500 1 831566 831566 0 0 1 499 217 185 201 22 0 0 0 0 128 128 128 0 0 1.0 0.0
200000 201000 2 2 222 222 219 2290 2290 497 497 2 830765 830765 0 0 2 494 388 350 369 26 8000 8000 8000 0 128 128 128 0 1 1.0 1.0
201000 202000 1 1 71 71 71 211 211 160 160 0 266569 266569 0 0 0 160 117 117 117 0 0 0 0 0 0 0 0 0 0 0.0 0.0
202000 203000 4 4 208 208 205 2556 2556 536 536 3 915393 915393 0 0 3 533 444 203 300 117 8000 8000 8000 0 128 128 128 0 2 2.0 1.0
203000 204000 4 3 379 379 377 1627 1627 994 994 1 1723080 1723080 0 0 1 992 790 136 419 290 0 0 0 0 0 0 0 0 0 0.0 0.0
204000 205000 1 1 1 1 0 820 820 1 1 1 0 0 0 0 1 0 34 34 34 0 0 0 0 0 0 0 0 0 0 0.0 1.0
205000 206000 1 1 321 321 321 0 0 757 757 0 1260176 1260176 0 0 0 757 610 610 610 0 0 0 0 0 0 0 0 0 0 0.0 0.0
206000 207000 3 3 590 590 586 3503 3503 1708 1708 4 2738474 2738474 0 0 4 1704 632 288 441 175 8000 8000 8000 0 128 128 128 0 2 2.0 1.0
207000 208000 2 2 213 213 212 680 680 718 718 0 1080371 1080371 0 0 0 717 417 49 233 260 0 0 0 0 0 0 0 0 0 0.0 0.0
208000 209000 2 2 48 48 46 1571 1571 94 94 1 181001 181001 0 0 1 93 460 384 422 53 8000 8000 8000 0 128 128 128 0 1 1.0 1.0
209000 210000 3 2 180 180 178 930 930 378 378 1 662997 662997 0 0 1 377 591 155 334 228 0 0 0 0 0 0 0 0 0 0.0 0.0
210000 211000 3 3 564 564 562 2127 2127 1360 1360 2 2233678 2233678 0 0 2 1358 698 345 465 201 8000 8000 8000 0 128 128 128 0 1 1.0 1.0
211000 212000 1 1 195 195 195 374 374 541 541 0 849044 849044 0 0 0 540 283 283 283 0 0 0 0 0 0 0 0 0 0 0.0 0.0
212000 213000 2 2 150 150 148 1985 1985 516 516 2 774164 774164 0 0 2 514 386 350 368 24 8000 8000 8000 0 128 128 128 0 1 1.0 1.0
213000 214000 1 1 225 225 224 516 516 779 779 0 1169987 1169987 0 0 0 778 555 555 555 0 0 0 0 0 0 0 0 0 0 0.0 0.0
214000 215000 2 2 356 356 353 2208 2208 833 833 2 1292260 1292260 0 0 2 830 354 246 300 76 8000 8000 8000 0 128 128 128 0 1 1.0 1.0
215000 216000 1 1 180 180 180 293 293 432 432 0 671843 671843 0 0 0 432 189 189 189 0 0 0 0 0 0 0 0 0 0 0.0 0.0
216000 217000 1 1 3 3 2 820 820 3 3 1 2915 2915 0 0 1 2 80 80 80 0 0 0 0 0 0 0 0 0 0 0.0 1.0
217000 218000 0 0 0 0 0 0 0 0 0 0 0 0 0 0 0 0 0 0 0 0 0 0 0 0 0 0 0 0 0  
218000 219000 4 4 372 372 368 3092 3092 1201 1201 3 1976239 1974861 0 0 3 1198 459 203 294 120 8000 8000 8000 0 128 128 128 0 2 2.0 1.0
219000 220000 5 4 302 302 301 1485 1485 789 789 1 1363246 1363224 0 0 1 787 796 7 231 324 0 0 0 0 0 0 0 0 0 0.0 0.0
220000 221000 3 2 339 339 337 1636 1636 913 913 1 1380690 1380690 0 0 1 911 653 1 339 326 8000 8000 8000 0 128 128 128 0 1 1.0 1.0
221000 222000 1 1 263 263 262 471 471 685 685 0 1080111 1080111 0 0 0 685 462 462 462 0 0 0 0 0 0 0 0 0 0 0.0 0.0
222000 223000 1 1 3 3 2 820 820 3 3 1 2913 2913 0 0 1 2 87 87 87 0 0 0 0 0 0 0 0 0 0 0.0 1.0
223000 224000 0 0 0 0 0 0 0 0 0 0 0 0 0 0 0 0 0 0 0 0 0 0 0 0 0 0 0 0 0  
224000 225000 3 3 357 357 353 3023 3023 1257 1257 3 1970937 1970937 0 0 3 1253 458 202 319 129 8000 8000 8000 0 128 128 128 0 2 2.0 1.0
225000 226000 3 2 179 179 177 1556 1556 421 421 1 663562 663562 0 0 1 419 797 111 370 372 0 0 0 0 0 0 0 0 0 0.0 0.0
226000 227000 3 2 602 602 600 1867 1867 1697 1697 2 2645675 2645675 0 0 2 1694 646 7 342 320 8000 8000 8000 0 128 128 128 0 1 1.0 1.0
227000 228000 1 1 111 111 110 238 238 334 334 0 539019 539019 0 0 0 334 146 146 146 0 0 0 0 0 0 0 0 0 0 0.0 0.0
228000 229000 2 2 253 253 250 2210 2210 849 849 2 1317395 1317395 0 0 2 846 451 346 399 74 8000 8000 8000 0 128 128 128 0 1 1.0 1.0
229000 230000 1 1 128 128 128 291 291 438 438 0 677222 677222 0 0 0 438 183 183 183 0 0 0 0 0 0 0 0 0 0 0.0 0.0
230000 231000 2 2 58 58 56 1903 1903 155 155 2 234519 234519 0 0 2 153 437 289 363 104 8000 8000 8000 0 128 128 128 0 1 1.0 1.0
231000 232000 2 1 194 194 193 1126 1126 561 561 1 867670 867670 0 0 1 560 710 287 499 299 0 0 0 0 0 0 0 0 0 0.0 0.0
232000 233000 3 2 330 330 329 1504 1504 1093 1093 1 1712346 1711728 0 0 1 1091 616 12 344 306 8000 8000 8000 0 128 128 128 0 1 1.0 1.0
233000 234000 1 1 221 221 221 470 470 694 694 0 1095309 1094527 0 0 0 693 510 510 510 0 0 0 0 0 0 0 0 0 0 0.0 0.0
234000 235000 2 2 149 149 147 2047 2047 558 558 2 923084 922440 0 0 2 556 386 356 371 20 8000 8000 8000 0 128 128 128 0 1 1.0 1.0
235000 236000 1 1 168 168 167 454 454 632 632 0 1040909 1040153 0 0 0 631 418 418 418 0 0 0 0 0 0 0 0 0 0 0.0 0.0
236000 237000 2 2 92 92 90 1953 1953 249 249 2 438011 438011 0 0 2 247 352 347 350 3 8000 8000 8000 0 128 128 128 0 1 1.0 1.0
237000 238000 2 1 219 219 218 859 859 608 608 1 1065404 1065404 0 0 1 607 650 347 499 214 0 0 0 0 0 0 0 0 0 0.0 0.0
238000 239000 3 2 238 238 236 1472 1472 714 714 1 1194261 1194261 0 0 1 712 569 247 366 176 8000 8000 8000 0 128 128 128 0 1 1.0 1.0
239000 240000 2 2 280 280 279 718 718 848 848 0 1347625 1347625 0 0 0 848 509 62 286 316 0 0 0 0 0 0 0 0 0 0.0 0.0
240000 241000 2 2 194 194 191 2062 2062 597 597 2 923181 923181 0 0 2 594 354 343 348 8 8000 8000 8000 0 128 128 128 0 1 1.0 1.0
241000 242000 1 1 203 203 203 439 439 623 623 0 970764 970764 0 0 0 623 387 387 387 0 0 0 0 0 0 0 0 0 0 0.0 0.0
242000 243000 1 1 5 5 4 439 439 5 5 0 9483 9483 0 0 0 5 70 70 70 0 0 0 0 0 0 0 0 0 0 0.0 1.0
243000 244000 2 2 298 298 296 2062 2062 1309 1309 2 2017502 2017502 0 0 2 1306 555 195 375 254 8000 8000 8000 0 128 128 128 0 1 1.0 0.0
244000 245000 2 2 193 193 190 2104 2104 595 595 2 1000173 1000173 0 0 2 593 363 348 355 10 8000 8000 8000 0 128 128 128 0 1 1.0 1.0
245000 246000 1 1 163 163 163 397 397 510 510 0 861675 861675 0 0 0 509 324 324 324 0 0 0 0 0 0 0 0 0 0 0.0 0.0
246000 247000 2 2 182 182 179 1822 1822 646 646 2 1046950 1046950 0 0 2 644 458 326 392 93 8000 8000 8000 0 128 128 128 0 1 1.0 1.0
247000 248000 2 2 167 167 167 679 679 598 598 0 971341 971341 0 0 0 597 309 88 199 156 0 0 0 0 0 0 0 0 0 0.0 0.0
248000 249000 2 2 129 129 127 1961 1961 438 438 2 679608 679107 0 0 2 436 350 320 335 21 8000 8000 8000 0 128 128 128 0 1 1.0 1.0
249000 250000 1 1 213 213 212 540 540 747 747 0 1155903 1155004 0 0 0 746 629 629 629 0 0 0 0 0 0 0 0 0 0 0.0 0.0
250000 251000 2 2 201 201 199 2221 2221 769 769 2 1334521 1334521 0 0 2 766 394 351 373 30 8000 8000 8000 0 128 128 128 0 1 1.0 1.0
251000 252000 1 1 96 96 95 280 280 372 372 0 648547 648547 0 0 0 372 175 175 175 0 0 0 0 0 0 0 0 0 0 0.0 0.0
252000 253000 2 2 369 369 366 2502 2502 1091 1091 3 1979176 1979176 0 0 3 1088 299 195 247 73 8000 8000 8000 0 128 128 128 0 1 1.0 1.0
253000 254000 0 0 0 0 0 0 0 0 0 0 0 0 0 0 0 0 0 0 0 0 0 0 0 0 0 0 0 0 0  
254000 255000 2 2 250 250 248 2333 2333 883 883 2 1380682 1379561 0 0 2 880 445 346 396 70 8000 8000 8000 0 128 128 128 0 1 1.0 1.0
255000 256000 1 1 61 61 60 168 168 213 213 0 335812 335533 0 0 0 213 86 86 86 0 0 0 0 0 0 0 0 0 0 0.0 0.0
256000 257000 2 2 488 488 485 2502 2502 1277 1277 3 2147379 2147379 0 0 3 1274 250 213 232 26 8000 8000 8000 0 128 128 128 0 1 1.0 1.0
257000 258000 0 0 0 0 0 0 0 0 0 0 0 0 0 0 0 0 0 0 0 0 0 0 0 0 0 0 0 0 0  
258000 259000 3 3 498 498 494 2847 2847 1543 1543 3 2532512 2532512 0 0 3 1540 456 183 313 136 8000 8000 8000 0 128 128 128 0 2 2.0 1.0
259000 260000 2 2 208 208 207 1336 1336 852 852 1 1405792 1405792 0 0 1 850 444 192 318 178 0 0 0 0 0 0 0 0 0 0.0 0.0
260000 261000 2 2 95 95 92 1949 1949 250 250 2 432123 432123 0 0 2 247 397 336 366 43 8000 8000 8000 0 128 128 128 0 1 1.0 1.0
261000 262000 2 1 180 180 179 713 713 486 486 0 827540 827540 0 0 0 486 641 92 367 388 0 0 0 0 0 0 0 0 0 0.0 0.0
262000 263000 2 2 420 420 417 2033 2033 1156 1156 2 1933663 1933663 0 0 2 1153 862 371 616 347 8000 8000 8000 0 128 128 128 0 1 1.0 1.0
263000 264000 2 2 147 147 147 307 307 430 430 0 732940 732940 0 0 0 429 213 196 205 12 0 0 0 0 0 0 0 0 0 0.0 0.0
264000 265000 3 3 266 266 263 1809 1809 670 670 2 1073518 1073518 0 0 2 667 539 277 425 134 8000 8000 8000 0 128 128 128 0 1 1.0 1.0
265000 266000 2 2 223 223 222 692 692 571 571 0 915604 915604 0 0 0 570 241 101 171 98 0 0 0 0 0 0 0 0 0 0.0 0.0
266000 267000 1 1 2 2 1 820 820 3 3 1 2917 2917 0 0 1 2 137 137 137 0 0 0 0 0 0 0 0 0 0 0.0 1.0
267000 268000 0 0 0 0 0 0 0 0 0 0 0 0 0 0 0 0 0 0 0 0 0 0 0 0 0 0 0 0 0  
268000 269000 2 2 450 450 447 2502 2502 1323 1323 3 1982016 1982016 0 0 3 1320 279 191 235 62 8000 8000 8000 0 128 128 128 0 1 1.0 1.0
269000 270000 0 0 0 0 0 0 0 0 0 0 0 0 0 0 0 0 0 0 0 0 0 0 0 0 0 0 0 0 0  
270000 271000 2 2 375 375 373 2327 2327 980 980 2 1572380 1572380 0 0 2 978 322 197 260 88 8000 8000 8000 0 128 128 128 0 1 1.0 1.0
271000 272000 1 1 97 97 96 174 174 255 255 0 403021 403021 0 0 0 254 84 84 84 0 0 0 0 0 0 0 0 0 0 0.0 0.0
272000 273000 3 3 593 593 590 2635 2635 1823 1823 3 2766849 2766849 0 0 3 1819 459 204 326 127 8000 8000 8000 0 128 128 128 0 2 2.0 1.0
273000 274000 2 2 239 239 237 1548 1548 688 688 1 1002613 1002613 0 0 1 687 368 218 293 105 0 0 0 0 0 0 0 0 0 0.0 0.0
274000 275000 2 2 185 185 183 1990 1990 555 555 2 842374 842374 0 0 2 552 442 339 391 72 8000 8000 8000 0 128 128 128 0 1 1.0 1.0
275000 276000 1 1 278 278 277 511 511 832 832 0 1250098 1250098 0 0 0 832 526 526 526 0 0 0 0 0 0 0 0 0 0 0.0 0.0
276000 277000 2 2 259 259 257 1671 1671 783 783 2 1178266 1178266 0 0 2 781 454 354 404 70 8000 8000 8000 0 128 128 128 0 1 1.0 1.0
277000 278000 2 2 174 174 173 830 830 529 529 0 797144 797144 0 0 0 528 241 189 215 36 0 0 0 0 0 0 0 0 0 0.0 0.0
278000 279000 2 2 203 203 201 1986 1986 527 527 2 799503 799503 0 0 2 524 370 361 365 6 8000 8000 8000 0 128 128 128 0 1 1.0 1.0
279000 280000 1 1 303 303 302 515 515 800 800 0 1205823 1205823 0 0 0 800 585 585 585 0 0 0 0 0 0 0 0 0 0 0.0 0.0
280000 281000 2 2 129 129 127 1881 1881 349 349 2 541586 541586 0 0 2 347 459 252 355 145 8000 8000 8000 0 128 128 128 0 1 1.0 1.0
281000 282000 2 2 322 322 321 620 620 898 898 0 1374367 1374367 0 0 0 897 686 1 344 484 0 0 0 0 0 0 0 0 0 0.0 0.0
282000 283000 2 2 243 243 240 2183 2183 749 749 2 1268845 1268845 0 0 2 746 430 331 380 70 8000 8000 8000 0 128 128 128 0 1 1.0 1.0
283000 284000 1 1 140 140 140 318 318 444 444 0 751684 751684 0 0 0 444 201 201 201 0 0 0 0 0 0 0 0 0 0 0.0 0.0
284000 285000 2 2 286 286 283 2222 2222 833 833 2 1236531 1236531 0 0 2 830 358 249 303 76 8000 8000 8000 0 128 128 128 0 1 1.0 1.0
285000 286000 1 1 138 138 138 279 279 402 402 0 596820 596820 0 0 0 402 178 178 178 0 0 0 0 0 0 0 0 0 0 0.0 0.0
286000 287000 2 2 322 322 319 2075 2075 884 884 2 1390407 1390407 0 0 2 882 458 357 407 71 8000 8000 8000 0 128 128 128 0 1 1.0 1.0
287000 288000 2 2 76 76 76 426 426 210 210 0 330324 330324 0 0 0 209 86 85 86 1 0 0 0 0 0 0 0 0 0 0.0 0.0
288000 289000 1 1 6 6 4 905 905 14 14 1 19596 19596 0 0 1 13 460 460 460 0 0 0 0 0 0 0 0 0 0 0.0 1.0
289000 290000 2 2 438 438 437 1596 1596 1347 1347 1 2063716 2063716 0 0 1 1345 383 288 335 67 8000 8000 8000 0 128 128 128 0 1 1.0 0.0
290000 291000 2 2 228 228 227 1290 1290 721 721 1 1080686 1079889 0 0 1 719 454 203 329 177 8000 8000 8000 0 128 128 128 0 1 1.0 1.0
291000 292000 2 2 174 174 172 1211 1211 552 552 1 826849 826246 0 0 1 551 344 293 318 35 0 0 0 0 0 0 0 0 0 0.0 0.0
292000 293000 2 2 61 61 59 1974 1974 136 136 2 231268 231268 0 0 2 134 415 350 382 45 8000 8000 8000 0 128 128 128 0 1 1.0 1.0
293000 294000 2 1 229 229 228 810 810 505 505 0 819488 819488 0 0 0 504 588 343 466 172 0 0 0 0 0 0 0 0 0 0.0 0.0
294000 295000 3 2 478 478 475 1792 1792 1206 1206 2 1858122 1858122 0 0 2 1203 652 252 408 213 8000 8000 8000 0 128 128 128 0 1 1.0 1.0
295000 296000 1 1 218 218 218 426 426 619 619 0 917403 917403 0 0 0 618 330 330 330 0 0 0 0 0 0 0 0 0 0 0.0 0.0
296000 297000 3 3 402 402 399 2425 2425 1200 1200 2 1936898 1936898 0 0 2 1197 702 172 452 266 8000 8000 8000 0 128 128 128 0 1 1.0 1.0
297000 298000 1 1 39 39 39 76 76 118 118 0 190451 190451 0 0 0 118 70 70 70 0 0 0 0 0 0 0 0 0 0 0.0 0.0
298000 299000 2 2 184 184 181 2093 2093 472 472 2 725214 725214 0 0 2 469 459 320 390 97 8000 8000 8000 0 128 128 128 0 1 1.0 1.0
299000 300000 3 2 747 747 745 2090 2090 2080 2080 2 3104989 3104989 0 0 2 2078 553 144 339 205 8000 8000 8000 0 128 128 128 0 1 1.0 0.0
300000 301000 0 0 0 0 0 0 0 0 0 0 0 0 0 0 0 0 0 0 0 0 0 0 0 0 0 0 0 0 0  
