ts te nbins ncons c_tcp_packs c_tcp_bytes c_udp_packs c_udp_bytes s_tcp_packs s_tcp_bytes s_udp_packs s_udp_bytes max_bins_span min_bins_span avg_bins_span std_bins_span max_video_rate min_video_rate avg_video_rate std_video_rate max_audio_rate min_audio_rate avg_audio_rate std_audio_rate video_requests audio_requests
0 10000 13 6 316 23513 0 0 518 722309 0 0 999 36 550 327 2300 288 958 1038 128 128 128 0 6 5
10000 20000 20 4 957 22251 0 0 1239 1721783 0 0 999 66 741 311 840 288 538 288 128 128 128 0 11 10
20000 30000 13 3 939 15020 0 0 1138 1868027 0 0 999 5 450 342 1500 840 1311 322 128 128 128 0 7 6
30000 40000 15 3 1598 13874 0 0 2438 4191850 0 0 999 30 538 434 4400 3000 3600 748 128 128 128 0 7 5
40000 50000 16 2 2122 12509 0 0 3288 5685571 0 0 999 35 647 425 4400 4400 4400 0 128 128 128 0 5 5
50000 60000 16 2 2045 12522 0 0 3161 5671056 0 0 999 42 646 431 4400 4400 4400 0 128 128 128 0 5 5
60000 70000 16 2 1963 12506 0 0 3133 5493538 0 0 999 60 650 418 4400 4400 4400 0 128 128 128 0 5 5
70000 80000 15 2 1984 11942 0 0 2978 5519939 0 0 999 53 656 390 4400 3000 3840 766 128 128 128 0 5 5
80000 90000 17 3 2021 14758 0 0 3156 5605797 0 0 999 71 633 394 4400 3000 3933 722 128 128 128 0 6 6
90000 100000 16 2 1934 12515 0 0 3088 5367141 0 0 999 59 643 435 4400 4400 4400 0 128 128 128 0 5 5
100000 110000 17 3 2582 15316 0 0 3944 6842690 0 0 999 65 633 416 6500 4400 5450 1150 128 128 128 0 6 5
110000 120000 17 3 2056 12594 0 0 3261 5644567 0 0 999 230 696 337 4400 4400 4400 0 128 128 128 0 5 5
120000 130000 20 3 2734 16504 0 0 4090 7079437 0 0 999 158 696 335 4400 4400 4400 0 128 128 128 0 6 6
130000 140000 17 3 2693 12758 0 0 4173 7270185 0 0 999 102 618 414 6500 4400 6080 939 128 128 128 0 5 5
140000 150000 18 3 2998 11592 0 0 4545 8019171 0 0 999 32 709 376 6500 6500 6500 0 128 128 128 0 5 5
150000 160000 18 2 2354 12432 0 0 3720 6614283 0 0 999 48 750 368 4400 4400 4400 0 128 128 128 0 5 4
160000 170000 18 2 2080 13505 0 0 3293 5745356 0 0 999 99 720 352 4400 4400 4400 0 128 128 128 0 5 6
170000 180000 18 3 2739 13908 0 0 4145 7047871 0 0 999 145 705 300 4400 4400 4400 0 128 128 128 0 6 6
180000 190000 17 3 2740 12793 0 0 4331 7562129 0 0 999 121 663 367 6500 6500 6500 0 128 128 128 0 5 5
190000 200000 16 3 3164 12169 0 0 5036 8629333 0 0 999 191 696 344 6500 4400 6080 939 128 128 128 0 5 5
200000 210000 16 2 2323 12728 0 0 3429 5868025 0 0 999 231 669 326 4400 4400 4400 0 128 128 128 0 5 5
210000 220000 17 2 2422 11943 0 0 3539 6054247 0 0 999 39 719 363 4400 4400 4400 0 128 128 128 0 5 5
220000 230000 18 2 2538 14591 0 0 3932 6851425 0 0 999 89 751 332 4400 4400 4400 0 128 128 128 0 6 6
230000 240000 15 2 1460 8592 0 0 2298 4079162 0 0 999 61 594 397 6500 6500 6500 0 128 128 128 0 2 3
240000 250000 16 5 1823 21571 0 0 2684 4628233 0 0 998 164 642 274 6500 288 2329 2067 128 128 128 0 9 7
250000 260000 16 2 2260 12389 0 0 3455 6246233 0 0 999 56 666 416 6500 4400 4820 939 128 128 128 0 5 5
260000 270000 16 2 2149 12319 0 0 3187 5746936 0 0 999 221 704 348 4400 4400 4400 0 128 128 128 0 5 5
270000 280000 18 3 2510 14526 0 0 3746 6832626 0 0 999 133 686 331 6500 4400 4750 857 128 128 128 0 6 6
280000 290000 17 3 2942 12808 0 0 4551 8097393 0 0 999 89 673 363 6500 6500 6500 0 128 128 128 0 5 5
290000 300000 15 2 2444 12245 0 0 3870 7016630 0 0 999 128 733 350 6500 4400 5240 1150 128 128 128 0 5 5
300000 310000 1 1 54 264 0 0 88 153744 0 0 311 311 311 0 0 0 0 0 0 0 0 0 0 0
