ts te nbins ncons c_pkts_all c_bytes_all s_pkts_all s_bytes_all max_bin min_bin avg_bin std_bin max_vid min_vid avg_vid std_vid max_aud min_aud avg_aud std_aud num_vid num_aud num_mfs
0 2000 0 0 0 0 0 0 0 0 0 0 0 0 0 0 0 0 0 0 0 0 
2000 4000 0 0 0 0 0 0 0 0 0 0 0 0 0 0 0 0 0 0 0 0 
4000 6000 1 1 85 7919 198 282379 413 413 413 0 2300 2300 2300 0 128 128 128 0 2 2 1.0
6000 8000 3 1 418 32924 1053 1465970 999 408 664 303 840 840 840 0 128 128 128 0 5 5 1.0
8000 10000 3 1 363 25162 840 1156896 999 399 663 306 840 840 840 0 128 128 128 0 4 4 1.0
10000 12000 2 1 173 11687 448 646483 498 401 450 69 8000 8000 8000 0 128 128 128 0 2 2 1.0
12000 14000 3 1 383 21578 1023 1485800 995 494 663 287 8000 8000 8000 0 128 128 128 0 1 1 1.0
14000 16000 3 1 377 19640 1026 1490972 997 494 664 288 8000 8000 8000 0 128 128 128 0 1 1 1.0
16000 18000 3 1 371 18347 974 1414755 999 490 664 290 0 0 0 0 0 0 0 0 0 0 1.0
18000 20000 3 1 389 21771 1028 1493121 996 481 661 290 4400 4400 4400 0 128 128 128 0 2 2 1.0
20000 22000 3 1 360 18448 1009 1465658 998 477 663 290 4400 4400 4400 0 128 128 128 0 1 1 1.0
22000 24000 3 1 354 18917 960 1393689 998 476 664 289 4400 4400 4400 0 128 128 128 0 1 1 1.0
24000 26000 3 1 364 19610 1007 1460675 995 471 663 289 4400 4400 4400 0 128 128 128 0 1 1 1.0
26000 28000 3 1 366 19093 943 1364667 999 466 664 291 4400 4400 4400 0 128 128 128 0 1 1 1.0
28000 30000 3 1 385 20177 1019 1476794 999 464 664 292 4400 4400 4400 0 128 128 128 0 2 2 1.0
30000 32000 3 1 378 20489 991 1438102 998 458 663 292 4400 4400 4400 0 128 128 128 0 1 1 1.0
32000 34000 3 1 343 18218 933 1351335 996 450 660 293 4400 4400 4400 0 128 128 128 0 1 1 1.0
34000 36000 3 1 346 17657 994 1440136 998 443 663 294 4400 4400 4400 0 128 128 128 0 1 1 1.0
36000 38000 3 1 306 16023 811 1174913 999 438 664 295 4400 4400 4400 0 128 128 128 0 1 1 1.0
38000 40000 3 1 278 14771 741 1072702 998 436 664 295 4400 4400 4400 0 128 128 128 0 1 2 1.0
40000 42000 3 1 313 16717 879 1273957 998 430 663 297 4400 4400 4400 0 0 0 0 0 1 0 1.0
42000 44000 3 1 292 15896 811 1173162 997 427 664 296 4400 4400 4400 0 128 128 128 0 2 2 1.0
44000 46000 3 1 330 17723 927 1343012 999 420 663 300 4400 4400 4400 0 128 128 128 0 1 1 1.0
46000 48000 3 1 294 15736 795 1147822 988 262 608 364 4400 4400 4400 0 128 128 128 0 2 2 1.0
48000 50000 3 1 286 16058 763 1097090 999 240 658 385 4400 4400 4400 0 128 128 128 0 1 1 1.0
50000 52000 3 1 314 17984 880 1271670 996 237 663 388 4400 4400 4400 0 128 128 128 0 1 1 1.0
52000 54000 3 1 268 14812 737 1067873 995 233 663 390 4400 4400 4400 0 128 128 128 0 1 1 1.0
54000 56000 3 1 216 11237 570 823991 970 227 653 383 4400 4400 4400 0 128 128 128 0 1 1 1.0
56000 58000 3 1 288 16814 800 1154992 998 219 663 400 4400 4400 4400 0 128 128 128 0 1 1 1.0
58000 60000 3 1 238 12436 630 909235 996 216 663 402 4400 4400 4400 0 128 128 128 0 1 1 1.0
60000 62000 3 1 319 18238 905 1309044 998 212 664 406 4400 4400 4400 0 128 128 128 0 1 1 1.0
62000 64000 3 1 351 18662 985 1428967 995 209 664 407 4400 4400 4400 0 128 128 128 0 1 1 1.0
64000 66000 3 1 348 18628 974 1414816 994 207 664 408 4400 4400 4400 0 128 128 128 0 1 1 1.0
66000 68000 3 1 301 16383 834 1206136 999 201 664 414 4400 4400 4400 0 128 128 128 0 1 1 1.0
68000 70000 3 1 230 12988 651 944254 997 1 457 503 4400 4400 4400 0 128 128 128 0 1 1 1.0
70000 72000 2 1 342 18334 954 1382686 997 996 996 0 4400 4400 4400 0 128 128 128 0 1 1 1.0
72000 74000 2 1 246 13739 682 988862 997 943 970 38 4400 4400 4400 0 128 128 128 0 1 1 1.0
74000 76000 3 1 362 19260 1010 1464561 998 55 665 528 4400 4400 4400 0 128 128 128 0 1 1 1.0
76000 78000 3 1 289 15765 769 1114955 998 57 663 526 4400 4400 4400 0 128 128 128 0 1 1 1.0
78000 80000 3 1 283 15405 797 1155248 996 59 663 523 4400 4400 4400 0 128 128 128 0 1 1 1.0
80000 82000 3 1 263 14505 732 1061546 997 65 661 517 4400 4400 4400 0 128 128 128 0 1 1 1.0
82000 84000 3 1 297 16112 844 1222807 997 74 661 509 4400 4400 4400 0 128 128 128 0 1 1 1.0
84000 86000 3 1 277 15225 747 1078132 999 88 596 464 4400 4400 4400 0 128 128 128 0 1 1 1.0
86000 88000 2 1 265 15012 695 1007903 994 502 748 347 4400 4400 4400 0 128 128 128 0 1 2 1.0
88000 90000 3 1 386 20863 1005 1453970 998 496 665 288 4400 4400 4400 0 0 0 0 0 2 0 1.0
90000 92000 3 1 303 16969 724 1042960 824 262 527 282 4400 4400 4400 0 128 128 128 0 1 2 1.0
92000 94000 3 1 325 18697 836 1204745 996 257 663 375 4400 4400 4400 0 128 128 128 0 1 1 1.0
94000 96000 3 1 292 16266 793 1146239 995 208 648 401 4400 4400 4400 0 128 128 128 0 1 1 1.0
96000 98000 3 1 353 20371 975 1407763 999 205 665 411 4400 4400 4400 0 128 128 128 0 1 1 1.0
98000 100000 3 1 269 14280 689 993530 996 202 662 411 4400 4400 4400 0 128 128 128 0 1 1 1.0
100000 102000 3 1 285 15961 762 1099785 988 196 659 412 4400 4400 4400 0 128 128 128 0 1 1 1.0
102000 104000 3 1 373 21258 1023 1483230 994 188 661 421 4400 4400 4400 0 128 128 128 0 1 1 1.0
104000 106000 3 1 272 15352 745 1077728 996 186 664 424 4400 4400 4400 0 128 128 128 0 1 1 1.0
106000 108000 3 1 316 17729 821 1190010 999 185 665 426 4400 4400 4400 0 128 128 128 0 1 1 1.0
108000 110000 3 1 366 19894 944 1368313 998 179 664 429 4400 4400 4400 0 128 128 128 0 1 1 1.0
110000 112000 3 1 320 17491 892 1292893 997 5 590 519 4400 4400 4400 0 128 128 128 0 1 1 1.0
112000 114000 2 1 296 16158 735 1062458 992 982 987 7 4400 4400 4400 0 128 128 128 0 1 1 1.0
114000 116000 3 1 293 16330 814 1175871 975 9 651 555 4400 4400 4400 0 128 128 128 0 1 1 1.0
116000 118000 3 1 303 16478 855 1238412 997 30 664 549 4400 4400 4400 0 128 128 128 0 1 1 1.0
118000 120000 3 1 310 17617 774 1120967 962 34 652 535 4400 4400 4400 0 128 128 128 0 1 1 1.0
120000 122000 3 1 372 20195 1011 1464104 996 38 663 541 4400 4400 4400 0 128 128 128 0 1 1 1.0
122000 124000 3 1 133 8063 329 476097 500 39 237 237 4400 4400 4400 0 128 128 128 0 1 1 1.0
124000 126000 3 1 376 21196 982 1422338 994 498 664 286 4400 4400 4400 0 128 128 128 0 1 1 1.0
126000 128000 3 1 365 20098 914 1322818 998 495 664 289 4400 4400 4400 0 128 128 128 0 1 1 1.0
128000 130000 3 1 317 17913 857 1241582 999 494 664 290 4400 4400 4400 0 128 128 128 0 1 1 1.0
130000 132000 3 1 229 12923 637 921586 997 450 649 302 4400 4400 4400 0 128 128 128 0 1 1 1.0
132000 134000 3 1 326 17863 900 1305347 998 446 662 295 4400 4400 4400 0 128 128 128 0 1 2 1.0
134000 136000 3 1 368 19897 1008 1463032 998 441 664 295 4400 4400 4400 0 128 128 128 0 2 1 1.0
136000 138000 3 1 345 19075 903 1308026 995 437 662 294 4400 4400 4400 0 128 128 128 0 1 1 1.0
138000 140000 3 1 303 16797 806 1160170 996 435 664 294 4400 4400 4400 0 128 128 128 0 1 1 1.0
140000 142000 3 1 284 15412 774 1118272 998 258 606 372 4400 4400 4400 0 128 128 128 0 1 1 1.0
142000 144000 3 1 247 14253 678 978538 995 219 650 395 4400 4400 4400 0 128 128 128 0 1 1 1.0
144000 146000 3 1 295 16154 808 1164767 998 214 663 403 4400 4400 4400 0 128 128 128 0 1 1 1.0
146000 148000 3 1 351 19973 966 1397652 999 209 664 408 4400 4400 4400 0 128 128 128 0 1 1 1.0
148000 150000 3 1 344 18400 936 1354496 997 207 665 409 4400 4400 4400 0 128 128 128 0 1 1 1.0
150000 152000 3 1 228 12942 632 914293 996 205 655 406 4400 4400 4400 0 128 128 128 0 1 1 1.0
152000 154000 3 1 257 14351 685 990769 997 204 665 411 4400 4400 4400 0 128 128 128 0 1 1 1.0
154000 156000 3 1 350 18805 1000 1450491 996 203 664 412 4400 4400 4400 0 128 128 128 0 1 1 1.0
156000 158000 3 1 231 13071 636 921441 999 189 659 420 4400 4400 4400 0 128 128 128 0 1 1 1.0
158000 160000 3 1 324 17504 917 1332067 998 183 664 426 4400 4400 4400 0 128 128 128 0 1 1 1.0
160000 162000 3 1 360 19428 978 1417193 998 177 663 430 4400 4400 4400 0 128 128 128 0 1 1 1.0
162000 164000 3 1 252 14119 703 1017486 997 1 508 498 4400 4400 4400 0 128 128 128 0 1 1 1.0
164000 166000 2 1 307 16866 838 1215192 995 975 985 14 4400 4400 4400 0 128 128 128 0 1 1 1.0
166000 168000 3 1 286 16033 754 1089307 971 19 652 548 4400 4400 4400 0 128 128 128 0 1 1 1.0
168000 170000 3 1 315 17152 855 1238027 999 28 664 551 4400 4400 4400 0 128 128 128 0 1 1 1.0
170000 172000 3 1 332 18134 871 1263593 999 28 664 551 4400 4400 4400 0 128 128 128 0 1 1 1.0
172000 174000 3 1 148 9005 431 623673 956 32 647 532 4400 4400 4400 0 128 128 128 0 1 1 1.0
174000 176000 3 1 357 19191 1000 1449721 999 45 663 535 4400 4400 4400 0 128 128 128 0 1 1 1.0
176000 178000 3 1 358 19396 945 1366434 998 53 645 515 4400 4400 4400 0 128 128 128 0 1 1 1.0
178000 180000 2 1 258 14679 755 1095299 997 500 749 351 4400 4400 4400 0 128 128 128 0 1 1 1.0
180000 182000 3 1 291 15842 804 1165267 993 491 661 288 4400 4400 4400 0 128 128 128 0 1 1 1.0
182000 184000 3 1 311 17027 850 1228995 996 468 656 295 4400 4400 4400 0 128 128 128 0 1 2 1.0
184000 186000 3 1 356 19202 982 1420016 999 466 665 291 4400 4400 4400 0 128 128 128 0 2 1 1.0
186000 188000 3 1 307 16528 796 1148888 931 262 574 336 4400 4400 4400 0 128 128 128 0 1 1 1.0
188000 190000 3 1 318 17991 849 1227088 998 235 656 387 4400 4400 4400 0 128 128 128 0 1 1 1.0
190000 192000 3 1 255 14238 696 1004589 973 196 643 401 4400 4400 4400 0 128 128 128 0 1 1 1.0
192000 194000 3 1 299 17302 805 1158245 995 167 655 433 4400 4400 4400 0 128 128 128 0 1 1 1.0
194000 196000 3 1 366 19646 1048 1519195 999 163 664 442 4400 4400 4400 0 128 128 128 0 1 1 1.0
196000 198000 3 1 223 12729 585 843825 996 156 662 445 4400 4400 4400 0 128 128 128 0 1 1 1.0
198000 200000 3 1 357 19281 976 1417153 997 153 664 449 4400 4400 4400 0 128 128 128 0 1 1 1.0
200000 202000 3 1 351 18946 961 1391081 999 149 663 451 4400 4400 4400 0 128 128 128 0 1 1 1.0
202000 204000 2 1 196 10336 541 781873 679 502 591 125 4400 4400 4400 0 128 128 128 0 1 1 1.0
204000 206000 3 1 233 13560 640 926647 999 496 665 289 4400 4400 4400 0 128 128 128 0 1 1 1.0
206000 208000 3 1 265 15396 698 1010736 996 473 655 294 4400 4400 4400 0 128 128 128 0 1 1 1.0
208000 210000 3 1 335 18081 947 1372784 996 473 664 288 4400 4400 4400 0 128 128 128 0 1 1 1.0
210000 212000 3 1 325 17868 869 1258672 999 470 665 290 4400 4400 4400 0 128 128 128 0 1 1 1.0
212000 214000 3 1 364 19613 965 1402449 997 464 663 291 4400 4400 4400 0 128 128 128 0 1 1 1.0
214000 216000 3 1 297 16519 767 1107911 998 459 664 291 4400 4400 4400 0 128 128 128 0 1 1 1.0
216000 218000 2 1 249 14281 699 1010357 999 415 707 412 4400 4400 4400 0 128 128 128 0 1 1 1.0
218000 220000 2 1 330 17970 868 1249861 996 995 996 0 4400 4400 4400 0 128 128 128 0 1 1 1.0
220000 222000 3 1 377 20365 1017 1475608 999 2 664 573 4400 4400 4400 0 128 128 128 0 1 1 1.0
222000 224000 3 1 331 17976 876 1264412 999 4 664 570 4400 4400 4400 0 128 128 128 0 1 1 1.0
224000 226000 3 1 228 12901 626 908282 999 8 662 566 4400 4400 4400 0 128 128 128 0 1 1 1.0
226000 228000 3 1 389 21355 960 1385358 997 18 664 559 4400 4400 4400 0 128 128 128 0 1 1 1.0
228000 230000 3 1 281 17178 742 1073111 999 14 655 555 4400 4400 4400 0 128 128 128 0 1 1 1.0
230000 232000 3 1 334 18178 933 1349163 998 46 649 524 4400 4400 4400 0 128 128 128 0 2 2 1.0
232000 234000 3 1 359 19454 932 1347498 999 96 665 495 4400 4400 4400 0 0 0 0 0 1 0 1.0
234000 236000 3 1 254 15325 638 920029 994 95 663 493 4400 4400 4400 0 128 128 128 0 1 2 1.0
236000 238000 3 1 343 18956 869 1251904 999 100 664 491 4400 4400 4400 0 128 128 128 0 1 1 1.0
238000 240000 3 1 383 20880 1025 1484770 998 105 664 487 4400 4400 4400 0 128 128 128 0 1 1 1.0
240000 242000 3 1 227 11996 587 848733 930 107 433 437 0 0 0 0 0 0 0 0 0 0 1.0
242000 244000 3 1 320 18731 898 1298741 995 259 664 373 4400 4400 4400 0 128 128 128 0 2 2 1.0
244000 246000 3 1 257 14164 655 943562 997 219 652 396 4400 4400 4400 0 128 128 128 0 1 1 1.0
246000 248000 3 1 346 19740 979 1415506 999 218 665 402 4400 4400 4400 0 128 128 128 0 1 1 1.0
248000 250000 3 1 287 15757 788 1140501 996 214 663 403 4400 4400 4400 0 128 128 128 0 1 1 1.0
250000 252000 3 1 344 18406 947 1374249 997 209 663 407 4400 4400 4400 0 128 128 128 0 1 1 1.0
252000 254000 3 1 280 15462 772 1118238 998 5 520 497 4400 4400 4400 0 128 128 128 0 1 1 1.0
254000 256000 2 1 180 9695 476 688281 572 505 539 47 4400 4400 4400 0 128 128 128 0 1 1 1.0
256000 258000 3 1 349 19255 973 1409966 996 492 664 287 4400 4400 4400 0 128 128 128 0 1 1 1.0
258000 260000 3 1 364 19627 975 1411396 997 492 663 288 4400 4400 4400 0 128 128 128 0 1 1 1.0
260000 262000 3 1 256 14672 707 1026475 998 1 462 502 4400 4400 4400 0 128 128 128 0 1 1 1.0
262000 264000 2 1 281 15641 751 1087410 997 967 982 21 4400 4400 4400 0 128 128 128 0 1 1 1.0
264000 266000 3 1 281 15385 768 1112719 996 27 664 551 4400 4400 4400 0 128 128 128 0 1 1 1.0
266000 268000 3 1 365 19764 1008 1461874 994 29 663 548 4400 4400 4400 0 128 128 128 0 1 1 1.0
268000 270000 3 1 295 16037 776 1125013 998 33 664 546 4400 4400 4400 0 128 128 128 0 1 1 1.0
270000 272000 3 1 310 17023 848 1225921 995 35 663 544 4400 4400 4400 0 128 128 128 0 1 1 1.0
272000 274000 3 1 304 16616 830 1202233 999 39 663 540 4400 4400 4400 0 128 128 128 0 1 1 1.0
274000 276000 3 1 348 18581 923 1338885 994 42 662 537 4400 4400 4400 0 128 128 128 0 1 1 1.0
276000 278000 3 1 297 17681 779 1124616 998 47 662 533 4400 4400 4400 0 128 128 128 0 2 2 1.0
278000 280000 3 1 255 13061 687 987045 998 53 594 486 0 0 0 0 0 0 0 0 0 0 1.0
280000 282000 2 1 263 15008 757 1097916 999 503 751 350 4400 4400 4400 0 128 128 128 0 1 2 1.0
282000 284000 3 1 355 19057 1001 1450428 996 493 663 288 4400 4400 4400 0 128 128 128 0 2 1 1.0
284000 286000 3 1 314 16782 837 1210409 978 262 579 364 4400 4400 4400 0 128 128 128 0 1 1 1.0
286000 288000 3 1 280 15591 749 1082267 736 261 526 242 4400 4400 4400 0 128 128 128 0 1 1 1.0
288000 290000 3 1 302 17109 792 1143543 993 208 646 400 4400 4400 4400 0 128 128 128 0 1 1 1.0
290000 292000 3 1 328 19876 875 1261959 998 204 664 411 4400 4400 4400 0 128 128 128 0 1 1 1.0
292000 294000 3 1 371 20801 916 1327161 999 200 664 415 4400 4400 4400 0 128 128 128 0 1 1 1.0
294000 296000 3 1 240 13139 598 863052 983 198 659 410 4400 4400 4400 0 128 128 128 0 1 1 1.0
296000 298000 3 1 350 20686 908 1313155 999 193 664 419 4400 4400 4400 0 128 128 128 0 1 1 1.0
298000 300000 3 1 364 20565 911 1315847 994 191 661 418 4400 4400 4400 0 128 128 128 0 1 1 1.0
