ts te nbins ncons c_tcp_packs c_tcp_bytes c_udp_packs c_udp_bytes s_tcp_packs s_tcp_bytes s_udp_packs s_udp_bytes max_bins_span min_bins_span avg_bins_span std_bins_span max_video_rate min_video_rate avg_video_rate std_video_rate max_audio_rate min_audio_rate avg_audio_rate std_audio_rate video_requests audio_requests
0 2000 0 0 0 0 0 0 0 0 0 0 0 0 0 0 0 0 0 0 0 0 0 0 0 0
2000 4000 0 0 0 0 0 0 0 0 0 0 0 0 0 0 0 0 0 0 0 0 0 0 0 0
4000 6000 0 0 0 0 0 0 0 0 0 0 0 0 0 0 0 0 0 0 0 0 0 0 0 0
6000 8000 2 1 0 0 288 23030 0 0 734 1036767 999 533 766 329 2300 1500 1900 461 128 128 128 0 4 4
8000 10000 3 1 0 0 254 16132 0 0 654 933799 707 424 532 152 1500 1500 1500 0 128 128 128 0 2 2
10000 12000 3 1 0 0 290 18274 0 0 801 1153736 993 422 663 295 1500 1500 1500 0 128 128 128 0 3 3
12000 14000 3 1 0 0 298 17535 0 0 762 1093343 996 176 583 410 1500 1500 1500 0 128 128 128 0 2 2
14000 16000 1 1 0 0 156 10205 0 0 322 451767 762 762 762 0 1500 1500 1500 0 128 128 128 0 1 1
16000 18000 1 1 0 0 116 7537 0 0 320 453256 763 763 763 0 1500 1500 1500 0 128 128 128 0 1 1
18000 20000 2 1 0 0 170 11658 0 0 430 609944 999 309 654 488 1500 1500 1500 0 128 128 128 0 2 2
20000 22000 2 1 0 0 166 9637 0 0 447 638645 749 687 718 44 1500 1500 1500 0 128 128 128 0 1 1
22000 24000 2 1 0 0 211 13518 0 0 560 798422 998 312 655 484 4400 4400 4400 0 128 128 128 0 2 2
24000 26000 2 1 0 0 96 5029 0 0 239 341163 686 42 364 455 0 0 0 0 0 0 0 0 0 0
26000 28000 2 1 0 0 220 13577 0 0 616 888140 998 312 655 485 4400 4400 4400 0 128 128 128 0 1 2
28000 30000 3 1 0 0 365 20860 0 0 966 1394244 999 309 664 345 3000 3000 3000 0 128 128 128 0 3 2
30000 32000 3 1 0 0 317 17256 0 0 792 1138117 999 306 665 346 3000 3000 3000 0 128 128 128 0 1 1
32000 34000 3 1 0 0 243 13964 0 0 622 889207 999 274 653 363 3000 3000 3000 0 128 128 128 0 1 1
34000 36000 3 2 2 0 43 2465 2 24 100 138952 686 47 279 353 0 0 0 0 0 0 0 0 0 0
36000 38000 3 2 3 0 239 15912 3 24 636 915880 996 249 519 414 4400 4400 4400 0 128 128 128 0 2 3
38000 40000 3 1 0 0 344 19788 0 0 963 1395480 998 309 665 345 3000 3000 3000 0 128 128 128 0 3 2
40000 42000 5 3 0 0 280 15021 0 0 783 1127888 999 0 388 442 3000 3000 3000 0 128 128 128 0 1 1
42000 44000 2 1 0 0 40 2500 0 0 60 77996 737 60 398 479 0 0 0 0 0 0 0 0 0 0
44000 46000 2 1 0 0 202 11916 0 0 587 846371 999 312 655 486 3000 3000 3000 0 128 128 128 0 2 1
46000 48000 2 1 0 0 192 10412 0 0 500 723135 686 465 576 156 0 0 0 0 128 128 128 0 0 1
48000 50000 2 1 0 0 210 12290 0 0 602 867107 998 311 655 485 3000 3000 3000 0 128 128 128 0 2 2
50000 52000 3 1 0 0 339 19006 0 0 980 1417490 998 307 663 345 3000 3000 3000 0 128 128 128 0 1 1
52000 54000 2 1 0 0 244 12714 0 0 665 958738 744 691 717 37 3000 3000 3000 0 128 128 128 0 1 1
54000 56000 1 1 0 0 2 751 0 0 5 3556 94 94 94 0 0 0 0 0 0 0 0 0 0 0
56000 58000 2 1 0 0 216 12789 0 0 621 895180 998 310 654 486 3000 3000 3000 0 128 128 128 0 2 2
58000 60000 3 1 0 0 333 18827 0 0 899 1300449 998 308 665 345 3000 3000 3000 0 128 128 128 0 1 1
60000 62000 3 1 0 0 221 12471 0 0 557 797239 994 259 646 369 3000 3000 3000 0 128 128 128 0 1 1
62000 64000 3 1 0 0 236 14044 0 0 648 934301 997 255 646 372 3000 3000 3000 0 128 128 128 0 2 2
64000 66000 3 1 0 0 345 20305 0 0 875 1256722 999 253 664 378 3000 3000 3000 0 128 128 128 0 1 1
66000 68000 3 1 0 0 235 13523 0 0 641 922311 998 248 664 381 3000 3000 3000 0 128 128 128 0 1 1
68000 70000 2 1 0 0 39 2375 0 0 73 99159 746 26 386 509 0 0 0 0 0 0 0 0 0 0
70000 72000 2 1 0 0 195 13073 0 0 560 805223 998 311 655 485 4400 4400 4400 0 128 128 128 0 2 2
72000 74000 3 1 0 0 306 18575 0 0 839 1208769 998 246 643 377 3000 3000 3000 0 128 128 128 0 2 2
74000 76000 2 1 0 0 228 12654 0 0 601 867604 752 593 672 112 3000 3000 3000 0 128 128 128 0 1 1
76000 78000 2 1 0 0 224 13871 0 0 631 909958 999 308 653 488 3000 3000 3000 0 128 128 128 0 2 2
78000 80000 3 1 0 0 336 19707 0 0 892 1289839 998 306 665 347 3000 3000 3000 0 128 128 128 0 1 1
80000 82000 2 1 0 0 55 3097 0 0 126 174956 686 92 389 419 0 0 0 0 0 0 0 0 0 0
82000 84000 2 1 0 0 230 14569 0 0 626 902197 999 308 653 488 3000 3000 3000 0 128 128 128 0 1 2
84000 86000 3 1 0 0 358 20558 0 0 929 1341506 997 306 664 346 3000 3000 3000 0 128 128 128 0 2 1
86000 88000 3 1 0 0 266 15071 0 0 708 1015041 999 250 645 376 3000 3000 3000 0 128 128 128 0 1 1
88000 90000 3 1 0 0 211 13682 0 0 568 811839 999 234 656 388 4400 4400 4400 0 128 128 128 0 2 2
90000 92000 3 1 0 0 257 14452 0 0 702 1010867 999 233 666 392 4400 4400 4400 0 128 128 128 0 1 1
92000 94000 2 1 0 0 75 4188 0 0 178 253790 755 0 377 534 0 0 0 0 0 0 0 0 0 0
94000 96000 2 1 0 0 210 13162 0 0 619 891730 999 309 654 488 4400 4400 4400 0 128 128 128 0 1 1
96000 98000 3 1 0 0 368 21852 0 0 1005 1456514 995 307 664 344 3000 3000 3000 0 128 128 128 0 3 3
98000 100000 2 1 0 0 140 7183 0 0 372 533987 688 104 396 412 0 0 0 0 0 0 0 0 0 0
100000 102000 2 1 0 0 209 12628 0 0 590 849692 996 308 652 486 3000 3000 3000 0 128 128 128 0 2 2
102000 104000 3 1 0 0 339 20114 0 0 972 1404854 997 307 664 345 3000 3000 3000 0 128 128 128 0 1 1
104000 106000 2 1 0 0 241 13333 0 0 581 838570 687 632 659 38 3000 3000 3000 0 128 128 128 0 1 1
106000 108000 2 1 0 0 181 11032 0 0 488 701694 995 312 654 483 3000 3000 3000 0 128 128 128 0 1 1
108000 110000 2 1 0 0 32 2048 0 0 59 77648 686 71 379 434 0 0 0 0 0 0 0 0 0 0
110000 112000 2 1 0 0 212 14173 0 0 579 834904 994 215 605 551 4400 4400 4400 0 128 128 128 0 2 2
112000 114000 3 1 0 0 365 19894 0 0 1003 1454455 995 213 664 404 4400 4400 4400 0 128 128 128 0 1 1
114000 116000 3 1 0 0 330 18603 0 0 929 1344112 996 207 663 408 4400 4400 4400 0 128 128 128 0 2 2
116000 118000 3 1 0 0 329 18385 0 0 928 1345775 998 203 664 412 4400 4400 4400 0 128 128 128 0 1 1
118000 120000 3 1 0 0 337 18438 0 0 976 1414020 997 201 664 413 4400 4400 4400 0 128 128 128 0 1 1
120000 122000 3 1 0 0 327 17784 0 0 886 1278547 998 188 661 421 4400 4400 4400 0 128 128 128 0 1 1
122000 124000 2 1 0 0 180 10077 0 0 410 594880 669 323 496 244 4400 4400 4400 0 128 128 128 0 1 1
124000 126000 3 1 0 0 328 18403 0 0 971 1407278 999 321 665 339 4400 4400 4400 0 128 128 128 0 1 1
126000 128000 3 1 0 0 345 19297 0 0 939 1361521 997 315 662 341 4400 4400 4400 0 128 128 128 0 1 1
128000 130000 3 1 0 0 372 20473 0 0 1019 1476034 995 312 663 341 4400 4400 4400 0 128 128 128 0 1 1
130000 132000 3 1 0 0 368 21256 0 0 987 1425418 998 311 664 343 4400 4400 4400 0 128 128 128 0 2 2
132000 134000 3 1 0 0 364 20380 0 0 973 1410463 998 307 664 345 4400 4400 4400 0 128 128 128 0 1 1
134000 136000 2 1 0 0 136 7335 0 0 330 473023 686 44 365 454 0 0 0 0 0 0 0 0 0 0
136000 138000 2 1 0 0 231 14015 0 0 658 950366 998 311 655 486 4400 4400 4400 0 128 128 128 0 1 1
138000 140000 3 1 0 0 320 17166 0 0 894 1297292 999 308 665 346 4400 4400 4400 0 128 128 128 0 1 1
140000 142000 3 1 0 0 227 12878 0 0 640 921327 997 256 647 372 4400 4400 4400 0 128 128 128 0 1 1
142000 144000 3 1 0 0 294 16685 0 0 825 1191030 999 239 660 386 4400 4400 4400 0 128 128 128 0 1 1
144000 146000 3 1 0 0 364 19839 0 0 1021 1481934 999 237 664 388 4400 4400 4400 0 128 128 128 0 1 1
146000 148000 3 1 0 0 343 19543 0 0 1007 1460831 998 231 663 392 4400 4400 4400 0 128 128 128 0 2 2
148000 150000 3 1 0 0 372 20726 0 0 963 1392293 999 228 665 395 4400 4400 4400 0 128 128 128 0 1 1
150000 152000 3 1 0 0 369 20351 0 0 1006 1459927 998 225 665 397 4400 4400 4400 0 128 128 128 0 1 1
152000 154000 3 1 0 0 303 17079 0 0 810 1169873 998 202 656 409 4400 4400 4400 0 128 128 128 0 1 1
154000 156000 3 1 0 0 306 17454 0 0 821 1185163 999 193 655 415 4400 4400 4400 0 128 128 128 0 1 1
156000 158000 3 1 0 0 377 21211 0 0 978 1417900 995 192 663 419 4400 4400 4400 0 128 128 128 0 1 1
158000 160000 3 1 0 0 328 18474 0 0 858 1240066 995 185 662 423 4400 4400 4400 0 128 128 128 0 1 1
160000 162000 3 1 0 0 224 13182 0 0 609 879451 998 182 653 422 4400 4400 4400 0 128 128 128 0 1 1
162000 164000 3 1 0 0 391 21969 0 0 1010 1463139 999 178 665 431 4400 4400 4400 0 128 128 128 0 2 1
164000 166000 2 1 0 0 325 17964 0 0 837 1210990 928 821 874 75 0 0 0 0 128 128 128 0 0 1
166000 168000 2 1 0 0 224 13427 0 0 635 916755 998 315 657 482 4400 4400 4400 0 128 128 128 0 1 1
168000 170000 3 1 0 0 394 22218 0 0 1022 1481992 996 311 664 343 4400 4400 4400 0 128 128 128 0 2 2
170000 172000 3 1 0 0 351 20526 0 0 940 1356640 997 309 664 344 4400 4400 4400 0 128 128 128 0 1 1
172000 174000 3 1 0 0 372 20495 0 0 1003 1447475 998 305 664 346 4400 4400 4400 0 128 128 128 0 1 1
174000 176000 2 1 0 0 141 7776 0 0 341 487040 678 101 389 408 0 0 0 0 0 0 0 0 0 0
176000 178000 2 1 0 0 211 12721 0 0 586 844853 999 310 654 487 4400 4400 4400 0 128 128 128 0 1 1
178000 180000 3 1 0 0 326 17943 0 0 856 1240282 999 310 666 345 4400 4400 4400 0 128 128 128 0 1 1
180000 182000 3 1 0 0 285 16492 0 0 762 1098463 997 246 643 377 4400 4400 4400 0 128 128 128 0 1 1
182000 184000 3 1 0 0 380 20872 0 0 1033 1498080 999 236 663 389 4400 4400 4400 0 128 128 128 0 2 1
184000 186000 2 1 0 0 269 14695 0 0 745 1078540 761 758 759 2 0 0 0 0 128 128 128 0 0 1
186000 188000 2 1 0 0 204 12255 0 0 584 840805 998 309 653 487 4400 4400 4400 0 128 128 128 0 1 1
188000 190000 3 1 0 0 311 17156 0 0 888 1285786 994 305 662 345 4400 4400 4400 0 128 128 128 0 1 1
190000 192000 3 1 0 0 303 17086 0 0 791 1138328 996 247 644 376 4400 4400 4400 0 128 128 128 0 1 1
192000 194000 3 1 0 0 311 17319 0 0 851 1225560 998 229 638 386 4400 4400 4400 0 128 128 128 0 1 1
194000 196000 3 1 0 0 288 16237 0 0 819 1179695 999 224 659 395 4400 4400 4400 0 128 128 128 0 1 1
196000 198000 3 1 0 0 375 20903 0 0 954 1382373 995 222 664 398 4400 4400 4400 0 128 128 128 0 2 1
198000 200000 3 1 0 0 362 20712 0 0 1014 1467043 997 219 663 400 4400 4400 4400 0 128 128 128 0 1 2
200000 202000 3 1 0 0 333 18207 0 0 959 1392597 998 214 664 404 4400 4400 4400 0 128 128 128 0 1 1
202000 204000 3 1 0 0 372 20853 0 0 975 1413888 998 211 664 406 4400 4400 4400 0 128 128 128 0 1 1
204000 206000 3 1 0 0 356 19514 0 0 978 1417210 996 209 663 407 4400 4400 4400 0 128 128 128 0 1 1
206000 208000 3 1 0 0 360 20627 0 0 915 1324978 996 203 662 410 4400 4400 4400 0 128 128 128 0 2 2
208000 210000 3 1 0 0 339 19115 0 0 968 1400235 999 196 663 417 4400 4400 4400 0 128 128 128 0 1 1
210000 212000 2 1 0 0 224 11528 0 0 600 868731 801 405 603 279 0 0 0 0 0 0 0 0 0 0
212000 214000 2 1 0 0 214 13082 0 0 611 879189 999 311 655 486 4400 4400 4400 0 128 128 128 0 1 1
214000 216000 3 1 0 0 336 18651 0 0 884 1279830 999 308 665 346 4400 4400 4400 0 128 128 128 0 1 1
216000 218000 3 1 0 0 241 13962 0 0 674 969141 999 226 637 389 4400 4400 4400 0 128 128 128 0 1 1
218000 220000 3 1 0 0 332 18229 0 0 873 1263557 998 222 664 398 4400 4400 4400 0 128 128 128 0 1 1
220000 222000 3 1 0 0 267 15332 0 0 707 1018017 998 219 663 400 4400 4400 4400 0 128 128 128 0 1 1
222000 224000 3 1 0 0 356 19772 0 0 914 1323964 999 216 664 403 4400 4400 4400 0 128 128 128 0 1 1
224000 226000 3 1 0 0 306 17343 0 0 823 1189170 996 213 662 404 4400 4400 4400 0 128 128 128 0 1 1
226000 228000 3 1 0 0 307 17156 0 0 863 1250834 997 212 665 406 4400 4400 4400 0 128 128 128 0 1 2
228000 230000 3 1 0 0 233 14769 0 0 661 952443 999 209 662 407 3000 3000 3000 0 128 128 128 0 3 2
230000 232000 3 1 0 0 332 18850 0 0 929 1344189 999 205 664 411 3000 3000 3000 0 128 128 128 0 1 1
232000 234000 3 1 0 0 269 15322 0 0 704 1012381 999 179 656 425 3000 3000 3000 0 128 128 128 0 1 1
234000 236000 1 1 0 0 21 1558 0 0 29 37157 762 762 762 0 0 0 0 0 0 0 0 0 0 0
236000 238000 2 1 0 0 232 14032 0 0 639 922449 999 312 655 485 3000 3000 3000 0 128 128 128 0 2 2
238000 240000 3 1 0 0 339 19689 0 0 886 1281016 996 306 663 345 3000 3000 3000 0 128 128 128 0 1 1
240000 242000 2 1 0 0 56 3145 0 0 127 177493 683 54 369 444 0 0 0 0 0 0 0 0 0 0
242000 244000 2 1 0 0 231 13857 0 0 637 917249 999 298 649 495 3000 3000 3000 0 128 128 128 0 2 2
244000 246000 2 1 0 0 176 10247 0 0 425 606744 700 239 470 325 0 0 0 0 0 0 0 0 0 0
246000 248000 2 1 0 0 245 14779 0 0 658 948553 997 312 654 484 3000 3000 3000 0 128 128 128 0 2 2
248000 250000 2 1 0 0 178 10187 0 0 455 656140 687 324 506 256 0 0 0 0 0 0 0 0 0 0
250000 252000 2 1 0 0 246 14915 0 0 656 947264 995 309 652 484 3000 3000 3000 0 128 128 128 0 2 2
252000 254000 3 1 0 0 388 22874 0 0 1032 1495770 999 305 663 347 3000 3000 3000 0 128 128 128 0 1 1
254000 256000 2 1 0 0 243 13290 0 0 642 925731 693 683 688 6 3000 3000 3000 0 128 128 128 0 1 1
256000 258000 2 1 0 0 262 15791 0 0 677 974749 998 316 657 482 3000 3000 3000 0 128 128 128 0 2 2
258000 260000 3 1 0 0 307 18607 0 0 804 1156106 998 312 664 343 3000 3000 3000 0 128 128 128 0 1 1
260000 262000 2 1 0 0 33 2036 0 0 66 90085 684 50 367 448 0 0 0 0 0 0 0 0 0 0
262000 264000 2 1 0 0 206 13569 0 0 567 817253 999 310 655 487 4400 4400 4400 0 128 128 128 0 2 2
264000 266000 3 1 0 0 294 16577 0 0 762 1099079 999 269 651 366 4400 4400 4400 0 128 128 128 0 1 1
266000 268000 3 1 0 0 290 16403 0 0 822 1186004 997 249 658 378 4400 4400 4400 0 128 128 128 0 1 1
268000 270000 3 1 0 0 370 20320 0 0 1001 1451009 999 247 663 382 4400 4400 4400 0 128 128 128 0 1 1
270000 272000 3 1 0 0 366 20094 0 0 984 1425251 996 241 663 385 4400 4400 4400 0 128 128 128 0 2 1
272000 274000 3 1 0 0 343 19865 0 0 931 1348008 998 240 664 386 4400 4400 4400 0 128 128 128 0 1 2
274000 276000 2 1 0 0 251 13248 0 0 643 929897 759 536 647 157 0 0 0 0 0 0 0 0 0 0
276000 278000 2 1 0 0 229 13847 0 0 573 828198 996 312 654 483 4400 4400 4400 0 128 128 128 0 1 1
278000 280000 3 1 0 0 376 20589 0 0 1036 1503773 994 303 661 345 4400 4400 4400 0 128 128 128 0 2 2
280000 282000 3 1 0 0 364 21100 0 0 967 1402604 999 302 665 349 4400 4400 4400 0 128 128 128 0 1 1
282000 284000 2 1 0 0 213 10848 0 0 556 805664 697 530 614 117 0 0 0 0 0 0 0 0 0 0
284000 286000 2 1 0 0 238 14520 0 0 647 933896 995 312 653 482 4400 4400 4400 0 128 128 128 0 1 1
286000 288000 3 1 0 0 344 19000 0 0 927 1342836 998 309 664 345 4400 4400 4400 0 128 128 128 0 1 1
288000 290000 3 1 0 0 355 19989 0 0 966 1399515 998 305 664 347 4400 4400 4400 0 128 128 128 0 2 2
290000 292000 3 1 0 0 353 19698 0 0 1014 1469846 999 305 664 347 4400 4400 4400 0 128 128 128 0 1 1
292000 294000 3 1 0 0 326 17839 0 0 901 1306676 996 300 663 348 4400 4400 4400 0 128 128 128 0 1 1
294000 296000 3 1 0 0 309 17384 0 0 862 1241895 996 260 647 369 4400 4400 4400 0 128 128 128 0 1 1
296000 298000 3 1 0 0 342 18728 0 0 965 1396579 999 258 665 375 4400 4400 4400 0 128 128 128 0 1 1
298000 300000 3 1 0 0 328 17543 0 0 870 1257106 998 169 636 423 4400 4400 4400 0 128 128 128 0 1 1
300000 302000 0 0 0 0 0 0 0 0 0 0 0 0 0 0 0 0 0 0 0 0 0 0 0 0
