ts te nbins ncons c_pkts_all c_bytes_all s_pkts_all s_bytes_all max_bin min_bin avg_bin std_bin max_vid min_vid avg_vid std_vid max_aud min_aud avg_aud std_aud num_vid num_aud num_mfs
0 1000 0 0 0 0 0 0 0 0 0 0 0 0 0 0 0 0 0 0 0 0 
1000 2000 0 0 0 0 0 0 0 0 0 0 0 0 0 0 0 0 0 0 0 0 
2000 3000 0 0 0 0 0 0 0 0 0 0 0 0 0 0 0 0 0 0 0 0 
3000 4000 0 0 0 0 0 0 0 0 0 0 0 0 0 0 0 0 0 0 0 0 
4000 5000 0 0 0 0 0 0 0 0 0 0 0 0 0 0 0 0 0 0 0 0 
5000 6000 0 0 0 0 0 0 0 0 0 0 0 0 0 0 0 0 0 0 0 0 
6000 7000 0 0 0 0 0 0 0 0 0 0 0 0 0 0 0 0 0 0 0 0 
7000 8000 0 0 0 0 0 0 0 0 0 0 0 0 0 0 0 0 0 0 0 0 
8000 9000 0 0 0 0 0 0 0 0 0 0 0 0 0 0 0 0 0 0 0 0 
9000 10000 1 1 61 9420 158 216524 869 869 869 0 480 480 480 0 128 128 128 0 2 2 0.0
10000 11000 2 1 82 7635 162 219506 857 129 493 514 288 288 288 0 128 128 128 0 2 2 0.0
11000 12000 2 1 70 6387 131 177923 853 142 497 503 288 288 288 0 128 128 128 0 1 2 1.0
12000 13000 2 1 65 5415 114 156714 852 135 493 506 288 288 288 0 128 128 128 0 1 1 0.0
13000 14000 2 1 67 5741 140 195043 851 128 490 511 288 288 288 0 128 128 128 0 2 2 1.0
14000 15000 2 1 71 5994 138 190403 848 146 497 496 288 288 288 0 128 128 128 0 2 1 0.0
15000 16000 2 1 73 5546 118 157182 836 151 494 484 288 288 288 0 128 128 128 0 1 1 1.0
16000 17000 2 1 56 3541 98 134681 561 136 349 300 288 288 288 0 128 128 128 0 1 1 0.0
17000 18000 1 1 26 3191 51 71332 449 449 449 0 840 840 840 0 128 128 128 0 2 2 1.0
18000 19000 2 1 65 5831 110 156542 542 447 494 66 0 0 0 0 0 0 0 0 0 0 0.0
19000 20000 2 1 65 4220 98 138756 547 442 494 74 840 840 840 0 128 128 128 0 1 1 1.0
20000 21000 2 1 66 4184 98 137557 556 442 499 81 0 0 0 0 0 0 0 0 0 0 0.0
21000 22000 2 1 72 4397 112 157916 549 439 494 77 840 840 840 0 128 128 128 0 1 1 1.0
22000 23000 2 1 64 4124 94 132106 554 433 493 84 0 0 0 0 0 0 0 0 0 0 0.0
23000 24000 2 1 46 3496 64 87556 547 417 482 92 0 0 0 0 0 0 0 0 0 0 1.0
24000 25000 2 1 48 3788 77 107257 576 415 496 113 840 840 840 0 128 128 128 0 1 1 0.0
25000 26000 2 1 67 4157 105 152852 582 406 494 124 840 840 840 0 128 128 128 0 1 1 1.0
26000 27000 2 1 63 4007 99 144200 590 403 496 132 0 0 0 0 0 0 0 0 0 0 0.0
27000 28000 2 1 66 4032 97 140930 595 388 492 146 0 0 0 0 128 128 128 0 0 1 1.0
28000 29000 2 1 70 4372 106 154778 605 377 491 161 840 840 840 0 0 0 0 0 1 0 0.0
29000 30000 2 1 68 4117 103 147441 612 376 494 166 0 0 0 0 128 128 128 0 0 1 1.0
30000 31000 2 1 62 4041 103 146684 621 355 488 188 840 840 840 0 0 0 0 0 1 0 0.0
31000 32000 2 1 60 3786 97 138606 642 346 494 209 0 0 0 0 0 0 0 0 0 0 1.0
32000 33000 2 1 52 3631 77 106710 651 311 481 240 840 840 840 0 128 128 128 0 1 1 0.0
33000 34000 2 1 72 4401 121 175886 680 305 493 265 840 840 840 0 128 128 128 0 1 1 1.0
34000 35000 2 1 65 4684 106 150191 690 304 497 273 0 0 0 0 0 0 0 0 0 0 0.0
35000 36000 2 1 69 4819 102 140905 660 260 460 282 840 840 840 0 128 128 128 0 1 1 1.0
36000 37000 2 1 88 4607 141 202015 732 259 496 334 0 0 0 0 0 0 0 0 0 0 0.0
37000 38000 1 1 30 2011 30 37001 660 660 660 0 0 0 0 0 0 0 0 0 0 0 1.0
38000 39000 0 0 0 0 0 0 0 0 0 0 0 0 0 0 0 0 0 0 0 0 
39000 40000 1 1 11 1747 28 34498 451 451 451 0 0 0 0 0 0 0 0 0 0 0 1.0
40000 41000 2 1 49 4391 85 116953 544 443 494 71 840 840 840 0 128 128 128 0 1 2 0.0
41000 42000 2 1 81 5761 115 166123 548 442 495 74 480 480 480 0 128 128 128 0 2 2 1.0
42000 43000 2 1 71 5404 104 148685 556 432 494 87 480 480 480 0 0 0 0 0 1 0 0.0
43000 44000 2 1 64 4323 89 127898 553 432 492 85 480 480 480 0 128 128 128 0 1 1 1.0
44000 45000 2 1 70 4348 76 109977 557 423 490 94 0 0 0 0 0 0 0 0 0 0 0.0
45000 46000 2 1 56 3643 72 98169 546 412 479 94 480 480 480 0 128 128 128 0 1 1 1.0
46000 47000 2 1 49 3416 73 99434 579 382 481 139 0 0 0 0 0 0 0 0 0 0 0.0
47000 48000 2 1 51 3267 59 82886 609 381 495 161 480 480 480 0 128 128 128 0 1 1 1.0
48000 49000 2 1 51 3410 58 79037 598 380 489 154 0 0 0 0 0 0 0 0 0 0 0.0
49000 50000 2 1 52 3296 66 91313 606 369 488 168 480 480 480 0 128 128 128 0 1 1 1.0
50000 51000 2 1 49 3376 75 106222 626 364 495 185 0 0 0 0 0 0 0 0 0 0 0.0
51000 52000 2 1 40 2782 48 66701 589 267 428 227 0 0 0 0 0 0 0 0 0 0 1.0
52000 53000 2 1 43 3839 59 82611 730 251 490 338 480 480 480 0 128 128 128 0 1 2 0.0
53000 54000 2 1 70 4424 80 116890 744 250 497 349 480 480 480 0 0 0 0 0 1 0 1.0
54000 55000 2 1 58 3654 62 87973 747 249 498 351 0 0 0 0 0 0 0 0 0 0 0.0
55000 56000 2 1 35 3271 37 49650 737 213 475 370 480 480 480 0 128 128 128 0 1 1 1.0
56000 57000 2 1 58 3503 80 115758 785 205 495 410 0 0 0 0 128 128 128 0 0 1 0.0
57000 58000 2 1 74 4742 79 113607 793 204 499 416 480 480 480 0 0 0 0 0 1 0 1.0
58000 59000 2 1 77 4742 78 113975 794 197 495 422 480 480 480 0 128 128 128 0 1 1 0.0
59000 60000 2 1 67 3878 76 110167 794 191 493 425 0 0 0 0 0 0 0 0 0 0 1.0
60000 61000 2 1 57 3922 69 97589 802 190 496 432 480 480 480 0 128 128 128 0 1 1 0.0
61000 62000 2 1 57 3475 70 100219 787 190 488 422 0 0 0 0 0 0 0 0 0 0 1.0
62000 63000 2 1 38 3015 54 75607 805 188 496 436 480 480 480 0 128 128 128 0 1 1 0.0
63000 64000 1 1 57 3306 69 93226 736 736 736 0 0 0 0 0 0 0 0 0 0 0 1.0
64000 65000 1 1 35 2752 57 82900 746 746 746 0 480 480 480 0 128 128 128 0 1 1 0.0
65000 66000 2 1 58 4549 87 121110 726 247 486 338 480 480 480 0 0 0 0 0 1 0 1.0
66000 67000 2 1 78 4315 96 130748 722 258 490 327 0 0 0 0 128 128 128 0 0 1 0.0
67000 68000 2 1 42 2918 62 86468 446 144 295 213 480 480 480 0 128 128 128 0 1 1 1.0
68000 69000 2 1 60 4356 79 110522 545 444 494 71 0 0 0 0 0 0 0 0 0 0 0.0
69000 70000 2 1 34 2931 32 38486 547 416 482 93 0 0 0 0 0 0 0 0 0 0 1.0
70000 71000 2 1 32 3230 52 66415 568 348 458 155 480 480 480 0 128 128 128 0 1 1 0.0
71000 72000 2 1 70 4827 108 153362 644 345 494 211 480 480 480 0 128 128 128 0 1 1 1.0
72000 73000 2 1 59 3684 71 97751 650 333 492 224 0 0 0 0 0 0 0 0 0 0 0.0
73000 74000 1 1 18 838 17 24498 318 318 318 0 0 0 0 0 0 0 0 0 0 0 0.0
74000 75000 1 1 51 4010 90 124606 565 565 565 0 480 480 480 0 128 128 128 0 1 1 1.0
75000 76000 2 1 65 4886 112 158510 451 114 283 238 840 840 840 0 128 128 128 0 2 2 1.0
76000 77000 2 1 66 5207 114 160307 543 424 484 84 0 0 0 0 0 0 0 0 0 0 0.0
77000 78000 2 1 45 3093 85 119604 549 411 480 97 840 840 840 0 128 128 128 0 1 1 1.0
78000 79000 1 1 53 3195 100 141684 487 487 487 0 0 0 0 0 0 0 0 0 0 0 0.0
79000 80000 1 1 47 3180 86 119573 450 450 450 0 840 840 840 0 128 128 128 0 1 1 1.0
80000 81000 1 1 46 3108 84 116878 440 440 440 0 0 0 0 0 0 0 0 0 0 0 0.0
81000 82000 1 1 53 3733 94 132593 451 451 451 0 840 840 840 0 128 128 128 0 1 1 1.0
82000 83000 1 1 35 2479 63 88076 300 300 300 0 0 0 0 0 0 0 0 0 0 0 0.0
83000 84000 1 1 54 4055 113 160402 450 450 450 0 1500 1500 1500 0 128 128 128 0 2 2 1.0
84000 85000 2 1 95 6739 176 246960 547 449 498 69 0 0 0 0 0 0 0 0 0 0 0.0
85000 86000 2 1 84 4988 145 206097 548 417 482 92 1500 1500 1500 0 128 128 128 0 1 1 1.0
86000 87000 2 1 86 5056 166 236715 579 415 497 115 0 0 0 0 0 0 0 0 0 0 0.0
87000 88000 2 1 79 4692 145 205485 550 414 482 95 1500 1500 1500 0 128 128 128 0 1 1 1.0
88000 89000 2 1 91 5452 165 232776 579 412 496 118 0 0 0 0 0 0 0 0 0 0 0.0
89000 90000 2 1 23 1567 21 24385 580 0 290 410 0 0 0 0 0 0 0 0 0 0 1.0
90000 91000 0 0 0 0 0 0 0 0 0 0 0 0 0 0 0 0 0 0 0 0 
91000 92000 1 1 60 4087 123 176519 451 451 451 0 1500 1500 1500 0 128 128 128 0 1 2 1.0
92000 93000 2 1 140 8842 258 369770 547 449 498 68 1500 1500 1500 0 0 0 0 0 1 0 0.0
93000 94000 2 1 142 7743 210 299614 547 445 496 72 0 0 0 0 0 0 0 0 0 0 1.0
94000 95000 1 1 21 1056 27 38584 155 155 155 0 0 0 0 0 0 0 0 0 0 0 0.0
95000 96000 1 1 67 4557 132 190142 451 451 451 0 1500 1500 1500 0 128 128 128 0 1 2 1.0
96000 97000 2 1 146 9645 274 391211 544 448 496 68 1500 1500 1500 0 128 128 128 0 1 1 0.0
97000 98000 2 1 138 8260 250 356441 548 447 498 71 1500 1500 1500 0 0 0 0 0 1 0 1.0
98000 99000 2 1 113 6231 195 279864 548 445 497 72 0 0 0 0 0 0 0 0 0 0 0.0
99000 100000 2 1 100 5741 177 254440 547 403 475 102 1500 1500 1500 0 128 128 128 0 1 1 1.0
100000 101000 2 1 100 5780 193 274808 596 402 499 136 0 0 0 0 0 0 0 0 0 0 0.0
101000 102000 2 1 83 5473 140 198419 591 381 486 148 2300 2300 2300 0 128 128 128 0 2 2 1.0
102000 103000 2 1 123 8083 231 332782 616 380 498 167 0 0 0 0 128 128 128 0 0 1 0.0
103000 104000 2 1 135 7013 253 366931 619 378 498 170 2300 2300 2300 0 0 0 0 0 1 0 1.0
104000 105000 2 1 114 6399 213 306446 621 375 498 174 0 0 0 0 0 0 0 0 0 0 0.0
105000 106000 2 1 106 6571 192 274898 605 347 476 182 2300 2300 2300 0 128 128 128 0 1 1 1.0
106000 107000 2 1 136 7611 261 379048 649 342 496 217 0 0 0 0 128 128 128 0 0 1 0.0
107000 108000 2 1 130 7265 225 326588 654 341 498 221 2300 2300 2300 0 0 0 0 0 1 0 1.0
108000 109000 2 1 127 7035 234 337751 658 337 497 226 0 0 0 0 0 0 0 0 0 0 0.0
109000 110000 2 1 103 6307 180 256033 624 333 479 205 2300 2300 2300 0 128 128 128 0 1 1 1.0
110000 111000 2 1 117 6200 230 331478 665 326 496 239 0 0 0 0 0 0 0 0 0 0 0.0
111000 112000 2 1 115 7189 198 282274 672 320 496 249 2300 2300 2300 0 128 128 128 0 1 1 1.0
112000 113000 2 1 139 7612 276 399465 678 319 498 253 0 0 0 0 128 128 128 0 0 1 0.0
113000 114000 2 1 135 7567 254 367317 679 317 498 256 2300 2300 2300 0 128 128 128 0 1 1 1.0
114000 115000 2 1 140 7776 256 371459 679 315 497 257 2300 2300 2300 0 0 0 0 0 1 0 0.0
115000 116000 2 1 131 7563 248 356435 683 313 498 261 0 0 0 0 0 0 0 0 0 0 1.0
116000 117000 2 1 129 7474 237 340726 682 309 495 264 2300 2300 2300 0 128 128 128 0 1 1 0.0
117000 118000 2 1 131 7189 259 376161 689 308 498 269 2300 2300 2300 0 128 128 128 0 1 1 1.0
118000 119000 2 1 134 7517 254 369005 690 304 497 272 0 0 0 0 0 0 0 0 0 0 0.0
119000 120000 2 1 129 6863 243 351533 690 301 495 274 2300 2300 2300 0 128 128 128 0 1 1 1.0
120000 121000 2 1 130 7889 232 330511 695 296 495 281 0 0 0 0 0 0 0 0 0 0 0.0
121000 122000 2 1 123 7446 217 309218 629 256 443 263 2300 2300 2300 0 128 128 128 0 1 1 1.0
122000 123000 2 1 127 6396 251 364399 734 255 495 338 0 0 0 0 0 0 0 0 0 0 0.0
123000 124000 2 1 90 5083 153 220012 743 250 497 348 0 0 0 0 0 0 0 0 0 0 1.0
124000 125000 2 1 45 3563 81 111389 707 207 457 353 2300 2300 2300 0 128 128 128 0 1 1 0.0
125000 126000 2 1 127 5830 252 366497 791 201 496 417 0 0 0 0 0 0 0 0 0 0 0.0
126000 127000 1 1 71 3292 123 177371 549 549 549 0 0 0 0 0 0 0 0 0 0 0 0.0
127000 128000 1 1 53 3631 107 154218 450 450 450 0 2300 2300 2300 0 128 128 128 0 1 2 1.0
128000 129000 2 1 121 7669 231 333115 549 446 498 73 0 0 0 0 0 0 0 0 0 0 0.0
129000 130000 2 1 128 6669 242 350799 547 446 497 71 2300 2300 2300 0 0 0 0 0 1 0 1.0
130000 131000 2 1 96 4698 185 268063 553 446 499 75 0 0 0 0 0 0 0 0 0 0 0.0
131000 132000 2 1 85 5689 151 216539 547 414 481 94 1500 1500 1500 0 128 128 128 0 2 3 1.0
132000 133000 2 1 139 9038 250 359424 583 413 498 119 1500 1500 1500 0 0 0 0 0 1 0 0.0
133000 134000 2 1 136 7777 241 348253 580 411 496 119 1500 1500 1500 0 128 128 128 0 1 1 1.0
134000 135000 2 1 95 5681 174 248666 580 408 494 121 0 0 0 0 0 0 0 0 0 0 0.0
135000 136000 2 1 84 5552 146 206890 547 407 477 98 2300 2300 2300 0 128 128 128 0 2 2 1.0
136000 137000 2 1 120 7696 214 305022 587 406 497 127 0 0 0 0 0 0 0 0 0 0 0.0
137000 138000 2 1 102 5865 188 269117 548 399 473 104 2300 2300 2300 0 128 128 128 0 1 1 1.0
138000 139000 2 1 116 6635 220 314528 597 396 496 142 0 0 0 0 0 0 0 0 0 0 0.0
139000 140000 2 1 75 4039 125 178608 590 0 295 417 0 0 0 0 0 0 0 0 0 0 1.0
140000 141000 0 0 0 0 0 0 0 0 0 0 0 0 0 0 0 0 0 0 0 0 
141000 142000 1 1 59 4100 113 162369 451 451 451 0 2300 2300 2300 0 128 128 128 0 1 2 1.0
142000 143000 2 1 136 9028 245 353114 541 450 496 64 0 0 0 0 0 0 0 0 0 0 0.0
143000 144000 2 1 141 8605 248 358275 548 443 495 74 1500 1500 1500 0 128 128 128 0 2 2 1.0
144000 145000 2 1 133 8079 253 363275 553 439 496 80 1500 1500 1500 0 128 128 128 0 1 1 0.0
145000 146000 2 1 124 7376 244 351223 556 439 497 82 1500 1500 1500 0 0 0 0 0 1 0 1.0
146000 147000 2 1 97 5340 177 254941 559 436 497 86 0 0 0 0 0 0 0 0 0 0 0.0
147000 148000 2 1 86 5084 146 208767 548 394 471 109 1500 1500 1500 0 128 128 128 0 1 1 1.0
148000 149000 2 1 88 5384 157 222596 604 390 497 151 0 0 0 0 0 0 0 0 0 0 0.0
149000 150000 2 1 62 4496 103 145016 605 387 496 154 2300 2300 2300 0 128 128 128 0 2 2 1.0
150000 151000 2 1 118 7698 209 298133 610 385 497 159 0 0 0 0 0 0 0 0 0 0 0.0
151000 152000 2 1 129 7502 218 314273 609 369 489 170 2300 2300 2300 0 128 128 128 0 1 1 1.0
152000 153000 2 1 126 7624 251 363917 628 365 496 185 0 0 0 0 128 128 128 0 0 1 0.0
153000 154000 2 1 129 7110 253 368172 633 360 497 193 2300 2300 2300 0 0 0 0 0 1 0 1.0
154000 155000 2 1 135 7867 230 332814 636 357 496 196 0 0 0 0 128 128 128 0 0 1 0.0
155000 156000 2 1 139 7868 232 333641 640 356 498 200 2300 2300 2300 0 0 0 0 0 1 0 1.0
156000 157000 2 1 137 7618 264 383325 642 355 499 202 0 0 0 0 128 128 128 0 0 1 0.0
157000 158000 2 1 133 7558 249 362437 641 355 498 202 2300 2300 2300 0 0 0 0 0 1 0 1.0
158000 159000 2 1 130 7154 251 364964 642 350 496 206 2300 2300 2300 0 128 128 128 0 1 1 0.0
159000 160000 2 1 129 7036 235 340210 644 348 496 208 0 0 0 0 0 0 0 0 0 0 1.0
160000 161000 1 1 66 3220 103 149125 525 525 525 0 0 0 0 0 0 0 0 0 0 0 0.0
161000 162000 1 1 51 3652 107 152486 452 452 452 0 2300 2300 2300 0 128 128 128 0 1 2 1.0
162000 163000 2 1 121 7912 229 327450 546 449 497 68 0 0 0 0 0 0 0 0 0 0 0.0
163000 164000 2 1 126 6853 238 343421 547 408 477 98 2300 2300 2300 0 0 0 0 0 1 0 1.0
164000 165000 2 1 107 5405 213 308024 586 405 495 127 0 0 0 0 0 0 0 0 0 0 0.0
165000 166000 2 1 93 5653 167 239653 548 399 474 105 2300 2300 2300 0 128 128 128 0 1 2 1.0
166000 167000 2 1 129 7999 255 366608 598 394 496 144 0 0 0 0 0 0 0 0 0 0 0.0
167000 168000 2 1 131 7401 248 359780 600 391 496 148 2300 2300 2300 0 128 128 128 0 1 1 1.0
168000 169000 2 1 138 7607 253 367161 606 391 498 152 2300 2300 2300 0 0 0 0 0 1 0 0.0
169000 170000 2 1 134 7585 247 358898 607 389 498 154 0 0 0 0 128 128 128 0 0 1 1.0
170000 171000 2 1 132 7273 250 362736 608 386 497 156 2300 2300 2300 0 0 0 0 0 1 0 0.0
171000 172000 2 1 134 7747 240 347582 608 383 495 159 0 0 0 0 128 128 128 0 0 1 1.0
172000 173000 2 1 134 7628 235 341613 615 378 497 167 2300 2300 2300 0 0 0 0 0 1 0 0.0
173000 174000 2 1 133 7407 261 380143 617 376 497 170 2300 2300 2300 0 128 128 128 0 1 1 1.0
174000 175000 2 1 131 7413 248 360202 622 371 496 177 0 0 0 0 0 0 0 0 0 0 0.0
175000 176000 2 1 126 6901 242 351113 625 366 495 183 2300 2300 2300 0 128 128 128 0 1 1 1.0
176000 177000 2 1 123 7478 219 314781 627 365 496 185 0 0 0 0 0 0 0 0 0 0 0.0
177000 178000 2 1 119 7039 213 305412 618 335 476 200 2300 2300 2300 0 128 128 128 0 1 1 1.0
178000 179000 2 1 119 6452 225 323741 664 331 497 235 0 0 0 0 0 0 0 0 0 0 0.0
179000 180000 2 1 105 6413 179 255664 645 234 440 290 2300 2300 2300 0 128 128 128 0 1 1 1.0
180000 181000 2 1 119 6240 240 347622 758 233 496 371 0 0 0 0 0 0 0 0 0 0 0.0
181000 182000 2 1 81 5467 129 182296 684 200 442 341 2300 2300 2300 0 128 128 128 0 1 1 1.0
182000 183000 2 1 130 6372 263 380429 796 200 498 421 0 0 0 0 0 0 0 0 0 0 0.0
183000 184000 1 1 85 4616 137 193809 619 619 619 0 0 0 0 0 0 0 0 0 0 0 1.0
184000 185000 0 0 0 0 0 0 0 0 0 0 0 0 0 0 0 0 0 0 0 0 
185000 186000 1 1 56 3905 117 168329 450 450 450 0 2300 2300 2300 0 128 128 128 0 1 2 1.0
186000 187000 2 1 129 8320 245 353067 545 447 496 69 0 0 0 0 0 0 0 0 0 0 0.0
187000 188000 2 1 136 8525 234 339188 549 444 497 74 1500 1500 1500 0 128 128 128 0 2 2 1.0
188000 189000 2 1 130 8006 237 343005 551 440 495 78 1500 1500 1500 0 0 0 0 0 1 0 0.0
189000 190000 2 1 116 6499 228 327903 547 400 473 104 1500 1500 1500 0 128 128 128 0 1 1 1.0
190000 191000 2 1 98 5797 186 264529 598 397 497 142 0 0 0 0 0 0 0 0 0 0 0.0
191000 192000 2 1 84 5413 151 214278 598 380 489 154 2300 2300 2300 0 128 128 128 0 2 2 1.0
192000 193000 2 1 129 8680 244 349531 617 380 499 167 0 0 0 0 128 128 128 0 0 1 0.0
193000 194000 2 1 139 8055 249 360752 615 380 497 166 2300 2300 2300 0 0 0 0 0 1 0 1.0
194000 195000 2 1 112 5674 211 305414 613 380 496 164 0 0 0 0 0 0 0 0 0 0 0.0
195000 196000 2 1 75 4551 116 161863 602 378 490 158 2300 2300 2300 0 128 128 128 0 1 1 1.0
196000 197000 2 1 95 5929 181 259274 620 372 496 175 0 0 0 0 128 128 128 0 0 1 0.0
197000 198000 2 1 136 7735 262 380033 620 371 496 176 2300 2300 2300 0 0 0 0 0 1 0 1.0
198000 199000 2 1 136 7802 238 343268 625 369 497 181 0 0 0 0 0 0 0 0 0 0 0.0
199000 200000 2 1 131 7893 232 332263 617 335 476 199 2300 2300 2300 0 128 128 128 0 1 1 1.0
200000 201000 2 1 136 7607 262 379055 663 331 497 234 0 0 0 0 128 128 128 0 0 1 0.0
201000 202000 2 1 130 7515 232 337594 666 331 498 236 2300 2300 2300 0 0 0 0 0 1 0 1.0
202000 203000 2 1 133 7299 253 367474 667 323 495 243 0 0 0 0 128 128 128 0 0 1 0.0
203000 204000 2 1 130 7505 253 366832 674 321 498 249 2300 2300 2300 0 0 0 0 0 1 0 1.0
204000 205000 2 1 130 7308 250 364310 673 318 496 251 2300 2300 2300 0 128 128 128 0 1 1 0.0
205000 206000 2 1 132 7168 242 351965 680 315 498 258 0 0 0 0 0 0 0 0 0 0 1.0
206000 207000 2 1 134 7527 237 342994 679 314 497 258 2300 2300 2300 0 128 128 128 0 1 1 0.0
207000 208000 2 1 142 7768 260 377913 685 312 498 263 2300 2300 2300 0 0 0 0 0 1 0 1.0
208000 209000 2 1 132 7434 248 360027 677 312 495 258 0 0 0 0 128 128 128 0 0 1 0.0
209000 210000 2 1 109 5657 185 264881 685 144 415 382 0 0 0 0 0 0 0 0 0 0 1.0
210000 211000 0 0 0 0 0 0 0 0 0 0 0 0 0 0 0 0 0 0 0 0 
211000 212000 1 1 52 3722 104 148003 450 450 450 0 2300 2300 2300 0 128 128 128 0 1 2 1.0
212000 213000 2 1 128 8265 238 342390 547 448 498 69 0 0 0 0 0 0 0 0 0 0 0.0
213000 214000 2 1 141 7937 251 364180 548 445 497 72 2300 2300 2300 0 128 128 128 0 1 1 1.0
214000 215000 2 1 138 7722 250 361568 553 441 497 79 2300 2300 2300 0 0 0 0 0 1 0 0.0
215000 216000 2 1 133 7494 249 359966 558 437 497 85 0 0 0 0 128 128 128 0 0 1 1.0
216000 217000 2 1 125 6969 219 317181 559 433 496 88 2300 2300 2300 0 0 0 0 0 1 0 0.0
217000 218000 2 1 127 7223 214 309903 565 428 497 96 0 0 0 0 128 128 128 0 0 1 1.0
218000 219000 2 1 138 7718 262 380760 570 426 498 101 2300 2300 2300 0 0 0 0 0 1 0 0.0
219000 220000 2 1 136 7989 252 367075 567 425 496 100 0 0 0 0 128 128 128 0 0 1 1.0
220000 221000 2 1 132 7397 251 365851 570 424 497 103 2300 2300 2300 0 0 0 0 0 1 0 0.0
221000 222000 2 1 125 6876 236 342372 569 423 496 103 2300 2300 2300 0 128 128 128 0 1 1 1.0
222000 223000 2 1 115 6537 225 324571 570 422 496 104 0 0 0 0 0 0 0 0 0 0 0.0
223000 224000 2 1 115 6440 229 329124 572 419 495 108 2300 2300 2300 0 128 128 128 0 1 1 1.0
224000 225000 2 1 117 6699 213 303653 580 418 499 114 0 0 0 0 0 0 0 0 0 0 0.0
225000 226000 2 1 62 3371 108 151142 546 26 286 367 0 0 0 0 0 0 0 0 0 0 1.0
226000 227000 0 0 0 0 0 0 0 0 0 0 0 0 0 0 0 0 0 0 0 0 
227000 228000 1 1 50 3608 105 148462 452 452 452 0 2300 2300 2300 0 128 128 128 0 1 2 1.0
228000 229000 2 1 125 8418 233 332229 547 444 496 72 0 0 0 0 0 0 0 0 0 0 0.0
229000 230000 2 1 139 8543 247 354838 549 444 496 74 1500 1500 1500 0 128 128 128 0 2 2 1.0
230000 231000 2 1 134 7847 252 360675 555 436 496 84 1500 1500 1500 0 0 0 0 0 1 0 0.0
231000 232000 2 1 133 8869 247 354081 560 434 497 89 1500 1500 1500 0 128 128 128 0 1 1 1.0
232000 233000 2 1 109 7646 197 280913 558 433 496 88 0 0 0 0 0 0 0 0 0 0 0.0
233000 234000 2 1 87 5069 160 228686 549 402 475 103 1500 1500 1500 0 128 128 128 0 1 1 1.0
234000 235000 2 1 88 5318 168 239182 588 402 495 131 0 0 0 0 0 0 0 0 0 0 0.0
235000 236000 2 1 76 5102 143 202866 548 397 473 106 2300 2300 2300 0 128 128 128 0 2 2 1.0
236000 237000 2 1 121 7640 244 348387 596 397 497 140 0 0 0 0 0 0 0 0 0 0 0.0
237000 238000 2 1 95 4950 151 214061 600 117 358 341 0 0 0 0 0 0 0 0 0 0 1.0
238000 239000 0 0 0 0 0 0 0 0 0 0 0 0 0 0 0 0 0 0 0 0 
239000 240000 1 1 54 3853 109 155626 451 451 451 0 2300 2300 2300 0 128 128 128 0 1 2 1.0
240000 241000 2 1 123 8352 226 322524 546 449 497 68 0 0 0 0 0 0 0 0 0 0 0.0
241000 242000 2 1 123 7710 226 324531 547 445 496 72 1500 1500 1500 0 128 128 128 0 2 2 1.0
242000 243000 2 1 82 5411 151 215205 551 440 495 78 0 0 0 0 0 0 0 0 0 0 0.0
243000 244000 2 1 76 5277 122 170107 559 392 475 118 1500 1500 1500 0 128 128 128 0 1 1 1.0
244000 245000 2 1 137 8221 260 376288 606 372 489 165 1500 1500 1500 0 128 128 128 0 1 1 0.0
245000 246000 2 1 125 6871 245 353722 627 364 496 186 1500 1500 1500 0 0 0 0 0 1 0 0.0
246000 247000 2 1 86 4821 153 218869 634 360 497 193 0 0 0 0 0 0 0 0 0 0 0.0
247000 248000 2 1 65 4627 125 177326 637 347 492 205 1500 1500 1500 0 128 128 128 0 1 1 1.0
248000 249000 2 1 128 7147 253 365983 651 346 499 215 1500 1500 1500 0 128 128 128 0 1 1 0.0
249000 250000 2 1 143 8822 251 361942 649 343 496 216 0 0 0 0 0 0 0 0 0 0 1.0
250000 251000 2 1 140 8792 253 362411 655 342 499 221 2300 2300 2300 0 128 128 128 0 2 2 0.0
251000 252000 2 1 128 7150 244 353699 656 341 499 222 0 0 0 0 0 0 0 0 0 0 1.0
252000 253000 2 1 127 7358 213 306344 655 341 498 221 2300 2300 2300 0 128 128 128 0 1 1 0.0
253000 254000 2 1 127 7032 235 340764 657 335 496 228 2300 2300 2300 0 0 0 0 0 1 0 1.0
254000 255000 2 1 119 6895 219 314763 660 332 496 232 0 0 0 0 128 128 128 0 0 1 0.0
255000 256000 2 1 127 7049 240 347076 665 327 496 239 2300 2300 2300 0 0 0 0 0 1 0 1.0
256000 257000 2 1 119 6817 221 318477 671 326 499 243 0 0 0 0 128 128 128 0 0 1 0.0
257000 258000 2 1 109 5630 169 242315 671 168 419 355 0 0 0 0 0 0 0 0 0 0 1.0
258000 259000 0 0 0 0 0 0 0 0 0 0 0 0 0 0 0 0 0 0 0 0 
259000 260000 1 1 49 3616 100 143023 450 450 450 0 2300 2300 2300 0 128 128 128 0 1 2 1.0
260000 261000 2 1 122 8029 224 322669 544 447 495 68 0 0 0 0 0 0 0 0 0 0 0.0
261000 262000 2 1 135 7344 234 338816 546 447 497 70 2300 2300 2300 0 0 0 0 0 1 0 1.0
262000 263000 2 1 101 5160 176 253482 545 432 489 80 0 0 0 0 0 0 0 0 0 0 0.0
263000 264000 2 1 86 5303 155 221181 548 400 474 105 2300 2300 2300 0 128 128 128 0 1 2 1.0
264000 265000 2 1 127 7620 246 352864 598 396 497 142 0 0 0 0 0 0 0 0 0 0 0.0
265000 266000 2 1 131 6972 250 362844 599 396 497 143 2300 2300 2300 0 0 0 0 0 1 0 1.0
266000 267000 2 1 107 5746 202 290979 602 394 498 147 0 0 0 0 0 0 0 0 0 0 0.0
267000 268000 2 1 82 5644 147 209632 598 391 495 146 1500 1500 1500 0 128 128 128 0 2 3 1.0
268000 269000 2 1 107 7728 203 290380 608 389 499 154 0 0 0 0 0 0 0 0 0 0 0.0
269000 270000 2 1 122 6752 210 303093 607 388 498 155 1500 1500 1500 0 0 0 0 0 1 0 1.0
270000 271000 1 1 35 1707 58 83313 279 279 279 0 0 0 0 0 0 0 0 0 0 0 0.0
271000 272000 1 1 58 4120 117 168506 449 449 449 0 1500 1500 1500 0 128 128 128 0 1 2 1.0
272000 273000 2 1 127 8392 235 339320 545 448 497 68 1500 1500 1500 0 0 0 0 0 1 0 0.0
273000 274000 2 1 127 7489 234 339530 549 442 495 75 0 0 0 0 128 128 128 0 0 1 1.0
274000 275000 2 1 106 6115 206 297859 554 440 497 80 1500 1500 1500 0 0 0 0 0 1 0 0.0
275000 276000 2 1 91 5257 169 241978 547 412 480 96 1500 1500 1500 0 128 128 128 0 1 1 1.0
276000 277000 2 1 91 5455 170 243081 587 411 499 124 0 0 0 0 0 0 0 0 0 0 0.0
277000 278000 2 1 83 5533 142 201920 548 408 478 98 2300 2300 2300 0 128 128 128 0 2 2 1.0
278000 279000 2 1 115 7446 212 302943 585 406 496 126 0 0 0 0 0 0 0 0 0 0 0.0
279000 280000 2 1 105 5997 182 261237 549 405 477 101 2300 2300 2300 0 128 128 128 0 1 1 1.0
280000 281000 2 1 119 6930 210 300445 593 402 498 135 0 0 0 0 0 0 0 0 0 0 0.0
281000 282000 2 1 112 6483 189 269840 593 386 490 146 2300 2300 2300 0 128 128 128 0 1 1 1.0
282000 283000 2 1 104 6134 178 254713 610 381 496 161 0 0 0 0 0 0 0 0 0 0 0.0
283000 284000 2 1 91 5342 143 203051 618 376 497 171 2300 2300 2300 0 128 128 128 0 1 1 1.0
284000 285000 2 1 99 6327 188 268283 622 369 496 178 0 0 0 0 0 0 0 0 0 0 0.0
285000 286000 2 1 82 6131 143 199394 627 361 494 188 2300 2300 2300 0 128 128 128 0 1 3 1.0
286000 287000 2 1 120 7669 246 353816 635 356 495 197 2300 2300 2300 0 0 0 0 0 2 0 0.0
287000 288000 2 1 105 5458 180 258432 635 186 411 317 0 0 0 0 0 0 0 0 0 0 1.0
288000 289000 0 0 0 0 0 0 0 0 0 0 0 0 0 0 0 0 0 0 0 0 
289000 290000 1 1 51 3676 107 152838 451 451 451 0 2300 2300 2300 0 128 128 128 0 1 2 1.0
290000 291000 2 1 122 8261 234 336994 547 451 499 67 0 0 0 0 0 0 0 0 0 0 0.0
291000 292000 2 1 127 7784 245 352509 548 444 496 73 1500 1500 1500 0 128 128 128 0 2 2 1.0
292000 293000 2 1 123 7491 252 360962 553 442 498 78 1500 1500 1500 0 128 128 128 0 1 1 0.0
293000 294000 2 1 129 7870 240 347707 549 442 495 75 1500 1500 1500 0 0 0 0 0 1 0 1.0
294000 295000 2 1 135 7876 247 359133 557 438 497 84 0 0 0 0 128 128 128 0 0 1 0.0
295000 296000 2 1 137 7395 230 330991 554 437 496 82 1500 1500 1500 0 0 0 0 0 1 0 1.0
296000 297000 1 1 21 1037 32 46185 155 155 155 0 0 0 0 0 0 0 0 0 0 0 0.0
297000 298000 1 1 57 4561 112 159195 451 451 451 0 2300 2300 2300 0 128 128 128 0 2 2 1.0
298000 299000 2 1 133 8969 250 359050 548 451 499 67 0 0 0 0 128 128 128 0 0 1 0.0
299000 300000 2 1 142 8001 256 372082 547 446 496 70 2300 2300 2300 0 0 0 0 0 1 0 1.0
300000 301000 1 1 78 4697 144 209295 546 546 546 0 0 0 0 0 128 128 128 0 0 1 0.0
