ts te nbins ncons c_pkts_all c_bytes_all s_pkts_all s_bytes_all max_bin min_bin avg_bin std_bin max_vid min_vid avg_vid std_vid max_aud min_aud avg_aud std_aud num_vid num_aud num_mfs
0 10000 4 1 468 28752 1239 1467771 999 956 986 20 2300 840 1257 712 128 128 128 0 7 6 2
10000 20000 11 1 661 28734 1474 1759769 999 42 808 380 840 840 840 0 128 128 128 0 7 7 5
20000 30000 7 1 422 20485 1153 1344701 996 630 911 141 1500 480 870 423 128 128 128 0 8 6 5
30000 40000 8 1 707 27574 2702 3286764 999 532 913 167 2300 1500 2166 326 128 128 128 0 6 6 5
40000 50000 11 1 1121 41709 3923 4802116 999 439 897 224 4400 2300 4050 857 128 128 128 0 6 5 5
50000 60000 11 1 1297 46873 4560 5600031 999 259 877 244 4400 4400 4400 0 128 128 128 0 5 5 5
60000 70000 9 1 1086 40445 3804 4685418 998 571 925 150 4400 4400 4400 0 128 128 128 0 4 4 5
70000 80000 9 1 1173 46109 4177 5144317 999 546 935 150 4400 3000 3400 683 128 128 128 0 7 6 5
80000 90000 10 1 839 33921 2847 3485245 999 31 798 339 3000 2300 2720 383 128 128 128 0 5 5 5
90000 100000 9 1 759 30606 2619 3183781 999 20 771 353 2300 2300 2300 0 128 128 128 0 5 5 5
100000 110000 11 1 888 35770 2971 3622492 999 446 894 215 2300 2300 2300 0 128 128 128 0 6 6 5
110000 120000 10 1 729 29795 2436 2962235 998 489 889 203 2300 2300 2300 0 128 128 128 0 5 5 5
120000 130000 8 1 694 28515 2328 2833317 999 506 874 222 2300 2300 2300 0 128 128 128 0 5 5 5
130000 140000 11 1 1043 41117 3525 4322633 999 448 896 215 4400 2300 3000 1084 128 128 128 0 6 6 5
140000 150000 9 1 1105 42713 3736 4590847 999 545 896 198 4400 2300 3560 1150 128 128 128 0 5 5 5
150000 160000 9 1 784 31379 2643 3233955 999 76 827 334 2300 2300 2300 0 128 128 128 0 5 5 5
160000 170000 8 1 578 23478 1962 2381893 999 85 770 415 2300 2300 2300 0 128 128 128 0 4 4 5
170000 180000 9 1 846 34825 2729 3339367 999 30 838 337 2300 2300 2300 0 128 128 128 0 6 6 5
180000 190000 10 1 806 32469 2629 3186677 999 447 879 172 2300 2300 2300 0 128 128 128 0 5 5 5
190000 200000 10 1 905 36797 3046 3717229 999 423 937 180 4400 2300 2650 857 128 128 128 0 6 6 5
200000 210000 11 1 1067 41409 3636 4453828 999 285 883 234 4400 3000 3280 626 128 128 128 0 5 5 5
210000 220000 11 1 943 36845 3188 3896630 999 235 888 235 3000 3000 3000 0 128 128 128 0 5 5 5
220000 230000 8 1 939 37542 3069 3765223 998 558 887 202 3000 2300 2860 313 128 128 128 0 5 5 5
230000 240000 9 1 1036 40902 3488 4280152 999 512 940 160 4400 2300 3000 1084 128 128 128 0 6 6 5
240000 250000 10 1 1067 41682 3573 4376592 999 35 799 343 4400 3000 3280 626 128 128 128 0 5 5 5
250000 260000 11 1 918 36520 3137 3836990 999 426 898 220 3000 3000 3000 0 128 128 128 0 5 5 5
260000 270000 8 1 735 29818 2431 2970178 997 107 727 315 2300 2300 2300 0 128 128 128 0 5 5 5
270000 280000 11 1 1197 47372 3991 4877531 999 445 895 222 4400 2300 3350 1150 128 128 128 0 6 6 5
280000 290000 11 1 1339 51211 4483 5516297 999 357 890 222 4400 4400 4400 0 128 128 128 0 5 5 5
290000 300000 9 1 1144 44388 3772 4637441 999 531 885 191 4400 3000 3840 766 128 128 128 0 5 4 5
300000 310000 1 1 74 3034 244 299222 454 454 454 0 0 0 0 0 0 0 0 0 0 0 0
