ts te nbins ncons c_pkts_all c_bytes_all s_pkts_all s_bytes_all max_bin min_bin avg_bin std_bin max_vid min_vid avg_vid std_vid max_aud min_aud avg_aud std_aud num_vid num_aud num_mfs
0 10000 4 1 427 24583 1177 1418399 999 344 835 327 2300 1500 1820 438 128 128 128 0 5 4 2.0
10000 20000 10 1 981 43464 2354 2866201 999 654 959 107 1500 480 855 421 128 128 128 0 12 10 5.0
20000 30000 9 1 779 33324 1731 2097808 999 827 972 55 1500 840 1368 295 128 128 128 0 5 5 5.0
30000 40000 5 1 291 13353 1041 1226608 842 58 534 292 840 840 840 0 128 128 128 0 5 5 5.0
40000 50000 5 1 313 14177 1064 1240754 774 549 654 88 840 840 840 0 128 128 128 0 5 5 5.0
50000 60000 5 1 282 13265 966 1130053 803 72 482 262 840 840 840 0 128 128 128 0 5 5 5.0
60000 70000 8 1 718 29558 2405 2919120 999 215 871 275 2300 1500 1900 438 128 128 128 0 6 6 5.0
70000 80000 8 1 694 26821 2381 2894974 999 217 847 265 2300 2300 2300 0 128 128 128 0 5 5 5.0
80000 90000 10 1 772 30459 2481 3029504 999 187 887 255 2300 2300 2300 0 128 128 128 0 5 5 5.0
90000 100000 10 1 749 30298 2465 3004286 999 213 891 246 2300 2300 2300 0 128 128 128 0 5 5 5.0
100000 110000 9 1 895 36030 2958 3627935 999 42 857 313 2300 2300 2300 0 128 128 128 0 6 6 5.0
110000 120000 8 1 725 29248 2427 2954617 999 46 778 401 2300 2300 2300 0 128 128 128 0 5 5 5.0
120000 130000 9 1 757 30764 2491 3056300 999 192 793 345 2300 2300 2300 0 128 128 128 0 5 5 5.0
130000 140000 9 1 756 31299 2418 2938396 999 781 951 75 2300 2300 2300 0 128 128 128 0 5 5 5.0
140000 150000 8 1 723 29244 2368 2886325 999 188 891 284 2300 2300 2300 0 128 128 128 0 5 5 5.0
150000 160000 9 1 934 38985 2913 3556245 999 174 866 267 2300 2300 2300 0 128 128 128 0 6 6 5.0
160000 170000 10 1 734 30372 2389 2903250 999 175 887 256 2300 2300 2300 0 128 128 128 0 5 5 5.0
170000 180000 10 1 757 30831 2454 2988281 999 192 885 251 2300 2300 2300 0 128 128 128 0 5 5 5.0
180000 190000 11 1 867 36881 2730 3324298 999 147 902 257 2300 2300 2300 0 128 128 128 0 6 6 5.0
190000 200000 8 1 845 33711 2696 3298316 998 214 872 270 4400 2300 3560 1150 128 128 128 0 5 4 5.0
200000 210000 11 1 1248 49331 4082 5001101 999 162 902 254 3000 3000 3000 0 128 128 128 0 7 6 5.0
210000 220000 11 1 974 38378 3190 3898740 998 45 894 285 3000 3000 3000 0 128 128 128 0 5 5 5.0
220000 230000 10 1 1061 42120 3515 4311252 999 886 979 36 3000 3000 3000 0 128 128 128 0 6 6 5.0
230000 240000 9 1 906 35649 2953 3627409 998 27 733 387 4400 1500 3675 1450 128 128 128 0 4 5 5.0
240000 250000 10 1 948 37301 3053 3741498 999 185 834 301 3000 2300 2580 383 128 128 128 0 5 4 5.0
250000 260000 10 1 908 36765 2956 3615080 999 773 956 86 2300 2300 2300 0 128 128 128 0 6 6 5.0
260000 270000 9 1 765 30976 2483 3021768 999 190 897 266 2300 2300 2300 0 128 128 128 0 5 5 5.0
270000 280000 11 1 914 37318 2966 3620496 999 129 901 261 2300 2300 2300 0 128 128 128 0 6 6 5.0
280000 290000 8 1 1010 38956 3333 4123980 999 505 915 175 4400 3000 4050 700 128 128 128 0 4 4 5.0
290000 300000 8 1 839 33489 2831 3471749 998 58 873 329 3000 2300 2720 383 128 128 128 0 5 5 5.0
300000 310000 0 0 0 0 0 0 0 0 0 0 0 0 0 0 0 0 0 0 0 0 
