ts te nbins ncons c_pkts_all c_bytes_all s_pkts_all s_bytes_all max_bin min_bin avg_bin std_bin max_vid min_vid avg_vid std_vid max_aud min_aud avg_aud std_aud num_vid num_aud num_mfs
0 10000 4 1 308 29909 683 969441 993 635 897 174 2300 480 1000 888 128 128 128 0 7 7 2
10000 20000 11 1 827 55569 1410 1985630 999 363 843 264 1500 480 888 526 128 128 128 0 10 10 5
20000 30000 9 1 701 44211 1408 2014880 999 94 824 320 1500 480 990 558 128 128 128 0 6 6 4
30000 40000 9 1 950 60382 2258 3202759 999 340 892 224 3000 1500 2275 567 128 128 128 0 8 8 5
40000 50000 10 1 1125 64703 2917 4184440 999 179 696 337 3000 3000 3000 0 128 128 128 0 6 6 5
50000 60000 10 1 1349 75550 3552 5125129 999 177 776 294 4400 3000 4166 571 128 128 128 0 6 6 5
60000 70000 11 1 1674 90957 4384 6332856 999 447 902 214 4400 4400 4400 0 128 128 128 0 5 5 5
70000 80000 11 1 1543 86173 4051 5830004 999 375 860 224 4400 4400 4400 0 128 128 128 0 5 5 5
80000 90000 11 1 1631 91735 4272 6157488 999 333 902 219 4400 4400 4400 0 128 128 128 0 5 5 5
90000 100000 11 1 1579 87299 4154 5991707 1000 12 851 302 4400 4400 4400 0 128 128 128 0 6 6 5
100000 110000 10 1 1568 89740 4062 5863358 999 368 915 199 4400 4400 4400 0 128 128 128 0 5 5 5
110000 120000 10 1 1673 98106 4378 6333052 999 406 885 207 4400 4400 4400 0 128 128 128 0 5 5 5
120000 130000 10 1 1374 76802 3601 5206728 999 311 826 276 4400 4400 4400 0 128 128 128 0 5 5 4
130000 140000 11 1 1615 90825 4450 6431147 999 364 896 214 4400 4400 4400 0 128 128 128 0 7 7 5
140000 150000 10 1 1468 81042 4007 5791943 999 415 884 205 4400 4400 4400 0 128 128 128 0 6 6 5
150000 160000 10 1 1443 80433 3901 5632095 999 377 887 221 4400 4400 4400 0 128 128 128 0 5 5 5
160000 170000 9 1 1414 78336 3774 5456304 999 419 879 211 4400 4400 4400 0 128 128 128 0 4 5 5
170000 180000 10 1 1475 82367 4000 5793736 999 219 820 299 4400 4400 4400 0 128 128 128 0 5 5 5
180000 190000 11 1 1704 93661 4659 6738738 999 369 902 216 4400 4400 4400 0 128 128 128 0 6 6 5
190000 200000 11 1 1625 89822 4370 6318311 999 2 872 309 4400 4400 4400 0 128 128 128 0 6 5 5
200000 210000 10 1 1530 84519 4136 5981085 999 290 868 275 4400 4400 4400 0 128 128 128 0 5 5 5
210000 220000 11 1 1478 81845 4002 5765930 999 370 898 212 4400 4400 4400 0 128 128 128 0 5 5 5
220000 230000 10 1 1279 73841 3377 4864957 999 49 802 339 4400 3000 3700 766 128 128 128 0 6 6 5
230000 240000 11 1 1529 85852 4140 5976807 999 361 901 211 4400 3000 4166 571 128 128 128 0 6 7 5
240000 250000 10 1 1502 85693 3871 5585827 999 376 868 222 4400 4400 4400 0 128 128 128 0 7 6 5
250000 260000 10 1 1637 91571 4272 6175331 999 409 874 212 4400 4400 4400 0 128 128 128 0 5 5 5
260000 270000 11 1 1665 92239 4357 6287192 999 356 900 218 4400 4400 4400 0 128 128 128 0 5 5 5
270000 280000 9 1 1225 71042 3189 4583754 999 415 892 216 4400 3000 3700 766 128 128 128 0 6 6 5
280000 290000 11 1 1547 87802 4133 5955139 999 15 857 306 4400 3000 4200 529 128 128 128 0 7 7 5
290000 300000 10 1 1413 78494 3825 5526102 999 414 908 194 4400 4400 4400 0 128 128 128 0 4 4 5
300000 310000 1 1 99 5010 233 336487 573 573 573 0 0 0 0 0 0 0 0 0 0 0 0
