ts te nbins ncons c_tcp_packs c_tcp_bytes c_udp_packs c_udp_bytes s_tcp_packs s_tcp_bytes s_udp_packs s_udp_bytes max_bins_span min_bins_span avg_bins_span std_bins_span max_video_rate min_video_rate avg_video_rate std_video_rate max_audio_rate min_audio_rate avg_audio_rate std_audio_rate video_requests audio_requests
0 10000 4 1 0 0 753 49815 0 0 1960 2814725 999 994 997 2 2300 2300 2300 0 128 128 128 0 6 7
10000 20000 9 1 0 0 1315 74584 0 0 3441 4946810 999 66 811 372 2300 2300 2300 0 128 128 128 0 7 6
20000 30000 10 1 0 0 1602 87876 0 0 4390 6354398 999 772 975 71 4400 4400 4400 0 128 128 128 0 7 7
30000 40000 11 1 0 0 1701 90303 0 0 4544 6573573 999 226 889 243 4400 4400 4400 0 128 128 128 0 6 6
40000 50000 9 1 0 0 1422 77138 0 0 3813 5512684 999 350 914 214 4400 4400 4400 0 128 128 128 0 4 4
50000 60000 8 1 0 0 1306 73656 0 0 3601 5211469 999 655 924 138 4400 3000 3933 722 128 128 128 0 6 5
60000 70000 9 1 0 0 1343 79952 0 0 3531 5087986 999 389 909 204 4400 3000 3400 683 128 128 128 0 7 8
70000 80000 10 1 0 0 1469 83559 0 0 3686 5320013 999 45 793 368 4400 4400 4400 0 128 128 128 0 5 5
80000 90000 10 1 0 0 1455 81405 0 0 3941 5704183 999 0 805 363 4400 4400 4400 0 128 128 128 0 5 5
90000 100000 11 1 0 0 1822 100622 0 0 4895 7090910 999 195 905 244 4400 4400 4400 0 128 128 128 0 6 6
100000 110000 10 1 0 0 1362 79363 0 0 3670 5296965 999 30 795 363 4400 3000 3700 748 128 128 128 0 8 7
110000 120000 9 1 0 0 1165 66431 0 0 3144 4533054 999 232 890 254 4400 4400 4400 0 128 128 128 0 4 5
120000 130000 11 1 0 0 1660 92025 0 0 4332 6282242 999 184 900 248 4400 4400 4400 0 128 128 128 0 5 4
130000 140000 9 1 0 0 1387 78535 0 0 3751 5417934 999 240 878 258 4400 3000 3600 748 128 128 128 0 7 5
140000 150000 10 1 0 0 1742 96662 0 0 4645 6729928 999 794 977 64 4400 4400 4400 0 128 128 128 0 6 6
150000 160000 9 1 0 0 1126 65251 0 0 2998 4320695 999 38 763 375 4400 3000 3233 571 128 128 128 0 6 5
160000 170000 8 1 0 0 862 50114 0 0 2234 3221712 999 43 629 445 3000 3000 3000 0 128 128 128 0 4 4
170000 180000 9 1 0 0 1328 78651 0 0 3511 5061214 999 48 871 314 4400 3000 3400 683 128 128 128 0 7 7
180000 190000 10 1 0 0 1520 84753 0 0 4031 5830269 999 185 888 254 4400 4400 4400 0 128 128 128 0 5 5
190000 200000 10 1 0 0 1477 81320 0 0 3971 5736156 999 185 860 294 4400 4400 4400 0 128 128 128 0 5 5
200000 210000 10 1 0 0 1620 90327 0 0 4500 6511187 999 743 972 80 4400 4400 4400 0 128 128 128 0 6 6
210000 220000 10 1 0 0 1476 84320 0 0 3706 5353814 999 255 825 305 4400 4400 4400 0 128 128 128 0 5 6
220000 230000 11 1 0 0 1651 92859 0 0 4359 6295392 999 255 903 231 4400 3000 3400 683 128 128 128 0 7 6
230000 240000 9 1 0 0 1347 77391 0 0 3618 5219277 999 239 885 250 4400 4400 4400 0 128 128 128 0 6 6
240000 250000 10 1 0 0 1417 84096 0 0 3675 5299000 999 191 842 272 4400 3000 3700 748 128 128 128 0 8 8
250000 260000 11 1 0 0 1544 85448 0 0 3882 5608981 999 374 897 211 4400 4400 4400 0 128 128 128 0 4 4
260000 270000 9 1 0 0 1191 71089 0 0 3057 4404868 998 250 877 247 4400 3000 3233 571 128 128 128 0 6 6
270000 280000 9 1 0 0 1168 69408 0 0 3094 4468441 999 26 738 395 4400 3000 3400 683 128 128 128 0 7 7
280000 290000 9 1 0 0 1275 73740 0 0 3416 4925785 999 30 866 319 4400 3000 3933 722 128 128 128 0 6 6
290000 300000 10 1 0 0 1266 72980 0 0 3443 4963462 1000 5 793 374 4400 3000 3200 529 128 128 128 0 7 7
300000 310000 1 1 0 0 34 1832 0 0 93 136069 182 182 182 0 0 0 0 0 128 128 128 0 0 1
