ts te nbins ncons c_pkts_all c_bytes_all s_pkts_all s_bytes_all max_bin_duration min_bin_duration avg_bin_duration std_bin_duration max_video_rate min_video_rate avg_video_rate std_video_rate max_audio_rate min_audio_rate avg_audio_rate std_audio_rate video_reqs audio_reqs media_reqs
0.0 5000.0 0 0 0.0 0.0 0.0 0.0 0.0 0.0 0.0 0.0 0.0 0.0 0.0 0.0 0.0 0.0 0.0 0.0 0 0 
5000.0 10000.0 3 1 359.7273555526667 29742.58762368931 922.4771659747325 1317022.9514267899 999.7780000000494 748.89599609375 915.9419986979337 144.66642045937175 2300.0 1500.0 1820.0 438.1780460041329 128.0 128.0 128.0 0.0 5 5 2.0
10000.0 15000.0 6 1 631.376537879045 37592.34496264004 1323.3816604710833 1906088.947769583 999.2669999999925 247.76700390625047 827.2984853515712 303.0556788121805 1500.0 1500.0 1500.0 0.0 128.0 128.0 128.0 0.0 4 4 2.0
15000.0 20000.0 6 1 595.7413337644798 35120.209126635185 1245.1948626259916 1793815.4322968984 999.9799999999814 266.99309179687407 828.5912291666706 296.87129206621563 1500.0 1500.0 1500.0 0.0 128.0 128.0 128.0 0.0 4 4 3.0
20000.0 25000.0 6 1 620.7902282795872 36685.97028000878 1241.3387367211571 1786506.708519972 999.8470000000088 279.5627167968778 828.2139404296855 292.7993483497188 1500.0 1500.0 1500.0 0.0 128.0 128.0 128.0 0.0 4 4 2.0
25000.0 30000.0 4 1 432.38712320250914 28169.701224042085 1275.3154772134294 1828196.6187550612 964.3609999999753 286.3280742188217 666.221245605484 316.8114266538372 3000.0 2300.0 2580.0 383.40579025361626 128.0 128.0 128.0 0.0 5 5 3.0
30000.0 35000.0 5 1 445.6364276559052 27844.467453843612 1338.5811488208988 1920733.2834394537 996.8989999999758 468.4169921875 764.9438167968765 272.62276982323766 3000.0 3000.0 3000.0 0.0 128.0 128.0 128.0 0.0 2 2 2.0
35000.0 40000.0 5 1 570.1545907327916 33567.15814421477 1758.1292424679527 2527249.616904921 998.75390625 530.7730078125023 897.5957828125217 205.1579344846651 4400.0 3000.0 3700.0 808.2903768654761 128.0 128.0 128.0 0.0 4 4 3.0
40000.0 45000.0 6 1 625.8981446931269 34918.6549154753 2019.9322625470622 2912739.189034546 997.0990000000456 1.0710937500116415 683.7957320963518 395.0741531436115 4400.0 4400.0 4400.0 0.0 128.0 128.0 128.0 0.0 2 3 2.0
45000.0 50000.0 6 1 803.3634296453538 43302.63725980858 2547.743535416522 3676583.3877026103 999.7909999999683 443.096923828125 825.4887708333068 263.466800789286 4400.0 4400.0 4400.0 0.0 128.0 128.0 128.0 0.0 3 2 3.0
50000.0 55000.0 5 1 551.2141380209598 30741.55161065766 1839.1847109397195 2658015.6879052063 999.3489999999874 139.19607617188012 823.9846386718797 382.83920504136177 4400.0 4400.0 4400.0 0.0 128.0 128.0 128.0 0.0 3 3 2.0
55000.0 60000.0 6 1 661.4797488033316 37354.67347908349 2060.3333815303345 2972971.694114105 999.6909999999916 9.317882812523749 732.2217936197994 398.21811814196303 4400.0 4400.0 4400.0 0.0 128.0 128.0 128.0 0.0 2 2 3.0
60000.0 65000.0 6 1 715.4901303448053 40601.739291371414 2260.057123236368 3256639.3271287815 998.9139999999898 468.3041210937663 795.6281708984461 259.8709359769998 4400.0 4400.0 4400.0 0.0 128.0 128.0 128.0 0.0 3 3 2.0
65000.0 70000.0 6 1 688.6580834197376 40786.57716567482 2111.539149593126 3035715.984295431 999.5819999999949 399.937255859375 795.9015585937401 287.55828173158557 4400.0 4400.0 4400.0 0.0 128.0 128.0 128.0 0.0 3 3 3.0
70000.0 75000.0 6 1 644.6378433584271 36575.6513882761 2057.0669115017795 2955258.8976284224 999.8479999999981 374.8779296875 826.9196123046955 273.0429840531448 4400.0 4400.0 4400.0 0.0 128.0 128.0 128.0 0.0 2 2 2.0
75000.0 80000.0 5 1 578.821953046281 33443.85152122223 1923.436294573432 2777442.407091524 999.9700000000303 526.552001953125 821.1246144531294 228.06827595024237 6500.0 4400.0 5450.0 1212.4355652982142 128.0 128.0 128.0 0.0 4 4 3.0
80000.0 85000.0 6 1 886.8744706747366 49180.04821747799 2968.220656551859 4297124.215441782 999.6969999999274 470.368896484375 817.3581490885214 268.2229450913028 6500.0 6500.0 6500.0 0.0 128.0 128.0 128.0 0.0 2 2 2.0
85000.0 90000.0 5 1 466.1062191392914 26016.50106609617 1521.024898408985 2194224.5973184304 998.9990000000107 51.13999999995576 609.6236374999862 400.1663742403826 6500.0 6500.0 6500.0 0.0 128.0 128.0 128.0 0.0 2 3 3.0
90000.0 95000.0 6 1 944.9553569475258 54268.860132179005 3078.871984794158 4458853.826551166 999.7330000000075 465.2060546875 831.5928284505304 260.02693903508555 4400.0 4400.0 4400.0 0.0 128.0 128.0 128.0 0.0 4 3 2.0
95000.0 100000.0 6 1 808.9359445131552 46326.794368188224 2589.7011318001246 3737317.4335493287 999.7310000000289 413.031982421875 815.6783212890441 268.39950473812786 6500.0 4400.0 5800.0 1212.4355652982142 128.0 128.0 128.0 0.0 3 4 3.0
100000.0 105000.0 6 1 897.827514704433 48623.84710248901 2920.776296340604 4227338.719960396 999.6329999999725 384.283935546875 824.8488255208262 270.9452908247281 6500.0 6500.0 6500.0 0.0 128.0 128.0 128.0 0.0 2 3 2.0
105000.0 110000.0 6 1 938.6558576119219 51017.79487962024 3070.4647954833144 4453362.185187935 999.6359999999986 379.322998046875 830.9020104166702 269.0849350731891 6500.0 6500.0 6500.0 0.0 128.0 128.0 128.0 0.0 3 2 3.0
110000.0 115000.0 6 1 945.0051169744718 51229.66189730186 3124.0768883534483 4533576.204816208 999.960000000021 371.0048828125 831.5678141275906 271.9312507915404 6500.0 6500.0 6500.0 0.0 128.0 128.0 128.0 0.0 3 3 2.0
115000.0 120000.0 6 1 803.0482236470583 44211.34103557316 2617.414263750055 3783923.2078483626 998.0509999999194 295.258056640625 808.7405289713255 290.17175934846847 6500.0 6500.0 6500.0 0.0 128.0 128.0 128.0 0.0 3 4 3.0
120000.0 125000.0 6 1 809.8502465270217 47196.24349411472 2572.051220481253 3721450.1123284944 999.6359999999986 133.423095703125 776.051339843747 337.460137445812 4400.0 4400.0 4400.0 0.0 128.0 128.0 128.0 0.0 3 3 2.0
125000.0 130000.0 6 1 904.6044012824457 50462.581426365265 2884.531361752347 4165728.5372644085 999.7000000000116 123.118896484375 830.6979667968795 350.69062334721707 6500.0 6500.0 6500.0 0.0 128.0 128.0 128.0 0.0 3 4 3.0
130000.0 135000.0 6 1 984.3184430741613 53649.52183433981 3095.620349577591 4478548.307824141 1000.0 119.095947265625 831.3236751301932 352.7133778414282 6500.0 6500.0 6500.0 0.0 128.0 128.0 128.0 0.0 2 2 2.0
135000.0 140000.0 6 1 910.6444663088769 50542.89319757476 2828.73988734506 4081112.399576276 999.8910000000033 111.011962890625 829.688335937477 355.20643690054777 6500.0 6500.0 6500.0 0.0 128.0 128.0 128.0 0.0 3 3 3.0
140000.0 145000.0 6 1 891.6584698341899 47778.4298894436 2921.2075349478005 4220504.28751391 999.7530000000843 103.302978515625 830.0878359375153 358.97838572794086 6500.0 6500.0 6500.0 0.0 128.0 128.0 128.0 0.0 2 3 2.0
145000.0 150000.0 6 1 909.2325770044378 50017.6636912885 2990.7771899426093 4335429.889638237 998.5040000000154 96.851318359375 830.3607233072884 361.66459929793285 6500.0 6500.0 6500.0 0.0 128.0 128.0 128.0 0.0 3 2 3.0
150000.0 155000.0 6 1 898.5628009770334 47898.230211578135 3002.9304670541646 4357662.376690802 999.9739999999874 91.243896484375 830.9074296874848 364.5685721423892 6500.0 6500.0 6500.0 0.0 128.0 128.0 128.0 0.0 2 3 2.0
155000.0 160000.0 6 1 875.4503627867537 47961.892467130434 2937.4974575368487 4256438.969815349 999.6010000000242 77.79931640625 828.5680699869699 369.63118158705834 6500.0 6500.0 6500.0 0.0 128.0 128.0 128.0 0.0 3 3 3.0
160000.0 165000.0 6 1 890.4300815026622 47507.84697033017 3010.316340362718 4361650.326206667 999.9010000000126 35.64990234375 821.4319309895897 386.1605904096092 6500.0 6500.0 6500.0 0.0 128.0 128.0 128.0 0.0 3 2 2.0
165000.0 170000.0 5 1 857.0423987594479 46181.87041771093 2967.419607851886 4304619.270600939 999.5650000000023 939.8090000000084 974.1783976562554 25.100498450892662 6500.0 6500.0 6500.0 0.0 128.0 128.0 128.0 0.0 2 3 3.0
170000.0 175000.0 6 1 861.1037743271238 45688.68873223242 3006.778100205408 4361813.309300554 999.7700000000186 25.783109374984633 830.6575618489491 394.5346399891899 6500.0 6500.0 6500.0 0.0 128.0 128.0 128.0 0.0 3 2 2.0
175000.0 180000.0 6 1 885.5303510827785 48155.3240397675 3024.412452228067 4389861.3728328515 999.6539999999804 34.886738281173166 830.0722897135225 389.8814874967323 6500.0 6500.0 6500.0 0.0 128.0 128.0 128.0 0.0 2 3 3.0
180000.0 185000.0 6 1 902.5049845142028 48239.83953740281 2946.3973221896204 4262057.9118193295 999.2710000000079 36.67399999999907 821.6028440755035 385.82961603379835 6500.0 6500.0 6500.0 0.0 128.0 128.0 128.0 0.0 3 3 2.0
185000.0 190000.0 6 1 837.6576183977164 45371.863445666415 2798.3014179898164 4053233.47181518 999.7029999999795 82.09893554687733 824.1001725260188 366.1750922906812 6500.0 6500.0 6500.0 0.0 128.0 128.0 128.0 0.0 2 2 3.0
190000.0 195000.0 6 1 855.1891666039062 44934.563089620315 2956.2376027276564 4281922.18626659 999.8310000000056 112.93790039065061 828.1711308593804 354.09706191645785 6500.0 6500.0 6500.0 0.0 128.0 128.0 128.0 0.0 3 2 2.0
195000.0 200000.0 6 1 846.5378060917913 46603.04514962542 2887.8648476448534 4182883.781826438 999.5239999999758 130.41011523432098 830.40250162757 347.2183148618147 6500.0 6500.0 6500.0 0.0 128.0 128.0 128.0 0.0 3 3 3.0
200000.0 205000.0 6 1 914.4535603673867 48823.38853440418 3028.0497319530814 4389280.187749763 999.4470000000438 137.1601054687053 830.1715068359239 344.29038084764613 6500.0 6500.0 6500.0 0.0 128.0 128.0 128.0 0.0 2 3 2.0
205000.0 210000.0 6 1 898.2621941114919 48958.23577842863 2967.269039875521 4300587.3618480805 999.4570000000531 145.13306445314083 829.2914973958395 341.628965736875 6500.0 6500.0 6500.0 0.0 128.0 128.0 128.0 0.0 3 3 3.0
210000.0 215000.0 6 1 898.1640503339356 47969.041212807475 3027.9893082597464 4392203.301063664 999.9030000000494 163.6110800781753 829.6440654297088 333.9942242354095 6500.0 6500.0 6500.0 0.0 128.0 128.0 128.0 0.0 3 2 2.0
215000.0 220000.0 6 1 920.4547828913267 50445.800412138145 2987.2636278625414 4318771.246237072 999.3889999999665 175.86268749996088 830.6151113281181 328.9497791288269 6500.0 6500.0 6500.0 0.0 128.0 128.0 128.0 0.0 2 3 3.0
220000.0 225000.0 6 1 924.8712194350512 49704.54733784056 3032.287754801079 4395571.582258799 999.3669999999693 182.75501953123603 829.7791500650928 326.0656991148985 6500.0 6500.0 6500.0 0.0 128.0 128.0 128.0 0.0 3 2 2.0
225000.0 230000.0 6 1 972.3966226001787 53738.68240484237 3090.7622638629186 4485154.184222851 999.8869999999879 191.72211914067157 829.7260055338653 322.2578569400111 6500.0 6500.0 6500.0 0.0 128.0 128.0 128.0 0.0 2 3 3.0
230000.0 235000.0 6 1 895.9691014976704 48379.1692072545 3106.0234422221856 4500557.898725089 999.7610000000568 195.51908593752887 830.3011774088567 321.9563333011306 6500.0 6500.0 6500.0 0.0 128.0 128.0 128.0 0.0 3 4 2.0
235000.0 240000.0 6 1 837.3682664144972 47944.1537910963 2777.899840624421 4017885.568586659 999.689000000013 209.10202148440294 831.4435481770779 316.50214102794274 6500.0 6500.0 6500.0 0.0 128.0 128.0 128.0 0.0 5 3 3.0
240000.0 245000.0 6 1 825.7790559695962 45766.42087170759 2558.179614661856 3700709.919297277 998.1589999999851 212.1387324219104 759.2723020833218 367.30273842303933 6500.0 6500.0 6500.0 0.0 128.0 128.0 128.0 0.0 2 3 2.0
245000.0 250000.0 6 1 894.9350825658389 47851.93828985254 2934.0847395343144 4250947.922995562 999.0810000000056 356.001953125 829.2178121744655 274.64635720443175 6500.0 6500.0 6500.0 0.0 128.0 128.0 128.0 0.0 3 2 3.0
250000.0 255000.0 6 1 924.6303495507268 49752.17970613709 3030.0580491261085 4392651.099716275 999.5879999999888 351.69189453125 831.2121569010391 275.27029774138026 6500.0 6500.0 6500.0 0.0 128.0 128.0 128.0 0.0 3 3 2.0
255000.0 260000.0 6 1 871.0005079659827 47026.49525769151 2890.646652126811 4188779.126502964 999.7929999999469 344.028076171875 830.6715302734325 277.19674929543964 6500.0 6500.0 6500.0 0.0 128.0 128.0 128.0 0.0 2 3 3.0
260000.0 265000.0 6 1 886.3197435548677 47633.25014698296 2993.1158887939396 4338470.440918196 999.8310000000056 335.423095703125 830.7043365885426 278.9312216575025 6500.0 6500.0 6500.0 0.0 128.0 128.0 128.0 0.0 3 2 2.0
265000.0 270000.0 6 1 931.6262969860416 62799.18532274069 3057.9882471297365 4429334.89528994 999.2569999999832 327.96728515625 831.0276982421832 280.33682613576684 6500.0 6500.0 6500.0 0.0 128.0 128.0 128.0 0.0 2 3 3.0
270000.0 275000.0 6 1 888.7181895042637 47762.303339442165 2986.8777213818244 4327529.320599452 999.0659999999916 320.39697265625 829.6771145833385 282.6695126795656 6500.0 6500.0 6500.0 0.0 128.0 128.0 128.0 0.0 3 2 2.0
275000.0 280000.0 5 1 663.4009553574114 35737.508809064515 2181.667061063308 3159027.9601709056 998.9070000000065 438.9989999999525 716.2161820312497 272.8218619111021 6500.0 6500.0 6500.0 0.0 128.0 128.0 128.0 0.0 2 3 3.0
280000.0 285000.0 6 1 881.4528275501209 50217.18788590234 3021.6908331535055 4379153.69450313 999.3510000000242 457.52197265625 829.9576816406334 262.30490492201506 4400.0 4400.0 4400.0 0.0 128.0 128.0 128.0 0.0 4 4 2.0
285000.0 290000.0 6 1 778.8952470401193 44002.720012186204 2456.943717407913 3553782.3536590366 997.920999999973 417.532958984375 821.3288310546777 267.5936563435702 6500.0 4400.0 5975.0 1050.0 128.0 128.0 128.0 0.0 4 3 3.0
290000.0 295000.0 6 1 877.6817089642873 48591.96737751445 2850.1574137796288 4114921.496554051 999.9409999999916 410.922119140625 830.7948600260424 265.1703553337391 6500.0 6500.0 6500.0 0.0 128.0 128.0 128.0 0.0 2 3 2.0
295000.0 300000.0 6 1 858.3363928374574 46210.47056493832 2889.5821053974296 4184066.6214245036 999.9560000000056 397.10791015625 829.9807985026079 268.8313930525948 6500.0 6500.0 6500.0 0.0 128.0 128.0 128.0 0.0 3 2 3.0
300000.0 305000.0 1 1 72.18012281559682 3845.231997267249 229.11720802829598 330366.78166964994 479.16008984379005 479.16008984379005 479.16008984379005 0.0 0.0 0.0 0.0 0.0 0.0 0.0 0.0 0.0 0 0 0.0
