ts te nbins ncons c_pkts_all c_bytes_all s_pkts_all s_bytes_all max_bin_duration min_bin_duration avg_bin_duration std_bin_duration max_video_rate min_video_rate avg_video_rate std_video_rate max_audio_rate min_audio_rate avg_audio_rate std_audio_rate video_reqs audio_reqs media_reqs
0.0 5000.0 0 0 0.0 0.0 0.0 0.0 0.0 0.0 0.0 0.0 0.0 0.0 0.0 0.0 0.0 0.0 0.0 0.0 0 0 
5000.0 10000.0 5 1 614.2698019973925 46186.91381747114 1437.9768227213467 2048869.3465913953 999.36599999998 248.1669921875 847.0327984375065 334.7882974762137 2300.0 1500.0 1766.6666666666667 413.1182235954578 128.0 128.0 128.0 0.0 6 7 2.0
10000.0 15000.0 6 1 650.8297639822772 38179.987704951054 1376.798102786129 1994306.9039809564 999.0239999999758 232.019287109375 827.828215820317 307.9846436747824 1500.0 1500.0 1500.0 0.0 128.0 128.0 128.0 0.0 5 5 3.0
15000.0 20000.0 6 1 643.6865206218606 38087.69568579388 1322.5074893137917 1901303.4473801954 999.7689999999711 220.784912109375 827.08143749999 311.78549891446323 1500.0 1500.0 1500.0 0.0 128.0 128.0 128.0 0.0 4 3 2.0
20000.0 25000.0 5 1 615.964988558407 36259.15054086229 1191.2785541367225 1711592.5650921601 998.6910000000498 691.869000000006 863.5030238281354 135.32168722894787 2300.0 1500.0 2100.0 400.0 128.0 128.0 128.0 0.0 4 4 3.0
25000.0 30000.0 4 1 367.2489248400628 22969.25225092164 1161.4390310420101 1659873.7369552928 988.5250000000815 149.21696874999907 576.6462421875185 418.87118434396854 3000.0 2300.0 2766.6666666666665 404.14518843273805 128.0 128.0 128.0 0.0 3 3 2.0
30000.0 35000.0 5 1 528.5612592998082 31273.79604567462 1641.9485733809017 2344653.335106414 998.7100000000792 800.408935546875 955.3965871093794 86.77269095181623 3000.0 3000.0 3000.0 0.0 128.0 128.0 128.0 0.0 3 3 3.0
35000.0 40000.0 5 1 705.1239636053124 40890.91802712138 2280.2643635529766 3290872.5716999746 999.006999999925 126.58306445321068 793.7112324218731 378.58999738068127 4400.0 4400.0 4400.0 0.0 128.0 128.0 128.0 0.0 4 4 2.0
40000.0 45000.0 5 1 568.8565231317273 30708.24778234343 1760.3254716242257 2518271.043623826 997.1820000000298 149.35790234367596 653.3050367187243 409.39623346346787 4400.0 4400.0 4400.0 0.0 128.0 128.0 128.0 0.0 2 2 3.0
45000.0 50000.0 5 1 732.2411049551644 41468.3276884365 2277.4290636800965 3288663.819259653 999.6499999999651 59.10971874999814 776.4786042968626 407.86714504387254 4400.0 4400.0 4400.0 0.0 128.0 128.0 128.0 0.0 3 3 2.0
50000.0 55000.0 6 1 714.1323280266695 39204.03246835693 2283.1372932576437 3289040.488135923 999.9670000000042 167.5786972657079 826.6406227213738 330.32353993816855 4400.0 4400.0 4400.0 0.0 128.0 128.0 128.0 0.0 3 3 3.0
55000.0 60000.0 5 1 475.0943044281926 27707.198681369613 1491.4324960849372 2145728.171478289 996.789999999979 62.42300000000978 610.9733867187518 453.24129088507 4400.0 4400.0 4400.0 0.0 128.0 128.0 128.0 0.0 2 2 2.0
60000.0 65000.0 5 1 499.5351256488465 31120.725608873065 1612.8659996472716 2322812.0793573624 999.155999999959 40.91700000001583 594.2363816406112 460.3811794726827 4400.0 4400.0 4400.0 0.0 128.0 128.0 128.0 0.0 2 4 3.0
65000.0 70000.0 6 1 800.6820936372239 44556.139400303124 2585.744130437484 3730051.2703233855 999.5740000000806 146.53111914062174 823.1646809896047 339.61550562021984 4400.0 4400.0 4400.0 0.0 128.0 128.0 128.0 0.0 4 2 2.0
70000.0 75000.0 5 1 448.805696882418 26113.051639888567 1413.742464240986 2032736.2368083345 998.9430000000284 18.876000000047497 609.8840285156388 472.33916851540954 4400.0 4400.0 4400.0 0.0 128.0 128.0 128.0 0.0 2 2 3.0
75000.0 80000.0 5 1 582.9676003846373 32804.562657632785 1844.1101440934772 2663864.9842068385 999.9319999999134 147.74289062502794 774.7529781249817 369.25528601102957 4400.0 4400.0 4400.0 0.0 128.0 128.0 128.0 0.0 2 2 2.0
80000.0 85000.0 5 1 805.742637418635 45791.66312891213 2764.432429977706 3992154.547495034 998.9479999999749 843.68603515625 966.9786070312257 68.92690437373228 4400.0 4400.0 4400.0 0.0 128.0 128.0 128.0 0.0 4 4 3.0
85000.0 90000.0 5 1 683.7752789871258 39864.45058038656 2288.380277442457 3303048.503679042 998.8339999999152 155.83496484375792 776.4625726562342 353.38451230618983 6500.0 4400.0 5800.0 1212.4355652982142 128.0 128.0 128.0 0.0 3 4 2.0
90000.0 95000.0 6 1 825.4307926026597 44313.04181877649 2842.0977480344336 4103500.3738611806 998.5510000000359 149.0791015625 825.5665133463239 338.9912807515934 6500.0 6500.0 6500.0 0.0 128.0 128.0 128.0 0.0 3 2 3.0
95000.0 100000.0 6 1 842.6700198342081 45382.81281483217 2865.5541693430455 4143084.210170919 999.8479999999981 179.56402148440247 825.6273460286611 325.98824376214606 6500.0 6500.0 6500.0 0.0 128.0 128.0 128.0 0.0 2 2 2.0
100000.0 105000.0 6 1 867.5756852620541 48079.08169087398 2960.1709397714635 4287522.204548165 999.0869999999995 199.79794531251537 822.2848424479307 318.408882191126 6500.0 6500.0 6500.0 0.0 128.0 128.0 128.0 0.0 3 4 3.0
105000.0 110000.0 6 1 869.0256390663112 46878.73206490455 3068.961345239648 4450869.8547798935 999.2590000000782 230.10089062497718 829.9188102213666 309.2573842927847 6500.0 6500.0 6500.0 0.0 128.0 128.0 128.0 0.0 3 2 2.0
110000.0 115000.0 6 1 755.2520494474471 41245.22456420813 2582.266481399972 3729370.949500834 999.789000000048 238.9280292968615 825.1141516927067 306.4813091751478 6500.0 4400.0 5100.0 1212.4355652982142 128.0 128.0 128.0 0.0 3 2 3.0
115000.0 120000.0 5 1 572.5278973815588 32203.993337106003 1920.1366087912747 2765563.355964931 999.314000000013 269.4891191406059 769.9038238281152 330.0593950228438 4400.0 4400.0 4400.0 0.0 128.0 128.0 128.0 0.0 2 3 2.0
120000.0 125000.0 4 1 667.1754402924977 38838.34369592453 2112.266915822586 3057239.5617743945 998.6089999999967 811.320068359375 905.9332670898439 106.95359976697345 4400.0 4400.0 4400.0 0.0 128.0 128.0 128.0 0.0 3 3 3.0
125000.0 130000.0 6 1 852.3381167333746 48792.05681849747 2893.271178367981 4184265.278663475 999.6739999999991 187.32093164062826 830.6743147786377 324.7915053571035 4400.0 4400.0 4400.0 0.0 128.0 128.0 128.0 0.0 4 4 2.0
130000.0 135000.0 5 1 707.455351650482 40635.07540599468 2300.670974635629 3322806.0597536964 999.119000000006 194.190042968723 769.6853921874542 333.08019278114574 6500.0 6500.0 6500.0 0.0 128.0 128.0 128.0 0.0 3 3 3.0
135000.0 140000.0 6 1 845.640991065972 45392.57514059273 2891.506097421491 4177991.202234218 999.5690000000177 144.80208203126676 826.7483463541624 339.7817183009724 6500.0 6500.0 6500.0 0.0 128.0 128.0 128.0 0.0 2 2 2.0
140000.0 145000.0 5 1 501.8115500564833 28759.892837237014 1792.895158858437 2590380.089628309 999.9739999999874 46.193000000028405 607.9464124999824 471.728330927921 6500.0 4400.0 5100.0 1212.4355652982142 128.0 128.0 128.0 0.0 3 2 3.0
145000.0 150000.0 6 1 794.3965179903915 45436.94158103897 2615.1389154488224 3781243.749354313 999.25900000002 153.97794140630867 824.618141276044 337.017833705981 4400.0 4400.0 4400.0 0.0 128.0 128.0 128.0 0.0 3 4 2.0
150000.0 155000.0 6 1 607.2810998243548 34550.46544021213 2079.9156162094673 2997264.85883879 999.7760000000126 150.04809375002515 817.3965227864488 338.3394610827837 4400.0 4400.0 4400.0 0.0 128.0 128.0 128.0 0.0 3 3 3.0
155000.0 160000.0 6 1 846.6895798637373 48695.69035920024 2718.7767916801404 3923258.0218643937 999.9500000000116 222.9009570311755 825.4954749348884 310.9335228443179 4400.0 4400.0 4400.0 0.0 128.0 128.0 128.0 0.0 3 3 2.0
160000.0 165000.0 6 1 635.6113965674831 35585.00292783608 2052.8111358744654 2955436.535947595 999.8349999999627 220.74310742184753 811.5846748046752 318.88809898329873 4400.0 4400.0 4400.0 0.0 128.0 128.0 128.0 0.0 3 3 3.0
165000.0 170000.0 4 1 469.3786127942054 27377.692427758026 1536.3243126704356 2211450.5364984977 999.9679999999935 336.35005859372905 763.1403408203041 292.4751877850539 4400.0 4400.0 4400.0 0.0 128.0 128.0 128.0 0.0 2 2 2.0
170000.0 175000.0 6 1 762.5158880924822 43277.90826740795 2461.605715101072 3549804.6902920017 997.7129999999888 149.53069531248184 819.2039661458208 335.8172583789279 6500.0 4400.0 5450.0 1212.4355652982142 128.0 128.0 128.0 0.0 4 4 3.0
175000.0 180000.0 5 1 512.5421677613471 30494.238850590504 1697.506906090738 2447147.8859495143 999.6759999999776 25.48699999996461 612.6609695312334 469.1099742535625 6500.0 6500.0 6500.0 0.0 128.0 128.0 128.0 0.0 1 4 2.0
180000.0 185000.0 6 1 884.8181649228775 52587.25361433476 2953.512124712667 4276208.861701001 999.5910000000149 147.37005078117363 830.7422265624822 340.46111366444643 6500.0 4400.0 4925.0 972.111104761179 128.0 128.0 128.0 0.0 8 4 3.0
185000.0 190000.0 5 1 650.5309778297521 37391.90893068197 2202.149661490435 3185256.3650667537 999.2529999999679 106.24969140632311 787.710537109361 387.42978199088424 6500.0 6500.0 6500.0 0.0 128.0 128.0 128.0 0.0 3 3 2.0
190000.0 195000.0 6 1 846.2101726153198 45928.71232698091 2912.4399165483565 4201855.923634964 999.9159999999683 147.64800585940247 825.9698518880081 340.3223938324533 6500.0 6500.0 6500.0 0.0 128.0 128.0 128.0 0.0 3 3 3.0
195000.0 200000.0 6 1 748.1121452896575 42203.2070784828 2473.285820288565 3564630.683182552 998.89300000004 184.9868945311755 829.9996529947675 324.9916007876139 6500.0 4400.0 5100.0 1212.4355652982142 128.0 128.0 128.0 0.0 3 3 2.0
200000.0 205000.0 6 1 769.491826649582 43052.034297229235 2607.9227587787104 3771437.695615531 999.7110000000102 186.0809765624581 737.6536627604122 393.26133510538637 4400.0 4400.0 4400.0 0.0 128.0 128.0 128.0 0.0 3 3 3.0
205000.0 210000.0 4 1 663.6345434899122 37931.2365177618 2249.9983982102185 3248906.405826502 999.0579999999609 847.8212890625 960.8140722656099 75.33012355841893 4400.0 4400.0 4400.0 0.0 128.0 128.0 128.0 0.0 3 3 2.0
210000.0 215000.0 6 1 610.5294792710594 34708.225413362095 2042.6439890970137 2939167.4900677684 999.4910000000382 147.6667109375121 815.4473001302104 338.3593858132314 4400.0 4400.0 4400.0 0.0 128.0 128.0 128.0 0.0 3 3 3.0
215000.0 220000.0 6 1 608.1259345897004 35126.310056411145 1909.3817810196417 2739168.90452877 998.6380000000354 221.44491015630774 824.7597037760424 310.2709546423195 4400.0 4400.0 4400.0 0.0 128.0 128.0 128.0 0.0 2 2 2.0
220000.0 225000.0 5 1 544.710042649328 29797.228012464955 1699.9758316731263 2442866.1995769595 999.76800000004 238.9086875000503 837.908737500012 335.35419287437713 4400.0 4400.0 4400.0 0.0 128.0 128.0 128.0 0.0 2 2 3.0
225000.0 230000.0 4 1 681.5932337906262 39252.25055802298 2350.484200602772 3405887.9242982985 999.8129999999655 848.205078125 961.3312695312488 75.42286809886747 4400.0 4400.0 4400.0 0.0 128.0 128.0 128.0 0.0 3 4 2.0
230000.0 235000.0 5 1 615.082634079502 39324.47813275872 2091.8827146491703 3011638.7659639064 999.5829999999842 129.7169218750205 761.7424414062407 362.21060095443715 6500.0 4400.0 5450.0 1212.4355652982142 128.0 128.0 128.0 0.0 4 4 3.0
235000.0 240000.0 6 1 840.5761758607226 45902.565156212935 2944.2278983848882 4257967.921069781 999.3320000000531 148.953714843723 829.5862910156333 339.7060632149356 6500.0 6500.0 6500.0 0.0 128.0 128.0 128.0 0.0 2 2 2.0
240000.0 245000.0 6 1 814.2395640059242 45403.3132290933 2691.7995268431055 3881960.800423687 999.7179999999935 162.15896875003818 799.6185091146035 334.14705480095495 6500.0 4400.0 5450.0 1212.4355652982142 128.0 128.0 128.0 0.0 4 4 3.0
245000.0 250000.0 6 1 805.2502930174485 44465.07903532933 2786.091820930257 4036480.566072271 999.1700000000419 306.0279140624916 830.1604752604035 285.9168959471279 4400.0 4400.0 4400.0 0.0 128.0 128.0 128.0 0.0 3 2 2.0
250000.0 255000.0 4 1 498.8842511978187 29060.05292678522 1726.2619479282084 2493557.321284286 998.7460000000428 269.1740625000093 777.8577651367232 346.34228332941035 4400.0 4400.0 4400.0 0.0 128.0 128.0 128.0 0.0 3 3 3.0
255000.0 260000.0 6 1 648.8114693297223 35660.205374858095 2226.145999309102 3208483.844828707 997.0760000000009 151.91900195309427 822.2143190104204 337.26064168482986 4400.0 4400.0 4400.0 0.0 128.0 128.0 128.0 0.0 2 2 2.0
260000.0 265000.0 6 1 661.4399384889377 38158.20399668043 2144.268109273623 3078020.860298857 999.3149999999441 192.85508789063897 821.6246796875106 320.9897011080509 4400.0 4400.0 4400.0 0.0 128.0 128.0 128.0 0.0 3 3 3.0
265000.0 270000.0 6 1 580.4098686803135 33705.16733023735 1841.485233879646 2637497.892778375 999.2600000000093 232.5880097656045 809.5384980468662 317.9311151152344 4400.0 4400.0 4400.0 0.0 128.0 128.0 128.0 0.0 2 2 2.0
270000.0 275000.0 6 1 625.3974184087049 35048.13150599393 2121.9724005549324 3058192.1286023133 998.1620000000112 365.7690214844188 809.2618281250083 266.1492569055341 4400.0 4400.0 4400.0 0.0 128.0 128.0 128.0 0.0 3 3 3.0
275000.0 280000.0 6 1 676.1002561718465 39851.25328725196 2131.5718232888075 3067490.7620461164 999.1019999999553 405.4380527343601 830.2413889973735 265.61409523788643 6500.0 4400.0 5800.0 1212.4355652982142 128.0 128.0 128.0 0.0 3 3 2.0
280000.0 285000.0 6 1 788.0894712140746 42675.26869365812 2818.145514774359 4081039.8128216006 999.6539999999804 410.855718750041 808.626601888022 281.29045678327174 6500.0 6500.0 6500.0 0.0 128.0 128.0 128.0 0.0 3 4 3.0
285000.0 290000.0 6 1 891.1877500207687 48283.35927209076 3103.8705571358305 4498196.375617327 999.25 464.410888671875 828.3456660156177 262.9250691134649 6500.0 6500.0 6500.0 0.0 128.0 128.0 128.0 0.0 2 1 2.0
290000.0 295000.0 5 1 693.7910660651095 39970.60451147093 2416.185615793606 3485259.560344466 998.1850000000559 535.0601113281446 855.3274296875112 190.14372428554856 4400.0 4400.0 4400.0 0.0 128.0 128.0 128.0 0.0 5 5 3.0
295000.0 300000.0 5 1 646.6638388334585 36994.85141015373 1996.071603436823 2879528.6804806567 999.6739999999991 148.3519628905924 635.527988281264 435.5898744620526 4400.0 4400.0 4400.0 0.0 128.0 128.0 128.0 0.0 2 2 2.0
