ts te nbins ncons c_pkts_all c_ack_cnt c_ack_cnt_p c_bytes_all c_bytes_uniq s_pkts_all s_ack_cnt s_ack_cnt_p s_bytes_all s_bytes_uniq c_pkts_retx s_pkts_retx c_pkts_data s_pkts_data max_bin min_bin avg_bin std_bin max_vid min_vid avg_vid std_vid max_aud min_aud avg_aud std_aud num_vid num_aud num_mfs
0 5000 40 33 342 331 140 85624 84452 454 454 209 224050 213919 4 9 190 235 992 0 342 293 2300 2300 2300 0 128 128 128 0 2 2.0 1.0
5000 10000 10 6 50 46 22 19177 19177 61 61 30 29530 23918 0 3 24 28 556 0 137 194 2300 2300 2300 0 128 128 128 0 5 5.0 3.0
10000 15000 6 6 78 76 51 34985 34870 122 122 37 113707 74831 0 28 24 82 952 35 294 330 2300 2300 2300 0 128 128 128 0 5 4.0 2.0
15000 20000 2 2 2 2 0 1464 1219 4 4 2 271 245 0 0 2 2 284 0 142 201 2300 2300 2300 0 128 128 128 0 3 4.0 3.0
20000 25000 4 4 17 17 6 14083 14083 22 22 14 4843 4843 0 0 9 7 222 16 137 86 4400 2300 3560 1150 128 128 128 0 5 4.0 2.0
25000 30000 4 2 11 11 4 7156 5423 18 18 9 8031 4502 2 3 7 9 997 11 306 462 4400 4400 4400 0 128 128 128 0 2 2.0 3.0
30000 35000 10 10 72 71 7 139066 139020 120 120 108 3369 3369 1 0 63 10 498 0 162 161 4400 2300 3350 1484 128 128 128 0 2 2.0 2.0
35000 40000 15 13 33 33 18 13016 13016 47 47 29 11748 11748 0 0 14 17 761 18 122 235 2300 2300 2300 0 128 128 128 0 3 3.0 3.0
40000 45000 7 7 29 28 12 16896 16896 39 39 23 11319 11319 0 0 16 14 221 0 107 91 4400 2300 3700 1212 128 128 128 0 3 3.0 2.0
45000 50000 34 34 51 50 39 9596 9596 59 59 43 10186 10186 0 0 9 13 239 13 36 51 4400 4400 4400 0 128 128 128 0 2 2.0 3.0
50000 55000 11 11 24 24 9 8564 8564 25 25 15 756 756 0 0 6 2 229 35 76 66 4400 4400 4400 0 128 128 128 0 3 3.0 2.0
55000 60000 10 10 22 22 11 5342 5342 27 27 17 4481 4481 0 0 6 5 203 15 47 58 4400 4400 4400 0 128 128 128 0 2 2.0 3.0
60000 65000 10 10 94 92 18 157721 157721 158 158 123 8376 7537 0 4 70 31 959 16 217 286 4400 3000 3700 808 128 128 128 0 4 3.0 2.0
65000 70000 5 5 10 10 3 5406 5406 17 17 9 4536 4536 0 0 7 7 142 0 68 51 3000 3000 3000 0 128 128 128 0 3 3.0 3.0
70000 75000 3 3 10 10 3 9711 9711 12 12 9 756 756 0 0 6 2 204 19 141 105 4400 4400 4400 0 128 128 128 0 3 3.0 2.0
75000 80000 3 3 4 4 3 0 0 5 5 3 77 77 0 0 0 1 145 17 60 73 4400 4400 4400 0 128 128 128 0 2 2.0 3.0
80000 85000 2 2 8 8 2 8754 8754 9 9 7 902 902 0 0 6 2 219 180 200 27 4400 4400 4400 0 128 128 128 0 3 3.0 2.0
85000 90000 3 3 3 3 3 0 0 3 3 3 0 0 0 0 0 0 24 13 20 6 4400 4400 4400 0 128 128 128 0 2 2.0 3.0
90000 95000 20 20 23 23 18 5793 5793 27 27 24 440 440 0 0 5 3 166 14 35 33 4400 4400 4400 0 128 128 128 0 3 4.0 2.0
95000 100000 3 3 3 3 1 70 70 5 5 3 62 62 0 0 2 2 88 24 58 32 4400 4400 4400 0 128 128 128 0 3 2.0 3.0
100000 105000 3 3 6 6 3 5046 5046 6 6 5 378 378 0 0 3 1 143 18 60 71 4400 4400 4400 0 128 128 128 0 3 3.0 2.0
105000 110000 1 1 1 1 1 0 0 1 1 1 0 0 0 0 0 0 16 16 16 0 4400 4400 4400 0 128 128 128 0 2 2.0 3.0
110000 115000 2 2 7 6 2 5719 5719 6 6 4 397 397 0 0 3 2 144 16 80 90 4400 4400 4400 0 128 128 128 0 3 3.0 2.0
115000 120000 2 2 3 3 2 0 0 4 4 2 31 31 0 0 0 1 21 15 18 4 4400 4400 4400 0 128 128 128 0 2 2.0 3.0
120000 125000 11 11 196 193 106 127313 127143 311 311 126 229834 187384 2 31 85 182 432 1 143 147 4400 2300 3350 1484 128 128 128 0 2 2.0 2.0
125000 130000 5 5 21 20 6 11273 11273 30 30 17 5382 5382 0 0 14 12 290 66 167 99 4400 2300 3000 1212 128 128 128 0 3 3.0 3.0
130000 135000 4 4 19 18 7 19267 19267 25 25 19 1292 1292 0 0 10 4 378 16 185 150 4400 2300 3700 1212 128 128 128 0 3 3.0 2.0
135000 140000 16 16 17 17 16 0 0 18 18 16 77 77 0 0 0 1 22 16 18 1 4400 4400 4400 0 128 128 128 0 2 2.0 3.0
140000 145000 2 2 5 5 2 5972 5972 7 7 6 378 378 0 0 3 1 153 24 88 91 4400 4400 4400 0 128 128 128 0 3 4.0 2.0
145000 150000 2 2 2 2 2 0 0 2 2 2 0 0 0 0 0 0 23 15 19 5 4400 4400 4400 0 128 128 128 0 3 2.0 3.0
150000 155000 4 4 10 10 2 8742 7486 14 14 10 727 727 1 0 8 4 303 20 148 122 4400 4400 4400 0 128 128 128 0 3 3.0 2.0
155000 160000 2 2 2 2 0 70 70 4 4 2 62 62 0 0 2 2 77 75 76 1 4400 4400 4400 0 128 128 128 0 2 2.0 3.0
160000 165000 2 2 7 7 1 9053 9053 10 10 8 835 835 0 0 5 1 221 208 215 8 4400 4400 4400 0 128 128 128 0 3 3.0 2.0
165000 170000 4 4 3 3 3 448 448 3 3 3 66 66 0 0 0 0 32 13 18 9 4400 4400 4400 0 128 128 128 0 2 2.0 3.0
170000 175000 4 4 7 7 4 5080 5080 7 7 6 378 378 0 0 3 1 164 21 57 71 4400 4400 4400 0 128 128 128 0 3 3.0 2.0
175000 180000 1 1 1 1 1 0 0 1 1 1 0 0 0 0 0 0 24 24 24 0 4400 4400 4400 0 128 128 128 0 2 2.0 3.0
180000 185000 19 19 66 66 18 115917 115917 115 115 102 961 961 0 0 48 13 333 18 49 77 4400 4400 4400 0 128 128 128 0 3 3.0 2.0
185000 190000 5 5 23 22 9 7961 7922 31 31 17 10109 10109 1 0 13 13 210 15 112 79 4400 4400 4400 0 128 128 128 0 3 3.0 3.0
190000 195000 4 4 9 9 4 8364 8364 11 11 9 756 756 0 0 5 2 223 16 118 113 4400 4400 4400 0 128 128 128 0 3 3.0 2.0
195000 200000 1 1 2 2 1 0 0 5 5 1 231 77 0 2 0 3 560 560 560 0 4400 4400 4400 0 128 128 128 0 2 2.0 3.0
200000 205000 2 2 6 6 1 8695 8695 8 8 6 852 852 0 0 4 1 221 195 208 18 4400 4400 4400 0 128 128 128 0 3 3.0 2.0
205000 210000 1 1 0 0 0 317 317 0 0 0 49 49 0 0 0 0 23 23 23 0 4400 4400 4400 0 128 128 128 0 2 2.0 3.0
210000 215000 7 7 12 12 5 8210 8210 16 16 12 727 727 0 0 7 4 216 18 86 90 4400 4400 4400 0 128 128 128 0 3 3.0 2.0
215000 220000 3 3 3 3 1 70 70 5 5 3 62 62 0 0 2 2 66 15 36 27 0 0 0 0 0 0 0 0 0 0.0 3.0
220000 225000 2 2 5 5 2 3995 3995 5 5 4 378 378 0 0 3 1 144 17 80 89 3000 3000 3000 0 128 128 128 0 3 3.0 2.0
225000 230000 16 16 16 16 16 0 0 16 16 16 0 0 0 0 0 0 26 17 23 3 3000 3000 3000 0 128 128 128 0 4 4.0 3.0
230000 235000 4 4 9 9 4 6684 6684 12 12 9 417 417 0 0 4 2 194 18 64 86 3000 3000 3000 0 128 128 128 0 3 3.0 2.0
235000 240000 2 2 2 2 2 0 0 2 2 2 0 0 0 0 0 0 24 16 20 5 4400 4400 4400 0 128 128 128 0 3 3.0 3.0
240000 245000 20 20 265 263 146 200658 190942 413 413 165 285303 175612 6 80 103 233 810 16 165 167 4400 4400 4400 0 128 128 128 0 3 3.0 2.0
245000 250000 7 6 34 32 14 13026 13026 48 48 23 15531 11363 0 4 18 23 784 34 281 316 4400 4400 4400 0 128 128 128 0 2 2.0 3.0
250000 255000 3 3 17 16 5 17801 17801 23 23 17 1288 1288 0 0 10 4 379 149 239 123 4400 4400 4400 0 128 128 128 0 3 3.0 2.0
255000 260000 3 3 6 5 3 0 0 6 6 2 154 154 0 0 0 3 131 16 66 59 4400 4400 4400 0 128 128 128 0 1 1.0 3.0
260000 265000 2 2 5 5 2 5345 5345 7 7 6 378 378 0 0 3 1 194 16 105 126 4400 3000 3350 700 128 128 128 0 4 4.0 2.0
265000 270000 0 0 0 0 0 0 0 0 0 0 0 0 0 0 0 0 0 0 0 0 0 0 0 0 0 0 0 0 0  
270000 275000 7 7 11 11 5 6901 6901 15 15 12 440 440 0 0 6 3 186 16 52 65 4400 4400 4400 0 128 128 128 0 2 2.0 2.0
275000 280000 2 2 2 2 0 70 70 4 4 2 62 62 0 0 2 2 79 17 48 43 4400 3000 3466 808 128 128 128 0 3 3.0 3.0
280000 285000 3 3 8 8 2 8424 8424 10 10 8 834 834 0 0 5 1 219 18 129 101 3000 3000 3000 0 128 128 128 0 3 4.0 2.0
285000 290000 4 4 3 3 3 454 454 3 3 3 67 67 0 0 0 0 32 14 22 7 4400 3000 3933 808 128 128 128 0 3 2.0 3.0
290000 295000 2 2 6 6 2 6706 6706 8 8 7 378 378 0 0 4 1 161 17 89 102 4400 4400 4400 0 128 128 128 0 2 2.0 2.0
295000 300000 1 1 1 1 1 0 0 1 1 1 0 0 0 0 0 0 27 27 27 0 4400 4400 4400 0 128 128 128 0 2 2.0 3.0
