ts te nbins ncons c_pkts_all c_ack_cnt c_ack_cnt_p c_bytes_all c_bytes_uniq s_pkts_all s_ack_cnt s_ack_cnt_p s_bytes_all s_bytes_uniq c_pkts_retx s_pkts_retx c_pkts_data s_pkts_data max_bin_duration min_bin_duration avg_bin_duration std_bin_duration max_video_rate min_video_rate avg_video_rate std_video_rate max_audio_rate min_audio_rate avg_audio_rate std_audio_rate video_reqs audio_reqs media_reqs
0.0 2000.0 0 0 0.0 0.0 0.0 0.0 0.0 0.0 0.0 0.0 0.0 0.0 0.0 0.0 0.0 0.0 0.0 0.0 0.0 0.0 0.0 0.0 0.0 0.0 0.0 0.0 0.0 0.0 0  
2000.0 4000.0 0 0 0.0 0.0 0.0 0.0 0.0 0.0 0.0 0.0 0.0 0.0 0.0 0.0 0.0 0.0 0.0 0.0 0.0 0.0 0.0 0.0 0.0 0.0 0.0 0.0 0.0 0.0 0  
4000.0 6000.0 0 0 0.0 0.0 0.0 0.0 0.0 0.0 0.0 0.0 0.0 0.0 0.0 0.0 0.0 0.0 0.0 0.0 0.0 0.0 0.0 0.0 0.0 0.0 0.0 0.0 0.0 0.0 0  
6000.0 8000.0 4 4 244.15319454360457 240.33115805732044 227.865048598468 11578.541525079376 11578.541525079376 289.1024350772655 289.1024350772655 16.28814594513658 492586.17114594945 470720.0006107912 0.0 14.796656753114613 12.466109458852436 268.9922526458448 821.798095703125 95.27000000000044 379.9552739257824 339.19337373353954 2300.0 2300.0 2300.0 0.0 128.0 128.0 128.0 0.0 2 2.0 1.0
8000.0 10000.0 4 2 291.4798465070878 291.301882993372 285.81578305910864 4668.314365137878 4668.314365137878 402.08247678862557 402.08247678862557 5.664063447979197 696648.681760249 691914.8522954073 0.0 3.2033432468853875 5.4860999342633425 396.24044982693056 811.5410000000047 177.91190429687776 617.9034770507833 298.5956373821438 2300.0 2300.0 2300.0 0.0 128.0 128.0 128.0 0.0 2 2.0 1.0
10000.0 12000.0 5 3 603.3669589493076 603.3669589493076 598.3191683424234 4224.144109782746 4224.144109782746 831.8150881341089 831.8150881341089 5.047790606884222 1337886.1470938015 1218886.1470938015 0.0 82.0 5.047790606884222 826.7672975272246 966.2719999999972 34.43499609375067 670.2383992187497 381.48093667390935 2300.0 2300.0 2300.0 0.0 128.0 128.0 128.0 0.0 2 2.0 1.0
12000.0 14000.0 5 3 589.8732646784662 589.8732646784662 584.083888276274 4007.6901865201453 4007.6901865201453 802.0946050398712 802.0946050398712 5.61400867881271 1401956.8112282702 1332116.4818791498 0.0 50.86880667794295 4.789376402192063 795.4805963610586 998.3870000000024 384.8369140625 715.8410328124999 304.255822605493 2300.0 2300.0 2300.0 0.0 128.0 128.0 128.0 0.0 2 2.0 1.0
14000.0 16000.0 8 4 462.2894317875416 461.2894317875416 453.48977333897005 7023.710659263626 7023.710659263626 751.1067959060433 751.1067959060433 8.975026171950875 1390157.0005511916 1379633.7434706008 0.0 7.514310279208777 7.799658448571522 741.1317697340924 970.0550000000076 22.074951171875 440.12072363281277 329.67302340509383 2300.0 2300.0 2300.0 0.0 128.0 128.0 128.0 0.0 3 2.0 1.0
16000.0 18000.0 6 3 579.5875017386584 579.5875017386584 573.4704266931675 5127.376478003671 5127.376478003671 963.9726217602371 963.9726217602371 6.117075045490859 1711910.2547334058 1661906.8411631165 0.0 34.61688304284827 6.117075045490859 957.8555467147462 998.4359999999942 177.9360000000015 611.1496923828126 372.57972408973336 2300.0 2300.0 2300.0 0.0 128.0 128.0 128.0 0.0 2 3.0 1.0
18000.0 20000.0 6 4 231.41716934170196 231.41716934170196 227.41860976777096 3327.5543701087245 3327.5543701087245 321.5743002693201 321.5743002693201 3.9985595739310282 553442.1035718257 456761.4522623788 0.0 67.64826913780534 3.9985595739310282 317.5757406953891 704.069091796875 29.92199999999866 185.84766406249886 258.25769738948827 4400.0 4400.0 4400.0 0.0 128.0 128.0 128.0 0.0 2 1.0 1.0
20000.0 22000.0 4 2 648.9585525746675 648.9585525746675 645.663222044853 2750.668306103832 2750.668306103832 939.6931430116966 939.6931430116966 3.2953305298145277 1702801.8486931883 1572613.0476069488 0.0 90.83276828768496 3.2953305298145277 936.397812481882 999.2160000000003 295.07890820312605 652.8534584960944 351.5234649585005 4400.0 4400.0 4400.0 0.0 128.0 128.0 128.0 0.0 1 1.0 1.0
22000.0 24000.0 4 2 447.6221707799537 447.6221707799537 444.6221707799537 2502.0 2502.0 672.8739000121421 672.8739000121421 3.0 1222811.63757992 1173837.0847593 0.0 31.7579270006827 3.0 669.8739000121421 999.887999999999 219.96997070311772 539.5187612304671 331.71139829693925 4400.0 4400.0 4400.0 0.0 128.0 128.0 128.0 0.0 1 1.0 1.0
24000.0 26000.0 6 3 120.81248055781042 120.5462368155214 117.83203254727793 2035.5899178112156 2035.5899178112156 130.23146420729242 130.23146420729242 2.7142042682434733 218180.4554177292 197455.71939483096 0.0 14.02727931611604 2.4479605259544526 127.51725993904893 998.2169999999896 37.656982421875 467.0213141276011 475.86446080786465 288.0 288.0 288.0 0.0 128.0 128.0 128.0 0.0 2 1.0 1.0
26000.0 28000.0 5 3 141.4394285412003 140.70567228348932 130.41987655173278 7997.410082188784 7997.410082188784 195.45316979339722 195.45316979339722 10.285795731756526 300603.8882244695 299576.62946367415 0.0 0.7337562577109794 9.552039474045547 185.1673740616407 703.9949999999953 103.78101757812692 403.21962890625 275.67169055806386 288.0 288.0 288.0 0.0 128.0 128.0 128.0 0.0 3 4.0 1.0
28000.0 30000.0 2 2 82.72016692435528 82.72016692435528 80.41957203859116 1913.1008938134019 1913.1008938134019 115.48500947264601 115.48500947264601 2.300594885764135 195943.26459411177 192576.60187355345 0.0 2.4047590861130805 2.300594885764135 113.18441458688187 756.8320000000022 212.81396484375 484.8229824218761 384.6788417467675 2300.0 2300.0 2300.0 0.0 128.0 128.0 128.0 0.0 1 1.0 1.0
30000.0 32000.0 3 2 337.2798330756447 337.2798330756447 333.5804279614089 3090.899106186598 3090.899106186598 545.514990527354 545.514990527354 3.699405114235865 938857.7354058882 931024.3981264465 0.0 5.5952409138869195 3.699405114235865 541.8155854131181 701.1770000000033 230.3399999999965 475.5596783854174 236.02978506002145 2300.0 2300.0 2300.0 0.0 128.0 128.0 128.0 0.0 1 1.0 1.0
32000.0 34000.0 3 3 219.69805796039466 219.69805796039466 215.81001345614513 3237.7334725781075 3237.7334725781075 386.8819352125622 386.8819352125622 3.888044504249534 637599.4653920332 637599.4653920332 0.0 0.0 3.888044504249534 382.9938907083127 761.6340332031177 42.09700000000157 336.4306777343736 377.1982767065743 3000.0 3000.0 3000.0 0.0 128.0 128.0 128.0 0.0 2 1.0 1.0
34000.0 36000.0 3 2 234.0336538871385 234.0336538871385 231.0866479092866 2457.3790333513016 2457.3790333513016 410.99391389533093 410.99391389533093 2.9470059778519024 706138.3638097175 703800.2224598335 0.0 1.6701009642028724 2.9470059778519024 408.046907917479 740.5778808593677 96.01896679687343 342.3716158854125 348.0785671618724 3000.0 3000.0 3000.0 0.0 128.0 128.0 128.0 0.0 1 1.0 1.0
36000.0 38000.0 3 2 266.0274818942699 266.0274818942699 263.11161324962734 2431.161398789024 2431.161398789024 437.0451109408509 437.0451109408509 2.9158686446425466 736120.6181143693 729351.0387996039 0.0 4.08449466951704 2.9158686446425466 434.12924229620836 739.73193359375 146.2881191406268 377.68101757812593 317.56499869515284 3000.0 3000.0 3000.0 0.0 128.0 128.0 128.0 0.0 1 1.0 1.0
38000.0 40000.0 4 2 306.9352801701139 306.9352801701139 303.8671188702215 2559.39181450941 2559.39181450941 484.27373871190474 484.27373871190474 3.068161299892411 840703.9304674577 830584.6629510705 0.0 6.159886926098447 3.068161299892411 481.20557741201236 956.4490000000005 114.66999999999825 522.3617685546869 405.8600665419693 3000.0 3000.0 3000.0 0.0 128.0 128.0 128.0 0.0 1 1.0 1.0
40000.0 42000.0 3 2 245.9068448117664 245.9068448117664 243.00689155935956 2417.760638526576 2417.760638526576 383.41877285665237 383.41877285665237 2.8999532524068594 683182.0219026443 669329.2442757542 0.0 8.994887909657422 2.8999532524068594 380.51881960424544 717.970947265625 170.73199218750233 365.60897981771024 305.7266060386085 4400.0 4400.0 4400.0 0.0 128.0 128.0 128.0 0.0 1 1.0 1.0
42000.0 44000.0 4 2 377.16603262914595 377.16603262914595 374.0954507205016 2561.429967078522 2561.429967078522 616.596217888665 616.596217888665 3.070581908644326 1166108.6680999463 1153650.201148535 0.0 8.617938644337269 3.070581908644326 613.5256359800208 998.1330000000016 9.156999999991967 519.100033691404 454.24966537087965 4400.0 4400.0 4400.0 0.0 128.0 128.0 128.0 0.0 1 1.0 1.0
44000.0 46000.0 4 2 377.34372724348185 377.34372724348185 374.365622664806 2483.5640552450504 2483.5640552450504 617.5555787030321 617.5555787030321 2.978104578675832 1117300.1038883908 1102340.6378528238 0.0 8.382172383457645 2.978104578675832 614.5774741243563 990.8279999999941 103.61299999999756 517.7224663085908 428.85853063678155 4400.0 4400.0 4400.0 0.0 128.0 128.0 128.0 0.0 1 1.0 1.0
46000.0 48000.0 4 2 352.17585105157104 352.17585105157104 349.19562930838833 2485.346707759861 2485.346707759861 544.7541096798826 544.7541096798826 2.980221743182733 1016150.9608268968 1008060.1849283437 0.0 5.0822861409138795 2.980221743182733 541.7738879366999 983.3880000000063 147.35899999999674 527.4527509765649 403.32357619976017 4400.0 4400.0 4400.0 0.0 128.0 128.0 128.0 0.0 1 1.0 1.0
48000.0 50000.0 4 2 456.3359285132149 456.3359285132149 453.35985921428613 2481.8503496980056 2481.8503496980056 688.737363295998 688.737363295998 2.9760692989287474 1274393.4355418577 1232286.600392262 0.0 29.352299612664773 2.9760692989287474 685.7612939970692 995.5359999999928 118.82200000000012 522.4702841796861 408.4444578609357 4400.0 4400.0 4400.0 0.0 128.0 128.0 128.0 0.0 1 1.0 1.0
50000.0 52000.0 4 2 362.91427534356865 362.91427534356865 359.8820685157891 2529.118148990367 2529.118148990367 585.2752781204949 585.2752781204949 3.0322068277795333 1126541.0991052003 1111236.4089482543 0.0 10.655932749150654 3.0322068277795333 582.2430712927153 994.1199999999953 41.95100000000093 516.8975556640617 435.2801627501858 4400.0 4400.0 4400.0 0.0 128.0 128.0 128.0 0.0 1 1.0 1.0
52000.0 54000.0 2 1 185.46286649533414 185.46286649533414 184.21908453158858 1025.2644134737748 1025.2644134737748 258.46798069462625 258.46798069462625 1.2437819637455756 485504.3328514857 470104.3328514857 0.0 10.0 1.2437819637455756 257.2241987308807 944.9550000000017 243.59668945313024 594.275844726566 495.9352174292333 0.0 0.0 0.0 0.0 0.0 0.0 0.0 0.0 0 0.0 1.0
54000.0 56000.0 2 2 232.21641125998906 232.21641125998906 229.4330184655688 2319.616732901851 2319.616732901851 368.6928295449101 368.6928295449101 2.78339279442025 683065.4481911267 674291.4488936199 0.0 6.267142355362002 2.78339279442025 365.9094367504899 782.56396484375 161.27700000000186 471.92048242187593 439.31622590382244 4400.0 4400.0 4400.0 0.0 128.0 128.0 128.0 0.0 1 1.0 1.0
56000.0 58000.0 6 3 534.4404941361909 534.4404941361909 530.7361439802536 3095.0628312991985 3095.0628312991985 845.7087581598234 845.7087581598234 3.7043501559372904 1492975.2557253293 1437656.2345183895 0.0 41.105729433528445 3.7043501559372904 842.0044080038863 991.5890000000072 216.37803515624546 632.0402272135422 301.5955103023024 3000.0 3000.0 3000.0 0.0 128.0 128.0 128.0 0.0 2 1.0 1.0
58000.0 60000.0 6 2 375.5207374130427 375.5207374130427 369.6385016721808 4925.63614139929 4925.63614139929 607.2304566050518 607.2304566050518 5.882235740861897 1102482.146655393 1073225.3804218448 0.0 21.039833023963048 5.882235740861897 601.3482208641899 999.3380000000034 117.84698828124965 623.1304091796895 336.42284765865065 3000.0 3000.0 3000.0 0.0 128.0 128.0 128.0 0.0 1 2.0 1.0
60000.0 62000.0 4 2 471.8127268396803 471.8127268396803 468.4782695121622 2786.0706259705503 2786.0706259705503 790.9644106320073 790.9644106320073 3.3344573275180958 1489512.5534835053 1487290.3402215 0.0 1.5872951871465095 3.3344573275180958 787.6299533044893 915.7979999999952 191.59810742187256 569.2815312499988 367.0851922724583 3000.0 3000.0 3000.0 0.0 128.0 128.0 128.0 0.0 2 2.0 1.0
62000.0 64000.0 4 2 254.76671652650325 254.76671652650325 251.71383135284321 2543.2781124278267 2543.2781124278267 402.08934320961504 402.08934320961504 3.052885173659993 753089.1743406882 741426.4279777663 0.0 7.573211923975255 3.0528851736599925 399.0364580359551 996.2540000000008 147.4720917968807 543.2745488281253 399.5296811182292 4400.0 4400.0 4400.0 0.0 128.0 128.0 128.0 0.0 1 1.0 1.0
64000.0 66000.0 4 2 379.2242916505164 379.2242916505164 376.22965602248337 2497.4831988038313 2497.4831988038313 584.0186572036008 584.0186572036008 2.9946356280330537 1069003.7908014706 1052633.6625811588 0.0 11.450269921191698 2.9946356280330537 581.0240215755678 980.349000000002 93.18399999999383 516.6419589843754 418.25593326686646 4400.0 4400.0 4400.0 0.0 128.0 128.0 128.0 0.0 1 1.0 1.0
66000.0 68000.0 4 2 397.8709798273957 397.8709798273957 394.86705683194225 2505.3031621717737 2505.3031621717737 606.2857544967924 606.2857544967924 3.003922995453413 1116514.1971479945 1088481.2177933275 0.0 18.26767686602099 3.003922995453413 603.2818315013391 988.9600000000064 104.83999999999651 524.3499912109364 417.10408487575967 4400.0 4400.0 4400.0 0.0 128.0 128.0 128.0 0.0 1 1.0 1.0
68000.0 70000.0 4 2 413.1775117000151 413.1775117000151 410.19026128527605 2491.264849210289 2491.264849210289 636.5641522500057 636.5641522500057 2.9872504147390604 1122117.008238505 1105421.3328849166 0.0 11.681362211304265 2.9872504147390604 633.5769018352667 983.2339999999967 99.16199999999662 517.0327939453091 415.0883538369773 4400.0 4400.0 4400.0 0.0 128.0 128.0 128.0 0.0 1 1.0 1.0
70000.0 72000.0 4 2 361.8724705556679 361.8724705556679 358.8648718872048 2508.398078845911 2508.398078845911 605.7255351472671 605.7255351472671 3.007598668463077 1072475.4501890729 1058777.7953520766 0.0 9.78403916928296 3.0075986684630776 602.7179364788041 988.0959999999905 74.73399999999674 517.4212124023434 424.2605277081111 4400.0 4400.0 4400.0 0.0 128.0 128.0 128.0 0.0 1 1.0 1.0
72000.0 74000.0 4 2 382.40900568454185 382.40900568454185 379.3940353754559 2514.6050002503152 2514.6050002503152 627.7945089827438 627.7945089827438 3.0149703090858853 1118270.8009013908 1110929.985029876 0.0 5.24343990822483 3.0149703090858853 624.7795386736578 979.6290000000008 104.32799999999406 524.5740952148408 415.2863874793497 4400.0 4400.0 4400.0 0.0 128.0 128.0 128.0 0.0 1 1.0 1.0
74000.0 76000.0 4 2 401.8675323869677 401.8675323869677 398.8620407914052 2506.6239234636128 2506.6239234636128 639.1814279350097 639.1814279350097 3.0054915955624857 1124792.061560337 1114873.393059424 0.0 7.084763214938004 3.0054915955624857 636.1759363394472 993.5299999999988 104.60700000001816 525.8409091796893 424.81995320157887 4400.0 4400.0 4400.0 0.0 128.0 128.0 128.0 0.0 1 1.0 1.0
76000.0 78000.0 4 2 336.9112263466204 336.9112263466204 333.95157386761827 2468.027387319845 2468.027387319845 553.9597998952306 553.9597998952306 2.959652479002191 999596.060035205 998314.7285361182 0.0 0.9152367850619966 2.959652479002191 551.0001474162284 958.9080000000104 137.4149999999936 513.9327514648394 394.98373692220827 4400.0 4400.0 4400.0 0.0 128.0 128.0 128.0 0.0 1 1.0 1.0
78000.0 80000.0 4 2 422.3543621493784 422.3543621493784 419.34446457838936 2510.3337547727365 2510.3337547727365 670.1177409627217 670.1177409627217 3.009897570988998 1198672.6460671339 1190635.608871918 0.0 5.74074085372569 3.009897570988998 667.1078433917327 986.4149999999936 73.61900000000605 517.2372343749994 419.5471544613372 4400.0 4400.0 4400.0 0.0 128.0 128.0 128.0 0.0 1 1.0 1.0
80000.0 82000.0 4 2 401.70747572919134 401.70747572919134 398.6707656889371 2532.9098538941325 2532.9098538941325 628.994045020062 628.994045020062 3.036710040254314 1142725.5073922588 1131003.5258264707 0.0 8.701415404134337 3.036710040254314 625.9573349798077 983.3690000000206 44.22599999998056 515.9805356445322 437.95142255464714 4400.0 4400.0 4400.0 0.0 128.0 128.0 128.0 0.0 1 1.0 1.0
82000.0 84000.0 4 2 377.1825855856174 377.1825855856174 374.2142944898703 2475.3011026190225 2475.3011026190225 625.9012476816162 625.9012476816162 2.968291095747057 1157201.145363126 1148020.1641241298 0.0 6.557843742139973 2.968291095747057 622.9329565858691 998.380999999994 153.30199999999604 529.8787421874986 409.1352094821957 4400.0 4400.0 4400.0 0.0 128.0 128.0 128.0 0.0 1 1.0 1.0
84000.0 86000.0 4 2 365.10621932621837 365.10621932621837 362.0703890261535 2532.1691126545484 2532.1691126545484 564.9530794965254 564.9530794965254 3.0358303000647844 1028123.9242076238 1019547.1193847895 0.0 6.126289159167383 3.0358303000647844 561.9172491964606 988.5409999999974 85.86900000000605 527.3895092773455 426.8576785256583 4400.0 4400.0 4400.0 0.0 128.0 128.0 128.0 0.0 1 1.0 1.0
86000.0 88000.0 4 2 401.27598586884994 401.27598586884994 398.3504051045319 2439.3390035558386 2439.3390035558386 601.315096934005 601.315096934005 2.9255807643180978 1071301.839095015 1054918.5868148338 0.0 11.702323057272391 2.9255807643180978 598.3895161696869 952.8350000000064 120.03100000000268 499.2720190429718 396.3219099519146 4400.0 4400.0 4400.0 0.0 128.0 128.0 128.0 0.0 1 1.0 1.0
88000.0 90000.0 4 2 447.8792136803089 447.8792136803089 444.8736410716131 2506.6921365218886 2506.6921365218886 680.9751908494948 680.9751908494948 3.00557260869583 1224953.8253436438 1191144.4594556664 0.0 23.436821400035285 3.0055726086958297 677.9696182407989 988.5350000000035 59.90799999999581 513.1452192382858 416.1859788853336 4400.0 4400.0 4400.0 0.0 128.0 128.0 128.0 0.0 1 1.0 1.0
90000.0 92000.0 5 3 404.39567739146764 404.39567739146764 400.34617051065766 3373.684793641966 3373.684793641966 710.5463764524463 710.5463764524463 4.049506880809936 1255591.6409249268 1249961.06391592 0.0 3.734566383524939 4.049506880809936 706.4968695716364 973.3159999999916 75.76600000000326 446.5474085937458 399.0912403825788 6500.0 6500.0 6500.0 0.0 128.0 128.0 128.0 0.0 2 1.0 1.0
92000.0 94000.0 4 2 493.33393026601914 493.33393026601914 490.32774466335934 2507.2082774395476 2507.2082774395476 767.8434269501499 767.8434269501499 3.006185602659795 1419912.6212555352 1407636.8358507494 0.0 8.768418146275504 3.006185602659795 764.8372413474901 992.375 155.3110000000015 538.079010742189 406.4164698582126 6500.0 6500.0 6500.0 0.0 128.0 128.0 128.0 0.0 1 1.0 1.0
94000.0 96000.0 4 2 638.4445345030327 638.4445345030327 634.7974841975389 3047.5191843463826 3047.5191843463826 956.0984968679747 956.0984968679747 3.6470503054938552 1705845.5031502943 1669357.0468494282 0.0 24.608516832995775 3.6470503054938552 952.4514465624809 987.7149999999965 231.140921875005 699.3613193359415 329.7706367476737 6500.0 6500.0 6500.0 0.0 128.0 128.0 128.0 0.0 1 2.0 1.0
96000.0 98000.0 5 3 666.0786918121843 666.0786918121843 662.7262562147105 2796.643028210651 2796.643028210651 999.1282968748983 999.1282968748983 3.3524355974737707 1796762.4547198112 1730817.3001759592 0.0 42.92335958122047 3.3524355974737707 995.7758612774245 963.763999999981 98.76494140624709 601.0139374999969 387.8730887190199 6500.0 6500.0 6500.0 0.0 128.0 128.0 128.0 0.0 1 1.0 1.0
98000.0 100000.0 6 2 586.9834130618523 586.9834130618523 583.8258991785957 2634.180771578585 2634.180771578585 984.7585036835396 984.7585036835396 3.1575138832563847 1786466.0499638857 1743710.7967949468 0.0 28.633858926315657 3.1575138832563847 981.6009898002833 999.6860000000015 21.692955078120576 503.8551542968732 477.69092982967015 6500.0 6500.0 6500.0 0.0 128.0 128.0 128.0 0.0 1 1.0 1.0
100000.0 102000.0 5 2 687.5626408531566 687.5626408531566 684.767541780948 2332.6780506081914 2332.6780506081914 1024.8417559298803 1024.8417559298803 2.7950990722086586 1823846.435406018 1744935.4976745546 0.0 55.19034566206922 2.7950990722086586 1022.0466568576718 999.9799999999959 64.5351171874936 599.8325953124993 400.7952262081457 6500.0 6500.0 6500.0 0.0 128.0 128.0 128.0 0.0 1 1.0 1.0
102000.0 104000.0 5 2 681.8775956286128 681.8775956286128 678.5981126333209 2733.9708860922156 2733.9708860922156 1071.4401043923165 1071.4401043923165 3.2794829952918256 1854223.2292988515 1805236.9562318195 0.0 34.851595180234746 3.2794829952918256 1068.1606213970247 999.6609999999928 138.49709960937616 597.7704003906226 363.16563281458457 6500.0 6500.0 6500.0 0.0 128.0 128.0 128.0 0.0 1 1.0 1.0
104000.0 106000.0 5 2 707.6792370607509 707.6792370607509 704.0052437221422 3069.828397769939 3069.828397769939 1056.6152676069482 1056.6152676069482 2.6739933386087262 1832349.7440090748 1764416.909238964 0.0 48.047475426471436 3.6739933386087262 1053.9412742683394 997.7640000000101 154.16805273435602 723.4277839843737 348.7931234988903 6500.0 6500.0 6500.0 0.0 128.0 128.0 128.0 0.0 1 1.0 1.0
106000.0 108000.0 5 2 479.8564622481938 479.8564622481938 477.5304555868025 1934.171602230061 1934.171602230061 784.0822253414785 784.0822253414785 3.3260066613912733 1379714.425629902 1346193.2945179157 0.0 22.135774424481703 2.3260066613912733 780.7562186800874 999.2079999999987 161.35504101564584 486.86428007812935 387.86953936607244 6500.0 6500.0 6500.0 0.0 128.0 128.0 128.0 0.0 1 1.0 1.0
108000.0 110000.0 5 2 682.3388155883113 682.3388155883113 679.3388155883113 2502.0 2502.0 1014.570819919622 1014.570819919622 3.0 1799297.4714241913 1767474.6083826947 0.0 19.74614806317282 3.0 1011.570819919622 998.5340000000142 188.99773242187803 606.7143320312578 365.27266441126386 6500.0 6500.0 6500.0 0.0 128.0 128.0 128.0 0.0 1 1.0 1.0
110000.0 112000.0 4 2 671.5644982914384 671.5644982914384 668.5644982914384 2502.0 2502.0 1062.8736011165095 1062.8736011165095 3.0 1847477.8167724914 1801368.7976552763 0.0 32.147370517135 3.0 1059.8736011165095 999.7619999999879 465.6090722656227 692.956526367183 223.19206746434097 6500.0 6500.0 6500.0 0.0 128.0 128.0 128.0 0.0 1 1.0 1.0
112000.0 114000.0 4 2 655.804118330218 655.804118330218 651.804118330218 3344.0 3344.0 1013.2795606200839 1013.2795606200839 4.0 1797301.3274839385 1754859.2026458338 0.0 30.745589450950515 4.0 1009.2795606200839 997.6210000000137 269.95096679686685 723.399213378907 315.7607942742852 6500.0 6500.0 6500.0 0.0 128.0 128.0 128.0 0.0 2 1.0 1.0
114000.0 116000.0 4 2 573.5696633014414 573.5696633014414 570.7705212637768 2334.4844594123306 2334.4844594123306 936.183409104294 936.183409104294 2.799142037664665 1611087.7208502938 1553535.3339454473 0.0 40.49903470239906 2.799142037664665 933.3842670666294 998.9370000000054 14.460113281238591 645.1075180664047 436.28830639888406 0.0 0.0 0.0 0.0 128.0 128.0 128.0 0.0 0 1.0 1.0
116000.0 118000.0 5 2 577.9188675528637 577.9188675528637 574.7180095905285 2669.5155405876694 2669.5155405876694 913.960544081004 913.960544081004 3.200857962335335 1610805.8373670154 1585791.1867744192 0.0 17.823849224345935 3.200857962335335 910.7596861186685 999.502999999997 61.25009570311522 540.8392011718709 432.31095877337253 6500.0 6500.0 6500.0 0.0 128.0 128.0 128.0 0.0 2 1.0 1.0
118000.0 120000.0 5 3 601.8859574189823 601.8859574189823 599.7401634618526 1782.7585119031753 1782.7585119031753 935.4958551946719 935.4958551946719 2.145793957129662 1710575.6709998797 1663238.0328320572 0.0 32.86412166815235 2.145793957129662 933.3500612375421 999.9960000000137 98.60403515625512 559.7146082031308 412.98388136744666 6500.0 6500.0 6500.0 0.0 128.0 128.0 128.0 0.0 1 1.0 1.0
120000.0 122000.0 6 3 594.8842307661799 594.8842307661799 591.1250641003354 3141.313372018171 3141.313372018171 915.8738300433496 915.8738300433496 3.75916666584459 1575710.294399646 1507804.787053329 0.0 47.01793033771072 3.75916666584459 912.1146633775049 999.3189999999886 38.426093749993015 618.9241477864562 422.105920166779 0.0 0.0 0.0 0.0 128.0 128.0 128.0 0.0 0 1.0 1.0
122000.0 124000.0 5 2 557.7125876580274 557.7125876580274 556.5912192813058 932.8075148258359 932.8075148258359 925.8558530319654 925.8558530319654 1.1213683767215146 1595861.2972986957 1524980.8817284307 0.0 47.45987691187258 1.1213683767215146 924.7344846552438 998.3859999999986 35.36301171875675 519.6884124999982 359.38117295818756 6500.0 6500.0 6500.0 0.0 0.0 0.0 0.0 0.0 1 0.0 1.0
124000.0 126000.0 6 3 599.2017950723301 599.2017950723301 594.2281240720259 4151.120601252818 4151.120601252818 917.9970842139444 917.9970842139444 4.973671000304233 1621323.9971436448 1557278.9980869903 0.0 44.77275689730616 4.973671000304233 913.0234132136402 977.2280000000028 65.88099999999395 569.9133401692719 351.0071792468972 3000.0 3000.0 3000.0 0.0 128.0 128.0 128.0 0.0 2 2.0 1.0
126000.0 128000.0 3 2 258.9963013516428 258.9963013516428 256.2283460284711 2306.618382110541 2306.618382110541 411.8893955749041 411.8893955749041 2.767955323171664 736678.5526222949 715931.6466651628 0.0 14.819218540808638 2.767955323171664 409.1214402517324 766.68896484375 164.89000390624278 370.0779895833305 343.5441282457482 4400.0 4400.0 4400.0 0.0 128.0 128.0 128.0 0.0 1 1.0 1.0
128000.0 130000.0 2 1 217.31503517659905 217.31503517659905 216.0829904997707 1015.3816178894591 1015.3816178894591 291.1935579935361 291.1935579935361 1.2320446768283362 528691.07454079 516168.41123227566 0.0 8.944759506081715 1.2320446768283362 289.9615133167078 951.6179999999877 231.6620351562451 591.6400175781164 509.08574489671395 0.0 0.0 0.0 0.0 0.0 0.0 0.0 0.0 0 0.0 1.0
130000.0 132000.0 2 2 149.64636855912198 149.64636855912198 146.52399502571578 2607.2085114585957 2607.2085114585957 265.52183863749025 265.52183863749025 3.1223735334062135 458442.05707861553 452196.9689107948 0.0 4.460777262729096 3.1223735334062135 262.399465104084 808.532958984375 602.844970703125 705.68896484375 145.443371322291 4400.0 4400.0 4400.0 0.0 128.0 128.0 128.0 0.0 1 2.0 1.0
132000.0 134000.0 5 2 576.7163084335972 576.7163084335972 573.1469721813139 2977.8277085206028 2977.8277085206028 893.5973062086572 893.5973062086572 3.569336252283308 1607228.7566545922 1575338.5141227944 0.0 22.456320594166115 3.569336252283308 890.0279699563739 997.8399999999965 154.44704101563548 615.1401929687476 339.60364056066624 4400.0 4400.0 4400.0 0.0 0.0 0.0 0.0 0.0 1 0.0 1.0
134000.0 136000.0 5 2 741.2586741182146 741.2586741182146 737.3233923939332 3288.890631416335 3288.890631416335 1127.074830880079 1127.074830880079 3.935281724281421 1947980.2587677664 1865463.3103904834 0.0 59.01167291232022 3.935281724281421 1123.1395491557976 998.7909999999974 308.1151054687507 745.0012406249996 289.20354768616846 4400.0 4400.0 4400.0 0.0 128.0 128.0 128.0 0.0 2 2.0 1.0
136000.0 138000.0 4 2 462.1975798231715 462.1975798231715 459.0940174612274 2589.199508756981 2589.199508756981 720.1246521525969 720.1246521525969 3.103562361944158 1276615.3620592887 1259447.314874147 0.0 12.26289084652987 3.103562361944158 717.0210897906527 998.1870000000054 0.0 525.2144619140672 433.8937402145166 4400.0 4400.0 4400.0 0.0 128.0 128.0 128.0 0.0 1 1.0 1.0
138000.0 140000.0 4 2 354.9242370881575 354.9242370881575 351.9316370596041 2495.769224041913 2495.769224041913 538.7734706071474 538.7734706071474 2.9926000285533405 951888.8803069891 942657.882883786 0.0 6.593569588002221 2.9926000285533405 535.780870578594 982.4700000000012 91.94099999999162 516.4027373046847 408.53938981505854 6500.0 6500.0 6500.0 0.0 128.0 128.0 128.0 0.0 1 1.0 1.0
140000.0 142000.0 4 2 508.98897646268813 508.98897646268813 505.99101965904686 2500.279628665933 2500.279628665933 823.5755372483114 823.5755372483114 2.9979568036412507 1582654.9837076063 1572554.3073928528 0.0 7.21476879625248 2.9979568036412507 820.57758044467 999.0279999999912 276.38210546874325 622.2340390624959 309.95310341627 6500.0 6500.0 6500.0 0.0 128.0 128.0 128.0 0.0 1 1.0 1.0
142000.0 144000.0 4 2 582.5105444599551 582.5105444599551 579.2316551640648 2736.8247871396406 2736.8247871396406 943.7006422178644 943.7006422178644 2.9831744301830887 1685946.176067541 1670802.1793155014 0.0 10.817140537171117 3.2788892958903095 940.7174677876812 996.5370000000112 224.93700000000536 550.5332246093822 365.8770128834912 6500.0 6500.0 6500.0 0.0 128.0 128.0 128.0 0.0 1 1.0 1.0
144000.0 146000.0 4 2 587.8517919405036 587.8517919405036 584.8517919405036 2502.0 2502.0 947.0693712723596 947.0693712723596 3.295714865707221 1694573.9635466398 1678775.2996481298 0.0 11.284759927507153 3.0 943.7736564066524 993.3949999999895 227.56599999999162 553.9422499999928 359.74228801665856 6500.0 6500.0 6500.0 0.0 128.0 128.0 128.0 0.0 1 1.0 1.0
146000.0 148000.0 4 2 533.2242814668773 533.2242814668773 529.546333953512 3070.8318062535545 3070.8318062535545 834.0645053196847 834.0645053196847 3.677947513365267 1455361.6996697374 1424704.3603202868 0.0 21.89809953532173 3.677947513365267 830.3865578063195 985.2600000000093 299.1590507812507 634.9460048828114 283.0794767853523 6500.0 6500.0 6500.0 0.0 128.0 128.0 128.0 0.0 1 2.0 1.0
148000.0 150000.0 5 3 616.2866854322044 616.2866854322044 613.3708424688067 2431.139775180846 2431.139775180846 968.2675981161269 968.2675981161269 2.915842963397679 1729015.3026389284 1713847.8492991833 0.0 11.750323814103567 2.915842963397679 965.3517551527291 998.5219999999972 178.81599999999162 507.1112265624979 314.32741246483465 6500.0 6500.0 6500.0 0.0 128.0 128.0 128.0 0.0 1 1.0 1.0
150000.0 152000.0 4 3 654.5369074675485 654.5369074675485 651.4842687727948 2547.249876503387 2547.249876503387 1037.0325559294595 1037.0325559294595 3.05263869475367 1796961.827135941 1760795.6243379842 0.0 26.71399168445776 3.05263869475367 1033.9799172347057 912.994000000006 405.89389843749814 723.379689453126 226.11697441167917 6500.0 6500.0 6500.0 0.0 128.0 128.0 128.0 0.0 1 1.0 1.0
152000.0 154000.0 5 2 652.8525891516398 652.8525891516398 650.4990183231564 1958.7785420622126 1958.7785420622126 1024.071256135145 1024.071256135145 2.3535708284833836 1808434.4706349676 1781193.2354453066 0.0 17.921321163840563 2.3535708284833836 1021.7176853066616 997.7850000000035 34.28701953124255 617.1056257812481 437.5210182548838 6500.0 6500.0 6500.0 0.0 0.0 0.0 0.0 0.0 1 0.0 1.0
154000.0 156000.0 4 2 508.25382055523175 508.25382055523175 504.77363946184755 2904.9034047905157 2904.9034047905157 786.773790990343 786.773790990343 3.48018109338416 1428015.651901872 1407852.4843767968 0.0 14.40226251791073 3.48018109338416 783.2936098969586 967.5210000000079 201.57001171875163 684.4722158203149 333.3863692468845 6500.0 6500.0 6500.0 0.0 128.0 128.0 128.0 0.0 1 2.0 1.0
156000.0 158000.0 5 3 655.1829160254873 655.1829160254873 652.747235197692 2028.2523328425796 2028.2523328425796 1042.8822283720494 1042.8822283720494 2.435680827795288 1825430.8243097877 1795629.6095760618 0.0 20.370720031481856 2.435680827795288 1040.4465475442541 935.5389999999898 80.28800000000047 458.57902304687303 429.27259498577865 6500.0 6500.0 6500.0 0.0 0.0 0.0 0.0 0.0 1 0.0 1.0
158000.0 160000.0 6 3 615.1661394486109 615.1661394486109 610.9500074911218 3527.5942853269307 3527.5942853269307 981.9813371110456 981.9813371110456 4.216131957488997 1761765.3570649966 1730262.5093192307 0.0 19.417896025297807 4.216131957488997 977.7652051535566 999.0889999999781 55.83599999998114 524.2581686197858 461.7109065860621 4400.0 4400.0 4400.0 0.0 128.0 128.0 128.0 0.0 1 1.0 1.0
160000.0 162000.0 5 2 620.9190233473532 620.9190233473532 617.3507580909393 2980.165318293538 2980.165318293538 969.768231498422 969.768231498422 3.5682652564140627 1675676.4003488058 1659683.521680735 0.0 11.423484762907714 3.5682652564140627 966.1999662420079 999.9560000000056 99.15100976562826 550.0128257812758 369.19938432272403 4400.0 4400.0 4400.0 0.0 128.0 128.0 128.0 0.0 2 2.0 1.0
162000.0 164000.0 4 2 443.2721769990652 443.2721769990652 440.21577370653114 2546.19442279959 2546.19442279959 659.2259200870491 659.2259200870491 3.056403292534065 1194598.852065598 1175302.215072282 0.0 13.783312138082861 3.056403292534065 656.169516794515 996.6759999999776 149.80089257808868 514.6221977539026 429.04550484553937 6500.0 6500.0 6500.0 0.0 128.0 128.0 128.0 0.0 1 1.0 1.0
164000.0 166000.0 4 2 462.45939773099167 462.45939773099167 460.21606015860823 1864.8902359468461 1864.8902359468461 714.8339219641413 714.8339219641413 2.2433375723834277 1201682.3815389099 1177069.1909816663 0.0 15.362875033665413 2.2433375723834277 712.5905843917578 999.9450000000361 243.09910156248952 582.4207739258054 356.6446285054299 0.0 0.0 0.0 0.0 128.0 128.0 128.0 0.0 0 1.0 1.0
166000.0 168000.0 4 2 422.41151256898223 422.41151256898223 418.84717373253847 2980.658589594082 2980.658589594082 663.4330712893525 663.4330712893525 3.5643388364437434 1140798.9902731157 1077483.676300718 0.0 42.837270113287126 3.5643388364437434 659.8687324529087 999.969000000041 204.714005859365 672.7267338867241 346.44569470749434 4400.0 4400.0 4400.0 0.0 128.0 128.0 128.0 0.0 2 1.0 1.0
168000.0 170000.0 5 3 497.3480532534409 497.3480532534409 494.39720024981983 2457.1329397405334 2457.1329397405334 808.5450779853772 808.5450779853772 2.9508530036211202 1438269.8120778918 1393438.0735682133 0.0 30.622885595418644 2.9508530036211202 805.5942249817563 999.4409999999916 144.87607031248626 498.39182851561344 312.2348623996583 6500.0 6500.0 6500.0 0.0 128.0 128.0 128.0 0.0 1 1.0 1.0
170000.0 172000.0 4 2 514.432994697197 514.432994697197 511.44190030120427 2494.570778556695 2494.570778556695 817.6301066718169 817.6301066718169 2.9910943959927785 1520920.8128228898 1489458.0701242862 0.0 23.387882358648007 2.9910943959927785 814.6390122758241 999.8399999999965 484.32092773439945 711.7617285156302 254.4442957566055 6500.0 6500.0 6500.0 0.0 128.0 128.0 128.0 0.0 1 1.0 1.0
172000.0 174000.0 5 2 567.6511844935442 567.6511844935442 564.5983964621389 2549.905631172684 2549.905631172684 851.9402841663792 851.9402841663792 3.0527880314051803 1500491.8593398505 1456716.3087803433 0.0 31.270898540002655 3.0527880314051803 848.8874961349741 999.4489999999932 2.4649999999965075 538.6745828125044 398.15167353342275 6500.0 6500.0 6500.0 0.0 128.0 128.0 128.0 0.0 1 1.0 1.0
174000.0 176000.0 4 2 550.7221721770612 550.7221721770612 547.281246444524 2869.732060936006 2869.732060936006 851.4121339980561 851.4121339980561 3.4409257325371776 1547983.4137021587 1511659.3027084956 0.0 24.945793566902125 3.4409257325371776 847.971208265519 997.4800000000396 146.55709960937384 698.4060893554779 377.2141445062287 6500.0 6500.0 6500.0 0.0 128.0 128.0 128.0 0.0 1 1.0 1.0
176000.0 178000.0 4 2 618.3933378302337 618.3933378302337 615.8277623154178 2139.6899793564876 2139.6899793564876 965.4599230546445 965.4599230546445 2.5655755148159325 1698360.9978925004 1649469.3518895698 0.0 34.48580919844097 2.5655755148159325 962.8943475398286 999.9349999999977 74.9317421875021 669.896692382812 409.4408927594911 6500.0 6500.0 6500.0 0.0 128.0 128.0 128.0 0.0 1 1.0 1.0
178000.0 180000.0 5 3 572.5646743724268 572.5646743724268 570.3250993471825 1860.69423974958 1860.69423974958 907.0664687292652 907.0664687292652 2.239575025244429 1562225.5243951967 1501817.786899223 0.0 42.36998304666945 2.239575025244429 904.8268937040209 999.1410000000615 9.093994140654104 570.7776253906428 457.6038908037008 6500.0 6500.0 6500.0 0.0 128.0 128.0 128.0 0.0 1 1.0 1.0
180000.0 182000.0 5 3 485.22765209669393 485.22765209669393 483.03280263675435 1823.6157808939324 1823.6157808939324 772.1739393571359 772.1739393571359 2.1948494599396384 1351894.3839978136 1323811.0517811277 0.0 19.93329040888275 2.1948494599396384 769.9790898971962 989.5980058593559 85.09299999999348 401.2535691406345 422.19400696213086 0.0 0.0 0.0 0.0 0.0 0.0 0.0 0.0 0 0.0 1.0
182000.0 184000.0 2 2 254.38318952652048 254.38318952652048 251.05521371502823 2779.8592575634734 2779.8592575634734 408.1444025735435 408.1444025735435 3.327975811492266 707910.8025056582 688733.6820348745 0.0 12.18730904266662 3.327975811492266 404.8164267620512 852.2360839844041 754.7392578125 803.487670898452 68.94066693031945 6500.0 6500.0 6500.0 0.0 128.0 128.0 128.0 0.0 1 2.0 1.0
184000.0 186000.0 7 3 645.3112343117452 645.3112343117452 642.8090397081967 2081.144231900981 2081.144231900981 969.4342202005328 969.4342202005328 2.5021946035486535 1722921.3203890638 1684487.2479545614 0.0 25.963543032537977 2.5021946035486535 966.9320255969842 998.8820000000123 106.11199999999371 489.23513058035 426.3091908517614 4400.0 4400.0 4400.0 0.0 0.0 0.0 0.0 0.0 1 0.0 1.0
186000.0 188000.0 6 3 691.9409217631916 691.9409217631916 687.1167046982048 4036.340282573633 4036.340282573633 974.7724510472144 974.7724510472144 4.6533614724025405 1726770.4075772276 1657541.2938346157 0.0 47.79107814417697 4.824217064986765 970.1190895748119 998.3310000000638 169.73074414063012 565.4412552083473 407.4203755602809 4400.0 4400.0 4400.0 0.0 128.0 128.0 128.0 0.0 2 2.0 1.0
188000.0 190000.0 6 3 417.4339108377641 417.4339108377641 414.0882983177918 2792.656227961913 2792.656227961913 640.3478525212639 640.3478525212639 3.5164681125565402 1102184.628349123 1085953.2537691612 0.0 11.252127800518629 3.345612519972315 636.8313844087074 997.6230000000214 25.924072265595896 378.42054752604355 472.67133594603405 4400.0 4400.0 4400.0 0.0 128.0 128.0 128.0 0.0 1 1.0 1.0
190000.0 192000.0 3 2 481.12742503721654 481.12742503721654 478.4218515854051 2257.33153845536 2257.33153845536 784.501991456521 784.501991456521 2.705573451811504 1405343.6954166885 1389845.8695632084 0.0 11.069875609628564 2.705573451811504 781.7964180047094 909.2009277344041 182.48099999999977 648.0516093750193 404.1924189132555 4400.0 4400.0 4400.0 0.0 128.0 128.0 128.0 0.0 1 1.0 1.0
192000.0 194000.0 4 2 369.8222415770207 369.8222415770207 366.6994366295723 2602.163073721469 2602.163073721469 586.0747651433669 586.0747651433669 2.95118334670828 1031569.9256982612 1007501.8649489267 0.0 17.19147196381027 3.122804947448388 583.1235817966586 997.9010000000417 90.19099999999162 515.7087709961052 464.2807082447265 4400.0 4400.0 4400.0 0.0 128.0 128.0 128.0 0.0 1 1.0 1.0
194000.0 196000.0 5 2 546.9810769465413 546.9810769465413 543.8094553458012 2646.5053878231706 2646.5053878231706 839.7243170575575 839.7243170575575 3.3432432014802154 1445921.2200639776 1403158.7878946522 0.0 28.54459440666097 3.1716216007401075 836.3810738560773 998.963000000047 68.61699999999837 520.678803125018 442.2952547178456 4400.0 4400.0 4400.0 0.0 128.0 128.0 128.0 0.0 1 1.0 1.0
196000.0 198000.0 2 2 176.1239594849443 176.1239594849443 173.34932506434362 2312.242182145784 2312.242182145784 307.2908323604546 307.2908323604546 2.7746344206006937 580217.0707981676 580217.0707981676 0.0 0.0 2.7746344206006937 304.5161979398539 774.2509765625 154.51500000001397 464.382988281257 438.21951157260116 4400.0 4400.0 4400.0 0.0 128.0 128.0 128.0 0.0 1 1.0 1.0
198000.0 200000.0 4 2 426.8369145431809 426.8369145431809 423.8316146887709 2506.4624774132585 2506.4624774132585 645.8381454446145 645.8381454446145 3.0052998544100458 1147092.1559561093 1123573.076105959 0.0 16.799342750107396 3.0052998544100458 642.8328455902044 991.2130000000179 166.53700000001118 540.3290087890709 407.8091855441673 6500.0 6500.0 6500.0 0.0 128.0 128.0 128.0 0.0 1 1.0 1.0
200000.0 202000.0 4 2 570.5491553425213 570.5491553425213 566.5421849079537 3347.8870110210783 3347.8870110210783 907.894260199823 907.894260199823 3.9980178769231647 1696548.965320569 1672004.578100636 0.0 15.540657714739499 4.006970434567447 903.8962423228998 981.6399999999849 219.6079882812919 692.4647680664057 328.80625454459073 6500.0 6500.0 6500.0 0.0 128.0 128.0 128.0 0.0 1 2.0 1.0
202000.0 204000.0 5 2 658.6918673173705 658.6918673173705 655.7289618472041 2471.159324598497 2471.159324598497 1049.2208001648542 1049.2208001648542 2.9718580278105833 1817927.6794320873 1785804.014350457 0.0 23.390572833874913 2.9629054701663025 1046.2489421370435 981.4619999999995 6.982896484405501 587.1073664062657 451.20641770079015 6500.0 6500.0 6500.0 0.0 128.0 128.0 128.0 0.0 1 1.0 1.0
204000.0 206000.0 6 2 658.6654774525739 658.6654774525739 655.4152876323184 2712.249004821382 2712.249004821382 1038.8708698456835 1038.8708698456835 3.2501898202555117 1836310.291092293 1775090.6003996008 0.0 42.37220985601451 3.2501898202555117 1035.620680025428 999.5489999999991 44.74906640624977 522.6158639322917 375.8374653708248 6500.0 6500.0 6500.0 0.0 128.0 128.0 128.0 0.0 1 1.0 1.0
206000.0 208000.0 6 3 615.3460993314831 615.3460993314831 613.0221482423515 1934.1189148705118 1934.1189148705118 998.9307397176941 998.9307397176941 2.323951089131562 1754889.3805048054 1724650.104378312 0.0 22.052287538763355 2.323951089131562 996.6067886285625 999.8429999999935 28.760000000009313 447.5607008463509 411.4387741983647 6500.0 6500.0 6500.0 0.0 0.0 0.0 0.0 0.0 1 0.0 1.0
208000.0 210000.0 5 2 567.1884018297545 567.1884018297545 563.5185547893406 3064.9591516743617 3064.9591516743617 893.6707699897358 893.6707699897358 3.6698470404139765 1662219.1293303687 1630279.6413944496 0.0 22.67010109091749 3.6698470404139765 890.0009229493219 999.2650000000431 143.7380371093459 577.851135937497 305.4793720063556 4400.0 4400.0 4400.0 0.0 128.0 128.0 128.0 0.0 2 2.0 1.0
210000.0 212000.0 4 2 518.2538666064743 518.2538666064743 514.5429969206259 3103.500888047485 3103.500888047485 872.4810626475639 872.4810626475639 3.7108696858483947 1512295.97863492 1505252.5655417386 0.0 4.174828215582835 3.7108696858483947 868.7701929617155 855.6999628906487 94.44405273441225 617.3672460937742 359.52244645663353 4400.0 4400.0 4400.0 0.0 128.0 128.0 128.0 0.0 1 1.0 1.0
212000.0 214000.0 3 1 218.34425809169738 218.34425809169738 217.04892590709133 1065.4210454076417 1065.4210454076417 315.8025196295766 315.8025196295766 1.295332184606067 549052.3489306797 542052.3489306797 0.0 5.0 1.295332184606067 314.50718744497055 997.5359999999928 25.147999999986496 390.09267708332237 529.6119339282809 0.0 0.0 0.0 0.0 0.0 0.0 0.0 0.0 0 0.0 1.0
214000.0 216000.0 2 2 253.169470298051 253.169470298051 249.43207072470216 3120.8904407597333 3120.8904407597333 389.8908016072162 389.8908016072162 3.737399573348852 699154.6416130357 664210.3753512027 0.0 24.222790613674743 3.737399573348852 386.15340203386734 847.3859999999986 737.3759765625 792.3809882812493 77.78883357114628 6500.0 6500.0 6500.0 0.0 128.0 128.0 128.0 0.0 1 2.0 1.0
216000.0 218000.0 4 2 514.724677960033 514.724677960033 512.4620775333817 1883.1095592402667 1883.1095592402667 844.01865104596 844.01865104596 2.262600426651148 1507261.3941592933 1467947.1695435734 0.0 27.782263480106767 2.262600426651148 841.7560506193089 970.948000000004 262.5920234374935 628.2529790039043 291.35724750249653 4400.0 4400.0 4400.0 0.0 0.0 0.0 0.0 0.0 1 0.0 1.0
218000.0 220000.0 5 2 571.7801361414805 571.7801361414805 567.8956892751846 3245.1097387418713 3245.1097387418713 860.3824102237172 860.3824102237172 3.8844468662957765 1632097.1089420763 1601164.8327284667 0.0 21.433937248348713 3.8844468662957765 856.4979633574214 999.6710000000021 87.1540527344041 561.7578484375088 376.6844684616078 4400.0 4400.0 4400.0 0.0 128.0 128.0 128.0 0.0 2 2.0 1.0
220000.0 222000.0 4 2 578.372187081783 578.372187081783 574.5489361639177 3197.9871198960536 3197.9871198960536 892.5318356253983 892.5318356253983 3.8232509178653844 1619543.43643092 1570124.2035220824 0.0 31.561008657869777 3.8232509178653844 888.708584707533 912.4849472655915 110.47391796874581 660.9996967773404 371.8146391516198 4400.0 4400.0 4400.0 0.0 128.0 128.0 128.0 0.0 1 1.0 1.0
222000.0 224000.0 3 1 283.95352851865266 283.95352851865266 282.6612263028138 1062.9031413620753 1062.9031413620753 382.1763014977082 382.1763014977082 1.292302215838839 709525.4188546748 687125.4188546748 0.0 16.0 1.292302215838839 380.88399928186936 999.55799999999 28.63399999999092 391.4303593749937 529.918797188609 0.0 0.0 0.0 0.0 0.0 0.0 0.0 0.0 0 0.0 1.0
224000.0 226000.0 2 2 215.11329695027783 215.11329695027783 211.3392835613765 3151.7239699935667 3151.7239699935667 347.744229487614 347.744229487614 3.774013388901288 591959.2494827044 579400.3585189377 0.0 8.196081105479793 3.774013388901288 343.9702160987127 851.9130859375 773.0270996093459 812.470092773423 55.78081587322704 4400.0 4400.0 4400.0 0.0 128.0 128.0 128.0 0.0 1 2.0 1.0
226000.0 228000.0 6 2 586.9691653499551 586.9691653499551 583.2158526937952 3136.7688259733627 3136.7688259733627 932.6257388796166 932.6257388796166 3.7533126561599444 1652537.8327196 1618896.7236833668 0.0 23.80391889452021 3.7533126561599444 928.8724262234567 999.0950000000303 0.15391406251001172 560.6199544270785 418.4892185035651 4400.0 4400.0 4400.0 0.0 128.0 128.0 128.0 0.0 2 1.0 1.0
228000.0 230000.0 5 2 504.465384034887 504.465384034887 501.22342442886566 2705.2457222445964 2705.2457222445964 831.723583910789 831.723583910789 3.2419596060213403 1497036.1644821097 1481636.1644821097 0.0 10.0 3.2419596060213403 828.4816243047676 999.9569999999949 122.46603515624884 484.15840351562946 379.65883945942267 4400.0 4400.0 4400.0 0.0 128.0 128.0 128.0 0.0 1 1.0 1.0
230000.0 232000.0 4 2 400.1666342407402 400.1666342407402 397.17909696723933 2491.5063842877676 2491.5063842877676 643.7125962311981 643.7125962311981 2.9875372735009114 1150311.4245930072 1141911.4245930072 0.0 6.0 2.9875372735009114 640.7250589576972 989.7909999999974 156.57699999999022 533.4425322265597 404.9250990560007 4400.0 4400.0 4400.0 0.0 128.0 128.0 128.0 0.0 1 1.0 1.0
232000.0 234000.0 4 2 613.6057277172812 613.6057277172812 610.3625506418647 2706.755097500706 2706.755097500706 905.3658031051343 905.3658031051343 3.243177075416516 1509550.6837915075 1481421.8953834525 0.0 20.091991720039054 3.243177075416516 902.1226260297178 996.8770000000077 243.17294140622835 735.713212402341 350.41375071186064 4400.0 4400.0 4400.0 0.0 128.0 128.0 128.0 0.0 1 1.0 1.0
234000.0 236000.0 6 3 551.0264330965267 551.0264330965267 546.8056144939404 3527.929263377634 3527.929263377634 863.5309313425655 863.5309313425655 4.220818602586263 1518509.0156509366 1502473.781753646 0.0 9.45373849806479 4.220818602586263 859.3101127399792 994.4190000000235 92.57699999999022 536.1637314453206 397.4277916944771 4400.0 4400.0 4400.0 0.0 128.0 128.0 128.0 0.0 2 2.0 1.0
236000.0 238000.0 4 2 484.5575840660266 484.5575840660266 481.07206463828595 2914.0376398240805 2914.0376398240805 738.4826806057117 738.4826806057117 3.4855194277407096 1294966.9975537148 1274731.0198590602 0.0 14.454269781896155 3.4855194277407096 734.9971611779711 994.7570000000414 105.93500000002678 683.0994472656384 395.0553401184658 4400.0 4400.0 4400.0 0.0 128.0 128.0 128.0 0.0 1 1.0 1.0
238000.0 240000.0 4 2 387.24791362014827 387.24791362014827 384.7288117228772 2093.8535158358627 2093.8535158358627 594.5457624808668 594.5457624808668 2.5191018972710997 1055207.9457938112 1038367.4027060755 0.0 11.80351942078458 2.5191018972710997 592.0266605835957 998.1169999999984 146.74391406250652 523.0205014648454 406.39911947304495 4400.0 4400.0 4400.0 0.0 128.0 128.0 128.0 0.0 1 1.0 1.0
240000.0 242000.0 4 2 366.52580489483694 366.52580489483694 363.53887610832385 2490.994038244045 2490.994038244045 582.37718761564 582.37718761564 2.9869287865131176 1036731.2250309658 1024171.7681187014 0.0 8.19648057921542 2.9869287865131176 579.3902588291269 774.1449082031031 113.49599999998463 385.5074770507781 293.402214991403 6500.0 6500.0 6500.0 0.0 128.0 128.0 128.0 0.0 1 1.0 1.0
242000.0 244000.0 4 2 506.40956839153995 506.40956839153995 504.6219371056511 1483.1855427183782 1483.1855427183782 820.6731202284861 820.6731202284861 1.7876312858888102 1420653.498569805 1404317.7629363323 0.0 11.668382595337645 1.7876312858888102 818.8854889425974 999.3219999999856 96.77000000007683 523.3297221679823 438.2912445613788 0.0 0.0 0.0 0.0 0.0 0.0 0.0 0.0 0 0.0 1.0
244000.0 246000.0 3 2 280.4775284570658 280.4775284570658 277.0987462121183 2822.2958941778234 2822.2958941778234 430.3523331933043 430.3523331933043 3.3787822449474922 739389.3192821536 714094.2080091228 0.0 18.067936623593557 3.3787822449474922 426.9735509483568 853.636962890625 104.20911132812034 574.0320247395817 409.32589065257974 6500.0 6500.0 6500.0 0.0 128.0 128.0 128.0 0.0 1 2.0 1.0
246000.0 248000.0 7 3 685.0793747436145 685.0793747436145 682.458156988562 2181.704105822177 2181.704105822177 1099.6535164666157 1099.6535164666157 2.6212177550525078 1867374.297123343 1701833.5972335807 0.0 115.95978563554445 2.6212177550525078 1097.0322987115633 999.9890000000014 101.68599999998696 487.3522812500014 396.45856405307364 6500.0 6500.0 6500.0 0.0 0.0 0.0 0.0 0.0 1 0.0 1.0
248000.0 250000.0 4 2 561.6911009856149 561.6911009856149 558.2376969074936 2884.3128296998843 2884.3128296998843 851.6020394798961 851.6020394798961 3.453404078121147 1504382.2294721254 1445292.8769011728 0.0 42.206680407823335 3.453404078121147 848.148635401775 995.8099999999977 303.65506835939595 678.5025585937692 284.70747493246023 3000.0 3000.0 3000.0 0.0 128.0 128.0 128.0 0.0 2 1.0 1.0
250000.0 252000.0 7 3 501.7241822802561 501.7241822802561 497.17758635837725 3801.6871703001157 3801.6871703001157 810.1077059382952 810.1077059382952 4.546595921878853 1420622.4059485449 1386752.7149529087 0.0 24.192636425454456 4.546595921878853 805.5611100164164 999.7299999999814 15.778999999980442 449.52683593750197 386.4757959558695 3000.0 3000.0 3000.0 0.0 128.0 128.0 128.0 0.0 1 2.0 1.0
252000.0 254000.0 3 2 262.2630976660866 262.2630976660866 259.51273185455466 2291.8080133099 2291.8080133099 432.3804392589162 432.3804392589162 2.750365811531948 795256.7567238114 790139.8349505214 0.0 3.654944123778508 2.750365811531948 429.63007344738423 749.923095703125 176.61900000000605 412.96802604167414 299.60069850905217 6500.0 6500.0 6500.0 0.0 128.0 128.0 128.0 0.0 1 1.0 1.0
254000.0 256000.0 5 3 600.8284828633899 600.8284828633899 597.909885265641 2433.459177304528 2433.459177304528 957.9698297999632 957.9698297999632 2.918597597748846 1703214.3767813398 1664131.7913714983 0.0 27.58756100702964 2.918597597748846 955.0512322022142 999.5990000000456 195.91800000000512 489.62639687500194 339.09629378772513 6500.0 6500.0 6500.0 0.0 128.0 128.0 128.0 0.0 1 1.0 1.0
256000.0 258000.0 4 2 505.21432940461966 505.21432940461966 501.8832928139005 2780.7328093855713 2780.7328093855713 763.9871376712308 763.9871376712308 3.331036590719206 1425827.6188561302 1405394.8513827869 0.0 12.594833909530749 3.331036590719206 760.6561010805117 943.1849999999977 200.91200000001118 473.25371630859445 325.75418688671226 6500.0 6500.0 6500.0 0.0 128.0 128.0 128.0 0.0 1 1.0 1.0
258000.0 260000.0 4 2 546.9485051800963 546.9485051800963 543.9485051800963 2502.0 2502.0 878.1054927255539 878.1054927255539 3.0 1590120.464810864 1577144.3064818706 0.0 8.886734952636663 3.0 875.1054927255539 812.4490000000224 231.2730000000447 501.3610058593913 251.7887506107506 6500.0 6500.0 6500.0 0.0 128.0 128.0 128.0 0.0 1 1.0 1.0
260000.0 262000.0 4 2 542.4043854765582 542.4043854765582 539.4043854765582 2502.0 2502.0 873.5165997264849 873.5165997264849 3.0 1617644.4817356502 1593094.1243041793 0.0 16.917919161980652 3.0 870.5165997264849 999.00900000002 240.69599999999627 557.5500073242292 333.2078797575369 6500.0 6500.0 6500.0 0.0 128.0 128.0 128.0 0.0 1 1.0 1.0
262000.0 264000.0 4 2 544.5040151980419 544.5040151980419 542.2333490574966 1887.900890339061 1887.900890339061 840.907039832552 840.907039832552 2.2706661405452033 1506310.8392687931 1480015.826677717 0.0 19.698580422197175 2.2706661405452033 838.6363736920068 802.8479999999981 270.23388671875 592.2849721679668 227.57765740846068 6500.0 6500.0 6500.0 0.0 128.0 128.0 128.0 0.0 1 1.0 1.0
264000.0 266000.0 4 3 648.8642172337804 648.8642172337804 645.5694720207321 2750.1754693866415 2750.1754693866415 994.7165324072625 994.7165324072625 3.294745213048268 1798370.0618500987 1769580.4552209682 0.0 19.56400473509317 3.294745213048268 991.4217871942142 870.3229999999749 405.42800000001444 642.2129995117139 201.21475468370272 6500.0 6500.0 6500.0 0.0 128.0 128.0 128.0 0.0 1 1.0 1.0
266000.0 268000.0 4 2 527.7606922061857 527.7606922061857 524.3261035597792 2867.923640274297 2867.923640274297 803.8251528786403 803.8251528786403 3.434588646406529 1459951.940962795 1440996.9634534908 0.0 12.190095061079601 3.434588646406529 800.3905642322338 972.1770000000251 284.2420000000275 509.93980810548237 314.2181657328811 6500.0 6500.0 6500.0 0.0 128.0 128.0 128.0 0.0 1 1.0 1.0
268000.0 270000.0 4 2 592.3037284715562 592.3037284715562 589.3037284715562 2502.0 2502.0 933.2659788898316 933.2659788898316 3.0 1762798.251867501 1739535.9727958438 0.0 15.965088211035761 3.0 930.2659788898316 999.814000000013 288.3410000000149 571.2257021484402 326.9798589988597 6500.0 6500.0 6500.0 0.0 128.0 128.0 128.0 0.0 1 1.0 1.0
270000.0 272000.0 4 2 517.3456181214623 517.3456181214623 514.3456181214623 2502.0 2502.0 775.621198012416 775.621198012416 3.0 1517597.556800323 1495315.914817431 0.0 15.915458559208844 3.0 772.621198012416 999.4400000000023 300.4990000000107 574.3982685547089 323.941439339285 6500.0 6500.0 6500.0 0.0 128.0 128.0 128.0 0.0 1 1.0 1.0
272000.0 274000.0 3 2 554.4519273555107 554.4519273555107 551.8918901968633 2135.0709903119487 2135.0709903119487 847.9571825968966 847.9571825968966 2.56003715864742 1521913.375983818 1497876.0664592464 0.0 16.316161083716334 2.56003715864742 845.3971454382491 852.721923828125 635.8819999999832 714.0359746093745 120.42831105695063 6500.0 6500.0 6500.0 0.0 128.0 128.0 128.0 0.0 1 1.0 1.0
274000.0 276000.0 4 2 512.051301993941 512.051301993941 510.61133915258847 1186.9290096880516 1186.9290096880516 792.2501872345184 792.2501872345184 1.4399628413525798 1387802.9848645465 1368539.192952972 0.0 13.61319708495946 1.4399628413525798 790.8102243931659 997.2760000000126 134.90200000000186 453.0097690429684 407.34360373731255 0.0 0.0 0.0 0.0 0.0 0.0 0.0 0.0 0 0.0 1.0
276000.0 278000.0 2 2 272.9961804328683 272.9961804328683 269.5440417583723 2883.551884729348 2883.551884729348 436.3086975395093 436.3086975395093 3.4521386744959677 738224.0004455182 728229.0438342197 0.0 7.139254722356059 3.4521386744959677 432.8565588650133 853.6469726563082 780.5048828125 817.0759277344041 51.71926771871249 6500.0 6500.0 6500.0 0.0 128.0 128.0 128.0 0.0 1 2.0 1.0
278000.0 280000.0 6 3 575.9044283907231 575.9044283907231 573.3237070232019 2148.050550565017 2148.050550565017 901.4178748975528 901.4178748975528 2.580721367521134 1599763.9008884528 1562835.8453232795 0.0 24.959325403695246 2.580721367521134 898.8371535300316 999.2050000000163 23.896972656308208 479.24118619793444 414.2568971242216 4400.0 4400.0 4400.0 0.0 0.0 0.0 0.0 0.0 1 0.0 1.0
280000.0 282000.0 4 2 617.8854946813353 617.8854946813353 613.0059974071096 4082.7777103496264 4082.7777103496264 933.5739724698353 933.5739724698353 4.879497274225746 1615652.5451327502 1603558.656581002 0.0 8.638491822677235 4.879497274225746 928.6944751956096 999.9290000000037 593.514892578125 758.6572299804684 172.21821280309123 4400.0 4400.0 4400.0 0.0 128.0 128.0 128.0 0.0 2 2.0 1.0
282000.0 284000.0 4 2 479.8889731288694 479.8889731288694 476.9974728643477 2410.467937359759 2410.467937359759 804.956432222589 804.956432222589 2.891500264521702 1481113.780369315 1452142.4761929722 0.0 18.889931116623302 2.891500264521702 802.0649319580674 999.9189999999944 57.01410742185544 532.9247802734317 441.50475018998526 4400.0 4400.0 4400.0 0.0 128.0 128.0 128.0 0.0 1 1.0 1.0
284000.0 286000.0 5 3 641.324923366204 641.324923366204 638.1287809469685 2667.15191699625 2667.15191699625 947.7430228705136 947.7430228705136 3.1961424192354513 1687384.7731639636 1668387.9780685268 0.0 13.372996934648159 3.1961424192354513 944.5468804512782 999.789999999979 195.7169863281306 518.0393972656341 330.4336879370314 4400.0 4400.0 4400.0 0.0 128.0 128.0 128.0 0.0 1 1.0 1.0
286000.0 288000.0 2 2 194.40746435156498 194.40746435156498 191.63415631556686 2311.125366310421 2311.125366310421 294.33788849134936 294.33788849134936 2.773308035998125 545767.3189371636 530610.4814316004 0.0 10.053004467975624 2.773308035998125 291.56458045535123 772.298095703125 152.72899999999208 462.51354785155854 438.1015089853023 4400.0 4400.0 4400.0 0.0 128.0 128.0 128.0 0.0 1 1.0 1.0
288000.0 290000.0 4 2 451.65003598369594 451.65003598369594 448.6571826709874 2495.9824893005352 2495.9824893005352 739.3150110261774 739.3150110261774 2.992853312708474 1374379.9764110288 1367791.5621402136 0.0 4.479318229437574 2.992853312708474 736.322157713469 976.0999999999185 193.454000000027 540.2881962890533 391.2973610425672 6500.0 6500.0 6500.0 0.0 128.0 128.0 128.0 0.0 1 1.0 1.0
290000.0 292000.0 4 2 548.7108069398078 548.7108069398078 545.7118568929455 2501.1159394579663 2501.1159394579663 836.4192336086675 836.4192336086675 2.998950046862192 1526870.21265237 1510975.0608445818 0.0 11.353679862705924 2.998950046862192 833.4202835618053 980.0410000000265 131.15499999996973 527.3015576171892 410.0583016752375 6500.0 6500.0 6500.0 0.0 128.0 128.0 128.0 0.0 1 1.0 1.0
292000.0 294000.0 4 2 547.2505401483913 547.2505401483913 544.2864915191324 2471.728945835938 2471.728945835938 858.4037591138248 858.4037591138248 2.9640486292588335 1605261.9300364372 1584073.2692382587 0.0 15.134757712984753 2.9640486292588335 855.4397104845659 938.9039999999804 166.87199999997392 517.19447509764 376.3616237842189 6500.0 6500.0 6500.0 0.0 128.0 128.0 128.0 0.0 1 1.0 1.0
294000.0 296000.0 5 3 644.3525263237909 644.3525263237909 641.3557031104039 2499.3251456718976 2499.3251456718976 965.2842632444497 965.2842632444497 2.9968232133870516 1773758.6484678432 1740571.336316688 0.0 23.705222965110803 2.9968232133870516 962.2874400310625 992.4569999999949 0.2250000000349246 436.85320390625856 408.76849255691195 6500.0 6500.0 6500.0 0.0 128.0 128.0 128.0 0.0 1 1.0 1.0
296000.0 298000.0 4 2 480.05108847375254 480.05108847375254 476.7770717119672 2732.7221134232423 2732.7221134232423 716.5487862279364 716.5487862279364 3.2740167617853233 1343701.7688397132 1331832.7026078359 0.0 7.63712691342985 3.2740167617853233 713.274769466151 963.9679999999935 86.21199999999953 436.01252246093645 377.56807327555697 4400.0 4400.0 4400.0 0.0 128.0 128.0 128.0 0.0 1 1.0 1.0
298000.0 300000.0 4 2 343.7261852096046 343.7261852096046 340.7261852096046 2502.0 2502.0 525.349547716781 525.349547716781 3.0 977663.2267531031 961083.7805368437 0.0 10.683239120953484 3.0 522.349547716781 712.4589999999735 122.65100000001257 442.44899999999325 259.12987445902905 4400.0 4400.0 4400.0 0.0 128.0 128.0 128.0 0.0 1 1.0 1.0
300000.0 302000.0 1 1 215.85135256939216 215.85135256939216 215.85135256939216 0.0 0.0 336.341510570814 336.341510570814 0.0 606187.9179023408 590852.806883978 0.0 10.95365072740199 0.0 336.341510570814 643.9818789062556 643.9818789062556 643.9818789062556 0.0 0.0 0.0 0.0 0.0 0.0 0.0 0.0 0.0 0 0.0 0.0
