ts te nbins ncons c_pkts_all c_ack_cnt c_ack_cnt_p c_bytes_all c_bytes_uniq s_pkts_all s_ack_cnt s_ack_cnt_p s_bytes_all s_bytes_uniq c_pkts_retx s_pkts_retx c_pkts_data s_pkts_data max_bin_duration min_bin_duration avg_bin_duration std_bin_duration max_video_rate min_video_rate avg_video_rate std_video_rate max_audio_rate min_audio_rate avg_audio_rate std_audio_rate video_reqs audio_reqs media_reqs
0.0 2000.0 0 0 0.0 0.0 0.0 0.0 0.0 0.0 0.0 0.0 0.0 0.0 0.0 0.0 0.0 0.0 0.0 0.0 0.0 0.0 0.0 0.0 0.0 0.0 0.0 0.0 0.0 0.0 0  
2000.0 4000.0 0 0 0.0 0.0 0.0 0.0 0.0 0.0 0.0 0.0 0.0 0.0 0.0 0.0 0.0 0.0 0.0 0.0 0.0 0.0 0.0 0.0 0.0 0.0 0.0 0.0 0.0 0.0 0  
4000.0 6000.0 4 4 135.34621737684938 132.03542312724664 121.10304037843844 10005.746901541137 10005.746901541137 157.67004486493158 157.67004486493158 14.24317699841096 226408.59738678855 216836.13449902416 0.0 5.5942964928493195 10.93238274880822 140.1160736169179 327.9290000000001 114.3650000000016 216.5322783203128 117.00807405135859 2300.0 2300.0 2300.0 0.0 128.0 128.0 128.0 0.0 2 2.0 1.0
6000.0 8000.0 6 3 476.45205388700055 475.7628481366033 468.55761568113496 6397.125100459663 6397.125100459663 663.0182029548613 663.0182029548613 7.894438205865526 1126752.9993287004 1090716.2687808007 0.0 22.846083614062803 7.205232455468265 654.4345589985985 998.3660000000018 46.223000000001775 465.2043177083342 436.9453363057915 2300.0 2300.0 2300.0 0.0 128.0 128.0 128.0 0.0 2 2.0 1.0
8000.0 10000.0 3 2 334.4268826823371 334.4268826823371 329.8692301490107 3812.1528975855936 3812.1528975855936 545.6169797523673 545.6169797523673 4.557652533326364 941966.7227874971 883321.4209091295 0.0 39.63658107076197 4.557652533326364 541.059327219041 841.7870000000003 488.6640625 705.1576809895838 189.62510908534998 2300.0 2300.0 2300.0 0.0 128.0 128.0 128.0 0.0 2 1.0 1.0
10000.0 12000.0 8 5 710.2866990806623 709.2866990806623 701.0321365743282 6599.782335564603 6599.782335564603 986.6717936389246 986.6717936389246 9.254562506334127 1710616.5276265475 1611949.0880992033 0.0 65.48498861248675 7.254562506334127 975.4172311325904 985.0009999999966 59.86200000000099 542.0224816894529 365.6138454622519 2300.0 2300.0 2300.0 0.0 128.0 128.0 128.0 0.0 2 3.0 1.0
12000.0 14000.0 8 4 661.9342661038525 661.9342661038525 655.3520015396082 5526.508572473884 5526.508572473884 922.0044899892474 922.0044899892474 6.175013462929264 1686789.7748985728 1629008.7097399489 0.0 40.43805020983917 6.582264564244229 915.8294765263181 843.3550000000032 108.33499999999913 433.8418852539062 274.7613127136059 2300.0 2300.0 2300.0 0.0 128.0 128.0 128.0 0.0 3 3.0 1.0
14000.0 16000.0 5 2 454.56502296759163 454.56502296759163 449.8524920034995 3928.6590926292665 3928.6590926292665 645.0541101548612 645.0541101548612 5.119782065407094 1238522.1177466963 1103094.6895031484 0.0 92.73387731682 4.712530964092129 639.9343280894541 900.8589999999967 51.39800000000105 458.4532542968751 330.619954332218 2300.0 2300.0 2300.0 0.0 128.0 128.0 128.0 0.0 2 2.0 1.0
16000.0 18000.0 4 3 221.60110068916538 221.60110068916538 217.63060435393885 3307.1579142607393 3307.1579142607393 364.69371648224643 364.69371648224643 3.9704963352265312 655042.5914360794 647954.7973231298 0.0 4.847587973178377 3.9704963352265312 360.7232201470199 691.070730468753 34.8859999999986 283.226666503906 283.42331094198994 4400.0 4400.0 4400.0 0.0 128.0 128.0 128.0 0.0 2 1.0 1.0
18000.0 20000.0 4 2 419.2126995104917 419.2126995104917 415.97314827543534 2703.2721031498713 2703.2721031498713 616.1377642779046 616.1377642779046 2.4545696188279926 1155013.232981518 1123384.3360942616 0.0 21.80719131268297 3.239551235056312 613.6831946590765 973.5889999999999 213.822021484375 552.6667866210937 384.4238324941431 4400.0 4400.0 4400.0 0.0 128.0 128.0 128.0 0.0 1 1.0 1.0
20000.0 22000.0 7 3 687.724409171415 687.724409171415 683.6734220982332 3386.349831555052 3386.349831555052 1092.4838562298894 1092.4838562298894 4.835968689410012 1882890.1516653304 1816358.2475367691 0.0 43.89010800501546 4.050987073181692 1087.6478875404796 999.4340000000011 8.681884765625 570.1062460937517 403.19950684261596 4400.0 4400.0 4400.0 0.0 128.0 128.0 128.0 0.0 1 1.0 1.0
22000.0 24000.0 5 3 458.39321103639037 458.39321103639037 454.0900416225566 3598.279967279492 3598.279967279492 678.7244800149662 678.7244800149662 4.303169413833748 1265707.25393436 1242023.830261074 0.0 15.956554710589653 4.303169413833748 674.4213106011324 999.8309999999983 207.48399999998946 491.38706249999666 382.7668224370688 4400.0 4400.0 4400.0 0.0 128.0 128.0 128.0 0.0 2 2.0 1.0
24000.0 26000.0 4 2 480.9117977975448 480.9117977975448 478.47817643306456 2025.1091888923456 2025.1091888923456 765.4192474687208 765.4192474687208 2.4336213644802203 1341780.8660441956 1310037.1330297259 0.0 22.431643816283746 2.4336213644802203 762.9856261042405 996.9440000000031 190.97288281250076 529.2084545898433 383.1928622828386 4400.0 4400.0 4400.0 0.0 128.0 128.0 128.0 0.0 1 1.0 1.0
26000.0 28000.0 4 2 421.76450456503824 421.76450456503824 418.77588983706664 2492.4136009520475 2492.4136009520475 649.4926930542132 649.4926930542132 2.988614727971553 1186745.4615716892 1141807.8420701087 0.0 30.64755307196777 2.988614727971553 646.5040783262416 987.8890000000029 72.95899999999529 511.9847529296876 431.25034954605746 4400.0 4400.0 4400.0 0.0 128.0 128.0 128.0 0.0 1 1.0 1.0
28000.0 30000.0 5 3 364.3832776256624 364.3832776256624 360.3790397354957 3335.568303520328 3335.568303520328 580.6633735612754 580.6633735612754 4.00423789016666 1049446.9005069188 1002851.5960237775 0.0 31.27382572755257 4.00423789016666 576.6591356711087 990.2540000000008 27.62099999999191 412.79620664062384 440.6253689757549 6500.0 6500.0 6500.0 0.0 128.0 128.0 128.0 0.0 2 1.0 1.0
30000.0 32000.0 4 2 595.9061901324359 595.9061901324359 592.9107866646827 2498.129719847994 2498.129719847994 894.9440644966709 894.9440644966709 2.9954034677529617 1645486.309984565 1546061.130019182 0.0 67.02258222180636 2.9954034677529617 891.948661028918 999.7219999999943 230.24194335936772 562.1049907226534 381.7076510307913 6500.0 6500.0 6500.0 0.0 128.0 128.0 128.0 0.0 1 1.0 1.0
32000.0 34000.0 4 2 560.0600299290411 560.0600299290411 557.0773725552183 2487.397508758817 2487.397508758817 843.8331117137992 843.8331117137992 2.982657373822823 1560822.1431151018 1454405.5850641893 0.0 75.24253445916642 2.982657373822823 840.8504543399763 991.3530000000028 172.20700000000215 536.1662675781281 407.22208841745055 6500.0 6500.0 6500.0 0.0 128.0 128.0 128.0 0.0 1 1.0 1.0
34000.0 36000.0 4 2 646.0880297568399 646.0880297568399 643.095304732987 2495.87447008421 2495.87447008421 992.7480049778799 992.7480049778799 2.9927250238529806 1781934.3157517998 1753355.3767775584 0.0 20.413527838743637 2.9927250238529806 989.755279954027 999.6959999999963 205.791259765625 565.4820615234366 389.1229880283095 6500.0 6500.0 6500.0 0.0 128.0 128.0 128.0 0.0 1 1.0 1.0
36000.0 38000.0 4 2 592.5238885802013 592.5238885802013 589.516116609426 2508.5439993927457 2508.5439993927457 915.1885507835364 915.1885507835364 3.007771970775232 1620202.3818861826 1597488.6304587272 0.0 16.01024651407399 3.007771970775232 912.1807788127611 992.1779999999999 111.90200000000186 527.5149335937513 431.19336395234575 6500.0 6500.0 6500.0 0.0 128.0 128.0 128.0 0.0 1 1.0 1.0
38000.0 40000.0 4 2 498.11151578677504 498.11151578677504 495.1063443983924 2506.3543090181684 2506.3543090181684 743.8967722278493 743.8967722278493 3.0051713883826228 1348107.3008515371 1298741.6633024234 0.0 32.4750313263324 3.0051713883826228 740.8916008394667 992.5400000000009 56.23500000000058 512.7864941406242 446.6865646477584 6500.0 6500.0 6500.0 0.0 128.0 128.0 128.0 0.0 1 1.0 1.0
40000.0 42000.0 4 2 556.6225492575554 556.6225492575554 554.0581653092432 2140.414535045271 2140.414535045271 892.9361245221256 892.9361245221256 2.5643839483121877 1660604.3820740832 1631530.1308785474 0.0 20.33327988461309 2.5643839483121877 890.3717405738136 998.9210000000021 216.63598632811772 574.100000976563 376.27478026947404 0.0 0.0 0.0 0.0 128.0 128.0 128.0 0.0 0 1.0 1.0
42000.0 44000.0 6 3 627.0541923593091 627.0541923593091 624.2562822176135 2332.536724912049 2332.536724912049 942.1621154248218 942.1621154248218 2.79791014169582 1633197.7625156275 1567321.472497434 0.0 44.72538091455975 2.79791014169582 939.3642052831258 999.6619999999966 72.962890625 409.01915397135355 388.75774886393776 6500.0 6500.0 6500.0 0.0 128.0 128.0 128.0 0.0 2 1.0 1.0
44000.0 46000.0 5 3 586.9763149837042 586.9763149837042 584.6569376087109 1939.8104775595384 1939.8104775595384 922.9048479046277 922.9048479046277 2.319377374993277 1677001.2884271184 1647981.3832102867 0.0 18.491658079799624 2.319377374993277 920.5854705296342 957.9489999999932 66.99889648437966 470.03380507812545 440.62755303593684 6500.0 6500.0 6500.0 0.0 128.0 128.0 128.0 0.0 1 1.0 1.0
46000.0 48000.0 5 2 631.0907154400253 631.0907154400253 627.3887693527686 3091.615085004904 3091.615085004904 958.346796424267 958.346796424267 3.7019460872566032 1707390.2333217135 1653059.9826480374 0.0 38.80732190976855 3.7019460872566032 954.6448503370104 999.6239999999962 190.99199999999837 497.7410160156229 341.19071520328987 0.0 0.0 0.0 0.0 128.0 128.0 128.0 0.0 0 1.0 1.0
48000.0 50000.0 5 2 636.7259891172391 636.7259891172391 634.0546948215115 2225.8768255194877 2225.8768255194877 968.683881577489 968.683881577489 2.6712942957275234 1738890.0599739067 1672513.94127825 0.0 43.8077091103802 2.6712942957275234 966.0125872817616 999.4520000000048 173.29395507813024 494.31760117187804 344.4791797346253 6500.0 4400.0 5450.0 1484.9242404917497 0.0 0.0 0.0 0.0 2 0.0 1.0
50000.0 52000.0 6 2 577.0008956798343 577.0008956798343 571.4659848428157 4619.322037971164 4619.322037971164 843.405693860992 843.405693860992 5.062418217453825 1578709.8486275384 1511368.559650005 0.0 43.704724941898355 5.534910837018489 838.3432756435383 999.6549999999988 147.5629140624951 566.4424726562478 382.3952650212285 4400.0 4400.0 4400.0 0.0 128.0 128.0 128.0 0.0 1 2.0 1.0
52000.0 54000.0 5 2 546.5647439074395 546.5647439074395 544.613916739237 1632.5352957076018 1632.5352957076018 857.6508523908055 857.6508523908055 2.4233197877671917 1552554.3139875946 1529736.2250964064 0.0 16.5088768828188 1.9508271682025278 855.2275326030384 998.8509999999951 248.20604296875536 508.41087773437613 334.5232534274362 6500.0 6500.0 6500.0 0.0 128.0 128.0 128.0 0.0 1 1.0 1.0
54000.0 56000.0 5 3 608.4227544297466 608.4227544297466 605.0518957420363 2814.3348771103733 2814.3348771103733 911.332967904968 911.332967904968 3.3708586877103612 1570537.7120268347 1535457.9431405747 0.0 25.36316438678702 3.3708586877103612 907.9621092172576 999.976999999999 300.964111328125 567.8353835937509 260.38590407636633 6500.0 6500.0 6500.0 0.0 128.0 128.0 128.0 0.0 1 1.0 1.0
56000.0 58000.0 6 2 634.979519825732 634.979519825732 632.124265952761 2381.2817300578295 2381.2817300578295 1017.222684727436 1017.222684727436 2.8552538729710184 1710168.1125963319 1479709.931005766 0.0 142.96212830281965 2.8552538729710184 1014.3674308544649 998.0160000000033 94.65799999999581 409.09596256510366 329.96473223158046 6500.0 6500.0 6500.0 0.0 128.0 128.0 128.0 0.0 1 2.0 1.0
58000.0 60000.0 6 3 564.285854237416 564.285854237416 560.3565928170945 2443.004024548089 2443.004024548089 894.2892627864912 894.2892627864912 2.62424246332614 1558212.0949234108 1482217.6351189092 0.0 46.93261555079971 2.92926142032145 890.6650203231651 998.5010000000038 93.603271484375 501.9551025390635 323.70183307338687 6500.0 6500.0 6500.0 0.0 128.0 128.0 128.0 0.0 1 1.0 1.0
60000.0 62000.0 5 2 629.9967712380991 629.9967712380991 627.0108823297247 2490.2313495842627 2490.2313495842627 1020.6696064833402 1020.6696064833402 3.290907865369726 1782286.5093349875 1738681.9743540718 0.0 30.80014512285241 2.985888908374416 1017.3786986179705 998.1959999999963 285.552001953125 625.8074718749995 323.86103429156543 6500.0 6500.0 6500.0 0.0 128.0 128.0 128.0 0.0 1 1.0 1.0
62000.0 64000.0 5 2 637.7973413097995 637.7973413097995 634.7965788116087 2502.6359234913384 2502.6359234913384 1027.1386604100783 1027.1386604100783 3.0007624981910532 1740164.3570281712 1701619.1700260357 0.0 26.47204743768505 3.0007624981910532 1024.1378979118872 996.3340000000026 297.412109375 566.5386269531242 294.2434519213591 6500.0 6500.0 6500.0 0.0 128.0 128.0 128.0 0.0 1 1.0 1.0
64000.0 66000.0 5 2 640.2323652704563 640.2323652704563 636.6871872719934 2956.6784507180573 2956.6784507180573 982.6111814405791 982.6111814405791 3.545177998462899 1693160.3160073678 1595639.0476128634 0.0 68.66629577596117 3.545177998462899 979.0660034421163 999.0709999999963 299.47509765625 546.3187964843761 300.9853619692986 6500.0 6500.0 6500.0 0.0 128.0 128.0 128.0 0.0 1 1.0 1.0
66000.0 68000.0 5 2 575.9505346800618 575.9505346800618 573.1259277458677 2355.722183117834 2355.722183117834 889.9754961075641 889.9754961075641 2.8246069341940454 1579226.476637257 1526514.9172889318 0.0 35.923377281804946 2.8246069341940454 887.1508891733702 999.5819999999949 275.888916015625 470.3117628906242 303.6762625585034 6500.0 6500.0 6500.0 0.0 128.0 128.0 128.0 0.0 1 1.0 1.0
68000.0 70000.0 5 2 608.3294402727078 608.3294402727078 605.4242620468193 2422.9186403909375 2422.9186403909375 955.7599702262185 955.7599702262185 2.905178225888414 1682574.7184613277 1611457.26215481 0.0 46.316108493880975 2.905178225888414 952.85479200033 999.5700000000215 226.69091796876455 501.73583593750664 307.0084931519782 6500.0 6500.0 6500.0 0.0 128.0 128.0 128.0 0.0 1 1.0 1.0
70000.0 72000.0 5 2 647.8496563750048 647.8496563750048 644.1263812304835 3113.2114705307226 2271.2114705307226 991.5807533239823 991.5807533239823 3.72327514452125 1739540.2887262178 1662770.1530693206 1.0 54.24576083214655 3.72327514452125 987.857478179461 998.6849999999831 287.78125 542.1096320312441 296.24494454729233 6500.0 6500.0 6500.0 0.0 128.0 128.0 128.0 0.0 1 1.0 1.0
72000.0 74000.0 5 2 494.3589191341879 494.3589191341879 491.32093477046135 2533.6789593479007 2533.6789593479007 825.046856322344 825.046856322344 3.0379843637264994 1389254.1232627355 1339703.6448917373 0.0 35.56646767943237 3.0379843637264994 822.0088719586174 995.7340000000113 290.979248046875 565.9606343749998 295.56565780567024 6500.0 6500.0 6500.0 0.0 0.0 0.0 0.0 0.0 1 0.0 1.0
74000.0 76000.0 6 2 696.2667621098233 696.2667621098233 692.8889133658594 2805.020530595788 2805.020530595788 1053.9811033313154 1053.9811033313154 2.693628432272413 1873673.4863664457 1759826.9050901206 0.0 80.06790413734467 3.3778487439639533 1051.2874748990428 998.8220000000001 122.06396484376455 625.5211139322928 361.8224172412279 6500.0 6500.0 6500.0 0.0 128.0 128.0 128.0 0.0 1 2.0 1.0
76000.0 78000.0 5 3 666.6371122927178 666.6371122927178 664.278841546084 1976.2069228229452 1976.2069228229452 978.9582215100445 978.9582215100445 3.0424910583253113 1696760.8952237805 1647116.2435319605 0.0 33.70977961085576 2.358270746633771 975.9157304517192 999.1579999999958 300.093994140625 621.7809832031256 248.66393008919894 6500.0 6500.0 6500.0 0.0 128.0 128.0 128.0 0.0 1 1.0 1.0
78000.0 80000.0 8 3 650.775209447251 650.775209447251 647.6886390919478 2576.0402188875482 2576.0402188875482 1025.0959278011833 1025.0959278011833 3.0865703553031656 1826466.7386267106 1780178.8446323257 0.0 30.95509295540117 3.0865703553031656 1022.0093574458799 999.6910000000062 146.02197265623545 530.2403745117135 342.5911020736349 6500.0 6500.0 6500.0 0.0 0.0 0.0 0.0 0.0 1 0.0 1.0
80000.0 82000.0 8 3 722.289000217503 722.289000217503 718.6918537878744 2997.210279106662 2997.210279106662 1067.7407013152053 1067.7407013152053 3.5971464296286673 1855700.6009149514 1763877.103749198 0.0 62.33405005917899 3.5971464296286673 1064.1435548855766 999.6630000000005 146.93603515623545 463.76378637695416 317.3345913989068 6500.0 6500.0 6500.0 0.0 128.0 128.0 128.0 0.0 2 2.0 1.0
82000.0 84000.0 6 3 611.9411127638823 611.9411127638823 608.7246704170989 2681.593599763549 2681.593599763549 945.3642629393788 945.3642629393788 3.216442346783378 1682993.536561212 1651134.8772917197 0.0 21.267187369220405 3.216442346783378 942.1478205925954 999.8809999999794 96.93575000000419 431.2851484374963 391.8473909980517 6500.0 6500.0 6500.0 0.0 128.0 128.0 128.0 0.0 1 1.0 1.0
84000.0 86000.0 5 2 559.5410201914061 559.5410201914061 556.241795963056 2750.3256709899247 2750.3256709899247 920.9777094765622 920.9777094765622 3.299224228350052 1637524.926036568 1625575.158504956 0.0 8.535548236865626 3.299224228350052 917.6784852482123 999.4270000000106 119.45390820312605 483.1394148437539 415.2429295849521 0.0 0.0 0.0 0.0 128.0 128.0 128.0 0.0 0 1.0 1.0
86000.0 88000.0 5 2 640.5514430130585 640.5514430130585 636.8104842916705 3127.3141588585495 3127.3141588585495 963.0164181127647 963.0164181127647 2.868533941263933 1641381.774145869 1600179.5076330411 0.0 29.43019036630572 3.7409587213880306 960.1478841715007 975.6059999999998 46.146064453118015 461.7321363281226 428.1012164145054 6500.0 6500.0 6500.0 0.0 128.0 128.0 128.0 0.0 2 1.0 1.0
88000.0 90000.0 5 2 673.0319864827401 673.0319864827401 670.6831677608102 1961.519539201844 1961.519539201844 1001.8185855122699 1001.8185855122699 3.2212435020540306 1777849.4723037449 1706406.8396175439 0.0 51.03045191871497 2.3488187219299324 998.5973420102159 999.7969999999914 71.63006054688594 472.67506406249885 433.1313718413417 6500.0 6500.0 6500.0 0.0 128.0 128.0 128.0 0.0 1 1.0 1.0
90000.0 92000.0 4 2 573.4772028145296 573.4772028145296 570.2211044722877 2705.193339027706 2705.193339027706 898.0898446512456 898.0898446512456 3.2560983422420433 1609390.1672005097 1551815.3371355848 0.0 37.931782812128574 3.2560983422420433 894.8337463090036 987.875 219.160888671875 601.1946723632827 387.3451765327186 6500.0 6500.0 6500.0 0.0 128.0 128.0 128.0 0.0 1 1.0 1.0
92000.0 94000.0 5 2 688.0004134451947 688.0004134451947 685.4024764757958 2178.427019416449 2178.427019416449 1012.3960485799846 1012.3960485799846 2.5979369693989374 1821526.5624744724 1588259.3052422316 0.0 158.25970811441837 2.5979369693989374 1009.7981116105857 998.1839999999793 217.008056640625 652.6588499999896 370.79774144604295 6500.0 6500.0 6500.0 0.0 128.0 128.0 128.0 0.0 1 1.0 1.0
94000.0 96000.0 6 3 629.2353458795822 629.2353458795822 625.7819628006181 2868.784461305223 2868.784461305223 938.2759458725972 938.2759458725972 3.453383078964094 1664201.5034564503 1633905.171943163 0.0 20.64023679520521 3.453383078964094 934.822562793633 999.7359999999899 34.302999999999884 628.0451875000048 393.26684525359985 6500.0 6500.0 6500.0 0.0 128.0 128.0 128.0 0.0 1 1.0 1.0
96000.0 98000.0 5 2 621.448879825531 621.448879825531 618.4225938957304 2538.1311763858293 2538.1311763858293 939.7389676229113 939.7389676229113 3.0262859298006055 1640615.0040209913 1563663.7306950418 0.0 54.96519523282108 3.0262859298006055 936.7126816931108 997.8600000000006 268.6298828125 531.4475062499987 319.2942026982149 6500.0 6500.0 6500.0 0.0 128.0 128.0 128.0 0.0 1 1.0 1.0
98000.0 100000.0 5 2 667.5157185596754 667.5157185596754 665.213747156726 1915.6737412112493 1915.6737412112493 1031.0244378354123 1031.0244378354123 2.301971402949472 1835303.4123429637 1705546.97251452 0.0 92.6831713060312 2.301971402949472 1028.7224664324629 999.2030000000086 117.3021171875007 482.56306445313095 358.7389648334653 6500.0 6500.0 6500.0 0.0 128.0 128.0 128.0 0.0 1 1.0 1.0
100000.0 102000.0 6 3 646.4341648596231 646.4341648596231 642.5369029625532 3242.0822739113746 3242.0822739113746 997.1872152370423 997.1872152370423 3.8972618970699386 1758616.4539018692 1719757.412385757 0.0 27.26030936704378 3.8972618970699386 993.2899533399725 989.5679999999993 80.41700000000128 413.83014811198035 378.877988840646 4400.0 4400.0 4400.0 0.0 128.0 128.0 128.0 0.0 1 1.0 1.0
102000.0 104000.0 5 2 554.299525491861 554.299525491861 550.7974016088182 2937.106366664146 2937.106366664146 830.0187563718956 830.0187563718956 3.5021238830430064 1496526.466259636 1461450.9838911467 0.0 23.550064836242882 3.5021238830430064 826.5166324888526 999.3940000000002 96.404052734375 506.42142343749873 342.9843836170296 4400.0 4400.0 4400.0 0.0 128.0 128.0 128.0 0.0 1 1.0 1.0
104000.0 106000.0 6 3 560.86152965006 560.86152965006 556.8200152825879 3365.527862681898 3365.527862681898 859.950143880544 859.950143880544 4.041514367472166 1622312.448577996 1570352.8173435926 0.0 37.11402231028819 4.041514367472166 855.9086295130719 998.7920000000013 113.842041015625 434.3644827473957 317.741388155909 4400.0 4400.0 4400.0 0.0 128.0 128.0 128.0 0.0 2 2.0 1.0
106000.0 108000.0 5 2 436.7645754958525 436.7645754958525 433.590071506952 2648.0415362420104 2648.0415362420104 696.1031407338835 696.1031407338835 3.1745039889005704 1182073.0276413288 1172532.591038837 0.0 6.814597573208416 3.1745039889005704 692.9286367449829 975.755999999994 0.0 417.16638554687086 477.0622766746203 6500.0 6500.0 6500.0 0.0 128.0 128.0 128.0 0.0 1 1.0 1.0
108000.0 110000.0 4 2 573.5037570621407 573.5037570621407 570.971619257286 2113.5640250662263 2113.5640250662263 914.845752709412 914.845752709412 2.5321378048548984 1609949.783150811 1569089.1233719357 0.0 28.892997237950272 2.5321378048548984 912.3136149045571 999.0229999999865 204.75927734375 571.883348632804 381.57417828828676 0.0 0.0 0.0 0.0 0.0 0.0 0.0 0.0 0 0.0 1.0
110000.0 112000.0 5 2 556.259933165104 556.259933165104 553.4657420583313 2328.7174784066474 2328.7174784066474 828.7395799946012 828.7395799946012 2.794191106772655 1436167.0294861852 1412995.2564011293 0.0 16.76159766485722 2.794191106772655 825.9453888878285 999.2660000000033 89.03993554686895 473.1309550781269 399.03031515461333 6500.0 6500.0 6500.0 0.0 128.0 128.0 128.0 0.0 1 2.0 1.0
112000.0 114000.0 6 3 685.4201464666648 685.4201464666648 682.3716261837263 2543.1100904974696 2543.1100904974696 1011.3818778349967 1011.3818778349967 3.048520282938526 1783007.6009230884 1688525.3674275167 0.0 66.90565579670778 3.048520282938526 1008.3333575520581 996.7900000000081 69.85009765625 434.4157291666682 428.74183914292865 6500.0 6500.0 6500.0 0.0 128.0 128.0 128.0 0.0 2 1.0 1.0
114000.0 116000.0 6 3 564.8893802547863 564.8893802547863 562.5801801822439 1927.7978045517216 1927.7978045517216 896.6576802906316 896.6576802906316 2.309200072542427 1595786.865951281 1565436.7633048696 0.0 21.811012876137283 2.309200072542427 894.3484802180893 999.752999999997 15.461712890624767 401.24276757812186 447.7222649169253 0.0 0.0 0.0 0.0 128.0 128.0 128.0 0.0 0 1.0 1.0
116000.0 118000.0 5 3 603.9245217666954 603.9245217666954 600.9671219212611 2466.641871710551 2466.641871710551 916.2819925300129 916.2819925300129 2.529529740079802 1577201.0556257016 1519951.1447690718 0.0 39.89279346902109 2.957399845434399 913.7524627899331 999.8500000000058 114.44491210937849 541.6609328125021 396.5432452487412 6500.0 6500.0 6500.0 0.0 128.0 128.0 128.0 0.0 1 1.0 1.0
118000.0 120000.0 6 3 612.0761627962665 612.0761627962665 608.9620022721884 2596.7532349846933 2596.7532349846933 953.1021925075268 953.1021925075268 2.5420306294325408 1680798.9268374676 1648647.7050480342 0.0 22.410273579667386 3.1141605240779437 950.5601618780943 999.7060000000056 73.36511718749534 473.1425725911443 407.04466121974866 6500.0 6500.0 6500.0 0.0 0.0 0.0 0.0 0.0 1 0.0 1.0
120000.0 122000.0 5 2 540.6575405330067 540.6575405330067 537.6674631141925 2493.764257615819 2493.764257615819 852.9498300520457 852.9498300520457 2.99007741881424 1476084.501664274 1447386.4956687358 0.0 20.01885982354508 2.99007741881424 849.9597526332316 998.0089999999909 48.9649082031392 523.0686742187536 425.37727528642756 6500.0 6500.0 6500.0 0.0 128.0 128.0 128.0 0.0 1 2.0 1.0
122000.0 124000.0 5 3 586.5835338668155 586.5835338668155 584.5435120204169 1705.2181325108563 1705.2181325108563 922.5654095545707 922.5654095545707 2.040021846398622 1515381.0231831172 1303885.7036266124 0.0 148.3219492790109 2.040021846398622 920.525387708172 999.3940000000002 47.401736328116385 538.6628828125016 364.32120188943634 6500.0 6500.0 6500.0 0.0 0.0 0.0 0.0 0.0 1 0.0 0.0
124000.0 126000.0 5 2 543.0019356451807 543.0019356451807 536.306731545214 5577.361852171927 5577.361852171927 852.3137390524182 852.3137390524182 6.69520409996666 1473621.757056466 1412688.194877521 0.0 40.14185268950638 6.69520409996666 845.6185349524517 998.9239999999991 300.7860175781243 695.6086019531242 254.79360046873728 3000.0 3000.0 3000.0 0.0 128.0 128.0 128.0 0.0 3 2.0 2.0
126000.0 128000.0 4 2 354.6290266955475 354.6290266955475 352.13669081596277 2074.5468106104204 2074.5468106104204 516.2103786004195 516.2103786004195 2.492335879584822 945334.3824876077 910366.1240223747 0.0 24.977327475166323 2.492335879584822 513.7180427208347 710.1369999999879 187.416015625 362.0322558593689 236.93277986482423 4400.0 4400.0 4400.0 0.0 128.0 128.0 128.0 0.0 1 1.0 1.0
128000.0 130000.0 4 2 393.19627668586 393.19627668586 390.17231833855226 2522.1729284331573 2522.1729284331573 622.8344583505568 622.8344583505568 3.023958347307788 1113812.2531773169 1098043.2946287768 0.0 11.263541820385669 3.023958347307788 619.810500003249 999.4489999999932 78.16200000001118 525.2027709960967 449.2633765668875 4400.0 4400.0 4400.0 0.0 128.0 128.0 128.0 0.0 1 1.0 1.0
130000.0 132000.0 4 2 404.79461316596394 404.79461316596394 401.78935325945326 2506.428841281988 2506.428841281988 637.5520397035011 637.5520397035011 3.005259906510675 1143198.7065833784 1129841.9347101394 0.0 9.540551338027807 3.005259906510675 634.5467797969904 992.3450000000012 179.42499999998836 544.0197451171844 408.44271522800994 4400.0 4400.0 4400.0 0.0 128.0 128.0 128.0 0.0 1 1.0 1.0
132000.0 134000.0 2 1 334.0618151580629 334.0618151580629 332.2785733914328 1479.4895675025061 1479.4895675025061 511.8486295527908 511.8486295527908 1.7832417666300548 921533.3903814997 914347.2364883714 0.0 5.132967066520219 1.7832417666300548 510.0653877861607 953.1050000000105 782.7859199218801 867.9454599609453 120.43377648870059 0.0 0.0 0.0 0.0 0.0 0.0 0.0 0.0 0 0.0 1.0
134000.0 136000.0 3 3 106.46479918548631 106.46479918548631 104.17110571749495 1907.2899000487268 1907.2899000487268 167.6719601237155 167.6719601237155 2.293693467991362 304024.2015961998 292922.5885061263 0.0 7.342336699784048 2.293693467991362 165.37826665572416 293.590087890625 92.81500000000233 179.2093626302085 103.27190493703523 4400.0 4400.0 4400.0 0.0 128.0 128.0 128.0 0.0 1 1.0 1.0
136000.0 138000.0 3 1 369.97774904920004 369.97774904920004 367.99599556572866 1646.6364330828544 1646.6364330828544 581.8599784035079 581.8599784035079 1.2572004349340093 1088137.6625677787 1032299.2522323239 0.0 37.64562489263383 1.9817534834713237 580.602777968574 992.7639999999956 274.117919921875 657.6466106770773 361.76067735823324 4400.0 4400.0 4400.0 0.0 0.0 0.0 0.0 0.0 1 0.0 1.0
138000.0 140000.0 5 3 700.2902680178686 700.2902680178686 695.5657149693313 3952.0736668684185 3952.0736668684185 1067.459815721411 1067.459815721411 5.449106097074629 1826155.0860088845 1755777.1816880163 0.0 48.775558226436736 4.724553048537315 1062.0107096243362 999.4439999999886 465.8509999999951 742.8770089843717 201.4287775997143 4400.0 4400.0 4400.0 0.0 128.0 128.0 128.0 0.0 1 2.0 1.0
140000.0 142000.0 6 3 505.03876405209445 505.03876405209445 501.6349469595671 2855.829960644571 2855.829960644571 807.9117676217345 807.9117676217345 3.4038170925272846 1382244.656156201 1363190.4893351116 0.0 14.272262015064157 3.4038170925272846 804.5079505292072 998.747000000003 132.80900000000838 488.56093554687686 359.7960931789699 4400.0 4400.0 4400.0 0.0 128.0 128.0 128.0 0.0 2 1.0 1.0
142000.0 144000.0 6 2 665.0831384973919 665.0831384973919 660.1300235210681 4130.706841328112 4130.706841328112 1005.1831051743186 1005.1831051743186 4.310047045175051 1785442.9698377703 1735255.001992897 0.0 31.769608744131112 4.953114976323883 1000.8730581291436 999.0430000000051 192.19169531250373 626.2189514973967 346.80417045131014 4400.0 4400.0 4400.0 0.0 128.0 128.0 128.0 0.0 1 2.0 1.0
144000.0 146000.0 6 2 569.1411636735671 569.1411636735671 566.4159168364573 2285.0970477382025 2285.0970477382025 843.8158035328449 843.8158035328449 3.3683147682585988 1573010.7780294842 1548380.840441844 0.0 15.19460942195011 2.7252468371097667 840.4474887645863 998.0050000000047 215.2392578125 448.9926689453132 283.89570869898125 4400.0 4400.0 4400.0 0.0 128.0 128.0 128.0 0.0 1 1.0 1.0
146000.0 148000.0 5 2 500.2483794336577 500.2483794336577 497.37442091644243 2391.9602115254083 2391.9602115254083 763.4674082631914 763.4674082631914 2.8739585172153235 1443147.7678601395 1418761.7779439415 0.0 15.201274318462701 2.8739585172153235 760.593449745976 999.8340000000026 230.7827421874972 505.4907558593724 332.9019660329368 6500.0 6500.0 6500.0 0.0 128.0 128.0 128.0 0.0 1 1.0 1.0
148000.0 150000.0 5 3 576.0101308164004 576.0101308164004 573.3098404045235 2253.2410418579557 2253.2410418579557 893.6910338703459 893.6910338703459 2.700290411877055 1590303.6503848894 1559330.3143087092 0.0 21.89252996180766 2.700290411877055 890.990743458469 999.2889999999898 299.514892578125 552.5337460937444 330.90184866749564 6500.0 6500.0 6500.0 0.0 128.0 128.0 128.0 0.0 1 2.0 1.0
150000.0 152000.0 7 3 674.3667226201215 674.3667226201215 670.8233136986555 2945.0277723820636 2945.0277723820636 1045.3254854401953 1045.3254854401953 3.5434089214661073 1805084.9489735132 1740615.4970039742 0.0 46.43691465029411 3.5434089214661073 1041.7820765187294 999.6430000000109 182.0940820312535 559.3068830915187 367.59624611743214 6500.0 6500.0 6500.0 0.0 128.0 128.0 128.0 0.0 1 1.0 1.0
152000.0 154000.0 6 3 567.840472988484 567.840472988484 564.0371534967261 3176.794685573134 3176.794685573134 890.8302176349741 890.8302176349741 3.8033194917578323 1572282.2244176732 1525136.8379082454 0.0 33.38197238762859 3.8033194917578323 887.0268981432162 999.994000000006 3.14892578125 637.4261985677149 444.2849584479834 6500.0 6500.0 6500.0 0.0 128.0 128.0 128.0 0.0 1 1.0 1.0
154000.0 156000.0 6 2 602.7525105482537 602.7525105482537 600.5636968105711 1835.8293472130008 1584.9196651684492 924.2846996624992 924.2846996624992 2.188813737682613 1567820.1843956902 1515073.2316099906 0.29799249648996656 37.73764376731235 2.188813737682613 922.0958859248166 998.7539999999863 1.5439453125 426.89911360676825 451.43280808309663 6500.0 6500.0 6500.0 0.0 128.0 128.0 128.0 0.0 1 1.0 1.0
156000.0 158000.0 5 2 656.7033257072042 656.7033257072042 653.1382723393732 2975.842475383832 2384.752157428384 965.7744032573199 965.7744032573199 3.5650533678308327 1686511.4614323573 1625396.9535445687 0.7020075035100334 42.1113528460476 3.5650533678308327 962.209349889489 999.2889999999898 295.1640625 583.5994394531183 296.81117580226675 6500.0 6500.0 6500.0 0.0 0.0 0.0 0.0 0.0 1 0.0 1.0
158000.0 160000.0 5 3 580.6143649363585 580.6143649363585 577.4693157520766 2625.9991131063252 2625.9991131063252 907.0669214333225 907.0669214333225 3.1450491842819694 1518503.7416919488 1454062.668984117 0.0 45.68735996804891 3.1450491842819694 903.9218722490406 999.0799999999872 299.8798828125 608.7290238281188 284.31507464954757 6500.0 6500.0 6500.0 0.0 128.0 128.0 128.0 0.0 1 2.0 1.0
160000.0 162000.0 6 2 598.9751145040877 598.9751145040877 595.8063403924707 2642.757609088674 2642.757609088674 911.7933151167874 911.7933151167874 3.168774111617115 1548976.8140690196 1502545.3774532587 0.0 32.58592080612172 3.168774111617115 908.6245410051704 997.76800000004 198.21970117188175 475.6437988281347 308.04845392086156 6500.0 6500.0 6500.0 0.0 128.0 128.0 128.0 0.0 1 1.0 1.0
162000.0 164000.0 6 2 687.1322581145209 687.1322581145209 683.8506417071026 2724.982862129457 2724.982862129457 1030.9614384039023 1030.9614384039023 2.634079464526256 1779796.941941177 1709312.6701356706 0.0 48.837866179462026 3.281616407418236 1028.3273589393762 998.1059999999998 203.7561035155959 616.6750061849016 341.8026481891035 6500.0 6500.0 6500.0 0.0 0.0 0.0 0.0 0.0 1 0.0 1.0
164000.0 166000.0 5 3 649.6914237626216 649.6914237626216 647.1442466631923 2136.2309225813838 2136.2309225813838 1015.8664736306488 1015.8664736306488 3.1947140423212748 1795984.3455187427 1692546.2936165892 0.0 70.41427508403804 2.5471770994292946 1012.6717595883275 996.7760000000126 299.8239746093459 604.7930128906271 253.73291238039099 6500.0 6500.0 6500.0 0.0 128.0 128.0 128.0 0.0 1 2.0 1.0
166000.0 168000.0 6 2 681.5413949003287 681.5413949003287 677.7548890425455 3152.887447348215 3152.887447348215 1082.4270600685843 1082.4270600685843 3.7865058577831854 1865685.953047922 1704707.813899305 0.0 108.50045954842201 3.7865058577831854 1078.6405542108012 999.573000000004 297.0061035155959 657.2133297526161 301.54749085506165 6500.0 6500.0 6500.0 0.0 0.0 0.0 0.0 0.0 1 0.0 1.0
168000.0 170000.0 6 3 522.035859687533 522.035859687533 518.5098960676389 2939.4089741083853 2939.4089741083853 822.9095610705597 822.9095610705597 3.5259636198941324 1479761.379388435 1459255.976713139 0.0 15.212430482354277 3.5259636198941324 819.3835974506655 999.4459999999963 109.60204882809194 373.481821289058 326.45656782782777 4400.0 4400.0 4400.0 0.0 128.0 128.0 128.0 0.0 2 2.0 1.0
170000.0 172000.0 4 2 452.38014666019836 452.38014666019836 449.38986745012346 2493.815094883046 2493.815094883046 721.4414191405225 721.4414191405225 2.9902792100748767 1238084.537727525 1201634.3719974451 0.0 26.035832664342642 2.9902792100748767 718.4511399304475 981.7269999999844 69.67399999999907 509.5859926757694 442.2376132451525 6500.0 6500.0 6500.0 0.0 128.0 128.0 128.0 0.0 1 1.0 1.0
172000.0 174000.0 4 2 516.6902691615503 516.6902691615503 513.7280617825768 2470.178613095642 2470.178613095642 828.7332790541058 828.7332790541058 2.9622073789734467 1517268.98330521 1495996.5404376942 0.0 15.29335978218327 2.9622073789734467 825.7710716751324 992.6840000000084 158.74199999999837 528.1404829101521 430.7002878684092 0.0 0.0 0.0 0.0 128.0 128.0 128.0 0.0 0 1.0 1.0
174000.0 176000.0 4 2 435.02995762829545 435.02995762829545 432.0246557299391 2506.4641984160494 2506.4641984160494 668.1876836852488 668.1876836852488 3.005301898356353 1195618.1401771337 1176623.6013693884 0.0 14.068769985860271 3.005301898356353 665.1823817868924 991.6169999999984 125.35800000000745 530.5027866211021 447.09988046854534 4400.0 4400.0 4400.0 0.0 128.0 128.0 128.0 0.0 2 1.0 1.0
176000.0 178000.0 4 2 420.49300113681954 420.49300113681954 417.4377750163438 2548.500393440527 2548.500393440527 602.0100028968329 602.0100028968329 3.055226120475686 1150899.3239617278 1101056.4713670686 0.0 35.60203756761382 3.055226120475686 598.9547767763572 999.7800000000279 21.59800000002724 519.0239833984524 469.6145992611628 4400.0 4400.0 4400.0 0.0 128.0 128.0 128.0 0.0 1 1.0 1.0
178000.0 180000.0 4 2 392.2760691429101 392.2760691429101 389.3004785292593 2481.447296693963 2481.447296693963 604.2045308227905 604.2045308227905 2.9755906136507875 1107804.6640895933 1090698.643340447 0.0 11.218586249390345 2.9755906136507875 601.2289402091396 990.8940000000002 91.85200000004261 514.344336425791 436.5429866123916 6500.0 6500.0 6500.0 0.0 128.0 128.0 128.0 0.0 1 1.0 1.0
180000.0 182000.0 4 2 601.6544252550822 601.6544252550822 598.6845701645012 2476.617986269145 2476.617986269145 886.9224280974327 886.9224280974327 2.969855090580933 1656549.8205548164 1563196.276581387 0.0 66.5105328918371 2.969855090580933 883.9525730068517 999.9340000000084 170.3291015625 550.8311977539051 411.21091553169947 6500.0 6500.0 6500.0 0.0 128.0 128.0 128.0 0.0 1 1.0 1.0
182000.0 184000.0 5 3 627.5558833252511 627.5558833252511 624.5973260332751 2467.1052398438715 2467.1052398438715 942.2956875599199 942.2956875599199 2.9585572919760947 1661524.807259825 1581899.7031806572 0.0 55.045644288589415 2.9585572919760947 939.3371302679437 998.7760000000126 128.67529296875 475.10163828125224 407.87851238569044 6500.0 6500.0 6500.0 0.0 128.0 128.0 128.0 0.0 1 1.0 1.0
184000.0 186000.0 5 3 559.032852699817 559.032852699817 557.3637080339673 1396.7787059703678 1396.7787059703678 888.7378292142823 888.7378292142823 1.6691446658496352 1599408.2896387703 1559496.9996402406 0.0 27.287664731315875 1.6691446658496352 887.0686845484327 998.3179999999993 77.8540039062791 474.1703382812615 429.45947746656896 6500.0 6500.0 6500.0 0.0 128.0 128.0 128.0 0.0 1 1.0 1.0
186000.0 188000.0 6 3 556.51301298292 556.51301298292 551.3112848870725 4340.496159378667 4340.496159378667 859.5582867736207 859.5582867736207 5.201728095847555 1492919.5789045622 1469325.11156742 0.0 16.461447651306916 5.201728095847555 854.3565586777731 929.6780000000144 0.9450683593458962 439.66566536457685 419.1925641644939 6500.0 6500.0 6500.0 0.0 128.0 128.0 128.0 0.0 1 1.0 1.0
188000.0 190000.0 5 3 664.2671880107935 664.2671880107935 662.5033347747762 1466.403720526179 1466.403720526179 1100.4705960864878 1100.4705960864878 1.76385323601718 1970661.8251027935 1938154.1322384584 0.0 23.21978061738249 1.76385323601718 1098.7067428504704 998.8120000000345 42.39208984375 489.4616324218805 454.7561352756145 6500.0 6500.0 6500.0 0.0 128.0 128.0 128.0 0.0 1 1.0 1.0
190000.0 192000.0 6 3 684.7473096584966 684.7473096584966 680.2575090376063 3750.4490634820186 3750.4490634820186 1012.1029945196414 1012.1029945196414 4.489800620890402 1786372.2418547377 1634101.6379863806 0.0 103.41408443134155 4.489800620890402 1007.613193898751 973.6479999999865 85.91204687498976 627.4455120442726 360.3043971405223 6500.0 6500.0 6500.0 0.0 128.0 128.0 128.0 0.0 1 1.0 1.0
192000.0 194000.0 6 3 764.7671081182647 764.7671081182647 762.5765854728271 1830.6960478082806 1830.6960478082806 975.0290775471269 975.0290775471269 2.190522645437576 1680664.550968603 1523910.6107555483 0.0 102.31773276966665 2.190522645437576 972.8385549016892 999.8580000000075 108.04607421878609 484.791334635418 303.1362328171446 6500.0 6500.0 6500.0 0.0 128.0 128.0 128.0 0.0 1 1.0 1.0
194000.0 196000.0 6 3 730.3840598350819 730.3840598350819 726.3210259583393 3395.528931166217 3395.528931166217 1135.7634342367203 1135.7634342367203 4.0630338767427485 1901712.0701158976 1671527.133965754 0.0 161.33279164317375 4.0630338767427485 1131.7004003599775 999.627999999997 277.2536855468934 584.433545898452 318.0759778907302 6500.0 6500.0 6500.0 0.0 128.0 128.0 128.0 0.0 1 1.0 1.0
196000.0 198000.0 8 3 463.04681988915956 462.04681988915956 455.8229749249955 4377.776113364496 4377.776113364496 702.1591342910071 702.1591342910071 5.223844964164055 1315844.8795179091 1242387.3732781676 0.0 50.55466720674399 5.223844964164055 696.9352893268432 999.4840000000258 44.067000000039116 362.66907617188554 314.41917551734116 2300.0 2300.0 2300.0 0.0 128.0 128.0 128.0 0.0 3 3.0 1.0
198000.0 200000.0 3 2 375.2540560001795 375.2540560001795 370.9851113434314 3555.1461236528094 3555.1461236528094 541.0831676443973 541.0831676443973 4.2689446567480385 1029262.5195030678 997570.6249761151 0.0 21.63706751925194 4.2689446567480385 536.8142229876494 989.1760000000068 454.0239433593524 682.2946321614533 276.10081505785104 2300.0 2300.0 2300.0 0.0 128.0 128.0 128.0 0.0 1 1.0 1.0
200000.0 202000.0 4 2 393.20123799955434 393.20123799955434 389.1053651152586 3422.7249685769616 3422.7249685769616 618.1574079496802 618.1574079496802 4.095872884295678 1128917.5649837006 1104122.022322724 0.0 15.601898446192589 4.095872884295678 614.0615350653845 999.7850000000035 90.58199999999488 503.71197363280953 479.1440415290448 4400.0 4400.0 4400.0 0.0 128.0 128.0 128.0 0.0 2 2.0 1.0
202000.0 204000.0 4 2 307.78433849725644 307.78433849725644 304.67078222543824 2597.6143808709226 2597.6143808709226 491.2633879980483 491.2633879980483 3.1135562718181977 941889.6475702506 850059.9812270734 0.0 45.701822271060045 3.1135562718181977 488.14983172623016 974.0560000000114 0.0 521.6745185546897 490.03339480987995 4400.0 4400.0 4400.0 0.0 128.0 128.0 128.0 0.0 1 1.0 1.0
204000.0 206000.0 4 2 299.2377090059316 299.2377090059316 296.2408350919435 2499.3678355780007 2499.3678355780007 443.39837463113 443.39837463113 2.9968739139881246 803932.1906298726 783959.1435841706 0.0 14.26646217550139 2.9968739139881246 440.40150071714186 999.0119999999879 92.89000000001397 521.769749023435 440.77226846968495 4400.0 4400.0 4400.0 0.0 128.0 128.0 128.0 0.0 1 1.0 1.0
206000.0 208000.0 4 2 401.8456293777125 401.8456293777125 398.8534581856926 2495.4081436807646 2495.4081436807646 620.8224093577611 620.8224093577611 2.9921711920199106 1119030.7973254235 1085416.8218046604 0.0 23.81150825270891 2.9921711920199106 617.8302381657412 978.948000000004 109.71499999999651 519.8667836913955 430.90634575557266 4400.0 4400.0 4400.0 0.0 128.0 128.0 128.0 0.0 1 1.0 1.0
208000.0 210000.0 4 2 348.1901565240527 348.1901565240527 345.18467193177594 2506.618026697015 2506.618026697015 557.3361013941112 557.3361013941112 3.0054845922767406 998192.0137042754 973693.3973517319 0.0 16.697485942510102 3.0054845922767406 554.3306168018345 990.3650000000198 143.29899999999907 534.2875034179742 424.4908477200009 4400.0 4400.0 4400.0 0.0 128.0 128.0 128.0 0.0 1 1.0 1.0
210000.0 212000.0 4 2 317.94359627214794 317.94359627214794 314.93108254631454 2512.536557151676 2512.536557151676 494.33580565283603 494.33580565283603 3.012513725833344 919294.1984698995 897005.0463930618 0.0 15.920822912026955 3.012513725833344 491.3232919270027 984.0329999999958 75.66500000000815 517.8437065429753 439.9643445282348 4400.0 4400.0 4400.0 0.0 128.0 128.0 128.0 0.0 1 1.0 1.0
212000.0 214000.0 4 2 321.2250831078768 321.2250831078768 318.28248676494917 2453.6661207450707 2453.6661207450707 511.0880847370277 511.0880847370277 2.9425963429276374 934431.9580813572 930231.9580813572 0.0 3.0 2.9425963429276374 508.1454883941001 952.2570000000123 159.037109375 516.4832924804796 411.4549756533316 4400.0 4400.0 4400.0 0.0 128.0 128.0 128.0 0.0 1 1.0 1.0
214000.0 216000.0 4 2 398.8059732351326 398.8059732351326 396.0053443348717 2334.430730327075 2334.430730327075 609.8079097345488 609.8079097345488 2.8006289002609144 1167688.7735097436 1149488.7735097436 0.0 13.0 2.8006289002609144 607.0072808342879 881.1760000000359 110.229248046875 491.1472592773498 427.44849261383314 4400.0 4400.0 4400.0 0.0 128.0 128.0 128.0 0.0 1 1.0 1.0
216000.0 218000.0 5 2 361.72122140538215 361.72122140538215 358.4844441171904 2701.065280350052 2701.065280350052 541.0731289259487 541.0731289259487 3.236777288191731 1013355.7426035546 999405.0910409827 0.0 9.57180089289823 3.236777288191731 537.8363516377569 999.6119999999937 14.094000000011874 424.5595703125 481.6449468478483 4400.0 4400.0 4400.0 0.0 128.0 128.0 128.0 0.0 1 1.0 1.0
218000.0 220000.0 4 2 411.912470913 411.912470913 408.8820472420456 2527.616730943644 2527.616730943644 631.4769026455979 631.4769026455979 3.0304236709544465 1182845.3514908394 1154489.8622547628 0.0 16.646871106136455 3.0304236709544465 628.4464789746434 990.7129999999888 147.74799999999232 542.0989995117125 418.1874535788178 4400.0 4400.0 4400.0 0.0 128.0 128.0 128.0 0.0 1 1.0 1.0
220000.0 222000.0 4 2 325.89332111369407 325.89332111369407 322.91713667017757 2481.94730144092 2481.94730144092 533.4020438158744 533.4020438158744 2.9761844435165323 973099.794664131 939805.9354627796 0.0 22.781328000965313 2.9761844435165323 530.425859372358 992.2509999999893 82.55199999999604 512.4102324218693 438.9515788056265 4400.0 4400.0 4400.0 0.0 128.0 128.0 128.0 0.0 1 1.0 1.0
222000.0 224000.0 4 2 384.76176339478207 384.76176339478207 381.7932041740832 2475.526863828435 2475.526863828435 606.129680064594 606.129680064594 2.968559220698854 1110031.4090141875 1080829.9118867128 0.0 18.858212233910557 2.968559220698854 603.1611208438952 965.2250000000058 122.01799999998184 513.7675961914138 430.00568532000864 4400.0 4400.0 4400.0 0.0 128.0 128.0 128.0 0.0 1 1.0 1.0
224000.0 226000.0 4 2 393.07275075220605 393.07275075220605 390.04373578619783 2526.4306013789233 2526.4306013789233 589.0045988484917 589.0045988484917 3.029014966008223 1162384.217894329 1145919.9444404226 0.0 11.358880498638133 3.029014966008223 585.9755838824835 990.6419999999925 44.73000000001048 515.4584072265716 462.95411696311476 4400.0 4400.0 4400.0 0.0 128.0 128.0 128.0 0.0 1 1.0 1.0
226000.0 228000.0 4 2 333.29574900291055 333.29574900291055 330.2923654765101 2504.8489292292566 2504.8489292292566 510.99726478543005 510.99726478543005 3.003383526400542 939579.6708216087 908245.4414029898 0.0 20.78290726745131 3.003383526400542 507.99388125902954 993.1989999999932 65.19599999999627 515.1140014648408 450.4376683522819 4400.0 4400.0 4400.0 0.0 128.0 128.0 128.0 0.0 1 1.0 1.0
228000.0 230000.0 4 2 339.20791424449715 339.20791424449715 336.2035447141527 2505.6791445500317 2505.6791445500317 526.235594126063 526.235594126063 3.0043695303444555 943457.4205130055 931090.3218836077 0.0 8.833641878141327 3.0043695303444555 523.2312245957186 992.1020000000426 67.81700000001001 515.29033007814 446.85403544594226 4400.0 4400.0 4400.0 0.0 128.0 128.0 128.0 0.0 1 1.0 1.0
230000.0 232000.0 4 2 464.73118695568735 464.73118695568735 461.7901120097642 2452.3851044672856 2452.3851044672856 703.182967390658 703.182967390658 2.941074945923142 1264560.125401767 1115443.707796388 0.0 103.51172686098494 2.941074945923142 700.2418924447348 932.2939999999944 102.07300000000396 493.62866357423627 429.16870558350604 4400.0 4400.0 4400.0 0.0 128.0 128.0 128.0 0.0 1 1.0 1.0
232000.0 234000.0 4 2 422.25041590392414 422.25041590392414 419.1821917632334 2559.4447264615947 2559.4447264615947 677.283612621134 677.283612621134 3.06822414069073 1236174.2338489369 1217837.9156184916 0.0 12.879660608454625 3.06822414069073 674.2153884804434 998.7410000000382 56.36999999999534 530.6537597656425 463.28567784929805 4400.0 4400.0 4400.0 0.0 128.0 128.0 128.0 0.0 1 1.0 1.0
234000.0 236000.0 4 2 396.2921328377671 396.2921328377671 393.29835734684707 2496.7589633546927 2496.7589633546927 626.734588066178 626.734588066178 2.9937754909200627 1192875.580553398 1156934.6243596503 0.0 24.46685102897324 2.9937754909200627 623.7408125752579 978.6419999999925 96.98000000001048 517.2139868164086 429.4833183280715 4400.0 4400.0 4400.0 0.0 128.0 128.0 128.0 0.0 1 1.0 1.0
236000.0 238000.0 4 2 324.96435601025473 324.96435601025473 322.59441206038014 1972.708966212061 1972.708966212061 531.2600411128116 531.2600411128116 2.3699439498746093 965511.6853751995 950492.7827131286 0.0 8.58223009261199 2.3699439498746093 528.890097162937 984.4469999999856 189.2692871093459 539.0988310546672 408.3826558342836 6500.0 6500.0 6500.0 0.0 128.0 128.0 128.0 0.0 1 1.0 1.0
238000.0 240000.0 5 2 610.7618222427833 610.7618222427833 606.3432512397271 3695.220624155617 3695.220624155617 884.2915569958244 884.2915569958244 4.418571003056124 1577622.6724474481 1512430.8154992016 0.0 43.134139723181825 4.418571003056124 879.8729859927682 999.6379999999772 191.643310546875 757.3582160156278 329.69078884417036 6500.0 6500.0 6500.0 0.0 128.0 128.0 128.0 0.0 1 1.0 1.0
240000.0 242000.0 4 2 670.2078594685986 670.2078594685986 667.4476364309226 2300.1077977232717 2300.1077977232717 1039.0642590047196 1039.0642590047196 2.760223037676095 1776474.6861516095 1677851.813508851 0.0 66.16423991751336 2.760223037676095 1036.3040359670435 996.4500000000698 379.2860000000219 735.930405761741 258.7552648316392 6500.0 6500.0 6500.0 0.0 128.0 128.0 128.0 0.0 1 1.0 1.0
242000.0 244000.0 5 2 698.5456100767223 698.5456100767223 694.658848751958 3250.8892231023556 3250.8892231023556 965.9345375771704 965.9345375771704 3.88676132476442 1648112.4148236574 1577879.7704904615 0.0 48.44684363673993 3.88676132476442 962.0477762524059 999.7239999999874 239.62206640624208 654.4486671875114 376.10738479712904 6500.0 6500.0 6500.0 0.0 128.0 128.0 128.0 0.0 1 1.0 1.0
244000.0 246000.0 6 2 615.3584035278374 615.3584035278374 612.6217705640984 2277.241533165203 2277.241533165203 923.919247266443 923.919247266443 2.736632963739045 1583979.4032291821 1529972.2993538612 0.0 37.85528084923563 2.736632963739045 921.1826143027039 999.7480000000214 162.7160273437621 637.8482965494914 364.0428995440338 6500.0 6500.0 6500.0 0.0 128.0 128.0 128.0 0.0 1 1.0 1.0
246000.0 248000.0 5 2 761.7836652057815 761.7836652057815 758.8238579136835 2473.0084680536556 2473.0084680536556 1090.1429338355988 1090.1429338355988 2.9598072920980845 1866222.758222733 1718361.3507260857 0.0 103.38513037565484 2.9598072920980845 1087.1831265435005 996.2640000000247 278.6138808593969 642.1832070312579 309.02272403162 6500.0 6500.0 6500.0 0.0 128.0 128.0 128.0 0.0 1 2.0 1.0
248000.0 250000.0 6 2 727.264151711349 727.264151711349 723.9114859806999 2796.507967564681 2796.507967564681 1066.178780041961 1066.178780041961 3.352665730649063 1915623.0200418336 1792622.4109021006 0.0 86.7124589840386 3.352665730649063 1062.826114311312 999.737000000081 149.54502929688897 640.486131835952 374.06785799936176 6500.0 6500.0 6500.0 0.0 0.0 0.0 0.0 0.0 1 0.0 1.0
250000.0 252000.0 6 2 630.7926714028182 630.7926714028182 628.592052645075 1842.1004053535855 1842.1004053535855 948.9697410098328 948.9697410098328 2.2006187577432597 1738891.215356014 1702057.2095038071 0.0 23.945304594804412 2.2006187577432597 946.7691222520896 999.7270000000135 151.83706054685172 488.1860602213516 347.361962706062 6500.0 6500.0 6500.0 0.0 128.0 128.0 128.0 0.0 1 2.0 1.0
252000.0 254000.0 6 2 540.3164421059283 540.3164421059283 537.1038912586614 2678.395210437543 2678.395210437543 866.6451220967942 866.6451220967942 3.2125508472668938 1558103.514436271 1516796.0191785397 0.0 29.430463191885124 3.2125508472668938 863.4325712495274 996.8009999999776 157.3330624999944 452.67646484375774 324.93382508864204 6500.0 6500.0 6500.0 0.0 0.0 0.0 0.0 0.0 1 0.0 1.0
254000.0 256000.0 5 2 655.653363520752 655.653363520752 652.8619040895051 2328.9493618429274 2328.9493618429274 961.741522009675 961.741522009675 2.7914594312468597 1701857.829052786 1589689.534474005 0.0 77.69277827307522 2.7914594312468597 958.9500625784282 999.8820000000414 294.989990234375 546.5251968750032 302.5532505797224 6500.0 6500.0 6500.0 0.0 128.0 128.0 128.0 0.0 1 2.0 1.0
256000.0 258000.0 7 3 657.8569105771759 656.8569105771759 651.2324691139096 5154.430149795351 5154.430149795351 974.4705127053049 974.4705127053049 6.62444146326631 1697668.9897613307 1614088.5771202228 0.0 57.50630136957948 5.62444146326631 966.8460712420385 997.439000000013 62.072021484375 414.13098186384224 326.0143392925427 6500.0 6500.0 6500.0 0.0 128.0 128.0 128.0 0.0 2 1.0 1.0
258000.0 260000.0 6 3 616.3038621890759 616.3038621890759 613.8802484744131 2022.8527703450823 2022.8527703450823 979.9577949165629 979.9577949165629 2.4236137146628085 1744396.7788281525 1634845.4844343509 0.0 71.86053838342714 2.4236137146628085 977.5341812019001 999.2870000000112 58.506103515625 420.94955501301837 431.2069846219824 0.0 0.0 0.0 0.0 128.0 128.0 128.0 0.0 0 1.0 1.0
260000.0 262000.0 5 3 505.77278184834813 505.77278184834813 502.815144527239 2470.464624057463 2470.464624057463 753.3951777704881 753.3951777704881 2.9576373211091265 1237813.5952008471 1173205.7296813305 0.0 46.47923594604671 2.9576373211091265 750.437540449379 999.4039999999804 264.73889648442855 543.6865261718864 343.36069209307055 6500.0 6500.0 6500.0 0.0 128.0 128.0 128.0 0.0 1 1.0 1.0
262000.0 264000.0 6 2 468.3634978837776 468.3634978837776 464.83700101469594 2935.366753800876 2935.366753800876 771.3829390496884 771.3829390496884 3.5264968690816425 1303783.4742695969 1284142.3278546154 0.0 13.014048769266246 3.5264968690816425 767.8564421806069 999.6620000000112 173.23211718752282 483.98034993490245 308.95286323340525 6500.0 6500.0 6500.0 0.0 128.0 128.0 128.0 0.0 1 1.0 1.0
264000.0 266000.0 6 2 731.8153834367807 731.8153834367807 728.6948384124154 2598.140361777595 2598.140361777595 1154.351343431726 1154.351343431726 2.397271913199822 1949741.780490574 1778587.438211621 0.0 119.2687335749872 3.120545024365345 1151.9540715185262 999.8989999999758 117.90904492186382 556.1328470052104 394.79657370351345 6500.0 6500.0 6500.0 0.0 128.0 128.0 128.0 0.0 1 1.0 1.0
266000.0 268000.0 5 2 574.8644161551837 574.8644161551837 572.7079158261345 1805.8072815565674 1805.8072815565674 930.4093890152128 930.4093890152128 2.8797734402148314 1666300.154843707 1541030.3111503713 0.0 87.62247802186604 2.156500329049308 927.529615574998 874.866943359375 96.71399999997811 532.9159781250171 345.2030841970402 6500.0 6500.0 6500.0 0.0 0.0 0.0 0.0 0.0 1 0.0 1.0
268000.0 270000.0 6 2 661.4261540468781 661.4261540468781 657.6593552217043 3144.3500366218013 3144.3500366218013 1008.5524716615612 1008.5524716615612 3.766798825173775 1847025.689499135 1778159.1309649395 0.0 40.99495392251927 3.766798825173775 1004.7856728363873 997.4789999999921 123.75405664060963 478.953042968739 362.34845459970586 6500.0 6500.0 6500.0 0.0 128.0 128.0 128.0 0.0 1 2.0 1.0
270000.0 272000.0 5 2 563.7469251365125 563.7469251365125 561.3293565828741 2016.2521737344368 2016.2521737344368 858.5300508390278 858.5300508390278 2.4175685536384135 1536106.8601493612 1475706.908420559 0.0 39.33752695541312 2.4175685536384135 856.1124822853894 997.0329999999958 253.0458984375 452.10816562499383 309.3960430261693 6500.0 6500.0 6500.0 0.0 128.0 128.0 128.0 0.0 1 1.0 1.0
272000.0 274000.0 5 2 688.6930867578892 688.6930867578892 685.6875680815012 2506.602576107511 2506.602576107511 1024.9949743402422 1024.9949743402422 3.005518676387903 1856757.3093265563 1675847.456410139 0.0 121.1394108175661 3.005518676387903 1021.9894556638543 999.1699999999837 297.555908203125 551.0195804687567 300.07720401987007 6500.0 6500.0 6500.0 0.0 128.0 128.0 128.0 0.0 1 1.0 1.0
274000.0 276000.0 5 2 619.276455681696 619.276455681696 616.5778800982001 2248.2183736539564 2248.2183736539564 947.4730462570383 947.4730462570383 2.698575583495939 1680133.2618233925 1633155.0720447763 0.0 32.99348032788263 2.698575583495939 944.7744706735424 998.4610000000102 295.342041015625 534.330846484378 307.10756661586544 6500.0 6500.0 6500.0 0.0 128.0 128.0 128.0 0.0 1 1.0 1.0
276000.0 278000.0 7 3 653.7148221418282 653.7148221418282 649.7429844869416 3304.4777434966622 3304.4777434966622 1022.1927043519682 1022.1927043519682 3.9718376548865786 1771437.1544823844 1740790.2949673852 0.0 22.319185367856637 3.9718376548865786 1018.2208666970816 999.5009999999893 74.937255859375 591.3214740513441 417.43504994084776 6500.0 6500.0 6500.0 0.0 128.0 128.0 128.0 0.0 2 1.0 1.0
278000.0 280000.0 6 3 600.2936649196616 600.2936649196616 596.2440574411427 3389.321717229939 3389.321717229939 896.8999747081226 896.8999747081226 4.049607478518965 1566152.9370658267 1499760.2379262147 0.0 43.42335652829433 4.049607478518965 892.8503672296036 951.283000000054 35.49809960939456 424.5722376302195 406.7641373446997 6500.0 6500.0 6500.0 0.0 128.0 128.0 128.0 0.0 1 1.0 1.0
280000.0 282000.0 4 2 574.5028075410586 574.5028075410586 571.9108115973953 2161.6746715615127 2161.6746715615127 890.8271623551254 890.8271623551254 2.5919959436634583 1604747.9686510176 1591532.8841012912 0.0 9.439346106947422 2.5919959436634583 888.2351664114619 999.1930000000284 70.30311914061895 538.2058168945368 427.60248183243243 0.0 0.0 0.0 0.0 128.0 128.0 128.0 0.0 0 1.0 1.0
282000.0 284000.0 6 3 534.2344311641788 534.2344311641788 531.7681293502847 2054.0692001950288 2054.0692001950288 832.3139958861194 832.3139958861194 2.466301813894128 1450943.3258889723 1406119.7962878235 0.0 32.01680685796337 2.466301813894128 829.8476940722251 998.2660000000033 23.75390625 348.96345963543473 359.0523270934621 6500.0 6500.0 6500.0 0.0 128.0 128.0 128.0 0.0 2 1.0 1.0
284000.0 286000.0 8 3 734.8506381237836 734.8506381237836 731.2504871776074 2997.9347208357244 2997.9347208357244 1141.5185539454196 1141.5185539454196 3.6001509461762007 1988902.2315358128 1948297.48654244 0.0 29.524817852409114 3.6001509461762007 1137.9184029992434 999.8030000000144 23.08203125 466.4473015136682 391.7953441057009 6500.0 6500.0 6500.0 0.0 128.0 128.0 128.0 0.0 1 1.0 1.0
286000.0 288000.0 5 2 633.1772884053838 633.1772884053838 630.8631953200437 1940.1234950069593 1940.1234950069593 947.2421550930543 947.2421550930543 2.3140930853401054 1614159.268033411 1519794.8702085149 0.0 64.56556907979933 2.3140930853401054 944.9280620077142 995.3009999999194 190.471923828125 506.55350273436636 368.7332445524917 6500.0 6500.0 6500.0 0.0 128.0 128.0 128.0 0.0 1 1.0 1.0
288000.0 290000.0 7 4 757.390468693482 756.7840017707529 752.1022606347639 4200.890442031407 4200.890442031407 1122.345968838071 1122.345968838071 5.288208058718203 1966015.333873524 1820501.3782625454 0.0 100.52388825757296 4.6817411359890535 1116.451293856624 999.8489999999874 294.03125 497.99905329241716 260.6596871140875 4400.0 4400.0 4400.0 0.0 128.0 128.0 128.0 0.0 1 1.0 1.0
290000.0 292000.0 8 4 628.1030448821253 627.7095118048545 623.3700299191414 3831.844667024784 3831.844667024784 946.6503818619336 946.6503818619336 4.733014962984003 1690420.0218520123 1559428.0034920634 0.0 86.95152251678734 4.339481885713152 941.5238338216789 998.2829999999958 5.814941406308208 359.65632934571477 334.56316352104835 4400.0 4400.0 4400.0 0.0 128.0 128.0 128.0 0.0 1 1.0 1.0
292000.0 294000.0 5 2 581.6945600497728 581.6945600497728 577.3738750228739 3601.0611300223045 3601.0611300223045 846.6243482584507 846.6243482584507 4.320685026898939 1547096.7074723837 1523039.334780304 0.0 16.583010735959668 4.320685026898939 842.3036632315517 999.6269999999786 297.263916015625 563.7980304687517 295.961484741851 6500.0 4400.0 5450.0 1484.9242404917497 128.0 128.0 128.0 0.0 2 2.0 1.0
294000.0 296000.0 6 3 567.0532787334431 567.0532787334431 562.6895918184769 2803.8311495921116 2803.8311495921116 874.2226622955034 874.2226622955034 4.363686914966285 1588251.319074516 1514098.6691300278 0.0 50.567005433017 3.363686914966285 868.858975380537 996.8790000000154 66.60708398441784 531.9451507161624 381.86039029203783 6500.0 6500.0 6500.0 0.0 128.0 128.0 128.0 0.0 1 1.0 1.0
296000.0 298000.0 5 3 604.2829845921879 604.2829845921879 602.1989941941991 1739.3645578814856 1739.3645578814856 942.2335388543639 942.2335388543639 2.0839903979886287 1668790.651668439 1596982.0995504875 0.0 48.79511477940753 2.0839903979886287 940.1495484563753 998.1840000000666 102.347900390625 479.450058203144 362.938124665572 6500.0 6500.0 6500.0 0.0 128.0 128.0 128.0 0.0 1 1.0 1.0
298000.0 300000.0 6 3 536.9355816402688 536.6885806779632 531.8235677451073 3855.72143642822 3855.72143642822 864.2453422504043 864.2453422504043 3.865012932855773 1560709.060353823 1535120.9620067298 0.0 16.279919342441822 4.618011970550214 860.3803293175484 977.5480000000098 99.45399023435311 413.8374860025845 409.63603398866013 6500.0 6500.0 6500.0 0.0 128.0 128.0 128.0 0.0 1 1.0 1.0
300000.0 302000.0 1 1 31.625959583166512 30.872960545472072 30.11996150777763 0.0 0.0 72.28790761866631 72.28790761866631 0.7529990376944408 128612.23563821048 125449.63967989384 0.0 0.7529990376944408 0.0 71.53490858097187 307.9238964844262 307.9238964844262 307.9238964844262 0.0 0.0 0.0 0.0 0.0 0.0 0.0 0.0 0.0 0 0.0 0.0
