ts te nbins ncons c_tcp_packs c_tcp_bytes c_udp_packs c_udp_bytes s_tcp_packs s_tcp_bytes s_udp_packs s_udp_bytes max_bins_span min_bins_span avg_bins_span std_bins_span max_video_rate min_video_rate avg_video_rate std_video_rate max_audio_rate min_audio_rate avg_audio_rate std_audio_rate video_requests audio_requests
0 2000 24 23 212 35425 7 2860 275 154480 8 6647 985 28 334 270 0 0 0 0 0 0 0 0 0 0
2000 4000 5 5 11 688 4 1708 15 2651 4 3970 199 23 91 68 0 0 0 0 0 0 0 0 0 0
4000 6000 8 8 55 10141 32 2948 60 44772 78 95671 832 46 283 239 0 0 0 0 0 0 0 0 0 0
6000 8000 11 11 76 23400 61 5643 85 41184 151 183109 723 28 296 220 1500 1500 1500 0 128 128 128 0 2 2
8000 10000 14 13 63 29100 48 27351 81 20231 43 20003 574 70 242 167 1500 1500 1500 0 128 128 128 0 1 1
10000 12000 13 10 64 43572 337 334605 82 23876 228 126096 999 20 353 295 840 840 840 0 128 128 128 0 2 1
12000 14000 4 2 4 1086 39 44629 4 1014 18 606 436 59 176 177 840 840 840 0 128 128 128 0 4 4
14000 16000 4 4 2 543 58 62791 2 507 31 1333 268 48 154 100 840 840 840 0 128 128 128 0 3 3
16000 18000 0 0 0 0 0 0 0 0 0 0 0 0 0 0 0 0 0 0 0 0 0 0 0 0
18000 20000 4 4 14 6010 20 24002 19 6994 7 218 479 7 182 206 3000 3000 3000 0 128 128 128 0 2 1
20000 22000 3 3 11 14969 22 26354 15 756 7 240 177 102 147 39 3000 3000 3000 0 128 128 128 0 1 1
22000 24000 0 0 0 0 0 0 0 0 0 0 0 0 0 0 0 0 0 0 0 0 0 0 0 0
24000 26000 2 2 1 0 4 2504 1 0 3 149 178 16 97 114 3000 3000 3000 0 128 128 128 0 1 1
26000 28000 0 0 0 0 0 0 0 0 0 0 0 0 0 0 0 0 0 0 0 0 0 0 0 0
28000 30000 2 2 9 5330 0 0 14 4471 0 0 211 110 160 71 3000 3000 3000 0 128 128 128 0 1 1
30000 32000 5 5 77 153687 0 0 113 1559 0 0 810 43 286 300 3000 3000 3000 0 128 128 128 0 1 1
32000 34000 0 0 0 0 0 0 0 0 0 0 0 0 0 0 0 0 0 0 0 0 0 0 0 0
34000 36000 4 4 5 35 0 0 5 31 0 0 112 16 40 48 3000 3000 3000 0 128 128 128 0 1 1
36000 38000 9 9 17 5692 0 0 23 4481 0 0 266 15 58 84 3000 3000 3000 0 128 128 128 0 1 1
38000 40000 4 4 12 5672 0 0 18 4854 0 0 274 17 142 123 3000 3000 3000 0 128 128 128 0 1 1
40000 42000 2 2 6 6492 0 0 8 409 0 0 165 103 134 43 3000 3000 3000 0 128 128 128 0 1 1
42000 44000 2 2 0 0 16 8005 0 0 16 8035 252 248 250 2 3000 3000 3000 0 128 128 128 0 1 1
44000 46000 12 12 12 0 0 0 12 0 0 0 395 16 96 146 3000 3000 3000 0 128 128 128 0 1 1
46000 48000 12 12 12 0 0 0 12 0 0 0 113 14 24 28 3000 3000 3000 0 128 128 128 0 1 1
48000 50000 13 13 24 11128 0 0 33 5003 0 0 462 18 81 120 3000 3000 3000 0 128 128 128 0 1 2
50000 52000 8 8 12 5058 0 0 14 378 0 0 217 15 99 92 3000 3000 3000 0 0 0 0 0 1 0
52000 54000 5 5 5 0 0 0 5 0 0 0 28 16 24 5 0 0 0 0 0 0 0 0 0 0
54000 56000 4 4 4 0 0 0 5 1833 0 0 55 5 30 20 2300 2300 2300 0 128 128 128 0 3 1
56000 58000 2 2 3 0 0 0 3 0 0 0 24 16 20 5 2300 2300 2300 0 128 128 128 0 1 2
58000 60000 11 11 27 4778 0 0 39 9377 0 0 710 16 265 189 2300 2300 2300 0 128 128 128 0 1 1
60000 62000 8 6 11 6014 1 48 22 5426 1 48 648 0 243 237 2300 2300 2300 0 128 128 128 0 1 1
62000 64000 2 2 9 2392 0 0 11 1747 0 0 274 2 138 192 2300 2300 2300 0 128 128 128 0 1 1
64000 66000 3 3 15 22418 0 0 26 1350 0 0 79 18 38 35 2300 2300 2300 0 128 128 128 0 1 1
66000 68000 3 3 49 102392 0 0 94 5330 0 0 365 20 143 192 2300 2300 2300 0 128 128 128 0 1 1
68000 70000 6 6 15 5376 0 0 21 4511 0 0 231 47 122 66 2300 2300 2300 0 128 128 128 0 2 2
70000 72000 3 3 9 8702 0 0 12 787 0 0 181 87 142 48 2300 2300 2300 0 128 128 128 0 1 1
72000 74000 0 0 0 0 0 0 0 0 0 0 0 0 0 0 0 0 0 0 0 0 0 0 0 0
74000 76000 0 0 0 0 0 0 0 0 0 0 0 0 0 0 0 0 0 0 0 0 0 0 0 0
76000 78000 3 3 2 0 1 48 2 0 1 48 29 20 25 4 3000 3000 3000 0 128 128 128 0 1 1
78000 80000 1 1 2 0 0 0 3 77 0 0 18 18 18 0 288 288 288 0 128 128 128 0 3 3
80000 82000 1 1 5 6752 0 0 7 378 0 0 164 164 164 0 288 288 288 0 128 128 128 0 1 1
82000 84000 1 1 1 0 0 0 1 0 0 0 18 18 18 0 288 288 288 0 128 128 128 0 1 1
84000 86000 0 0 0 0 0 0 0 0 0 0 0 0 0 0 0 0 0 0 0 0 0 0 0 0
86000 88000 0 0 0 0 0 0 0 0 0 0 0 0 0 0 0 0 0 0 0 0 0 0 0 0
88000 90000 1 1 4 4138 0 0 5 524 0 0 132 132 132 0 1500 1500 1500 0 128 128 128 0 1 1
90000 92000 11 10 80 163114 0 0 132 715 0 0 996 27 245 280 1500 1500 1500 0 128 128 128 0 1 1
92000 94000 6 6 5 0 0 0 5 0 0 0 19 0 15 7 1500 1500 1500 0 128 128 128 0 1 1
94000 96000 2 2 2 35 0 0 3 31 0 0 26 17 22 6 1500 1500 1500 0 128 128 128 0 1 1
96000 98000 4 4 4 0 0 0 4 0 0 0 25 15 22 4 0 0 0 0 0 0 0 0 0 0
98000 100000 2 2 2 35 0 0 3 31 0 0 26 17 21 6 0 0 0 0 0 0 0 0 0 0
100000 102000 3 3 5 3689 0 0 7 409 0 0 153 17 62 78 2300 2300 2300 0 128 128 128 0 1 1
102000 104000 2 2 0 0 17 9257 0 0 18 9316 238 237 238 0 2300 2300 2300 0 128 128 128 0 1 1
104000 106000 2 2 2 0 0 0 3 1781 0 0 20 17 19 2 2300 2300 2300 0 128 128 128 0 2 2
106000 108000 0 0 0 0 0 0 0 0 0 0 0 0 0 0 0 0 0 0 0 0 0 0 0 0
108000 110000 0 0 0 0 0 0 0 0 0 0 0 0 0 0 0 0 0 0 0 0 0 0 0 0
110000 112000 1 1 5 6685 0 0 6 378 0 0 196 196 196 0 2300 2300 2300 0 128 128 128 0 1 1
112000 114000 1 1 1 0 0 0 1 0 0 0 27 27 27 0 2300 2300 2300 0 128 128 128 0 2 2
114000 116000 0 0 0 0 0 0 0 0 0 0 0 0 0 0 0 0 0 0 0 0 0 0 0 0
116000 118000 1 1 1 0 0 0 1 0 0 0 16 16 16 0 2300 2300 2300 0 128 128 128 0 2 2
118000 120000 0 0 0 0 0 0 0 0 0 0 0 0 0 0 0 0 0 0 0 0 0 0 0 0
120000 122000 4 4 11 7817 0 0 16 2209 0 0 179 51 88 61 3000 3000 3000 0 128 128 128 0 1 1
122000 124000 4 3 14 4952 0 0 2 0 0 0 771 0 204 377 288 288 288 0 128 128 128 0 2 3
124000 126000 4 4 17 41366 20 17630 31 221 17 7636 210 0 86 94 288 288 288 0 128 128 128 0 1 1
126000 128000 2 2 44 85406 0 0 74 7046 0 0 387 212 299 123 288 288 288 0 128 128 128 0 1 1
128000 130000 6 6 24 11945 0 0 35 10585 0 0 192 0 81 77 840 840 840 0 128 128 128 0 1 1
130000 132000 5 5 16 12950 0 0 23 12687 0 0 196 0 86 88 840 840 840 0 128 128 128 0 1 1
132000 134000 2 1 91 6828 0 0 141 186358 0 0 791 690 740 71 1500 1500 1500 0 128 128 128 0 1 1
134000 136000 1 1 0 0 7 5385 0 0 4 172 132 132 132 0 1500 1500 1500 0 128 128 128 0 1 1
136000 138000 9 9 9 0 0 0 10 77 0 0 20 0 14 5 1500 1500 1500 0 128 128 128 0 1 1
138000 140000 6 6 7 0 0 0 8 77 0 0 23 20 22 1 2300 2300 2300 0 128 128 128 0 1 1
140000 142000 3 3 11 13679 0 0 14 756 0 0 191 105 152 43 2300 2300 2300 0 128 128 128 0 1 1
142000 144000 4 4 4 0 0 0 4 0 0 0 24 23 23 0 2300 2300 2300 0 128 128 128 0 1 1
144000 146000 1 1 1 0 0 0 1 0 0 0 16 16 16 0 2300 2300 2300 0 128 128 128 0 1 1
146000 148000 1 1 1 0 0 0 1 0 0 0 25 25 25 0 2300 2300 2300 0 128 128 128 0 1 1
148000 150000 0 0 0 0 0 0 0 0 0 0 0 0 0 0 0 0 0 0 0 0 0 0 0 0
150000 152000 3 3 8 6007 0 0 10 428 0 0 182 14 116 89 3000 3000 3000 0 128 128 128 0 2 2
152000 154000 1 1 0 0 0 0 0 0 0 0 0 0 0 0 3000 3000 3000 0 128 128 128 0 1 1
154000 156000 1 1 0 3 0 0 0 3 0 0 9 9 9 0 3000 3000 3000 0 128 128 128 0 1 1
156000 158000 1 1 0 31 0 0 1 27 0 0 84 84 84 0 3000 3000 3000 0 128 128 128 0 1 1
158000 160000 1 1 1 35 0 0 2 31 0 0 103 103 103 0 3000 3000 3000 0 128 128 128 0 1 1
160000 162000 2 2 5 4758 0 0 6 409 0 0 206 116 161 63 3000 3000 3000 0 128 128 128 0 1 1
162000 164000 0 0 0 0 0 0 0 0 0 0 0 0 0 0 0 0 0 0 0 0 0 0 0 0
164000 166000 0 0 0 0 0 0 0 0 0 0 0 0 0 0 0 0 0 0 0 0 0 0 0 0
166000 168000 1 1 1 0 0 0 1 0 0 0 31 31 31 0 3000 3000 3000 0 128 128 128 0 1 1
168000 170000 1 1 4 3678 0 0 5 524 0 0 140 140 140 0 3000 3000 3000 0 128 128 128 0 1 1
170000 172000 2 2 5 5739 0 0 6 378 0 0 208 93 150 81 3000 3000 3000 0 128 128 128 0 1 1
172000 174000 1 1 1 0 0 0 1 0 0 0 284 284 284 0 3000 3000 3000 0 128 128 128 0 1 1
174000 176000 1 1 1 0 0 0 1 0 0 0 16 16 16 0 3000 3000 3000 0 128 128 128 0 1 1
176000 178000 0 0 0 0 0 0 0 0 0 0 0 0 0 0 0 0 0 0 0 0 0 0 0 0
178000 180000 1 1 1 0 0 0 1 0 0 0 15 15 15 0 3000 3000 3000 0 128 128 128 0 1 1
180000 182000 2 2 5 5751 0 0 8 409 0 0 152 50 101 72 3000 3000 3000 0 128 128 128 0 1 1
182000 184000 13 13 12 0 0 0 12 0 0 0 36 0 28 9 3000 3000 3000 0 128 128 128 0 1 1
184000 186000 2 2 17 40733 0 0 25 191 0 0 107 18 62 63 3000 3000 3000 0 128 128 128 0 1 1
186000 188000 6 6 32 70352 0 0 49 360 0 0 185 27 58 62 3000 3000 3000 0 128 128 128 0 1 1
188000 190000 4 4 21 7881 0 0 29 10075 0 0 410 16 172 189 3000 3000 3000 0 128 128 128 0 1 1
190000 192000 5 5 14 9870 0 0 17 1246 0 0 433 1 181 183 0 0 0 0 0 0 0 0 0 0
192000 194000 1 1 0 0 0 0 0 0 0 0 6 6 6 0 3000 2300 2650 494 128 128 128 0 2 2
194000 196000 0 0 0 0 0 0 0 0 0 0 0 0 0 0 0 0 0 0 0 0 0 0 0 0
196000 198000 1 1 1 0 0 0 1 0 0 0 16 16 16 0 2300 2300 2300 0 128 128 128 0 1 1
198000 200000 1 1 2 0 0 0 2 77 0 0 0 0 0 0 2300 2300 2300 0 128 128 128 0 1 1
200000 202000 1 1 6 5972 0 0 5 397 0 0 166 166 166 0 2300 2300 2300 0 128 128 128 0 2 2
202000 204000 0 0 0 0 0 0 0 0 0 0 0 0 0 0 0 0 0 0 0 0 0 0 0 0
204000 206000 0 0 0 0 0 0 0 0 0 0 0 0 0 0 0 0 0 0 0 0 0 0 0 0
206000 208000 0 0 0 0 0 0 0 0 0 0 0 0 0 0 0 0 0 0 0 0 0 0 0 0
208000 210000 1 1 4 3503 0 0 5 524 0 0 152 152 152 0 3000 3000 3000 0 128 128 128 0 1 1
210000 212000 2 2 11 12284 0 0 14 803 0 0 972 24 498 670 3000 3000 3000 0 128 128 128 0 1 1
212000 214000 1 1 1 0 0 0 1 0 0 0 16 16 16 0 3000 3000 3000 0 128 128 128 0 1 1
214000 216000 0 0 0 0 0 0 0 0 0 0 0 0 0 0 0 0 0 0 0 0 0 0 0 0
216000 218000 1 1 1 35 0 0 2 31 0 0 15 15 15 0 3000 3000 3000 0 128 128 128 0 1 1
218000 220000 2 2 2 35 0 0 3 31 0 0 27 23 25 2 3000 3000 3000 0 128 128 128 0 1 1
220000 222000 2 2 6 5037 0 0 8 440 0 0 166 105 136 43 3000 3000 3000 0 128 128 128 0 1 1
222000 224000 0 0 0 0 0 0 0 0 0 0 0 0 0 0 0 0 0 0 0 0 0 0 0 0
224000 226000 1 1 1 0 0 0 1 0 0 0 15 15 15 0 3000 3000 3000 0 128 128 128 0 1 1
226000 228000 0 0 0 0 0 0 0 0 0 0 0 0 0 0 0 0 0 0 0 0 0 0 0 0
228000 230000 11 11 11 0 0 0 11 0 0 0 30 23 27 2 3000 3000 3000 0 128 128 128 0 1 1
230000 232000 4 4 8 5386 0 0 11 417 0 0 220 24 90 90 3000 3000 3000 0 128 128 128 0 1 1
232000 234000 4 4 4 0 0 0 4 0 0 0 19 14 17 2 3000 3000 3000 0 128 128 128 0 1 1
234000 236000 3 3 3 0 0 0 3 0 0 0 24 22 23 1 3000 3000 3000 0 128 128 128 0 1 1
236000 238000 1 1 1 0 0 0 1 0 0 0 17 17 17 0 3000 3000 3000 0 128 128 128 0 1 1
238000 240000 0 0 0 0 0 0 0 0 0 0 0 0 0 0 0 0 0 0 0 0 0 0 0 0
240000 242000 14 14 40 5694 0 0 56 18492 0 0 206 21 75 58 3000 3000 3000 0 128 128 128 0 1 1
242000 244000 1 1 77 3237 0 0 115 151558 0 0 360 360 360 0 3000 3000 3000 0 128 128 128 0 1 1
244000 246000 1 1 17 43055 0 0 25 207 0 0 108 108 108 0 3000 3000 3000 0 128 128 128 0 1 1
246000 248000 6 6 42 68111 0 0 59 4566 0 0 163 18 84 66 3000 3000 3000 0 128 128 128 0 1 1
248000 250000 7 6 30 13009 0 0 40 13936 0 0 976 0 227 348 3000 3000 3000 0 128 128 128 0 2 2
250000 252000 5 5 22 19142 0 0 27 1368 0 0 421 41 177 156 3000 3000 3000 0 128 128 128 0 1 1
252000 254000 0 0 0 0 0 0 0 0 0 0 0 0 0 0 0 0 0 0 0 0 0 0 0 0
254000 256000 0 0 0 0 0 0 0 0 0 0 0 0 0 0 0 0 0 0 0 0 0 0 0 0
256000 258000 0 0 0 0 0 0 0 0 0 0 0 0 0 0 0 0 0 0 0 0 0 0 0 0
258000 260000 2 2 5 0 0 0 5 154 0 0 71 0 36 49 3000 3000 3000 0 128 128 128 0 1 1
260000 262000 1 1 4 6004 0 0 5 378 0 0 195 195 195 0 3000 3000 3000 0 128 128 128 0 1 1
262000 264000 0 0 0 0 0 0 0 0 0 0 0 0 0 0 0 0 0 0 0 0 0 0 0 0
264000 266000 0 0 0 0 0 0 0 0 0 0 0 0 0 0 0 0 0 0 0 0 0 0 0 0
266000 268000 0 0 0 0 0 0 0 0 0 0 0 0 0 0 0 0 0 0 0 0 0 0 0 0
268000 270000 1 1 0 0 24 21784 0 0 18 6496 236 236 236 0 3000 3000 3000 0 128 128 128 0 1 1
270000 272000 4 3 17 13713 0 0 21 1533 0 0 987 12 315 459 3000 3000 3000 0 128 128 128 0 1 1
272000 274000 2 2 2 0 0 0 2 0 0 0 23 23 23 0 3000 3000 3000 0 128 128 128 0 1 1
274000 276000 1 1 1 0 0 0 1 0 0 0 16 16 16 0 3000 3000 3000 0 128 128 128 0 1 1
276000 278000 1 1 1 35 0 0 2 31 0 0 25 25 25 0 3000 3000 3000 0 128 128 128 0 1 1
278000 280000 2 2 2 0 0 0 2 0 0 0 18 16 17 1 3000 3000 3000 0 128 128 128 0 1 1
280000 282000 3 3 6 5669 0 0 10 440 0 0 202 15 79 106 3000 3000 3000 0 128 128 128 0 1 1
282000 284000 0 0 0 0 0 0 0 0 0 0 0 0 0 0 0 0 0 0 0 0 0 0 0 0
284000 286000 0 0 0 0 0 0 0 0 0 0 0 0 0 0 0 0 0 0 0 0 0 0 0 0
286000 288000 1 1 1 0 0 0 1 0 0 0 30 30 30 0 840 840 840 0 128 128 128 0 2 3
288000 290000 3 3 6 3506 0 0 7 524 0 0 148 31 71 67 840 840 840 0 0 0 0 0 1 0
290000 292000 2 2 5 5706 0 0 7 378 0 0 165 31 98 95 840 840 840 0 0 0 0 0 1 0
292000 294000 0 0 0 0 0 0 0 0 0 0 0 0 0 0 0 0 0 0 0 0 0 0 0 0
294000 296000 1 1 1 0 0 0 1 0 0 0 18 18 18 0 840 840 840 0 128 128 128 0 1 3
296000 298000 0 0 0 0 0 0 0 0 0 0 0 0 0 0 0 0 0 0 0 0 0 0 0 0
298000 300000 0 0 0 0 0 0 0 0 0 0 0 0 0 0 0 0 0 0 0 0 0 0 0 0
300000 302000 0 0 0 0 0 0 0 0 0 0 0 0 0 0 0 0 0 0 0 0 0 0 0 0
