ts te nbins ncons c_pkts_all c_ack_cnt c_ack_cnt_p c_bytes_all c_bytes_uniq s_pkts_all s_ack_cnt s_ack_cnt_p s_bytes_all s_bytes_uniq c_pkts_retx s_pkts_retx c_pkts_data s_pkts_data max_bin min_bin avg_bin std_bin max_vid min_vid avg_vid std_vid max_aud min_aud avg_aud std_aud num_vid num_aud num_mfs
0 2000 29 27 221 219 98 50014 49962 324 324 162 167062 161144 0 4 120 159 876 22 397 207 0 0 0 0 0 0 0 0 0 0.0 0.0
2000 4000 4 4 12 12 5 2050 2050 17 17 10 9070 9070 0 0 7 6 306 217 269 43 0 0 0 0 0 0 0 0 0 0.0 0.0
4000 6000 9 7 25 25 7 4797 4741 35 35 24 5504 5504 0 0 17 10 489 82 241 132 0 0 0 0 0 0 0 0 0 0.0 0.0
6000 8000 12 11 92 85 34 34377 32857 124 124 75 41051 41051 2 0 51 43 887 90 457 237 1500 1500 1500 0 128 128 128 0 2 2.0 1.0
8000 10000 10 8 59 56 20 27643 20506 75 75 47 9546 9545 9 2 33 23 605 29 286 187 1500 1500 1500 0 128 128 128 0 2 2.0 1.0
10000 12000 10 8 76 73 28 50205 45548 111 111 73 36346 32118 6 6 45 35 985 0 418 332 1500 1500 1500 0 128 128 128 0 2 2.0 1.0
12000 14000 2 1 4 4 2 1086 1086 6 6 4 1014 1014 0 0 2 2 271 258 264 9 1500 1500 1500 0 128 128 128 0 2 2.0 1.0
14000 16000 2 2 4 4 2 543 543 6 6 3 981 981 0 0 1 2 254 252 253 1 1500 1500 1500 0 128 128 128 0 3 2.0 1.0
16000 18000 0 0 0 0 0 0 0 0 0 0 0 0 0 0 0 0 0 0 0 0 0 0 0 0 0 0 0 0 0  
18000 20000 2 2 11 11 3 5314 5314 14 14 11 4464 4464 0 0 8 3 607 431 519 124 0 0 0 0 0 0 0 0 0 0.0 1.0
20000 22000 2 2 9 9 2 12788 12788 15 15 13 844 844 0 0 7 2 278 254 266 17 3000 3000 3000 0 128 128 128 0 2 1.0 1.0
22000 24000 0 0 0 0 0 0 0 0 0 0 0 0 0 0 0 0 0 0 0 0 0 0 0 0 0 0 0 0 0  
24000 26000 1 1 1 1 1 0 0 1 1 1 0 0 0 0 0 0 19 19 19 0 1500 1500 1500 0 128 128 128 0 2 2.0 1.0
26000 28000 0 0 0 0 0 0 0 0 0 0 0 0 0 0 0 0 0 0 0 0 0 0 0 0 0 0 0 0 0  
28000 30000 4 3 22 21 9 9597 7864 32 32 19 10054 10054 2 0 11 11 994 34 454 399 1500 1500 1500 0 128 128 128 0 1 1.0 1.0
30000 32000 6 5 71 70 7 147556 147556 123 123 116 2964 2964 0 0 63 6 688 0 346 225 1500 1500 1500 0 128 128 128 0 2 2.0 1.0
32000 34000 0 0 0 0 0 0 0 0 0 0 0 0 0 0 0 0 0 0 0 0 0 0 0 0 0 0 0 0 0  
34000 36000 10 10 16 16 9 4304 4304 19 19 16 3856 3856 0 0 6 2 304 17 67 104 0 0 0 0 0 0 0 0 0 0.0 1.0
36000 38000 6 6 6 6 4 1072 1072 8 8 7 657 657 0 0 2 1 251 30 83 87 0 0 0 0 0 0 0 0 0 0.0 1.0
38000 40000 4 4 17 17 5 7381 5299 22 22 16 4487 4487 3 0 11 5 828 64 312 358 1500 1500 1500 0 128 128 128 0 3 3.0 1.0
40000 42000 3 3 5 5 1 5812 5812 10 10 8 453 453 0 0 4 2 324 0 197 173 1500 1500 1500 0 128 128 128 0 2 2.0 1.0
42000 44000 0 0 0 0 0 0 0 0 0 0 0 0 0 0 0 0 0 0 0 0 0 0 0 0 0 0 0 0 0  
44000 46000 10 10 11 11 10 0 0 12 12 10 474 474 0 0 0 1 130 16 30 35 1500 1500 1500 0 128 128 128 0 1 1.0 1.0
46000 48000 15 15 15 15 15 0 0 15 15 15 0 0 0 0 0 0 31 16 23 6 1500 1500 1500 0 128 128 128 0 1 1.0 1.0
48000 50000 7 7 33 32 12 15334 13602 39 39 25 10586 10586 2 0 16 9 881 20 237 326 1500 1500 1500 0 128 128 128 0 1 1.0 1.0
50000 52000 13 13 22 22 13 6048 6048 19 19 12 422 422 0 0 3 1 277 18 64 69 1500 1500 1500 0 128 128 128 0 1 1.0 1.0
52000 54000 4 4 5 5 4 0 0 4 4 3 0 0 0 0 0 0 69 17 39 25 1500 1500 1500 0 128 128 128 0 2 2.0 1.0
54000 56000 0 0 0 0 0 0 0 0 0 0 0 0 0 0 0 0 0 0 0 0 0 0 0 0 0 0 0 0 0  
56000 58000 2 2 2 2 2 0 0 2 2 2 0 0 0 0 0 0 19 17 18 0 3000 3000 3000 0 128 128 128 0 1 1.0 1.0
58000 60000 9 8 29 28 10 9413 5891 29 29 16 7409 7409 3 0 12 6 982 20 249 363 3000 3000 3000 0 128 128 128 0 1 1.0 1.0
60000 62000 9 9 20 19 6 11420 11090 33 33 20 3712 3712 0 0 8 8 296 19 154 118 3000 3000 3000 0 128 128 128 0 1 1.0 1.0
62000 64000 1 1 2 1 0 0 0 2 2 0 574 574 0 0 0 1 36 36 36 0 3000 3000 3000 0 128 128 128 0 1 1.0 1.0
64000 66000 1 1 1 1 0 0 0 2 2 0 53 53 0 0 0 0 76 76 76 0 1500 1500 1500 0 128 128 128 0 1 1.0 1.0
66000 68000 4 3 78 77 5 116256 81556 94 94 81 6214 6214 25 0 72 12 914 34 454 372 1500 1500 1500 0 128 128 128 0 1 1.0 1.0
68000 70000 6 5 55 55 3 66216 47678 62 62 55 4599 4599 13 0 51 5 978 23 356 356 1500 1500 1500 0 128 128 128 0 1 1.0 1.0
70000 72000 6 5 17 17 3 15293 12430 28 28 22 1110 1110 2 0 12 5 829 0 392 335 1500 1500 1500 0 128 128 128 0 1 1.0 1.0
72000 74000 1 1 2 2 1 0 0 1 1 0 0 0 0 0 0 0 23 23 23 0 1500 1500 1500 0 128 128 128 0 1 1.0 1.0
74000 76000 0 0 0 0 0 0 0 0 0 0 0 0 0 0 0 0 0 0 0 0 0 0 0 0 0 0 0 0 0  
76000 78000 1 1 1 1 1 0 0 1 1 1 0 0 0 0 0 0 17 17 17 0 1500 1500 1500 0 128 128 128 0 1 1.0 1.0
78000 80000 1 1 2 2 1 0 0 3 3 1 77 77 0 0 0 1 35 35 35 0 1500 1500 1500 0 128 128 128 0 1 1.0 1.0
80000 82000 2 2 8 8 2 7256 7256 12 12 9 863 863 0 0 5 2 276 173 225 72 1500 1500 1500 0 128 128 128 0 1 1.0 1.0
82000 84000 0 0 0 0 0 0 0 0 0 0 0 0 0 0 0 0 0 0 0 0 0 0 0 0 0 0 0 0 0  
84000 86000 1 1 1 1 1 0 0 1 1 1 0 0 0 0 0 0 21 21 21 0 1500 1500 1500 0 128 128 128 0 1 1.0 1.0
86000 88000 0 0 0 0 0 0 0 0 0 0 0 0 0 0 0 0 0 0 0 0 0 0 0 0 0 0 0 0 0  
88000 90000 1 1 4 4 1 3765 3765 6 6 5 532 532 0 0 3 1 291 291 291 0 1500 1500 1500 0 128 128 128 0 1 1.0 1.0
90000 92000 3 3 6 6 2 5040 5040 10 10 8 453 453 0 0 4 2 284 25 190 143 1500 1500 1500 0 128 128 128 0 1 1.0 1.0
92000 94000 12 12 12 12 12 0 0 12 12 12 0 0 0 0 0 0 26 19 22 3 1500 1500 1500 0 128 128 128 0 1 1.0 1.0
94000 96000 1 1 1 1 1 0 0 1 1 1 0 0 0 0 0 0 31 31 31 0 1500 1500 1500 0 128 128 128 0 1 1.0 1.0
96000 98000 5 5 5 5 4 35 35 7 7 6 31 31 0 0 1 1 333 17 86 138 1500 1500 1500 0 128 128 128 0 1 1.0 1.0
98000 100000 4 4 3 3 3 2 2 3 3 3 2 2 0 0 0 0 70 16 30 26 1500 1500 1500 0 128 128 128 0 2 2.0 1.0
100000 102000 3 3 5 5 1 6099 6099 12 12 9 481 481 0 0 4 2 842 270 463 328 1500 1500 1500 0 128 128 128 0 1 1.0 1.0
102000 104000 1 1 1 1 1 0 0 1 1 1 0 0 0 0 0 0 18 18 18 0 1500 1500 1500 0 128 128 128 0 1 1.0 1.0
104000 106000 0 0 0 0 0 0 0 0 0 0 0 0 0 0 0 0 0 0 0 0 0 0 0 0 0 0 0 0 0  
106000 108000 1 1 1 1 1 0 0 1 1 1 0 0 0 0 0 0 33 33 33 0 1500 1500 1500 0 128 128 128 0 1 1.0 1.0
108000 110000 1 1 0 0 0 0 0 0 0 0 0 0 0 0 0 0 55 55 55 0 1500 1500 1500 0 128 128 128 0 1 1.0 1.0
110000 112000 4 4 6 6 1 4714 4714 10 10 7 422 422 0 0 3 1 257 28 100 105 1500 1500 1500 0 128 128 128 0 1 1.0 1.0
112000 114000 1 1 0 0 0 0 0 0 0 0 0 0 0 0 0 0 13 13 13 0 1500 1500 1500 0 128 128 128 0 1 1.0 1.0
114000 116000 4 4 4 4 1 0 0 7 7 4 0 0 0 0 0 0 33 24 27 3 1500 1500 1500 0 128 128 128 0 1 1.0 1.0
116000 118000 8 8 10 10 1 0 0 13 13 7 0 0 1 0 0 0 465 18 114 146 1500 1500 1500 0 128 128 128 0 2 2.0 1.0
118000 120000 10 8 7 7 0 0 0 14 14 7 0 0 0 0 0 0 124 0 39 38 1500 1500 1500 0 128 128 128 0 1 1.0 1.0
120000 122000 5 5 8 8 1 6343 5746 15 15 11 453 453 1 0 5 2 271 0 147 116 1500 1500 1500 0 128 128 128 0 1 1.0 1.0
122000 124000 2 2 105 103 80 10136 9828 149 149 28 197629 173335 1 10 23 119 584 442 513 100 1500 1500 1500 0 0 0 0 0 1 0.0 1.0
124000 126000 1 1 0 0 0 0 0 0 0 0 0 0 0 0 0 0 0 0 0 0 1500 1500 1500 0 128 128 128 0 1 2.0 1.0
126000 128000 5 4 66 65 11 69862 53206 74 74 60 6877 6877 12 0 54 13 963 0 499 379 1500 1500 1500 0 128 128 128 0 1 1.0 1.0
128000 130000 6 5 46 45 10 39728 25674 61 61 48 10573 10573 10 0 34 11 945 20 516 335 1500 1500 1500 0 128 128 128 0 1 1.0 1.0
130000 132000 9 6 30 29 5 31691 23682 37 37 30 2662 2662 7 0 22 5 992 0 478 338 1500 1500 1500 0 128 128 128 0 1 1.0 1.0
132000 134000 3 2 1 1 0 0 0 0 0 0 0 0 1 0 0 0 432 0 144 249 1500 1500 1500 0 128 128 128 0 1 1.0 1.0
134000 136000 2 2 9 9 0 12946 8376 9 9 9 23 23 3 0 9 0 495 0 247 350 1500 1500 1500 0 128 128 128 0 1 1.0 1.0
136000 138000 4 2 36 36 4 42573 26323 42 42 37 179 179 11 0 30 3 976 22 449 393 1500 1500 1500 0 128 128 128 0 1 1.0 1.0
138000 140000 4 3 20 20 3 22220 13790 19 19 15 135 134 6 1 15 3 991 0 325 461 1500 1500 1500 0 128 128 128 0 1 1.0 1.0
140000 142000 5 3 37 37 2 53941 39666 47 47 45 495 495 9 0 35 2 917 0 361 363 1500 1500 1500 0 128 128 128 0 1 1.0 1.0
142000 144000 2 1 18 18 0 27718 19888 21 21 20 36 36 5 0 18 0 944 789 866 109 1500 1500 1500 0 128 128 128 0 1 1.0 1.0
144000 146000 2 1 22 22 1 30465 22172 28 28 26 69 69 5 0 21 1 969 639 804 233 1500 1500 1500 0 128 128 128 0 2 2.0 1.0
146000 148000 3 1 9 9 1 11174 8363 5 5 5 14 14 2 0 8 0 564 0 298 283 1500 1500 1500 0 128 128 128 0 1 1.0 1.0
148000 150000 2 1 15 15 0 20963 10551 12 12 11 42 42 7 0 15 1 967 99 533 614 3000 3000 3000 0 128 128 128 0 1 1.0 1.0
150000 152000 4 3 26 26 2 34563 20480 37 37 34 495 495 10 0 24 3 891 263 616 299 3000 3000 3000 0 128 128 128 0 1 1.0 1.0
152000 154000 2 1 12 12 0 15551 8611 12 12 12 0 0 5 0 12 0 978 379 679 423 3000 3000 3000 0 128 128 128 0 1 1.0 1.0
154000 156000 0 0 0 0 0 0 0 0 0 0 0 0 0 0 0 0 0 0 0 0 0 0 0 0 0 0 0 0 0  
156000 158000 1 1 2 2 0 70 35 4 4 3 31 31 1 0 2 1 456 456 456 0 3000 3000 3000 0 128 128 128 0 1 1.0 1.0
158000 160000 0 0 0 0 0 0 0 0 0 0 0 0 0 0 0 0 0 0 0 0 0 0 0 0 0 0 0 0 0  
160000 162000 3 3 6 6 1 5124 5124 12 12 9 484 484 0 0 5 3 714 276 437 240 3000 3000 3000 0 128 128 128 0 1 1.0 1.0
162000 164000 0 0 0 0 0 0 0 0 0 0 0 0 0 0 0 0 0 0 0 0 0 0 0 0 0 0 0 0 0  
164000 166000 0 0 0 0 0 0 0 0 0 0 0 0 0 0 0 0 0 0 0 0 0 0 0 0 0 0 0 0 0  
166000 168000 0 0 0 0 0 0 0 0 0 0 0 0 0 0 0 0 0 0 0 0 0 0 0 0 0 0 0 0 0  
168000 170000 3 3 6 6 3 3597 3597 8 8 7 532 532 0 0 3 1 310 24 119 165 3000 3000 3000 0 128 128 128 0 1 1.0 1.0
170000 172000 1 1 4 4 1 5406 5406 7 7 6 422 422 0 0 3 1 256 256 256 0 3000 3000 3000 0 128 128 128 0 1 1.0 1.0
172000 174000 0 0 0 0 0 0 0 0 0 0 0 0 0 0 0 0 0 0 0 0 0 0 0 0 0 0 0 0 0  
174000 176000 1 1 1 1 1 0 0 1 1 1 0 0 0 0 0 0 21 21 21 0 3000 3000 3000 0 128 128 128 0 1 1.0 1.0
176000 178000 1 1 1 1 1 0 0 1 1 1 0 0 0 0 0 0 16 16 16 0 2300 2300 2300 0 128 128 128 0 2 1.0 1.0
178000 180000 0 0 0 0 0 0 0 0 0 0 0 0 0 0 0 0 0 0 0 0 0 0 0 0 0 0 0 0 0  
180000 182000 2 2 5 5 1 5392 5392 10 10 8 453 453 0 0 4 2 272 270 271 1 2300 2300 2300 0 128 128 128 0 1 1.0 1.0
182000 184000 0 0 0 0 0 0 0 0 0 0 0 0 0 0 0 0 0 0 0 0 0 0 0 0 0 0 0 0 0  
184000 186000 0 0 0 0 0 0 0 0 0 0 0 0 0 0 0 0 0 0 0 0 0 0 0 0 0 0 0 0 0  
186000 188000 1 1 1 1 0 35 35 3 3 2 31 31 0 0 1 1 280 280 280 0 2300 2300 2300 0 0 0 0 0 1 0.0 1.0
188000 190000 2 2 16 15 6 6891 5503 21 21 14 6955 6955 1 0 9 6 872 585 728 202 2300 2300 2300 0 128 128 128 0 1 2.0 1.0
190000 192000 5 5 20 20 6 12754 10247 33 33 23 4032 3993 3 2 14 10 870 252 472 290 2300 2300 2300 0 128 128 128 0 1 1.0 1.0
192000 194000 0 0 0 0 0 0 0 0 0 0 0 0 0 0 0 0 0 0 0 0 0 0 0 0 0 0 0 0 0  
194000 196000 0 0 0 0 0 0 0 0 0 0 0 0 0 0 0 0 0 0 0 0 0 0 0 0 0 0 0 0 0  
196000 198000 0 0 0 0 0 0 0 0 0 0 0 0 0 0 0 0 0 0 0 0 0 0 0 0 0 0 0 0 0  
198000 200000 1 1 1 1 1 0 0 1 1 1 0 0 0 0 0 0 17 17 17 0 2300 2300 2300 0 128 128 128 0 1 2.0 1.0
200000 202000 2 2 6 6 2 6003 6003 10 10 7 499 499 0 0 3 2 276 34 155 171 2300 2300 2300 0 128 128 128 0 1 1.0 1.0
202000 204000 0 0 0 0 0 0 0 0 0 0 0 0 0 0 0 0 0 0 0 0 0 0 0 0 0 0 0 0 0  
204000 206000 0 0 0 0 0 0 0 0 0 0 0 0 0 0 0 0 0 0 0 0 0 0 0 0 0 0 0 0 0  
206000 208000 0 0 0 0 0 0 0 0 0 0 0 0 0 0 0 0 0 0 0 0 0 0 0 0 0 0 0 0 0  
208000 210000 1 1 3 3 1 3362 3362 5 5 4 532 532 0 0 2 1 279 279 279 0 2300 2300 2300 0 128 128 128 0 1 1.0 1.0
210000 212000 2 2 5 5 1 5111 5111 9 9 7 453 453 0 0 4 2 488 264 376 158 2300 2300 2300 0 128 128 128 0 1 1.0 1.0
212000 214000 3 3 6 6 5 0 0 6 6 3 77 77 0 0 0 2 30 21 25 4 0 0 0 0 0 0 0 0 0 0.0 1.0
214000 216000 0 0 0 0 0 0 0 0 0 0 0 0 0 0 0 0 0 0 0 0 0 0 0 0 0 0 0 0 0  
216000 218000 1 1 3 3 2 35 35 5 5 2 63 31 0 2 1 3 678 678 678 0 2300 2300 2300 0 128 128 128 0 1 1.0 1.0
218000 220000 0 0 0 0 0 0 0 0 0 0 0 0 0 0 0 0 0 0 0 0 0 0 0 0 0 0 0 0 0  
220000 222000 3 3 6 6 1 4791 4791 12 12 9 484 484 0 0 5 3 590 274 401 166 2300 2300 2300 0 128 128 128 0 2 1.0 1.0
222000 224000 0 0 0 0 0 0 0 0 0 0 0 0 0 0 0 0 0 0 0 0 0 0 0 0 0 0 0 0 0  
224000 226000 0 0 0 0 0 0 0 0 0 0 0 0 0 0 0 0 0 0 0 0 0 0 0 0 0 0 0 0 0  
226000 228000 0 0 0 0 0 0 0 0 0 0 0 0 0 0 0 0 0 0 0 0 0 0 0 0 0 0 0 0 0  
228000 230000 0 0 0 0 0 0 0 0 0 0 0 0 0 0 0 0 0 0 0 0 0 0 0 0 0 0 0 0 0  
230000 232000 1 1 4 4 1 5054 5054 6 6 5 422 422 0 0 3 1 281 281 281 0 2300 2300 2300 0 128 128 128 0 2 1.0 1.0
232000 234000 0 0 0 0 0 0 0 0 0 0 0 0 0 0 0 0 0 0 0 0 0 0 0 0 0 0 0 0 0  
234000 236000 1 1 1 1 1 0 0 1 1 1 0 0 0 0 0 0 17 17 17 0 2300 2300 2300 0 0 0 0 0 1 0.0 1.0
236000 238000 2 2 2 2 1 0 0 3 3 2 0 0 0 0 0 0 73 19 46 38 2300 2300 2300 0 128 128 128 0 1 2.0 1.0
238000 240000 1 1 1 1 0 0 0 2 2 1 0 0 0 0 0 0 46 46 46 0 2300 2300 2300 0 128 128 128 0 1 1.0 1.0
240000 242000 2 2 5 5 1 6088 6088 10 10 8 453 453 0 0 4 2 272 267 270 3 2300 2300 2300 0 128 128 128 0 1 1.0 1.0
242000 244000 2 2 93 91 71 11280 9892 142 142 26 199043 172874 1 15 20 114 611 593 602 12 0 0 0 0 0 0 0 0 0 0.0 1.0
244000 246000 0 0 0 0 0 0 0 0 0 0 0 0 0 0 0 0 0 0 0 0 0 0 0 0 0 0 0 0 0  
246000 248000 2 2 14 13 6 4685 4685 20 20 11 6676 6676 0 0 7 8 589 302 446 202 2300 2300 2300 0 128 128 128 0 2 2.0 1.0
248000 250000 3 2 17 17 3 12476 6856 20 20 16 4249 4249 5 0 14 4 747 261 581 277 2300 2300 2300 0 128 128 128 0 1 1.0 1.0
250000 252000 8 6 26 25 6 23420 19547 37 37 27 7199 7199 3 0 18 8 849 0 315 284 2300 2300 2300 0 128 128 128 0 2 2.0 1.0
252000 254000 0 0 0 0 0 0 0 0 0 0 0 0 0 0 0 0 0 0 0 0 0 0 0 0 0 0 0 0 0  
254000 256000 0 0 0 0 0 0 0 0 0 0 0 0 0 0 0 0 0 0 0 0 0 0 0 0 0 0 0 0 0  
256000 258000 1 1 3 3 2 0 0 3 3 1 77 77 0 0 0 1 20 20 20 0 0 0 0 0 128 128 128 0 0 1.0 1.0
258000 260000 0 0 0 0 0 0 0 0 0 0 0 0 0 0 0 0 0 0 0 0 0 0 0 0 0 0 0 0 0  
260000 262000 2 2 7 7 3 5155 5155 10 10 7 499 499 0 0 3 2 275 19 147 180 2300 2300 2300 0 0 0 0 0 1 0.0 1.0
262000 264000 0 0 0 0 0 0 0 0 0 0 0 0 0 0 0 0 0 0 0 0 0 0 0 0 0 0 0 0 0  
264000 266000 0 0 0 0 0 0 0 0 0 0 0 0 0 0 0 0 0 0 0 0 0 0 0 0 0 0 0 0 0  
266000 268000 0 0 0 0 0 0 0 0 0 0 0 0 0 0 0 0 0 0 0 0 0 0 0 0 0 0 0 0 0  
268000 270000 0 0 0 0 0 0 0 0 0 0 0 0 0 0 0 0 0 0 0 0 0 0 0 0 0 0 0 0 0  
270000 272000 4 4 17 16 7 10054 10054 25 25 16 6017 6017 0 0 8 7 472 257 317 103 2300 2300 2300 0 128 128 128 0 1 1.0 1.0
272000 274000 0 0 0 0 0 0 0 0 0 0 0 0 0 0 0 0 0 0 0 0 0 0 0 0 0 0 0 0 0  
274000 276000 0 0 0 0 0 0 0 0 0 0 0 0 0 0 0 0 0 0 0 0 0 0 0 0 0 0 0 0 0  
276000 278000 1 1 1 1 0 35 35 3 3 2 31 31 0 0 1 1 251 251 251 0 2300 2300 2300 0 128 128 128 0 1 1.0 1.0
278000 280000 0 0 0 0 0 0 0 0 0 0 0 0 0 0 0 0 0 0 0 0 0 0 0 0 0 0 0 0 0  
280000 282000 4 4 14 13 4 9400 9400 22 22 16 2662 2662 0 0 9 5 501 267 383 131 2300 2300 2300 0 128 128 128 0 1 1.0 1.0
282000 284000 0 0 0 0 0 0 0 0 0 0 0 0 0 0 0 0 0 0 0 0 0 0 0 0 0 0 0 0 0  
284000 286000 0 0 0 0 0 0 0 0 0 0 0 0 0 0 0 0 0 0 0 0 0 0 0 0 0 0 0 0 0  
286000 288000 1 1 1 1 1 0 0 1 1 1 0 0 0 0 0 0 19 19 19 0 2300 2300 2300 0 128 128 128 0 1 1.0 1.0
288000 290000 2 2 4 4 2 3269 3269 6 6 5 532 532 0 0 2 1 296 16 156 198 2300 2300 2300 0 128 128 128 0 2 1.0 1.0
290000 292000 1 1 4 4 1 6025 6025 7 7 6 422 422 0 0 3 1 280 280 280 0 2300 2300 2300 0 128 128 128 0 1 2.0 1.0
292000 294000 0 0 0 0 0 0 0 0 0 0 0 0 0 0 0 0 0 0 0 0 0 0 0 0 0 0 0 0 0  
294000 296000 1 1 1 1 1 0 0 1 1 1 0 0 0 0 0 0 28 28 28 0 0 0 0 0 0 0 0 0 0 0.0 1.0
296000 298000 0 0 0 0 0 0 0 0 0 0 0 0 0 0 0 0 0 0 0 0 0 0 0 0 0 0 0 0 0  
298000 300000 0 0 0 0 0 0 0 0 0 0 0 0 0 0 0 0 0 0 0 0 0 0 0 0 0 0 0 0 0  
