ts te nbins ncons c_pkts_all c_ack_cnt c_ack_cnt_p c_bytes_all c_bytes_uniq s_pkts_all s_ack_cnt s_ack_cnt_p s_bytes_all s_bytes_uniq c_pkts_retx s_pkts_retx c_pkts_data s_pkts_data max_bin min_bin avg_bin std_bin max_vid min_vid avg_vid std_vid max_aud min_aud avg_aud std_aud num_vid num_aud num_mfs
0 5000 0 0 0 0 0 0 0 0 0 0 0 0 0 0 0 0 0 0 0 0 0 0 0 0 0 0 0 0 0  
5000 10000 12 4 292 288 264 21236 21236 416 416 43 654232 590826 0 40 23 368 997 340 752 248 288 288 288 0 128 128 128 0 7 7.0 2.0
10000 15000 14 4 261 261 247 10954 10954 376 376 26 648215 568630 0 41 13 348 999 225 669 310 288 288 288 0 128 128 128 0 5 5.0 3.0
15000 20000 9 3 165 165 156 7162 7162 226 226 17 404746 396545 0 6 8 209 998 269 671 315 840 480 660 207 128 128 128 0 4 2.0 2.0
20000 25000 9 3 251 251 240 9255 8414 326 326 18 593362 573589 1 13 11 308 999 260 734 229 840 480 570 180 128 128 128 0 4 4.0 3.0
25000 30000 9 2 222 222 215 5862 5862 301 301 11 585547 580271 0 3 7 290 998 0 612 402 840 840 840 0 128 128 128 0 2 2.0 2.0
30000 35000 9 2 216 216 208 6669 6669 336 336 13 674516 630893 0 26 7 322 999 149 640 355 840 840 840 0 128 128 128 0 3 3.0 3.0
35000 40000 8 2 242 242 234 6410 6410 336 336 11 615809 576320 0 23 7 325 998 171 689 356 840 840 840 0 128 128 128 0 2 2.0 2.0
40000 45000 7 2 132 132 128 2972 2972 174 174 8 289258 251180 0 28 3 166 995 293 657 299 840 840 840 0 128 128 128 0 1 1.0 3.0
45000 50000 7 3 111 111 104 6351 6351 158 158 11 264946 256675 0 6 7 146 990 98 754 301 480 480 480 0 128 128 128 0 3 2.0 2.0
50000 55000 15 3 341 341 328 11022 11022 508 508 27 866475 862443 0 3 13 481 999 3 694 381 480 480 480 0 128 128 128 0 5 6.0 3.0
55000 60000 10 2 242 242 234 6283 6283 328 328 12 579213 558545 0 11 7 316 999 183 645 356 840 840 840 0 128 128 128 0 2 2.0 2.0
60000 65000 9 2 264 264 257 6142 6142 377 377 13 668101 641216 0 16 7 364 995 287 695 312 840 840 840 0 128 128 128 0 3 3.0 3.0
65000 70000 11 2 253 253 246 5967 5967 383 383 11 646010 577483 0 41 7 371 993 196 677 318 840 840 840 0 128 128 128 0 2 2.0 2.0
70000 75000 8 2 181 181 175 5108 5108 267 267 10 492900 487348 0 3 6 256 995 22 659 368 840 840 840 0 128 128 128 0 2 2.0 3.0
75000 80000 7 3 114 114 108 4902 4902 164 164 11 257102 241477 0 9 5 152 975 309 615 259 480 480 480 0 128 128 128 0 2 2.0 2.0
80000 85000 11 3 245 245 235 9034 9034 365 365 20 649397 642916 0 4 10 345 995 0 585 360 480 480 480 0 128 128 128 0 4 4.0 3.0
85000 90000 8 2 184 184 177 6392 6392 260 260 11 494420 487632 0 5 7 249 998 290 698 338 840 840 840 0 128 128 128 0 2 2.0 2.0
90000 95000 6 2 109 109 105 2999 2999 144 144 7 258425 255649 0 2 3 136 993 161 579 363 840 840 840 0 128 128 128 0 1 1.0 3.0
95000 100000 10 3 257 257 246 8991 8991 360 360 19 646855 622530 0 14 10 341 999 365 871 205 480 480 480 0 128 128 128 0 4 4.0 2.0
100000 105000 10 2 242 242 232 8302 8302 379 379 18 697281 694358 0 1 9 360 996 42 624 384 840 480 660 207 128 128 128 0 4 4.0 3.0
105000 110000 10 2 253 253 245 6956 6956 329 329 11 611688 553758 0 32 8 318 999 300 724 267 840 840 840 0 128 128 128 0 2 2.0 2.0
110000 115000 11 2 237 237 230 5544 5544 343 343 13 644985 639864 0 3 6 330 998 125 668 344 840 840 840 0 128 128 128 0 3 3.0 3.0
115000 120000 8 2 216 216 209 5847 5847 297 297 11 563850 563850 0 0 7 285 997 306 702 325 840 840 840 0 128 128 128 0 2 2.0 2.0
120000 125000 8 2 181 181 172 6894 5233 295 295 14 511553 460836 2 33 8 281 994 246 704 342 840 840 840 0 128 128 128 0 2 2.0 3.0
125000 130000 8 2 180 180 170 7795 7795 295 295 14 543513 536185 0 4 9 280 997 274 769 311 840 480 600 207 128 128 128 0 3 3.0 2.0
130000 135000 8 2 183 183 176 6137 6137 256 256 13 478442 467921 0 9 7 243 973 306 616 237 840 480 600 207 128 128 128 0 3 3.0 3.0
135000 140000 8 3 139 139 133 5296 5296 194 194 10 373613 357089 0 12 6 184 998 0 604 398 840 288 564 390 128 128 128 0 2 2.0 2.0
140000 145000 7 2 168 168 160 7302 7302 238 238 15 410679 410679 0 0 8 223 743 274 549 187 480 288 352 110 128 128 128 0 3 3.0 3.0
145000 150000 4 2 73 73 69 3480 3480 105 105 7 175914 175914 0 0 4 98 869 162 448 299 480 480 480 0 128 128 128 0 1 1.0 2.0
150000 155000 8 2 245 245 233 10292 9452 353 353 19 602590 576551 1 16 12 333 999 378 785 211 480 480 480 0 128 128 128 0 4 4.0 3.0
155000 160000 11 3 257 257 248 6980 6980 342 342 14 581561 562803 0 16 8 328 999 138 634 376 840 480 600 207 128 128 128 0 3 3.0 2.0
160000 165000 10 2 229 229 221 6679 6679 345 345 13 664330 650743 0 7 8 331 997 156 743 333 840 840 840 0 128 128 128 0 3 3.0 3.0
165000 170000 8 2 231 231 223 6430 6430 332 332 11 604029 574190 0 14 7 321 990 303 765 286 840 840 840 0 128 128 128 0 2 2.0 2.0
170000 175000 8 2 158 158 153 4399 4399 224 224 9 397472 384941 0 8 5 215 999 0 560 387 840 840 840 0 128 128 128 0 2 2.0 3.0
175000 180000 8 2 203 203 195 6935 6935 298 298 14 543893 532973 0 5 8 284 982 264 737 304 480 480 480 0 128 128 128 0 3 3.0 2.0
180000 185000 7 2 216 216 207 7259 7259 327 327 14 573855 554913 0 11 8 313 997 301 670 307 840 480 720 207 128 128 128 0 3 3.0 3.0
185000 190000 8 2 211 211 203 6398 6398 293 293 11 557187 541888 0 11 7 281 998 276 690 345 840 840 840 0 128 128 128 0 2 2.0 2.0
190000 195000 9 2 236 236 227 7099 6488 367 367 15 669157 648485 0 12 8 351 992 242 686 330 840 840 840 0 128 128 128 0 3 4.0 3.0
195000 200000 12 3 310 310 301 6774 6545 425 425 15 767560 740131 0 19 8 409 996 264 714 286 840 840 840 0 128 128 128 0 3 2.0 2.0
200000 205000 10 3 226 226 218 6313 6313 307 307 13 567439 550900 0 9 7 293 999 48 564 377 840 840 840 0 128 128 128 0 3 3.0 3.0
205000 210000 11 3 283 283 275 6763 6763 393 393 13 721369 683173 0 22 8 379 998 176 728 323 840 840 840 0 128 128 128 0 2 2.0 2.0
210000 215000 7 2 132 132 126 4778 4778 193 193 10 375898 375898 0 0 5 183 981 0 482 351 840 840 840 0 128 128 128 0 2 2.0 3.0
215000 220000 7 2 159 159 152 6137 6137 216 216 11 423236 423236 0 0 7 205 997 272 643 301 480 480 480 0 128 128 128 0 2 2.0 2.0
220000 225000 9 2 212 212 202 8270 8270 312 312 18 608600 602114 0 5 9 293 997 189 708 348 840 480 570 180 128 128 128 0 4 4.0 3.0
225000 230000 8 2 231 231 224 5838 5838 318 318 11 561316 559928 0 1 7 306 999 266 695 347 840 840 840 0 128 128 128 0 2 2.0 2.0
230000 235000 9 2 213 213 205 6668 6668 344 344 13 641892 640912 0 0 7 330 998 279 657 339 840 840 840 0 128 128 128 0 3 3.0 3.0
235000 240000 8 2 298 298 291 5830 5830 354 354 11 583429 560094 0 16 7 343 997 292 707 326 840 840 840 0 128 128 128 0 2 2.0 2.0
240000 245000 9 2 333 333 325 6860 6860 417 417 15 662668 622130 0 26 8 401 999 203 659 332 840 840 840 0 128 128 128 0 3 4.0 3.0
245000 250000 11 3 323 323 315 7022 7022 454 454 15 853422 808239 0 27 8 438 995 142 714 304 840 840 840 0 128 128 128 0 3 2.0 2.0
250000 255000 9 2 261 261 253 6975 6975 377 377 13 664732 628476 0 24 8 363 991 215 760 263 840 840 840 0 128 128 128 0 3 3.0 3.0
255000 260000 9 2 254 254 246 6881 6881 342 342 11 616453 584449 0 21 8 330 999 295 751 302 840 840 840 0 128 128 128 0 2 2.0 2.0
260000 265000 10 2 225 225 218 5627 5627 315 315 13 629666 614348 0 7 6 302 997 269 667 306 840 840 840 0 128 128 128 0 3 3.0 3.0
265000 270000 8 2 216 216 209 5826 5826 323 323 11 624506 606588 0 10 6 311 999 251 685 356 840 840 840 0 128 128 128 0 2 2.0 2.0
270000 275000 7 3 41 41 37 2884 2693 62 62 5 114042 109990 0 2 3 56 973 0 350 347 480 480 480 0 128 128 128 0 2 1.0 3.0
275000 280000 11 3 245 245 233 9880 9232 355 355 21 649223 643221 0 5 11 333 999 43 708 326 480 480 480 0 128 128 128 0 3 4.0 2.0
280000 285000 8 2 208 208 200 7260 7260 332 332 14 671997 671997 0 0 8 318 998 226 686 357 840 840 840 0 128 128 128 0 3 3.0 3.0
285000 290000 8 2 204 204 196 6407 6407 281 281 11 544419 544419 0 0 7 270 996 270 686 354 840 840 840 0 128 128 128 0 2 2.0 2.0
290000 295000 11 2 193 193 184 7414 7414 271 271 16 488083 448643 0 22 8 255 997 0 685 419 840 840 840 0 128 128 128 0 4 4.0 3.0
295000 300000 9 2 223 223 216 6183 6183 338 338 13 635894 630702 0 6 7 324 997 402 762 244 840 840 840 0 128 128 128 0 2 2.0 2.0
300000 305000 1 1 4 4 4 244 244 3 3 0 7127 7127 0 0 0 3 288 288 288 0 0 0 0 0 0 0 0 0 0 0.0 0.0
