ts te nbins ncons c_pkts_all c_bytes_all s_pkts_all s_bytes_all max_bin min_bin avg_bin std_bin max_vid min_vid avg_vid std_vid max_aud min_aud avg_aud std_aud num_vid num_aud num_mfs
0 10000 8 7 255 50012 543 625226 999 145 495 269 1500 1500 1500 0 128 128 128 0 6 7 3.0
10000 20000 15 9 287 161994 358 299517 676 0 291 167 3000 1500 1950 724 128 128 128 0 10 9 5.0
20000 30000 2 1 80 94846 25 760 195 191 193 3 3000 3000 3000 0 128 128 128 0 5 5 5.0
30000 40000 3 3 21 12333 22 9488 140 115 124 14 3000 3000 3000 0 128 128 128 0 5 5 5.0
40000 50000 1 1 5 3165 4 169 142 142 142 0 3000 3000 3000 0 128 128 128 0 5 6 5.0
50000 60000 0 0 0 0 0 0 0 0 0 0 0 0 0 0 0 0 0 0 0 0 
60000 70000 0 0 0 0 0 0 0 0 0 0 0 0 0 0 0 0 0 0 0 0 
70000 80000 0 0 0 0 0 0 0 0 0 0 0 0 0 0 0 0 0 0 0 0 
80000 90000 0 0 0 0 0 0 0 0 0 0 0 0 0 0 0 0 0 0 0 0 
90000 100000 2 2 16 8003 16 8026 157 147 152 6 3000 3000 3000 0 128 128 128 0 6 5 5.0
100000 110000 0 0 0 0 0 0 0 0 0 0 0 0 0 0 0 0 0 0 0 0 
110000 120000 0 0 0 0 0 0 0 0 0 0 0 0 0 0 0 0 0 0 0 0 
120000 130000 0 0 0 0 0 0 0 0 0 0 0 0 0 0 0 0 0 0 0 0 
130000 140000 0 0 0 0 0 0 0 0 0 0 0 0 0 0 0 0 0 0 0 0 
140000 150000 0 0 0 0 0 0 0 0 0 0 0 0 0 0 0 0 0 0 0 0 
150000 160000 0 0 0 0 0 0 0 0 0 0 0 0 0 0 0 0 0 0 0 0 
160000 170000 0 0 0 0 0 0 0 0 0 0 0 0 0 0 0 0 0 0 0 0 
170000 180000 0 0 0 0 0 0 0 0 0 0 0 0 0 0 0 0 0 0 0 0 
180000 190000 0 0 0 0 0 0 0 0 0 0 0 0 0 0 0 0 0 0 0 0 
190000 200000 1 1 27 24990 20 6726 278 278 278 0 3000 2300 2737 362 128 128 128 0 8 7 5.0
200000 210000 1 1 5 2880 4 167 135 135 135 0 3000 3000 3000 0 128 128 128 0 5 5 5.0
210000 220000 1 1 6 2879 5 259 282 282 282 0 3000 3000 3000 0 128 128 128 0 5 5 5.0
220000 230000 0 0 0 0 0 0 0 0 0 0 0 0 0 0 0 0 0 0 0 0 
230000 240000 0 0 0 0 0 0 0 0 0 0 0 0 0 0 0 0 0 0 0 0 
240000 250000 0 0 0 0 0 0 0 0 0 0 0 0 0 0 0 0 0 0 0 0 
250000 260000 0 0 0 0 0 0 0 0 0 0 0 0 0 0 0 0 0 0 0 0 
260000 270000 0 0 0 0 0 0 0 0 0 0 0 0 0 0 0 0 0 0 0 0 
270000 280000 0 0 0 0 0 0 0 0 0 0 0 0 0 0 0 0 0 0 0 0 
280000 290000 0 0 0 0 0 0 0 0 0 0 0 0 0 0 0 0 0 0 0 0 
290000 300000 0 0 0 0 0 0 0 0 0 0 0 0 0 0 0 0 0 0 0 0 
300000 310000 0 0 0 0 0 0 0 0 0 0 0 0 0 0 0 0 0 0 0 0 
