ts te nbins ncons c_tcp_packs c_tcp_bytes c_udp_packs c_udp_bytes s_tcp_packs s_tcp_bytes s_udp_packs s_udp_bytes max_bins_span min_bins_span avg_bins_span std_bins_span max_video_rate min_video_rate avg_video_rate std_video_rate max_audio_rate min_audio_rate avg_audio_rate std_audio_rate video_requests audio_requests
0 2000 0 0 0 0 0 0 0 0 0 0 0 0 0 0 0 0 0 0 0 0 0 0 0 0
2000 4000 0 0 0 0 0 0 0 0 0 0 0 0 0 0 0 0 0 0 0 0 0 0 0 0
4000 6000 0 0 0 0 0 0 0 0 0 0 0 0 0 0 0 0 0 0 0 0 0 0 0 0
6000 8000 3 2 7 1851 247 17835 8 4326 766 907920 996 200 687 427 2300 840 1570 842 128 128 128 0 4 3
8000 10000 3 1 0 0 224 10428 0 0 463 554920 992 133 662 463 840 840 840 0 128 128 128 0 2 2
10000 12000 3 1 0 0 196 8774 0 0 465 556528 996 132 662 463 840 840 840 0 128 128 128 0 2 2
12000 14000 3 1 0 0 199 8978 0 0 413 506340 996 139 662 459 840 840 840 0 128 128 128 0 2 2
14000 16000 3 1 0 0 167 7570 0 0 354 433168 994 146 661 451 840 840 840 0 128 128 128 0 2 2
16000 18000 3 1 0 0 164 7394 0 0 365 441675 996 151 660 448 480 480 480 0 128 128 128 0 3 2
18000 20000 3 1 0 0 111 4723 0 0 272 321257 992 150 657 446 840 840 840 0 128 128 128 0 1 1
20000 22000 3 1 0 0 98 4210 0 0 234 275393 991 95 395 515 840 840 840 0 128 128 128 0 1 1
22000 24000 1 1 0 0 42 2103 0 0 179 207103 499 499 499 0 840 840 840 0 128 128 128 0 1 1
24000 26000 2 2 2 0 81 3766 2 24 339 396393 668 101 384 401 1500 1500 1500 0 128 128 128 0 2 1
26000 28000 2 2 1 0 71 3069 1 0 318 372944 746 17 381 515 1500 1500 1500 0 128 128 128 0 1 1
28000 30000 1 1 0 0 109 4366 0 0 471 564100 886 886 886 0 2300 2300 2300 0 128 128 128 0 1 1
30000 32000 1 1 0 0 117 4848 0 0 483 583996 915 915 915 0 2300 2300 2300 0 128 128 128 0 1 1
32000 34000 2 1 0 0 145 5874 0 0 656 797637 993 169 581 582 3000 3000 3000 0 128 128 128 0 2 1
34000 36000 2 1 0 0 176 7055 0 0 691 840194 999 256 627 525 3000 3000 3000 0 128 128 128 0 1 1
36000 38000 2 1 0 0 144 5619 0 0 626 758226 997 625 811 262 3000 3000 3000 0 128 128 128 0 1 1
38000 40000 3 1 0 0 272 11005 0 0 1069 1305399 997 371 657 316 3000 3000 3000 0 128 128 128 0 2 2
40000 42000 3 1 0 0 207 7991 0 0 832 1013545 998 376 653 316 3000 3000 3000 0 128 128 128 0 1 1
42000 44000 3 1 0 0 220 9363 0 0 845 1029861 998 409 634 318 4400 4400 4400 0 128 128 128 0 2 1
44000 46000 3 1 0 0 253 10238 0 0 940 1155856 995 493 661 289 4400 4400 4400 0 128 128 128 0 1 1
46000 48000 3 1 0 0 277 10718 0 0 1078 1317825 999 491 661 293 4400 4400 4400 0 128 128 128 0 1 1
48000 50000 3 1 0 0 203 7967 0 0 816 991376 999 473 657 296 4400 4400 4400 0 128 128 128 0 1 1
50000 52000 3 1 0 0 255 10043 0 0 1010 1234860 996 472 663 289 4400 4400 4400 0 128 128 128 0 1 1
52000 54000 3 1 0 0 238 9274 0 0 964 1186617 995 467 662 289 4400 4400 4400 0 128 128 128 0 1 1
54000 56000 3 1 0 0 192 7121 0 0 885 1087342 992 445 630 313 4400 4400 4400 0 128 128 128 0 1 1
56000 58000 3 1 0 0 197 7353 0 0 901 1108256 998 441 663 295 4400 4400 4400 0 128 128 128 0 1 1
58000 60000 3 1 0 0 211 8197 0 0 947 1168364 993 440 664 291 4400 4400 4400 0 128 128 128 0 1 1
60000 62000 3 1 0 0 187 7393 0 0 810 995659 995 378 641 318 4400 4400 4400 0 128 128 128 0 1 1
62000 64000 3 1 0 0 201 7754 0 0 897 1102804 997 281 609 361 4400 4400 4400 0 128 128 128 0 1 1
64000 66000 3 1 0 0 262 10267 0 0 1114 1367936 995 275 661 362 4400 4400 4400 0 128 128 128 0 1 1
66000 68000 2 1 0 0 216 8628 0 0 838 1030562 949 722 836 160 4400 4400 4400 0 128 128 128 0 1 1
68000 70000 2 1 0 0 229 8831 0 0 1001 1230435 998 578 788 296 4400 4400 4400 0 128 128 128 0 1 1
70000 72000 2 1 0 0 172 7260 0 0 724 885543 999 621 810 267 4400 4400 4400 0 128 128 128 0 1 1
72000 74000 3 1 0 0 214 8318 0 0 941 1152011 999 373 658 316 4400 4400 4400 0 128 128 128 0 1 1
74000 76000 3 1 0 0 215 8514 0 0 899 1104670 997 392 663 307 4400 4400 4400 0 128 128 128 0 1 1
76000 78000 3 1 0 0 171 6787 0 0 753 922082 995 397 649 309 3000 3000 3000 0 128 128 128 0 1 1
78000 80000 3 1 0 0 139 5690 0 0 619 752214 998 401 648 311 3000 3000 3000 0 128 128 128 0 1 1
80000 82000 3 1 0 0 124 5448 0 0 522 635343 994 452 661 291 3000 3000 3000 0 128 128 128 0 1 1
82000 84000 3 1 0 0 222 9199 0 0 970 1185910 997 412 636 315 3000 3000 3000 0 128 128 128 0 2 2
84000 86000 3 1 0 0 229 9477 0 0 991 1217451 998 495 663 290 3000 3000 3000 0 128 128 128 0 1 1
86000 88000 3 1 0 0 162 6657 0 0 686 833985 998 467 655 296 3000 3000 3000 0 128 128 128 0 1 1
88000 90000 3 1 0 0 215 8556 0 0 946 1152472 999 439 652 303 6500 6500 6500 0 128 128 128 0 2 1
90000 92000 3 1 0 0 299 11060 0 0 1331 1652412 999 346 634 333 6500 6500 6500 0 128 128 128 0 1 1
92000 94000 3 1 0 0 288 10986 0 0 1285 1590523 997 341 663 328 6500 6500 6500 0 128 128 128 0 1 1
94000 96000 3 1 0 0 292 11118 0 0 1293 1597754 999 337 663 330 6500 6500 6500 0 128 128 128 0 1 1
96000 98000 3 1 0 0 317 12173 0 0 1348 1665269 998 331 663 333 6500 6500 6500 0 128 128 128 0 1 1
98000 100000 3 1 0 0 286 10908 0 0 1232 1522307 998 317 661 340 6500 6500 6500 0 128 128 128 0 1 1
100000 102000 3 1 0 0 272 10472 0 0 1206 1486435 997 315 662 341 4400 4400 4400 0 128 128 128 0 1 1
102000 104000 3 1 0 0 237 9101 0 0 1038 1278297 997 308 662 344 4400 4400 4400 0 128 128 128 0 1 1
104000 106000 3 1 0 0 251 10992 0 0 905 1108931 995 307 664 345 4400 4400 4400 0 128 128 128 0 1 1
106000 108000 3 1 0 0 269 10991 0 0 1039 1278907 998 303 662 348 4400 4400 4400 0 128 128 128 0 1 1
108000 110000 2 1 0 0 156 6156 0 0 670 821564 837 696 766 99 3000 3000 3000 0 128 128 128 0 1 1
110000 112000 2 1 0 0 152 6254 0 0 632 773217 997 625 811 263 3000 3000 3000 0 128 128 128 0 1 1
112000 114000 3 1 0 0 147 5952 0 0 632 768877 994 373 657 313 3000 3000 3000 0 128 128 128 0 1 1
114000 116000 3 1 0 0 139 5649 0 0 586 716617 997 392 663 307 3000 3000 3000 0 128 128 128 0 1 1
116000 118000 3 1 0 0 154 6181 0 0 676 824223 998 373 656 316 3000 3000 3000 0 128 128 128 0 1 1
118000 120000 3 1 0 0 141 5716 0 0 639 780390 999 399 650 312 3000 3000 3000 0 128 128 128 0 1 1
120000 122000 2 1 0 0 127 5182 0 0 543 657731 843 449 646 279 3000 3000 3000 0 128 128 128 0 1 1
122000 124000 2 1 0 0 169 7113 0 0 679 829718 999 273 636 513 3000 3000 3000 0 128 128 128 0 1 1
124000 126000 3 1 0 0 221 9762 0 0 850 1033481 999 266 663 370 3000 3000 3000 0 128 128 128 0 2 2
126000 128000 2 1 0 0 173 7114 0 0 611 742668 747 730 738 12 3000 3000 3000 0 128 128 128 0 1 1
128000 130000 2 1 0 0 191 7445 0 0 823 1008531 999 393 696 428 4400 4400 4400 0 128 128 128 0 1 1
130000 132000 2 1 0 0 220 8476 0 0 946 1165827 995 626 810 260 4400 4400 4400 0 128 128 128 0 1 1
132000 134000 3 1 0 0 196 7691 0 0 839 1021904 995 46 555 478 4400 4400 4400 0 128 128 128 0 1 1
134000 136000 3 1 0 0 225 8959 0 0 870 1061652 997 372 658 315 4400 4400 4400 0 128 128 128 0 1 1
136000 138000 3 1 0 0 243 9508 0 0 1001 1227996 997 390 662 307 4400 4400 4400 0 128 128 128 0 1 1
138000 140000 3 1 0 0 212 8252 0 0 897 1096976 997 374 654 316 4400 4400 4400 0 128 128 128 0 1 1
140000 142000 3 1 0 0 220 8894 0 0 928 1135988 998 403 646 312 4400 4400 4400 0 128 128 128 0 1 1
142000 144000 3 1 0 0 229 9112 0 0 907 1111782 994 459 649 298 4400 4400 4400 0 128 128 128 0 1 1
144000 146000 3 1 0 0 219 8833 0 0 843 1030759 997 490 663 289 4400 4400 4400 0 128 128 128 0 1 1
146000 148000 3 1 0 0 264 10788 0 0 996 1212709 994 462 649 299 4400 4400 4400 0 128 128 128 0 1 1
148000 150000 3 1 0 0 245 9747 0 0 978 1203063 998 366 623 331 4400 4400 4400 0 128 128 128 0 1 1
150000 152000 3 1 0 0 209 8177 0 0 896 1100123 999 352 617 338 4400 4400 4400 0 128 128 128 0 1 1
152000 154000 3 1 0 0 192 7336 0 0 790 966219 999 290 599 362 4400 4400 4400 0 128 128 128 0 1 1
154000 156000 1 1 0 0 45 1636 0 0 177 218265 473 473 473 0 0 0 0 0 0 0 0 0 0 0
156000 158000 2 1 0 0 243 10500 0 0 1049 1287559 997 623 810 263 3000 3000 3000 0 128 128 128 0 2 2
158000 160000 3 1 0 0 295 11515 0 0 1179 1451486 998 373 662 315 3000 3000 3000 0 128 128 128 0 2 2
160000 162000 3 1 0 0 212 8679 0 0 852 1042269 999 374 659 316 3000 3000 3000 0 128 128 128 0 1 1
162000 164000 3 1 0 0 225 9089 0 0 867 1065358 997 390 662 308 4400 4400 4400 0 128 128 128 0 1 1
164000 166000 3 1 0 0 226 8766 0 0 965 1185743 998 397 647 313 4400 4400 4400 0 128 128 128 0 1 1
166000 168000 3 1 0 0 276 12088 0 0 955 1170603 997 406 643 312 4400 4400 4400 0 128 128 128 0 1 1
168000 170000 2 1 0 0 32 1368 0 0 103 124337 403 33 218 261 0 0 0 0 0 0 0 0 0 0
170000 172000 2 1 0 0 236 10380 0 0 855 1033264 998 622 810 266 4400 4400 4400 0 128 128 128 0 1 1
172000 174000 3 1 0 0 211 8409 0 0 870 1067443 999 371 659 317 4400 4400 4400 0 128 128 128 0 1 1
174000 176000 3 1 0 0 253 10134 0 0 1088 1334712 999 372 658 317 4400 4400 4400 0 128 128 128 0 2 2
176000 178000 3 1 0 0 297 11536 0 0 1259 1564915 997 394 663 306 3000 3000 3000 0 128 128 128 0 1 1
178000 180000 3 1 0 0 184 7226 0 0 778 949151 997 373 654 316 3000 3000 3000 0 128 128 128 0 1 1
180000 182000 3 1 0 0 213 8251 0 0 920 1129450 997 400 650 310 6500 6500 6500 0 128 128 128 0 1 1
182000 184000 3 1 0 0 283 10751 0 0 1236 1530415 997 444 664 293 6500 6500 6500 0 128 128 128 0 1 1
184000 186000 3 1 0 0 314 11942 0 0 1327 1635134 999 444 662 296 6500 6500 6500 0 128 128 128 0 1 1
186000 188000 3 1 0 0 301 11395 0 0 1297 1607002 999 453 664 293 6500 6500 6500 0 128 128 128 0 1 1
188000 190000 3 1 0 0 305 11542 0 0 1307 1618220 998 454 663 293 6500 6500 6500 0 128 128 128 0 1 1
190000 192000 3 1 0 0 326 12525 0 0 1304 1617100 999 462 663 293 6500 6500 6500 0 128 128 128 0 1 1
192000 194000 3 1 0 0 355 14241 0 0 1303 1614166 996 472 664 288 4400 4400 4400 0 128 128 128 0 1 1
194000 196000 3 1 0 0 306 12344 0 0 1183 1456910 996 468 660 292 4400 4400 4400 0 128 128 128 0 1 1
196000 198000 3 1 0 0 279 11746 0 0 1018 1255572 998 459 646 305 4400 4400 4400 0 128 128 128 0 1 1
198000 200000 3 1 0 0 32 1747 0 0 74 75114 988 272 594 363 0 0 0 0 128 128 128 0 0 1
200000 202000 3 1 0 0 196 8056 0 0 752 914785 995 220 643 392 3000 3000 3000 0 128 128 128 0 2 1
202000 204000 2 1 0 0 309 12452 0 0 1149 1419283 979 778 879 141 3000 3000 3000 0 128 128 128 0 1 1
204000 206000 2 1 0 0 172 7113 0 0 641 777023 999 168 584 588 3000 3000 3000 0 128 128 128 0 1 1
206000 208000 2 1 0 0 154 6390 0 0 618 748877 998 625 812 263 3000 3000 3000 0 128 128 128 0 1 1
208000 210000 3 1 0 0 149 6054 0 0 621 753636 998 372 654 317 3000 3000 3000 0 128 128 128 0 1 1
210000 212000 3 1 0 0 153 6140 0 0 655 804161 999 405 663 304 3000 3000 3000 0 128 128 128 0 1 1
212000 214000 3 1 0 0 133 5422 0 0 552 672066 995 372 648 317 3000 3000 3000 0 128 128 128 0 1 1
214000 216000 3 1 0 0 167 6634 0 0 732 899761 997 411 649 307 3000 3000 3000 0 128 128 128 0 1 1
216000 218000 3 1 0 0 146 5853 0 0 565 688468 998 458 665 291 3000 3000 3000 0 128 128 128 0 1 1
218000 220000 2 1 0 0 176 6900 0 0 696 855543 947 412 680 378 3000 3000 3000 0 128 128 128 0 1 1
220000 222000 2 1 0 0 146 5901 0 0 599 725724 995 626 811 260 3000 3000 3000 0 128 128 128 0 1 1
222000 224000 3 1 0 0 184 7561 0 0 646 790309 997 371 654 317 3000 3000 3000 0 128 128 128 0 1 1
224000 226000 3 1 0 0 154 6185 0 0 615 747055 999 372 654 318 3000 3000 3000 0 128 128 128 0 1 1
226000 228000 3 1 0 0 221 9196 0 0 836 1029243 996 406 663 302 3000 3000 3000 0 128 128 128 0 2 2
228000 230000 3 1 0 0 261 10393 0 0 1003 1228068 997 371 646 319 3000 3000 3000 0 128 128 128 0 1 1
230000 232000 3 1 0 0 180 7034 0 0 714 876499 994 405 637 313 3000 3000 3000 0 128 128 128 0 1 1
232000 234000 3 1 0 0 204 8341 0 0 794 972128 996 483 660 291 4400 4400 4400 0 128 128 128 0 1 1
234000 236000 3 1 0 0 234 8997 0 0 946 1155509 998 490 661 291 4400 4400 4400 0 128 128 128 0 1 1
236000 238000 3 1 0 0 214 8243 0 0 876 1074330 997 487 659 293 4400 4400 4400 0 128 128 128 0 1 1
238000 240000 3 1 0 0 215 8252 0 0 865 1060873 999 484 663 290 4400 4400 4400 0 128 128 128 0 1 1
240000 242000 3 1 0 0 252 9582 0 0 960 1186226 999 389 632 322 4400 4400 4400 0 128 128 128 0 1 1
242000 244000 3 1 0 0 250 10164 0 0 884 1085337 999 367 657 319 4400 4400 4400 0 128 128 128 0 1 1
244000 246000 3 1 0 0 277 11443 0 0 1015 1235006 999 360 656 321 4400 4400 4400 0 128 128 128 0 1 1
246000 248000 3 1 0 0 303 12353 0 0 1076 1310839 998 355 663 322 4400 4400 4400 0 128 128 128 0 1 1
248000 250000 3 1 0 0 262 10348 0 0 985 1208378 999 348 663 325 4400 4400 4400 0 128 128 128 0 1 1
250000 252000 3 1 0 0 212 8201 0 0 845 1040845 997 297 599 359 4400 4400 4400 0 128 128 128 0 1 1
252000 254000 2 1 0 0 197 7561 0 0 774 953540 920 698 809 156 4400 4400 4400 0 128 128 128 0 1 1
254000 256000 2 1 0 0 202 7870 0 0 835 1027391 999 625 812 264 4400 4400 4400 0 128 128 128 0 1 1
256000 258000 3 1 0 0 231 8881 0 0 950 1157932 998 374 658 316 4400 4400 4400 0 128 128 128 0 1 1
258000 260000 3 1 0 0 240 9887 0 0 868 1061600 999 394 663 307 4400 4400 4400 0 128 128 128 0 1 1
260000 262000 3 1 0 0 241 9753 0 0 893 1087771 998 397 646 313 4400 4400 4400 0 128 128 128 0 1 1
262000 264000 3 1 0 0 276 11063 0 0 997 1224671 993 454 662 289 4400 4400 4400 0 128 128 128 0 1 1
264000 266000 3 1 0 0 267 11213 0 0 926 1133613 998 455 664 292 4400 4400 4400 0 128 128 128 0 1 1
266000 268000 3 1 0 0 240 9472 0 0 926 1142124 996 459 663 290 4400 4400 4400 0 128 128 128 0 1 1
268000 270000 3 1 0 0 203 8088 0 0 826 1008887 999 404 643 314 3000 3000 3000 0 128 128 128 0 1 1
270000 272000 2 1 0 0 169 6841 0 0 582 713061 946 470 708 336 3000 3000 3000 0 128 128 128 0 1 1
272000 274000 2 1 0 0 196 7969 0 0 722 880975 993 212 603 552 3000 3000 3000 0 128 128 128 0 1 1
274000 276000 2 1 0 0 143 5857 0 0 583 707101 994 627 810 259 3000 3000 3000 0 128 128 128 0 1 1
276000 278000 3 1 0 0 216 9370 0 0 749 913439 999 371 659 317 3000 3000 3000 0 128 128 128 0 1 1
278000 280000 3 1 0 0 255 10621 0 0 970 1195008 996 392 663 306 3000 3000 3000 0 128 128 128 0 2 2
280000 282000 2 1 0 0 221 9006 0 0 817 998560 874 398 636 336 3000 3000 3000 0 128 128 128 0 1 1
282000 284000 2 1 0 0 164 6623 0 0 630 773234 997 624 810 264 3000 3000 3000 0 128 128 128 0 1 1
284000 286000 3 1 0 0 221 8686 0 0 843 1029596 997 371 656 316 4400 4400 4400 0 128 128 128 0 1 1
286000 288000 3 1 0 0 273 11253 0 0 920 1121935 995 372 655 315 4400 4400 4400 0 128 128 128 0 1 1
288000 290000 3 1 0 0 242 9550 0 0 924 1131675 995 399 651 308 4400 4400 4400 0 128 128 128 0 1 1
290000 292000 3 1 0 0 238 9797 0 0 898 1099727 999 405 644 313 4400 4400 4400 0 128 128 128 0 1 1
292000 294000 3 1 0 0 259 10280 0 0 942 1153770 999 469 661 293 4400 4400 4400 0 128 128 128 0 1 1
294000 296000 3 1 0 0 250 10027 0 0 919 1120975 997 482 659 293 4400 4400 4400 0 128 128 128 0 1 1
296000 298000 3 1 0 0 255 10047 0 0 974 1190916 997 493 662 290 4400 4400 4400 0 128 128 128 0 1 1
298000 300000 3 1 0 0 255 9558 0 0 981 1212350 996 319 606 350 4400 4400 4400 0 128 128 128 0 1 1
