ts te nbins ncons c_pkts_all c_bytes_all s_pkts_all s_bytes_all max_bin min_bin avg_bin std_bin max_vid min_vid avg_vid std_vid max_aud min_aud avg_aud std_aud num_vid num_aud num_mfs
0 2000 0 0 0 0 0 0 0 0 0 0 0 0 0 0 0 0 0 0 0 0 
2000 4000 0 0 0 0 0 0 0 0 0 0 0 0 0 0 0 0 0 0 0 0 
4000 6000 1 1 19 5038 21 13575 132 132 132 0 0 0 0 0 0 0 0 0 0 0 1.0
6000 8000 1 1 206 15374 586 845020 880 880 880 0 3000 3000 3000 0 128 128 128 0 2 2 0.0
8000 10000 3 1 333 20624 1080 1559873 795 118 541 368 2300 2300 2300 0 128 128 128 0 4 3 1.0
10000 12000 3 1 370 22534 1235 1789671 998 204 665 412 2300 2300 2300 0 128 128 128 0 2 3 1.0
12000 14000 3 1 326 18693 1157 1672363 996 204 663 410 2300 2300 2300 0 128 128 128 0 3 3 1.0
14000 16000 3 1 339 19152 1063 1532370 999 209 665 409 2300 2300 2300 0 128 128 128 0 2 2 1.0
16000 18000 2 1 125 8749 436 628305 858 110 484 528 4400 4400 4400 0 128 128 128 0 2 2 1.0
18000 20000 3 1 255 15160 871 1256248 998 140 655 454 6500 6500 6500 0 128 128 128 0 2 2 1.0
20000 22000 3 1 352 18707 1156 1669920 999 173 666 435 6500 6500 6500 0 128 128 128 0 1 1 1.0
22000 24000 3 1 394 21404 1249 1809118 999 174 664 433 6500 6500 6500 0 128 128 128 0 1 1 1.0
24000 26000 3 1 312 16804 1025 1483351 996 178 663 429 6500 6500 6500 0 128 128 128 0 1 1 1.0
26000 28000 3 1 329 17401 1120 1621478 999 177 664 431 6500 6500 6500 0 128 128 128 0 1 1 1.0
28000 30000 3 1 399 21467 1205 1744983 995 181 663 427 6500 6500 6500 0 128 128 128 0 1 1 1.0
30000 32000 3 1 356 18906 1172 1698416 997 185 663 424 6500 6500 6500 0 128 128 128 0 1 1 1.0
32000 34000 3 1 345 17708 1274 1848784 999 187 663 423 6500 6500 6500 0 128 128 128 0 1 1 1.0
34000 36000 3 1 232 12685 772 1114409 997 193 665 419 6500 6500 6500 0 128 128 128 0 1 1 1.0
36000 38000 3 1 336 17602 1170 1690201 983 195 660 412 6500 6500 6500 0 128 128 128 0 1 1 1.0
38000 40000 3 1 344 18655 1180 1705884 985 197 655 409 6500 6500 6500 0 128 128 128 0 1 1 1.0
40000 42000 3 1 317 17201 1112 1608142 996 214 658 401 6500 6500 6500 0 128 128 128 0 1 1 1.0
42000 44000 3 1 355 19117 1239 1797701 998 232 664 392 6500 6500 6500 0 128 128 128 0 1 1 1.0
44000 46000 3 1 360 19353 1166 1690882 998 235 665 390 6500 6500 6500 0 128 128 128 0 1 1 1.0
46000 48000 3 1 330 18356 1154 1674100 998 154 629 431 6500 6500 6500 0 128 128 128 0 1 2 1.0
48000 50000 3 1 345 18229 1262 1831686 997 264 665 371 6500 6500 6500 0 128 128 128 0 1 1 1.0
50000 52000 3 1 336 17964 1187 1724378 998 265 662 370 6500 6500 6500 0 128 128 128 0 1 1 1.0
52000 54000 3 1 346 18627 1239 1797138 995 274 662 364 6500 6500 6500 0 128 128 128 0 1 1 1.0
54000 56000 3 1 349 18572 1239 1795810 997 278 663 362 6500 6500 6500 0 128 128 128 0 1 1 1.0
56000 58000 3 1 328 17810 1107 1604271 995 284 664 358 6500 6500 6500 0 128 128 128 0 1 1 1.0
58000 60000 3 1 361 19394 1267 1840174 999 285 665 359 6500 6500 6500 0 128 128 128 0 1 1 1.0
60000 62000 3 1 343 18424 1202 1746024 998 289 665 356 6500 6500 6500 0 128 128 128 0 1 1 1.0
62000 64000 3 1 351 19273 1232 1789755 996 292 664 353 6500 6500 6500 0 128 128 128 0 1 1 1.0
64000 66000 3 1 347 18251 1198 1737920 995 295 664 351 6500 6500 6500 0 128 128 128 0 1 1 1.0
66000 68000 3 1 348 19226 1093 1585160 989 288 658 352 6500 6500 6500 0 128 128 128 0 1 1 1.0
68000 70000 3 1 328 18089 1142 1654923 996 301 662 348 6500 6500 6500 0 128 128 128 0 1 1 1.0
70000 72000 3 1 331 18058 1190 1726482 999 308 664 346 6500 6500 6500 0 128 128 128 0 1 1 1.0
72000 74000 3 1 375 20000 1181 1714016 998 314 664 341 6500 6500 6500 0 128 128 128 0 1 1 1.0
74000 76000 3 1 390 22537 1158 1670824 999 302 659 349 6500 6500 6500 0 128 128 128 0 1 1 1.0
76000 78000 3 1 403 22420 1184 1710475 997 323 665 337 6500 6500 6500 0 128 128 128 0 1 1 1.0
78000 80000 3 1 354 19211 1221 1770379 996 281 634 358 6500 6500 6500 0 128 128 128 0 1 1 1.0
80000 82000 3 1 362 19569 1236 1793382 998 371 663 315 6500 6500 6500 0 128 128 128 0 2 1 1.0
82000 84000 3 1 334 18006 1168 1691422 999 378 664 313 6500 6500 6500 0 128 128 128 0 1 1 1.0
84000 86000 3 1 361 19653 1256 1820566 998 381 665 311 6500 6500 6500 0 128 128 128 0 1 1 1.0
86000 88000 3 1 355 19475 1145 1660361 999 383 664 311 6500 6500 6500 0 128 128 128 0 1 1 1.0
88000 90000 3 1 367 20179 1204 1747519 999 385 664 311 6500 6500 6500 0 128 128 128 0 1 1 1.0
90000 92000 3 1 371 20042 1245 1804859 996 392 664 306 6500 6500 6500 0 128 128 128 0 1 1 1.0
92000 94000 3 1 364 19732 1212 1759384 999 393 663 308 6500 6500 6500 0 128 128 128 0 1 1 1.0
94000 96000 3 1 337 18628 1205 1749889 996 400 664 303 6500 6500 6500 0 128 128 128 0 1 2 1.0
96000 98000 3 1 365 20038 1218 1766803 998 399 664 305 6500 6500 6500 0 128 128 128 0 1 1 1.0
98000 100000 3 1 315 16979 1062 1536376 999 401 664 305 6500 6500 6500 0 128 128 128 0 1 1 1.0
100000 102000 3 1 348 18704 1174 1700717 998 406 664 303 6500 6500 6500 0 128 128 128 0 1 1 1.0
102000 104000 3 1 359 19330 1225 1776474 998 411 663 301 6500 6500 6500 0 128 128 128 0 1 1 1.0
104000 106000 3 1 323 17786 1110 1607288 998 417 664 300 6500 6500 6500 0 128 128 128 0 1 1 1.0
106000 108000 3 1 367 20029 1198 1735634 997 423 664 298 6500 6500 6500 0 128 128 128 0 1 1 1.0
108000 110000 3 1 358 19542 1193 1730477 998 424 663 298 6500 6500 6500 0 128 128 128 0 1 1 1.0
110000 112000 3 1 366 19765 1210 1751829 999 425 664 299 6500 6500 6500 0 128 128 128 0 1 1 1.0
112000 114000 3 1 407 22484 1260 1827452 999 431 665 297 6500 6500 6500 0 128 128 128 0 1 1 1.0
114000 116000 3 1 375 20398 1233 1788722 995 431 662 294 6500 6500 6500 0 128 128 128 0 1 1 1.0
116000 118000 3 1 362 20266 1192 1729899 996 437 664 294 6500 6500 6500 0 128 128 128 0 1 1 1.0
118000 120000 3 1 373 20275 1244 1803983 997 408 641 312 6500 6500 6500 0 128 128 128 0 1 1 1.0
120000 122000 3 1 376 20381 1174 1702848 997 478 658 294 6500 6500 6500 0 128 128 128 0 1 1 1.0
122000 124000 3 1 181 11307 566 814854 996 496 664 287 4400 4400 4400 0 0 0 0 0 2 0 1.0
124000 126000 3 1 382 23295 1237 1791832 997 495 664 288 4400 4400 4400 0 128 128 128 0 1 2 1.0
126000 128000 3 1 367 19853 1205 1747508 998 490 664 289 4400 4400 4400 0 128 128 128 0 2 2 1.0
128000 130000 3 1 370 22461 1165 1688235 998 489 664 289 4400 4400 4400 0 128 128 128 0 1 2 1.0
130000 132000 3 1 319 17687 1066 1541737 999 475 658 295 6500 6500 6500 0 128 128 128 0 2 1 1.0
132000 134000 3 1 346 19115 1147 1661365 995 473 664 287 6500 6500 6500 0 128 128 128 0 1 1 1.0
134000 136000 3 1 347 18643 1154 1673525 996 463 661 291 6500 6500 6500 0 128 128 128 0 1 1 1.0
136000 138000 3 1 359 19395 1219 1766253 999 457 664 293 6500 6500 6500 0 128 128 128 0 1 1 1.0
138000 140000 3 1 319 17735 1048 1519868 998 455 662 293 6500 6500 6500 0 128 128 128 0 1 1 1.0
140000 142000 3 1 295 16227 926 1341370 996 453 664 290 6500 6500 6500 0 128 128 128 0 1 1 1.0
142000 144000 3 1 349 18716 1235 1790023 998 452 663 292 6500 6500 6500 0 128 128 128 0 1 2 1.0
144000 146000 3 1 332 17997 1121 1625624 997 447 663 293 6500 6500 6500 0 128 128 128 0 1 1 1.0
146000 148000 3 1 340 18458 1136 1646938 996 444 664 292 6500 6500 6500 0 128 128 128 0 1 1 1.0
148000 150000 3 1 328 17548 1176 1705302 999 370 626 330 6500 6500 6500 0 128 128 128 0 1 1 1.0
150000 152000 3 1 333 18226 1105 1599907 999 365 663 318 6500 6500 6500 0 128 128 128 0 1 1 1.0
152000 154000 3 1 368 19917 1235 1790789 998 357 663 321 6500 6500 6500 0 128 128 128 0 1 1 1.0
154000 156000 3 1 376 20439 1253 1817032 999 352 664 324 6500 6500 6500 0 128 128 128 0 1 1 1.0
156000 158000 3 1 343 18758 1166 1689230 996 351 664 322 6500 6500 6500 0 128 128 128 0 1 1 1.0
158000 160000 3 1 346 18759 1108 1604089 995 290 639 353 6500 6500 6500 0 128 128 128 0 1 1 1.0
160000 162000 3 1 358 19175 1205 1744495 997 288 664 356 6500 6500 6500 0 128 128 128 0 1 1 1.0
162000 164000 3 1 346 18591 1217 1766032 997 281 663 360 6500 6500 6500 0 128 128 128 0 1 1 1.0
164000 166000 3 1 396 22033 1188 1723739 998 278 663 362 6500 6500 6500 0 128 128 128 0 1 1 1.0
166000 168000 3 1 417 23045 1277 1850707 999 275 665 364 6500 6500 6500 0 128 128 128 0 1 1 1.0
168000 170000 3 1 355 19866 1150 1663264 999 275 666 365 6500 6500 6500 0 128 128 128 0 2 1 1.0
170000 172000 3 1 335 17723 1164 1690193 999 272 663 366 6500 6500 6500 0 128 128 128 0 1 1 1.0
172000 174000 3 1 346 19297 1169 1693696 996 247 655 379 6500 6500 6500 0 128 128 128 0 1 1 1.0
174000 176000 3 1 309 16128 1136 1649137 997 243 664 384 0 0 0 0 128 128 128 0 0 1 1.0
176000 178000 3 1 341 18497 1182 1714096 999 236 664 389 6500 6500 6500 0 128 128 128 0 2 1 1.0
178000 180000 3 1 345 19105 1146 1662576 999 233 664 392 0 0 0 0 128 128 128 0 0 1 1.0
180000 182000 3 1 345 18729 1131 1639562 999 229 664 394 6500 6500 6500 0 128 128 128 0 1 1 1.0
182000 184000 3 1 378 20515 1219 1766489 998 224 663 397 6500 6500 6500 0 128 128 128 0 1 1 1.0
184000 186000 3 1 385 20772 1231 1782731 996 220 662 399 6500 6500 6500 0 128 128 128 0 1 1 1.0
186000 188000 3 1 367 19629 1199 1737941 997 216 663 402 6500 6500 6500 0 0 0 0 0 1 0 1.0
188000 190000 3 1 357 21404 1261 1829502 997 213 663 404 4400 4400 4400 0 128 128 128 0 3 3 1.0
190000 192000 3 1 289 15516 983 1424464 905 66 585 453 4400 4400 4400 0 128 128 128 0 2 2 1.0
192000 194000 3 1 230 14392 762 1103280 994 25 650 542 4400 4400 4400 0 128 128 128 0 1 1 1.0
194000 196000 3 1 219 12467 758 1095083 999 25 666 555 4400 4400 4400 0 128 128 128 0 1 1 1.0
196000 198000 3 1 331 18452 1006 1455306 997 21 664 556 4400 4400 4400 0 128 128 128 0 1 1 1.0
198000 200000 3 1 228 13142 790 1139220 995 19 663 557 4400 4400 4400 0 128 128 128 0 1 1 1.0
200000 202000 3 1 303 16779 1030 1490111 999 16 664 561 4400 4400 4400 0 128 128 128 0 1 1 1.0
202000 204000 2 1 206 12192 651 938618 941 858 899 58 4400 4400 4400 0 128 128 128 0 1 1 1.0
204000 206000 3 1 332 18155 1153 1671541 998 140 664 459 4400 4400 4400 0 128 128 128 0 1 1 1.0
206000 208000 3 1 271 15087 836 1201735 994 143 655 450 4400 4400 4400 0 128 128 128 0 1 1 1.0
208000 210000 3 1 204 12864 654 935488 997 169 657 433 6500 6500 6500 0 128 128 128 0 2 2 1.0
210000 212000 3 1 326 18369 1054 1521051 965 190 651 407 6500 6500 6500 0 128 128 128 0 1 1 1.0
212000 214000 3 1 352 19063 1190 1723096 999 200 665 415 6500 6500 6500 0 128 128 128 0 1 1 1.0
214000 216000 3 1 367 20166 1206 1747480 997 198 662 415 6500 6500 6500 0 128 128 128 0 1 1 1.0
216000 218000 3 1 363 19686 1178 1708646 989 206 661 406 6500 6500 6500 0 128 128 128 0 1 1 1.0
218000 220000 3 1 371 19985 1259 1824144 988 209 660 403 6500 6500 6500 0 128 128 128 0 1 1 1.0
220000 222000 3 1 370 20028 1251 1814679 998 217 666 403 6500 6500 6500 0 128 128 128 0 1 1 1.0
222000 224000 3 1 356 19412 1113 1609366 991 217 639 392 6500 6500 6500 0 128 128 128 0 1 1 1.0
224000 226000 3 1 393 21741 1268 1838988 999 289 664 356 6500 6500 6500 0 128 128 128 0 1 1 1.0
226000 228000 3 1 359 19557 1163 1687070 999 293 664 354 6500 6500 6500 0 128 128 128 0 1 1 1.0
228000 230000 3 1 364 19666 1219 1766614 998 297 663 351 6500 6500 6500 0 128 128 128 0 1 1 1.0
230000 232000 3 1 355 19154 1248 1810351 997 301 664 349 6500 6500 6500 0 128 128 128 0 1 1 1.0
232000 234000 3 1 368 19767 1254 1816454 999 303 664 348 6500 6500 6500 0 128 128 128 0 1 1 1.0
234000 236000 3 1 353 19309 1185 1719218 997 306 664 346 6500 6500 6500 0 128 128 128 0 1 1 1.0
236000 238000 3 1 333 18234 1148 1664849 999 309 665 345 6500 6500 6500 0 128 128 128 0 1 1 1.0
238000 240000 3 1 359 19405 1211 1757459 999 309 664 345 6500 6500 6500 0 128 128 128 0 1 1 1.0
240000 242000 3 1 382 21503 1203 1745097 996 315 664 340 6500 6500 6500 0 128 128 128 0 1 2 1.0
242000 244000 3 1 263 14859 813 1174096 978 317 657 331 6500 6500 6500 0 128 128 128 0 1 1 1.0
244000 246000 3 1 395 21708 1253 1813179 997 322 664 337 6500 6500 6500 0 128 128 128 0 1 1 1.0
246000 248000 3 1 395 21756 1252 1809645 999 324 666 337 6500 6500 6500 0 128 128 128 0 1 1 1.0
248000 250000 3 1 388 21260 1224 1774964 998 325 663 336 6500 6500 6500 0 128 128 128 0 1 1 1.0
250000 252000 3 1 350 19282 1132 1637272 997 331 664 333 6500 6500 6500 0 128 128 128 0 1 1 1.0
252000 254000 3 1 349 18622 1185 1717041 996 323 660 336 6500 6500 6500 0 128 128 128 0 1 1 1.0
254000 256000 3 1 341 18396 1180 1709346 999 338 666 330 6500 6500 6500 0 128 128 128 0 1 1 1.0
256000 258000 3 1 334 18189 1152 1671766 998 335 664 331 6500 6500 6500 0 128 128 128 0 1 1 1.0
258000 260000 3 1 344 18631 1168 1692932 998 341 664 328 6500 6500 6500 0 128 128 128 0 1 1 1.0
260000 262000 3 1 366 19634 1235 1791888 997 345 663 325 6500 6500 6500 0 128 128 128 0 1 1 1.0
262000 264000 3 1 364 19630 1175 1705031 999 350 664 325 6500 6500 6500 0 128 128 128 0 1 1 1.0
264000 266000 3 1 375 20485 1226 1773062 999 352 663 323 6500 6500 6500 0 128 128 128 0 1 1 1.0
266000 268000 3 1 347 18891 1140 1652846 996 359 663 319 6500 6500 6500 0 128 128 128 0 1 1 1.0
268000 270000 3 1 359 19433 1184 1713453 998 363 665 318 6500 6500 6500 0 128 128 128 0 1 1 1.0
270000 272000 3 1 349 19285 1188 1720027 999 366 665 317 6500 6500 6500 0 128 128 128 0 2 1 1.0
272000 274000 3 1 354 19213 1122 1626867 992 367 661 313 6500 6500 6500 0 128 128 128 0 1 1 1.0
274000 276000 3 1 364 19714 1197 1735930 999 374 663 315 6500 6500 6500 0 128 128 128 0 1 1 1.0
276000 278000 3 1 348 18855 1199 1738701 999 382 664 312 6500 6500 6500 0 128 128 128 0 1 1 1.0
278000 280000 3 1 339 18283 1096 1589040 998 386 663 309 6500 6500 6500 0 128 128 128 0 1 1 1.0
280000 282000 3 1 346 18771 1176 1703899 999 390 663 309 6500 6500 6500 0 128 128 128 0 1 1 1.0
282000 284000 3 1 349 18832 1167 1692660 999 400 664 306 6500 6500 6500 0 128 128 128 0 1 1 1.0
284000 286000 3 1 348 18900 1203 1744514 999 405 664 304 6500 6500 6500 0 128 128 128 0 1 2 1.0
286000 288000 3 1 372 19403 1245 1807449 997 410 663 301 6500 6500 6500 0 0 0 0 0 1 0 1.0
288000 290000 3 1 360 19512 1158 1680229 999 413 664 301 6500 6500 6500 0 128 128 128 0 1 2 1.0
290000 292000 3 1 373 20104 1252 1815869 999 418 664 300 6500 6500 6500 0 128 128 128 0 1 1 1.0
292000 294000 3 1 345 18445 1133 1642266 988 423 630 311 6500 6500 6500 0 128 128 128 0 1 1 1.0
294000 296000 3 1 332 17844 1152 1670311 999 468 662 293 6500 6500 6500 0 128 128 128 0 1 1 1.0
296000 298000 3 1 358 19136 1210 1755992 996 459 662 291 6500 6500 6500 0 128 128 128 0 1 1 1.0
298000 300000 3 1 344 18513 1151 1661453 999 455 664 293 6500 6500 6500 0 128 128 128 0 1 1 1.0
300000 302000 1 1 79 4164 247 357542 533 533 533 0 0 0 0 0 0 0 0 0 0 0 0.0
