ts te nbins ncons c_tcp_packs c_tcp_bytes c_udp_packs c_udp_bytes s_tcp_packs s_tcp_bytes s_udp_packs s_udp_bytes max_bins_span min_bins_span avg_bins_span std_bins_span max_video_rate min_video_rate avg_video_rate std_video_rate max_audio_rate min_audio_rate avg_audio_rate std_audio_rate video_requests audio_requests
0 2000 0 0 0 0 0 0 0 0 0 0 0 0 0 0 0 0 0 0 0 0 0 0 0 0
2000 4000 0 0 0 0 0 0 0 0 0 0 0 0 0 0 0 0 0 0 0 0 0 0 0 0
4000 6000 0 0 0 0 0 0 0 0 0 0 0 0 0 0 0 0 0 0 0 0 0 0 0 0
6000 8000 2 1 0 0 134 14102 0 0 380 470448 995 204 599 559 2300 2300 2300 0 128 128 128 0 2 2
8000 10000 3 1 0 0 132 9138 0 0 337 420453 991 195 659 414 1500 1500 1500 0 128 128 128 0 2 2
10000 12000 3 1 0 0 135 9864 0 0 350 440904 994 172 657 430 480 480 480 0 128 128 128 0 3 2
12000 14000 3 1 0 0 126 10449 0 0 325 402916 995 150 655 445 480 480 480 0 128 128 128 0 2 3
14000 16000 3 1 0 0 131 10711 0 0 298 369720 997 117 654 471 480 480 480 0 128 128 128 0 2 2
16000 18000 3 1 0 0 145 11331 0 0 314 383893 995 102 659 486 480 480 480 0 128 128 128 0 3 3
18000 20000 2 1 0 0 100 6504 0 0 233 289335 895 530 712 258 480 480 480 0 128 128 128 0 1 1
20000 22000 2 1 0 0 74 8228 0 0 224 276461 995 62 528 659 840 840 840 0 128 128 128 0 2 2
22000 24000 1 1 0 0 43 3921 0 0 218 274461 359 359 359 0 840 840 840 0 128 128 128 0 1 1
24000 26000 2 1 0 0 83 7925 0 0 407 507184 866 327 597 381 1500 840 1280 381 128 128 128 0 3 3
26000 28000 3 1 0 0 53 6421 0 0 288 357072 999 28 373 543 2300 2300 2300 0 128 128 128 0 2 2
28000 30000 2 1 0 0 155 8887 0 0 760 957026 971 704 838 188 2300 2300 2300 0 128 128 128 0 1 1
30000 32000 1 1 0 0 119 8592 0 0 558 698376 882 882 882 0 3000 3000 3000 0 128 128 128 0 2 2
32000 34000 2 1 0 0 137 8012 0 0 649 817258 994 25 510 685 3000 3000 3000 0 128 128 128 0 1 1
34000 36000 2 1 0 0 138 8123 0 0 634 798884 970 952 961 12 3000 3000 3000 0 128 128 128 0 1 1
36000 38000 1 1 0 0 130 7706 0 0 587 739359 918 918 918 0 3000 3000 3000 0 128 128 128 0 1 1
38000 40000 2 1 0 0 134 7828 0 0 647 814654 998 22 510 689 3000 3000 3000 0 128 128 128 0 1 1
40000 42000 2 1 0 0 155 10193 0 0 689 864585 985 972 979 9 4400 4400 4400 0 128 128 128 0 2 2
42000 44000 3 1 0 0 199 10792 0 0 914 1150746 994 13 663 563 4400 4400 4400 0 128 128 128 0 1 1
44000 46000 3 1 0 0 152 8669 0 0 722 910408 999 14 663 561 4400 4400 4400 0 128 128 128 0 1 1
46000 48000 3 1 0 0 218 11468 0 0 997 1258540 997 23 665 555 4400 4400 4400 0 128 128 128 0 1 1
48000 50000 3 1 0 0 183 10689 0 0 790 994258 993 23 662 553 4400 4400 4400 0 128 128 128 0 1 2
50000 52000 3 1 0 0 307 17576 0 0 1424 1798612 998 29 664 550 4400 4400 4400 0 128 128 128 0 2 1
52000 54000 3 1 0 0 290 15306 0 0 1322 1669380 988 29 646 535 4400 4400 4400 0 128 128 128 0 1 1
54000 56000 3 1 0 0 174 9781 0 0 798 1006722 986 72 657 508 4400 4400 4400 0 128 128 128 0 1 1
56000 58000 3 1 0 0 226 11804 0 0 1051 1326963 996 80 662 506 4400 4400 4400 0 128 128 128 0 1 1
58000 60000 3 1 0 0 188 10465 0 0 877 1106470 999 82 664 506 4400 4400 4400 0 128 128 128 0 1 1
60000 62000 3 1 0 0 161 9374 0 0 742 937194 999 87 665 502 4400 4400 4400 0 128 128 128 0 1 1
62000 64000 3 1 0 0 217 11956 0 0 1026 1296427 998 89 664 500 4400 4400 4400 0 128 128 128 0 1 1
64000 66000 3 1 0 0 184 10458 0 0 840 1058441 997 93 662 495 4400 4400 4400 0 128 128 128 0 1 1
66000 68000 3 1 0 0 141 8494 0 0 625 785978 979 100 604 453 4400 4400 4400 0 128 128 128 0 1 1
68000 70000 3 1 0 0 258 14466 0 0 1157 1459377 998 263 662 371 4400 4400 4400 0 128 128 128 0 1 1
70000 72000 3 1 0 0 192 11502 0 0 888 1117824 997 270 661 366 4400 4400 4400 0 128 128 128 0 1 1
72000 74000 3 1 0 0 191 10811 0 0 868 1094332 999 280 664 362 4400 4400 4400 0 128 128 128 0 1 1
74000 76000 3 1 0 0 199 11838 0 0 912 1145746 997 265 653 367 4400 4400 4400 0 128 128 128 0 1 1
76000 78000 3 1 0 0 178 10081 0 0 850 1074120 999 30 423 509 4400 4400 4400 0 128 128 128 0 1 1
78000 80000 3 1 0 0 193 11493 0 0 897 1132606 997 26 458 494 4400 4400 4400 0 128 128 128 0 1 1
80000 82000 2 1 0 0 193 11478 0 0 911 1149033 993 970 981 16 4400 4400 4400 0 128 128 128 0 1 1
82000 84000 3 1 0 0 195 11542 0 0 900 1136757 999 6 664 569 4400 4400 4400 0 128 128 128 0 1 1
84000 86000 3 1 0 0 189 11264 0 0 897 1130462 997 13 664 563 4400 4400 4400 0 128 128 128 0 1 1
86000 88000 3 1 0 0 191 11550 0 0 845 1067473 995 17 664 560 4400 4400 4400 0 128 128 128 0 1 1
88000 90000 3 1 0 0 208 11502 0 0 947 1194488 998 15 663 561 4400 4400 4400 0 128 128 128 0 1 1
90000 92000 3 1 0 0 197 10958 0 0 926 1168885 992 24 648 541 4400 4400 4400 0 128 128 128 0 1 1
92000 94000 3 1 0 0 163 9945 0 0 756 950706 994 67 623 490 4400 4400 4400 0 128 128 128 0 1 1
94000 96000 3 1 0 0 211 12490 0 0 972 1225769 999 191 665 421 4400 4400 4400 0 128 128 128 0 1 1
96000 98000 3 1 0 0 196 11766 0 0 923 1166399 995 192 662 418 4400 4400 4400 0 128 128 128 0 1 1
98000 100000 3 1 0 0 302 17415 0 0 1417 1791859 998 198 663 415 4400 4400 4400 0 128 128 128 0 2 2
100000 102000 3 1 0 0 257 14073 0 0 1198 1511461 999 201 663 413 4400 4400 4400 0 128 128 128 0 1 1
102000 104000 3 1 0 0 206 12204 0 0 860 1083217 997 205 663 410 4400 4400 4400 0 128 128 128 0 1 1
104000 106000 3 1 0 0 171 10495 0 0 821 1036292 999 27 407 520 4400 4400 4400 0 128 128 128 0 1 1
106000 108000 2 1 0 0 235 12790 0 0 1022 1288012 992 970 981 15 4400 4400 4400 0 128 128 128 0 1 1
108000 110000 3 1 0 0 162 10084 0 0 750 940521 987 3 650 560 4400 4400 4400 0 128 128 128 0 1 1
110000 112000 3 1 0 0 203 11326 0 0 893 1128291 986 9 651 556 4400 4400 4400 0 128 128 128 0 1 1
112000 114000 3 1 0 0 211 12232 0 0 991 1251778 994 7 662 567 4400 4400 4400 0 128 128 128 0 1 1
114000 116000 3 1 0 0 179 10821 0 0 829 1044143 998 13 663 563 4400 4400 4400 0 128 128 128 0 1 1
116000 118000 3 1 0 0 200 11765 0 0 931 1172359 998 20 661 556 4400 4400 4400 0 128 128 128 0 1 1
118000 120000 3 1 0 0 187 10560 0 0 872 1100819 992 32 650 536 4400 4400 4400 0 128 128 128 0 1 1
120000 122000 3 1 0 0 195 11485 0 0 869 1098049 957 70 645 498 4400 4400 4400 0 128 128 128 0 1 1
122000 124000 3 1 0 0 165 9133 0 0 660 830692 604 90 382 264 4400 4400 4400 0 128 128 128 0 1 1
124000 126000 3 1 0 0 287 16506 0 0 1365 1721432 993 390 662 305 4400 4400 4400 0 128 128 128 0 1 1
126000 128000 3 1 0 0 158 10668 0 0 698 879045 997 29 372 542 4400 4400 4400 0 128 128 128 0 1 1
128000 130000 3 2 0 0 181 13372 0 0 784 984351 598 351 501 131 4400 4400 4400 0 128 128 128 0 1 1
130000 132000 3 1 0 0 231 13606 0 0 1050 1324669 999 400 664 306 4400 4400 4400 0 128 128 128 0 1 1
132000 134000 3 1 0 0 199 11876 0 0 900 1136327 994 27 469 488 4400 4400 4400 0 128 128 128 0 1 1
134000 136000 2 1 0 0 194 10845 0 0 896 1131851 988 969 978 13 4400 4400 4400 0 128 128 128 0 1 1
136000 138000 3 1 0 0 201 11167 0 0 915 1152880 983 10 651 554 4400 4400 4400 0 128 128 128 0 1 1
138000 140000 3 1 0 0 211 12266 0 0 979 1236122 996 12 661 562 4400 4400 4400 0 128 128 128 0 1 1
140000 142000 3 1 0 0 138 9744 0 0 610 768541 997 19 663 557 4400 4400 4400 0 128 128 128 0 1 1
142000 144000 3 1 0 0 249 13363 0 0 1152 1456081 999 20 651 546 4400 4400 4400 0 128 128 128 0 1 1
144000 146000 3 1 0 0 308 17486 0 0 1417 1795163 995 61 663 521 4400 4400 4400 0 128 128 128 0 2 2
146000 148000 3 1 0 0 258 14373 0 0 1186 1498363 950 66 647 503 4400 4400 4400 0 128 128 128 0 1 1
148000 150000 3 1 0 0 171 9852 0 0 834 1049909 985 73 658 508 4400 4400 4400 0 128 128 128 0 1 1
150000 152000 3 1 0 0 223 14187 0 0 994 1251675 997 79 663 507 6500 6500 6500 0 128 128 128 0 2 2
152000 154000 3 1 0 0 266 14264 0 0 1224 1544028 997 82 663 504 6500 6500 6500 0 128 128 128 0 1 1
154000 156000 3 1 0 0 293 15391 0 0 1313 1657149 998 85 663 502 6500 6500 6500 0 128 128 128 0 1 1
156000 158000 3 1 0 0 286 15081 0 0 1310 1653942 994 92 662 495 6500 6500 6500 0 128 128 128 0 1 1
158000 160000 3 1 0 0 259 14489 0 0 1160 1464183 997 93 662 495 6500 6500 6500 0 128 128 128 0 1 1
160000 162000 3 1 0 0 296 16434 0 0 1381 1749599 995 103 664 488 4400 4400 4400 0 128 128 128 0 2 2
162000 164000 3 1 0 0 222 12510 0 0 957 1207611 998 106 662 485 4400 4400 4400 0 128 128 128 0 1 1
164000 166000 3 1 0 0 180 10971 0 0 771 968286 999 116 655 472 4400 4400 4400 0 128 128 128 0 1 1
166000 168000 3 1 0 0 213 11675 0 0 958 1206155 998 142 662 456 4400 4400 4400 0 128 128 128 0 1 1
168000 170000 3 1 0 0 159 10037 0 0 744 936629 994 152 661 448 4400 4400 4400 0 128 128 128 0 1 1
170000 172000 3 1 0 0 240 12909 0 0 1097 1386398 995 161 662 441 4400 4400 4400 0 128 128 128 0 1 1
172000 174000 3 1 0 0 200 11138 0 0 875 1102859 999 169 663 437 4400 4400 4400 0 128 128 128 0 1 1
174000 176000 3 1 0 0 167 10327 0 0 768 971010 999 22 384 534 4400 4400 4400 0 128 128 128 0 1 1
176000 178000 2 1 0 0 216 12581 0 0 982 1237578 990 970 980 13 4400 4400 4400 0 128 128 128 0 1 1
178000 180000 3 1 0 0 183 10979 0 0 865 1093470 997 4 662 570 4400 4400 4400 0 128 128 128 0 1 1
180000 182000 3 1 0 0 196 11693 0 0 877 1107336 993 13 664 563 4400 4400 4400 0 128 128 128 0 1 1
182000 184000 3 1 0 0 203 11990 0 0 903 1139169 977 14 649 549 4400 4400 4400 0 128 128 128 0 1 1
184000 186000 3 1 0 0 191 11425 0 0 868 1097850 998 20 663 556 4400 4400 4400 0 128 128 128 0 1 1
186000 188000 3 1 0 0 192 10772 0 0 889 1122100 997 28 648 538 4400 4400 4400 0 128 128 128 0 1 1
188000 190000 3 1 0 0 298 16887 0 0 1404 1774811 994 79 663 507 4400 4400 4400 0 128 128 128 0 2 2
190000 192000 3 1 0 0 287 15751 0 0 1282 1620907 955 77 645 492 4400 4400 4400 0 128 128 128 0 1 1
192000 194000 3 1 0 0 187 11829 0 0 888 1119581 940 93 634 469 4400 4400 4400 0 128 128 128 0 1 1
194000 196000 3 1 0 0 172 11941 0 0 778 975337 966 125 640 451 6500 6500 6500 0 128 128 128 0 2 2
196000 198000 3 1 0 0 299 15689 0 0 1372 1736441 996 168 663 436 6500 6500 6500 0 128 128 128 0 1 1
198000 200000 3 1 0 0 303 15893 0 0 1369 1728355 997 166 662 438 6500 6500 6500 0 128 128 128 0 1 1
200000 202000 2 1 0 0 25 3227 0 0 87 105515 231 68 150 115 6500 6500 6500 0 128 128 128 0 1 1
202000 204000 2 1 0 0 98 9316 0 0 431 540200 994 28 511 683 8000 8000 8000 0 128 128 128 0 2 2
204000 206000 3 1 0 0 315 17764 0 0 1447 1833899 996 24 662 552 4400 4400 4400 0 128 128 128 0 2 2
206000 208000 2 1 0 0 248 13971 0 0 1105 1394149 971 970 971 1 4400 4400 4400 0 128 128 128 0 1 1
208000 210000 3 1 0 0 192 10691 0 0 863 1087386 966 23 645 539 4400 4400 4400 0 128 128 128 0 1 1
210000 212000 3 1 0 0 185 10368 0 0 874 1105515 994 30 662 547 4400 4400 4400 0 128 128 128 0 1 1
212000 214000 3 1 0 0 194 11452 0 0 881 1106553 998 37 634 520 4400 4400 4400 0 128 128 128 0 1 1
214000 216000 4 2 0 0 179 14047 0 0 761 955287 997 133 515 376 4400 4400 4400 0 128 128 128 0 1 1
216000 218000 3 1 0 0 260 16450 0 0 1109 1397144 999 387 665 309 4400 4400 4400 0 128 128 128 0 1 1
218000 220000 3 1 0 0 325 17299 0 0 1436 1817855 993 387 662 306 4400 4400 4400 0 128 128 128 0 2 2
220000 222000 3 1 0 0 288 15656 0 0 1289 1628453 997 387 662 309 4400 4400 4400 0 128 128 128 0 1 1
222000 224000 3 1 0 0 204 12685 0 0 950 1195292 995 383 647 314 6500 6500 6500 0 128 128 128 0 2 2
224000 226000 3 1 0 0 277 14615 0 0 1230 1552052 999 432 663 297 6500 6500 6500 0 128 128 128 0 1 1
226000 228000 3 1 0 0 298 15566 0 0 1355 1711646 998 439 664 295 6500 6500 6500 0 128 128 128 0 1 1
228000 230000 3 1 0 0 259 13769 0 0 1167 1472351 996 440 662 294 6500 6500 6500 0 128 128 128 0 1 1
230000 232000 3 1 0 0 277 14507 0 0 1268 1603034 999 443 661 296 6500 6500 6500 0 128 128 128 0 1 1
232000 234000 3 1 0 0 290 15109 0 0 1343 1697099 999 455 663 293 6500 6500 6500 0 128 128 128 0 1 1
234000 236000 3 1 0 0 295 15373 0 0 1316 1660111 995 464 662 289 6500 6500 6500 0 128 128 128 0 1 1
236000 238000 3 1 0 0 282 14819 0 0 1278 1614008 996 467 663 289 6500 6500 6500 0 128 128 128 0 1 1
238000 240000 3 1 0 0 288 15099 0 0 1333 1685714 998 468 662 292 6500 6500 6500 0 128 128 128 0 1 1
240000 242000 3 1 0 0 267 14296 0 0 1152 1447505 997 478 663 290 6500 6500 6500 0 128 128 128 0 1 1
242000 244000 3 1 0 0 294 15422 0 0 1329 1685747 997 486 662 290 6500 6500 6500 0 128 128 128 0 1 1
244000 246000 3 1 0 0 304 17157 0 0 1378 1737267 993 492 662 286 4400 4400 4400 0 128 128 128 0 2 2
246000 248000 3 1 0 0 199 12456 0 0 903 1140018 998 25 453 496 6500 6500 6500 0 128 128 128 0 2 2
248000 250000 2 1 0 0 265 13957 0 0 1232 1557106 984 970 977 9 6500 6500 6500 0 128 128 128 0 1 1
250000 252000 3 1 0 0 272 14294 0 0 1241 1570988 998 11 662 564 6500 6500 6500 0 128 128 128 0 1 1
252000 254000 3 1 0 0 304 17223 0 0 1425 1800300 998 18 663 559 4400 4400 4400 0 128 128 128 0 2 2
254000 256000 3 1 0 0 194 10911 0 0 874 1101072 996 25 664 553 4400 4400 4400 0 128 128 128 0 1 1
256000 258000 4 2 0 0 188 13756 0 0 807 1008899 999 25 500 404 4400 4400 4400 0 128 128 128 0 1 1
258000 260000 3 1 0 0 250 14616 0 0 1100 1388880 996 420 663 298 4400 4400 4400 0 128 128 128 0 1 1
260000 262000 3 1 0 0 167 10348 0 0 774 976861 998 24 419 512 4400 4400 4400 0 128 128 128 0 1 1
262000 264000 2 1 0 0 233 12617 0 0 1032 1301038 976 971 973 3 4400 4400 4400 0 128 128 128 0 1 1
264000 266000 3 1 0 0 299 16886 0 0 1423 1800624 998 19 663 557 4400 4400 4400 0 128 128 128 0 2 2
266000 268000 3 1 0 0 274 14396 0 0 1245 1571595 989 23 660 551 4400 4400 4400 0 128 128 128 0 1 1
268000 270000 3 1 0 0 203 11243 0 0 916 1154941 997 31 662 546 4400 4400 4400 0 128 128 128 0 1 1
270000 272000 3 1 0 0 172 11302 0 0 758 952841 990 38 653 533 6500 6500 6500 0 128 128 128 0 2 2
272000 274000 3 1 0 0 322 17464 0 0 1408 1779679 999 64 663 519 6500 6500 6500 0 128 128 128 0 1 1
274000 276000 3 1 0 0 285 15121 0 0 1247 1570038 980 72 657 507 6500 6500 6500 0 128 128 128 0 1 1
276000 278000 3 1 0 0 292 15216 0 0 1336 1687820 993 77 662 507 6500 6500 6500 0 128 128 128 0 1 1
278000 280000 3 1 0 0 284 14819 0 0 1301 1644077 994 84 663 503 6500 6500 6500 0 128 128 128 0 1 1
280000 282000 3 1 0 0 263 13979 0 0 1183 1492983 974 88 657 493 6500 6500 6500 0 128 128 128 0 1 1
282000 284000 3 1 0 0 317 17075 0 0 1440 1823787 998 85 663 502 6500 6500 6500 0 128 128 128 0 1 1
284000 286000 3 1 0 0 271 14388 0 0 1267 1601810 997 92 663 496 6500 6500 6500 0 128 128 128 0 1 1
286000 288000 3 1 0 0 280 14774 0 0 1217 1535221 985 99 656 485 6500 6500 6500 0 128 128 128 0 1 1
288000 290000 3 1 0 0 280 14883 0 0 1303 1646688 995 112 663 480 6500 6500 6500 0 128 128 128 0 1 1
290000 292000 3 1 0 0 296 15474 0 0 1319 1666109 997 114 662 478 6500 6500 6500 0 128 128 128 0 1 1
292000 294000 3 1 0 0 289 15197 0 0 1329 1681089 994 123 663 472 6500 6500 6500 0 128 128 128 0 1 1
294000 296000 3 1 0 0 306 17215 0 0 1370 1732070 993 122 663 471 6500 6500 6500 0 128 128 128 0 1 1
296000 298000 3 1 0 0 287 15282 0 0 1282 1619012 999 126 664 470 6500 6500 6500 0 128 128 128 0 1 1
298000 300000 3 1 0 0 271 14342 0 0 1207 1525406 997 130 662 465 6500 6500 6500 0 128 128 128 0 1 1
