ts te nbins ncons c_pkts_all c_bytes_all s_pkts_all s_bytes_all max_bin min_bin avg_bin std_bin max_vid min_vid avg_vid std_vid max_aud min_aud avg_aud std_aud num_vid num_aud num_mfs
0 5000 0 0 0 0 0 0 0 0 0 0 0 0 0 0 0 0 0 0 0 0 
5000 10000 0 0 0 0 0 0 0 0 0 0 0 0 0 0 0 0 0 0 0 0 
10000 15000 0 0 0 0 0 0 0 0 0 0 0 0 0 0 0 0 0 0 0 0 
15000 20000 0 0 0 0 0 0 0 0 0 0 0 0 0 0 0 0 0 0 0 0 
20000 25000 0 0 0 0 0 0 0 0 0 0 0 0 0 0 0 0 0 0 0 0 
25000 30000 4 1 82 10863 162 180661 994 216 585 426 288 288 288 0 128 128 128 0 2 2 0.0
30000 35000 6 1 208 11985 335 390297 996 188 820 322 288 288 288 0 128 128 128 0 4 4 3.0
35000 40000 6 1 158 8291 244 291280 995 146 810 333 288 288 288 0 128 128 128 0 3 2 2.0
40000 45000 6 1 95 4841 155 172117 991 53 795 368 288 288 288 0 128 128 128 0 1 2 3.0
45000 50000 5 1 159 8516 187 216488 996 933 980 26 288 288 288 0 128 128 128 0 3 3 2.0
50000 55000 5 1 149 6641 169 199837 997 935 974 23 288 288 288 0 128 128 128 0 2 2 3.0
55000 60000 6 1 173 8024 210 252014 997 61 814 373 288 288 288 0 128 128 128 0 3 3 2.0
60000 65000 6 1 184 8979 274 325257 998 139 823 342 288 288 288 0 128 128 128 0 3 3 3.0
65000 70000 6 1 193 9444 315 381602 996 170 810 326 288 288 288 0 128 128 128 0 4 4 2.0
70000 75000 6 1 146 7700 232 264654 998 242 720 373 288 288 288 0 128 128 128 0 3 3 3.0
75000 80000 5 1 138 6876 176 198175 980 747 923 99 288 288 288 0 128 128 128 0 2 3 2.0
80000 85000 6 1 121 5328 129 146751 993 42 815 380 288 288 288 0 128 128 128 0 1 1 3.0
85000 90000 6 1 121 5818 129 142470 995 75 805 364 288 288 288 0 128 128 128 0 3 1 2.0
90000 95000 6 1 161 8065 181 204176 993 180 820 322 288 288 288 0 128 128 128 0 2 3 3.0
95000 100000 6 1 203 9986 242 278448 998 200 821 318 288 288 288 0 128 128 128 0 3 3 2.0
100000 105000 6 1 250 11973 286 337166 995 248 823 300 288 288 288 0 128 128 128 0 4 4 3.0
105000 110000 6 1 259 12068 290 346377 999 259 822 299 288 288 288 0 128 128 128 0 4 3 2.0
110000 115000 6 1 252 11637 303 356742 999 293 815 287 288 288 288 0 128 128 128 0 4 5 3.0
115000 120000 6 1 106 5228 109 115982 988 335 808 273 288 288 288 0 128 128 128 0 1 1 2.0
120000 125000 6 1 95 3930 104 103560 995 386 806 275 288 288 288 0 128 128 128 0 2 1 3.0
125000 130000 6 1 122 5409 129 144400 997 441 806 281 288 288 288 0 128 128 128 0 2 2 2.0
130000 135000 6 1 187 8452 202 232166 997 402 818 269 288 288 288 0 128 128 128 0 3 2 3.0
135000 140000 6 1 235 10669 258 306876 999 378 824 272 288 288 288 0 128 128 128 0 4 4 2.0
140000 145000 6 1 225 11863 282 320477 998 342 819 280 480 288 384 110 128 128 128 0 4 4 3.0
145000 150000 6 1 264 12567 320 378385 999 316 823 284 480 480 480 0 128 128 128 0 3 3 2.0
150000 155000 6 1 274 13135 358 431132 997 282 822 293 480 288 384 110 128 128 128 0 4 4 3.0
155000 160000 6 1 215 9726 213 253889 996 229 818 309 288 288 288 0 128 128 128 0 3 3 2.0
160000 165000 6 1 128 5476 139 156190 987 149 808 334 288 288 288 0 0 0 0 0 2 0 3.0
165000 170000 6 1 149 6512 172 197052 999 121 818 347 288 288 288 0 128 128 128 0 3 1 2.0
170000 175000 6 1 197 8601 220 245890 995 71 818 369 288 288 288 0 128 128 128 0 2 3 3.0
175000 180000 5 1 288 13175 344 389976 996 127 662 451 288 288 288 0 128 128 128 0 3 7 2.0
180000 185000 3 1 151 6782 171 187444 656 260 493 207 288 288 288 0 128 128 128 0 3 3 3.0
185000 190000 3 1 206 8874 234 253958 768 513 658 131 288 288 288 0 128 128 128 0 2 2 2.0
190000 195000 3 1 243 10219 262 299793 781 571 688 107 480 288 416 110 128 128 128 0 3 3 3.0
195000 200000 3 1 220 8987 242 276434 834 119 589 407 480 480 480 0 128 128 128 0 2 2 2.0
200000 205000 3 1 261 10740 295 332802 798 571 694 114 480 480 480 0 128 128 128 0 3 3 3.0
205000 210000 4 1 238 9708 261 296423 946 67 525 444 480 480 480 0 128 128 128 0 3 3 2.0
210000 215000 3 1 259 10828 285 319500 953 804 889 76 480 480 480 0 128 128 128 0 2 2 3.0
215000 220000 5 1 392 15608 426 494242 998 547 901 197 840 840 840 0 128 128 128 0 4 3 2.0
220000 225000 6 1 365 13856 394 452153 999 260 777 332 840 840 840 0 128 128 128 0 2 2 3.0
225000 230000 6 1 322 12784 368 412352 999 230 824 308 840 840 840 0 128 128 128 0 3 3 2.0
230000 235000 6 1 412 15347 441 516084 996 217 822 309 840 840 840 0 128 128 128 0 3 3 3.0
235000 240000 6 1 423 16215 458 529378 998 184 823 324 840 840 840 0 128 128 128 0 2 2 2.0
240000 245000 5 1 352 13737 374 444812 990 546 799 195 840 840 840 0 128 128 128 0 3 3 3.0
245000 250000 6 1 357 13705 390 463420 997 450 818 268 840 840 840 0 128 128 128 0 2 2 2.0
250000 255000 6 1 469 17446 498 589386 999 483 829 261 840 840 840 0 128 128 128 0 3 3 3.0
255000 260000 5 1 355 13298 381 453276 999 199 541 419 840 840 840 0 128 128 128 0 2 2 2.0
260000 265000 5 1 463 18011 505 590916 999 567 889 186 840 840 840 0 128 128 128 0 3 3 3.0
265000 270000 6 1 412 15492 439 509365 999 432 823 268 840 840 840 0 128 128 128 0 3 3 2.0
270000 275000 6 1 365 13961 403 463128 999 470 825 263 840 840 840 0 128 128 128 0 2 2 3.0
275000 280000 6 1 403 15278 434 504562 996 236 778 330 840 840 840 0 128 128 128 0 3 3 2.0
280000 285000 6 1 381 14339 403 470245 997 205 821 315 840 840 840 0 128 128 128 0 3 3 3.0
285000 290000 5 1 497 18625 529 623476 999 790 947 88 840 840 840 0 128 128 128 0 2 2 2.0
290000 295000 5 1 424 16339 458 540416 998 529 903 208 840 840 840 0 128 128 128 0 3 3 3.0
295000 300000 6 1 454 17033 490 575515 999 466 830 259 840 840 840 0 128 128 128 0 3 3 2.0
300000 305000 1 1 24 1146 30 32840 450 450 450 0 0 0 0 0 0 0 0 0 0 0 0.0
