ts te nbins ncons c_pkts_all c_bytes_all s_pkts_all s_bytes_all max_bin min_bin avg_bin std_bin max_vid min_vid avg_vid std_vid max_aud min_aud avg_aud std_aud num_vid num_aud num_mfs
0 5000 0 0 0 0 0 0 0 0 0 0 0 0 0 0 0 0 0 0 0 0 
5000 10000 1 1 5 2495 9 10095 346 346 346 0 0 0 0 0 0 0 0 0 0 0 1.0
10000 15000 6 1 171 16548 358 465530 996 311 817 281 288 288 288 0 128 128 128 0 4 5 2.0
15000 20000 6 1 158 13898 273 385104 996 168 791 327 288 288 288 0 128 128 128 0 3 3 2.0
20000 25000 6 1 164 13716 279 380472 996 114 819 351 288 288 288 0 128 128 128 0 3 3 3.0
25000 30000 6 1 170 12976 242 331719 998 57 807 370 288 288 288 0 128 128 128 0 3 3 2.0
30000 35000 6 1 185 16345 290 401190 998 14 815 393 288 288 288 0 128 128 128 0 3 3 3.0
35000 40000 5 1 165 13154 280 391128 997 931 974 26 288 288 288 0 128 128 128 0 3 3 2.0
40000 45000 6 1 173 15041 283 381911 997 26 813 386 288 288 288 0 128 128 128 0 3 3 3.0
45000 50000 6 1 141 10769 193 264239 999 68 814 368 288 288 288 0 128 128 128 0 1 1 2.0
50000 55000 6 1 143 11478 243 343047 992 129 811 341 288 288 288 0 128 128 128 0 3 3 3.0
55000 60000 6 1 144 10955 209 295101 993 159 815 332 288 288 288 0 128 128 128 0 2 2 2.0
60000 65000 6 1 161 13544 249 348534 996 186 811 324 288 288 288 0 128 128 128 0 3 3 3.0
65000 70000 6 1 170 13796 263 366914 997 275 819 295 288 288 288 0 128 128 128 0 3 3 2.0
70000 75000 6 1 161 12782 264 358427 999 325 803 297 288 288 288 0 128 128 128 0 3 3 3.0
75000 80000 6 1 154 12242 219 298675 998 460 817 273 288 288 288 0 128 128 128 0 2 2 2.0
80000 85000 6 1 163 13659 257 350388 998 405 818 274 288 288 288 0 128 128 128 0 3 3 3.0
85000 90000 6 1 194 15430 309 422278 997 310 810 292 288 288 288 0 128 128 128 0 3 3 2.0
90000 95000 6 1 175 14175 263 363115 997 260 815 297 288 288 288 0 128 128 128 0 3 3 3.0
95000 100000 6 1 190 14645 267 374088 998 219 818 313 288 288 288 0 128 128 128 0 3 3 2.0
100000 105000 6 1 163 13307 240 334520 997 138 813 341 288 288 288 0 128 128 128 0 3 3 3.0
105000 110000 5 1 135 10366 194 273268 999 858 964 59 288 288 288 0 128 128 128 0 2 2 2.0
110000 115000 5 1 151 11736 192 270331 998 949 986 21 288 288 288 0 128 128 128 0 2 2 3.0
115000 120000 6 1 138 10460 171 240623 991 45 815 379 288 288 288 0 128 128 128 0 1 1 2.0
120000 125000 6 1 152 11688 206 290334 994 102 797 347 288 288 288 0 128 128 128 0 3 3 3.0
125000 130000 6 1 127 9290 195 270939 999 159 820 335 288 288 288 0 128 128 128 0 2 2 1.0
130000 135000 6 1 225 18105 365 484875 999 201 817 317 288 288 288 0 128 128 128 0 4 4 3.0
135000 140000 6 1 254 19249 378 514685 999 240 821 303 288 288 288 0 128 128 128 0 4 4 2.0
140000 145000 6 1 100 8442 175 226432 997 261 765 308 288 288 288 0 128 128 128 0 1 1 3.0
145000 150000 6 1 120 9190 151 205517 992 440 803 266 288 288 288 0 128 128 128 0 2 1 2.0
150000 155000 6 1 176 12634 197 264692 995 339 805 292 288 288 288 0 128 128 128 0 2 3 3.0
155000 160000 6 1 202 14969 246 347560 992 310 820 283 288 288 288 0 128 128 128 0 3 3 2.0
160000 165000 6 1 228 17702 290 400138 998 267 821 299 288 288 288 0 128 128 128 0 3 3 3.0
165000 170000 6 1 209 14434 249 352204 999 241 823 305 288 288 288 0 128 128 128 0 3 3 2.0
170000 175000 6 1 197 14880 230 324359 990 205 802 306 288 288 288 0 128 128 128 0 2 2 3.0
175000 180000 6 1 197 15004 243 335816 998 146 811 342 288 288 288 0 128 128 128 0 3 3 2.0
180000 185000 6 1 244 17438 299 412508 997 92 816 360 288 288 288 0 128 128 128 0 3 3 3.0
185000 190000 6 1 222 17248 288 396604 999 32 810 383 288 288 288 0 128 128 128 0 4 4 2.0
190000 195000 5 1 222 16485 311 436147 998 967 989 12 288 288 288 0 128 128 128 0 3 3 3.0
195000 200000 5 1 210 15788 294 410604 996 924 968 29 288 288 288 0 128 128 128 0 4 3 2.0
200000 205000 6 1 161 12693 224 309049 997 75 816 366 288 288 288 0 128 128 128 0 2 2 3.0
205000 210000 6 1 149 10778 179 255456 996 120 808 348 288 288 288 0 128 128 128 0 2 2 2.0
210000 215000 6 1 233 20408 338 453718 999 218 797 320 288 288 288 0 128 128 128 0 6 6 3.0
215000 220000 6 1 194 14161 226 306293 997 380 746 293 288 288 288 0 128 128 128 0 2 2 2.0
220000 225000 4 1 232 15977 229 309304 733 434 606 125 480 288 384 110 128 128 128 0 4 4 3.0
225000 230000 4 1 298 19683 300 411858 994 545 851 208 480 480 480 0 128 128 128 0 2 2 2.0
230000 235000 3 1 323 20630 328 462615 967 870 930 52 480 480 480 0 128 128 128 0 3 3 3.0
235000 240000 4 1 230 14910 240 334619 985 121 727 407 480 480 480 0 128 128 128 0 2 2 2.0
240000 245000 5 1 343 22820 376 524066 998 234 826 331 480 480 480 0 128 128 128 0 3 3 3.0
245000 250000 6 1 263 18217 360 493094 999 215 825 312 480 480 480 0 128 128 128 0 3 3 2.0
250000 255000 5 1 313 20259 325 449734 999 774 906 92 480 480 480 0 128 128 128 0 2 2 3.0
255000 260000 6 1 310 21716 351 481488 999 132 729 377 480 480 480 0 128 128 128 0 3 3 2.0
260000 265000 6 1 289 18658 298 402347 997 353 822 273 480 480 480 0 128 128 128 0 2 2 3.0
265000 270000 6 1 413 26951 461 647509 999 342 829 276 840 480 750 180 128 128 128 0 4 4 2.0
270000 275000 6 1 423 25733 454 632571 999 302 820 289 840 840 840 0 128 128 128 0 3 3 3.0
275000 280000 6 1 469 27101 500 701422 997 294 828 288 840 840 840 0 128 128 128 0 2 2 2.0
280000 285000 5 1 447 26853 474 678330 997 704 858 131 840 840 840 0 128 128 128 0 3 3 3.0
285000 290000 6 1 465 28388 518 735808 999 187 830 324 840 840 840 0 128 128 128 0 3 3 2.0
290000 295000 6 1 440 27213 459 652840 999 197 733 358 840 840 840 0 128 128 128 0 2 2 3.0
295000 300000 6 1 421 26337 453 646441 997 305 810 286 840 840 840 0 128 128 128 0 3 3 2.0
300000 305000 1 1 87 5061 116 169153 690 690 690 0 0 0 0 0 0 0 0 0 0 0 1.0
