ts te nbins ncons c_pkts_all c_bytes_all s_pkts_all s_bytes_all max_bin min_bin avg_bin std_bin max_vid min_vid avg_vid std_vid max_aud min_aud avg_aud std_aud num_vid num_aud num_mfs
0 5000 0 0 0 0 0 0 0 0 0 0 0 0 0 0 0 0 0 0 0 0 
5000 10000 4 1 95 13631 189 251021 987 248 781 356 288 288 288 0 128 128 128 0 3 3 2.0
10000 15000 6 1 189 15417 309 427409 999 179 816 329 288 288 288 0 128 128 128 0 3 3 2.0
15000 20000 6 1 194 14715 331 452467 993 143 817 336 288 288 288 0 128 128 128 0 3 3 3.0
20000 25000 6 1 175 13574 215 298975 998 118 824 350 288 288 288 0 128 128 128 0 3 3 2.0
25000 30000 6 1 176 13657 213 293302 996 73 817 368 288 288 288 0 128 128 128 0 2 2 3.0
30000 35000 6 1 209 15466 296 410627 995 18 809 388 288 288 288 0 128 128 128 0 3 3 2.0
35000 40000 5 1 232 17134 304 424051 999 969 982 12 288 288 288 0 128 128 128 0 3 3 3.0
40000 45000 6 1 167 12305 238 323696 998 23 816 390 288 288 288 0 128 128 128 0 2 2 2.0
45000 50000 6 1 195 14985 243 340126 999 95 819 359 288 288 288 0 128 128 128 0 3 3 3.0
50000 55000 6 1 207 15127 253 352247 995 151 820 335 288 288 288 0 128 128 128 0 3 3 2.0
55000 60000 6 1 166 12298 201 283303 986 184 810 320 288 288 288 0 128 128 128 0 2 2 3.0
60000 65000 6 1 205 15432 258 359774 998 236 813 308 288 288 288 0 128 128 128 0 2 2 2.0
65000 70000 6 1 166 12532 213 301286 999 299 808 301 288 288 288 0 128 128 128 0 3 3 3.0
70000 75000 6 1 226 17062 305 419407 998 424 819 273 288 288 288 0 128 128 128 0 3 3 2.0
75000 80000 6 1 233 17202 310 434896 997 479 823 263 288 288 288 0 128 128 128 0 4 3 3.0
80000 85000 6 1 194 14843 262 359695 990 357 791 286 288 288 288 0 128 128 128 0 2 3 2.0
85000 90000 6 1 231 17526 309 422541 999 298 817 290 288 288 288 0 128 128 128 0 4 4 3.0
90000 95000 6 1 194 14304 251 354743 999 275 823 292 288 288 288 0 128 128 128 0 2 2 2.0
95000 100000 6 1 173 12841 206 286020 998 181 809 325 288 288 288 0 128 128 128 0 3 2 3.0
100000 105000 5 1 149 10803 193 269950 998 816 955 77 288 288 288 0 128 128 128 0 1 2 2.0
105000 110000 6 1 167 13140 188 261406 997 8 810 394 288 288 288 0 128 128 128 0 2 2 3.0
110000 115000 6 1 212 14641 236 332550 996 81 818 365 288 288 288 0 128 128 128 0 3 3 2.0
115000 120000 6 1 223 16595 269 374438 997 133 819 343 288 288 288 0 128 128 128 0 3 3 3.0
120000 125000 6 1 137 10776 206 281726 995 171 818 327 288 288 288 0 128 128 128 0 2 2 2.0
125000 130000 6 1 179 13164 218 301680 999 213 819 316 288 288 288 0 128 128 128 0 3 3 2.0
130000 135000 6 1 168 12378 225 321734 997 273 818 298 288 288 288 0 128 128 128 0 2 2 2.0
135000 140000 6 1 146 10752 170 240754 997 331 816 283 288 288 288 0 128 128 128 0 1 1 3.0
140000 145000 6 1 159 11840 175 246846 995 275 796 313 288 288 288 0 128 128 128 0 2 2 2.0
145000 150000 6 1 138 10046 162 224216 996 455 810 273 288 288 288 0 128 128 128 0 2 2 3.0
150000 155000 6 1 170 12687 214 293305 996 321 796 297 288 288 288 0 128 128 128 0 2 2 2.0
155000 160000 6 1 181 13854 218 303322 999 283 822 295 288 288 288 0 128 128 128 0 3 3 3.0
160000 165000 6 1 211 15855 265 366050 997 247 822 303 288 288 288 0 128 128 128 0 3 3 2.0
165000 170000 6 1 175 12633 253 351847 989 143 780 327 288 288 288 0 128 128 128 0 2 2 3.0
170000 175000 6 1 228 16722 279 385299 998 73 817 369 288 288 288 0 128 128 128 0 4 3 2.0
175000 180000 6 1 210 17365 292 401959 998 51 824 380 288 288 288 0 128 128 128 0 3 4 3.0
180000 185000 5 1 185 13516 276 382142 997 869 957 53 288 288 288 0 128 128 128 0 3 3 1.0
185000 190000 6 1 154 11552 171 241462 994 125 812 342 288 288 288 0 128 128 128 0 2 2 3.0
190000 195000 6 1 220 15330 258 363163 997 154 820 335 288 288 288 0 128 128 128 0 3 3 2.0
195000 200000 5 1 486 32955 487 667230 996 200 812 344 480 288 352 99 128 128 128 0 6 6 3.0
200000 205000 2 1 233 15256 247 340822 982 939 960 30 480 480 480 0 128 128 128 0 2 2 2.0
205000 210000 3 1 335 21610 349 476941 970 916 940 27 480 480 480 0 128 128 128 0 3 3 3.0
210000 215000 6 1 278 18588 312 430105 999 9 667 482 480 480 480 0 128 128 128 0 3 3 2.0
215000 220000 6 1 427 26258 436 615525 998 53 825 379 840 840 840 0 128 128 128 0 3 3 3.0
220000 225000 5 1 465 26892 455 642976 996 890 959 44 840 840 840 0 128 128 128 0 3 3 2.0
225000 230000 5 1 380 23517 422 583246 999 926 982 31 840 840 840 0 128 128 128 0 3 3 3.0
230000 235000 6 1 543 29473 535 764796 997 72 736 383 840 840 840 0 128 128 128 0 2 2 2.0
235000 240000 5 1 339 21664 356 506148 998 131 690 392 840 840 840 0 128 128 128 0 3 3 3.0
240000 245000 6 1 443 26551 506 711916 998 410 827 264 840 840 840 0 128 128 128 0 2 2 2.0
245000 250000 5 1 540 30568 548 786522 999 584 893 176 840 840 840 0 128 128 128 0 3 3 3.0
250000 255000 6 1 367 21190 360 513040 999 23 625 429 840 840 840 0 128 128 128 0 2 2 2.0
255000 260000 5 1 520 30170 522 738629 998 420 874 254 840 840 840 0 128 128 128 0 3 3 3.0
260000 265000 5 1 407 24386 419 593602 998 395 872 266 840 840 840 0 128 128 128 0 3 3 2.0
265000 270000 6 1 470 26658 469 656347 998 104 751 354 840 840 840 0 128 128 128 0 2 2 3.0
270000 275000 6 1 490 28206 504 709267 998 76 818 365 840 840 840 0 128 128 128 0 3 3 2.0
275000 280000 6 1 428 26732 416 585817 999 35 822 387 840 840 840 0 128 128 128 0 3 3 3.0
280000 285000 5 1 448 25869 470 670591 999 464 852 226 840 840 840 0 128 128 128 0 2 2 2.0
285000 290000 6 1 435 26459 435 621292 999 405 820 275 840 840 840 0 128 128 128 0 3 3 3.0
290000 295000 5 1 475 27326 474 678199 998 395 795 283 840 840 840 0 128 128 128 0 2 2 2.0
295000 300000 5 1 443 27227 468 671987 999 275 840 317 840 840 840 0 128 128 128 0 3 3 3.0
