ts te nbins ncons c_pkts_all c_bytes_all s_pkts_all s_bytes_all max_bin min_bin avg_bin std_bin max_vid min_vid avg_vid std_vid max_aud min_aud avg_aud std_aud num_vid num_aud num_mfs
0 5000 0 0 0 0 0 0 0 0 0 0 0 0 0 0 0 0 0 0 0 0 
5000 10000 0 0 0 0 0 0 0 0 0 0 0 0 0 0 0 0 0 0 0 0 
10000 15000 3 1 102 14162 203 262187 991 458 811 305 288 288 288 0 128 128 128 0 3 3 1.0
15000 20000 6 1 179 14598 316 430892 998 391 799 267 288 288 288 0 128 128 128 0 3 3 3.0
20000 25000 6 1 145 11603 203 283706 997 291 810 297 288 288 288 0 128 128 128 0 2 2 2.0
25000 30000 6 1 169 13700 232 326252 995 210 807 314 288 288 288 0 128 128 128 0 3 3 3.0
30000 35000 6 1 199 16450 343 483038 999 178 819 325 288 288 288 0 128 128 128 0 4 4 2.0
35000 40000 6 1 214 19935 363 492856 999 132 815 341 288 288 288 0 128 128 128 0 3 3 3.0
40000 45000 6 1 200 16274 331 450447 996 77 816 365 288 288 288 0 128 128 128 0 4 4 2.0
45000 50000 5 1 147 12850 203 287264 995 727 891 136 288 288 288 0 128 128 128 0 2 3 3.0
50000 55000 6 1 184 14147 270 374253 997 262 817 297 288 288 288 0 128 128 128 0 3 2 2.0
55000 60000 6 1 158 12815 233 319020 993 193 757 313 288 288 288 0 128 128 128 0 3 3 3.0
60000 65000 6 1 143 10667 163 230109 998 405 806 269 288 288 288 0 128 128 128 0 1 2 2.0
65000 70000 6 1 132 9773 156 215156 998 433 805 276 288 288 288 0 128 128 128 0 2 1 3.0
70000 75000 6 1 147 10148 175 240269 990 265 785 305 288 288 288 0 128 128 128 0 2 2 2.0
75000 80000 6 1 137 11479 176 238100 989 169 799 326 288 288 288 0 128 128 128 0 1 1 3.0
80000 85000 6 1 173 13268 202 281396 996 137 819 340 288 288 288 0 128 128 128 0 3 3 2.0
85000 90000 6 1 199 13938 226 321371 999 65 818 372 288 288 288 0 128 128 128 0 2 2 3.0
90000 95000 6 1 190 14446 233 323118 998 29 815 385 288 288 288 0 128 128 128 0 3 3 2.0
95000 100000 5 1 162 12227 198 275934 996 948 978 19 288 288 288 0 128 128 128 0 2 2 3.0
100000 105000 6 1 142 10720 174 233990 999 29 817 386 288 288 288 0 128 128 128 0 2 2 2.0
105000 110000 6 1 157 11880 183 247860 990 65 814 369 288 288 288 0 128 128 128 0 2 2 3.0
110000 115000 6 1 151 11510 174 237257 995 118 813 347 288 288 288 0 128 128 128 0 1 1 2.0
115000 120000 6 1 179 12497 227 317424 996 167 812 331 288 288 288 0 128 128 128 0 3 3 3.0
120000 125000 6 1 213 16239 265 365721 999 251 818 301 288 288 288 0 128 128 128 0 3 3 2.0
125000 130000 6 1 175 13387 214 295219 997 286 817 291 288 288 288 0 128 128 128 0 2 2 3.0
130000 135000 6 1 280 21342 463 618682 997 318 813 290 288 288 288 0 128 128 128 0 5 5 2.0
135000 140000 6 1 236 18170 383 517579 994 401 818 272 288 288 288 0 128 128 128 0 4 4 3.0
140000 145000 6 1 248 17533 291 403085 998 175 637 398 288 288 288 0 128 128 128 0 4 4 2.0
145000 150000 6 1 176 14071 219 311746 989 215 802 315 288 288 288 0 128 128 128 0 2 2 3.0
150000 155000 6 1 228 15754 227 326415 999 181 821 325 288 288 288 0 128 128 128 0 3 3 2.0
155000 160000 5 1 231 15810 261 358423 996 816 931 73 288 288 288 0 128 128 128 0 2 2 3.0
160000 165000 5 1 464 28656 479 690018 999 228 817 334 8000 288 6072 3856 128 128 128 0 4 4 2.0
165000 170000 6 1 598 36717 611 866161 999 187 819 322 480 480 480 0 128 128 128 0 6 6 3.0
170000 175000 5 1 406 24677 401 557840 998 469 868 228 840 840 840 0 128 128 128 0 3 3 2.0
175000 180000 6 1 475 27405 504 714963 997 109 795 359 840 840 840 0 128 128 128 0 3 3 3.0
180000 185000 5 1 407 23156 397 565333 998 319 808 296 840 840 840 0 128 128 128 0 2 2 2.0
185000 190000 5 1 491 29331 523 742328 998 858 967 60 840 840 840 0 128 128 128 0 3 3 3.0
190000 195000 6 1 411 24554 413 593381 999 134 628 414 840 840 840 0 128 128 128 0 3 3 2.0
195000 200000 6 1 507 28396 521 744927 999 198 819 316 840 840 840 0 128 128 128 0 2 2 3.0
200000 205000 5 1 407 25253 460 660020 999 703 855 135 840 840 840 0 128 128 128 0 3 3 2.0
205000 210000 5 1 408 24354 427 599995 999 293 840 308 840 840 840 0 128 128 128 0 2 2 3.0
210000 215000 5 1 485 29531 543 764635 999 256 840 327 840 840 840 0 128 128 128 0 3 3 2.0
215000 220000 6 1 405 25167 438 612227 999 180 818 329 840 840 840 0 128 128 128 0 3 3 3.0
220000 225000 5 1 513 29660 547 766012 998 813 902 91 840 840 840 0 128 128 128 0 2 2 2.0
225000 230000 6 1 440 26581 506 710899 996 110 805 349 840 840 840 0 128 128 128 0 3 3 3.0
230000 235000 5 1 368 22447 380 533518 999 207 813 341 840 840 840 0 128 128 128 0 2 2 2.0
235000 240000 5 1 494 29195 515 738280 998 251 847 333 840 840 840 0 128 128 128 0 3 3 3.0
240000 245000 5 1 449 27594 514 729263 997 741 868 122 840 840 840 0 128 128 128 0 3 3 2.0
245000 250000 6 1 446 25472 458 645567 998 237 675 357 840 840 840 0 128 128 128 0 2 2 3.0
250000 255000 5 1 506 30372 536 766171 998 702 937 131 840 840 840 0 128 128 128 0 3 3 2.0
255000 260000 6 1 405 24808 407 578595 999 294 820 283 840 840 840 0 128 128 128 0 3 3 3.0
260000 265000 6 1 442 26889 486 684078 996 183 728 379 840 840 840 0 128 128 128 0 2 2 2.0
265000 270000 6 1 452 27921 478 664145 999 165 828 332 840 840 840 0 128 128 128 0 3 3 3.0
270000 275000 5 1 458 27575 469 651212 999 582 851 173 840 840 840 0 128 128 128 0 2 2 2.0
275000 280000 6 1 500 30383 539 748845 999 110 810 352 840 840 840 0 128 128 128 0 3 3 3.0
280000 285000 5 1 390 25156 428 604598 996 83 790 398 840 840 840 0 128 128 128 0 3 3 2.0
285000 290000 6 1 460 27179 471 670054 999 109 821 353 840 840 840 0 128 128 128 0 2 2 3.0
290000 295000 6 1 461 28153 487 698335 999 131 824 345 840 840 840 0 128 128 128 0 3 3 2.0
295000 300000 6 1 414 24994 418 596715 998 162 750 332 840 840 840 0 128 128 128 0 2 2 3.0
300000 305000 1 1 8 591 2 2067 247 247 247 0 0 0 0 0 0 0 0 0 0 0 0.0
