ts te nbins ncons c_pkts_all c_bytes_all s_pkts_all s_bytes_all max_bin min_bin avg_bin std_bin max_vid min_vid avg_vid std_vid max_aud min_aud avg_aud std_aud num_vid num_aud num_mfs
0 5000 0 0 0 0 0 0 0 0 0 0 0 0 0 0 0 0 0 0 0 0 
5000 10000 4 1 303 27559 477 627062 999 454 860 271 288 288 288 0 128 128 128 0 5 5 2.0
10000 15000 6 1 470 32005 595 815974 997 430 826 265 288 288 288 0 128 128 128 0 6 6 3.0
15000 20000 5 1 343 22242 345 485090 998 259 740 356 840 840 840 0 128 128 128 0 3 3 2.0
20000 25000 6 1 410 24675 455 648454 998 421 825 269 840 840 840 0 128 128 128 0 3 3 3.0
25000 30000 5 1 453 25374 467 666188 993 575 904 184 840 840 840 0 128 128 128 0 2 2 2.0
30000 35000 5 1 452 27926 524 747759 999 939 985 26 840 840 840 0 128 128 128 0 3 3 3.0
35000 40000 6 1 441 26187 479 680581 999 57 827 378 840 840 840 0 128 128 128 0 3 3 2.0
40000 45000 6 1 464 28074 491 687177 998 71 737 388 840 840 840 0 128 128 128 0 2 2 3.0
45000 50000 6 1 494 28125 527 740977 999 429 825 269 840 840 840 0 128 128 128 0 3 3 2.0
50000 55000 6 1 407 24634 434 605713 997 125 769 370 840 840 840 0 128 128 128 0 2 2 3.0
55000 60000 6 1 491 28648 560 788617 998 87 821 363 840 840 840 0 128 128 128 0 3 3 2.0
60000 65000 5 1 411 26229 468 654290 996 181 805 350 840 840 840 0 128 128 128 0 3 3 3.0
65000 70000 6 1 453 25961 464 661760 999 142 822 341 840 840 840 0 128 128 128 0 2 2 2.0
70000 75000 5 1 401 24928 442 622441 996 453 796 230 840 840 840 0 128 128 128 0 3 3 3.0
75000 80000 5 1 492 29302 511 724177 999 541 884 195 840 840 840 0 128 128 128 0 2 2 2.0
80000 85000 6 1 483 28234 531 752364 998 17 823 395 840 840 840 0 128 128 128 0 3 3 3.0
85000 90000 6 1 442 25857 478 663470 999 64 729 381 840 840 840 0 128 128 128 0 3 3 2.0
90000 95000 6 1 437 26380 484 674616 998 455 826 265 840 840 840 0 128 128 128 0 2 2 3.0
95000 100000 6 1 442 26616 486 673912 999 180 768 337 840 840 840 0 128 128 128 0 3 3 2.0
100000 105000 6 1 484 27755 517 726285 998 130 812 341 840 840 840 0 128 128 128 0 3 3 3.0
105000 110000 6 1 471 27074 494 693147 997 33 797 378 840 840 840 0 128 128 128 0 2 2 2.0
110000 115000 5 1 428 25604 451 637101 998 248 738 349 840 840 840 0 128 128 128 0 3 3 3.0
115000 120000 6 1 432 25950 459 652860 999 446 824 267 840 840 840 0 128 128 128 0 2 2 2.0
120000 125000 6 1 408 23894 460 654779 996 249 786 315 840 840 840 0 128 128 128 0 3 3 3.0
125000 130000 5 1 464 27367 466 667556 997 738 892 136 840 840 840 0 128 128 128 0 2 2 2.0
130000 135000 6 1 472 27019 500 710946 999 17 817 392 840 840 840 0 128 128 128 0 3 3 3.0
135000 140000 6 1 478 28246 503 705886 997 57 747 391 840 840 840 0 128 128 128 0 3 3 2.0
140000 145000 6 1 453 27131 489 678541 998 448 823 269 840 840 840 0 128 128 128 0 3 3 3.0
145000 150000 6 1 520 29576 530 740365 999 414 823 267 840 840 840 0 128 128 128 0 2 2 2.0
150000 155000 6 1 387 23571 405 562979 999 124 693 368 840 840 840 0 128 128 128 0 3 3 3.0
155000 160000 5 1 436 26273 497 698836 995 189 784 338 840 840 840 0 128 128 128 0 2 2 2.0
160000 165000 6 1 457 28321 501 708033 998 167 827 331 840 840 840 0 128 128 128 0 3 3 3.0
165000 170000 6 1 467 26705 490 695898 999 145 827 340 840 840 840 0 128 128 128 0 2 2 2.0
170000 175000 5 1 487 30148 553 791254 999 632 893 159 840 840 840 0 128 128 128 0 3 3 3.0
175000 180000 6 1 417 26717 417 587337 999 8 724 425 840 840 840 0 128 128 128 0 2 2 2.0
180000 185000 6 1 454 28171 507 712348 997 9 740 416 840 840 840 0 128 128 128 0 3 3 3.0
185000 190000 6 1 416 26256 497 683999 999 446 826 262 840 840 840 0 128 128 128 0 3 3 2.0
190000 195000 6 1 508 30341 540 755297 998 182 713 340 840 840 840 0 128 128 128 0 2 2 3.0
195000 200000 6 1 465 30561 513 715186 999 18 803 391 840 840 840 0 128 128 128 0 5 5 2.0
200000 205000 6 1 454 29153 497 694511 999 5 810 396 840 840 840 0 128 128 128 0 3 3 3.0
205000 210000 5 1 478 29098 503 699583 999 177 830 365 840 840 840 0 128 128 128 0 2 2 2.0
210000 215000 6 1 398 25657 456 645906 999 155 828 337 840 840 840 0 128 128 128 0 3 3 3.0
215000 220000 6 1 468 27880 484 689749 998 118 825 351 840 840 840 0 128 128 128 0 2 2 2.0
220000 225000 5 1 465 29136 518 730936 999 622 895 160 840 840 840 0 128 128 128 0 3 3 3.0
225000 230000 6 1 392 24832 395 551412 999 23 820 391 840 840 840 0 128 128 128 0 2 2 2.0
230000 235000 6 1 530 31126 576 805745 999 25 729 412 840 840 840 0 128 128 128 0 3 3 3.0
235000 240000 5 1 400 24653 413 580934 994 432 879 249 840 840 840 0 128 128 128 0 3 3 2.0
240000 245000 6 1 414 24681 424 600563 998 406 824 266 840 840 840 0 128 128 128 0 2 2 3.0
245000 250000 6 1 517 30133 527 741210 998 181 757 325 840 840 840 0 128 128 128 0 3 3 2.0
250000 255000 6 1 474 28831 492 686300 999 119 812 347 840 840 840 0 128 128 128 0 3 3 3.0
255000 260000 5 1 448 25871 447 629368 999 346 729 304 840 840 840 0 128 128 128 0 2 2 2.0
260000 265000 5 1 404 26253 454 649245 999 444 886 247 840 840 840 0 128 128 128 0 3 3 3.0
265000 270000 5 1 464 28606 516 732484 999 481 781 246 840 840 840 0 128 128 128 0 3 2 2.0
270000 275000 5 1 467 28884 515 729198 999 500 884 215 840 840 840 0 128 128 128 0 2 3 3.0
275000 280000 5 1 459 28598 498 705160 998 19 796 434 840 840 840 0 128 128 128 0 3 3 2.0
280000 285000 6 1 447 27218 480 661191 998 21 742 412 840 840 840 0 128 128 128 0 2 2 3.0
285000 290000 6 1 441 27859 492 680954 999 441 822 266 840 840 840 0 128 128 128 0 3 3 2.0
290000 295000 6 1 501 30695 552 767237 993 138 758 349 840 840 840 0 128 128 128 0 3 3 3.0
295000 300000 6 1 459 32883 504 703170 997 104 815 352 840 840 840 0 128 128 128 0 2 2 2.0
