ts te nbins ncons c_pkts_all c_bytes_all s_pkts_all s_bytes_all max_bin min_bin avg_bin std_bin max_vid min_vid avg_vid std_vid max_aud min_aud avg_aud std_aud num_vid num_aud num_mfs
0 5000 0 0 0 0 0 0 0 0 0 0 0 0 0 0 0 0 0 0 0 0 
5000 10000 4 1 246 22229 389 511259 998 138 654 365 288 288 288 0 128 128 128 0 4 5 2.0
10000 15000 6 1 523 35571 627 862509 997 258 826 300 288 288 288 0 128 128 128 0 8 7 2.0
15000 20000 5 1 378 24205 424 600489 999 282 723 364 840 840 840 0 128 128 128 0 3 3 3.0
20000 25000 6 1 458 27617 516 727417 999 21 818 391 840 840 840 0 128 128 128 0 3 3 2.0
25000 30000 6 1 465 27130 471 663371 999 41 731 397 840 840 840 0 128 128 128 0 2 2 3.0
30000 35000 5 1 385 23979 427 610998 999 456 888 241 840 840 840 0 128 128 128 0 3 3 2.0
35000 40000 5 1 477 27946 493 698839 997 539 862 202 840 840 840 0 128 128 128 0 2 2 3.0
40000 45000 6 1 454 26018 519 736062 996 1 816 399 840 840 840 0 128 128 128 0 3 3 2.0
45000 50000 6 1 407 25041 435 605239 998 42 775 371 840 840 840 0 128 128 128 0 2 3 3.0
50000 55000 6 1 490 27903 508 714476 999 229 821 310 840 840 840 0 128 128 128 0 3 2 2.0
55000 60000 6 1 438 26612 506 711168 999 273 825 295 840 840 840 0 128 128 128 0 3 3 3.0
60000 65000 6 1 446 27156 491 695604 999 293 825 288 840 840 840 0 128 128 128 0 3 3 2.0
65000 70000 6 1 439 26411 500 708236 998 314 827 285 840 840 840 0 128 128 128 0 2 2 3.0
70000 75000 6 1 462 26602 467 664867 998 336 720 308 840 840 840 0 128 128 128 0 3 3 2.0
75000 80000 6 1 424 25285 438 623245 999 456 823 269 840 840 840 0 128 128 128 0 2 2 3.0
80000 85000 6 1 491 28336 507 720801 999 447 829 261 840 840 840 0 128 128 128 0 3 3 2.0
85000 90000 5 1 421 26242 454 624213 999 436 879 247 840 840 840 0 128 128 128 0 2 3 3.0
90000 95000 6 1 451 26315 546 769666 998 34 827 388 840 840 840 0 128 128 128 0 3 2 2.0
95000 100000 6 1 461 28679 503 709108 998 55 779 367 840 840 840 0 128 128 128 0 3 3 3.0
100000 105000 6 1 424 25344 453 632966 999 240 814 302 840 840 840 0 128 128 128 0 2 2 2.0
105000 110000 6 1 424 25417 468 653670 998 276 795 321 840 840 840 0 128 128 128 0 3 3 3.0
110000 115000 5 1 451 27101 500 705811 999 493 887 220 840 840 840 0 128 128 128 0 2 2 2.0
115000 120000 6 1 470 28217 530 760943 996 1 822 402 840 840 840 0 128 128 128 0 3 3 3.0
120000 125000 6 1 452 27783 508 715337 997 33 701 416 840 840 840 0 128 128 128 0 3 3 2.0
125000 130000 6 1 445 25919 469 671124 998 313 826 284 840 840 840 0 128 128 128 0 2 2 3.0
130000 135000 5 1 355 20186 344 485473 999 233 782 335 840 840 840 0 128 128 128 0 2 2 2.0
135000 140000 5 1 519 31365 566 801867 999 749 947 110 840 840 840 0 128 128 128 0 4 4 3.0
140000 145000 6 1 481 27935 500 702485 999 246 829 304 840 840 840 0 128 128 128 0 2 2 2.0
145000 150000 6 1 454 26638 482 677363 999 236 817 305 840 840 840 0 128 128 128 0 3 3 3.0
150000 155000 6 1 424 26486 466 648432 997 279 827 293 840 840 840 0 128 128 128 0 2 2 2.0
155000 160000 6 1 475 27425 540 761227 999 296 825 288 840 840 840 0 128 128 128 0 3 3 3.0
160000 165000 6 1 413 25354 461 657272 998 320 827 280 840 840 840 0 128 128 128 0 2 2 2.0
165000 170000 6 1 490 28654 512 727672 999 334 795 313 840 840 840 0 128 128 128 0 3 3 3.0
170000 175000 5 1 389 24801 418 597559 999 379 868 273 840 840 840 0 128 128 128 0 3 3 2.0
175000 180000 6 1 476 27850 502 717637 999 362 828 273 840 840 840 0 128 128 128 0 2 3 3.0
180000 185000 5 1 466 28544 535 753701 998 635 862 169 840 840 840 0 128 128 128 0 3 3 2.0
185000 190000 6 1 398 26010 431 608791 998 44 827 384 840 840 840 0 128 128 128 0 2 2 3.0
190000 195000 6 1 458 27646 521 741625 998 64 768 361 840 840 840 0 128 128 128 0 3 3 2.0
195000 200000 6 1 504 30885 534 747876 998 236 823 308 840 840 840 0 128 128 128 0 3 3 3.0
200000 205000 6 1 402 26163 440 616773 998 281 824 294 840 840 840 0 128 128 128 0 2 2 2.0
205000 210000 6 1 477 28945 525 743922 999 307 824 289 840 840 840 0 128 128 128 0 3 3 3.0
210000 215000 5 1 380 22745 392 555558 997 351 859 284 840 840 840 0 128 128 128 0 2 2 2.0
215000 220000 5 1 499 32094 571 816282 999 492 876 218 840 840 840 0 128 128 128 0 3 3 3.0
220000 225000 6 1 422 25634 427 610751 998 458 821 264 840 840 840 0 128 128 128 0 3 3 2.0
225000 230000 5 1 465 27840 476 672969 995 539 877 197 840 840 840 0 128 128 128 0 2 2 3.0
230000 235000 4 1 468 28935 554 787344 999 927 979 34 840 840 840 0 128 128 128 0 3 3 2.0
235000 240000 6 1 408 26360 473 663561 999 5 772 387 840 840 840 0 128 128 128 0 2 3 3.0
240000 245000 6 1 449 27210 488 693156 999 235 758 305 840 840 840 0 128 128 128 0 3 2 2.0
245000 250000 6 1 462 27530 484 685072 998 289 822 289 840 840 840 0 128 128 128 0 3 3 3.0
250000 255000 6 1 459 29305 523 734656 999 319 825 285 840 840 840 0 128 128 128 0 3 3 2.0
255000 260000 5 1 450 27024 471 674282 998 355 859 282 840 840 840 0 128 128 128 0 3 2 3.0
260000 265000 5 1 450 27493 483 684982 998 956 983 19 840 840 840 0 128 128 128 0 3 3 2.0
265000 270000 6 1 466 28677 493 698086 998 43 670 394 840 840 840 0 128 128 128 0 2 2 3.0
270000 275000 6 1 408 25251 450 637233 999 438 817 271 840 840 840 0 128 128 128 0 3 3 2.0
275000 280000 5 1 454 27883 513 725640 999 498 777 238 840 840 840 0 128 128 128 0 2 3 3.0
280000 285000 5 1 461 28438 510 720520 998 494 868 212 840 840 840 0 128 128 128 0 3 2 2.0
285000 290000 6 1 475 29604 538 752379 996 54 782 369 840 840 840 0 128 128 128 0 3 3 3.0
290000 295000 6 1 418 25939 449 626794 996 243 819 304 840 840 840 0 128 128 128 0 2 2 2.0
295000 300000 6 1 480 29528 545 767114 993 289 793 316 840 840 840 0 128 128 128 0 3 3 3.0
300000 305000 1 1 60 3714 79 113251 501 501 501 0 0 0 0 0 0 0 0 0 0 0 0.0
