ts te nbins ncons c_tcp_packs c_tcp_bytes c_udp_packs c_udp_bytes s_tcp_packs s_tcp_bytes s_udp_packs s_udp_bytes max_bins_span min_bins_span avg_bins_span std_bins_span max_video_rate min_video_rate avg_video_rate std_video_rate max_audio_rate min_audio_rate avg_audio_rate std_audio_rate video_requests audio_requests
0 1000 19 19 168 67357 0 0 251 194019 0 0 908 54 326 240 0 0 0 0 0 0 0 0 0 0
1000 2000 17 14 101 9490 10 4489 134 69157 13 10654 813 0 298 255 0 0 0 0 0 0 0 0 0 0
2000 3000 3 3 7 1871 0 0 10 792 0 0 177 53 134 69 0 0 0 0 0 0 0 0 0 0
3000 4000 1 1 2 1268 0 0 2 495 0 0 186 186 186 0 0 0 0 0 0 0 0 0 0 0
4000 5000 2 2 6 536 0 0 8 1444 0 0 349 60 204 204 0 0 0 0 0 0 0 0 0 0
5000 6000 9 8 39 13762 0 0 45 7129 0 0 920 3 342 356 0 0 0 0 0 0 0 0 0 0
6000 7000 12 10 356 29522 0 0 577 782210 0 0 919 25 323 316 2300 2300 2300 0 128 128 128 0 2 2
7000 8000 8 5 417 14991 0 0 539 696369 0 0 919 65 410 317 0 0 0 0 0 0 0 0 0 0
8000 9000 18 16 377 11680 26 11572 538 702693 27 5329 918 66 219 216 480 480 480 0 128 128 128 0 3 1
9000 10000 15 13 381 8882 17 9291 511 680451 18 9508 917 15 234 234 480 480 480 0 128 128 128 0 1 2
10000 11000 9 7 389 49843 58 7979 608 833350 96 103807 917 20 374 297 480 480 480 0 128 128 128 0 1 1
11000 12000 7 5 444 16697 17 2741 540 725580 24 5302 971 69 470 392 480 480 480 0 128 128 128 0 2 1
12000 13000 8 5 290 13067 0 0 452 597826 0 0 916 5 310 377 480 480 480 0 128 128 128 0 2 3
13000 14000 6 4 317 6438 9 6933 480 664291 8 257 913 41 343 380 480 480 480 0 128 128 128 0 1 1
14000 15000 6 4 339 4395 2 292 595 898301 3 442 910 1 314 391 1500 1500 1500 0 128 128 128 0 2 1
15000 16000 3 2 332 4331 0 0 472 693570 0 0 908 88 592 440 0 0 0 0 0 0 0 0 0 0
16000 17000 3 2 290 1910 0 0 514 793300 0 0 907 91 510 408 1500 1500 1500 0 128 128 128 0 1 1
17000 18000 5 3 382 3707 0 0 512 761679 0 0 902 91 373 313 0 0 0 0 0 0 0 0 0 0
18000 19000 4 3 337 2705 0 0 482 685186 0 0 901 94 314 391 0 0 0 0 0 0 0 0 0 0
19000 20000 3 2 348 3052 0 0 505 722344 0 0 901 98 514 402 1500 1500 1500 0 128 128 128 0 1 1
20000 21000 5 4 310 14341 0 0 521 723896 0 0 899 97 323 325 1500 1500 1500 0 128 128 128 0 1 1
21000 22000 3 2 347 1419 0 0 410 576224 0 0 760 100 350 357 0 0 0 0 0 0 0 0 0 0
22000 23000 1 1 0 145 0 0 0 47 0 0 20 20 20 0 0 0 0 0 0 0 0 0 0 0
23000 24000 3 3 15 10308 0 0 18 4888 0 0 875 476 701 204 1500 1500 1500 0 128 128 128 0 1 1
24000 25000 5 3 8 3138 0 0 16 4901 0 0 232 15 109 78 0 0 0 0 128 128 128 0 0 1
25000 26000 1 1 9 4579 0 0 10 1980 0 0 910 910 910 0 1500 1500 1500 0 0 0 0 0 1 0
26000 27000 0 0 0 0 0 0 0 0 0 0 0 0 0 0 0 0 0 0 0 0 0 0 0 0
27000 28000 1 1 6 3050 0 0 6 990 0 0 625 625 625 0 0 0 0 0 0 0 0 0 0 0
28000 29000 3 3 10 5681 0 0 15 4557 0 0 144 85 114 29 2300 2300 2300 0 128 128 128 0 1 1
29000 30000 1 1 7 4213 0 0 8 1347 0 0 839 839 839 0 0 0 0 0 0 0 0 0 0 0
30000 31000 5 5 61 136107 0 0 102 1564 0 0 979 16 325 382 2300 2300 2300 0 128 128 128 0 1 1
31000 32000 2 1 3 1541 0 0 5 499 0 0 839 9 424 586 0 0 0 0 0 0 0 0 0 0
32000 33000 1 1 3 1517 0 0 3 495 0 0 910 910 910 0 3000 3000 3000 0 128 128 128 0 2 1
33000 34000 1 1 4 1602 0 0 4 990 0 0 272 272 272 0 0 0 0 0 0 0 0 0 0 0
34000 35000 4 4 6 1527 0 0 6 495 0 0 199 14 60 92 3000 3000 3000 0 0 0 0 0 1 0
35000 36000 3 3 14 8296 0 0 21 5576 0 0 765 162 405 318 3000 3000 3000 0 128 128 128 0 1 1
36000 37000 9 8 14 3386 0 0 14 1061 0 0 739 15 121 240 0 0 0 0 128 128 128 0 0 1
37000 38000 1 1 1 539 0 0 1 174 0 0 158 158 158 0 0 0 0 0 0 0 0 0 0 0
38000 39000 4 4 10 5254 0 0 16 4462 0 0 146 16 74 60 3000 3000 3000 0 0 0 0 0 1 0
39000 40000 4 4 9 2728 0 0 9 956 0 0 603 20 181 281 0 0 0 0 128 128 128 0 0 1
40000 41000 3 3 9 8356 0 0 10 937 0 0 364 19 183 173 3000 3000 3000 0 0 0 0 0 1 0
41000 42000 1 1 6 3596 0 0 5 777 0 0 766 766 766 0 3000 3000 3000 0 128 128 128 0 1 2
42000 43000 2 1 6 3495 0 0 7 1026 0 0 727 210 468 365 3000 3000 3000 0 128 128 128 0 1 1
43000 44000 4 3 3 1653 16 9173 3 535 18 9305 666 157 296 247 0 0 0 0 0 0 0 0 0 0
44000 45000 5 4 6 1411 0 0 6 780 0 0 570 15 174 243 3000 3000 3000 0 128 128 128 0 1 1
45000 46000 10 9 11 1703 0 0 11 725 0 0 305 16 62 95 0 0 0 0 0 0 0 0 0 0
46000 47000 10 9 7 762 0 0 7 244 0 0 67 1 21 20 4400 4400 4400 0 128 128 128 0 2 1
47000 48000 6 6 14 9268 0 0 16 1383 0 0 450 19 152 204 0 0 0 0 0 0 0 0 0 0
48000 49000 3 3 13 7530 0 0 18 5170 0 0 665 88 299 317 4400 4400 4400 0 128 128 128 0 1 1
49000 50000 2 2 2 798 0 0 2 259 0 0 235 25 130 149 0 0 0 0 0 0 0 0 0 0
50000 51000 12 12 28 9565 0 0 30 1145 0 0 737 15 92 206 4400 4400 4400 0 128 128 128 0 1 1
51000 52000 3 3 3 684 0 0 3 222 0 0 213 15 81 113 0 0 0 0 0 0 0 0 0 0
52000 53000 3 3 6 2321 0 0 6 596 0 0 587 15 206 329 4400 4400 4400 0 128 128 128 0 1 1
53000 54000 2 2 3 1528 0 0 3 393 0 0 387 22 205 257 0 0 0 0 0 0 0 0 0 0
54000 55000 7 7 9 2240 0 0 10 725 0 0 726 14 119 267 4400 4400 4400 0 128 128 128 0 1 1
55000 56000 2 1 3 1926 0 0 3 264 0 0 708 264 486 313 0 0 0 0 0 0 0 0 0 0
56000 57000 3 2 5 2238 0 0 5 866 0 0 564 17 282 274 6500 6500 6500 0 128 128 128 0 2 1
57000 58000 2 2 3 1299 0 0 3 618 0 0 402 5 203 281 0 0 0 0 0 0 0 0 0 0
58000 59000 4 4 14 5748 0 0 20 7587 0 0 311 55 131 121 6500 6500 6500 0 128 128 128 0 1 1
59000 60000 3 3 14 5441 0 0 16 4809 0 0 434 21 196 213 0 0 0 0 0 0 0 0 0 0
60000 61000 13 13 31 11035 0 0 35 1519 0 0 264 0 86 75 6500 6500 6500 0 128 128 128 0 1 1
61000 62000 1 1 2 1447 0 0 2 469 0 0 238 238 238 0 0 0 0 0 0 0 0 0 0 0
62000 63000 0 0 0 0 0 0 0 0 0 0 0 0 0 0 0 0 0 0 0 0 0 0 0 0
63000 64000 1 1 6 3174 0 0 6 990 0 0 527 527 527 0 4400 4400 4400 0 128 128 128 0 1 1
64000 65000 1 1 3 2051 0 0 3 332 0 0 560 560 560 0 4400 4400 4400 0 0 0 0 0 1 0
65000 66000 3 2 5 1004 0 0 5 734 0 0 274 21 131 129 0 0 0 0 128 128 128 0 0 1
66000 67000 3 3 67 135664 0 0 127 7739 0 0 808 65 476 377 4400 4400 4400 0 0 0 0 0 1 0
67000 68000 2 2 4 1874 0 0 4 637 0 0 417 21 219 280 0 0 0 0 128 128 128 0 0 1
68000 69000 4 4 13 7199 0 0 20 4956 0 0 482 69 199 193 4400 4400 4400 0 0 0 0 0 1 0
69000 70000 2 2 4 1996 0 0 5 535 0 0 501 62 281 310 0 0 0 0 128 128 128 0 0 1
70000 71000 5 5 15 11261 0 0 17 1251 0 0 202 26 111 79 4400 4400 4400 0 0 0 0 0 1 0
71000 72000 1 1 4 2895 0 0 3 372 0 0 751 751 751 0 0 0 0 0 128 128 128 0 0 1
72000 73000 2 1 3 2104 0 0 2 495 0 0 751 247 499 356 4400 4400 4400 0 0 0 0 0 1 0
73000 74000 2 1 1 375 0 0 3 616 0 0 245 213 229 22 0 0 0 0 128 128 128 0 0 1
74000 75000 1 1 3 1541 0 0 3 499 0 0 429 429 429 0 4400 4400 4400 0 0 0 0 0 1 0
75000 76000 1 1 2 1510 0 0 2 490 0 0 421 421 421 0 0 0 0 0 128 128 128 0 0 1
76000 77000 1 1 3 2217 0 0 3 359 0 0 602 602 602 0 4400 4400 4400 0 0 0 0 0 1 0
77000 78000 3 2 4 1735 0 0 4 427 0 0 588 23 279 286 0 0 0 0 128 128 128 0 0 1
78000 79000 3 2 4 1354 0 0 5 516 0 0 412 17 279 226 4400 4400 4400 0 0 0 0 0 1 0
79000 80000 2 1 3 1834 0 0 3 810 0 0 450 365 408 60 0 0 0 0 128 128 128 0 0 1
80000 81000 2 2 7 7600 0 0 9 1311 0 0 618 165 392 320 4400 4400 4400 0 0 0 0 0 1 0
81000 82000 1 1 3 1525 0 0 3 495 0 0 238 238 238 0 0 0 0 0 128 128 128 0 0 1
82000 83000 1 1 3 1527 0 0 3 495 0 0 225 225 225 0 4400 4400 4400 0 0 0 0 0 1 0
83000 84000 2 2 4 1926 0 0 4 312 0 0 614 24 319 416 0 0 0 0 128 128 128 0 0 1
84000 85000 2 1 3 1881 0 0 3 672 0 0 464 358 411 74 4400 4400 4400 0 0 0 0 0 1 0
85000 86000 3 3 4 772 0 0 4 500 0 0 475 15 169 264 0 0 0 0 128 128 128 0 0 1
86000 87000 1 1 3 1528 0 0 3 495 0 0 206 206 206 0 4400 4400 4400 0 0 0 0 0 1 0
87000 88000 2 2 6 4633 0 0 7 900 0 0 287 239 263 34 0 0 0 0 128 128 128 0 0 1
88000 89000 1 1 3 1889 0 0 3 612 0 0 466 466 466 0 4400 4400 4400 0 0 0 0 0 1 0
89000 90000 1 1 3 1879 0 0 3 346 0 0 293 293 293 0 0 0 0 0 128 128 128 0 0 1
90000 91000 5 4 14 11783 0 0 18 1834 0 0 546 40 194 201 4400 4400 4400 0 128 128 128 0 1 1
91000 92000 9 9 10 1478 0 0 10 479 0 0 224 20 43 67 4400 4400 4400 0 128 128 128 0 1 1
92000 93000 1 1 3 1575 0 0 3 510 0 0 238 238 238 0 0 0 0 0 0 0 0 0 0 0
93000 94000 5 5 11 3848 0 0 10 990 0 0 555 26 132 236 4400 4400 4400 0 128 128 128 0 1 1
94000 95000 1 1 1 963 0 0 1 312 0 0 188 188 188 0 4400 4400 4400 0 0 0 0 0 1 0
95000 96000 3 3 6 2089 0 0 6 677 0 0 409 15 146 227 0 0 0 0 128 128 128 0 0 1
96000 97000 2 2 3 1837 0 0 4 323 0 0 524 69 297 322 4400 4400 4400 0 0 0 0 0 1 0
97000 98000 5 4 7 2061 0 0 7 729 0 0 457 17 175 217 0 0 0 0 128 128 128 0 0 1
98000 99000 2 2 2 748 0 0 3 493 0 0 401 22 211 268 4400 4400 4400 0 0 0 0 0 1 0
99000 100000 8 8 7 2357 0 0 8 526 0 0 252 5 41 86 0 0 0 0 128 128 128 0 0 1
100000 101000 8 8 13 8348 0 0 13 892 0 0 199 5 51 79 4400 4400 4400 0 0 0 0 0 1 0
101000 102000 1 1 4 2320 0 0 4 495 0 0 219 219 219 0 0 0 0 0 128 128 128 0 0 1
102000 103000 1 1 3 1526 0 0 3 495 0 0 201 201 201 0 4400 4400 4400 0 0 0 0 0 1 0
103000 104000 3 3 3 2134 18 11731 3 548 23 14609 486 204 319 148 0 0 0 0 128 128 128 0 0 1
104000 105000 2 2 4 1716 0 0 4 441 0 0 391 20 205 262 4400 4400 4400 0 0 0 0 0 1 0
105000 106000 1 1 3 1526 0 0 2 495 0 0 247 247 247 0 0 0 0 0 128 128 128 0 0 1
106000 107000 1 1 3 2335 0 0 3 300 0 0 580 580 580 0 4400 4400 4400 0 0 0 0 0 1 0
107000 108000 2 1 4 2325 0 0 4 721 0 0 513 376 444 96 0 0 0 0 128 128 128 0 0 1
108000 109000 1 1 1 714 0 0 1 463 0 0 451 451 451 0 4400 4400 4400 0 0 0 0 0 1 0
109000 110000 1 1 3 1527 0 0 3 495 0 0 215 215 215 0 0 0 0 0 128 128 128 0 0 1
110000 111000 2 2 7 6767 0 0 7 873 0 0 202 179 190 16 4400 4400 4400 0 0 0 0 0 1 0
111000 112000 1 1 1 1001 0 0 1 324 0 0 285 285 285 0 0 0 0 0 128 128 128 0 0 1
112000 113000 3 3 6 2050 0 0 6 665 0 0 584 24 210 323 4400 4400 4400 0 0 0 0 0 1 0
113000 114000 1 1 3 2182 0 0 2 354 0 0 711 711 711 0 0 0 0 0 128 128 128 0 0 1
114000 115000 3 2 3 868 0 0 4 635 0 0 283 16 160 134 4400 4400 4400 0 0 0 0 0 1 0
115000 116000 1 1 3 1897 0 0 3 307 0 0 571 571 571 0 0 0 0 0 128 128 128 0 0 1
116000 117000 2 1 3 1960 0 0 3 448 0 0 471 349 410 86 4400 4400 4400 0 0 0 0 0 1 0
117000 118000 2 1 3 1417 0 0 3 684 0 0 424 399 412 17 0 0 0 0 128 128 128 0 0 1
118000 119000 1 1 2 833 0 0 2 539 0 0 479 479 479 0 4400 4400 4400 0 0 0 0 0 1 0
119000 120000 1 1 4 2551 0 0 3 584 0 0 576 576 576 0 0 0 0 0 128 128 128 0 0 1
120000 121000 4 3 8 7717 0 0 10 1309 0 0 399 22 155 173 4400 4400 4400 0 0 0 0 0 1 0
121000 122000 3 3 33 2389 0 0 51 74508 0 0 224 130 190 51 0 0 0 0 128 128 128 0 0 1
122000 123000 7 7 74 5657 11 6495 115 178791 16 9717 650 16 207 264 0 0 0 0 0 0 0 0 0 0
123000 124000 4 4 0 0 30 15866 0 0 37 23672 309 58 159 120 4400 4400 4400 0 0 0 0 0 1 0
124000 125000 3 3 18 9768 0 0 23 8680 0 0 860 285 550 290 0 0 0 0 128 128 128 0 0 1
125000 126000 5 3 19 8853 0 0 28 9664 0 0 504 124 328 180 4400 4400 4400 0 128 128 128 0 1 1
126000 127000 5 4 61 110890 0 0 110 6735 0 0 418 19 226 171 0 0 0 0 0 0 0 0 0 0
127000 128000 3 2 11 7640 0 0 13 2306 0 0 858 71 393 412 4400 4400 4400 0 128 128 128 0 1 1
128000 129000 3 3 5 1432 0 0 5 483 0 0 767 32 287 415 4400 4400 4400 0 0 0 0 0 1 0
129000 130000 4 4 14 6808 0 0 20 4947 0 0 262 59 175 88 0 0 0 0 128 128 128 0 0 1
130000 131000 5 5 15 17400 0 0 20 1251 0 0 199 16 112 88 4400 4400 4400 0 0 0 0 0 1 0
131000 132000 1 1 3 1732 0 0 3 561 0 0 504 504 504 0 0 0 0 0 128 128 128 0 0 1
132000 133000 1 1 2 1319 0 0 2 428 0 0 384 384 384 0 4400 4400 4400 0 0 0 0 0 1 0
133000 134000 1 1 3 1735 0 0 3 446 0 0 418 418 418 0 0 0 0 0 128 128 128 0 0 1
134000 135000 1 1 3 2115 0 0 3 543 0 0 510 510 510 0 4400 4400 4400 0 0 0 0 0 1 0
135000 136000 1 1 3 1525 0 0 3 495 0 0 254 254 254 0 0 0 0 0 128 128 128 0 0 1
136000 137000 9 9 16 3050 0 0 16 1067 0 0 480 16 81 152 4400 4400 4400 0 128 128 128 0 1 1
137000 138000 1 1 4 2005 0 0 4 975 0 0 389 389 389 0 4400 4400 4400 0 128 128 128 0 1 1
138000 139000 3 3 4 1046 0 0 4 509 0 0 203 21 81 105 4400 4400 4400 0 0 0 0 0 1 0
139000 140000 2 2 10 3051 0 0 10 1562 0 0 603 98 351 357 0 0 0 0 128 128 128 0 0 1
140000 141000 4 4 11 8580 0 0 12 1044 0 0 597 18 214 273 4400 4400 4400 0 128 128 128 0 1 1
141000 142000 1 1 1 997 0 0 1 323 0 0 289 289 289 0 0 0 0 0 0 0 0 0 0 0
142000 143000 1 1 2 1216 0 0 2 378 0 0 177 177 177 0 6500 6500 6500 0 128 128 128 0 1 1
143000 144000 4 4 6 1964 0 0 6 611 0 0 286 15 83 135 0 0 0 0 0 0 0 0 0 0
144000 145000 1 1 0 431 0 0 0 140 0 0 67 67 67 0 6500 6500 6500 0 128 128 128 0 1 1
145000 146000 7 7 11 2621 0 0 11 849 0 0 410 20 77 147 0 0 0 0 0 0 0 0 0 0
146000 147000 1 1 1 801 0 0 1 259 0 0 126 126 126 0 6500 6500 6500 0 128 128 128 0 1 1
147000 148000 1 1 4 2252 0 0 4 730 0 0 354 354 354 0 0 0 0 0 0 0 0 0 0 0
148000 149000 1 1 0 471 0 0 0 152 0 0 72 72 72 0 6500 6500 6500 0 128 128 128 0 1 1
149000 150000 2 2 6 2581 0 0 6 837 0 0 394 17 206 266 0 0 0 0 0 0 0 0 0 0
150000 151000 3 3 8 6970 0 0 10 662 0 0 179 80 124 50 6500 6500 6500 0 128 128 128 0 1 1
151000 152000 1 1 4 2329 0 0 4 755 0 0 370 370 370 0 0 0 0 0 0 0 0 0 0 0
152000 153000 1 1 2 1511 0 0 2 490 0 0 234 234 234 0 6500 6500 6500 0 128 128 128 0 1 1
153000 154000 1 1 3 1541 0 0 3 499 0 0 238 238 238 0 0 0 0 0 0 0 0 0 0 0
154000 155000 1 1 3 1576 0 0 2 511 0 0 271 271 271 0 6500 6500 6500 0 128 128 128 0 1 1
155000 156000 1 1 2 1475 0 0 2 478 0 0 254 254 254 0 0 0 0 0 0 0 0 0 0 0
156000 157000 2 2 3 1279 0 0 4 434 0 0 197 56 126 99 6500 6500 6500 0 128 128 128 0 1 1
157000 158000 2 2 4 1808 0 0 4 586 0 0 286 22 154 187 0 0 0 0 0 0 0 0 0 0
158000 159000 2 2 1 245 0 0 2 96 0 0 32 29 30 2 4400 4400 4400 0 0 0 0 0 1 0
159000 160000 2 2 6 2999 0 0 7 955 0 0 454 50 252 285 0 0 0 0 128 128 128 0 0 1
160000 161000 2 2 9 9009 0 0 11 1368 0 0 508 176 342 234 4400 4400 4400 0 0 0 0 0 1 0
161000 162000 1 1 3 1526 0 0 3 495 0 0 228 228 228 0 0 0 0 0 128 128 128 0 0 1
162000 163000 1 1 3 1526 0 0 3 495 0 0 207 207 207 0 4400 4400 4400 0 0 0 0 0 1 0
163000 164000 3 3 4 2318 15 7927 4 495 16 8020 226 187 201 21 0 0 0 0 128 128 128 0 0 1
164000 165000 1 1 2 1492 0 0 2 483 0 0 471 471 471 0 4400 4400 4400 0 0 0 0 0 1 0
165000 166000 1 1 3 1563 0 0 3 506 0 0 494 494 494 0 0 0 0 0 128 128 128 0 0 1
166000 167000 1 1 3 1526 0 0 3 495 0 0 203 203 203 0 4400 4400 4400 0 0 0 0 0 1 0
167000 168000 4 4 8 5411 0 0 8 849 0 0 600 15 214 275 0 0 0 0 128 128 128 0 0 1
168000 169000 2 1 3 1793 0 0 1 413 0 0 483 310 396 122 4400 4400 4400 0 0 0 0 0 1 0
169000 170000 3 2 4 1595 0 0 4 783 0 0 494 14 329 272 0 0 0 0 128 128 128 0 0 1
170000 171000 2 2 5 6969 0 0 8 834 0 0 410 153 281 181 4400 4400 4400 0 0 0 0 0 1 0
171000 172000 2 2 4 2239 0 0 4 363 0 0 634 18 326 435 0 0 0 0 128 128 128 0 0 1
172000 173000 2 1 2 812 0 0 2 626 0 0 230 0 115 162 4400 4400 4400 0 0 0 0 0 1 0
173000 174000 2 2 4 1623 0 0 4 526 0 0 476 23 249 319 0 0 0 0 128 128 128 0 0 1
174000 175000 1 1 2 1428 0 0 2 463 0 0 418 418 418 0 4400 4400 4400 0 0 0 0 0 1 0
175000 176000 4 4 6 1670 0 0 6 542 0 0 430 16 122 204 0 0 0 0 128 128 128 0 0 1
176000 177000 1 1 2 1379 0 0 2 447 0 0 355 355 355 0 4400 4400 4400 0 0 0 0 0 1 0
177000 178000 1 1 3 1675 0 0 3 542 0 0 517 517 517 0 0 0 0 0 128 128 128 0 0 1
178000 179000 1 1 2 1379 0 0 2 447 0 0 426 426 426 0 4400 4400 4400 0 0 0 0 0 1 0
179000 180000 1 1 3 2064 0 0 3 334 0 0 597 597 597 0 0 0 0 0 128 128 128 0 0 1
180000 181000 4 3 7 6601 0 0 10 1064 0 0 286 0 114 133 4400 4400 4400 0 0 0 0 0 1 0
181000 182000 7 7 7 0 0 0 7 0 0 0 25 16 21 3 0 0 0 0 128 128 128 0 0 1
182000 183000 1 1 6 3053 0 0 6 990 0 0 455 455 455 0 4400 4400 4400 0 0 0 0 0 1 0
183000 184000 3 3 4 1527 0 0 4 495 0 0 202 13 76 109 0 0 0 0 128 128 128 0 0 1
184000 185000 3 3 0 214 0 0 0 69 0 0 37 3 14 20 4400 4400 4400 0 128 128 128 0 1 1
185000 186000 1 1 5 2840 0 0 5 920 0 0 498 498 498 0 0 0 0 0 0 0 0 0 0 0
186000 187000 5 5 58 111333 0 0 102 1798 0 0 537 16 183 236 4400 4400 4400 0 128 128 128 0 1 1
187000 188000 1 1 4 2246 0 0 4 728 0 0 375 375 375 0 4400 4400 4400 0 128 128 128 0 1 1
188000 189000 6 5 5 981 0 0 6 337 0 0 134 23 49 43 4400 4400 4400 0 0 0 0 0 1 0
189000 190000 4 4 19 8487 0 0 24 7824 0 0 498 55 236 192 0 0 0 0 128 128 128 0 0 1
190000 191000 10 10 30 16024 0 0 34 5124 0 0 745 18 142 224 4400 4400 4400 0 128 128 128 0 1 1
191000 192000 1 1 1 609 0 0 1 197 0 0 185 185 185 0 0 0 0 0 0 0 0 0 0 0
192000 193000 1 1 5 3193 0 0 6 1020 0 0 642 642 642 0 6500 6500 6500 0 128 128 128 0 1 1
193000 194000 2 1 2 1453 0 0 2 464 0 0 292 0 146 206 0 0 0 0 0 0 0 0 0 0
194000 195000 2 2 2 912 0 0 2 296 0 0 153 22 87 92 6500 6500 6500 0 128 128 128 0 1 1
195000 196000 1 1 4 2137 0 0 4 693 0 0 358 358 358 0 0 0 0 0 0 0 0 0 0 0
196000 197000 1 1 2 1251 0 0 2 406 0 0 188 188 188 0 6500 6500 6500 0 128 128 128 0 1 1
197000 198000 1 1 3 1800 0 0 3 583 0 0 270 270 270 0 0 0 0 0 0 0 0 0 0 0
198000 199000 1 1 1 580 0 0 1 188 0 0 94 94 94 0 6500 6500 6500 0 128 128 128 0 1 1
199000 200000 1 1 4 2469 0 0 4 801 0 0 402 402 402 0 0 0 0 0 0 0 0 0 0 0
200000 201000 3 3 13 11276 0 0 17 1830 0 0 815 121 370 385 6500 6500 6500 0 128 128 128 0 1 1
201000 202000 2 1 2 319 0 0 2 1099 0 0 158 64 111 65 0 0 0 0 0 0 0 0 0 0
202000 203000 2 2 4 1799 0 0 4 583 0 0 334 16 175 225 6500 6500 6500 0 128 128 128 0 1 1
203000 204000 1 1 2 1253 0 0 2 406 0 0 233 233 233 0 0 0 0 0 0 0 0 0 0 0
204000 205000 1 1 1 734 0 0 1 228 0 0 106 106 106 0 4400 4400 4400 0 128 128 128 0 1 1
205000 206000 1 1 4 2445 0 0 4 761 0 0 354 354 354 0 0 0 0 0 0 0 0 0 0 0
206000 207000 1 1 2 1758 0 0 3 570 0 0 558 558 558 0 4400 4400 4400 0 0 0 0 0 1 0
207000 208000 3 2 6 5426 0 0 7 1180 0 0 440 230 360 113 0 0 0 0 128 128 128 0 0 1
208000 209000 2 1 3 1752 0 0 3 666 0 0 475 346 410 91 4400 4400 4400 0 0 0 0 0 1 0
209000 210000 1 1 2 1362 0 0 2 581 0 0 491 491 491 0 0 0 0 0 128 128 128 0 0 1
210000 211000 3 3 9 9232 0 0 12 781 0 0 731 15 298 380 4400 4400 4400 0 0 0 0 0 1 0
211000 212000 2 1 3 1697 0 0 3 428 0 0 591 240 416 247 0 0 0 0 128 128 128 0 0 1
212000 213000 4 3 5 1377 0 0 5 703 0 0 461 17 215 231 4400 4400 4400 0 0 0 0 0 1 0
213000 214000 1 1 1 732 0 0 1 475 0 0 426 426 426 0 0 0 0 0 128 128 128 0 0 1
214000 215000 2 2 4 1528 0 0 4 495 0 0 204 16 110 132 4400 4400 4400 0 0 0 0 0 1 0
215000 216000 1 1 3 1580 0 0 2 512 0 0 512 512 512 0 0 0 0 0 128 128 128 0 0 1
216000 217000 2 2 3 1507 0 0 3 508 0 0 477 17 247 325 4400 4400 4400 0 0 0 0 0 1 0
217000 218000 1 1 4 2322 0 0 4 495 0 0 235 235 235 0 0 0 0 0 128 128 128 0 0 1
218000 219000 3 3 4 1654 0 0 6 556 0 0 509 17 184 281 4400 4400 4400 0 0 0 0 0 1 0
219000 220000 3 2 2 1451 0 0 3 481 0 0 450 0 163 249 0 0 0 0 128 128 128 0 0 1
220000 221000 5 5 9 6699 0 0 11 859 0 0 432 14 130 178 4400 4400 4400 0 0 0 0 0 1 0
221000 222000 1 1 3 1612 0 0 3 522 0 0 484 484 484 0 0 0 0 0 128 128 128 0 0 1
222000 223000 1 1 3 1528 0 0 2 495 0 0 209 209 209 0 4400 4400 4400 0 0 0 0 0 1 0
223000 224000 2 2 0 0 17 10427 0 0 21 10623 201 198 199 2 0 0 0 0 128 128 128 0 0 1
224000 225000 1 1 5 3275 0 0 5 602 0 0 590 590 590 0 4400 4400 4400 0 0 0 0 0 1 0
225000 226000 2 1 5 2937 0 0 5 927 0 0 524 379 451 102 0 0 0 0 128 128 128 0 0 1
226000 227000 6 6 5 693 0 0 5 449 0 0 435 1 82 173 4400 4400 4400 0 0 0 0 0 1 0
227000 228000 5 5 3 0 0 0 3 0 0 0 21 6 14 7 0 0 0 0 128 128 128 0 0 1
228000 229000 1 1 6 3056 0 0 6 990 0 0 474 474 474 0 4400 4400 4400 0 0 0 0 0 1 0
229000 230000 3 3 6 2322 0 0 6 495 0 0 251 40 110 122 0 0 0 0 128 128 128 0 0 1
230000 231000 2 2 7 8057 0 0 8 725 0 0 666 256 461 289 4400 4400 4400 0 0 0 0 0 1 0
231000 232000 5 4 7 2483 0 0 6 482 0 0 657 22 202 277 0 0 0 0 128 128 128 0 0 1
232000 233000 2 1 5 2272 0 0 4 1149 0 0 427 312 370 81 4400 4400 4400 0 128 128 128 0 1 1
233000 234000 6 6 11 1916 0 0 12 699 0 0 341 16 95 126 4400 4400 4400 0 128 128 128 0 1 1
234000 235000 2 1 2 1201 0 0 1 389 0 0 202 9 106 136 0 0 0 0 0 0 0 0 0 0
235000 236000 9 9 14 2992 0 0 15 1008 0 0 462 23 79 143 4400 4400 4400 0 128 128 128 0 1 1
236000 237000 1 1 3 1725 0 0 3 559 0 0 561 561 561 0 4400 4400 4400 0 0 0 0 0 1 0
237000 238000 1 1 2 1328 0 0 2 430 0 0 432 432 432 0 0 0 0 0 128 128 128 0 0 1
238000 239000 1 1 3 2369 0 0 2 304 0 0 580 580 580 0 4400 4400 4400 0 0 0 0 0 1 0
239000 240000 3 2 5 2966 0 0 4 717 0 0 511 25 299 248 0 0 0 0 128 128 128 0 0 1
240000 241000 6 5 14 7909 0 0 17 1378 0 0 448 22 168 186 4400 4400 4400 0 0 0 0 0 1 0
241000 242000 7 7 18 1093 0 0 24 2781 0 0 453 33 163 165 0 0 0 0 128 128 128 0 0 1
242000 243000 3 3 125 5793 0 0 205 275177 0 0 765 57 508 392 0 0 0 0 0 0 0 0 0 0
243000 244000 5 5 4 338 38 19690 5 227 48 20473 197 51 128 53 4400 4400 4400 0 128 128 128 0 1 1
244000 245000 2 2 6 3011 0 0 7 527 0 0 978 127 553 601 0 0 0 0 0 0 0 0 0 0
245000 246000 2 1 4 1565 0 0 4 996 0 0 275 12 144 185 4400 4400 4400 0 128 128 128 0 1 1
246000 247000 6 6 71 114966 0 0 113 1911 0 0 671 16 186 263 4400 4400 4400 0 0 0 0 0 1 0
247000 248000 6 5 19 8530 0 0 22 2519 0 0 324 18 163 108 0 0 0 0 128 128 128 0 0 1
248000 249000 3 3 6 2100 0 0 8 404 0 0 573 18 205 318 4400 4400 4400 0 0 0 0 0 1 0
249000 250000 4 3 17 8372 0 0 21 8687 0 0 546 186 304 165 0 0 0 0 128 128 128 0 0 1
250000 251000 6 5 22 21068 0 0 27 3768 0 0 531 70 268 194 4400 4400 4400 0 0 0 0 0 1 0
251000 252000 1 1 1 675 0 0 2 437 0 0 421 421 421 0 0 0 0 0 128 128 128 0 0 1
252000 253000 1 1 3 2153 0 0 3 348 0 0 551 551 551 0 4400 4400 4400 0 0 0 0 0 1 0
253000 254000 2 1 2 901 0 0 2 641 0 0 230 6 118 158 0 0 0 0 128 128 128 0 0 1
254000 255000 1 1 3 1598 0 0 3 518 0 0 502 502 502 0 0 0 0 0 0 0 0 0 0 0
255000 256000 1 1 2 1454 0 0 2 471 0 0 457 457 457 0 4400 4400 4400 0 128 128 128 0 1 1
256000 257000 1 1 3 1549 0 0 3 502 0 0 412 412 412 0 4400 4400 4400 0 0 0 0 0 1 0
257000 258000 2 2 4 1504 0 0 5 564 0 0 400 17 209 270 0 0 0 0 128 128 128 0 0 1
258000 259000 1 1 2 1130 0 0 1 366 0 0 310 310 310 0 4400 4400 4400 0 0 0 0 0 1 0
259000 260000 1 1 3 1921 0 0 3 623 0 0 528 528 528 0 0 0 0 0 128 128 128 0 0 1
260000 261000 3 3 9 8337 0 0 11 773 0 0 606 55 273 292 4400 4400 4400 0 0 0 0 0 1 0
261000 262000 3 2 5 2316 0 0 6 521 0 0 550 103 330 223 0 0 0 0 128 128 128 0 0 1
262000 263000 2 1 2 1334 0 0 1 432 0 0 481 339 410 100 4400 4400 4400 0 0 0 0 0 1 0
263000 264000 2 1 3 1638 0 0 3 531 0 0 495 476 486 13 0 0 0 0 128 128 128 0 0 1
264000 265000 2 1 3 1405 0 0 4 696 0 0 450 365 408 59 4400 4400 4400 0 0 0 0 0 1 0
265000 266000 1 1 2 782 0 0 2 508 0 0 475 475 475 0 0 0 0 0 128 128 128 0 0 1
266000 267000 1 1 3 2056 0 0 3 333 0 0 554 554 554 0 4400 4400 4400 0 0 0 0 0 1 0
267000 268000 2 1 3 1872 0 0 3 445 0 0 551 269 410 199 0 0 0 0 128 128 128 0 0 1
268000 269000 2 1 3 1366 0 0 3 674 0 0 413 411 412 0 4400 4400 4400 0 0 0 0 0 1 0
269000 270000 1 1 2 811 0 0 2 527 0 0 470 470 470 0 0 0 0 0 128 128 128 0 0 1
270000 271000 3 3 7 7421 0 0 9 641 0 0 429 16 197 211 4400 4400 4400 0 0 0 0 0 1 0
271000 272000 2 1 4 2715 0 0 4 481 0 0 484 402 443 57 0 0 0 0 128 128 128 0 0 1
272000 273000 3 2 4 1799 0 0 4 680 0 0 504 16 283 247 4400 4400 4400 0 0 0 0 0 1 0
273000 274000 1 1 2 1369 0 0 2 584 0 0 474 474 474 0 0 0 0 0 128 128 128 0 0 1
274000 275000 2 2 4 2064 0 0 4 334 0 0 585 18 302 400 4400 4400 4400 0 0 0 0 0 1 0
275000 276000 2 1 3 1899 0 0 3 455 0 0 540 281 410 183 0 0 0 0 128 128 128 0 0 1
276000 277000 4 3 4 1378 0 0 5 466 0 0 453 16 214 229 4400 4400 4400 0 0 0 0 0 1 0
277000 278000 2 1 3 1408 0 0 3 653 0 0 500 325 413 123 0 0 0 0 128 128 128 0 0 1
278000 279000 3 3 4 955 0 0 5 627 0 0 493 16 180 270 4400 4400 4400 0 0 0 0 0 1 0
279000 280000 1 1 3 2809 0 0 3 387 0 0 735 735 735 0 0 0 0 0 128 128 128 0 0 1
280000 281000 8 7 14 8602 0 0 17 1232 0 0 640 14 144 213 4400 4400 4400 0 0 0 0 0 1 0
281000 282000 2 1 3 1735 0 0 2 562 0 0 576 244 410 234 0 0 0 0 128 128 128 0 0 1
282000 283000 2 1 5 2164 0 0 6 1196 0 0 440 413 427 19 4400 4400 4400 0 128 128 128 0 1 1
283000 284000 3 3 0 276 15 8884 0 71 18 11625 305 40 187 135 4400 4400 4400 0 128 128 128 0 1 1
284000 285000 3 3 7 3576 0 298 7 918 0 382 517 18 185 288 4400 4400 4400 0 0 0 0 0 1 0
285000 286000 1 1 6 3054 0 0 6 990 0 0 436 436 436 0 0 0 0 0 128 128 128 0 0 1
286000 287000 1 1 2 1138 0 0 1 292 0 0 200 200 200 0 4400 4400 4400 0 0 0 0 0 1 0
287000 288000 2 2 7 5932 0 0 8 1220 0 0 476 244 360 164 0 0 0 0 128 128 128 0 0 1
288000 289000 4 4 6 2401 0 0 4 389 0 0 771 20 208 375 4400 4400 4400 0 0 0 0 0 1 0
289000 290000 2 1 2 653 0 0 3 600 0 0 229 209 219 13 0 0 0 0 128 128 128 0 0 1
290000 291000 2 2 7 8227 0 0 9 642 0 0 510 167 338 242 4400 4400 4400 0 0 0 0 0 1 0
291000 292000 3 2 4 2052 0 0 4 641 0 0 443 22 278 224 0 0 0 0 128 128 128 0 0 1
292000 293000 1 1 2 893 0 0 2 578 0 0 517 517 517 0 4400 4400 4400 0 0 0 0 0 1 0
293000 294000 1 1 3 1523 0 0 2 495 0 0 266 266 266 0 0 0 0 0 128 128 128 0 0 1
294000 295000 1 1 3 1525 0 0 3 495 0 0 199 199 199 0 4400 4400 4400 0 0 0 0 0 1 0
295000 296000 2 2 4 1531 0 0 4 496 0 0 491 17 254 334 0 0 0 0 128 128 128 0 0 1
296000 297000 2 2 3 1522 0 0 3 493 0 0 488 14 251 334 4400 4400 4400 0 0 0 0 0 1 0
297000 298000 0 0 0 0 0 0 0 0 0 0 0 0 0 0 0 0 0 0 0 0 0 0 0 0
298000 299000 1 1 8 5111 0 0 9 1636 0 0 717 717 717 0 4400 4400 4400 0 0 0 0 0 1 0
299000 300000 1 1 1 1073 0 0 2 343 0 0 150 150 150 0 0 0 0 0 0 0 0 0 0 0
300000 301000 0 0 0 0 0 0 0 0 0 0 0 0 0 0 0 0 0 0 0 0 0 0 0 0
