ts te nbins ncons c_pkts_all c_ack_cnt c_ack_cnt_p c_bytes_all c_bytes_uniq s_pkts_all s_ack_cnt s_ack_cnt_p s_bytes_all s_bytes_uniq c_pkts_retx s_pkts_retx c_pkts_data s_pkts_data max_bin min_bin avg_bin std_bin max_vid min_vid avg_vid std_vid max_aud min_aud avg_aud std_aud num_vid num_aud num_mfs
0 5000 44 34 293 286 121 58636 58331 410 410 227 141461 137773 3 5 164 174 994 0 409 266 0 0 0 0 0 0 0 0 0 0.0 1.0
5000 10000 16 10 77 71 29 33419 31552 111 111 65 33904 33707 4 2 40 39 926 0 280 267 288 288 288 0 128 128 128 0 7 7.0 2.0
10000 15000 12 7 61 57 28 40775 40254 87 87 49 24673 24084 2 9 28 34 946 0 395 338 840 288 445 269 128 128 128 0 7 6.0 2.0
15000 20000 2 2 9 9 3 5311 5311 15 15 11 4462 4462 0 0 6 4 422 313 368 77 840 840 840 0 128 128 128 0 3 3.0 3.0
20000 25000 8 5 19 19 7 17073 15123 27 27 19 2458 2457 3 2 12 5 532 0 222 229 840 840 840 0 128 128 128 0 2 2.0 2.0
25000 30000 4 2 19 19 8 9639 9213 31 31 22 7322 7319 1 2 10 9 570 262 469 145 840 840 840 0 128 128 128 0 3 3.0 3.0
30000 35000 12 7 83 80 10 152974 152484 134 134 123 2401 2401 2 1 70 8 999 0 341 373 840 840 840 0 128 128 128 0 2 2.0 2.0
35000 40000 18 16 42 40 22 8352 8009 47 47 30 10113 10112 2 1 14 15 813 0 169 245 840 840 840 0 128 128 128 0 3 3.0 3.0
40000 45000 6 6 10 10 5 8005 8005 14 14 12 756 756 0 0 5 2 836 0 286 418 840 840 840 0 128 128 128 0 3 3.0 2.0
45000 50000 35 35 53 53 36 10909 10909 54 54 41 5003 5002 0 1 9 5 588 0 74 133 840 840 840 0 128 128 128 0 2 2.0 3.0
50000 55000 7 7 13 13 7 7567 7567 16 16 13 756 756 0 0 5 2 741 16 228 345 840 840 840 0 128 128 128 0 3 3.0 2.0
55000 60000 8 8 21 21 10 5674 5330 24 24 14 4474 4473 1 1 7 6 610 0 132 225 840 840 840 0 128 128 128 0 3 3.0 3.0
60000 65000 11 11 22 19 7 7290 6759 30 30 13 1362 1361 1 1 5 11 701 8 223 213 840 840 840 0 128 128 128 0 2 2.0 2.0
65000 70000 8 7 85 83 16 136126 134353 160 160 124 16576 16572 3 3 66 32 992 262 477 321 840 840 840 0 128 128 128 0 3 3.0 3.0
70000 75000 3 3 12 12 5 9354 8003 15 15 10 758 756 1 2 6 4 697 23 469 386 840 840 840 0 128 128 128 0 1 1.0 2.0
75000 80000 4 4 4 3 2 0 0 4 4 2 77 77 0 0 0 2 17 0 8 9 288 288 288 0 128 128 128 0 3 3.0 3.0
80000 85000 2 2 6 6 3 6419 6419 10 10 7 757 378 0 2 3 3 671 17 344 462 480 480 480 0 128 128 128 0 4 3.0 2.0
85000 90000 1 1 4 4 1 3758 3758 6 6 5 532 532 0 0 3 1 278 278 278 0 840 480 600 207 128 128 128 0 3 3.0 3.0
90000 95000 19 19 26 24 17 6410 6375 30 30 24 458 457 1 1 5 5 546 18 74 161 840 840 840 0 128 128 128 0 3 3.0 2.0
95000 100000 8 8 11 11 7 140 105 16 16 12 94 93 1 1 4 4 498 26 140 175 840 840 840 0 128 128 128 0 2 2.0 3.0
100000 105000 2 2 10 10 4 7483 7483 13 13 9 775 775 0 0 5 3 499 186 342 221 840 840 840 0 128 128 128 0 3 3.0 2.0
105000 110000 1 1 1 1 1 0 0 1 1 1 0 0 0 0 0 0 22 22 22 0 840 840 840 0 128 128 128 0 3 3.0 3.0
110000 115000 9 9 14 14 4 6208 5661 23 23 15 379 378 1 1 4 2 678 18 144 227 840 840 840 0 128 128 128 0 2 2.0 2.0
115000 120000 8 8 8 8 1 0 0 15 15 7 0 0 0 1 0 0 331 0 153 143 840 840 840 0 128 128 128 0 3 3.0 3.0
120000 125000 19 14 175 171 105 84708 84555 249 249 93 198249 153513 4 36 54 139 973 0 389 339 840 840 840 0 128 128 128 0 2 2.0 2.0
125000 130000 14 10 69 67 24 59766 59766 104 104 72 18872 17543 1 3 41 29 955 0 341 294 840 840 840 0 128 128 128 0 3 3.0 3.0
130000 135000 6 4 17 16 5 17570 17398 23 23 18 1216 1215 1 1 11 4 936 0 384 446 840 840 840 0 128 128 128 0 3 3.0 2.0
135000 140000 3 3 4 4 2 0 0 7 7 2 155 154 0 1 0 3 334 52 224 150 840 840 840 0 128 128 128 0 2 2.0 3.0
140000 145000 1 1 4 4 1 5666 5666 7 7 6 378 378 0 0 3 1 924 924 924 0 840 840 840 0 128 128 128 0 3 3.0 2.0
145000 150000 0 0 0 0 0 0 0 0 0 0 0 0 0 0 0 0 0 0 0 0 0 0 0 0 0 0 0 0 0  
150000 155000 2 2 6 6 1 5677 5413 11 11 9 409 409 1 0 5 2 837 272 555 399 840 840 840 0 128 128 128 0 3 3.0 2.0
155000 160000 3 3 4 4 0 140 105 10 10 7 93 93 1 0 4 3 374 273 307 57 840 840 840 0 128 128 128 0 2 2.0 3.0
160000 165000 1 1 4 4 1 5049 5049 6 6 5 378 378 0 0 3 1 760 760 760 0 840 840 840 0 128 128 128 0 3 3.0 2.0
165000 170000 3 3 5 5 3 3267 3267 7 7 6 532 532 0 0 2 1 431 24 160 234 840 840 840 0 128 128 128 0 3 3.0 3.0
170000 175000 3 3 6 6 3 5404 5404 9 9 8 378 378 0 0 3 1 733 17 256 412 840 840 840 0 128 128 128 0 1 1.0 2.0
175000 180000 1 1 1 1 1 0 0 1 1 1 0 0 0 0 0 0 19 19 19 0 840 480 570 180 128 128 128 0 4 4.0 3.0
180000 185000 3 3 34 34 3 74984 74984 68 68 59 739 737 0 1 30 9 712 482 596 115 840 840 840 0 128 128 128 0 3 3.0 2.0
185000 190000 7 6 43 42 13 48290 48290 73 73 53 10550 10325 0 4 29 18 908 244 450 226 840 840 840 0 128 128 128 0 2 2.0 3.0
190000 195000 2 2 8 8 2 8659 8659 12 12 10 756 756 0 0 6 2 659 403 531 181 840 840 840 0 128 128 128 0 2 2.0 2.0
195000 200000 2 2 9 9 5 2008 1647 11 11 5 4592 4592 0 0 2 4 324 23 173 212 840 840 840 0 128 128 128 0 3 3.0 3.0
200000 205000 3 3 11 10 4 8427 7660 15 15 10 1333 1331 1 2 6 4 638 41 436 342 840 840 840 0 128 128 128 0 3 3.0 2.0
205000 210000 1 1 4 4 1 3765 3765 6 6 5 532 532 0 0 3 1 289 289 289 0 840 840 840 0 128 128 128 0 3 3.0 3.0
210000 215000 3 3 7 7 3 6386 6386 11 11 9 409 409 0 0 4 2 364 19 215 177 840 840 840 0 128 128 128 0 2 2.0 2.0
215000 220000 4 4 4 4 1 105 105 10 10 7 93 93 0 0 3 3 271 28 206 118 0 0 0 0 0 0 0 0 0 0.0 3.0
220000 225000 2 2 7 7 2 6263 6263 10 10 8 756 756 0 0 5 2 538 344 441 136 480 480 480 0 128 128 128 0 5 5.0 2.0
225000 230000 0 0 0 0 0 0 0 0 0 0 0 0 0 0 0 0 0 0 0 0 0 0 0 0 0 0 0 0 0  
230000 235000 5 5 9 9 3 7287 7287 14 14 11 378 378 0 0 4 1 512 17 208 205 840 840 840 0 128 128 128 0 2 3.0 2.0
235000 240000 0 0 0 0 0 0 0 0 0 0 0 0 0 0 0 0 0 0 0 0 0 0 0 0 0 0 0 0 0  
240000 245000 7 6 119 117 72 60671 59947 186 186 71 184546 152940 2 17 44 111 977 162 566 292 840 840 840 0 128 128 128 0 2 2.0 2.0
245000 250000 9 9 67 65 17 81746 81746 119 119 89 17654 17652 0 2 47 28 881 17 436 233 840 840 840 0 128 128 128 0 3 3.0 3.0
250000 255000 2 2 18 16 4 17437 17319 25 25 18 1235 1234 1 1 11 5 906 419 663 344 840 840 840 0 128 128 128 0 3 3.0 2.0
255000 260000 3 3 7 7 4 0 0 7 7 2 154 154 0 0 0 2 111 28 56 47 840 840 840 0 128 128 128 0 3 3.0 3.0
260000 265000 4 2 16 14 6 11080 9910 20 20 13 1217 1215 2 3 8 5 965 0 263 468 840 840 840 0 128 128 128 0 1 1.0 2.0
265000 270000 0 0 0 0 0 0 0 0 0 0 0 0 0 0 0 0 0 0 0 0 0 0 0 0 0 0 0 0 0  
270000 275000 4 3 11 11 3 7201 5587 15 15 11 788 787 2 1 8 4 481 0 340 228 480 480 480 0 128 128 128 0 6 6.0 2.0
275000 280000 3 3 3 3 0 105 105 9 9 6 93 93 0 0 3 3 452 257 322 112 840 480 720 207 128 128 128 0 3 3.0 3.0
280000 285000 2 1 6 6 1 8686 8288 9 9 8 378 378 1 0 5 1 395 0 197 279 840 840 840 0 128 128 128 0 3 3.0 2.0
285000 290000 3 3 7 7 3 4117 3765 9 9 8 532 532 1 0 4 1 282 18 106 152 840 840 840 0 128 128 128 0 2 2.0 3.0
290000 295000 5 4 10 10 4 8189 8189 13 13 11 756 756 0 0 6 2 385 0 122 166 840 840 840 0 128 128 128 0 3 3.0 2.0
295000 300000 0 0 0 0 0 0 0 0 0 0 0 0 0 0 0 0 0 0 0 0 0 0 0 0 0 0 0 0 0  
300000 305000 0 0 0 0 0 0 0 0 0 0 0 0 0 0 0 0 0 0 0 0 0 0 0 0 0 0 0 0 0  
