ts te nbins ncons c_tcp_packs c_tcp_bytes c_udp_packs c_udp_bytes s_tcp_packs s_tcp_bytes s_udp_packs s_udp_bytes max_bins_span min_bins_span avg_bins_span std_bins_span max_video_rate min_video_rate avg_video_rate std_video_rate max_audio_rate min_audio_rate avg_audio_rate std_audio_rate video_requests audio_requests
0 10000 14 4 638 28542 0 0 847 1441372 0 0 999 83 694 321 480 480 480 0 128 128 128 0 10 10
10000 20000 17 4 889 13428 0 0 1267 1851139 0 0 998 40 601 387 1500 1500 1500 0 128 128 128 0 6 5
20000 30000 16 2 852 12350 0 0 1362 1999675 0 0 999 91 683 356 1500 1500 1500 0 128 128 128 0 5 5
30000 40000 18 3 1269 14479 0 0 1803 2584032 0 0 999 400 774 226 1500 1500 1500 0 128 128 128 0 6 6
40000 50000 18 3 1115 13700 0 0 1921 2748220 0 0 999 28 606 384 2300 1500 2166 326 128 128 128 0 6 5
50000 60000 17 3 1298 13225 0 0 2072 3038201 0 0 999 103 726 346 2300 2300 2300 0 128 128 128 0 5 6
60000 70000 18 2 1315 11459 0 0 2039 2999267 0 0 999 56 742 325 2300 1500 2140 357 128 128 128 0 5 4
70000 80000 13 2 611 12973 0 0 988 1409907 0 0 999 79 550 326 840 840 840 0 128 128 128 0 6 5
80000 90000 15 3 775 14896 0 0 1287 1879238 0 0 999 66 532 343 2300 840 1326 753 128 128 128 0 6 6
90000 100000 16 2 1201 12506 0 0 2044 2931970 0 0 999 95 657 404 2300 2300 2300 0 128 128 128 0 5 5
100000 110000 16 2 1265 12501 0 0 2049 3063827 0 0 999 90 656 412 2300 2300 2300 0 128 128 128 0 5 5
110000 120000 17 2 1000 11828 0 0 1500 2149976 0 0 999 91 744 336 1500 1500 1500 0 128 128 128 0 5 5
120000 130000 18 3 968 12648 0 0 1499 2247290 0 0 999 89 654 343 1500 1500 1500 0 128 128 128 0 5 5
130000 140000 20 3 1105 16941 0 0 1916 2690881 0 0 999 54 671 366 2300 1500 1766 413 128 128 128 0 6 6
140000 150000 16 2 1260 12530 0 0 2093 3127150 0 0 999 87 652 417 2300 2300 2300 0 128 128 128 0 5 5
150000 160000 16 2 1036 11545 0 0 1658 2447531 0 0 998 0 657 374 2300 1500 1660 357 128 128 128 0 5 5
160000 170000 18 2 949 12778 0 0 1462 2184988 0 0 999 90 703 303 1500 1500 1500 0 128 128 128 0 5 5
170000 180000 18 2 971 12268 0 0 1432 2105380 0 0 999 90 682 322 1500 1500 1500 0 128 128 128 0 5 5
180000 190000 19 3 1277 17245 0 0 2002 2941003 0 0 999 88 671 370 2300 1500 1900 438 128 128 128 0 6 6
190000 200000 16 2 1222 12546 0 0 2054 2993417 0 0 999 81 666 405 2300 2300 2300 0 128 128 128 0 5 5
200000 210000 16 2 1217 12256 0 0 1918 2900023 0 0 999 95 669 391 2300 1500 1980 438 128 128 128 0 5 5
210000 220000 19 3 1294 14440 0 0 2066 3003452 0 0 999 11 641 409 2300 1500 1900 438 128 128 128 0 6 6
220000 230000 14 3 983 12273 0 0 1577 2268192 0 0 999 219 710 345 2300 1500 1660 357 128 128 128 0 5 5
230000 240000 16 2 1117 12751 0 0 1732 2554313 0 0 999 87 662 403 2300 1500 1980 438 128 128 128 0 5 5
240000 250000 16 2 1349 12571 0 0 2158 3128293 0 0 999 91 697 362 2300 2300 2300 0 128 128 128 0 5 5
250000 260000 16 2 980 11747 0 0 1590 2334187 0 0 999 85 745 331 1500 1500 1500 0 128 128 128 0 5 5
260000 270000 17 2 947 12892 0 0 1393 2046391 0 0 999 91 757 285 1500 1500 1500 0 128 128 128 0 5 5
270000 280000 19 4 1131 16288 0 0 1711 2592280 0 0 999 95 741 296 1500 1500 1500 0 128 128 128 0 6 6
280000 290000 19 3 1077 12991 0 0 1734 2565315 0 0 998 37 709 342 3000 1500 2000 774 128 128 128 0 6 4
290000 300000 17 3 974 12513 0 0 1459 2143464 0 0 999 93 647 331 1500 1500 1500 0 128 128 128 0 5 6
300000 310000 2 2 59 1091 0 0 96 137466 0 0 804 402 603 284 0 0 0 0 0 0 0 0 0 0
