ts te nbins ncons c_pkts_all c_bytes_all s_pkts_all s_bytes_all max_bin_duration min_bin_duration avg_bin_duration std_bin_duration max_video_rate min_video_rate avg_video_rate std_video_rate max_audio_rate min_audio_rate avg_audio_rate std_audio_rate video_reqs audio_reqs media_reqs
0.0 10000.0 3 1 203.66332365321583 18907.26761306513 403.51267880054263 537196.7392274714 996.0999999999767 141.7280000000028 627.3553457031181 439.0148645077596 480.0 480.0 480.0 0.0 128.0 128.0 128.0 0.0 4 4 1
10000.0 20000.0 11 1 1143.7382179137935 72805.2773798872 2098.6681698765947 2971927.8530517323 999.8300000000163 137.1359999999986 816.5728116122297 328.2940297679883 2300.0 480.0 1208.0 939.8439586796665 128.0 128.0 128.0 0.0 10 10 5
20000.0 30000.0 11 1 1204.6273311668915 68297.35991954106 2170.6282716329547 3127727.31113482 999.8360000000102 116.539306640625 859.5991219815386 308.7184233689261 2300.0 2300.0 2300.0 0.0 128.0 128.0 128.0 0.0 5 5 5
30000.0 40000.0 11 1 1169.75962427957 67076.96747049819 2170.81827894857 3129877.9546930282 999.7379999999539 50.26611328119179 899.7219824218562 283.8026634876585 2300.0 2300.0 2300.0 0.0 128.0 128.0 128.0 0.0 5 6 5
40000.0 50000.0 11 1 1202.842856180544 66569.22619657515 2222.2938338141134 3206299.4702027836 999.7640000000247 19.985107421875 904.6882721946035 293.8285304334624 2300.0 2300.0 2300.0 0.0 128.0 128.0 128.0 0.0 6 5 5
50000.0 60000.0 10 1 1178.035302823022 64465.6267454834 2260.246646546988 3265699.4328980613 999.6570000000065 674.5989999999874 933.8017966796644 128.1362413702546 2300.0 2300.0 2300.0 0.0 128.0 128.0 128.0 0.0 5 5 5
60000.0 70000.0 11 1 1181.1865046309533 65158.132981814226 2188.62412655498 3156811.3493493944 998.7949999999837 291.28992578125326 852.5744723011317 255.1465297593566 2300.0 2300.0 2300.0 0.0 128.0 128.0 128.0 0.0 5 5 5
70000.0 80000.0 11 1 1176.731900135333 64443.48305607207 2170.8583057304795 3129694.1828839914 999.7889999999898 108.979248046875 860.6980889559544 301.7264886892955 2300.0 2300.0 2300.0 0.0 128.0 128.0 128.0 0.0 5 5 5
80000.0 90000.0 11 1 1196.0161282451434 67303.03223085174 2172.7725669584397 3115293.895232424 999.9419999999809 77.840087890625 902.468349076707 275.5062870457364 2300.0 2300.0 2300.0 0.0 128.0 128.0 128.0 0.0 5 5 5
90000.0 100000.0 10 1 1145.398810971534 65414.62640621183 2141.5771211363376 3091861.811326294 999.4110000000219 354.24099999992177 925.362791210931 202.1135559449368 2300.0 2300.0 2300.0 0.0 128.0 128.0 128.0 0.0 5 5 5
100000.0 110000.0 10 1 1283.0338226386582 75183.09087967438 2400.9584519256546 3464708.5618907665 999.7119999999995 614.501953125 943.1525953124917 125.69850074744166 2300.0 2300.0 2300.0 0.0 128.0 128.0 128.0 0.0 6 6 5
110000.0 120000.0 11 1 1203.9432383886697 69414.44784519865 2211.5071396153376 3198263.768428348 999.9429999999702 112.0048828125 807.8229026988582 318.8515527094724 2300.0 2300.0 2300.0 0.0 128.0 128.0 128.0 0.0 5 5 5
120000.0 130000.0 11 1 1235.913776994324 76246.30710111538 2191.213344902727 3156877.485397166 999.9290000000037 68.60205078119179 902.2441061789763 278.4940380308692 2300.0 2300.0 2300.0 0.0 128.0 128.0 128.0 0.0 5 5 5
130000.0 140000.0 11 1 1222.929537299702 69705.45848344496 2319.701471861633 3339380.5371430907 999.8780000000261 21.5869140625 902.1863512073866 292.83370921584316 2300.0 2300.0 2300.0 0.0 128.0 128.0 128.0 0.0 6 6 5
140000.0 150000.0 10 1 1150.2728360631156 64339.16550077021 2086.789070251466 2995825.769213565 998.484999999986 618.3630000000121 923.2494025390537 151.6918155982758 2300.0 2300.0 2300.0 0.0 128.0 128.0 128.0 0.0 4 4 5
150000.0 160000.0 11 1 1212.4891897493033 69355.81979896595 2297.7893016456287 3319599.0267810165 999.6410000000033 341.8400605468778 883.3437363280947 220.18260459036665 2300.0 2300.0 2300.0 0.0 128.0 128.0 128.0 0.0 6 6 5
160000.0 170000.0 11 1 1174.81752345042 71092.26728187241 2174.0546164093926 3141022.8055105926 999.3849999999511 395.8559609375079 904.096725319581 211.8030702111074 2300.0 2300.0 2300.0 0.0 128.0 128.0 128.0 0.0 5 5 5
170000.0 180000.0 11 1 1178.037485521926 66267.73564844833 2199.5564569700564 3176628.942305653 999.9199999999255 101.366943359375 856.5789023437326 303.4655106411553 2300.0 2300.0 2300.0 0.0 128.0 128.0 128.0 0.0 5 5 5
180000.0 190000.0 11 1 1151.3688193961414 66827.29364215168 2159.641459132686 3106876.929391375 999.4589999999735 74.47412109369179 897.5240161576604 274.65851472577475 2300.0 2300.0 2300.0 0.0 128.0 128.0 128.0 0.0 6 6 5
190000.0 200000.0 10 1 1165.6907224771167 66227.84962915131 2231.7248533864245 3230536.487117088 999.5230000000447 463.91599999996834 906.769993945316 180.65483923836533 2300.0 2300.0 2300.0 0.0 128.0 128.0 128.0 0.0 5 5 5
200000.0 210000.0 11 1 1181.0675616326082 66921.57879974965 2211.1629973099957 3198042.6720941137 999.8919999999925 289.1159394531278 893.7850832741348 232.05226057164887 2300.0 2300.0 2300.0 0.0 128.0 128.0 128.0 0.0 5 5 5
210000.0 220000.0 11 1 1107.1677702911636 62827.97075859063 2102.0026564387113 3032780.87423692 999.8199999999488 111.81689453125 858.1106289062459 306.06365174669685 2300.0 2300.0 2300.0 0.0 128.0 128.0 128.0 0.0 5 5 5
220000.0 230000.0 11 1 1232.5278054514545 68871.70063123982 2260.557678917382 3257856.4723078143 999.2449999999953 27.749267578125 896.809124822432 290.08743148352806 2300.0 2300.0 2300.0 0.0 128.0 128.0 128.0 0.0 6 5 5
230000.0 240000.0 10 1 1115.3220641397618 64049.38519791341 2088.056931931778 3014004.4747025426 999.8819999999832 703.448974609375 949.044170703122 99.4358517212736 2300.0 2300.0 2300.0 0.0 128.0 128.0 128.0 0.0 4 5 5
240000.0 250000.0 11 1 1188.4888377191994 68823.73265768494 2178.918452606899 3140915.941075371 999.8320000000531 278.43102539062966 901.1546674360711 230.81720754713984 2300.0 2300.0 2300.0 0.0 128.0 128.0 128.0 0.0 6 6 5
250000.0 260000.0 11 1 1249.3390825443316 70173.03205155769 2374.7359166714623 3436709.653971521 999.8199999999488 345.55868359375745 904.427151455946 215.66120463132367 2300.0 2300.0 2300.0 0.0 128.0 128.0 128.0 0.0 5 5 5
260000.0 270000.0 11 1 1164.2718781558815 66782.4375530502 2144.624140169138 3091981.3547135885 999.1219999999739 365.58501757809427 904.5889106889107 213.33775890722484 2300.0 2300.0 2300.0 0.0 128.0 128.0 128.0 0.0 5 5 5
270000.0 280000.0 11 1 1142.4849353814625 66371.56868259441 2161.177478165402 3103061.842667061 999.8669999999693 88.882080078125 858.2698254616487 314.4039280291195 2300.0 2300.0 2300.0 0.0 128.0 128.0 128.0 0.0 7 7 5
280000.0 290000.0 10 1 1170.7446907446713 67718.05804482214 2143.0645250243037 3079724.376107459 999.8939999999711 721.06396484375 941.2605884765624 96.47328986170605 2300.0 2300.0 2300.0 0.0 128.0 128.0 128.0 0.0 6 6 5
290000.0 300000.0 11 1 1212.4276522876535 68121.87692596305 2253.385469954593 3258311.769043003 999.8149999999441 278.8310351562686 873.3401028054068 237.78387621571056 2300.0 2300.0 2300.0 0.0 128.0 128.0 128.0 0.0 5 5 5
