ts te nbins ncons c_pkts_all c_bytes_all s_pkts_all s_bytes_all max_bin_duration min_bin_duration avg_bin_duration std_bin_duration max_video_rate min_video_rate avg_video_rate std_video_rate max_audio_rate min_audio_rate avg_audio_rate std_audio_rate video_reqs audio_reqs media_reqs
0.0 10000.0 3 1 129.43976235688112 12231.422678904337 353.7852672766335 416584.8427639152 995.4520000000011 591.423095703125 854.6106985677083 228.11466849471606 840.0 840.0 840.0 0.0 128.0 128.0 128.0 0.0 2 2 1
10000.0 20000.0 11 1 384.6966851205225 20874.320715438316 929.4876276781738 1099161.579666776 996.6619999999966 399.47090429687523 889.8538109019884 218.70828541943987 288.0 288.0 288.0 0.0 128.0 128.0 128.0 0.0 9 8 5
20000.0 30000.0 11 1 413.2443213481514 20705.211041955878 739.1075234468075 887564.3487230124 999.8890000000029 435.196044921875 892.1247299360786 212.35936586149285 288.0 288.0 288.0 0.0 128.0 128.0 128.0 0.0 8 7 5
30000.0 40000.0 11 1 342.78579778800105 16678.768230878835 531.381372013878 611228.6049976331 999.0829999999914 148.14599609375 844.7763591974428 279.88466823405804 288.0 288.0 288.0 0.0 128.0 128.0 128.0 0.0 4 6 5
40000.0 50000.0 11 1 446.34036591909796 20113.8101853743 651.6735517576645 748373.3447381699 999.5489999999991 47.572998046875 890.4370001775573 282.91123731346545 288.0 288.0 288.0 0.0 128.0 128.0 128.0 0.0 6 5 5
50000.0 60000.0 10 1 358.3685295823525 16480.277337174626 488.38674656256643 559595.684160022 994.6959999999963 905.798095703125 969.0852097656258 29.12061555999677 288.0 288.0 288.0 0.0 128.0 128.0 128.0 0.0 5 3 5
60000.0 70000.0 11 1 423.8600006590853 20844.406277298258 614.621239584232 710038.7842704166 999.4299999999785 8.129904296874884 882.1845435014203 294.4127325704807 288.0 288.0 288.0 0.0 128.0 128.0 128.0 0.0 6 6 5
70000.0 80000.0 11 1 537.5578300439313 26336.297217751417 930.6800099970985 1079250.3094092861 999.9320000000007 180.1869257812359 879.375985440339 256.7624023169612 288.0 288.0 288.0 0.0 128.0 128.0 128.0 0.0 7 9 5
80000.0 90000.0 11 1 337.71330677022473 15888.884853803687 497.26914580739526 562710.0167577602 996.445000000007 75.207275390625 774.1851237571046 335.0043058797598 288.0 288.0 288.0 0.0 128.0 128.0 128.0 0.0 4 4 5
90000.0 100000.0 10 1 376.00580107639394 17410.360583785096 513.8833813457622 586238.8704676266 999.7070000000094 899.2717246093816 976.5558726562537 36.06783008093696 288.0 288.0 288.0 0.0 128.0 128.0 128.0 0.0 5 5 5
100000.0 110000.0 11 1 354.6042905206917 15734.523978034613 518.3311530413155 584247.6685811493 999.8450000000012 63.275998046883615 872.7639078480107 286.02340859192833 288.0 288.0 288.0 0.0 128.0 128.0 128.0 0.0 5 5 5
110000.0 120000.0 11 1 932.5269270699945 35486.038929636634 1861.673005677456 2260426.6226342423 996.0270000000019 167.15299999999115 789.2643883167581 324.51989274196137 4400.0 288.0 2569.714285714286 1764.8854272809244 128.0 128.0 128.0 0.0 7 5 5
120000.0 130000.0 11 1 1233.658814551567 43994.089377518 2522.899523577016 3115602.7647192613 999.6730000000098 286.21728515625 895.5607295809684 231.44117316275828 4400.0 840.0 2264.0 1949.8923047183914 128.0 128.0 128.0 0.0 5 3 5
130000.0 140000.0 10 1 1151.4393909123862 44338.3772916948 2323.1264570775234 2851164.0641651326 999.7790000000095 332.2639999999956 885.0172669921885 218.4674588223329 3000.0 840.0 1650.0 1117.9062061346137 128.0 128.0 128.0 0.0 8 8 5
140000.0 150000.0 11 1 1093.5004124223792 42243.019909095805 2214.950868956231 2686045.425485431 999.7090000000026 177.57704492186895 904.2449115767032 248.5256912437555 3000.0 480.0 1444.4444444444443 1170.161432357851 128.0 128.0 128.0 0.0 9 7 5
150000.0 160000.0 11 1 1267.3184390711945 47687.89754642214 2540.068815004358 3098614.420249085 999.8910000000033 204.50501757813618 900.1160245028441 242.92644286555313 2300.0 2300.0 2300.0 0.0 128.0 128.0 128.0 0.0 5 5 5
160000.0 170000.0 11 1 1283.9507253258569 49372.35659589613 2612.4830980004226 3178481.2614279273 999.8880000000063 256.2147480468848 891.8877885298306 243.19356744570158 2300.0 2300.0 2300.0 0.0 128.0 128.0 128.0 0.0 6 6 5
170000.0 180000.0 11 1 1228.4109895177783 47003.14016508104 2480.0177061084873 3037559.789322877 999.9899999999907 402.5100742187933 895.4130967684746 207.54322486995113 2300.0 2300.0 2300.0 0.0 128.0 128.0 128.0 0.0 5 5 5
180000.0 190000.0 11 1 1330.7910925113745 50927.94185616616 2699.6004722227062 3303807.8534108186 999.7300000000396 424.0660097656364 902.6998474787159 211.10095932063663 2300.0 2300.0 2300.0 0.0 128.0 128.0 128.0 0.0 5 5 5
190000.0 200000.0 10 1 1053.7865174321357 40155.85522808992 2116.5730348642714 2592039.744049457 999.472000000038 52.054999999993015 849.3953687499976 326.02889589510625 2300.0 2300.0 2300.0 0.0 128.0 128.0 128.0 0.0 4 4 5
200000.0 210000.0 10 1 1204.0865144571108 46039.55235491806 2424.843292915214 2967728.7250446277 999.8940000000002 784.889892578125 975.3604892578238 67.09028204832305 2300.0 2300.0 2300.0 0.0 128.0 128.0 128.0 0.0 5 5 5
210000.0 220000.0 9 1 875.8141016051484 35144.08966911452 1771.3034775876235 2126627.7170060035 999.997000000003 202.89610742186778 873.921783637152 260.70298963364075 2300.0 840.0 1326.6666666666667 753.9407580617105 128.0 128.0 128.0 0.0 6 6 5
220000.0 230000.0 11 1 1210.847486757062 46741.158312979154 2449.073647620041 2976178.545178538 999.8179999999993 167.07705468751374 891.9008219105123 253.37137853181426 2300.0 2300.0 2300.0 0.0 128.0 128.0 128.0 0.0 5 5 5
230000.0 240000.0 11 1 1222.6437209774735 46704.74990759405 2509.8986079251445 3071668.9617609046 999.6139999999723 263.986013671878 900.3687238991498 233.68434208175447 2300.0 2300.0 2300.0 0.0 128.0 128.0 128.0 0.0 6 6 5
240000.0 250000.0 11 1 1265.2790522147127 48158.54245095632 2548.720043805891 3126030.7948612245 999.8670000000275 330.9640507812728 902.3013968395006 220.0282389173773 2300.0 2300.0 2300.0 0.0 128.0 128.0 128.0 0.0 5 5 5
250000.0 260000.0 11 1 1206.5290327746059 46224.9035729607 2422.960748409327 2968394.4369147425 999.9739999999874 375.4706855468685 904.6555087002872 212.35426832060404 2300.0 2300.0 2300.0 0.0 128.0 128.0 128.0 0.0 5 5 5
260000.0 270000.0 11 1 1323.0781434097562 50597.65039698804 2683.3207170465253 3289793.1893584193 999.7490000000107 399.3230898437323 901.5427427201702 211.60419986774374 2300.0 2300.0 2300.0 0.0 128.0 128.0 128.0 0.0 5 5 5
270000.0 280000.0 11 1 1277.5313243640574 49113.91801307261 2570.4792561914483 3137320.973495456 999.8410000000149 432.9269199218834 903.076353870745 210.2804853968464 2300.0 2300.0 2300.0 0.0 128.0 128.0 128.0 0.0 5 5 5
280000.0 290000.0 11 1 1323.6493645390285 50664.725140920295 2665.867306095959 3274903.0477874638 999.4280000000144 449.0890273437253 901.6190124289768 213.16271120538482 2300.0 2300.0 2300.0 0.0 128.0 128.0 128.0 0.0 6 6 5
290000.0 300000.0 11 1 1312.9933453422495 49965.581853481075 2647.37794339259 3244596.425554364 999.9579999999842 469.55810546875 901.1159996448868 205.62931092566288 2300.0 2300.0 2300.0 0.0 128.0 128.0 128.0 0.0 5 5 5
300000.0 310000.0 1 1 63.54791355879519 2259.128327015169 128.15495901023695 157614.18303825543 528.5798945312272 528.5798945312272 528.5798945312272 0.0 0.0 0.0 0.0 0.0 0.0 0.0 0.0 0.0 0 0 0
