ts te nbins ncons c_pkts_all c_bytes_all s_pkts_all s_bytes_all max_bin_duration min_bin_duration avg_bin_duration std_bin_duration max_video_rate min_video_rate avg_video_rate std_video_rate max_audio_rate min_audio_rate avg_audio_rate std_audio_rate video_reqs audio_reqs media_reqs
0.0 10000.0 2 1 14.545679916660816 7906.304461215201 31.735204117102572 40972.328385732886 945.164999999979 257.916015625 601.5405078124895 485.95841721511533 0.0 0.0 0.0 0.0 0.0 0.0 0.0 0.0 0 0 1
10000.0 20000.0 11 1 474.7851934666234 40400.404032372826 859.8385967155275 1200377.312581226 999.6869999999763 158.657958984375 893.2452675781255 255.17972830619172 840.0 288.0 398.4 232.7436357883927 128.0 128.0 128.0 0.0 10 10 4
20000.0 30000.0 10 1 427.3296621329091 34047.44189510709 715.4888624891743 991439.2882977747 997.5630000000237 831.6600410156534 951.5818134765665 66.88953223572521 480.0 288.0 384.0 102.62831689437097 128.0 128.0 128.0 0.0 8 8 5
30000.0 40000.0 11 1 432.931641443156 30894.028269245257 678.7920825210138 950365.8908100926 995.4409999999916 146.80590625002515 838.2175459872179 281.78991374711796 480.0 480.0 480.0 0.0 128.0 128.0 128.0 0.0 5 5 5
40000.0 50000.0 11 1 476.13910138407385 32793.35908652017 692.6078108440283 985067.9265307409 999.5160000000033 377.81494140625 894.468167436071 220.5395651007011 480.0 480.0 480.0 0.0 128.0 128.0 128.0 0.0 5 5 5
50000.0 60000.0 10 1 410.2218997143085 30384.80344835759 636.4195514968645 909567.5240124589 994.2930000000051 583.6770000000251 897.9291980468785 163.2431740339791 480.0 480.0 480.0 0.0 128.0 128.0 128.0 0.0 5 6 5
60000.0 70000.0 11 1 437.7690304136563 31707.086841595512 652.6793379350762 916728.8262696753 999.8010000000359 150.2610781249823 800.5620142045505 335.96350423529736 480.0 480.0 480.0 0.0 128.0 128.0 128.0 0.0 6 5 5
70000.0 80000.0 9 1 436.94879846522525 31192.04597939783 686.1978224625298 957774.3407079374 998.9780000000028 504.2919921875 878.6466571180499 173.72553356079888 480.0 480.0 480.0 0.0 128.0 128.0 128.0 0.0 5 5 5
80000.0 90000.0 8 1 578.3289930633866 39133.52598618853 1020.240731418683 1433035.5624043616 999.8499999999767 340.20000000001164 708.8497509765657 262.84196600600643 1500.0 840.0 1028.5714285714287 322.04702407301596 128.0 128.0 128.0 0.0 7 7 5
90000.0 100000.0 8 1 659.0 39028.0 1183.0 1686131.0 999.3350000000792 128.99299999995856 753.9792499999967 371.04214466352306 1500.0 1500.0 1500.0 0.0 128.0 128.0 128.0 0.0 4 4 4
100000.0 110000.0 10 1 948.0549955552743 57143.5086264372 1770.9222670952308 2536142.0581213725 999.9169999999576 296.631103515625 909.0839103515667 222.84071137225186 1500.0 1500.0 1500.0 0.0 128.0 128.0 128.0 0.0 7 7 5
110000.0 120000.0 11 1 821.4968371026939 48943.387762420745 1523.627747823403 2179451.1109508933 999.8429999999935 252.5048828125 898.1066162997212 231.62334305447538 1500.0 1500.0 1500.0 0.0 128.0 128.0 128.0 0.0 5 5 5
120000.0 130000.0 10 1 951.4481673420318 55168.103611142054 1745.449985081366 2478925.8309277343 999.4579999999842 578.890000000014 916.4489117187389 146.0221272557946 1500.0 1500.0 1500.0 0.0 128.0 128.0 128.0 0.0 5 5 5
130000.0 140000.0 10 1 1045.7437441678123 60652.698232109986 1865.501682783712 2656737.0227173446 999.4959999999846 417.76708984375 938.5773089843627 183.04175105483822 2300.0 1500.0 2033.3333333333333 413.1182235954578 128.0 128.0 128.0 0.0 6 6 5
140000.0 150000.0 10 1 1191.7592738940261 67481.76221008298 2167.551684953123 3113690.0903738393 999.9110000000219 494.37109375 892.1265003906097 193.3528329930332 2300.0 2300.0 2300.0 0.0 128.0 128.0 128.0 0.0 6 5 5
150000.0 160000.0 11 1 1321.7647589471906 74662.79789600386 2423.3363717102015 3497919.788585914 999.7260000000824 474.9892578125 905.0266512783921 205.9764916819981 2300.0 2300.0 2300.0 0.0 128.0 128.0 128.0 0.0 5 6 5
160000.0 170000.0 10 1 1105.5922090600113 63253.75392132639 2037.0350437784225 2922699.575844028 999.9639999999199 442.51500000001397 874.1691822265508 212.0246783270739 2300.0 2300.0 2300.0 0.0 128.0 128.0 128.0 0.0 5 5 5
170000.0 180000.0 10 1 1077.1400139309596 61075.98774047678 1962.5752167745406 2824193.522478875 999.1099999999278 143.89591992186615 852.7385919921741 306.480391479698 2300.0 2300.0 2300.0 0.0 128.0 128.0 128.0 0.0 4 4 5
180000.0 190000.0 10 1 1248.9798025888322 72914.48150211279 2334.5902820804654 3374457.089580836 997.8260000000009 478.10791015625 942.8825910156302 163.36393231629907 2300.0 2300.0 2300.0 0.0 128.0 128.0 128.0 0.0 6 6 5
190000.0 200000.0 11 1 1336.6415603660148 75950.24757676144 2488.6491058675338 3592244.741151756 999.6049999999814 449.465087890625 903.432743430397 208.7279750252725 2300.0 2300.0 2300.0 0.0 128.0 128.0 128.0 0.0 6 6 5
200000.0 210000.0 11 1 1146.8841031157897 66718.40740843334 2089.064103758875 3006750.839225789 999.5870000000577 290.156005859375 879.781083451711 237.5298645792968 2300.0 2300.0 2300.0 0.0 128.0 128.0 128.0 0.0 5 5 5
210000.0 220000.0 11 1 1250.2028593653886 71257.50506774728 2296.9680987237502 3317253.679346885 999.4070000000065 278.6240234375 905.4552743252875 225.0724148467621 2300.0 2300.0 2300.0 0.0 128.0 128.0 128.0 0.0 5 5 5
220000.0 230000.0 10 1 1131.7497296400002 64666.96788783201 2133.4467232113248 3069033.5887473905 999.1300000000047 503.139892578125 908.7816869140603 167.9946804697795 2300.0 2300.0 2300.0 0.0 128.0 128.0 128.0 0.0 5 5 5
230000.0 240000.0 11 1 1216.2371227196327 69577.55267882423 2176.1920696063435 3113782.686598492 999.719000000041 396.029296875 893.7225822088182 223.34889308200408 2300.0 2300.0 2300.0 0.0 128.0 128.0 128.0 0.0 5 5 5
240000.0 250000.0 11 1 1082.5571317790286 63723.97453919603 1982.336515175773 2847825.0090529337 999.5250000000233 328.35009765625 900.2849818891846 223.5113609622825 2300.0 1500.0 1728.5714285714287 390.3600291794133 128.0 128.0 128.0 0.0 7 7 4
250000.0 260000.0 10 1 1093.7552664419948 64190.35901538562 2007.1730650907227 2897252.15331939 999.5509999999776 350.89697265625 834.1058874999987 262.6270541040472 2300.0 2300.0 2300.0 0.0 128.0 128.0 128.0 0.0 6 6 5
260000.0 270000.0 10 1 1222.1634210502402 71962.41048271088 2186.9220306190546 3151089.9264496267 999.6210000000428 648.2320273437072 946.2672960937256 112.85270475813458 2300.0 2300.0 2300.0 0.0 128.0 128.0 128.0 0.0 5 5 5
270000.0 280000.0 11 1 1264.7177123893794 73616.48008599014 2236.8675036072364 3204948.8003954613 999.1620000000112 137.0870664062677 899.8008259943136 259.9047833304652 2300.0 2300.0 2300.0 0.0 128.0 128.0 128.0 0.0 5 5 5
280000.0 290000.0 11 1 1301.4669416744725 75986.33635442647 2353.4945096100514 3379176.8684889805 998.9960000000428 196.2529804687947 903.7161747159182 244.14257078029067 2300.0 2300.0 2300.0 0.0 128.0 128.0 128.0 0.0 5 5 5
290000.0 300000.0 11 1 1229.0786679234766 71106.41581570939 2285.52224181299 3288375.9407495093 999.7029999999795 226.6860585937975 824.9085431463106 302.43598996585035 2300.0 2300.0 2300.0 0.0 128.0 128.0 128.0 0.0 6 6 5
300000.0 310000.0 1 1 75.5656809457503 4882.861584870361 125.77375083587968 179410.67689295014 503.20708398439456 503.20708398439456 503.20708398439456 0.0 0.0 0.0 0.0 0.0 0.0 0.0 0.0 0.0 0 0 1
