ts te nbins ncons c_pkts_all c_bytes_all s_pkts_all s_bytes_all max_bin_duration min_bin_duration avg_bin_duration std_bin_duration max_video_rate min_video_rate avg_video_rate std_video_rate max_audio_rate min_audio_rate avg_audio_rate std_audio_rate video_reqs audio_reqs media_reqs
0.0 10000.0 0 0 0.0 0.0 0.0 0.0 0.0 0.0 0.0 0.0 0.0 0.0 0.0 0.0 0.0 0.0 0.0 0.0 0 0 
10000.0 20000.0 4 1 68.94753574285986 11021.42465385341 128.20938421776515 144524.37741841865 997.0060000000012 297.92199999999866 763.1329726562508 315.10813610937873 480.0 480.0 480.0 0.0 128.0 128.0 128.0 0.0 2 2 2.0
20000.0 30000.0 11 1 225.51923154090755 23016.44365700261 419.0690866353147 483417.2751968056 998.3090000000011 107.94110937500227 869.6528519176129 269.7344009093578 288.0 288.0 288.0 0.0 128.0 128.0 128.0 0.0 5 5 5.0
30000.0 40000.0 11 1 220.68318048976724 19954.48004497396 435.87644036192904 513201.086061174 996.7079999999987 327.1057382812505 861.4759735440325 257.91336493900684 288.0 288.0 288.0 0.0 128.0 128.0 128.0 0.0 4 4 5.0
40000.0 50000.0 11 1 271.2146342924614 25937.746288407154 611.851534361268 731681.1210911743 996.7709999999934 253.27392578125 891.0062686434638 235.89016216951254 288.0 288.0 288.0 0.0 128.0 128.0 128.0 0.0 7 7 5.0
50000.0 60000.0 11 1 352.46764461845106 30256.16405883308 693.024187533774 831060.5282936312 999.2899999999936 33.216064453125 874.5481035156223 288.8910712279379 288.0 288.0 288.0 0.0 128.0 128.0 128.0 0.0 7 7 5.0
60000.0 70000.0 10 1 301.16535174487944 27254.319965370236 527.8652502198041 628274.9439033839 993.2309999999998 897.5209960937646 968.5516931640639 28.531746275153658 288.0 288.0 288.0 0.0 128.0 128.0 128.0 0.0 6 6 5.0
70000.0 80000.0 11 1 256.91767390001553 20861.624545859027 413.00124975563034 485640.62166000705 998.6110000000044 99.8140039062564 875.0555555752904 269.56407927031546 288.0 288.0 288.0 0.0 128.0 128.0 128.0 0.0 4 4 5.0
80000.0 90000.0 11 1 283.22275503064674 23714.19888149748 523.4169861229144 621623.2363481467 997.4790000000212 277.87389257812174 870.760380149147 255.33722332969575 288.0 288.0 288.0 0.0 128.0 128.0 128.0 0.0 5 5 5.0
90000.0 100000.0 9 1 341.6805253928423 30322.657072386522 649.0975811934476 783341.2993095426 998.2909999999974 443.9539999999979 792.0953359374996 226.13519152249424 288.0 288.0 288.0 0.0 128.0 128.0 128.0 0.0 7 7 5.0
100000.0 110000.0 9 1 293.534548204424 24217.487667570636 485.74055159243414 584938.7509167694 999.468000000008 138.5791015625 737.768309895832 335.86719449971196 480.0 288.0 352.0 99.14837366290988 128.0 128.0 128.0 0.0 6 6 5.0
110000.0 120000.0 6 1 447.3172878976946 33215.43510351012 905.1304753268371 1100795.2831902225 973.7900000000081 340.5718984375126 805.1664798177129 262.90335605632873 840.0 480.0 780.0 146.9693845669907 128.0 128.0 128.0 0.0 6 6 5.0
120000.0 130000.0 11 1 854.0847627532308 50310.03357748344 1719.262658295623 2122891.2774952822 999.9409999999916 17.550048828125 845.9618243963076 336.5662782795315 1500.0 1500.0 1500.0 0.0 128.0 128.0 128.0 0.0 6 6 5.0
130000.0 140000.0 10 1 817.1981858887525 47831.190985876565 1632.4634126860494 2009879.0764035047 999.5169999999925 674.052001953125 956.0344953125023 100.25653549845836 1500.0 1500.0 1500.0 0.0 128.0 128.0 128.0 0.0 5 5 5.0
140000.0 150000.0 11 1 844.1214139919358 48770.94317580308 1706.9865501633797 2110878.7834299034 999.2090000000026 102.258056640625 827.1939140625022 319.97176004297677 1500.0 1500.0 1500.0 0.0 128.0 128.0 128.0 0.0 6 6 5.0
150000.0 160000.0 10 1 911.7765666182694 51907.20512943837 1885.579007624928 2342657.925596523 999.9260000000068 128.0419921875 838.7907935546857 316.80318503179006 2300.0 1500.0 1900.0 438.1780460041329 128.0 128.0 128.0 0.0 6 6 5.0
160000.0 170000.0 10 1 1283.9962946117332 66548.16599500921 2614.611772239483 3254945.053505715 999.5849999999919 632.497314453125 944.7224322265596 116.87182561293349 2300.0 2300.0 2300.0 0.0 128.0 128.0 128.0 0.0 5 5 5.0
170000.0 180000.0 11 1 1213.950242615518 64373.712589810886 2476.2554925823997 3076719.9202324324 999.9910000000382 128.014892578125 856.1595071022722 305.9755253013039 2300.0 2300.0 2300.0 0.0 128.0 128.0 128.0 0.0 5 5 5.0
180000.0 190000.0 10 1 1225.2021646656106 65506.76660731423 2480.5583790870187 3079301.439947363 999.9230000000098 870.3251074218715 976.3312107421982 45.53262067382675 2300.0 2300.0 2300.0 0.0 128.0 128.0 128.0 0.0 5 5 5.0
190000.0 200000.0 10 1 1243.7659169403323 68265.96446432527 2565.542727203384 3193486.4837769433 999.3120000000054 667.3701171875 963.5730117187544 104.11537733444104 2300.0 2300.0 2300.0 0.0 128.0 128.0 128.0 0.0 6 6 5.0
200000.0 210000.0 11 1 1242.4257512092006 67128.36795383383 2495.68215928482 3106265.347513823 999.8319999999949 119.9528808593459 852.4406148792557 313.6985285163398 2300.0 2300.0 2300.0 0.0 128.0 128.0 128.0 0.0 5 5 5.0
210000.0 220000.0 10 1 1259.7086578597496 67821.13875219067 2565.935668306251 3197984.2185363374 999.3450000000012 594.415283203125 933.937240234387 128.0631369593634 2300.0 2300.0 2300.0 0.0 128.0 128.0 128.0 0.0 5 5 5.0
220000.0 230000.0 11 1 1207.9690425852439 65767.8564392648 2422.8503655260297 3012266.4239530195 998.880999999994 135.337890625 857.28605522018 298.22743793535386 2300.0 2300.0 2300.0 0.0 128.0 128.0 128.0 0.0 5 5 5.0
230000.0 240000.0 10 1 1285.1862522072572 69953.5652990307 2614.655875857492 3248086.907798899 999.890000000014 720.446044921875 954.3469154296879 92.83769342625673 2300.0 2300.0 2300.0 0.0 128.0 128.0 128.0 0.0 6 5 5.0
240000.0 250000.0 11 1 1182.1862379883044 64150.79867162756 2403.9922897506576 2988725.090715885 999.0800000000163 277.09395507810405 828.7074756747144 290.63605395387617 2300.0 2300.0 2300.0 0.0 128.0 128.0 128.0 0.0 4 6 5.0
250000.0 260000.0 11 1 1369.591292605861 74630.71255899641 2750.605597756348 3423585.9177082274 999.875 399.388916015625 904.6211489701792 211.49835913376086 2300.0 2300.0 2300.0 0.0 128.0 128.0 128.0 0.0 6 5 5.0
260000.0 270000.0 11 1 1225.9646830559784 66198.74481226093 2462.377523623046 3064469.27467105 999.9380000000237 365.946044921875 902.7338299005747 214.96715416515826 2300.0 2300.0 2300.0 0.0 128.0 128.0 128.0 0.0 5 5 5.0
270000.0 280000.0 11 1 1275.5586026955552 67809.21248272152 2588.652489298594 3211448.389393828 999.3180000000284 116.14208984375 857.8304586292572 279.08256606634956 2300.0 2300.0 2300.0 0.0 128.0 128.0 128.0 0.0 5 5 5.0
280000.0 290000.0 10 1 1214.643562852517 65771.63856574835 2456.705303393378 3049681.945931988 999.9089999999851 743.3819999999832 961.1344910156389 84.80012390421705 2300.0 2300.0 2300.0 0.0 128.0 128.0 128.0 0.0 5 5 5.0
290000.0 300000.0 10 1 1188.9764526350043 64845.76138198952 2406.124927025232 2993323.0799147068 999.6990000000224 131.4208984375 898.1458898437675 272.5440910103522 2300.0 2300.0 2300.0 0.0 128.0 128.0 128.0 0.0 6 6 5.0
300000.0 310000.0 1 1 77.02354736499565 5287.2386180104795 172.87507297476802 212353.92008529304 780.0671015625121 780.0671015625121 780.0671015625121 0.0 0.0 0.0 0.0 0.0 0.0 0.0 0.0 0.0 0 0 1.0
