ts te nbins ncons c_pkts_all c_bytes_all s_pkts_all s_bytes_all max_bin min_bin avg_bin std_bin max_vid min_vid avg_vid std_vid max_aud min_aud avg_aud std_aud num_vid num_aud num_mfs
0 5000 0 0 0 0 0 0 0 0 0 0 0 0 0 0 0 0 0 0 0 0 
5000 10000 3 1 214 22266 358 491698 991 567 849 244 2300 288 1092 1102 128 128 128 0 5 5 2.0
10000 15000 6 1 368 28623 689 960395 998 415 804 296 288 288 288 0 128 128 128 0 7 7 2.0
15000 20000 4 1 131 11059 244 328195 984 67 558 480 288 288 288 0 128 128 128 0 2 2 3.0
20000 25000 6 1 394 27290 749 1062950 996 190 822 322 840 840 840 0 128 128 128 0 5 5 2.0
25000 30000 5 1 223 16941 366 507435 993 226 666 358 840 840 840 0 128 128 128 0 2 3 3.0
30000 35000 4 1 314 21419 755 1071565 830 453 632 196 1500 840 1170 381 128 128 128 0 4 3 2.0
35000 40000 4 1 245 18137 638 901849 999 108 533 477 2300 1500 1900 461 128 128 128 0 4 4 3.0
40000 45000 6 1 579 33919 1521 2178988 999 127 827 347 3000 3000 3000 0 128 128 128 0 3 3 2.0
45000 50000 5 1 608 34355 1517 2172554 999 388 793 255 3000 3000 3000 0 128 128 128 0 3 3 3.0
50000 55000 6 1 562 31493 1461 2099467 998 214 567 372 3000 3000 3000 0 128 128 128 0 3 3 2.0
55000 60000 5 1 598 33682 1556 2237222 998 225 669 365 3000 3000 3000 0 128 128 128 0 2 2 3.0
60000 65000 5 1 618 36245 1616 2327898 999 224 694 416 4400 4400 4400 0 128 128 128 0 3 4 2.0
65000 70000 5 1 654 35342 1674 2425624 999 225 660 372 4400 4400 4400 0 128 128 128 0 3 2 3.0
70000 75000 5 1 896 48360 2316 3356232 999 771 918 110 4400 4400 4400 0 128 128 128 0 2 2 2.0
75000 80000 5 1 612 34543 1618 2336731 999 175 834 368 4400 4400 4400 0 128 128 128 0 3 3 3.0
80000 85000 6 1 912 50640 2473 3581375 999 171 830 330 4400 4400 4400 0 128 128 128 0 3 3 2.0
85000 90000 6 1 885 50285 2332 3368032 999 164 830 333 4400 4400 4400 0 128 128 128 0 3 3 3.0
90000 95000 6 1 721 39308 1985 2864656 998 136 825 343 4400 4400 4400 0 128 128 128 0 2 2 2.0
95000 100000 6 1 856 48011 2332 3378390 999 125 829 349 4400 4400 4400 0 128 128 128 0 3 3 3.0
100000 105000 5 1 368 21864 989 1419831 996 21 619 461 4400 4400 4400 0 128 128 128 0 1 2 2.0
105000 110000 6 1 839 48430 2253 3246155 998 152 818 338 3000 3000 3000 0 128 128 128 0 5 4 3.0
110000 115000 4 1 509 31064 1407 2018401 998 218 803 390 4400 4400 4400 0 128 128 128 0 3 4 2.0
115000 120000 6 1 937 51746 2427 3517965 999 208 830 316 4400 4400 4400 0 128 128 128 0 3 3 3.0
120000 125000 6 1 879 49417 2281 3294657 999 195 828 321 4400 4400 4400 0 128 128 128 0 3 2 2.0
125000 130000 5 1 542 31230 1476 2131046 999 48 613 447 4400 4400 4400 0 128 128 128 0 2 3 3.0
130000 135000 5 1 768 41007 2089 3024347 999 597 871 182 4400 4400 4400 0 128 128 128 0 2 1 2.0
135000 140000 5 1 735 42141 1993 2879372 998 217 842 348 4400 4400 4400 0 128 128 128 0 3 3 3.0
140000 145000 6 1 927 51519 2443 3534482 999 210 829 315 4400 4400 4400 0 128 128 128 0 3 3 2.0
145000 150000 6 1 876 48887 2353 3406587 998 164 821 332 4400 4400 4400 0 128 128 128 0 3 3 3.0
150000 155000 5 1 740 40123 1978 2856449 998 478 851 225 4400 4400 4400 0 128 128 128 0 2 2 2.0
155000 160000 5 1 742 42889 2038 2947653 999 216 841 349 4400 4400 4400 0 128 128 128 0 3 3 3.0
160000 165000 6 1 798 44725 2173 3141838 998 175 822 328 4400 4400 4400 0 128 128 128 0 3 3 2.0
165000 170000 6 1 817 47852 2088 3014133 999 153 819 333 4400 4400 4400 0 128 128 128 0 3 3 3.0
170000 175000 6 1 764 42342 2113 3044804 999 71 816 369 4400 4400 4400 0 128 128 128 0 2 2 2.0
175000 180000 4 1 485 28251 1266 1824922 996 222 769 370 4400 4400 4400 0 128 128 128 0 2 2 3.0
180000 185000 6 1 781 43643 2107 3051665 999 170 821 330 4400 4400 4400 0 128 128 128 0 3 3 2.0
185000 190000 6 1 978 54606 2505 3623668 999 162 830 334 4400 4400 4400 0 128 128 128 0 2 2 3.0
190000 195000 6 1 906 50113 2447 3537353 999 150 829 339 4400 4400 4400 0 128 128 128 0 4 3 2.0
195000 200000 5 1 697 40083 1910 2757674 999 221 798 328 4400 4400 4400 0 128 128 128 0 2 3 3.0
200000 205000 5 1 596 33172 1612 2327300 999 223 700 335 4400 4400 4400 0 128 128 128 0 2 2 2.0
205000 210000 6 1 819 44793 2238 3234789 999 169 822 332 4400 4400 4400 0 128 128 128 0 3 3 3.0
210000 215000 5 1 808 44417 2194 3176881 998 824 929 93 4400 4400 4400 0 128 128 128 0 2 2 2.0
215000 220000 5 1 737 42883 1979 2863739 999 219 842 348 4400 4400 4400 0 128 128 128 0 3 3 3.0
220000 225000 5 1 716 38709 1963 2842228 997 362 826 275 4400 4400 4400 0 128 128 128 0 2 2 2.0
225000 230000 5 1 544 31134 1523 2197737 999 182 827 361 4400 4400 4400 0 128 128 128 0 3 3 3.0
230000 235000 6 1 813 44693 2307 3331831 999 140 825 343 4400 4400 4400 0 128 128 128 0 2 2 2.0
235000 240000 6 1 875 48400 2382 3448708 999 117 827 352 4400 4400 4400 0 128 128 128 0 4 4 3.0
240000 245000 6 1 851 48333 2162 3122813 999 91 825 362 4400 4400 4400 0 128 128 128 0 2 3 2.0
245000 250000 6 1 789 43714 2151 3104371 999 60 827 377 4400 4400 4400 0 128 128 128 0 3 2 3.0
250000 255000 6 1 874 47410 2392 3463523 999 52 829 381 4400 4400 4400 0 128 128 128 0 3 3 2.0
255000 260000 5 1 511 29145 1438 2077096 999 24 636 474 4400 4400 4400 0 128 128 128 0 2 2 3.0
260000 265000 6 1 776 42848 2126 3077800 999 173 822 330 4400 4400 4400 0 128 128 128 0 3 3 2.0
265000 270000 6 1 849 45528 2358 3410125 999 154 827 336 4400 4400 4400 0 128 128 128 0 3 3 3.0
270000 275000 5 1 436 25760 1197 1725305 999 0 612 468 4400 4400 4400 0 128 128 128 0 1 2 2.0
275000 280000 6 1 887 48267 2430 3524438 999 208 822 313 4400 4400 4400 0 128 128 128 0 3 3 3.0
280000 285000 6 1 883 48322 2448 3540130 999 196 830 321 4400 4400 4400 0 128 128 128 0 3 2 2.0
285000 290000 6 1 777 43046 2155 3115181 999 183 826 324 4400 4400 4400 0 128 128 128 0 3 3 3.0
290000 295000 5 1 691 37569 1873 2706459 999 463 849 228 4400 4400 4400 0 128 128 128 0 2 2 2.0
295000 300000 5 1 672 38344 1897 2737857 998 174 832 367 4400 4400 4400 0 128 128 128 0 3 3 3.0
300000 305000 1 1 123 6247 302 436583 687 687 687 0 0 0 0 0 0 0 0 0 0 0 0.0
