ts te nbins ncons c_pkts_all c_bytes_all s_pkts_all s_bytes_all max_bin min_bin avg_bin std_bin max_vid min_vid avg_vid std_vid max_aud min_aud avg_aud std_aud num_vid num_aud num_mfs
0 5000 0 0 0 0 0 0 0 0 0 0 0 0 0 0 0 0 0 0 0 0 
5000 10000 4 1 592 39823 1681 2414526 999 416 853 291 2300 2300 2300 0 128 128 128 0 5 5 2.0
10000 15000 6 1 783 44963 2408 3488001 999 401 828 267 2300 2300 2300 0 128 128 128 0 5 5 2.0
15000 20000 6 1 703 40232 1996 2879703 999 368 826 275 4400 2300 3560 1150 128 128 128 0 5 5 2.0
20000 25000 6 1 731 38324 2026 2920355 999 243 753 305 4400 4400 4400 0 128 128 128 0 3 3 3.0
25000 30000 6 1 722 39805 1896 2727078 998 186 814 321 4400 4400 4400 0 128 128 128 0 2 2 2.0
30000 35000 6 1 750 40539 2065 2980472 999 176 830 328 4400 4400 4400 0 128 128 128 0 3 3 3.0
35000 40000 6 1 837 43582 2314 3346089 999 172 830 329 4400 4400 4400 0 128 128 128 0 2 2 2.0
40000 45000 5 1 704 39227 1876 2710037 997 825 926 76 4400 4400 4400 0 128 128 128 0 3 3 3.0
45000 50000 6 1 811 44894 2232 3233410 999 130 825 345 4400 4400 4400 0 128 128 128 0 3 3 2.0
50000 55000 6 1 754 41859 2049 2965837 999 141 828 342 4400 4400 4400 0 128 128 128 0 2 2 3.0
55000 60000 6 1 770 43468 2067 2988975 999 157 745 372 4400 4400 4400 0 128 128 128 0 3 3 2.0
60000 65000 6 1 771 42525 2094 3033660 999 341 821 282 4400 4400 4400 0 128 128 128 0 2 2 3.0
65000 70000 6 1 776 43578 2074 2992977 999 334 830 279 4400 4400 4400 0 128 128 128 0 3 3 2.0
70000 75000 6 1 737 40344 1976 2845115 998 240 812 311 4400 4400 4400 0 128 128 128 0 3 3 3.0
75000 80000 6 1 770 43502 2061 2970039 999 195 824 322 4400 4400 4400 0 128 128 128 0 2 2 2.0
80000 85000 6 1 735 43564 1839 2653037 999 192 830 322 4400 4400 4400 0 128 128 128 0 3 3 3.0
85000 90000 5 1 800 46907 2199 3184319 999 801 917 103 4400 4400 4400 0 128 128 128 0 2 2 2.0
90000 95000 5 1 733 41523 2040 2947787 999 899 978 44 4400 4400 4400 0 128 128 128 0 3 3 3.0
95000 100000 6 1 778 43138 2093 3029912 999 100 823 358 4400 4400 4400 0 128 128 128 0 3 3 2.0
100000 105000 6 1 734 40863 1952 2822470 999 139 701 354 4400 4400 4400 0 128 128 128 0 2 2 3.0
105000 110000 6 1 816 45460 2198 3176658 999 365 824 277 4400 4400 4400 0 128 128 128 0 3 3 2.0
110000 115000 6 1 755 41609 2079 3008365 999 353 822 270 4400 4400 4400 0 128 128 128 0 2 2 3.0
115000 120000 6 1 702 39770 1895 2727811 999 244 787 301 4400 4400 4400 0 128 128 128 0 3 3 2.0
120000 125000 6 1 825 46381 2207 3195878 999 234 830 307 4400 4400 4400 0 128 128 128 0 3 3 3.0
125000 130000 6 1 773 42255 2092 3023445 999 195 824 321 4400 4400 4400 0 128 128 128 0 2 2 2.0
130000 135000 6 1 832 47078 2220 3210208 999 183 829 326 4400 4400 4400 0 128 128 128 0 3 3 3.0
135000 140000 6 1 755 41972 1892 2732272 999 165 826 332 4400 4400 4400 0 128 128 128 0 2 2 2.0
140000 145000 5 1 672 36949 1815 2630845 999 242 766 310 4400 4400 4400 0 128 128 128 0 3 3 3.0
145000 150000 6 1 718 41163 1990 2875763 998 192 822 323 4400 4400 4400 0 128 128 128 0 2 3 2.0
150000 155000 6 1 739 41703 2011 2909543 999 172 829 330 4400 4400 4400 0 128 128 128 0 3 2 3.0
155000 160000 6 1 919 50419 2447 3546653 999 162 829 334 4400 4400 4400 0 128 128 128 0 3 3 2.0
160000 165000 5 1 525 29182 1349 1949062 999 206 655 399 4400 4400 4400 0 128 128 128 0 2 2 3.0
165000 170000 6 1 880 48956 2474 3579930 999 235 830 307 4400 4400 4400 0 128 128 128 0 3 3 2.0
170000 175000 6 1 839 46140 2276 3290112 999 191 822 322 4400 4400 4400 0 128 128 128 0 3 3 3.0
175000 180000 6 1 769 42679 2108 3036963 999 165 827 333 4400 4400 4400 0 128 128 128 0 2 2 2.0
180000 185000 6 1 788 44095 2165 3124391 999 107 823 356 4400 4400 4400 0 128 128 128 0 3 3 3.0
185000 190000 5 1 702 38868 1847 2659637 999 241 808 320 4400 4400 4400 0 128 128 128 0 2 2 2.0
190000 195000 6 1 884 48762 2468 3576129 999 235 830 307 4400 4400 4400 0 128 128 128 0 3 3 3.0
195000 200000 5 1 550 31608 1533 2211990 999 243 657 339 4400 4400 4400 0 128 128 128 0 2 3 2.0
200000 205000 6 1 911 49900 2494 3613215 999 239 831 305 4400 4400 4400 0 128 128 128 0 3 2 3.0
205000 210000 5 1 566 32406 1613 2336392 999 8 645 484 4400 4400 4400 0 128 128 128 0 2 3 2.0
210000 215000 6 1 887 48449 2428 3516396 999 225 829 310 4400 4400 4400 0 128 128 128 0 3 2 3.0
215000 220000 6 1 821 45696 2252 3254333 999 216 830 313 4400 4400 4400 0 128 128 128 0 3 3 2.0
220000 225000 6 1 703 39311 1862 2680100 999 184 821 326 4400 4400 4400 0 128 128 128 0 3 3 3.0
225000 230000 6 1 810 45246 2109 3050374 999 170 827 329 4400 4400 4400 0 128 128 128 0 2 2 2.0
230000 235000 5 1 714 39973 1936 2800269 999 401 826 248 4400 4400 4400 0 128 128 128 0 3 3 3.0
235000 240000 6 1 842 46305 2296 3328346 998 393 829 266 4400 4400 4400 0 128 128 128 0 3 3 2.0
240000 245000 5 1 640 37132 1680 2426130 999 112 711 371 4400 4400 4400 0 128 128 128 0 2 2 3.0
245000 250000 5 1 669 37975 1777 2559219 999 409 846 248 4400 4400 4400 0 128 128 128 0 3 3 2.0
250000 255000 6 1 667 41145 1725 2489197 999 95 699 446 4400 4400 4400 0 128 128 128 0 4 4 3.0
255000 260000 5 1 646 36996 1655 2390266 999 187 731 379 4400 4400 4400 0 128 128 128 0 2 3 2.0
260000 265000 6 1 914 50214 2441 3536725 999 174 830 330 4400 4400 4400 0 128 128 128 0 3 2 3.0
265000 270000 6 1 844 46643 2263 3255647 999 143 827 341 4400 4400 4400 0 128 128 128 0 3 3 2.0
270000 275000 5 1 845 48101 2160 3115503 999 840 966 70 4400 4400 4400 0 128 128 128 0 3 3 3.0
275000 280000 5 1 757 40694 2047 2961263 999 992 996 3 4400 4400 4400 0 128 128 128 0 2 2 2.0
280000 285000 6 1 777 44016 2071 2994223 999 3 830 405 4400 4400 4400 0 128 128 128 0 3 3 3.0
285000 290000 6 1 731 40121 1937 2796325 997 8 754 383 4400 4400 4400 0 128 128 128 0 2 2 2.0
290000 295000 5 1 686 39654 1896 2740446 999 172 833 369 4400 4400 4400 0 128 128 128 0 3 3 3.0
295000 300000 5 1 777 45560 2084 3013857 999 491 863 220 4400 4400 4400 0 128 128 128 0 2 2 2.0
300000 305000 0 0 0 0 0 0 0 0 0 0 0 0 0 0 0 0 0 0 0 0 
