ts te nbins ncons c_pkts_all c_bytes_all s_pkts_all s_bytes_all max_bin_duration min_bin_duration avg_bin_duration std_bin_duration max_video_rate min_video_rate avg_video_rate std_video_rate max_audio_rate min_audio_rate avg_audio_rate std_audio_rate video_reqs audio_reqs media_reqs
0.0 2000.0 0 0 0.0 0.0 0.0 0.0 0.0 0.0 0.0 0.0 0.0 0.0 0.0 0.0 0.0 0.0 0.0 0.0 0 0 
2000.0 4000.0 0 0 0.0 0.0 0.0 0.0 0.0 0.0 0.0 0.0 0.0 0.0 0.0 0.0 0.0 0.0 0.0 0.0 0 0 
4000.0 6000.0 0 0 0.0 0.0 0.0 0.0 0.0 0.0 0.0 0.0 0.0 0.0 0.0 0.0 0.0 0.0 0.0 0.0 0 0 
6000.0 8000.0 2 1 294.3659037897719 20787.28087372417 1555.705265725426 2225989.7301763035 597.2150000000256 173.028076171875 385.1215380859503 299.9454503295468 4400.0 4400.0 4400.0 0.0 128.0 128.0 128.0 0.0 4 3 1.0
8000.0 10000.0 2 1 942.6340962102281 54082.71912627583 5135.294734274574 7065696.269823696 751.5289238280966 719.8400000000256 735.6844619140611 22.40745292733296 4400.0 4400.0 4400.0 0.0 128.0 128.0 128.0 0.0 5 6 1.0
10000.0 12000.0 2 1 177.0 11481.0 1615.0 1921607.0 994.210000000021 198.44000000000233 596.3250000000116 562.6943632648321 8000.0 8000.0 8000.0 0.0 128.0 128.0 128.0 0.0 2 2 1.0
12000.0 14000.0 2 1 182.2443658389615 10975.277916467863 1682.2443658389616 2004100.5077310754 988.5030000000261 240.26611328125 614.384556640638 529.0833765327571 8000.0 8000.0 8000.0 0.0 128.0 128.0 128.0 0.0 1 1 1.0
14000.0 16000.0 2 1 2.7556341610384925 621.722083532137 6.7556341610384925 3700.492268924655 742.9568867187481 51.88899999996647 397.4229433593573 488.65878895910737 0.0 0.0 0.0 0.0 0.0 0.0 0.0 0.0 0 0 1.0
16000.0 18000.0 1 1 373.0 21366.0 3471.0 4117691.0 787.3240000000224 787.3240000000224 787.3240000000224 0.0 8000.0 8000.0 8000.0 0.0 128.0 128.0 128.0 0.0 2 2 1.0
18000.0 20000.0 1 1 175.0 10386.0 1630.0 1933848.0 406.34499999997206 406.34499999997206 406.34499999997206 0.0 8000.0 8000.0 8000.0 0.0 128.0 128.0 128.0 0.0 1 1 1.0
20000.0 22000.0 1 1 201.0 11815.0 1905.0 2215024.0 989.6940000000177 989.6940000000177 989.6940000000177 0.0 8000.0 8000.0 8000.0 0.0 128.0 128.0 128.0 0.0 1 1 1.0
22000.0 24000.0 1 1 166.0 10257.0 1547.0 1821657.0 698.9039999999804 698.9039999999804 698.9039999999804 0.0 8000.0 8000.0 8000.0 0.0 128.0 128.0 128.0 0.0 1 1 1.0
24000.0 26000.0 1 1 203.0 11604.0 1843.0 2154557.0 735.1180000000168 735.1180000000168 735.1180000000168 0.0 8000.0 8000.0 8000.0 0.0 128.0 128.0 128.0 0.0 1 1 1.0
26000.0 28000.0 1 1 169.0 11154.0 1596.0 1863655.0 361.14299999998184 361.14299999998184 361.14299999998184 0.0 8000.0 8000.0 8000.0 0.0 128.0 128.0 128.0 0.0 1 1 1.0
28000.0 30000.0 1 1 187.0 11377.0 1710.0 2019610.0 475.64299999998184 475.64299999998184 475.64299999998184 0.0 8000.0 8000.0 8000.0 0.0 128.0 128.0 128.0 0.0 1 1 1.0
30000.0 32000.0 1 1 189.0 11413.0 1764.0 2083290.0 449.8420000000042 449.8420000000042 449.8420000000042 0.0 8000.0 8000.0 8000.0 0.0 128.0 128.0 128.0 0.0 1 1 1.0
32000.0 34000.0 1 1 182.0 10633.0 1757.0 2076446.0 466.90200000000186 466.90200000000186 466.90200000000186 0.0 8000.0 8000.0 8000.0 0.0 128.0 128.0 128.0 0.0 1 1 1.0
34000.0 36000.0 1 1 2.0 752.0 5.0 3617.0 79.85599999997066 79.85599999997066 79.85599999997066 0.0 0.0 0.0 0.0 0.0 0.0 0.0 0.0 0.0 0 0 1.0
36000.0 38000.0 1 1 339.0 20425.0 3235.0 3848263.0 571.2749999999651 571.2749999999651 571.2749999999651 0.0 8000.0 8000.0 8000.0 0.0 128.0 128.0 128.0 0.0 2 2 1.0
38000.0 40000.0 1 1 199.0 11979.0 1859.0 2196998.0 500.7930000000051 500.7930000000051 500.7930000000051 0.0 8000.0 8000.0 8000.0 0.0 128.0 128.0 128.0 0.0 1 1 1.0
40000.0 42000.0 1 1 173.0 10615.0 1647.0 1928188.0 402.80099999997765 402.80099999997765 402.80099999997765 0.0 8000.0 8000.0 8000.0 0.0 128.0 128.0 128.0 0.0 1 1 1.0
42000.0 44000.0 1 1 5.0 897.0 5.0 3570.0 61.7609999999986 61.7609999999986 61.7609999999986 0.0 0.0 0.0 0.0 0.0 0.0 0.0 0.0 0.0 0 0 1.0
44000.0 46000.0 1 1 348.0 21099.0 3295.0 3920069.0 781.1070000000182 781.1070000000182 781.1070000000182 0.0 8000.0 8000.0 8000.0 0.0 128.0 128.0 128.0 0.0 2 2 1.0
46000.0 48000.0 1 1 180.0 11067.0 1714.0 2024636.0 383.7480000000214 383.7480000000214 383.7480000000214 0.0 8000.0 8000.0 8000.0 0.0 128.0 128.0 128.0 0.0 1 1 1.0
48000.0 50000.0 2 1 220.05342018189387 13749.236927765614 2017.6802802243988 2388138.441118159 392.2029999999795 174.452880859375 283.32794042967726 153.97258584850007 8000.0 8000.0 8000.0 0.0 128.0 128.0 128.0 0.0 2 2 1.0
50000.0 52000.0 3 1 169.95543886813996 11527.272178022971 1568.9682631800274 1842756.714904488 977.9160000000265 117.88525390625 640.4407910156297 458.91640518812676 8000.0 8000.0 8000.0 0.0 128.0 128.0 128.0 0.0 1 1 1.0
52000.0 54000.0 2 1 183.77415051135716 9700.574077357614 1797.1698133027826 2115986.4313199027 841.6327460936736 173.9033203125 507.7680332030868 472.15600496766734 8000.0 8000.0 8000.0 0.0 128.0 128.0 128.0 0.0 1 1 1.0
54000.0 56000.0 1 1 158.216990438609 9235.916816853802 1507.181643292791 1776249.4126574507 814.4466796874767 814.4466796874767 814.4466796874767 0.0 0.0 0.0 0.0 0.0 0.0 0.0 0.0 0.0 0 0 1.0
56000.0 58000.0 2 1 351.4862444897243 21162.827928136343 3294.243122244862 3899039.454256529 997.7289999998757 239.083984375 618.4064921874378 536.4430350617239 8000.0 8000.0 8000.0 0.0 128.0 128.0 128.0 0.0 2 2 1.0
58000.0 60000.0 2 1 194.51375551027567 11540.172071863657 1821.7568777551378 2104872.545743471 907.6599999999162 744.306015625014 825.9830078124651 115.50871008533468 8000.0 8000.0 8000.0 0.0 128.0 128.0 128.0 0.0 1 1 1.0
60000.0 62000.0 1 1 2.0 752.0 5.0 3577.0 68.95000000001164 68.95000000001164 68.95000000001164 0.0 0.0 0.0 0.0 0.0 0.0 0.0 0.0 0.0 0 0 1.0
62000.0 64000.0 1 1 217.0 16382.0 2030.0 2388576.0 627.244000000006 627.244000000006 627.244000000006 0.0 8000.0 8000.0 8000.0 0.0 128.0 128.0 128.0 0.0 4 4 1.0
64000.0 66000.0 2 1 172.61580255671083 10432.798390681179 1641.0106404949308 1936215.9517615824 999.9920000000275 255.2338867186918 627.6129433593596 526.6235122449314 8000.0 8000.0 8000.0 0.0 128.0 128.0 128.0 0.0 1 1 1.0
66000.0 68000.0 2 1 185.38419744328917 11114.201609318821 1738.9893595050692 2043145.0482384176 744.6491132812225 424.0989999999874 584.374056640605 226.66315881127733 8000.0 8000.0 8000.0 0.0 128.0 128.0 128.0 0.0 1 1 1.0
68000.0 70000.0 1 1 159.0 9724.0 1432.0 1980148.0 844.5879999999888 844.5879999999888 844.5879999999888 0.0 8000.0 8000.0 8000.0 0.0 128.0 128.0 128.0 0.0 1 1 1.0
70000.0 72000.0 1 1 157.0 9587.0 1484.0 2049120.0 457.3299999999581 457.3299999999581 457.3299999999581 0.0 8000.0 8000.0 8000.0 0.0 128.0 128.0 128.0 0.0 1 1 1.0
72000.0 74000.0 1 1 155.0 9816.0 1411.0 1946568.0 423.5349999999744 423.5349999999744 423.5349999999744 0.0 8000.0 8000.0 8000.0 0.0 128.0 128.0 128.0 0.0 1 1 1.0
74000.0 76000.0 1 1 161.0 10137.0 1487.0 2057550.0 447.24099999998 447.24099999998 447.24099999998 0.0 8000.0 8000.0 8000.0 0.0 128.0 128.0 128.0 0.0 1 1 1.0
76000.0 78000.0 1 1 165.0 10291.0 1508.0 2085873.0 497.98499999998603 497.98499999998603 497.98499999998603 0.0 8000.0 8000.0 8000.0 0.0 128.0 128.0 128.0 0.0 1 1 1.0
78000.0 80000.0 1 1 2.0 752.0 6.0 4677.0 72.77899999998044 72.77899999998044 72.77899999998044 0.0 0.0 0.0 0.0 0.0 0.0 0.0 0.0 0.0 0 0 1.0
80000.0 82000.0 1 1 311.0 18355.0 2931.0 4092947.0 579.4280000000144 579.4280000000144 579.4280000000144 0.0 8000.0 8000.0 8000.0 0.0 128.0 128.0 128.0 0.0 2 2 1.0
82000.0 84000.0 1 1 160.0 9758.0 1506.0 2068854.0 545.561999999918 545.561999999918 545.561999999918 0.0 8000.0 8000.0 8000.0 0.0 128.0 128.0 128.0 0.0 1 1 1.0
84000.0 86000.0 1 1 152.0 9648.0 1425.0 1963672.0 354.07600000000093 354.07600000000093 354.07600000000093 0.0 8000.0 8000.0 8000.0 0.0 128.0 128.0 128.0 0.0 1 1 1.0
86000.0 88000.0 1 1 160.0 10007.0 1456.0 2005560.0 410.39299999998184 410.39299999998184 410.39299999998184 0.0 8000.0 8000.0 8000.0 0.0 128.0 128.0 128.0 0.0 1 1 1.0
88000.0 90000.0 1 1 199.0 11966.0 1832.0 2528863.0 506.2530000000261 506.2530000000261 506.2530000000261 0.0 8000.0 8000.0 8000.0 0.0 128.0 128.0 128.0 0.0 1 1 1.0
90000.0 92000.0 1 1 128.0 8395.0 1123.0 1554047.0 402.3630000000121 402.3630000000121 402.3630000000121 0.0 8000.0 8000.0 8000.0 0.0 128.0 128.0 128.0 0.0 1 1 1.0
92000.0 94000.0 1 1 160.0 9648.0 1539.0 2105496.0 443.5999999999767 443.5999999999767 443.5999999999767 0.0 8000.0 8000.0 8000.0 0.0 128.0 128.0 128.0 0.0 1 1 1.0
94000.0 96000.0 1 1 163.0 9796.0 1547.0 2135550.0 369.75599999999395 369.75599999999395 369.75599999999395 0.0 8000.0 8000.0 8000.0 0.0 128.0 128.0 128.0 0.0 1 1 1.0
96000.0 98000.0 2 1 167.94253009835592 10436.381472375377 1618.6503651231706 2257442.649549909 304.0439999999944 171.7739257811918 237.9089628905931 93.52906642816326 8000.0 8000.0 8000.0 0.0 128.0 128.0 128.0 0.0 2 2 1.0
98000.0 100000.0 2 1 292.0574699016441 17658.618527624625 2730.3496348768294 3778072.350450091 816.4390742187388 378.56200000003446 597.5005371093866 309.625848506171 8000.0 8000.0 8000.0 0.0 128.0 128.0 128.0 0.0 1 1 1.0
100000.0 102000.0 2 1 31.946388604946474 3414.1658870056394 267.6906004227709 367374.0885875143 168.6201171875 72.97899999999208 120.79955859374604 67.62848252354411 8000.0 8000.0 8000.0 0.0 128.0 128.0 128.0 0.0 1 1 1.0
102000.0 104000.0 2 1 317.0536113950535 22845.83411299436 2767.309399577229 3807372.911412486 822.38888281252 468.5030000000261 645.445941406273 250.23510750290237 8000.0 8000.0 8000.0 0.0 128.0 128.0 128.0 0.0 1 1 1.0
104000.0 106000.0 2 1 146.63455926877896 9495.543784061589 1302.2627869839255 1794225.2921315492 999.9510000000009 255.027099609375 627.489049804688 526.7407414341438 8000.0 8000.0 8000.0 0.0 128.0 128.0 128.0 0.0 1 1 1.0
106000.0 108000.0 2 1 146.36544073122104 9124.456215938411 1354.7372130160745 1861734.7078684508 922.945000000007 744.3919003906194 833.6684501953132 126.25610753567504 8000.0 8000.0 8000.0 0.0 128.0 128.0 128.0 0.0 1 1 1.0
108000.0 110000.0 2 1 146.5000131712302 9437.004952382553 1194.2500065856152 1625723.7502831814 986.8580000000075 247.572021484375 617.2150107421912 522.754128644536 8000.0 8000.0 8000.0 0.0 128.0 128.0 128.0 0.0 1 1 1.0
110000.0 112000.0 3 1 187.69667681543046 11428.872617178722 1651.9466834010454 2259529.2938348516 999.9009999999544 197.944091796875 646.8450234374808 409.4794405267589 8000.0 8000.0 8000.0 0.0 128.0 128.0 128.0 0.0 1 1 1.0
112000.0 114000.0 2 1 158.80331001333934 9859.122430438725 1397.8033100133393 1947273.9558819667 868.619000000006 794.5139082031092 831.5664541015576 52.400212930037384 8000.0 8000.0 8000.0 0.0 128.0 128.0 128.0 0.0 1 1 1.0
114000.0 116000.0 1 1 146.0 8964.0 1396.0 1950384.0 465.2939999999362 465.2939999999362 465.2939999999362 0.0 8000.0 8000.0 8000.0 0.0 128.0 128.0 128.0 0.0 1 1 1.0
116000.0 118000.0 2 1 145.33375329213857 9235.998382978523 1324.513632957734 1841486.2704946753 996.7810000000172 254.0229492186918 625.4019746093545 525.2092544883773 8000.0 8000.0 8000.0 0.0 128.0 128.0 128.0 0.0 1 1 1.0
118000.0 120000.0 2 1 173.66624670786143 10483.001617021477 1570.486367042266 2147428.7295053247 742.4320507812663 390.6060000000871 566.5190253906767 248.77858630545444 8000.0 8000.0 8000.0 0.0 128.0 128.0 128.0 0.0 1 1 1.0
120000.0 122000.0 1 1 185.0 11312.0 1652.0 2304334.0 437.7170000000042 437.7170000000042 437.7170000000042 0.0 8000.0 8000.0 8000.0 0.0 128.0 128.0 128.0 0.0 1 1 1.0
122000.0 124000.0 1 1 158.0 9865.0 1448.0 2022503.0 994.2029999999213 994.2029999999213 994.2029999999213 0.0 8000.0 8000.0 8000.0 0.0 128.0 128.0 128.0 0.0 1 1 1.0
124000.0 126000.0 1 1 164.0 10128.0 1406.0 1922524.0 404.7750000000233 404.7750000000233 404.7750000000233 0.0 8000.0 8000.0 8000.0 0.0 128.0 128.0 128.0 0.0 1 1 1.0
126000.0 128000.0 1 1 161.0 10089.0 1435.0 1969427.0 436.2289999999921 436.2289999999921 436.2289999999921 0.0 8000.0 8000.0 8000.0 0.0 128.0 128.0 128.0 0.0 1 1 1.0
128000.0 130000.0 1 1 142.0 8789.0 1338.0 1864644.0 397.7139999999781 397.7139999999781 397.7139999999781 0.0 8000.0 8000.0 8000.0 0.0 128.0 128.0 128.0 0.0 1 1 1.0
130000.0 132000.0 1 1 163.0 9770.0 1511.0 2078361.0 559.0 559.0 559.0 0.0 8000.0 8000.0 8000.0 0.0 128.0 128.0 128.0 0.0 1 1 1.0
132000.0 134000.0 1 1 149.0 9237.0 1349.0 1864847.0 404.13000000000466 404.13000000000466 404.13000000000466 0.0 8000.0 8000.0 8000.0 0.0 128.0 128.0 128.0 0.0 1 1 1.0
134000.0 136000.0 1 1 164.0 10211.0 1466.0 2038394.0 417.30300000001444 417.30300000001444 417.30300000001444 0.0 8000.0 8000.0 8000.0 0.0 128.0 128.0 128.0 0.0 1 1 1.0
136000.0 138000.0 1 1 159.0 9926.0 1419.0 1955934.0 539.2609999999986 539.2609999999986 539.2609999999986 0.0 8000.0 8000.0 8000.0 0.0 128.0 128.0 128.0 0.0 1 1 1.0
138000.0 140000.0 1 1 2.0 752.0 5.0 3596.0 84.77700000000186 84.77700000000186 84.77700000000186 0.0 0.0 0.0 0.0 0.0 0.0 0.0 0.0 0.0 0 0 1.0
140000.0 142000.0 1 1 328.0 20034.0 3100.0 4305731.0 557.1080000000075 557.1080000000075 557.1080000000075 0.0 8000.0 8000.0 8000.0 0.0 128.0 128.0 128.0 0.0 2 2 1.0
142000.0 144000.0 1 1 2.0 752.0 6.0 3621.0 103.47199999995064 103.47199999995064 103.47199999995064 0.0 0.0 0.0 0.0 0.0 0.0 0.0 0.0 0.0 0 0 1.0
144000.0 146000.0 2 1 311.6861218636871 18657.475844459113 2999.0025640263075 4163313.9909229307 457.1830000000191 171.076904296875 314.12995214844705 202.30756041050054 8000.0 8000.0 8000.0 0.0 128.0 128.0 128.0 0.0 3 3 1.0
146000.0 148000.0 2 1 137.80244729154703 8594.842922046133 1311.2077644167089 1820015.4274744333 824.340095703199 175.5712890625 499.9556923828495 458.74882259794236 8000.0 8000.0 8000.0 0.0 128.0 128.0 128.0 0.0 1 1 1.0
148000.0 150000.0 3 1 160.20648410978487 9648.235489410532 1529.780972585643 2123401.6943770624 804.3247109375079 5.466999999945983 326.78099348954856 421.72171578800464 8000.0 8000.0 8000.0 0.0 128.0 128.0 128.0 0.0 1 1 1.0
150000.0 152000.0 1 1 139.30494673498103 8328.445744084223 1301.008698971341 1793377.8872255736 827.9697304688161 827.9697304688161 827.9697304688161 0.0 0.0 0.0 0.0 0.0 0.0 0.0 0.0 0.0 0 0 1.0
152000.0 154000.0 2 1 323.25310919110177 19121.441979726744 3004.253109191102 4133983.8836952173 985.9039999999804 252.260009765625 619.0820048828027 518.76464047147 8000.0 8000.0 8000.0 0.0 128.0 128.0 128.0 0.0 2 2 1.0
154000.0 156000.0 2 1 1.7468908088982333 573.5580202732546 5.746890808898233 3626.116304782624 744.3849902343936 32.90299999999115 388.6439951171924 503.09373998684697 0.0 0.0 0.0 0.0 0.0 0.0 0.0 0.0 0 0 1.0
156000.0 158000.0 2 1 282.12425006893045 17070.498453324835 2671.9459069134555 3727035.9469478717 999.890000000014 254.971923828125 627.4309619140695 526.7366230895798 8000.0 8000.0 8000.0 0.0 128.0 128.0 128.0 0.0 2 2 1.0
158000.0 160000.0 2 1 177.87574993106955 10759.501546675165 1602.0540930865445 2206781.0530521283 918.0100000000093 744.2240761718713 831.1170380859403 122.88520521364522 8000.0 8000.0 8000.0 0.0 128.0 128.0 128.0 0.0 1 1 1.0
160000.0 162000.0 1 1 160.0 9568.0 1520.0 2081295.0 943.064000000013 943.064000000013 943.064000000013 0.0 8000.0 8000.0 8000.0 0.0 128.0 128.0 128.0 0.0 1 1 1.0
162000.0 164000.0 1 1 132.0 8308.0 1231.0 1699958.0 455.96100000001024 455.96100000001024 455.96100000001024 0.0 8000.0 8000.0 8000.0 0.0 128.0 128.0 128.0 0.0 1 1 1.0
164000.0 166000.0 1 1 161.0 9854.0 1500.0 2076523.0 933.9419999998645 933.9419999998645 933.9419999998645 0.0 8000.0 8000.0 8000.0 0.0 128.0 128.0 128.0 0.0 1 1 1.0
166000.0 168000.0 1 1 159.0 9976.0 1408.0 1951445.0 531.585000000021 531.585000000021 531.585000000021 0.0 8000.0 8000.0 8000.0 0.0 128.0 128.0 128.0 0.0 1 1 1.0
168000.0 170000.0 1 1 164.0 10116.0 1365.0 1877144.0 423.8829999999725 423.8829999999725 423.8829999999725 0.0 8000.0 8000.0 8000.0 0.0 128.0 128.0 128.0 0.0 1 1 1.0
170000.0 172000.0 1 1 170.0 10533.0 1529.0 2117669.0 412.6030000000028 412.6030000000028 412.6030000000028 0.0 8000.0 8000.0 8000.0 0.0 128.0 128.0 128.0 0.0 1 1 1.0
172000.0 174000.0 1 1 169.0 10095.0 1611.0 2239407.0 495.48200000001816 495.48200000001816 495.48200000001816 0.0 8000.0 8000.0 8000.0 0.0 128.0 128.0 128.0 0.0 1 1 1.0
174000.0 176000.0 1 1 2.0 752.0 5.0 3570.0 80.19099999999162 80.19099999999162 80.19099999999162 0.0 0.0 0.0 0.0 0.0 0.0 0.0 0.0 0.0 0 0 1.0
176000.0 178000.0 1 1 299.0 18263.0 2825.0 3954642.0 413.57600000000093 413.57600000000093 413.57600000000093 0.0 8000.0 8000.0 8000.0 0.0 128.0 128.0 128.0 0.0 2 2 1.0
178000.0 180000.0 1 1 155.0 9413.0 1480.0 2057380.0 513.8109999999288 513.8109999999288 513.8109999999288 0.0 8000.0 8000.0 8000.0 0.0 128.0 128.0 128.0 0.0 1 1 1.0
180000.0 182000.0 1 1 3.0 799.0 5.0 3611.0 100.46799999999348 100.46799999999348 100.46799999999348 0.0 0.0 0.0 0.0 0.0 0.0 0.0 0.0 0.0 0 0 1.0
182000.0 184000.0 1 1 278.0 16700.0 2645.0 3705657.0 535.3969999999972 535.3969999999972 535.3969999999972 0.0 8000.0 8000.0 8000.0 0.0 128.0 128.0 128.0 0.0 2 2 1.0
184000.0 186000.0 1 1 144.0 9018.0 1357.0 1873904.0 461.3859999999986 461.3859999999986 461.3859999999986 0.0 8000.0 8000.0 8000.0 0.0 128.0 128.0 128.0 0.0 1 1 1.0
186000.0 188000.0 1 1 148.0 9070.0 1380.0 1909852.0 539.5 539.5 539.5 0.0 8000.0 8000.0 8000.0 0.0 128.0 128.0 128.0 0.0 1 1 1.0
188000.0 190000.0 1 1 148.0 9073.0 1411.0 1950972.0 403.8379999999888 403.8379999999888 403.8379999999888 0.0 8000.0 8000.0 8000.0 0.0 128.0 128.0 128.0 0.0 1 1 1.0
190000.0 192000.0 1 1 165.0 9954.0 1528.0 2124831.0 516.2310000000289 516.2310000000289 516.2310000000289 0.0 8000.0 8000.0 8000.0 0.0 128.0 128.0 128.0 0.0 1 1 1.0
192000.0 194000.0 1 1 168.0 10454.0 1483.0 2044712.0 545.304999999993 545.304999999993 545.304999999993 0.0 8000.0 8000.0 8000.0 0.0 128.0 128.0 128.0 0.0 1 1 1.0
194000.0 196000.0 2 1 197.31292850439044 11878.388001280542 1823.371075854225 2504606.3694612575 413.05099999997765 174.1220703125 293.5865351562388 168.94826640365926 8000.0 8000.0 8000.0 0.0 128.0 128.0 128.0 0.0 2 2 1.0
196000.0 198000.0 3 1 160.70792074508955 11130.151258132511 1397.878933930222 1913422.0314151766 999.466999999946 109.7509765625 639.1153020833153 468.3189103672716 8000.0 8000.0 8000.0 0.0 128.0 128.0 128.0 0.0 1 1 1.0
198000.0 200000.0 2 1 296.97915075052003 16764.460740586946 2744.749990215553 3788122.599123566 822.0530234375037 356.8399999999674 589.4465117187356 328.9552835689782 8000.0 8000.0 8000.0 0.0 128.0 128.0 128.0 0.0 1 1 1.0
200000.0 202000.0 1 1 157.0 9925.0 1466.0 2001738.0 949.1230000000214 949.1230000000214 949.1230000000214 0.0 8000.0 8000.0 8000.0 0.0 128.0 128.0 128.0 0.0 1 1 1.0
202000.0 204000.0 1 1 156.0 9839.0 1366.0 1881529.0 987.0250000000233 987.0250000000233 987.0250000000233 0.0 8000.0 8000.0 8000.0 0.0 128.0 128.0 128.0 0.0 1 1 1.0
204000.0 206000.0 1 1 154.0 9361.0 1497.0 2064633.0 957.7889999999898 957.7889999999898 957.7889999999898 0.0 8000.0 8000.0 8000.0 0.0 128.0 128.0 128.0 0.0 1 1 1.0
206000.0 208000.0 1 1 2.0 752.0 5.0 3579.0 78.47499999997672 78.47499999997672 78.47499999997672 0.0 0.0 0.0 0.0 0.0 0.0 0.0 0.0 0.0 0 0 1.0
208000.0 210000.0 1 1 314.0 18728.0 2992.0 4162995.0 525.5100000000093 525.5100000000093 525.5100000000093 0.0 8000.0 8000.0 8000.0 0.0 128.0 128.0 128.0 0.0 2 2 1.0
210000.0 212000.0 1 1 156.0 9456.0 1461.0 2015030.0 483.5350000000326 483.5350000000326 483.5350000000326 0.0 8000.0 8000.0 8000.0 0.0 128.0 128.0 128.0 0.0 1 1 1.0
212000.0 214000.0 1 1 164.0 9847.0 1566.0 2148564.0 962.5270000000019 962.5270000000019 962.5270000000019 0.0 8000.0 8000.0 8000.0 0.0 128.0 128.0 128.0 0.0 1 1 1.0
214000.0 216000.0 1 1 153.0 9317.0 1490.0 2066860.0 424.85800000000745 424.85800000000745 424.85800000000745 0.0 8000.0 8000.0 8000.0 0.0 128.0 128.0 128.0 0.0 1 1 1.0
216000.0 218000.0 1 1 140.0 8700.0 1301.0 1823658.0 407.71100000001024 407.71100000001024 407.71100000001024 0.0 8000.0 8000.0 8000.0 0.0 128.0 128.0 128.0 0.0 1 1 1.0
218000.0 220000.0 1 1 161.0 10019.0 1474.0 2028071.0 473.0100000000093 473.0100000000093 473.0100000000093 0.0 8000.0 8000.0 8000.0 0.0 128.0 128.0 128.0 0.0 1 1 1.0
220000.0 222000.0 1 1 157.0 9503.0 1520.0 2090399.0 348.0999999999767 348.0999999999767 348.0999999999767 0.0 8000.0 8000.0 8000.0 0.0 128.0 128.0 128.0 0.0 1 1 1.0
222000.0 224000.0 1 1 148.0 9504.0 1385.0 1907431.0 422.13100000005215 422.13100000005215 422.13100000005215 0.0 8000.0 8000.0 8000.0 0.0 128.0 128.0 128.0 0.0 1 1 1.0
224000.0 226000.0 1 1 154.0 9708.0 1377.0 1905659.0 530.3040000000037 530.3040000000037 530.3040000000037 0.0 8000.0 8000.0 8000.0 0.0 128.0 128.0 128.0 0.0 1 1 1.0
226000.0 228000.0 1 1 186.0 11286.0 1588.0 2112259.0 599.9159999999683 599.9159999999683 599.9159999999683 0.0 8000.0 8000.0 8000.0 0.0 128.0 128.0 128.0 0.0 1 1 1.0
228000.0 230000.0 1 1 149.0 9119.0 1433.0 1985163.0 402.95999999996275 402.95999999996275 402.95999999996275 0.0 8000.0 8000.0 8000.0 0.0 128.0 128.0 128.0 0.0 1 1 1.0
230000.0 232000.0 1 1 142.0 8715.0 1371.0 1885370.0 402.11999999999534 402.11999999999534 402.11999999999534 0.0 8000.0 8000.0 8000.0 0.0 128.0 128.0 128.0 0.0 1 1 1.0
232000.0 234000.0 1 1 2.0 752.0 5.0 3577.0 70.71299999998882 70.71299999998882 70.71299999998882 0.0 0.0 0.0 0.0 0.0 0.0 0.0 0.0 0.0 0 0 1.0
234000.0 236000.0 1 1 317.0 19316.0 2943.0 4082323.0 611.1689999999944 611.1689999999944 611.1689999999944 0.0 8000.0 8000.0 8000.0 0.0 128.0 128.0 128.0 0.0 2 2 1.0
236000.0 238000.0 2 1 182.88403650416615 11469.919544438944 1611.8198452685715 2234531.3708102102 356.9880000000121 178.419921875 267.70396093750605 126.26669894564526 8000.0 8000.0 8000.0 0.0 128.0 128.0 128.0 0.0 2 2 1.0
238000.0 240000.0 1 1 118.11596349583385 7424.080455561057 1117.1801547314285 1540380.6291897898 814.1790781250456 814.1790781250456 814.1790781250456 0.0 0.0 0.0 0.0 0.0 0.0 0.0 0.0 0.0 0 0 1.0
240000.0 242000.0 1 1 170.0 10498.0 1491.0 2061353.0 456.3159999999916 456.3159999999916 456.3159999999916 0.0 8000.0 8000.0 8000.0 0.0 128.0 128.0 128.0 0.0 1 1 1.0
242000.0 244000.0 1 1 247.64263018201618 15445.384121352286 1891.5271713902637 2619152.289135065 963.510986328125 963.510986328125 963.510986328125 0.0 8000.0 8000.0 8000.0 0.0 128.0 128.0 128.0 0.0 2 2 1.0
244000.0 246000.0 2 1 149.3573698179838 7431.6158786477135 1014.4728286097362 1382467.710864935 387.2389999999432 36.407013671821915 211.82300683588255 248.0756765897607 0.0 0.0 0.0 0.0 0.0 0.0 0.0 0.0 0 0 0.0
246000.0 248000.0 2 1 275.9890199313379 16698.249695257822 2588.697438024195 3574736.563293856 999.7360000000335 255.860107421875 627.7980537109543 525.9996880032116 8000.0 8000.0 8000.0 0.0 128.0 128.0 128.0 0.0 2 2 1.0
248000.0 250000.0 2 1 196.01098006866206 11227.750304742178 1840.302561975805 2522378.436706144 918.280999999959 741.2238925781567 829.7524462890578 125.19828131523144 8000.0 8000.0 8000.0 0.0 128.0 128.0 128.0 0.0 1 1 1.0
250000.0 252000.0 1 1 3.0 799.0 5.0 3560.0 82.56999999994878 82.56999999994878 82.56999999994878 0.0 0.0 0.0 0.0 0.0 0.0 0.0 0.0 0.0 0 0 1.0
252000.0 254000.0 1 1 301.0 17886.0 2854.0 3966058.0 752.8020000000251 752.8020000000251 752.8020000000251 0.0 8000.0 8000.0 8000.0 0.0 128.0 128.0 128.0 0.0 2 2 1.0
254000.0 256000.0 1 1 169.0 10491.0 1516.0 2070410.0 928.4270000000251 928.4270000000251 928.4270000000251 0.0 8000.0 8000.0 8000.0 0.0 128.0 128.0 128.0 0.0 1 1 1.0
256000.0 258000.0 2 1 147.51309626445774 9215.924195436115 1405.2565481322288 1949513.0315696858 996.6759999999776 256.18896484375 626.4324824218638 523.60340393969 8000.0 8000.0 8000.0 0.0 128.0 128.0 128.0 0.0 1 1 1.0
258000.0 260000.0 2 1 161.48690373554226 9547.075804563885 1542.7434518677712 2129211.968430314 917.4020000000019 742.4110351562267 829.9065175781143 123.73729788741014 8000.0 8000.0 8000.0 0.0 128.0 128.0 128.0 0.0 1 1 1.0
260000.0 262000.0 1 1 160.0 9652.0 1546.0 2148580.0 418.0929999999935 418.0929999999935 418.0929999999935 0.0 8000.0 8000.0 8000.0 0.0 128.0 128.0 128.0 0.0 1 1 1.0
262000.0 264000.0 1 1 142.0 8971.0 1445.0 1992817.0 373.58700000005774 373.58700000005774 373.58700000005774 0.0 8000.0 8000.0 8000.0 0.0 128.0 128.0 128.0 0.0 1 1 1.0
264000.0 266000.0 1 1 2.0 752.0 5.0 3550.0 75.78300000005402 75.78300000005402 75.78300000005402 0.0 0.0 0.0 0.0 0.0 0.0 0.0 0.0 0.0 0 0 1.0
266000.0 268000.0 1 1 309.0 18895.0 2926.0 4081948.0 491.9420000000391 491.9420000000391 491.9420000000391 0.0 8000.0 8000.0 8000.0 0.0 128.0 128.0 128.0 0.0 2 2 1.0
268000.0 270000.0 1 1 161.0 10040.0 1472.0 2037099.0 436.32400000002235 436.32400000002235 436.32400000002235 0.0 8000.0 8000.0 8000.0 0.0 128.0 128.0 128.0 0.0 1 1 1.0
270000.0 272000.0 1 1 2.0 752.0 6.0 3563.0 92.76899999997113 92.76899999997113 92.76899999997113 0.0 0.0 0.0 0.0 0.0 0.0 0.0 0.0 0.0 0 0 1.0
272000.0 274000.0 1 1 290.0 17247.0 2789.0 3896611.0 507.6360000000568 507.6360000000568 507.6360000000568 0.0 8000.0 8000.0 8000.0 0.0 128.0 128.0 128.0 0.0 2 2 1.0
274000.0 276000.0 1 1 146.0 9271.0 1376.0 1910340.0 396.5359999999637 396.5359999999637 396.5359999999637 0.0 8000.0 8000.0 8000.0 0.0 128.0 128.0 128.0 0.0 1 1 1.0
276000.0 278000.0 1 1 165.0 9975.0 1528.0 2119789.0 502.8780000000261 502.8780000000261 502.8780000000261 0.0 8000.0 8000.0 8000.0 0.0 128.0 128.0 128.0 0.0 1 1 1.0
278000.0 280000.0 1 1 135.0 8434.0 1274.0 1762436.0 376.8519999999553 376.8519999999553 376.8519999999553 0.0 8000.0 8000.0 8000.0 0.0 128.0 128.0 128.0 0.0 1 1 1.0
280000.0 282000.0 1 1 2.0 752.0 5.0 3529.0 64.44700000004377 64.44700000004377 64.44700000004377 0.0 0.0 0.0 0.0 0.0 0.0 0.0 0.0 0.0 0 0 1.0
282000.0 284000.0 1 1 308.0 18769.0 2948.0 4057906.0 713.0960000000196 713.0960000000196 713.0960000000196 0.0 8000.0 8000.0 8000.0 0.0 128.0 128.0 128.0 0.0 2 2 1.0
284000.0 286000.0 1 1 154.0 9623.0 1447.0 1995070.0 448.21200000005774 448.21200000005774 448.21200000005774 0.0 8000.0 8000.0 8000.0 0.0 128.0 128.0 128.0 0.0 1 1 1.0
286000.0 288000.0 1 1 170.0 10143.0 1613.0 2252276.0 467.21999999997206 467.21999999997206 467.21999999997206 0.0 8000.0 8000.0 8000.0 0.0 128.0 128.0 128.0 0.0 1 1 1.0
288000.0 290000.0 2 1 139.80891804046664 8997.723366024995 1324.616381820186 1824978.9221721124 338.48499999998603 173.580078125 256.032539062493 116.60538850884046 8000.0 8000.0 8000.0 0.0 128.0 128.0 128.0 0.0 2 2 1.0
290000.0 292000.0 3 1 147.62389418667806 10074.238617447194 1377.307800775638 1900714.7523723927 995.6530000000494 110.23388671875 637.4276028646078 466.266523742446 8000.0 8000.0 8000.0 0.0 128.0 128.0 128.0 0.0 1 1 1.0
292000.0 294000.0 2 1 287.5671877728553 15978.038016527811 2785.0758174041757 3866371.3254554947 828.9081132812425 438.1820000000298 633.5450566406362 276.2850842878087 8000.0 8000.0 8000.0 0.0 128.0 128.0 128.0 0.0 1 1 1.0
294000.0 296000.0 1 1 2.0 752.0 6.0 3622.0 101.70799999998417 101.70799999998417 101.70799999998417 0.0 0.0 0.0 0.0 0.0 0.0 0.0 0.0 0.0 0 0 1.0
296000.0 298000.0 1 1 328.0 19700.0 2829.0 3929892.0 987.5999999999767 987.5999999999767 987.5999999999767 0.0 8000.0 8000.0 8000.0 0.0 128.0 128.0 128.0 0.0 2 2 1.0
298000.0 300000.0 2 1 178.0 10963.0 1585.0 2188626.0 999.4320000000298 66.40099999995437 532.9164999999921 659.752547157319 8000.0 8000.0 8000.0 0.0 128.0 128.0 128.0 0.0 1 1 1.0
300000.0 302000.0 0 0 0.0 0.0 0.0 0.0 0.0 0.0 0.0 0.0 0.0 0.0 0.0 0.0 0.0 0.0 0.0 0.0 0 0 
