ts te nbins ncons c_pkts_all c_bytes_all s_pkts_all s_bytes_all max_bin_duration min_bin_duration avg_bin_duration std_bin_duration max_video_rate min_video_rate avg_video_rate std_video_rate max_audio_rate min_audio_rate avg_audio_rate std_audio_rate video_reqs audio_reqs media_reqs
0.0 2000.0 0 0 0.0 0.0 0.0 0.0 0.0 0.0 0.0 0.0 0.0 0.0 0.0 0.0 0.0 0.0 0.0 0.0 0 0 
2000.0 4000.0 0 0 0.0 0.0 0.0 0.0 0.0 0.0 0.0 0.0 0.0 0.0 0.0 0.0 0.0 0.0 0.0 0.0 0 0 
4000.0 6000.0 1 1 401.35815799819966 30367.402496696755 2041.6157928541825 2640849.6171209957 870.4169921875 870.4169921875 870.4169921875 0.0 4400.0 4400.0 4400.0 0.0 128.0 128.0 128.0 0.0 4 4 1.0
6000.0 8000.0 3 1 596.2128036593622 36874.63253077694 4969.952903269431 5936750.8963726945 999.9959999999846 129.3440078124986 664.995334635411 468.72618748344036 4400.0 4400.0 4400.0 0.0 128.0 128.0 128.0 0.0 5 5 1.0
8000.0 10000.0 3 1 169.4290383424381 9653.964972526308 1444.4313038763864 1708701.4865063094 989.6420000000508 0.0 349.0966679687651 555.4768805980102 4400.0 4400.0 4400.0 0.0 128.0 128.0 128.0 0.0 1 1 0.0
10000.0 12000.0 2 1 198.0 13389.0 1749.0 2085819.0 984.4699999999721 0.0 492.23499999998603 696.1254128747007 8000.0 8000.0 8000.0 0.0 128.0 128.0 128.0 0.0 2 2 2.0
12000.0 14000.0 1 1 187.0 11015.0 1668.0 1989504.0 973.8420000000042 973.8420000000042 973.8420000000042 0.0 8000.0 8000.0 8000.0 0.0 128.0 128.0 128.0 0.0 1 1 1.0
14000.0 16000.0 1 1 189.0 10902.0 1713.0 2043956.0 983.1089999999967 983.1089999999967 983.1089999999967 0.0 8000.0 8000.0 8000.0 0.0 128.0 128.0 128.0 0.0 1 1 1.0
16000.0 18000.0 2 1 221.60209962031524 12850.046915779312 2041.608730885291 2430004.4502574834 989.7719999999972 103.573974609375 546.6729873046861 626.6366332278371 8000.0 8000.0 8000.0 0.0 128.0 128.0 128.0 0.0 2 2 1.0
18000.0 20000.0 2 1 271.01057325561203 15623.160468894537 2544.9686651638312 3024654.2998539284 702.6040039063082 338.2570253906306 520.4305146484694 257.632219213265 8000.0 8000.0 8000.0 0.0 128.0 128.0 128.0 0.0 1 1 1.0
20000.0 22000.0 3 1 193.24620978943355 11490.654203504915 1816.5235218822081 2140005.2287807628 701.289306640625 30.101000000024214 342.83510091146064 337.92185743330856 8000.0 8000.0 8000.0 0.0 128.0 128.0 128.0 0.0 1 1 1.0
22000.0 24000.0 2 1 150.88947228817682 9187.255760899547 1395.6904082587128 1659515.9545083172 702.9672851563082 188.3256933593657 445.64648925783695 363.9065594402571 8000.0 8000.0 8000.0 0.0 128.0 128.0 128.0 0.0 1 1 1.0
24000.0 26000.0 3 1 207.23761713081166 12251.64046717231 1886.9759174216117 2244727.268396486 702.0419921875 69.55200000002515 354.87923567709123 320.74697392473723 8000.0 8000.0 8000.0 0.0 128.0 128.0 128.0 0.0 1 1 1.0
26000.0 28000.0 3 1 197.23492061164973 11835.351496419345 1832.7582566825427 2166663.4955432652 998.1699999999837 297.778007812507 653.3431022135386 350.3194504020377 8000.0 8000.0 8000.0 0.0 128.0 128.0 128.0 0.0 1 1 1.0
28000.0 30000.0 2 1 210.77910730400097 12510.890687330031 1990.4744997058024 2358036.3026597565 670.6510000000126 177.99270117189735 424.32185058595496 348.3620239091888 8000.0 8000.0 8000.0 0.0 128.0 128.0 128.0 0.0 1 1 1.0
30000.0 32000.0 1 1 145.70519330917153 8821.431085239681 1360.698498806618 1618975.0544497028 705.412109375 705.412109375 705.412109375 0.0 8000.0 8000.0 8000.0 0.0 128.0 128.0 128.0 0.0 1 1 1.0
32000.0 34000.0 2 1 229.29480669082847 13968.568914760319 2085.301501193382 2467507.945550297 388.4870000000228 195.08189062500605 291.78444531251444 136.75806435520028 8000.0 8000.0 8000.0 0.0 128.0 128.0 128.0 0.0 1 1 1.0
34000.0 36000.0 1 1 208.0 12372.0 1970.0 2313600.0 377.9340000000084 377.9340000000084 377.9340000000084 0.0 8000.0 8000.0 8000.0 0.0 128.0 128.0 128.0 0.0 1 1 1.0
36000.0 38000.0 1 1 184.0 10889.0 1734.0 2058459.0 352.54100000002654 352.54100000002654 352.54100000002654 0.0 8000.0 8000.0 8000.0 0.0 128.0 128.0 128.0 0.0 1 1 1.0
38000.0 40000.0 1 1 192.0 11593.0 1704.0 2016235.0 436.5229999999865 436.5229999999865 436.5229999999865 0.0 8000.0 8000.0 8000.0 0.0 128.0 128.0 128.0 0.0 1 1 1.0
40000.0 42000.0 1 1 186.0 11378.0 1690.0 2000499.0 372.2050000000163 372.2050000000163 372.2050000000163 0.0 8000.0 8000.0 8000.0 0.0 128.0 128.0 128.0 0.0 1 1 1.0
42000.0 44000.0 1 1 188.0 11464.0 1703.0 2005915.0 550.8499999999767 550.8499999999767 550.8499999999767 0.0 8000.0 8000.0 8000.0 0.0 128.0 128.0 128.0 0.0 1 1 1.0
44000.0 46000.0 1 1 180.0 11067.0 1622.0 1919236.0 468.12099999998463 468.12099999998463 468.12099999998463 0.0 8000.0 8000.0 8000.0 0.0 128.0 128.0 128.0 0.0 1 1 1.0
46000.0 48000.0 1 1 190.0 11101.0 1749.0 2078496.0 708.4579999999842 708.4579999999842 708.4579999999842 0.0 8000.0 8000.0 8000.0 0.0 128.0 128.0 128.0 0.0 1 1 1.0
48000.0 50000.0 1 1 176.0 10684.0 1626.0 1933833.0 496.24300000001676 496.24300000001676 496.24300000001676 0.0 8000.0 8000.0 8000.0 0.0 128.0 128.0 128.0 0.0 1 1 1.0
50000.0 52000.0 1 1 178.0 10585.0 1684.0 1996794.0 452.8069999999716 452.8069999999716 452.8069999999716 0.0 8000.0 8000.0 8000.0 0.0 128.0 128.0 128.0 0.0 1 1 1.0
52000.0 54000.0 1 1 181.0 11017.0 1657.0 1970775.0 350.695000000007 350.695000000007 350.695000000007 0.0 8000.0 8000.0 8000.0 0.0 128.0 128.0 128.0 0.0 1 1 1.0
54000.0 56000.0 1 1 193.0 11253.0 1799.0 2119504.0 992.439000000013 992.439000000013 992.439000000013 0.0 8000.0 8000.0 8000.0 0.0 128.0 128.0 128.0 0.0 1 1 1.0
56000.0 58000.0 1 1 152.0 9269.0 1442.0 1713869.0 482.8649999999907 482.8649999999907 482.8649999999907 0.0 8000.0 8000.0 8000.0 0.0 128.0 128.0 128.0 0.0 1 1 1.0
58000.0 60000.0 1 1 199.0 11824.0 1860.0 2203667.0 977.7129999999888 977.7129999999888 977.7129999999888 0.0 8000.0 8000.0 8000.0 0.0 128.0 128.0 128.0 0.0 1 1 1.0
60000.0 62000.0 1 1 197.0 11961.0 1769.0 2096955.0 973.6589999999851 973.6589999999851 973.6589999999851 0.0 8000.0 8000.0 8000.0 0.0 128.0 128.0 128.0 0.0 1 1 1.0
62000.0 64000.0 1 1 181.0 10669.0 1706.0 2030981.0 991.0489999999991 991.0489999999991 991.0489999999991 0.0 8000.0 8000.0 8000.0 0.0 128.0 128.0 128.0 0.0 1 1 1.0
64000.0 66000.0 2 1 202.9650502036321 12003.084263757235 1840.5304261151493 2234092.5978663606 969.869000000006 182.65087890625 576.259939453128 556.6472716983276 8000.0 8000.0 8000.0 0.0 128.0 128.0 128.0 0.0 1 1 1.0
66000.0 68000.0 2 1 220.9233094703605 13177.554513729025 2061.77527108311 2878860.279637594 705.04296875 697.919121093757 701.4810449218785 5.0373209858693295 8000.0 8000.0 8000.0 0.0 128.0 128.0 128.0 0.0 2 2 1.0
68000.0 70000.0 2 1 150.93581947349168 9227.74895397067 1374.9269555904843 1938015.053752359 703.534912109375 204.00803124997765 453.7714716796763 353.21884484064446 8000.0 8000.0 8000.0 0.0 128.0 128.0 128.0 0.0 1 1 1.0
70000.0 72000.0 3 1 191.7311631868995 11622.493312805016 1787.208365264815 2505053.673299614 998.0499999999884 296.145087890618 647.0750390624938 350.952458219379 8000.0 8000.0 8000.0 0.0 128.0 128.0 128.0 0.0 1 1 1.0
72000.0 74000.0 2 1 150.26637744522375 9079.861900002705 1433.675503956264 1996406.771199633 701.7739257811918 144.81797070312314 423.29594824215746 393.82733265793246 8000.0 8000.0 8000.0 0.0 128.0 128.0 128.0 0.0 1 1 1.0
74000.0 76000.0 2 1 144.64834080287483 8873.677797942175 1369.1984425502642 1849578.9947658028 705.53125 146.24407421873184 425.8876621093659 395.47575462560735 8000.0 8000.0 8000.0 0.0 128.0 128.0 128.0 0.0 1 1 1.0
76000.0 78000.0 2 1 153.70746005301226 9251.181518527515 1444.5439339344953 1989392.4150974394 703.0859375 168.48375000001397 435.784843750007 378.0208320184023 8000.0 8000.0 8000.0 0.0 128.0 128.0 128.0 0.0 1 1 1.0
78000.0 80000.0 2 1 187.8224793645054 11469.39773926566 1777.141101505418 2457197.214381198 482.51699999987613 229.2880625000107 355.9025312499434 179.05989889881926 8000.0 8000.0 8000.0 0.0 128.0 128.0 128.0 0.0 1 1 1.0
80000.0 82000.0 1 1 161.0 9702.0 1546.0 2155565.0 326.52799999993294 326.52799999993294 326.52799999993294 0.0 8000.0 8000.0 8000.0 0.0 128.0 128.0 128.0 0.0 1 1 1.0
82000.0 84000.0 1 1 146.0 9344.0 1304.0 1820673.0 401.97299999999814 401.97299999999814 401.97299999999814 0.0 8000.0 8000.0 8000.0 0.0 128.0 128.0 128.0 0.0 1 1 1.0
84000.0 86000.0 1 1 140.0 9008.0 1272.0 1766648.0 359.820000000007 359.820000000007 359.820000000007 0.0 8000.0 8000.0 8000.0 0.0 128.0 128.0 128.0 0.0 1 1 1.0
86000.0 88000.0 1 1 176.0 10598.0 1609.0 2240468.0 437.8979999999865 437.8979999999865 437.8979999999865 0.0 8000.0 8000.0 8000.0 0.0 128.0 128.0 128.0 0.0 1 1 1.0
88000.0 90000.0 1 1 160.0 10022.0 1445.0 1999842.0 309.8099999999977 309.8099999999977 309.8099999999977 0.0 8000.0 8000.0 8000.0 0.0 128.0 128.0 128.0 0.0 1 1 1.0
90000.0 92000.0 1 1 140.0 9001.0 1261.0 1748218.0 349.18900000001304 349.18900000001304 349.18900000001304 0.0 8000.0 8000.0 8000.0 0.0 128.0 128.0 128.0 0.0 1 1 1.0
92000.0 94000.0 1 1 181.0 11069.0 1622.0 2246068.0 501.5 501.5 501.5 0.0 8000.0 8000.0 8000.0 0.0 128.0 128.0 128.0 0.0 1 1 1.0
94000.0 96000.0 1 1 167.0 9999.0 1560.0 2191348.0 493.4679999999353 493.4679999999353 493.4679999999353 0.0 8000.0 8000.0 8000.0 0.0 128.0 128.0 128.0 0.0 1 1 1.0
96000.0 98000.0 1 1 151.0 9221.0 1451.0 2043146.0 467.5079999999725 467.5079999999725 467.5079999999725 0.0 8000.0 8000.0 8000.0 0.0 128.0 128.0 128.0 0.0 1 1 1.0
98000.0 100000.0 1 1 142.0 8793.0 1328.0 1865692.0 532.7040000000852 532.7040000000852 532.7040000000852 0.0 8000.0 8000.0 8000.0 0.0 128.0 128.0 128.0 0.0 1 1 1.0
100000.0 102000.0 1 1 157.0 9506.0 1499.0 2106917.0 596.4249999999884 596.4249999999884 596.4249999999884 0.0 8000.0 8000.0 8000.0 0.0 128.0 128.0 128.0 0.0 1 1 1.0
102000.0 104000.0 1 1 166.0 10331.0 1521.0 2097667.0 474.0650000000023 474.0650000000023 474.0650000000023 0.0 8000.0 8000.0 8000.0 0.0 128.0 128.0 128.0 0.0 1 1 1.0
104000.0 106000.0 2 1 149.23237107127218 9860.66620287416 1407.0878689870267 1974221.0966956401 959.4920000000275 538.697265625 749.0946328125137 297.54681016417396 8000.0 8000.0 8000.0 0.0 128.0 128.0 128.0 0.0 1 1 1.0
106000.0 108000.0 2 1 145.76762892872782 8245.33379712584 1416.9121310129733 1990449.9033043599 952.9270000000251 461.2447343749809 707.085867187503 347.6718642126341 8000.0 8000.0 8000.0 0.0 128.0 128.0 128.0 0.0 1 1 1.0
108000.0 110000.0 2 1 143.18585550164923 9449.55436813495 1323.9646387541231 1861105.123781447 947.9789999999921 590.8720703125 769.425535156246 252.51273159073327 8000.0 8000.0 8000.0 0.0 128.0 128.0 128.0 0.0 1 1 1.0
110000.0 112000.0 2 1 154.81414449835077 9300.44563186505 1401.0353612458769 1966932.876218553 964.0109999999986 405.6609296874958 684.8359648437472 394.8131209939563 8000.0 8000.0 8000.0 0.0 128.0 128.0 128.0 0.0 1 1 1.0
112000.0 114000.0 2 1 205.32482441003626 12744.221492413464 1920.3540808657333 2700492.241316194 940.2390000000014 453.7529296875 696.9959648437507 343.9975992707653 8000.0 8000.0 8000.0 0.0 128.0 128.0 128.0 0.0 1 1 1.0
114000.0 116000.0 3 1 145.7014201307113 8669.931657722515 1357.6318548111008 1901199.7540976414 821.3940000000293 95.736083984375 487.52371809897403 366.27949374025343 8000.0 8000.0 8000.0 0.0 128.0 128.0 128.0 0.0 2 2 1.0
116000.0 118000.0 2 1 238.61992662180995 14359.661487455423 2181.9803780574475 3067964.303509046 704.62109375 341.980916015571 523.3010048827855 256.4253288067096 8000.0 8000.0 8000.0 0.0 128.0 128.0 128.0 0.0 1 1 1.0
118000.0 120000.0 2 1 145.21367346236408 9332.283345895212 1335.227814672406 1874972.5533361249 703.5009765625 171.43790625000838 437.4694414062542 376.22540503689766 8000.0 8000.0 8000.0 0.0 128.0 128.0 128.0 0.0 1 1 1.0
120000.0 122000.0 2 1 125.94221456022194 7862.837186918892 1170.4409994647722 1647574.5657693006 653.485107421875 116.21902343747206 384.85206542967353 379.9044912869125 0.0 0.0 0.0 0.0 0.0 0.0 0.0 0.0 0 0 1.0
122000.0 124000.0 2 1 169.75585267317618 10674.439170574376 1536.1786805946354 2160900.9184179525 704.365966796875 343.8558925780817 524.1109296874783 254.9191181661743 8000.0 8000.0 8000.0 0.0 128.0 128.0 128.0 0.0 2 2 1.0
124000.0 126000.0 2 1 160.5918995879371 9764.09285026746 1505.996362885143 2120093.6331300517 704.7548828125 213.634033203125 459.1944580078125 347.27488314088765 8000.0 8000.0 8000.0 0.0 128.0 128.0 128.0 0.0 1 1 1.0
126000.0 128000.0 2 1 179.8501885537432 11047.53280875266 1710.1898286487622 2369201.030423689 367.26699999999255 205.8691171875107 286.56805859375163 114.12553740585764 8000.0 8000.0 8000.0 0.0 128.0 128.0 128.0 0.0 1 1 1.0
128000.0 130000.0 1 1 159.0 9608.0 1492.0 2056078.0 682.2800000000279 682.2800000000279 682.2800000000279 0.0 8000.0 8000.0 8000.0 0.0 128.0 128.0 128.0 0.0 1 1 1.0
130000.0 132000.0 1 1 133.0 8631.0 1257.0 1754142.0 324.23399999999674 324.23399999999674 324.23399999999674 0.0 8000.0 8000.0 8000.0 0.0 128.0 128.0 128.0 0.0 1 1 1.0
132000.0 134000.0 1 1 151.0 9563.0 1385.0 1924423.0 370.820000000007 370.820000000007 370.820000000007 0.0 8000.0 8000.0 8000.0 0.0 128.0 128.0 128.0 0.0 1 1 1.0
134000.0 136000.0 1 1 151.0 9512.0 1353.0 1886343.0 446.4459999999963 446.4459999999963 446.4459999999963 0.0 8000.0 8000.0 8000.0 0.0 128.0 128.0 128.0 0.0 1 1 1.0
136000.0 138000.0 1 1 157.0 9850.0 1401.0 1946073.0 389.57500000001164 389.57500000001164 389.57500000001164 0.0 8000.0 8000.0 8000.0 0.0 128.0 128.0 128.0 0.0 1 1 1.0
138000.0 140000.0 1 1 150.0 9471.0 1415.0 1988158.0 383.969000000041 383.969000000041 383.969000000041 0.0 8000.0 8000.0 8000.0 0.0 128.0 128.0 128.0 0.0 1 1 1.0
140000.0 142000.0 1 1 153.0 9326.0 1433.0 2015884.0 458.5140000000247 458.5140000000247 458.5140000000247 0.0 8000.0 8000.0 8000.0 0.0 128.0 128.0 128.0 0.0 1 1 1.0
142000.0 144000.0 1 1 163.0 9819.0 1504.0 2113499.0 588.1680000000051 588.1680000000051 588.1680000000051 0.0 8000.0 8000.0 8000.0 0.0 128.0 128.0 128.0 0.0 1 1 1.0
144000.0 146000.0 1 1 151.0 9517.0 1407.0 1977822.0 466.89399999997113 466.89399999997113 466.89399999997113 0.0 8000.0 8000.0 8000.0 0.0 128.0 128.0 128.0 0.0 1 1 1.0
146000.0 148000.0 1 1 160.0 9957.0 1481.0 2081645.0 602.7390000000014 602.7390000000014 602.7390000000014 0.0 8000.0 8000.0 8000.0 0.0 128.0 128.0 128.0 0.0 1 1 1.0
148000.0 150000.0 1 1 152.0 9564.0 1431.0 1999916.0 477.3759999999893 477.3759999999893 477.3759999999893 0.0 8000.0 8000.0 8000.0 0.0 128.0 128.0 128.0 0.0 1 1 1.0
150000.0 152000.0 1 1 150.0 9183.0 1368.0 1922454.0 483.054999999993 483.054999999993 483.054999999993 0.0 8000.0 8000.0 8000.0 0.0 128.0 128.0 128.0 0.0 1 1 1.0
152000.0 154000.0 2 1 160.48155912713375 10765.88538185299 1477.9012992726114 2078867.3671609354 941.6450000000186 560.761962890625 751.2034814453218 269.32497837897967 8000.0 8000.0 8000.0 0.0 128.0 128.0 128.0 0.0 1 1 1.0
154000.0 156000.0 2 1 182.51844087286625 10311.11461814701 1676.0987007273886 2353901.6328390646 926.2019999999902 405.6360371093615 665.9190185546759 368.09572241486825 8000.0 8000.0 8000.0 0.0 128.0 128.0 128.0 0.0 1 1 1.0
156000.0 158000.0 2 1 144.23853013158742 9865.840924909437 1336.4311807895247 1876280.9760375542 952.8410000000149 523.2060546875 738.0235273437575 303.7977832651908 8000.0 8000.0 8000.0 0.0 128.0 128.0 128.0 0.0 1 1 1.0
158000.0 160000.0 2 1 162.76146986841258 9095.159075090563 1527.5688192104753 2100990.0239624456 898.3180000000284 475.55894531251397 686.9384726562712 298.93579437755596 8000.0 8000.0 8000.0 0.0 128.0 128.0 128.0 0.0 1 1 1.0
160000.0 162000.0 2 1 206.415366415499 12285.373740333678 1980.2335245681331 2773780.876406019 972.604999999865 102.2109375 537.4079687499325 615.4615438981622 8000.0 8000.0 8000.0 0.0 128.0 128.0 128.0 0.0 2 2 1.0
162000.0 164000.0 2 1 231.50412760019697 13664.436601900194 2187.535865206266 3013264.678581654 705.2739257811918 236.0730624999851 470.67349414058845 331.7751121647234 8000.0 8000.0 8000.0 0.0 128.0 128.0 128.0 0.0 1 1 1.0
164000.0 166000.0 2 1 135.03429686179362 8221.726258632732 1247.0988790965835 1735952.3275793 705.554931640625 148.1480742188287 426.85150292972685 394.1461687628352 8000.0 8000.0 8000.0 0.0 128.0 128.0 128.0 0.0 1 1 1.0
166000.0 168000.0 3 1 165.1121463402627 10223.595606394667 1536.479615098716 2144408.012932108 999.9089999999851 294.4090683593531 650.6567226562378 352.801983923378 8000.0 8000.0 8000.0 0.0 128.0 128.0 128.0 0.0 1 1 1.0
168000.0 170000.0 2 1 140.32149672667109 8802.859398983639 1285.768184917424 1800508.8890177147 706.287109375 158.06090039061382 432.1740048828069 387.65446999705284 8000.0 8000.0 8000.0 0.0 128.0 128.0 128.0 0.0 1 1 1.0
170000.0 172000.0 2 1 153.4310965112663 9692.74257716251 1436.4109997811038 2019709.055810826 704.537109375 171.9978906249744 438.2674999999872 376.5620928259293 8000.0 8000.0 8000.0 0.0 128.0 128.0 128.0 0.0 1 1 1.0
172000.0 174000.0 2 1 146.16670071354824 9066.049932330185 1394.5007054713876 1961713.1489708088 703.886962890625 141.0068906249944 422.4469267578097 398.0163160938013 8000.0 8000.0 8000.0 0.0 128.0 128.0 128.0 0.0 1 1 1.0
174000.0 176000.0 2 1 134.05077949678736 8303.44017638341 1292.8519884641203 1799810.0554738985 705.424072265625 122.26303710939828 413.84355468751164 412.35712248273455 8000.0 8000.0 8000.0 0.0 128.0 128.0 128.0 0.0 1 1 1.0
176000.0 178000.0 2 1 186.96398933397467 11341.775707878984 1787.120237396266 2496024.9552276717 395.3869999999879 174.51492773438804 284.95096386718797 156.18014007373083 8000.0 8000.0 8000.0 0.0 128.0 128.0 128.0 0.0 1 1 1.0
178000.0 180000.0 1 1 175.0 10376.0 1703.0 2301310.0 343.98200000001816 343.98200000001816 343.98200000001816 0.0 8000.0 8000.0 8000.0 0.0 128.0 128.0 128.0 0.0 1 1 1.0
180000.0 182000.0 1 1 170.0 10158.0 1592.0 2200469.0 372.3719999999157 372.3719999999157 372.3719999999157 0.0 8000.0 8000.0 8000.0 0.0 128.0 128.0 128.0 0.0 1 1 1.0
182000.0 184000.0 1 1 132.0 8611.0 1175.0 1632218.0 335.2369999999646 335.2369999999646 335.2369999999646 0.0 8000.0 8000.0 8000.0 0.0 128.0 128.0 128.0 0.0 1 1 1.0
184000.0 186000.0 1 1 148.0 9079.0 1429.0 2006883.0 302.9569999999949 302.9569999999949 302.9569999999949 0.0 8000.0 8000.0 8000.0 0.0 128.0 128.0 128.0 0.0 1 1 1.0
186000.0 188000.0 1 1 153.0 9308.0 1369.0 1890935.0 505.99099999992177 505.99099999992177 505.99099999992177 0.0 8000.0 8000.0 8000.0 0.0 128.0 128.0 128.0 0.0 1 1 1.0
188000.0 190000.0 1 1 162.0 9756.0 1513.0 2101420.0 458.2039999999688 458.2039999999688 458.2039999999688 0.0 8000.0 8000.0 8000.0 0.0 128.0 128.0 128.0 0.0 1 1 1.0
190000.0 192000.0 1 1 152.0 9273.0 1413.0 1987190.0 485.34499999997206 485.34499999997206 485.34499999997206 0.0 8000.0 8000.0 8000.0 0.0 128.0 128.0 128.0 0.0 1 1 1.0
192000.0 194000.0 1 1 154.0 9793.0 1435.0 2018576.0 538.4599999999627 538.4599999999627 538.4599999999627 0.0 8000.0 8000.0 8000.0 0.0 128.0 128.0 128.0 0.0 1 1 1.0
194000.0 196000.0 1 1 157.0 9816.0 1435.0 2016019.0 482.34799999999814 482.34799999999814 482.34799999999814 0.0 8000.0 8000.0 8000.0 0.0 128.0 128.0 128.0 0.0 1 1 1.0
196000.0 198000.0 1 1 169.0 10099.0 1536.0 2157946.0 542.4520000000484 542.4520000000484 542.4520000000484 0.0 8000.0 8000.0 8000.0 0.0 128.0 128.0 128.0 0.0 1 1 1.0
198000.0 200000.0 1 1 156.0 9466.0 1481.0 2069586.0 961.8260000000009 961.8260000000009 961.8260000000009 0.0 8000.0 8000.0 8000.0 0.0 128.0 128.0 128.0 0.0 1 1 1.0
200000.0 202000.0 2 1 153.74917009133705 10140.920592091625 1458.9152834855618 2020580.2682180516 951.2389999999432 555.406982421875 753.3229912109091 279.8955038402047 8000.0 8000.0 8000.0 0.0 128.0 128.0 128.0 0.0 1 1 1.0
202000.0 204000.0 2 1 146.25082990866295 8207.079407908375 1405.0847165144382 1974115.7317819484 913.579000000027 397.1710175781045 655.3750087890658 365.15558622940483 8000.0 8000.0 8000.0 0.0 128.0 128.0 128.0 0.0 1 1 1.0
204000.0 206000.0 2 1 148.4843703748794 9810.334159375594 1418.1015185613544 1992269.5060635752 944.7249999999767 534.583984375 739.6544921874884 290.01349339115876 8000.0 8000.0 8000.0 0.0 128.0 128.0 128.0 0.0 1 1 1.0
206000.0 208000.0 2 1 147.5156296251206 8726.665840624406 1371.8984814386456 1927937.4939364248 906.1280000000261 465.39001562504563 685.7590078125359 311.6488174780393 8000.0 8000.0 8000.0 0.0 128.0 128.0 128.0 0.0 1 1 1.0
208000.0 210000.0 1 1 138.0 8859.0 1259.0 1769146.0 979.2020000000484 979.2020000000484 979.2020000000484 0.0 8000.0 8000.0 8000.0 0.0 128.0 128.0 128.0 0.0 1 1 1.0
210000.0 212000.0 2 1 151.7780293928078 10067.273284689758 1346.9633823213464 1872897.7062421914 952.1439999999711 582.4130859375 767.2785429687356 261.439236547874 8000.0 8000.0 8000.0 0.0 128.0 128.0 128.0 0.0 1 1 1.0
212000.0 214000.0 3 1 213.89749602496437 11920.489466423081 2045.1118819647004 2875710.363038038 925.3869999999879 94.556884765625 473.40459960935794 420.21563722405523 8000.0 8000.0 8000.0 0.0 128.0 128.0 128.0 0.0 2 2 1.0
214000.0 216000.0 2 1 211.94196608666874 12570.704118859463 2022.1436590159472 2846561.17696495 702.52294921875 164.8981152343331 433.71053222654155 380.158165844673 8000.0 8000.0 8000.0 0.0 128.0 128.0 128.0 0.0 1 1 1.0
216000.0 218000.0 2 1 155.36951714910475 9629.74706927578 1411.140449499991 1986136.9639214436 703.8720703125 245.9880507813068 474.9300605469034 323.7728952074603 8000.0 8000.0 8000.0 0.0 128.0 128.0 128.0 0.0 1 1 1.0
218000.0 220000.0 3 1 169.52041482958805 10683.562680419704 1523.6649285657577 2139961.7929090667 996.5709999999963 294.89492968749255 650.8837441406213 350.951447488673 8000.0 8000.0 8000.0 0.0 128.0 128.0 128.0 0.0 1 1 1.0
220000.0 222000.0 2 1 144.62033727001705 8771.745395340356 1307.8298747951187 1847391.7300577578 704.318115234375 237.0776972656604 470.6979062500177 330.3888679901149 8000.0 8000.0 8000.0 0.0 128.0 128.0 128.0 0.0 1 1 1.0
222000.0 224000.0 3 1 209.87223924684918 12644.477984991856 1939.1458238371383 2686341.2668665526 999.4109999999637 295.66588476567995 571.95296158855 375.43813275256485 8000.0 8000.0 8000.0 0.0 128.0 128.0 128.0 0.0 1 1 1.0
224000.0 226000.0 1 1 161.0 9707.0 1452.0 2017466.0 589.0470000000205 589.0470000000205 589.0470000000205 0.0 8000.0 8000.0 8000.0 0.0 128.0 128.0 128.0 0.0 1 1 1.0
226000.0 228000.0 1 1 151.0 9206.0 1439.0 1982784.0 313.43900000001304 313.43900000001304 313.43900000001304 0.0 8000.0 8000.0 8000.0 0.0 128.0 128.0 128.0 0.0 1 1 1.0
228000.0 230000.0 1 1 160.0 9810.0 1475.0 2049823.0 487.3149999999441 487.3149999999441 487.3149999999441 0.0 8000.0 8000.0 8000.0 0.0 128.0 128.0 128.0 0.0 1 1 1.0
230000.0 232000.0 1 1 149.0 9443.0 1318.0 1798008.0 383.90399999998044 383.90399999998044 383.90399999998044 0.0 8000.0 8000.0 8000.0 0.0 128.0 128.0 128.0 0.0 1 1 1.0
232000.0 234000.0 1 1 165.0 10282.0 1480.0 2058560.0 437.8610000000335 437.8610000000335 437.8610000000335 0.0 8000.0 8000.0 8000.0 0.0 128.0 128.0 128.0 0.0 1 1 1.0
234000.0 236000.0 1 1 155.0 9763.0 1397.0 1920878.0 489.6350000000093 489.6350000000093 489.6350000000093 0.0 8000.0 8000.0 8000.0 0.0 128.0 128.0 128.0 0.0 1 1 1.0
236000.0 238000.0 1 1 158.0 9554.0 1504.0 2114438.0 540.4220000000205 540.4220000000205 540.4220000000205 0.0 8000.0 8000.0 8000.0 0.0 128.0 128.0 128.0 0.0 1 1 1.0
238000.0 240000.0 1 1 158.0 9569.0 1455.0 2042809.0 477.84699999995064 477.84699999995064 477.84699999995064 0.0 8000.0 8000.0 8000.0 0.0 128.0 128.0 128.0 0.0 1 1 1.0
240000.0 242000.0 1 1 149.0 9126.0 1430.0 2009237.0 722.390000000014 722.390000000014 722.390000000014 0.0 8000.0 8000.0 8000.0 0.0 128.0 128.0 128.0 0.0 1 1 1.0
242000.0 244000.0 1 1 147.0 9255.0 1371.0 1927504.0 494.1130000000121 494.1130000000121 494.1130000000121 0.0 8000.0 8000.0 8000.0 0.0 128.0 128.0 128.0 0.0 1 1 1.0
244000.0 246000.0 1 1 148.0 9072.0 1407.0 1945180.0 952.1149999999907 952.1149999999907 952.1149999999907 0.0 8000.0 8000.0 8000.0 0.0 128.0 128.0 128.0 0.0 1 1 1.0
246000.0 248000.0 1 1 157.0 9511.0 1505.0 2116706.0 464.0999999999767 464.0999999999767 464.0999999999767 0.0 8000.0 8000.0 8000.0 0.0 128.0 128.0 128.0 0.0 1 1 1.0
248000.0 250000.0 1 1 147.0 9024.0 1376.0 1935599.0 958.2719999999972 958.2719999999972 958.2719999999972 0.0 8000.0 8000.0 8000.0 0.0 128.0 128.0 128.0 0.0 1 1 1.0
250000.0 252000.0 1 1 157.0 9892.0 1425.0 2001668.0 975.2770000000019 975.2770000000019 975.2770000000019 0.0 8000.0 8000.0 8000.0 0.0 128.0 128.0 128.0 0.0 1 1 1.0
252000.0 254000.0 2 1 151.97474462835865 10297.446687011863 1387.9747446283586 1947512.3792297433 959.8310000000056 551.282958984375 755.5569794921903 288.88709024263215 8000.0 8000.0 8000.0 0.0 128.0 128.0 128.0 0.0 1 1 1.0
254000.0 256000.0 2 1 158.02525537164135 9112.553312988137 1405.0252553716414 1951767.6207702567 920.0080000000307 446.06404101557564 683.0360205078032 335.12898730030713 8000.0 8000.0 8000.0 0.0 128.0 128.0 128.0 0.0 1 1 1.0
256000.0 258000.0 1 1 157.0 9512.0 1497.0 2107030.0 983.7979999999516 983.7979999999516 983.7979999999516 0.0 8000.0 8000.0 8000.0 0.0 128.0 128.0 128.0 0.0 1 1 1.0
258000.0 260000.0 2 1 245.6669942841474 14687.556062418105 2333.0734015789217 3275342.621401039 951.640000000014 586.320068359375 768.9800341796945 258.3202009657018 8000.0 8000.0 8000.0 0.0 128.0 128.0 128.0 0.0 2 2 1.0
260000.0 262000.0 2 1 179.13377788139104 10631.986072517124 1710.6149700667222 2402187.619463527 703.048095703125 245.08293164067436 474.0655136718997 323.8302730557686 8000.0 8000.0 8000.0 0.0 128.0 128.0 128.0 0.0 1 1 1.0
262000.0 264000.0 2 1 124.28551387858352 7833.446366121517 1145.7385570767483 1608877.3263610485 702.284912109375 140.81190429686103 421.548408203118 397.021371277436 8000.0 8000.0 8000.0 0.0 128.0 128.0 128.0 0.0 1 1 1.0
264000.0 266000.0 2 1 165.51512726588382 9866.280478761919 1566.6211419740953 2204032.2988196546 704.81005859375 201.91708789067343 453.3635732422117 355.59902979519325 8000.0 8000.0 8000.0 0.0 128.0 128.0 128.0 0.0 1 1 1.0
266000.0 268000.0 2 1 173.48596677466003 10478.549772058148 1669.6905738054165 2347528.0523775974 704.446044921875 242.7809414062649 473.61349316406995 326.4465253330773 8000.0 8000.0 8000.0 0.0 128.0 128.0 128.0 0.0 1 1 1.0
268000.0 270000.0 2 1 162.91261991533418 10128.181248123186 1535.2613554980958 2117181.081577133 345.5230000000447 144.77295507816598 245.14797753910534 141.95171808776448 8000.0 8000.0 8000.0 0.0 128.0 128.0 128.0 0.0 1 1 1.0
270000.0 272000.0 1 1 105.89981090809243 6508.8761330245925 969.6676563421253 1362582.6098655944 704.22509765625 704.22509765625 704.22509765625 0.0 8000.0 8000.0 8000.0 0.0 128.0 128.0 128.0 0.0 1 1 1.0
272000.0 274000.0 2 1 202.10018909190757 12227.123866975408 1922.3323436578746 2663024.3901344053 362.9529999999795 273.31290234369226 318.1329511718359 63.38512091898506 8000.0 8000.0 8000.0 0.0 128.0 128.0 128.0 0.0 1 1 1.0
274000.0 276000.0 1 1 171.0 10608.0 1548.0 2153409.0 433.71200000005774 433.71200000005774 433.71200000005774 0.0 8000.0 8000.0 8000.0 0.0 128.0 128.0 128.0 0.0 1 1 1.0
276000.0 278000.0 1 1 166.0 10351.0 1438.0 1982585.0 464.0450000000419 464.0450000000419 464.0450000000419 0.0 8000.0 8000.0 8000.0 0.0 128.0 128.0 128.0 0.0 1 1 1.0
278000.0 280000.0 1 1 157.0 9848.0 1357.0 1848414.0 416.54200000001583 416.54200000001583 416.54200000001583 0.0 8000.0 8000.0 8000.0 0.0 128.0 128.0 128.0 0.0 1 1 1.0
280000.0 282000.0 1 1 158.0 9566.0 1436.0 2019954.0 469.01899999997113 469.01899999997113 469.01899999997113 0.0 8000.0 8000.0 8000.0 0.0 128.0 128.0 128.0 0.0 1 1 1.0
282000.0 284000.0 1 1 145.0 8935.0 1378.0 1937204.0 348.03899999998976 348.03899999998976 348.03899999998976 0.0 8000.0 8000.0 8000.0 0.0 128.0 128.0 128.0 0.0 1 1 1.0
284000.0 286000.0 1 1 158.0 9569.0 1427.0 2005437.0 513.6300000000047 513.6300000000047 513.6300000000047 0.0 8000.0 8000.0 8000.0 0.0 128.0 128.0 128.0 0.0 1 1 1.0
286000.0 288000.0 1 1 151.0 9228.0 1400.0 1968653.0 456.23400000005495 456.23400000005495 456.23400000005495 0.0 8000.0 8000.0 8000.0 0.0 128.0 128.0 128.0 0.0 1 1 1.0
288000.0 290000.0 1 1 154.0 9598.0 1389.0 1953973.0 468.4470000000438 468.4470000000438 468.4470000000438 0.0 8000.0 8000.0 8000.0 0.0 128.0 128.0 128.0 0.0 1 1 1.0
290000.0 292000.0 1 1 155.0 9414.0 1504.0 2113397.0 464.8839999999618 464.8839999999618 464.8839999999618 0.0 8000.0 8000.0 8000.0 0.0 128.0 128.0 128.0 0.0 1 1 1.0
292000.0 294000.0 1 1 151.0 9513.0 1432.0 2011954.0 465.65300000004936 465.65300000004936 465.65300000004936 0.0 8000.0 8000.0 8000.0 0.0 128.0 128.0 128.0 0.0 1 1 1.0
294000.0 296000.0 1 1 170.0 10563.0 1524.0 2098881.0 957.5130000000354 957.5130000000354 957.5130000000354 0.0 8000.0 8000.0 8000.0 0.0 128.0 128.0 128.0 0.0 1 1 1.0
296000.0 298000.0 1 1 144.0 9155.0 1348.0 1893846.0 961.7020000000484 961.7020000000484 961.7020000000484 0.0 8000.0 8000.0 8000.0 0.0 128.0 128.0 128.0 0.0 1 1 1.0
298000.0 300000.0 1 1 148.0 9081.0 1414.0 1985732.0 960.719000000041 960.719000000041 960.719000000041 0.0 8000.0 8000.0 8000.0 0.0 128.0 128.0 128.0 0.0 1 1 1.0
300000.0 302000.0 0 0 0.0 0.0 0.0 0.0 0.0 0.0 0.0 0.0 0.0 0.0 0.0 0.0 0.0 0.0 0.0 0.0 0 0 
