ts te nbins ncons c_pkts_all c_bytes_all s_pkts_all s_bytes_all max_bin_duration min_bin_duration avg_bin_duration std_bin_duration max_video_rate min_video_rate avg_video_rate std_video_rate max_audio_rate min_audio_rate avg_audio_rate std_audio_rate video_reqs audio_reqs media_reqs
0.0 2000.0 0 0 0.0 0.0 0.0 0.0 0.0 0.0 0.0 0.0 0.0 0.0 0.0 0.0 0.0 0.0 0.0 0.0 0 0 
2000.0 4000.0 0 0 0.0 0.0 0.0 0.0 0.0 0.0 0.0 0.0 0.0 0.0 0.0 0.0 0.0 0.0 0.0 0.0 0 0 
4000.0 6000.0 0 0 0.0 0.0 0.0 0.0 0.0 0.0 0.0 0.0 0.0 0.0 0.0 0.0 0.0 0.0 0.0 0.0 0 0 
6000.0 8000.0 1 1 0.3547653853117568 140.27840706268407 0.3130282811574325 214.98782349892463 19.514892578125 19.514892578125 19.514892578125 0.0 0.0 0.0 0.0 0.0 0.0 0.0 0.0 0.0 0 0 1.0
8000.0 10000.0 2 1 148.64523461468823 10907.721592937316 925.6869717188425 1134502.012176501 915.6191074218768 606.4799999999996 761.0495537109382 218.59435918796598 4400.0 4400.0 4400.0 0.0 128.0 128.0 128.0 0.0 2 2 0.0
10000.0 12000.0 1 1 193.0 9536.0 1654.0 1998663.0 997.1900000000023 997.1900000000023 997.1900000000023 0.0 4400.0 1500.0 2660.0 1588.3954167649817 128.0 128.0 128.0 0.0 5 4 1.0
12000.0 14000.0 2 1 165.0 8902.0 1350.0 1627335.0 996.6800000000003 849.557000000008 923.1185000000041 104.031670968503 4400.0 1500.0 2080.0 1296.919426949878 128.0 128.0 128.0 0.0 5 5 1.0
14000.0 16000.0 2 1 235.59682071160833 8732.540663653896 2190.3505957581046 2692269.752034027 917.0350000000035 238.78491210936772 577.9099560546856 479.5952364878404 8000.0 8000.0 8000.0 0.0 128.0 128.0 128.0 0.0 2 1 1.0
16000.0 18000.0 3 1 212.4779963449622 7956.227567439215 1938.8896683422697 2388242.5587461414 999.9510000000009 44.61908789062727 387.6884016927094 531.5200220976299 8000.0 8000.0 8000.0 0.0 128.0 128.0 128.0 0.0 1 1 1.0
18000.0 20000.0 2 1 177.92518294342943 6633.23176890689 1645.7597358996256 2022305.6892198317 873.7258828124977 853.6789999999892 863.7024414062435 14.175286778376849 8000.0 8000.0 8000.0 0.0 128.0 128.0 128.0 0.0 1 1 1.0
20000.0 22000.0 1 1 176.0 6574.0 1645.0 2002972.0 499.4300000000003 499.4300000000003 499.4300000000003 0.0 8000.0 8000.0 8000.0 0.0 128.0 128.0 128.0 0.0 1 1 1.0
22000.0 24000.0 1 1 173.0 6490.0 1619.0 1968738.0 552.9130000000005 552.9130000000005 552.9130000000005 0.0 8000.0 8000.0 8000.0 0.0 128.0 128.0 128.0 0.0 1 1 1.0
24000.0 26000.0 1 1 3.0 139.0 6.0 2312.0 93.31099999999424 93.31099999999424 93.31099999999424 0.0 0.0 0.0 0.0 0.0 0.0 0.0 0.0 0.0 0 0 1.0
26000.0 28000.0 1 1 340.0 12715.0 3221.0 3967008.0 808.1330000000016 808.1330000000016 808.1330000000016 0.0 8000.0 8000.0 8000.0 0.0 128.0 128.0 128.0 0.0 2 2 1.0
28000.0 30000.0 1 1 181.0 7051.0 1673.0 2062305.0 492.762999999999 492.762999999999 492.762999999999 0.0 8000.0 8000.0 8000.0 0.0 128.0 128.0 128.0 0.0 1 1 1.0
30000.0 32000.0 1 1 177.0 6958.0 1633.0 1986300.0 648.224000000002 648.224000000002 648.224000000002 0.0 8000.0 8000.0 8000.0 0.0 128.0 128.0 128.0 0.0 1 1 1.0
32000.0 34000.0 1 1 179.0 7033.0 1655.0 2037554.0 604.5809999999983 604.5809999999983 604.5809999999983 0.0 8000.0 8000.0 8000.0 0.0 128.0 128.0 128.0 0.0 1 1 1.0
34000.0 36000.0 1 1 183.0 7173.0 1737.0 2157066.0 419.1560000000027 419.1560000000027 419.1560000000027 0.0 8000.0 8000.0 8000.0 0.0 128.0 128.0 128.0 0.0 1 1 1.0
36000.0 38000.0 1 1 166.0 6567.0 1530.0 1847450.0 565.6719999999987 565.6719999999987 565.6719999999987 0.0 8000.0 8000.0 8000.0 0.0 128.0 128.0 128.0 0.0 1 1 1.0
38000.0 40000.0 1 1 175.0 6893.0 1620.0 1962221.0 682.6880000000019 682.6880000000019 682.6880000000019 0.0 8000.0 8000.0 8000.0 0.0 128.0 128.0 128.0 0.0 1 1 1.0
40000.0 42000.0 1 1 178.0 6986.0 1590.0 1954272.0 852.2589999999909 852.2589999999909 852.2589999999909 0.0 8000.0 8000.0 8000.0 0.0 128.0 128.0 128.0 0.0 1 1 1.0
42000.0 44000.0 1 1 186.0 7338.0 1686.0 2034500.0 822.8160000000062 822.8160000000062 822.8160000000062 0.0 8000.0 8000.0 8000.0 0.0 128.0 128.0 128.0 0.0 1 1 1.0
44000.0 46000.0 2 1 222.56030976318868 9299.247925627105 2013.0142029592985 2453885.905083713 999.8950000000041 118.0009765625 558.947988281252 623.5932442605472 8000.0 8000.0 8000.0 0.0 128.0 128.0 128.0 0.0 2 2 1.0
46000.0 48000.0 2 1 139.43969023681132 4958.752074372894 1302.9857970407015 1614863.0949162869 873.801023437496 99.63300000000163 486.71701171874884 547.4194591504383 0.0 0.0 0.0 0.0 0.0 0.0 0.0 0.0 0 0 1.0
48000.0 50000.0 1 1 172.0 6800.0 1571.0 1944502.0 638.523000000001 638.523000000001 638.523000000001 0.0 8000.0 8000.0 8000.0 0.0 128.0 128.0 128.0 0.0 1 1 1.0
50000.0 52000.0 1 1 346.0 13669.0 3273.0 4025821.0 923.6490000000049 923.6490000000049 923.6490000000049 0.0 8000.0 8000.0 8000.0 0.0 128.0 128.0 128.0 0.0 2 2 1.0
52000.0 54000.0 1 1 173.0 6849.0 1612.0 1938970.0 547.875 547.875 547.875 0.0 8000.0 8000.0 8000.0 0.0 128.0 128.0 128.0 0.0 1 1 1.0
54000.0 56000.0 1 1 177.0 7002.0 1608.0 1941099.0 642.8289999999979 642.8289999999979 642.8289999999979 0.0 8000.0 8000.0 8000.0 0.0 128.0 128.0 128.0 0.0 1 1 1.0
56000.0 58000.0 1 1 186.0 7308.0 1719.0 2120451.0 545.6410000000033 545.6410000000033 545.6410000000033 0.0 8000.0 8000.0 8000.0 0.0 128.0 128.0 128.0 0.0 1 1 1.0
58000.0 60000.0 1 1 175.0 6923.0 1581.0 1943008.0 603.4600000000064 603.4600000000064 603.4600000000064 0.0 8000.0 8000.0 8000.0 0.0 128.0 128.0 128.0 0.0 1 1 1.0
60000.0 62000.0 1 1 172.0 6814.0 1567.0 1939161.0 653.7020000000048 653.7020000000048 653.7020000000048 0.0 8000.0 8000.0 8000.0 0.0 128.0 128.0 128.0 0.0 1 1 1.0
62000.0 64000.0 1 1 187.0 7353.0 1743.0 2143170.0 663.273000000001 663.273000000001 663.273000000001 0.0 8000.0 8000.0 8000.0 0.0 128.0 128.0 128.0 0.0 1 1 1.0
64000.0 66000.0 1 1 173.0 6847.0 1621.0 2001042.0 467.04899999999907 467.04899999999907 467.04899999999907 0.0 8000.0 8000.0 8000.0 0.0 128.0 128.0 128.0 0.0 1 1 1.0
66000.0 68000.0 1 1 191.0 7484.0 1680.0 2020425.0 946.1440000000002 946.1440000000002 946.1440000000002 0.0 8000.0 8000.0 8000.0 0.0 128.0 128.0 128.0 0.0 1 1 1.0
68000.0 70000.0 1 1 170.0 6749.0 1543.0 1909228.0 631.3899999999994 631.3899999999994 631.3899999999994 0.0 8000.0 8000.0 8000.0 0.0 128.0 128.0 128.0 0.0 1 1 1.0
70000.0 72000.0 1 1 192.0 7533.0 1722.0 2117719.0 778.1560000000027 778.1560000000027 778.1560000000027 0.0 8000.0 8000.0 8000.0 0.0 128.0 128.0 128.0 0.0 1 1 1.0
72000.0 74000.0 1 1 171.0 6782.0 1573.0 1933519.0 747.5460000000021 747.5460000000021 747.5460000000021 0.0 8000.0 8000.0 8000.0 0.0 128.0 128.0 128.0 0.0 1 1 1.0
74000.0 76000.0 1 1 163.0 6484.0 1458.0 1806411.0 652.8380000000034 652.8380000000034 652.8380000000034 0.0 8000.0 8000.0 8000.0 0.0 128.0 128.0 128.0 0.0 1 1 1.0
76000.0 78000.0 1 1 3.0 144.0 9.0 2415.0 112.17600000000675 112.17600000000675 112.17600000000675 0.0 0.0 0.0 0.0 0.0 0.0 0.0 0.0 0.0 0 0 1.0
78000.0 80000.0 1 1 347.0 13732.0 3303.0 4113385.0 817.1849999999977 817.1849999999977 817.1849999999977 0.0 8000.0 8000.0 8000.0 0.0 128.0 128.0 128.0 0.0 2 2 1.0
80000.0 82000.0 1 1 172.0 6820.0 1624.0 2017326.0 453.89400000000023 453.89400000000023 453.89400000000023 0.0 8000.0 8000.0 8000.0 0.0 128.0 128.0 128.0 0.0 1 1 1.0
82000.0 84000.0 1 1 166.0 6697.0 1500.0 1861033.0 624.2319999999891 624.2319999999891 624.2319999999891 0.0 8000.0 8000.0 8000.0 0.0 128.0 128.0 128.0 0.0 1 1 1.0
84000.0 86000.0 1 1 184.0 7237.0 1731.0 2149710.0 468.95100000000093 468.95100000000093 468.95100000000093 0.0 8000.0 8000.0 8000.0 0.0 128.0 128.0 128.0 0.0 1 1 1.0
86000.0 88000.0 1 1 178.0 7069.0 1645.0 2040371.0 476.6689999999944 476.6689999999944 476.6689999999944 0.0 8000.0 8000.0 8000.0 0.0 128.0 128.0 128.0 0.0 1 1 1.0
88000.0 90000.0 1 1 171.0 6788.0 1602.0 1985952.0 462.3880000000063 462.3880000000063 462.3880000000063 0.0 8000.0 8000.0 8000.0 0.0 128.0 128.0 128.0 0.0 1 1 1.0
90000.0 92000.0 1 1 173.0 6920.0 1566.0 1943838.0 677.0690000000031 677.0690000000031 677.0690000000031 0.0 8000.0 8000.0 8000.0 0.0 128.0 128.0 128.0 0.0 1 1 1.0
92000.0 94000.0 1 1 170.0 6749.0 1604.0 1988864.0 479.2020000000193 479.2020000000193 479.2020000000193 0.0 8000.0 8000.0 8000.0 0.0 128.0 128.0 128.0 0.0 1 1 1.0
94000.0 96000.0 2 1 329.7491922083299 13099.095295297222 3071.117325979134 3773910.7846643873 999.9110000000073 124.76708984376455 562.3390449218859 618.82019338559 8000.0 8000.0 8000.0 0.0 128.0 128.0 128.0 0.0 2 2 1.0
96000.0 98000.0 2 1 206.25080779167013 8026.904704702779 1914.882674020866 2319632.2153356127 873.662910156243 724.0350000000035 798.8489550781233 105.80290992624845 8000.0 8000.0 8000.0 0.0 128.0 128.0 128.0 0.0 1 1 1.0
98000.0 100000.0 1 1 3.0 169.0 6.0 2335.0 110.42499999998836 110.42499999998836 110.42499999998836 0.0 0.0 0.0 0.0 0.0 0.0 0.0 0.0 0.0 0 0 1.0
100000.0 102000.0 1 1 168.0 6679.0 1565.0 1942543.0 504.2130000000179 504.2130000000179 504.2130000000179 0.0 8000.0 8000.0 8000.0 0.0 128.0 128.0 128.0 0.0 1 1 1.0
102000.0 104000.0 1 1 169.0 6682.0 1573.0 1951415.0 495.0219999999972 495.0219999999972 495.0219999999972 0.0 8000.0 8000.0 8000.0 0.0 128.0 128.0 128.0 0.0 1 1 1.0
104000.0 106000.0 1 1 176.0 6941.0 1652.0 2048718.0 465.73099999999977 465.73099999999977 465.73099999999977 0.0 8000.0 8000.0 8000.0 0.0 128.0 128.0 128.0 0.0 1 1 1.0
106000.0 108000.0 1 1 170.0 6710.0 1612.0 1998641.0 444.8920000000071 444.8920000000071 444.8920000000071 0.0 8000.0 8000.0 8000.0 0.0 128.0 128.0 128.0 0.0 1 1 1.0
108000.0 110000.0 1 1 171.0 6774.0 1605.0 1986691.0 498.19100000000617 498.19100000000617 498.19100000000617 0.0 8000.0 8000.0 8000.0 0.0 128.0 128.0 128.0 0.0 1 1 1.0
110000.0 112000.0 1 1 184.0 7306.0 1646.0 2041913.0 648.3830000000016 648.3830000000016 648.3830000000016 0.0 8000.0 8000.0 8000.0 0.0 128.0 128.0 128.0 0.0 1 1 1.0
112000.0 114000.0 1 1 356.0 13973.0 3248.0 4024743.0 985.5670000000391 985.5670000000391 985.5670000000391 0.0 8000.0 8000.0 8000.0 0.0 128.0 128.0 128.0 0.0 2 2 1.0
114000.0 116000.0 1 1 173.0 6910.0 1581.0 1929811.0 627.7930000000051 627.7930000000051 627.7930000000051 0.0 8000.0 8000.0 8000.0 0.0 128.0 128.0 128.0 0.0 1 1 1.0
116000.0 118000.0 1 1 184.0 7225.0 1684.0 2070379.0 652.5109999999986 652.5109999999986 652.5109999999986 0.0 8000.0 8000.0 8000.0 0.0 128.0 128.0 128.0 0.0 1 1 1.0
118000.0 120000.0 1 1 176.0 6930.0 1640.0 2014356.0 512.2129999999888 512.2129999999888 512.2129999999888 0.0 8000.0 8000.0 8000.0 0.0 128.0 128.0 128.0 0.0 1 1 1.0
120000.0 122000.0 1 1 3.0 145.0 7.0 2360.0 103.89000000001397 103.89000000001397 103.89000000001397 0.0 0.0 0.0 0.0 0.0 0.0 0.0 0.0 0.0 0 0 1.0
122000.0 124000.0 2 1 13.408112209212478 568.1694630646479 105.54888226921004 124877.76468702637 107.04899999999907 30.729248046875 68.88912402343703 53.96621414452928 8000.0 8000.0 8000.0 0.0 0.0 0.0 0.0 0.0 1 0 1.0
124000.0 126000.0 2 1 490.5918877907875 19393.830536935355 4656.45111773079 5786950.235312974 952.4307519531285 367.31099999998696 659.8708759765577 413.742144412257 8000.0 8000.0 8000.0 0.0 128.0 128.0 128.0 0.0 2 3 1.0
126000.0 128000.0 1 1 3.0 145.0 7.0 2360.0 101.9659999999858 101.9659999999858 101.9659999999858 0.0 0.0 0.0 0.0 0.0 0.0 0.0 0.0 0.0 0 0 1.0
128000.0 130000.0 2 1 321.8980522658585 12769.33583054274 2984.471599200833 3667354.6980930013 999.9189999999944 125.665283203125 562.7921416015597 618.1907316246098 8000.0 8000.0 8000.0 0.0 128.0 128.0 128.0 0.0 2 2 1.0
130000.0 132000.0 2 1 200.10194773414153 7771.664169457261 1888.528400799167 2340309.3019069987 873.7117167968827 544.2429999999877 708.9773583984352 232.96956383591464 8000.0 8000.0 8000.0 0.0 128.0 128.0 128.0 0.0 1 1 1.0
132000.0 134000.0 1 1 173.0 6830.0 1623.0 1963772.0 571.4670000000042 571.4670000000042 571.4670000000042 0.0 8000.0 8000.0 8000.0 0.0 128.0 128.0 128.0 0.0 1 1 1.0
134000.0 136000.0 1 1 176.0 6939.0 1648.0 2042887.0 479.1600000000035 479.1600000000035 479.1600000000035 0.0 8000.0 8000.0 8000.0 0.0 128.0 128.0 128.0 0.0 1 1 1.0
136000.0 138000.0 1 1 173.0 6865.0 1625.0 2010473.0 481.4679999999935 481.4679999999935 481.4679999999935 0.0 8000.0 8000.0 8000.0 0.0 128.0 128.0 128.0 0.0 1 1 1.0
138000.0 140000.0 1 1 177.0 6992.0 1618.0 2003257.0 459.1689999999944 459.1689999999944 459.1689999999944 0.0 8000.0 8000.0 8000.0 0.0 128.0 128.0 128.0 0.0 1 1 1.0
140000.0 142000.0 1 1 169.0 6703.0 1549.0 1916049.0 571.3669999999984 571.3669999999984 571.3669999999984 0.0 8000.0 8000.0 8000.0 0.0 128.0 128.0 128.0 0.0 1 1 1.0
142000.0 144000.0 1 1 180.0 7103.0 1690.0 2097565.0 451.18799999999464 451.18799999999464 451.18799999999464 0.0 8000.0 8000.0 8000.0 0.0 128.0 128.0 128.0 0.0 1 1 1.0
144000.0 146000.0 1 1 170.0 6765.0 1584.0 1964704.0 461.0540000000037 461.0540000000037 461.0540000000037 0.0 8000.0 8000.0 8000.0 0.0 128.0 128.0 128.0 0.0 1 1 1.0
146000.0 148000.0 1 1 170.0 6730.0 1562.0 1936243.0 570.4720000000088 570.4720000000088 570.4720000000088 0.0 8000.0 8000.0 8000.0 0.0 128.0 128.0 128.0 0.0 1 1 1.0
148000.0 150000.0 1 1 177.0 7001.0 1662.0 2058979.0 490.6490000000049 490.6490000000049 490.6490000000049 0.0 8000.0 8000.0 8000.0 0.0 128.0 128.0 128.0 0.0 1 1 1.0
150000.0 152000.0 1 1 169.0 6686.0 1552.0 1925141.0 464.38300000000163 464.38300000000163 464.38300000000163 0.0 8000.0 8000.0 8000.0 0.0 128.0 128.0 128.0 0.0 1 1 1.0
152000.0 154000.0 1 1 174.0 6876.0 1643.0 2033299.0 465.2840000000142 465.2840000000142 465.2840000000142 0.0 8000.0 8000.0 8000.0 0.0 128.0 128.0 128.0 0.0 1 1 1.0
154000.0 156000.0 1 1 177.0 6982.0 1666.0 2065793.0 472.877999999997 472.877999999997 472.877999999997 0.0 8000.0 8000.0 8000.0 0.0 128.0 128.0 128.0 0.0 1 1 1.0
156000.0 158000.0 1 1 179.0 7116.0 1648.0 2042892.0 506.82600000000093 506.82600000000093 506.82600000000093 0.0 8000.0 8000.0 8000.0 0.0 128.0 128.0 128.0 0.0 1 1 1.0
158000.0 160000.0 1 1 168.0 6665.0 1572.0 1950323.0 470.29000000000815 470.29000000000815 470.29000000000815 0.0 8000.0 8000.0 8000.0 0.0 128.0 128.0 128.0 0.0 1 1 1.0
160000.0 162000.0 1 1 176.0 6972.0 1632.0 2026471.0 461.3759999999893 461.3759999999893 461.3759999999893 0.0 8000.0 8000.0 8000.0 0.0 128.0 128.0 128.0 0.0 1 1 1.0
162000.0 164000.0 1 1 169.0 6696.0 1596.0 1980361.0 456.7289999999921 456.7289999999921 456.7289999999921 0.0 8000.0 8000.0 8000.0 0.0 128.0 128.0 128.0 0.0 1 1 1.0
164000.0 166000.0 1 1 172.0 6858.0 1566.0 1940449.0 451.9310000000114 451.9310000000114 451.9310000000114 0.0 8000.0 8000.0 8000.0 0.0 128.0 128.0 128.0 0.0 1 1 1.0
166000.0 168000.0 1 1 187.0 7391.0 1711.0 2119357.0 616.6529999999912 616.6529999999912 616.6529999999912 0.0 8000.0 8000.0 8000.0 0.0 128.0 128.0 128.0 0.0 1 1 1.0
168000.0 170000.0 1 1 175.0 6973.0 1644.0 2038103.0 466.16599999999744 466.16599999999744 466.16599999999744 0.0 8000.0 8000.0 8000.0 0.0 128.0 128.0 128.0 0.0 1 1 1.0
170000.0 172000.0 1 1 328.0 13044.0 3099.0 3853463.0 885.5109999999986 885.5109999999986 885.5109999999986 0.0 8000.0 8000.0 8000.0 0.0 128.0 128.0 128.0 0.0 2 2 1.0
172000.0 174000.0 1 1 175.0 6945.0 1645.0 2038430.0 513.6120000000228 513.6120000000228 513.6120000000228 0.0 8000.0 8000.0 8000.0 0.0 128.0 128.0 128.0 0.0 1 1 1.0
174000.0 176000.0 1 1 173.0 6860.0 1591.0 1973636.0 473.127999999997 473.127999999997 473.127999999997 0.0 8000.0 8000.0 8000.0 0.0 128.0 128.0 128.0 0.0 1 1 1.0
176000.0 178000.0 1 1 174.0 6900.0 1612.0 1998921.0 507.3189999999886 507.3189999999886 507.3189999999886 0.0 8000.0 8000.0 8000.0 0.0 128.0 128.0 128.0 0.0 1 1 1.0
178000.0 180000.0 1 1 171.0 6791.0 1596.0 1962985.0 462.2519999999786 462.2519999999786 462.2519999999786 0.0 8000.0 8000.0 8000.0 0.0 128.0 128.0 128.0 0.0 1 1 1.0
180000.0 182000.0 1 1 177.0 7001.0 1680.0 2082612.0 457.2720000000263 457.2720000000263 457.2720000000263 0.0 8000.0 8000.0 8000.0 0.0 128.0 128.0 128.0 0.0 1 1 1.0
182000.0 184000.0 1 1 175.0 6939.0 1591.0 1976498.0 644.5509999999776 644.5509999999776 644.5509999999776 0.0 8000.0 8000.0 8000.0 0.0 128.0 128.0 128.0 0.0 1 1 1.0
184000.0 186000.0 1 1 171.0 6786.0 1603.0 1989753.0 493.56099999998696 493.56099999998696 493.56099999998696 0.0 8000.0 8000.0 8000.0 0.0 128.0 128.0 128.0 0.0 1 1 1.0
186000.0 188000.0 1 1 179.0 7070.0 1647.0 2045723.0 511.4659999999858 511.4659999999858 511.4659999999858 0.0 8000.0 8000.0 8000.0 0.0 128.0 128.0 128.0 0.0 1 1 1.0
188000.0 190000.0 1 1 168.0 6669.0 1581.0 1961214.0 460.2369999999937 460.2369999999937 460.2369999999937 0.0 8000.0 8000.0 8000.0 0.0 128.0 128.0 128.0 0.0 1 1 1.0
190000.0 192000.0 1 1 163.0 6490.0 1520.0 1883361.0 463.73099999999977 463.73099999999977 463.73099999999977 0.0 8000.0 8000.0 8000.0 0.0 128.0 128.0 128.0 0.0 1 1 1.0
192000.0 194000.0 1 1 198.0 7748.0 1749.0 2151314.0 710.1750000000175 710.1750000000175 710.1750000000175 0.0 8000.0 8000.0 8000.0 0.0 128.0 128.0 128.0 0.0 1 1 1.0
194000.0 196000.0 2 1 345.6134012983713 13651.640174271919 3201.944326232182 3988235.654733063 999.4459999999963 122.393310546875 560.9196552734356 620.1699041702012 8000.0 8000.0 8000.0 0.0 128.0 128.0 128.0 0.0 2 2 1.0
196000.0 198000.0 2 1 173.38659870162874 6867.359825728081 1584.055673767818 1962520.3452669368 875.2676894531178 520.8209999999963 698.044344726557 250.63165768142454 8000.0 8000.0 8000.0 0.0 128.0 128.0 128.0 0.0 1 1 1.0
198000.0 200000.0 2 1 189.1916245631938 7441.868665004481 1622.1916245631937 1998554.940361459 913.9429999999993 95.7451171875 504.84405859374965 578.5532712891944 8000.0 8000.0 8000.0 0.0 128.0 128.0 128.0 0.0 1 1 1.0
200000.0 202000.0 2 1 184.8083754368062 7274.131334995519 1638.8083754368063 2011280.059638541 903.5538828124991 692.5340000000142 798.0439414062566 149.21359010189863 8000.0 8000.0 8000.0 0.0 128.0 128.0 128.0 0.0 1 1 1.0
202000.0 204000.0 1 1 186.0 7320.0 1671.0 2056103.0 825.8250000000116 825.8250000000116 825.8250000000116 0.0 8000.0 8000.0 8000.0 0.0 128.0 128.0 128.0 0.0 1 1 1.0
204000.0 206000.0 1 1 176.0 6982.0 1581.0 1945178.0 704.2109999999811 704.2109999999811 704.2109999999811 0.0 8000.0 8000.0 8000.0 0.0 128.0 128.0 128.0 0.0 1 1 1.0
206000.0 208000.0 1 1 185.0 7250.0 1720.0 2123923.0 680.81700000001 680.81700000001 680.81700000001 0.0 8000.0 8000.0 8000.0 0.0 128.0 128.0 128.0 0.0 1 1 1.0
208000.0 210000.0 1 1 3.0 155.0 6.0 2340.0 101.46800000002258 101.46800000002258 101.46800000002258 0.0 0.0 0.0 0.0 0.0 0.0 0.0 0.0 0.0 0 0 1.0
210000.0 212000.0 1 1 164.0 6507.0 1532.0 1899977.0 465.4109999999928 465.4109999999928 465.4109999999928 0.0 8000.0 8000.0 8000.0 0.0 128.0 128.0 128.0 0.0 1 1 1.0
212000.0 214000.0 2 1 321.3595165611503 12784.437287593806 2977.4812252106817 3645949.583307763 999.9469999999565 124.52099609375 562.2339980468532 619.0196637891196 8000.0 8000.0 8000.0 0.0 128.0 128.0 128.0 0.0 2 2 1.0
214000.0 216000.0 3 1 216.38224727124685 8359.233265702082 1891.3469191867248 2328593.415260622 999.9560000000638 103.77392578125 659.6383098958468 485.4182325705196 8000.0 8000.0 8000.0 0.0 128.0 128.0 128.0 0.0 1 1 1.0
216000.0 218000.0 2 1 173.2582361676028 6839.329446704111 1595.1718556025935 1960317.0014316149 875.5370742187661 605.8679999999877 740.7025371093769 190.68483105639658 8000.0 8000.0 8000.0 0.0 128.0 128.0 128.0 0.0 1 1 1.0
218000.0 220000.0 1 1 175.0 6903.0 1634.0 2015828.0 528.1780000000435 528.1780000000435 528.1780000000435 0.0 8000.0 8000.0 8000.0 0.0 128.0 128.0 128.0 0.0 1 1 1.0
220000.0 222000.0 1 1 168.0 6657.0 1595.0 1961648.0 556.0659999999916 556.0659999999916 556.0659999999916 0.0 8000.0 8000.0 8000.0 0.0 128.0 128.0 128.0 0.0 1 1 1.0
222000.0 224000.0 1 1 185.0 7253.0 1678.0 2055664.0 737.926999999996 737.926999999996 737.926999999996 0.0 8000.0 8000.0 8000.0 0.0 128.0 128.0 128.0 0.0 1 1 1.0
224000.0 226000.0 1 1 4.0 181.0 9.0 2423.0 113.51999999998952 113.51999999998952 113.51999999998952 0.0 0.0 0.0 0.0 0.0 0.0 0.0 0.0 0.0 0 0 1.0
226000.0 228000.0 2 1 322.98757216951265 12822.670995817509 2988.1342658285866 3671923.903186137 996.5599999999977 124.4052734375 560.4826367187488 616.7065213962412 8000.0 8000.0 8000.0 0.0 128.0 128.0 128.0 0.0 2 2 1.0
228000.0 230000.0 2 1 206.01242783048733 8059.32900418249 1920.8657341714134 2348151.096813863 873.9387265625119 644.0310000000463 758.9848632812791 162.56931249950193 8000.0 8000.0 8000.0 0.0 128.0 128.0 128.0 0.0 1 1 1.0
230000.0 232000.0 2 1 351.0 13791.0 3222.0 3957012.0 999.1359999999986 117.14100000003236 558.1385000000155 623.6646454726051 8000.0 8000.0 8000.0 0.0 128.0 128.0 128.0 0.0 2 2 1.0
232000.0 234000.0 1 1 175.0 6897.0 1648.0 2024535.0 537.7489999999816 537.7489999999816 537.7489999999816 0.0 8000.0 8000.0 8000.0 0.0 128.0 128.0 128.0 0.0 1 1 1.0
234000.0 236000.0 1 1 3.0 146.0 9.0 2423.0 129.77900000000955 129.77900000000955 129.77900000000955 0.0 0.0 0.0 0.0 0.0 0.0 0.0 0.0 0.0 0 0 1.0
236000.0 238000.0 1 1 183.0 7209.0 1697.0 2050586.0 567.3300000000163 567.3300000000163 567.3300000000163 0.0 8000.0 8000.0 8000.0 0.0 128.0 128.0 128.0 0.0 1 1 1.0
238000.0 240000.0 1 1 172.0 6792.0 1536.0 1891165.0 718.5530000000435 718.5530000000435 718.5530000000435 0.0 8000.0 8000.0 8000.0 0.0 128.0 128.0 128.0 0.0 1 1 1.0
240000.0 242000.0 1 1 178.0 7014.0 1660.0 2059872.0 459.70000000001164 459.70000000001164 459.70000000001164 0.0 8000.0 8000.0 8000.0 0.0 128.0 128.0 128.0 0.0 1 1 1.0
242000.0 244000.0 1 1 322.6854714442669 12695.101170762418 3023.8902295052603 3747260.3304232196 748.7060546875 748.7060546875 748.7060546875 0.0 8000.0 8000.0 8000.0 0.0 128.0 128.0 128.0 0.0 2 2 1.0
244000.0 246000.0 2 1 25.314528555733137 1022.8988292375822 215.1097704947398 261475.66957678073 67.04800000000978 51.77494531252887 59.411472656269325 10.799680538950737 0.0 0.0 0.0 0.0 0.0 0.0 0.0 0.0 0 0 1.0
246000.0 248000.0 1 1 343.0 13509.0 3217.0 3965796.0 834.0509999999776 834.0509999999776 834.0509999999776 0.0 8000.0 8000.0 8000.0 0.0 128.0 128.0 128.0 0.0 2 2 1.0
248000.0 250000.0 1 1 176.0 6925.0 1628.0 1971353.0 764.8410000000149 764.8410000000149 764.8410000000149 0.0 8000.0 8000.0 8000.0 0.0 128.0 128.0 128.0 0.0 1 1 1.0
250000.0 252000.0 1 1 181.0 7111.0 1656.0 2017176.0 602.6759999999776 602.6759999999776 602.6759999999776 0.0 8000.0 8000.0 8000.0 0.0 128.0 128.0 128.0 0.0 1 1 1.0
252000.0 254000.0 1 1 189.0 7442.0 1715.0 2077383.0 613.2139999999781 613.2139999999781 613.2139999999781 0.0 8000.0 8000.0 8000.0 0.0 128.0 128.0 128.0 0.0 1 1 1.0
254000.0 256000.0 1 1 171.0 6766.0 1556.0 1908204.0 534.2449999999953 534.2449999999953 534.2449999999953 0.0 8000.0 8000.0 8000.0 0.0 128.0 128.0 128.0 0.0 1 1 1.0
256000.0 258000.0 1 1 179.0 7046.0 1683.0 2069601.0 540.2600000000675 540.2600000000675 540.2600000000675 0.0 8000.0 8000.0 8000.0 0.0 128.0 128.0 128.0 0.0 1 1 1.0
258000.0 260000.0 1 1 172.0 6822.0 1608.0 1977521.0 589.5729999999749 589.5729999999749 589.5729999999749 0.0 8000.0 8000.0 8000.0 0.0 128.0 128.0 128.0 0.0 1 1 1.0
260000.0 262000.0 1 1 179.0 7054.0 1644.0 2006746.0 629.1460000000661 629.1460000000661 629.1460000000661 0.0 8000.0 8000.0 8000.0 0.0 128.0 128.0 128.0 0.0 1 1 1.0
262000.0 264000.0 1 1 192.0 7539.0 1754.0 2113828.0 627.0380000000005 627.0380000000005 627.0380000000005 0.0 8000.0 8000.0 8000.0 0.0 128.0 128.0 128.0 0.0 1 1 1.0
264000.0 266000.0 1 1 166.0 6687.0 1553.0 1923719.0 438.6830000000773 438.6830000000773 438.6830000000773 0.0 8000.0 8000.0 8000.0 0.0 128.0 128.0 128.0 0.0 1 1 1.0
266000.0 268000.0 1 1 150.0 6042.0 1397.0 1668912.0 484.5480000000098 484.5480000000098 484.5480000000098 0.0 8000.0 8000.0 8000.0 0.0 128.0 128.0 128.0 0.0 1 1 1.0
268000.0 270000.0 1 1 192.0 7531.0 1862.0 2311453.0 341.94699999998556 341.94699999998556 341.94699999998556 0.0 8000.0 8000.0 8000.0 0.0 128.0 128.0 128.0 0.0 1 1 1.0
270000.0 272000.0 1 1 173.0 6872.0 1650.0 2047530.0 356.7270000000135 356.7270000000135 356.7270000000135 0.0 8000.0 8000.0 8000.0 0.0 128.0 128.0 128.0 0.0 1 1 1.0
272000.0 274000.0 1 1 167.0 6734.0 1523.0 1886136.0 497.8510000000242 497.8510000000242 497.8510000000242 0.0 8000.0 8000.0 8000.0 0.0 128.0 128.0 128.0 0.0 1 1 1.0
274000.0 276000.0 1 1 189.0 7411.0 1746.0 2134824.0 662.390000000014 662.390000000014 662.390000000014 0.0 8000.0 8000.0 8000.0 0.0 128.0 128.0 128.0 0.0 1 1 1.0
276000.0 278000.0 1 1 162.0 6482.0 1469.0 1766914.0 632.9079999999958 632.9079999999958 632.9079999999958 0.0 8000.0 8000.0 8000.0 0.0 128.0 128.0 128.0 0.0 1 1 1.0
278000.0 280000.0 1 1 181.0 7136.0 1639.0 1999206.0 803.5929999999935 803.5929999999935 803.5929999999935 0.0 8000.0 8000.0 8000.0 0.0 128.0 128.0 128.0 0.0 1 1 1.0
280000.0 282000.0 1 1 190.0 7555.0 1692.0 2066131.0 675.460000000021 675.460000000021 675.460000000021 0.0 8000.0 8000.0 8000.0 0.0 128.0 128.0 128.0 0.0 1 1 1.0
282000.0 284000.0 1 1 186.0 7323.0 1700.0 2072081.0 594.9160000000265 594.9160000000265 594.9160000000265 0.0 8000.0 8000.0 8000.0 0.0 128.0 128.0 128.0 0.0 1 1 1.0
284000.0 286000.0 1 1 174.0 6877.0 1579.0 1947607.0 955.7980000000098 955.7980000000098 955.7980000000098 0.0 8000.0 8000.0 8000.0 0.0 128.0 128.0 128.0 0.0 1 1 1.0
286000.0 288000.0 1 1 328.0 13073.0 3075.0 3803740.0 893.9189999999944 893.9189999999944 893.9189999999944 0.0 8000.0 8000.0 8000.0 0.0 128.0 128.0 128.0 0.0 2 2 1.0
288000.0 290000.0 1 1 3.0 146.0 7.0 2368.0 107.97400000004563 107.97400000004563 107.97400000004563 0.0 0.0 0.0 0.0 0.0 0.0 0.0 0.0 0.0 0 0 1.0
290000.0 292000.0 1 1 351.0 13857.0 3326.0 4104840.0 756.3150000000023 756.3150000000023 756.3150000000023 0.0 8000.0 8000.0 8000.0 0.0 128.0 128.0 128.0 0.0 2 2 1.0
292000.0 294000.0 1 1 3.0 146.0 6.0 2342.0 71.61099999997532 71.61099999997532 71.61099999997532 0.0 0.0 0.0 0.0 0.0 0.0 0.0 0.0 0.0 0 0 1.0
294000.0 296000.0 1 1 344.0 13632.0 3212.0 3976472.0 788.9380000000237 788.9380000000237 788.9380000000237 0.0 8000.0 8000.0 8000.0 0.0 128.0 128.0 128.0 0.0 2 2 1.0
296000.0 298000.0 1 1 191.0 7482.0 1683.0 2054928.0 897.3460000000196 897.3460000000196 897.3460000000196 0.0 8000.0 8000.0 8000.0 0.0 128.0 128.0 128.0 0.0 1 1 1.0
298000.0 300000.0 1 1 182.0 7157.0 1676.0 2027429.0 768.6869999999763 768.6869999999763 768.6869999999763 0.0 8000.0 8000.0 8000.0 0.0 128.0 128.0 128.0 0.0 1 1 1.0
300000.0 302000.0 0 0 0.0 0.0 0.0 0.0 0.0 0.0 0.0 0.0 0.0 0.0 0.0 0.0 0.0 0.0 0.0 0.0 0 0 
