ts te nbins ncons c_pkts_all c_ack_cnt c_ack_cnt_p c_bytes_all c_bytes_uniq s_pkts_all s_ack_cnt s_ack_cnt_p s_bytes_all s_bytes_uniq c_pkts_retx s_pkts_retx c_pkts_data s_pkts_data max_bin min_bin avg_bin std_bin max_vid min_vid avg_vid std_vid max_aud min_aud avg_aud std_aud num_vid num_aud num_mfs
0 1000 0 0 0 0 0 0 0 0 0 0 0 0 0 0 0 0 0 0 0 0 0 0 0 0 0 0 0 0 0  
1000 2000 0 0 0 0 0 0 0 0 0 0 0 0 0 0 0 0 0 0 0 0 0 0 0 0 0 0 0 0 0  
2000 3000 0 0 0 0 0 0 0 0 0 0 0 0 0 0 0 0 0 0 0 0 0 0 0 0 0 0 0 0 0  
3000 4000 0 0 0 0 0 0 0 0 0 0 0 0 0 0 0 0 0 0 0 0 0 0 0 0 0 0 0 0 0  
4000 5000 0 0 0 0 0 0 0 0 0 0 0 0 0 0 0 0 0 0 0 0 0 0 0 0 0 0 0 0 0  
5000 6000 0 0 0 0 0 0 0 0 0 0 0 0 0 0 0 0 0 0 0 0 0 0 0 0 0 0 0 0 0  
6000 7000 1 1 0 0 0 46 46 0 0 0 70 70 0 0 0 0 10 10 10 0 0 0 0 0 0 0 0 0 0 0.0 1.0
7000 8000 1 1 7 6 3 2575 2575 9 9 4 3929 3929 0 0 2 3 594 594 594 0 0 0 0 0 0 0 0 0 0 0.0 0.0
8000 9000 1 1 1 1 0 468 468 0 0 0 1648 1648 0 0 0 0 554 554 554 0 0 0 0 0 0 0 0 0 0 0.0 0.0
9000 10000 5 4 22 19 15 3630 3630 37 37 6 41633 23405 0 11 3 27 567 27 320 271 288 288 288 0 128 128 128 0 2 2.0 0.0
10000 11000 5 4 35 34 29 4616 4616 75 75 7 109325 63978 1 29 4 66 547 156 421 160 0 0 0 0 0 0 0 0 0 0.0 0.0
11000 12000 7 4 78 77 73 4251 4251 127 127 6 218257 148735 0 43 4 120 709 403 488 103 288 288 288 0 128 128 128 0 2 1.0 1.0
12000 13000 7 4 64 64 61 2210 2210 110 110 5 195318 134303 0 35 2 105 693 80 365 215 288 288 288 0 128 128 128 0 1 1.0 0.0
13000 14000 7 4 66 66 63 2481 2481 124 124 8 202795 114632 0 51 2 116 624 61 412 208 288 288 288 0 128 128 128 0 1 2.0 1.0
14000 15000 6 3 56 56 52 3027 3027 100 100 7 167709 103839 0 33 3 93 585 237 452 126 288 288 288 0 128 128 128 0 1 1.0 0.0
15000 16000 5 3 72 72 69 2350 2350 119 119 5 213376 153468 0 30 2 114 612 308 451 113 288 288 288 0 128 128 128 0 2 1.0 1.0
16000 17000 5 3 70 70 67 2584 2584 116 116 6 218991 170092 0 24 3 110 593 280 440 134 288 288 288 0 128 128 128 0 1 2.0 0.0
17000 18000 5 3 67 67 63 3088 3088 123 123 7 211542 177273 0 17 3 115 686 250 495 203 288 288 288 0 128 128 128 0 2 1.0 1.0
18000 19000 4 3 47 47 45 1589 1589 63 63 3 102892 68458 0 20 1 60 556 222 390 136 0 0 0 0 128 128 128 0 0 1.0 0.0
19000 20000 4 3 47 47 45 2100 1631 65 65 4 107914 80793 0 17 2 61 505 378 423 60 480 480 480 0 128 128 128 0 2 1.0 1.0
20000 21000 3 3 38 38 37 1597 1237 55 55 3 102777 90524 0 6 1 52 594 289 423 155 0 0 0 0 0 0 0 0 0 0.0 0.0
21000 22000 3 3 31 31 28 2445 2445 48 48 4 91681 86434 0 3 2 43 497 364 409 76 840 840 840 0 128 128 128 0 2 1.0 1.0
22000 23000 3 2 38 38 37 1191 1191 62 62 2 144535 131832 0 6 1 59 610 277 417 172 0 0 0 0 0 0 0 0 0 0.0 0.0
23000 24000 3 2 69 69 66 2194 2194 82 82 5 193134 184493 0 3 2 77 631 360 512 138 840 840 840 0 128 128 128 0 1 1.0 1.0
24000 25000 1 1 33 33 33 0 0 34 34 0 89251 89251 0 0 0 34 494 494 494 0 0 0 0 0 0 0 0 0 0 0.0 0.0
25000 26000 2 2 85 85 82 2501 2501 112 112 6 201888 201888 0 0 3 106 669 532 600 96 840 840 840 0 128 128 128 0 1 1.0 1.0
26000 27000 1 1 29 29 28 310 310 39 39 0 73608 71064 0 1 0 38 367 367 367 0 840 840 840 0 0 0 0 0 1 0.0 0.0
27000 28000 4 3 76 76 73 2496 2496 92 92 5 164694 157497 0 6 2 87 629 255 458 178 0 0 0 0 128 128 128 0 0 1.0 1.0
28000 29000 3 2 45 45 43 1648 1648 46 46 3 103868 103868 0 0 1 43 636 264 410 198 840 840 840 0 128 128 128 0 1 1.0 0.0
29000 30000 2 1 52 52 51 888 888 72 72 3 157428 157428 0 0 1 69 662 273 467 275 0 0 0 0 0 0 0 0 0 0.0 1.0
30000 31000 2 2 70 70 68 1339 1339 91 91 3 188655 188655 0 0 1 88 644 398 521 173 840 840 840 0 128 128 128 0 1 1.0 0.0
31000 32000 1 1 10 10 9 1007 1007 12 12 2 21649 21649 0 0 1 9 595 595 595 0 0 0 0 0 0 0 0 0 0 0.0 1.0
32000 33000 2 2 88 88 86 1493 1493 118 118 3 224009 224009 0 0 1 115 856 385 621 332 840 840 840 0 128 128 128 0 1 1.0 0.0
33000 34000 3 3 56 56 52 2798 2798 74 74 5 157691 157691 0 0 3 68 514 288 388 114 1500 1500 1500 0 128 128 128 0 2 1.0 1.0
34000 35000 2 1 70 70 68 1136 1136 97 97 1 224992 224992 0 0 1 95 629 362 496 188 0 0 0 0 0 0 0 0 0 0.0 0.0
35000 36000 3 2 56 56 55 1454 1454 75 75 3 180351 180351 0 0 1 72 636 157 421 242 1500 1500 1500 0 128 128 128 0 1 1.0 1.0
36000 37000 2 1 64 64 62 1249 1249 86 86 2 211907 211907 0 0 1 84 524 463 494 43 0 0 0 0 0 0 0 0 0 0.0 0.0
37000 38000 3 2 113 113 111 1598 1598 140 140 4 319581 319581 0 0 1 136 868 55 472 406 1500 1500 1500 0 128 128 128 0 1 1.0 1.0
38000 39000 3 2 52 52 51 1119 1119 78 78 2 171589 171589 0 0 1 76 370 115 284 146 1500 1500 1500 0 128 128 128 0 1 1.0 0.0
39000 40000 4 2 81 81 78 2092 2092 111 111 3 244612 244612 0 0 2 107 632 356 462 129 0 0 0 0 0 0 0 0 0 0.0 1.0
40000 41000 4 2 63 63 61 1369 1369 63 63 2 127934 120736 0 3 1 61 635 327 484 172 1500 1500 1500 0 128 128 128 0 1 1.0 0.0
41000 42000 4 2 104 104 103 1081 1081 130 130 3 232005 217248 0 8 1 126 671 324 481 180 0 0 0 0 0 0 0 0 0 0.0 1.0
42000 43000 4 2 100 100 98 1388 1388 114 114 2 186411 178637 0 4 1 111 673 311 487 196 1500 1500 1500 0 128 128 128 0 1 1.0 0.0
43000 44000 3 2 133 133 132 811 811 169 169 3 276467 258451 0 10 0 165 687 305 554 216 0 0 0 0 0 0 0 0 0 0.0 1.0
44000 45000 3 2 79 79 77 1144 1144 92 92 2 188622 186698 0 1 1 89 688 303 451 207 1500 1500 1500 0 128 128 128 0 1 1.0 0.0
45000 46000 3 2 81 81 79 1504 1504 98 98 4 241157 241157 0 0 1 93 665 353 551 171 0 0 0 0 0 0 0 0 0 0.0 1.0
46000 47000 2 2 86 86 85 1172 1172 119 119 2 292608 292608 0 0 1 117 869 379 624 346 1500 1500 1500 0 128 128 128 0 1 1.0 0.0
47000 48000 2 1 40 40 39 924 924 36 36 2 101031 101031 0 0 1 33 559 122 341 308 0 0 0 0 0 0 0 0 0 0.0 1.0
48000 49000 2 2 88 88 86 1568 1568 140 140 3 312136 312136 0 0 1 136 865 285 575 409 1500 1500 1500 0 128 128 128 0 1 1.0 0.0
49000 50000 2 1 34 34 32 1549 1549 29 29 1 68149 68149 0 0 1 27 855 134 495 510 0 0 0 0 0 0 0 0 0 0.0 1.0
50000 51000 3 2 93 93 92 952 952 133 133 4 297592 297592 0 0 1 129 864 133 407 398 1500 1500 1500 0 128 128 128 0 1 1.0 0.0
51000 52000 3 2 57 57 55 1102 1102 60 60 2 128312 128312 0 0 1 57 592 133 348 230 0 0 0 0 0 0 0 0 0 0.0 1.0
52000 53000 2 2 116 116 115 1398 1398 159 159 3 277224 267501 0 6 1 155 861 401 631 325 1500 1500 1500 0 128 128 128 0 1 1.0 0.0
53000 54000 2 1 48 48 46 1553 1553 54 54 2 103223 101692 0 1 1 52 860 135 498 512 0 0 0 0 0 0 0 0 0 0.0 1.0
54000 55000 3 2 121 121 120 950 950 173 173 3 340049 330432 0 5 1 169 863 132 409 396 1500 1500 1500 0 128 128 128 0 1 1.0 0.0
55000 56000 3 2 82 82 79 2075 2075 104 104 4 221538 220051 0 0 2 99 777 133 423 326 1500 1500 1500 0 128 128 128 0 1 1.0 1.0
56000 57000 2 1 70 70 68 1138 1138 100 100 2 207546 207546 0 0 1 98 639 357 498 199 0 0 0 0 0 0 0 0 0 0.0 0.0
57000 58000 3 2 58 58 56 1464 1464 72 72 3 165593 165593 0 0 1 69 633 112 408 267 1500 1500 1500 0 128 128 128 0 1 1.0 1.0
58000 59000 3 2 62 62 61 839 839 82 82 1 193473 193473 0 0 1 79 519 157 382 196 0 0 0 0 0 0 0 0 0 0.0 0.0
59000 60000 4 3 75 75 73 1564 1564 94 94 3 207807 207807 0 0 1 91 489 0 276 207 1500 1500 1500 0 128 128 128 0 1 1.0 1.0
60000 61000 2 1 77 77 75 1157 1157 106 106 2 229034 226436 0 1 1 104 631 360 496 191 0 0 0 0 0 0 0 0 0 0.0 0.0
61000 62000 3 2 86 86 84 1458 1458 106 106 3 262916 258574 0 3 1 103 602 110 404 259 1500 1500 1500 0 128 128 128 0 1 1.0 1.0
62000 63000 2 1 52 52 51 836 836 65 65 1 175485 175485 0 0 1 63 500 495 498 3 0 0 0 0 0 0 0 0 0 0.0 0.0
63000 64000 3 2 64 64 62 1655 1655 84 84 3 192511 192511 0 0 1 81 485 276 415 120 1500 1500 1500 0 128 128 128 0 1 1.0 1.0
64000 65000 2 1 66 66 65 834 834 86 86 1 192652 192652 0 0 1 84 510 483 497 19 0 0 0 0 0 0 0 0 0 0.0 0.0
65000 66000 4 3 81 81 78 2481 2481 120 120 5 207141 205839 0 0 2 114 499 272 379 120 2300 2300 2300 0 128 128 128 0 2 1.0 1.0
66000 67000 2 1 103 103 102 862 862 163 163 1 303920 302446 0 1 1 161 528 463 495 45 0 0 0 0 0 0 0 0 0 0.0 0.0
67000 68000 4 3 148 148 145 2731 1911 209 209 5 377448 347888 1 15 3 203 786 283 489 213 2300 2300 2300 0 128 128 128 0 1 1.0 1.0
68000 69000 3 2 113 113 113 174 174 151 151 0 315797 301729 0 8 0 150 746 205 426 283 0 0 0 0 0 0 0 0 0 0.0 0.0
69000 70000 2 2 58 58 56 2061 2061 85 85 3 193428 193428 0 0 2 81 476 365 421 78 2300 2300 2300 0 128 128 128 0 1 1.0 1.0
70000 71000 2 1 95 95 94 843 843 128 128 1 301237 301237 0 0 1 126 523 470 496 36 0 0 0 0 0 0 0 0 0 0.0 0.0
71000 72000 4 3 123 123 121 1895 1895 186 186 4 401957 384264 0 10 2 182 757 0 412 313 2300 2300 2300 0 128 128 128 0 1 1.0 1.0
72000 73000 3 2 98 98 98 219 219 121 121 0 294875 294875 0 0 0 120 757 19 339 378 2300 2300 2300 0 0 0 0 0 1 0.0 0.0
73000 74000 4 3 109 109 106 2485 2485 165 165 5 346184 346184 0 0 2 159 979 18 425 427 0 0 0 0 128 128 128 0 0 1.0 1.0
74000 75000 3 2 124 124 124 119 119 160 160 0 361106 360748 0 0 0 160 973 16 360 531 2300 2300 2300 0 0 0 0 0 1 0.0 0.0
75000 76000 3 2 129 129 126 2382 2382 172 172 5 327242 323708 0 2 2 166 905 83 549 421 0 0 0 0 128 128 128 0 0 1.0 1.0
76000 77000 1 1 79 79 79 0 0 96 96 0 210973 210973 0 0 0 96 656 656 656 0 0 0 0 0 0 0 0 0 0 0.0 0.0
77000 78000 2 2 78 78 75 2387 2387 124 124 5 232493 232493 0 0 2 118 862 527 694 236 2300 2300 2300 0 128 128 128 0 1 1.0 1.0
78000 79000 2 1 103 103 103 114 114 132 132 0 308527 308527 0 0 0 131 851 136 494 506 0 0 0 0 0 0 0 0 0 0.0 0.0
79000 80000 4 3 132 132 129 2502 2502 180 180 6 374546 370382 0 2 3 174 993 27 427 439 2300 2300 2300 0 128 128 128 0 1 1.0 1.0
80000 81000 3 3 144 144 143 595 595 206 206 1 376078 357915 0 10 0 204 867 289 508 313 2300 2300 2300 0 128 128 128 0 1 1.0 0.0
81000 82000 5 3 176 176 174 2209 2209 225 225 4 358893 315220 0 26 2 220 709 261 425 186 0 0 0 0 0 0 0 0 0 0.0 1.0
82000 83000 4 3 205 205 204 1117 1117 209 209 1 339038 309960 0 19 1 208 674 326 494 182 2300 2300 2300 0 128 128 128 0 1 1.0 0.0
83000 84000 4 2 106 106 104 1621 1621 145 145 4 329809 329809 0 0 1 140 673 316 472 183 0 0 0 0 0 0 0 0 0 0.0 1.0
84000 85000 4 2 112 112 110 1351 1351 153 153 3 342126 342126 0 0 1 150 681 239 473 229 2300 2300 2300 0 128 128 128 0 1 1.0 0.0
85000 86000 3 2 104 104 103 874 874 143 143 2 310439 310439 0 0 1 140 696 314 565 217 0 0 0 0 0 0 0 0 0 0.0 1.0
86000 87000 3 2 88 88 87 1144 1144 129 129 2 258243 258243 0 0 1 127 685 310 454 201 2300 2300 2300 0 128 128 128 0 1 1.0 0.0
87000 88000 3 2 131 131 129 1442 1442 179 179 3 318736 316436 0 1 1 175 680 363 557 170 0 0 0 0 0 0 0 0 0 0.0 1.0
88000 89000 3 2 124 124 122 1334 1334 154 154 2 300032 296780 0 2 1 152 514 338 451 98 2300 2300 2300 0 128 128 128 0 1 1.0 0.0
89000 90000 4 2 96 96 94 1103 1103 131 131 3 322994 322994 0 0 1 128 653 62 386 251 0 0 0 0 0 0 0 0 0 0.0 1.0
90000 91000 3 2 66 66 64 1151 1151 86 86 2 205309 205309 0 0 1 84 660 337 455 178 2300 2300 2300 0 128 128 128 0 1 1.0 0.0
91000 92000 4 2 103 103 101 1336 1336 144 144 3 331908 319714 0 5 1 141 631 320 485 168 0 0 0 0 0 0 0 0 0 0.0 1.0
92000 93000 3 3 122 122 121 939 939 161 161 2 355792 332692 0 11 1 158 673 435 567 121 2300 2300 2300 0 128 128 128 0 1 1.0 0.0
93000 94000 3 2 110 110 109 1468 1468 149 149 3 324846 323389 0 1 1 146 595 432 527 85 0 0 0 0 0 0 0 0 0 0.0 1.0
94000 95000 4 3 124 124 122 1698 1698 171 171 3 366018 359841 0 3 2 168 728 391 506 157 2300 2300 2300 0 128 128 128 0 1 1.0 0.0
95000 96000 4 2 121 121 119 1584 1584 162 162 2 323426 317782 0 3 1 159 722 269 469 190 0 0 0 0 0 0 0 0 0 0.0 1.0
96000 97000 4 2 96 96 95 724 724 134 134 2 287409 287044 0 0 0 132 595 0 312 250 2300 2300 2300 0 128 128 128 0 1 1.0 0.0
97000 98000 3 2 118 118 116 1511 1511 162 162 3 364028 364028 0 0 1 158 600 396 530 115 2300 2300 2300 0 128 128 128 0 1 1.0 1.0
98000 99000 3 2 105 105 103 990 990 139 139 2 321100 321100 0 0 1 137 593 246 411 173 0 0 0 0 0 0 0 0 0 0.0 0.0
99000 100000 3 2 96 96 95 1379 1379 120 120 3 278338 278338 0 0 1 116 601 377 525 127 0 0 0 0 0 0 0 0 0 0.0 1.0
100000 101000 3 2 90 90 89 1122 1122 121 121 2 272217 272217 0 0 1 118 591 401 478 100 2300 2300 2300 0 128 128 128 0 1 1.0 0.0
101000 102000 3 2 158 158 156 1804 1804 235 235 4 415740 395160 0 14 2 231 595 402 528 109 2300 2300 2300 0 128 128 128 0 1 1.0 1.0
102000 103000 3 2 197 197 196 697 697 249 249 1 352984 294167 0 41 0 247 594 18 338 293 0 0 0 0 0 0 0 0 0 0.0 0.0
103000 104000 3 2 164 164 162 1502 1502 212 212 3 353937 320014 0 23 1 209 595 404 530 108 2300 2300 2300 0 0 0 0 0 1 0.0 1.0
104000 105000 4 2 115 115 114 1449 1449 153 153 2 325772 310803 0 8 1 150 591 380 474 100 0 0 0 0 128 128 128 0 0 1.0 0.0
105000 106000 4 2 104 104 102 1700 1700 125 125 4 296069 285620 0 5 2 120 583 408 464 80 2300 2300 2300 0 128 128 128 0 1 1.0 1.0
106000 107000 2 1 87 87 87 350 350 107 107 0 273145 273145 0 0 0 106 583 416 499 118 0 0 0 0 0 0 0 0 0 0.0 0.0
107000 108000 3 2 102 102 100 2048 2048 150 150 3 329647 329647 0 0 2 146 458 396 423 31 2300 2300 2300 0 128 128 128 0 1 1.0 1.0
108000 109000 2 1 88 88 87 1217 1217 128 128 1 283220 281943 0 0 1 126 536 455 496 56 0 0 0 0 0 0 0 0 0 0.0 0.0
109000 110000 3 2 105 105 103 1309 1309 144 144 3 305176 303677 0 1 1 141 535 212 411 174 2300 2300 2300 0 128 128 128 0 1 1.0 1.0
110000 111000 2 1 104 104 103 849 849 153 153 1 327873 327873 0 0 1 151 505 486 495 13 0 0 0 0 0 0 0 0 0 0.0 0.0
111000 112000 4 3 122 122 120 1844 1844 158 158 4 367165 367165 0 0 2 153 713 185 408 239 2300 2300 2300 0 128 128 128 0 1 1.0 1.0
112000 113000 2 1 98 98 97 235 235 125 125 0 316396 316396 0 0 0 125 710 277 494 306 0 0 0 0 0 0 0 0 0 0.0 0.0
113000 114000 3 2 60 60 57 2054 2054 82 82 3 197676 197676 0 0 2 78 467 11 289 243 2300 2300 2300 0 128 128 128 0 1 1.0 1.0
114000 115000 2 1 102 102 101 840 840 137 137 1 326368 326368 0 0 0 135 529 465 497 45 0 0 0 0 0 0 0 0 0 0.0 0.0
115000 116000 3 2 119 119 116 2108 2108 155 155 4 373996 373996 0 0 2 151 531 463 493 34 2300 2300 2300 0 128 128 128 0 1 1.0 1.0
116000 117000 2 1 93 93 92 809 809 116 116 1 261055 258348 0 1 0 114 532 463 497 48 0 0 0 0 0 0 0 0 0 0.0 0.0
117000 118000 3 2 120 120 118 1583 1583 162 162 4 346746 343901 0 2 1 157 869 77 477 396 2300 2300 2300 0 128 128 128 0 1 1.0 1.0
118000 119000 3 2 109 109 108 929 929 136 136 1 323022 323022 0 0 1 134 862 93 362 433 2300 2300 2300 0 128 128 128 0 1 1.0 0.0
119000 120000 4 2 96 96 94 1681 1681 136 136 4 336754 336754 0 0 2 131 901 91 406 383 0 0 0 0 0 0 0 0 0 0.0 1.0
120000 121000 1 1 68 68 68 0 0 75 75 0 195457 195457 0 0 0 75 624 624 624 0 0 0 0 0 0 0 0 0 0 0.0 0.0
121000 122000 2 2 84 84 81 2394 2394 130 130 5 342124 342124 0 0 2 124 871 548 709 228 2300 2300 2300 0 128 128 128 0 1 1.0 1.0
122000 123000 2 1 119 119 118 897 897 131 131 1 271150 261504 0 4 1 130 867 127 497 523 0 0 0 0 0 0 0 0 0 0.0 0.0
123000 124000 3 2 113 113 111 1711 1711 188 188 4 368112 367479 0 0 2 184 809 56 496 391 2300 2300 2300 0 128 128 128 0 1 1.0 1.0
124000 125000 2 1 80 80 80 0 0 104 104 0 221716 221716 0 0 0 104 554 188 371 259 0 0 0 0 0 0 0 0 0 0.0 0.0
125000 126000 2 2 68 68 66 1643 1643 108 108 3 239245 239245 0 0 1 104 625 624 625 0 2300 2300 2300 0 128 128 128 0 1 1.0 0.0
126000 127000 4 2 120 120 118 1561 1561 150 150 3 331980 318719 0 5 1 146 624 304 419 140 0 0 0 0 128 128 128 0 0 1.0 1.0
127000 128000 4 3 82 82 80 1730 1730 128 128 3 287829 279020 0 4 2 125 917 0 389 412 2300 2300 2300 0 0 0 0 0 1 0.0 1.0
128000 129000 2 1 115 115 115 68 68 138 138 0 318038 315480 0 1 0 138 911 81 496 586 0 0 0 0 0 0 0 0 0 0.0 0.0
129000 130000 4 3 130 130 127 2443 2443 159 159 5 355722 355504 0 0 2 153 925 77 409 406 2300 2300 2300 0 128 128 128 0 1 1.0 1.0
130000 131000 4 3 144 144 142 1080 1080 196 196 2 396742 379558 0 10 1 193 925 69 452 354 2300 2300 2300 0 128 128 128 0 1 1.0 0.0
131000 132000 5 3 120 120 118 1756 1756 171 171 3 342655 322276 0 12 2 167 583 54 391 214 0 0 0 0 0 0 0 0 0 0.0 1.0
132000 133000 4 2 106 106 105 1204 1204 147 147 3 338255 338255 0 0 1 144 665 323 495 147 2300 2300 2300 0 128 128 128 0 1 1.0 0.0
133000 134000 3 2 93 93 92 1441 1441 116 116 3 296284 296284 0 0 1 112 658 436 550 111 0 0 0 0 0 0 0 0 0 0.0 1.0
134000 135000 3 2 109 109 108 1377 1377 142 142 2 321760 319449 0 1 1 139 574 423 479 83 2300 2300 2300 0 128 128 128 0 1 1.0 0.0
135000 136000 4 2 126 126 125 1056 1056 171 171 3 366092 360625 0 2 1 167 576 172 397 167 0 0 0 0 0 0 0 0 0 0.0 1.0
136000 137000 3 2 108 108 107 1128 1128 136 136 2 304039 299655 0 2 1 134 579 371 455 110 2300 2300 2300 0 128 128 128 0 1 1.0 0.0
137000 138000 4 2 112 112 110 1316 1316 143 143 2 322380 320755 0 0 1 141 595 342 480 128 0 0 0 0 0 0 0 0 0 0.0 1.0
138000 139000 4 2 50 50 49 1178 1178 69 69 2 145406 145406 0 0 1 66 633 52 347 237 2300 2300 2300 0 128 128 128 0 1 1.0 0.0
139000 140000 4 2 122 122 121 1320 1320 164 164 4 356211 351193 0 3 1 159 657 331 482 170 0 0 0 0 0 0 0 0 0 0.0 1.0
140000 141000 4 3 125 125 123 1465 1465 172 172 4 389127 380314 0 5 1 168 777 315 547 202 2300 2300 2300 0 128 128 128 0 1 1.0 0.0
141000 142000 3 2 90 90 89 1398 1398 106 106 2 270121 270121 0 0 1 103 773 218 555 296 0 0 0 0 0 0 0 0 0 0.0 1.0
142000 143000 3 2 102 102 101 919 919 140 140 2 342552 342552 0 0 1 137 871 160 416 394 2300 2300 2300 0 128 128 128 0 1 1.0 0.0
143000 144000 3 2 103 103 101 2151 2151 127 127 4 316462 316462 0 0 2 123 821 127 514 353 2300 2300 2300 0 128 128 128 0 1 1.0 1.0
144000 145000 2 2 62 62 61 458 458 94 94 1 247424 247424 0 0 0 93 798 226 512 404 0 0 0 0 0 0 0 0 0 0.0 0.0
145000 146000 3 2 76 76 74 1669 1669 113 113 2 253327 253327 0 0 1 111 796 195 529 305 0 0 0 0 0 0 0 0 0 0.0 1.0
146000 147000 4 2 96 96 95 832 832 133 133 2 285956 285956 0 0 1 130 593 194 345 190 2300 2300 2300 0 128 128 128 0 1 1.0 0.0
147000 148000 3 2 114 114 112 1501 1501 154 154 4 347050 347050 0 0 1 150 595 403 529 109 2300 2300 2300 0 0 0 0 0 1 0.0 1.0
148000 149000 3 2 108 108 107 1000 1000 138 138 2 348987 348987 0 0 1 136 591 384 458 114 0 0 0 0 128 128 128 0 0 1.0 0.0
149000 150000 3 2 114 114 111 1957 1957 152 152 4 348555 343660 0 2 2 147 594 407 529 105 2300 2300 2300 0 128 128 128 0 1 1.0 1.0
150000 151000 3 2 104 104 103 544 544 135 135 1 323540 320107 0 2 0 133 585 80 359 256 0 0 0 0 0 0 0 0 0 0.0 0.0
151000 152000 3 2 116 116 113 2154 2154 161 161 4 362635 357748 0 3 2 157 584 403 466 102 2300 2300 2300 0 128 128 128 0 1 1.0 1.0
152000 153000 2 1 114 114 113 831 831 138 138 0 287444 273829 0 8 1 137 582 411 496 120 0 0 0 0 0 0 0 0 0 0.0 0.0
153000 154000 2 1 58 58 57 837 837 68 68 2 129728 122648 0 4 1 66 560 404 482 109 0 0 0 0 0 0 0 0 0 0.0 1.0
154000 155000 2 2 72 72 70 1070 1070 123 123 3 287736 287736 0 0 1 120 865 378 622 344 2300 2300 2300 0 128 128 128 0 1 1.0 0.0
155000 156000 4 3 129 129 127 1944 1944 166 166 4 406219 382489 0 9 2 162 812 130 474 294 2300 2300 2300 0 128 128 128 0 1 1.0 1.0
156000 157000 2 1 83 83 82 667 667 121 121 1 286011 286011 0 0 0 119 591 400 496 135 0 0 0 0 0 0 0 0 0 0.0 0.0
157000 158000 4 3 124 124 122 1831 1831 164 164 3 361374 361374 0 0 2 160 594 276 397 142 2300 2300 2300 0 128 128 128 0 1 1.0 1.0
158000 159000 2 1 95 95 93 1175 1175 148 148 1 274262 274262 0 0 1 146 590 401 496 133 0 0 0 0 0 0 0 0 0 0.0 0.0
159000 160000 4 3 107 107 105 1996 1996 166 166 4 349546 349546 0 0 2 161 461 251 343 101 2300 2300 2300 0 128 128 128 0 1 1.0 1.0
160000 161000 2 1 99 99 98 388 388 143 143 0 325801 324520 0 0 0 142 532 460 496 50 0 0 0 0 0 0 0 0 0 0.0 0.0
161000 162000 3 2 109 109 106 2113 2113 141 141 4 328231 326736 0 1 2 136 546 455 512 49 2300 2300 2300 0 128 128 128 0 1 1.0 1.0
162000 163000 2 1 77 77 76 747 747 95 95 1 257186 257186 0 0 0 93 542 450 496 65 0 0 0 0 0 0 0 0 0 0.0 0.0
163000 164000 3 2 96 96 94 1314 1314 133 133 3 278135 272835 0 3 1 129 549 243 422 159 2300 2300 2300 0 128 128 128 0 1 1.0 1.0
164000 165000 2 1 121 121 120 440 440 151 151 1 327751 321947 0 3 0 150 519 473 496 32 0 0 0 0 0 0 0 0 0 0.0 0.0
165000 166000 3 3 110 110 107 2405 2405 173 173 5 395398 395398 0 0 2 167 880 231 553 324 2300 2300 2300 0 128 128 128 0 1 1.0 1.0
166000 167000 2 1 107 107 107 96 96 140 140 0 289442 288054 0 1 0 140 840 114 477 513 0 0 0 0 0 0 0 0 0 0.0 0.0
167000 168000 2 2 82 82 80 2387 2387 128 128 5 289848 289848 0 0 2 123 862 537 699 229 2300 2300 2300 0 128 128 128 0 1 1.0 1.0
168000 169000 3 2 96 96 95 963 963 140 140 1 305707 305707 0 0 1 138 856 53 348 441 2300 2300 2300 0 128 128 128 0 1 1.0 0.0
169000 170000 3 2 132 132 130 1653 1653 163 163 4 387779 387779 0 0 1 159 851 140 549 367 0 0 0 0 0 0 0 0 0 0.0 1.0
170000 171000 2 1 71 71 70 725 725 70 70 0 177655 177655 0 0 0 70 850 147 499 496 0 0 0 0 0 0 0 0 0 0.0 0.0
171000 172000 3 2 117 117 115 1662 1662 164 164 5 338438 327713 0 6 2 158 863 134 505 364 2300 2300 2300 0 128 128 128 0 1 1.0 1.0
172000 173000 3 2 114 114 113 955 955 131 131 1 318027 314582 0 1 1 130 854 114 368 420 2300 2300 2300 0 128 128 128 0 1 1.0 0.0
173000 174000 4 2 89 89 87 1762 1762 130 130 5 268804 255293 0 7 2 125 883 107 337 370 0 0 0 0 0 0 0 0 0 0.0 1.0
174000 175000 2 2 88 88 87 1166 1166 96 96 1 240658 240658 0 0 1 95 786 232 509 391 2300 2300 2300 0 128 128 128 0 1 1.0 0.0
175000 176000 2 2 112 112 111 1233 1233 177 177 3 398046 391740 0 3 1 173 904 672 788 164 0 0 0 0 0 0 0 0 0 0.0 1.0
176000 177000 4 3 132 132 132 619 619 159 159 1 366343 356560 0 6 0 157 893 91 420 338 2300 2300 2300 0 128 128 128 0 1 1.0 0.0
177000 178000 4 3 119 119 116 1882 1882 166 166 4 340687 321070 0 10 2 161 670 323 522 145 0 0 0 0 0 0 0 0 0 0.0 1.0
178000 179000 3 3 121 121 120 782 782 170 170 1 364848 351683 0 7 0 168 631 372 502 129 2300 2300 2300 0 128 128 128 0 1 1.0 0.0
179000 180000 5 3 132 132 129 1992 1992 169 169 4 338692 321366 0 10 2 164 503 267 415 115 0 0 0 0 0 0 0 0 0 0.0 1.0
180000 181000 4 2 83 83 82 1229 1229 90 90 2 197579 193909 0 2 1 88 658 263 398 178 2300 2300 2300 0 128 128 128 0 1 1.0 0.0
181000 182000 4 2 109 109 107 1504 1504 145 145 3 348915 348915 0 0 1 141 735 262 472 216 0 0 0 0 0 0 0 0 0 0.0 1.0
182000 183000 4 2 64 64 62 1407 1407 80 80 2 184878 183911 0 0 1 77 735 89 435 310 2300 2300 2300 0 128 128 128 0 1 1.0 0.0
183000 184000 3 2 122 122 122 590 590 177 177 3 356920 347055 0 6 0 174 908 85 554 423 0 0 0 0 0 0 0 0 0 0.0 1.0
184000 185000 3 3 120 120 119 1032 1032 139 139 2 339793 339793 0 0 1 137 637 373 494 133 2300 2300 2300 0 128 128 128 0 1 1.0 0.0
185000 186000 4 2 104 104 101 2153 2153 147 147 4 359795 359795 0 0 2 142 603 327 481 116 0 0 0 0 0 0 0 0 0 0.0 1.0
186000 187000 4 2 104 104 103 1390 1390 154 154 3 346336 344141 0 0 1 150 670 327 487 141 2300 2300 2300 0 128 128 128 0 1 1.0 0.0
187000 188000 4 2 129 129 128 1124 1124 165 165 3 353042 342274 0 5 1 161 666 324 459 157 0 0 0 0 0 0 0 0 0 0.0 1.0
188000 189000 3 2 121 121 120 984 984 160 160 2 322061 309050 0 6 1 157 671 323 446 195 2300 2300 2300 0 128 128 128 0 1 1.0 0.0
189000 190000 3 2 93 93 91 1521 1521 111 111 2 256493 256493 0 0 1 108 674 313 527 189 0 0 0 0 0 0 0 0 0 0.0 1.0
190000 191000 3 2 97 97 95 980 980 124 124 2 252931 238351 0 8 1 122 582 247 424 168 2300 2300 2300 0 128 128 128 0 1 1.0 0.0
191000 192000 3 2 108 108 106 1505 1505 140 140 4 309342 299075 0 5 1 136 593 410 528 102 0 0 0 0 0 0 0 0 0 0.0 1.0
192000 193000 3 2 99 99 97 996 996 140 140 2 331493 331493 0 0 1 137 570 377 448 106 2300 2300 2300 0 128 128 128 0 1 1.0 0.0
193000 194000 3 2 121 121 119 1693 1693 179 179 4 361456 352123 0 5 2 175 592 425 528 90 2300 2300 2300 0 128 128 128 0 1 1.0 1.0
194000 195000 3 2 119 119 118 808 808 173 173 1 339981 332900 0 4 0 171 565 217 404 175 0 0 0 0 0 0 0 0 0 0.0 0.0
195000 196000 3 2 128 128 126 1890 1890 178 178 4 357892 353118 0 3 2 173 592 433 529 84 2300 2300 2300 0 128 128 128 0 1 1.0 1.0
196000 197000 3 2 116 116 115 611 611 146 146 1 323203 319553 0 3 0 144 559 103 364 235 0 0 0 0 0 0 0 0 0 0.0 0.0
197000 198000 3 2 127 127 125 2130 2130 168 168 4 348218 339729 0 5 2 164 557 434 493 61 2300 2300 2300 0 128 128 128 0 1 1.0 1.0
198000 199000 2 1 106 106 105 371 371 134 134 0 300541 293853 0 4 0 133 555 439 497 81 0 0 0 0 0 0 0 0 0 0.0 0.0
199000 200000 3 2 69 69 67 1441 1441 94 94 3 210774 210774 0 0 1 91 595 425 514 85 0 0 0 0 0 0 0 0 0 0.0 1.0
200000 201000 3 2 102 102 101 1060 1060 140 140 2 257974 245230 0 7 1 138 519 392 462 64 2300 2300 2300 0 128 128 128 0 1 1.0 0.0
201000 202000 4 3 146 146 144 1845 1845 187 187 3 363060 333849 0 14 2 184 518 220 426 138 2300 2300 2300 0 128 128 128 0 1 1.0 1.0
202000 203000 4 2 135 135 134 1251 1251 186 186 1 380402 355245 0 14 1 184 779 217 440 252 0 0 0 0 0 0 0 0 0 0.0 0.0
203000 204000 4 3 120 120 117 1906 1906 147 147 4 319629 314651 0 3 2 142 773 282 506 202 2300 2300 2300 0 128 128 128 0 1 1.0 1.0
204000 205000 2 1 93 93 92 455 455 119 119 1 303354 303354 0 0 0 118 526 459 493 47 0 0 0 0 0 0 0 0 0 0.0 0.0
205000 206000 4 3 96 96 94 2046 2046 131 131 4 299523 299523 0 0 2 126 390 256 321 70 2300 2300 2300 0 128 128 128 0 1 1.0 1.0
206000 207000 2 1 102 102 101 661 661 140 140 1 333876 333876 0 0 0 139 625 371 498 179 0 0 0 0 0 0 0 0 0 0.0 0.0
207000 208000 3 2 118 118 116 1640 1640 167 167 3 383712 362309 0 10 1 164 761 256 526 254 2300 2300 2300 0 128 128 128 0 1 1.0 1.0
208000 209000 3 2 113 113 113 200 200 121 121 1 294985 282098 0 6 0 120 757 237 477 262 0 0 0 0 0 0 0 0 0 0.0 0.0
209000 210000 3 2 60 60 58 2067 2067 90 90 3 197767 197767 0 0 2 86 481 82 309 204 2300 2300 2300 0 128 128 128 0 1 1.0 1.0
210000 211000 2 1 91 91 90 906 906 119 119 1 297268 297268 0 0 1 118 513 478 496 24 0 0 0 0 0 0 0 0 0 0.0 0.0
211000 212000 4 3 101 101 98 2030 2030 140 140 4 337518 337518 0 0 2 135 453 267 342 89 2300 2300 2300 0 128 128 128 0 1 1.0 1.0
212000 213000 2 1 84 84 83 789 789 116 116 1 280435 280435 0 0 0 114 545 449 497 68 0 0 0 0 0 0 0 0 0 0.0 0.0
213000 214000 3 2 89 89 87 1598 1598 124 124 3 245457 237091 0 6 1 121 860 0 451 431 2300 2300 2300 0 128 128 128 0 1 1.0 1.0
214000 215000 2 1 106 106 106 113 113 146 146 0 344617 343312 0 0 0 145 859 134 497 513 0 0 0 0 0 0 0 0 0 0.0 0.0
215000 216000 5 4 155 154 150 4363 4363 205 205 9 374411 329613 0 25 4 195 710 139 462 223 2300 2300 2300 0 128 128 128 0 1 1.0 1.0
216000 217000 2 1 107 107 107 243 243 127 127 0 297405 293789 0 2 0 126 708 289 498 296 0 0 0 0 0 0 0 0 0 0.0 0.0
217000 218000 4 3 127 127 124 2442 2442 175 175 5 387730 387730 0 0 2 169 929 153 419 347 2300 2300 2300 0 128 128 128 0 1 1.0 1.0
218000 219000 2 1 90 90 90 59 59 98 98 0 253373 253373 0 0 0 98 752 70 411 482 0 0 0 0 0 0 0 0 0 0.0 0.0
219000 220000 2 2 134 134 131 2389 2389 197 197 5 352483 340545 0 8 2 191 862 545 704 224 2300 2300 2300 0 128 128 128 0 1 1.0 1.0
220000 221000 4 3 102 102 99 1076 1076 145 145 2 310908 309058 0 1 1 141 860 110 377 348 2300 2300 2300 0 128 128 128 0 1 1.0 0.0
221000 222000 3 2 129 129 127 1538 1538 177 177 4 382414 372935 0 5 1 173 853 136 551 371 0 0 0 0 0 0 0 0 0 0.0 1.0
222000 223000 4 3 132 132 131 938 938 157 157 1 343068 337700 0 4 1 155 645 146 372 206 2300 2300 2300 0 128 128 128 0 1 1.0 0.0
223000 224000 4 2 95 95 92 2107 2107 132 132 4 286147 280520 0 4 2 128 671 319 467 176 0 0 0 0 0 0 0 0 0 0.0 1.0
224000 225000 4 2 63 63 61 1404 1404 82 82 3 181905 181905 0 0 1 79 676 132 447 268 2300 2300 2300 0 128 128 128 0 1 1.0 0.0
225000 226000 3 2 131 131 130 679 679 166 166 3 358492 358492 0 0 0 163 857 130 548 375 0 0 0 0 0 0 0 0 0 0.0 1.0
226000 227000 3 2 103 103 101 1151 1151 129 129 2 308070 308070 0 0 1 127 741 121 411 311 2300 2300 2300 0 128 128 128 0 1 1.0 0.0
227000 228000 3 2 93 93 91 1536 1536 132 132 3 299372 299372 0 0 1 128 683 370 560 166 0 0 0 0 0 0 0 0 0 0.0 1.0
228000 229000 3 2 98 98 96 1140 1140 124 124 1 290612 290612 0 0 1 123 628 348 449 156 2300 2300 2300 0 128 128 128 0 1 1.0 0.0
229000 230000 4 2 108 108 106 1659 1659 166 166 4 341468 341468 0 0 1 161 621 342 486 150 0 0 0 0 0 0 0 0 0 0.0 1.0
230000 231000 3 2 106 106 105 1072 1072 155 155 3 322663 322663 0 0 1 152 629 368 539 148 2300 2300 2300 0 128 128 128 0 1 1.0 0.0
231000 232000 3 2 90 90 88 1130 1130 114 114 2 257889 257889 0 0 1 112 629 266 421 187 0 0 0 0 0 0 0 0 0 0.0 1.0
232000 233000 3 2 78 78 76 1130 1130 95 95 1 189848 186248 0 2 1 94 627 341 446 157 2300 2300 2300 0 128 128 128 0 1 1.0 0.0
233000 234000 4 2 128 128 126 1351 1351 171 171 3 344353 338329 0 3 1 168 635 337 491 158 0 0 0 0 0 0 0 0 0 0.0 1.0
234000 235000 4 2 69 69 67 1245 1245 91 91 2 208161 207241 0 0 1 88 638 244 394 170 2300 2300 2300 0 128 128 128 0 1 1.0 0.0
235000 236000 4 2 127 127 125 1570 1570 181 181 4 397205 392096 0 3 1 177 667 327 457 162 0 0 0 0 0 0 0 0 0 0.0 1.0
236000 237000 4 2 138 138 137 1340 1340 176 176 3 326766 315872 0 7 1 172 666 320 457 166 2300 2300 2300 0 128 128 128 0 1 1.0 0.0
237000 238000 3 2 155 155 155 556 556 186 186 2 335815 323787 0 8 0 184 674 325 557 201 0 0 0 0 0 0 0 0 0 0.0 1.0
238000 239000 3 3 90 90 88 1621 1621 138 138 3 312611 312611 0 0 1 134 922 155 463 405 2300 2300 2300 0 128 128 128 0 1 1.0 0.0
239000 240000 3 2 106 106 103 2196 2196 117 117 4 289754 289754 0 0 2 113 854 71 506 399 2300 2300 2300 0 128 128 128 0 1 1.0 1.0
240000 241000 2 2 90 90 90 365 365 150 150 1 305115 299246 0 3 0 148 840 168 504 475 0 0 0 0 0 0 0 0 0 0.0 0.0
241000 242000 3 2 130 130 128 1698 1698 184 184 3 358739 338665 0 13 2 181 840 153 529 348 2300 2300 2300 0 0 0 0 0 1 0.0 1.0
242000 243000 4 2 127 127 126 803 803 186 186 2 372111 331520 0 21 0 183 839 154 497 289 0 0 0 0 128 128 128 0 0 1.0 0.0
243000 244000 4 2 99 99 97 1483 1483 120 120 3 227823 219204 0 5 1 116 591 63 412 247 0 0 0 0 0 0 0 0 0 0.0 1.0
244000 245000 3 2 74 74 73 1018 1018 100 100 2 207730 200803 0 4 1 98 583 400 465 101 2300 2300 2300 0 128 128 128 0 1 1.0 0.0
245000 246000 3 2 90 90 88 1042 1042 121 121 2 289300 286993 0 1 1 118 594 414 530 100 0 0 0 0 0 0 0 0 0 0.0 1.0
246000 247000 4 3 115 115 113 1459 1459 151 151 3 353067 353066 0 0 1 147 569 293 390 122 2300 2300 2300 0 128 128 128 0 1 1.0 0.0
247000 248000 3 2 123 123 121 1534 1534 183 183 3 399113 388454 0 7 1 180 595 420 528 94 2300 2300 2300 0 128 128 128 0 1 1.0 1.0
248000 249000 4 2 119 119 118 1430 1430 169 169 2 369795 351963 0 9 1 167 592 319 466 129 0 0 0 0 0 0 0 0 0 0.0 0.0
249000 250000 5 3 121 121 119 1692 1692 171 171 4 335205 320435 0 6 2 166 588 181 374 156 2300 2300 2300 0 128 128 128 0 1 1.0 1.0
250000 251000 2 1 140 140 140 346 346 181 181 0 314190 298238 0 9 0 180 586 410 498 124 0 0 0 0 0 0 0 0 0 0.0 0.0
251000 252000 3 2 140 140 137 2153 2153 177 177 4 357744 349719 0 4 2 173 585 412 480 92 2300 2300 2300 0 128 128 128 0 1 1.0 1.0
252000 253000 2 1 88 88 87 829 829 99 99 0 243939 243939 0 0 1 99 578 413 496 116 0 0 0 0 0 0 0 0 0 0.0 0.0
253000 254000 3 2 93 93 91 1593 1593 132 132 3 278994 278994 0 0 1 128 491 350 416 70 2300 2300 2300 0 128 128 128 0 1 1.0 1.0
254000 255000 2 1 100 100 99 844 844 137 137 1 308154 308154 0 0 1 135 507 484 496 15 0 0 0 0 0 0 0 0 0 0.0 0.0
255000 256000 4 3 106 106 104 2084 2084 135 135 4 291305 290142 0 0 2 130 493 266 327 110 2300 2300 2300 0 128 128 128 0 1 1.0 1.0
256000 257000 2 1 115 115 115 275 275 160 160 1 349544 346576 0 2 0 159 713 279 496 307 0 0 0 0 0 0 0 0 0 0.0 0.0
257000 258000 4 3 123 123 121 1958 1958 154 154 4 320625 320625 0 0 2 150 677 0 383 305 2300 2300 2300 0 128 128 128 0 1 1.0 1.0
258000 259000 2 1 88 88 87 885 885 117 117 1 251911 251911 0 0 1 115 676 316 496 254 0 0 0 0 0 0 0 0 0 0.0 0.0
259000 260000 3 2 96 96 94 1769 1769 144 144 4 302430 298998 0 1 2 139 862 244 465 344 2300 2300 2300 0 128 128 128 0 1 1.0 1.0
260000 261000 2 1 106 106 106 115 115 134 134 0 321953 321407 0 0 0 133 859 137 498 510 0 0 0 0 0 0 0 0 0 0.0 0.0
261000 262000 4 3 127 127 124 2429 2429 168 168 5 376564 362684 0 8 2 162 911 137 455 342 2300 2300 2300 0 128 128 128 0 1 1.0 1.0
262000 263000 2 1 109 109 109 72 72 138 138 0 343204 343204 0 0 0 138 911 85 498 583 0 0 0 0 0 0 0 0 0 0.0 0.0
263000 264000 4 3 107 107 105 2433 2433 157 157 5 322692 322692 0 0 2 151 912 87 409 357 2300 2300 2300 0 128 128 128 0 1 1.0 1.0
264000 265000 2 1 108 108 108 68 68 140 140 0 281592 281592 0 0 0 139 821 80 450 523 0 0 0 0 0 0 0 0 0 0.0 0.0
265000 266000 2 2 155 155 153 2251 2251 211 211 5 362164 343628 0 13 2 206 863 859 861 3 2300 2300 2300 0 128 128 128 0 1 1.0 1.0
266000 267000 4 2 116 116 114 1670 1670 117 117 1 190201 181054 0 7 1 115 855 74 467 417 0 0 0 0 0 0 0 0 0 0.0 0.0
267000 268000 4 2 95 95 93 1081 1081 119 119 4 290714 289752 0 1 1 114 640 133 368 254 2300 2300 2300 0 128 128 128 0 1 1.0 1.0
268000 269000 3 2 89 89 88 821 821 116 116 2 285191 285191 0 0 0 114 633 139 377 247 2300 2300 2300 0 128 128 128 0 1 1.0 0.0
269000 270000 3 2 114 114 112 1680 1680 160 160 4 347178 347178 0 0 2 156 673 360 554 169 0 0 0 0 0 0 0 0 0 0.0 1.0
270000 271000 4 3 143 143 143 376 376 190 190 0 355071 329529 0 17 0 189 624 50 353 234 2300 2300 2300 0 128 128 128 0 1 1.0 0.0
271000 272000 6 3 135 135 132 2399 2399 212 212 5 403995 384721 0 15 2 207 944 46 363 339 0 0 0 0 0 0 0 0 0 0.0 1.0
272000 273000 3 2 91 91 90 568 568 102 102 0 229554 225790 0 2 0 101 652 161 470 269 2300 2300 2300 0 0 0 0 0 1 0.0 0.0
273000 274000 3 2 123 123 121 1807 1807 156 156 4 363948 363948 0 0 2 152 829 161 506 334 0 0 0 0 128 128 128 0 0 1.0 1.0
274000 275000 3 2 105 105 104 1056 1056 136 136 1 292308 286147 0 3 1 134 754 43 389 355 2300 2300 2300 0 128 128 128 0 1 1.0 0.0
275000 276000 3 2 118 118 116 1298 1298 161 161 4 312204 301802 0 5 1 157 656 368 550 157 0 0 0 0 0 0 0 0 0 0.0 1.0
276000 277000 3 2 84 84 83 930 930 108 108 1 223986 223986 0 0 1 106 366 343 358 12 2300 2300 2300 0 128 128 128 0 1 1.0 0.0
277000 278000 4 2 113 113 111 2163 2163 158 158 4 330362 330362 0 0 2 153 634 339 486 157 0 0 0 0 0 0 0 0 0 0.0 1.0
278000 279000 4 2 115 115 114 1388 1388 154 154 3 332243 326885 0 3 1 150 653 320 491 176 2300 2300 2300 0 128 128 128 0 1 1.0 0.0
279000 280000 4 2 134 134 133 1135 1135 198 198 3 393986 381809 0 7 1 194 676 315 490 186 0 0 0 0 0 0 0 0 0 0.0 1.0
280000 281000 3 2 106 106 105 1067 1067 139 139 3 309690 307793 0 1 1 136 682 314 494 184 2300 2300 2300 0 128 128 128 0 1 1.0 0.0
281000 282000 3 2 90 90 89 1083 1083 109 109 2 254215 254215 0 0 1 106 680 311 449 201 0 0 0 0 0 0 0 0 0 0.0 1.0
282000 283000 3 2 62 62 61 902 902 109 109 2 222322 204131 0 11 1 107 683 308 452 202 2300 2300 2300 0 128 128 128 0 1 1.0 0.0
283000 284000 5 3 132 132 129 1858 1858 167 167 3 322897 284435 0 22 2 163 691 265 428 194 0 0 0 0 0 0 0 0 0 0.0 1.0
284000 285000 4 2 87 87 85 1418 1418 91 91 2 157984 148556 0 4 1 89 686 146 448 265 2300 2300 2300 0 128 128 128 0 1 1.0 0.0
285000 286000 3 2 118 118 118 685 685 190 190 3 373800 373800 0 0 0 187 847 146 552 363 0 0 0 0 0 0 0 0 0 0.0 1.0
286000 287000 3 2 113 113 111 1558 1558 152 152 3 329841 327084 0 2 1 149 847 145 541 359 2300 2300 2300 0 128 128 128 0 1 1.0 0.0
287000 288000 3 2 126 126 125 1213 1213 161 161 2 376087 376087 0 0 1 158 849 139 527 359 2300 2300 2300 0 0 0 0 0 1 0.0 1.0
288000 289000 3 2 111 111 110 1288 1288 137 137 3 308714 308714 0 0 1 134 592 390 461 114 0 0 0 0 128 128 128 0 0 1.0 0.0
289000 290000 3 2 101 101 99 1769 1769 137 137 4 344156 344156 0 0 2 133 596 405 530 108 2300 2300 2300 0 128 128 128 0 1 1.0 1.0
290000 291000 3 2 94 94 93 732 732 126 126 1 337325 337325 0 0 0 124 587 183 391 202 0 0 0 0 0 0 0 0 0 0.0 0.0
291000 292000 3 2 102 102 100 1490 1490 152 152 3 333139 329100 0 1 1 148 595 411 529 102 2300 2300 2300 0 0 0 0 0 1 0.0 1.0
292000 293000 4 2 110 110 108 1454 1454 157 157 2 343011 327594 0 7 1 154 579 392 475 86 0 0 0 0 128 128 128 0 0 1.0 0.0
293000 294000 4 2 90 90 88 1371 1371 106 106 2 248864 238215 0 5 1 103 576 412 483 74 0 0 0 0 0 0 0 0 0 0.0 1.0
294000 295000 4 2 83 83 81 1145 1145 107 107 2 258777 258777 0 0 1 104 539 288 454 112 2300 2300 2300 0 128 128 128 0 1 1.0 0.0
295000 296000 4 2 117 117 115 1628 1628 154 154 4 371136 371136 0 0 1 149 504 426 476 34 2300 2300 2300 0 128 128 128 0 1 1.0 1.0
296000 297000 2 1 99 99 99 415 415 128 128 0 316406 316406 0 0 0 127 501 492 496 6 0 0 0 0 0 0 0 0 0 0.0 0.0
297000 298000 4 3 115 115 112 2076 2076 160 160 4 369204 369204 0 0 2 155 497 248 407 117 2300 2300 2300 0 128 128 128 0 1 1.0 1.0
298000 299000 2 1 90 90 88 1247 1247 113 113 1 268660 268660 0 0 1 111 504 493 498 8 0 0 0 0 0 0 0 0 0 0.0 0.0
299000 300000 3 2 101 101 99 1256 1256 133 133 3 293721 293721 0 0 1 130 502 225 407 157 2300 2300 2300 0 128 128 128 0 1 1.0 1.0
300000 301000 1 1 46 46 46 423 423 69 69 1 160848 160848 0 0 0 68 501 501 501 0 0 0 0 0 0 0 0 0 0 0.0 0.0
