ts te nbins ncons c_tcp_packs c_tcp_bytes c_udp_packs c_udp_bytes s_tcp_packs s_tcp_bytes s_udp_packs s_udp_bytes max_bins_span min_bins_span avg_bins_span std_bins_span max_video_rate min_video_rate avg_video_rate std_video_rate max_audio_rate min_audio_rate avg_audio_rate std_audio_rate video_requests audio_requests
0 1000 0 0 0 0 0 0 0 0 0 0 0 0 0 0 0 0 0 0 0 0 0 0 0 0
1000 2000 0 0 0 0 0 0 0 0 0 0 0 0 0 0 0 0 0 0 0 0 0 0 0 0
2000 3000 0 0 0 0 0 0 0 0 0 0 0 0 0 0 0 0 0 0 0 0 0 0 0 0
3000 4000 0 0 0 0 0 0 0 0 0 0 0 0 0 0 0 0 0 0 0 0 0 0 0 0
4000 5000 0 0 0 0 0 0 0 0 0 0 0 0 0 0 0 0 0 0 0 0 0 0 0 0
5000 6000 0 0 0 0 0 0 0 0 0 0 0 0 0 0 0 0 0 0 0 0 0 0 0 0
6000 7000 0 0 0 0 0 0 0 0 0 0 0 0 0 0 0 0 0 0 0 0 0 0 0 0
7000 8000 0 0 0 0 0 0 0 0 0 0 0 0 0 0 0 0 0 0 0 0 0 0 0 0
8000 9000 0 0 0 0 0 0 0 0 0 0 0 0 0 0 0 0 0 0 0 0 0 0 0 0
9000 10000 0 0 0 0 0 0 0 0 0 0 0 0 0 0 0 0 0 0 0 0 0 0 0 0
10000 11000 0 0 0 0 0 0 0 0 0 0 0 0 0 0 0 0 0 0 0 0 0 0 0 0
11000 12000 0 0 0 0 0 0 0 0 0 0 0 0 0 0 0 0 0 0 0 0 0 0 0 0
12000 13000 0 0 0 0 0 0 0 0 0 0 0 0 0 0 0 0 0 0 0 0 0 0 0 0
13000 14000 0 0 0 0 0 0 0 0 0 0 0 0 0 0 0 0 0 0 0 0 0 0 0 0
14000 15000 0 0 0 0 0 0 0 0 0 0 0 0 0 0 0 0 0 0 0 0 0 0 0 0
15000 16000 1 1 0 113 0 0 0 312 0 0 46 46 46 0 0 0 0 0 0 0 0 0 0 0
16000 17000 1 1 3 1624 0 0 5 4479 0 0 664 664 664 0 0 0 0 0 0 0 0 0 0 0
17000 18000 1 1 5 1409 0 0 9 6127 0 0 816 816 816 0 0 0 0 0 0 0 0 0 0 0
18000 19000 5 4 28 7557 0 0 44 44900 0 0 792 26 487 358 480 480 480 0 128 128 128 0 2 2
19000 20000 5 4 24 3646 0 0 56 90094 0 0 724 0 411 290 0 0 0 0 0 0 0 0 0 0
20000 21000 6 4 56 4198 0 0 77 101149 0 0 764 24 413 330 0 0 0 0 0 0 0 0 0 0
21000 22000 7 5 57 1072 0 0 78 117675 0 0 697 208 420 209 288 288 288 0 0 0 0 0 3 0
22000 23000 6 4 58 1196 0 0 66 95711 0 0 768 0 343 315 0 0 0 0 128 128 128 0 0 1
23000 24000 6 4 45 3176 0 0 95 129366 0 0 876 8 419 374 288 288 288 0 128 128 128 0 1 2
24000 25000 6 3 79 1964 0 0 118 177390 0 0 877 0 443 329 288 288 288 0 128 128 128 0 1 1
25000 26000 4 2 48 1713 0 0 54 76863 0 0 662 330 490 160 0 0 0 0 0 0 0 0 0 0
26000 27000 4 3 63 1217 0 0 109 152103 0 0 749 263 498 228 288 288 288 0 128 128 128 0 1 1
27000 28000 5 3 54 945 0 0 80 110647 0 0 707 101 321 246 288 288 288 0 128 128 128 0 1 1
28000 29000 7 4 82 3007 0 0 105 137351 0 0 883 99 398 258 288 288 288 0 128 128 128 0 1 1
29000 30000 3 2 55 2023 0 0 80 106973 0 0 797 320 561 238 288 288 288 0 128 128 128 0 1 1
30000 31000 3 2 65 988 0 0 80 109802 0 0 965 65 463 458 288 288 288 0 0 0 0 0 1 0
31000 32000 3 2 79 3195 0 0 93 125699 0 0 965 21 633 530 288 288 288 0 128 128 128 0 1 2
32000 33000 4 3 78 1501 0 0 128 174957 0 0 934 31 629 412 288 288 288 0 0 0 0 0 1 0
33000 34000 4 3 63 2597 0 0 88 118959 0 0 877 128 599 353 288 288 288 0 128 128 128 0 1 1
34000 35000 6 3 65 2413 0 0 75 99308 0 0 868 98 445 337 288 288 288 0 128 128 128 0 1 1
35000 36000 4 2 59 947 0 0 90 123731 0 0 851 98 485 408 0 0 0 0 128 128 128 0 0 1
36000 37000 6 4 107 2611 0 0 123 165064 0 0 946 106 408 385 288 288 288 0 128 128 128 0 1 1
37000 38000 3 2 20 781 0 0 24 32613 0 0 821 8 305 448 480 480 480 0 128 128 128 0 1 1
38000 39000 5 3 95 1744 0 0 99 134560 0 0 845 20 373 344 0 0 0 0 0 0 0 0 0 0
39000 40000 2 2 39 1328 0 0 63 85572 0 0 927 595 761 234 480 480 480 0 128 128 128 0 1 1
40000 41000 4 3 44 1154 0 0 53 71204 0 0 590 217 444 175 0 0 0 0 0 0 0 0 0 0
41000 42000 3 2 42 1004 0 0 58 80392 0 0 597 401 523 106 0 0 0 0 128 128 128 0 0 1
42000 43000 5 3 56 2140 0 0 78 104067 0 0 870 378 549 198 480 480 480 0 0 0 0 0 1 0
43000 44000 6 3 70 1138 0 0 85 117866 0 0 866 116 428 265 288 288 288 0 128 128 128 0 1 1
44000 45000 6 3 55 1375 0 0 71 94816 0 0 727 128 380 211 0 0 0 0 0 0 0 0 0 0
45000 46000 4 2 51 1023 0 0 57 76954 0 0 720 265 491 185 288 288 288 0 128 128 128 0 1 1
46000 47000 4 3 53 1842 0 0 71 95761 0 0 871 327 538 234 288 288 288 0 128 128 128 0 1 1
47000 48000 4 2 35 1396 0 0 44 56524 0 0 542 118 326 198 0 0 0 0 0 0 0 0 0 0
48000 49000 3 2 42 1494 0 0 52 68755 0 0 679 428 553 125 288 288 288 0 128 128 128 0 1 1
49000 50000 3 2 28 811 0 0 29 38706 0 0 658 17 331 320 0 0 0 0 0 0 0 0 0 0
50000 51000 3 2 44 1910 0 0 63 84410 0 0 642 333 539 177 288 288 288 0 128 128 128 0 1 1
51000 52000 4 2 40 2503 0 0 49 64904 0 0 640 332 488 166 0 0 0 0 0 0 0 0 0 0
52000 53000 4 2 41 1415 0 0 54 71382 0 0 622 344 483 159 288 288 288 0 128 128 128 0 1 1
53000 54000 4 2 31 310 0 0 40 53830 0 0 603 177 390 175 0 0 0 0 0 0 0 0 0 0
54000 55000 4 3 46 1896 0 0 64 84227 0 0 870 387 552 218 288 288 288 0 128 128 128 0 1 1
55000 56000 4 2 46 1317 0 0 47 64352 0 0 856 108 386 351 0 0 0 0 0 0 0 0 0 0
56000 57000 2 1 7 826 0 0 10 10304 0 0 852 128 490 511 0 0 0 0 0 0 0 0 0 0
57000 58000 3 2 42 875 0 0 69 93628 0 0 893 141 620 415 288 288 288 0 128 128 128 0 1 1
58000 59000 5 3 69 2275 0 0 87 116493 0 0 889 33 542 435 288 288 288 0 128 128 128 0 1 1
59000 60000 6 3 66 1701 0 0 80 107675 0 0 850 73 465 399 288 288 288 0 128 128 128 0 1 1
60000 61000 6 4 74 1109 0 0 72 95531 0 0 764 154 475 266 0 0 0 0 0 0 0 0 0 0
61000 62000 2 2 24 935 0 0 36 48186 0 0 619 472 546 103 288 288 288 0 128 128 128 0 1 1
62000 63000 5 3 52 1565 0 0 66 85172 0 0 750 367 536 147 0 0 0 0 0 0 0 0 0 0
63000 64000 4 3 25 360 0 0 35 48167 0 0 314 86 191 114 288 288 288 0 128 128 128 0 1 1
64000 65000 5 3 63 2937 0 0 81 106553 0 0 867 12 523 369 288 288 288 0 0 0 0 0 1 0
65000 66000 3 2 45 883 0 0 61 82722 0 0 862 30 577 473 0 0 0 0 128 128 128 0 0 1
66000 67000 3 2 33 2200 0 0 57 75547 0 0 870 110 613 435 288 288 288 0 128 128 128 0 1 1
67000 68000 4 2 48 1012 0 0 49 67235 0 0 855 114 383 348 0 0 0 0 0 0 0 0 0 0
68000 69000 3 2 36 1497 0 0 63 82881 0 0 838 128 569 384 288 288 288 0 128 128 128 0 1 1
69000 70000 4 2 36 960 0 0 47 64077 0 0 814 87 470 356 0 0 0 0 0 0 0 0 0 0
70000 71000 4 2 39 1440 0 0 62 83320 0 0 807 139 447 335 288 288 288 0 128 128 128 0 1 1
71000 72000 4 2 37 1493 0 0 42 56370 0 0 643 113 374 217 0 0 0 0 0 0 0 0 0 0
72000 73000 3 2 39 559 0 0 48 65238 0 0 635 326 491 155 288 288 288 0 0 0 0 0 1 0
73000 74000 4 2 40 1904 0 0 49 64068 0 0 630 362 493 109 0 0 0 0 128 128 128 0 0 1
74000 75000 4 2 59 1436 0 0 84 113669 0 0 497 350 449 66 288 288 288 0 128 128 128 0 1 1
75000 76000 3 2 33 781 0 0 47 63865 0 0 381 318 341 35 0 0 0 0 0 0 0 0 0 0
76000 77000 3 2 32 1719 0 0 43 56263 0 0 388 253 333 70 288 288 288 0 128 128 128 0 1 1
77000 78000 1 1 15 0 0 0 30 41997 0 0 510 510 510 0 0 0 0 0 0 0 0 0 0 0
78000 79000 2 2 17 2294 0 0 36 46293 0 0 741 520 631 156 2300 2300 2300 0 128 128 128 0 2 1
79000 80000 4 2 59 1661 0 0 82 110367 0 0 709 256 487 186 0 0 0 0 0 0 0 0 0 0
80000 81000 4 2 81 196 0 0 103 144144 0 0 512 184 349 169 0 0 0 0 0 0 0 0 0 0
81000 82000 4 3 105 305 0 0 153 219260 0 0 507 102 334 194 2300 2300 2300 0 128 128 128 0 1 1
82000 83000 7 4 172 2196 0 0 224 313530 0 0 780 96 443 263 0 0 0 0 0 0 0 0 0 0
83000 84000 5 3 108 0 0 0 127 177685 0 0 753 0 394 289 0 0 0 0 0 0 0 0 0 0
84000 85000 3 2 74 1460 0 0 131 181063 0 0 869 229 620 342 0 0 0 0 0 0 0 0 0 0
85000 86000 5 3 138 846 0 0 230 321543 0 0 770 119 494 304 2300 2300 2300 0 128 128 128 0 1 1
86000 87000 7 4 158 1014 0 0 180 247853 0 0 772 181 464 262 0 0 0 0 0 0 0 0 0 0
87000 88000 5 4 76 630 0 0 84 115172 0 0 736 148 428 274 0 0 0 0 0 0 0 0 0 0
88000 89000 5 3 79 924 0 0 96 132902 0 0 734 100 401 296 2300 2300 2300 0 128 128 128 0 1 1
89000 90000 5 3 134 946 0 0 153 212017 0 0 731 253 497 223 0 0 0 0 0 0 0 0 0 0
90000 91000 5 3 147 1451 0 0 213 305710 0 0 871 264 453 244 480 480 480 0 0 0 0 0 1 0
91000 92000 4 3 125 5580 0 0 240 332802 0 0 867 125 587 326 480 480 480 0 128 128 128 0 2 3
92000 93000 5 3 69 1756 0 0 72 100812 0 0 745 132 315 247 0 0 0 0 0 0 0 0 0 0
93000 94000 3 2 59 2496 0 0 91 121506 0 0 715 22 461 381 288 288 288 0 128 128 128 0 2 2
94000 95000 4 3 86 5004 0 0 136 210446 0 0 723 203 477 278 288 288 288 0 128 128 128 0 1 2
95000 96000 2 2 1 269 0 0 2 3702 0 0 41 18 29 15 0 0 0 0 0 0 0 0 0 0
96000 97000 1 1 8 3116 0 0 9 3487 0 0 565 565 565 0 0 0 0 0 0 0 0 0 0 0
97000 98000 1 1 12 275 0 0 14 25142 0 0 326 326 326 0 0 0 0 0 0 0 0 0 0 0
98000 99000 3 2 71 3751 0 0 94 135178 0 0 868 320 620 277 288 288 288 0 128 128 128 0 2 1
99000 100000 3 2 48 2297 0 0 81 112160 0 0 782 66 384 364 288 288 288 0 128 128 128 0 1 1
100000 101000 3 2 43 1199 0 0 85 116991 0 0 386 117 240 136 288 288 288 0 128 128 128 0 1 1
101000 102000 0 0 0 0 0 0 0 0 0 0 0 0 0 0 0 0 0 0 0 0 0 0 0 0
102000 103000 3 3 93 3641 0 0 203 283132 0 0 867 30 548 452 1500 1500 1500 0 128 128 128 0 2 2
103000 104000 5 3 167 1589 0 0 244 352746 0 0 866 126 412 279 1500 1500 1500 0 0 0 0 0 1 0
104000 105000 4 2 160 1745 0 0 272 390539 0 0 845 130 493 300 1500 1500 1500 0 128 128 128 0 1 1
105000 106000 3 2 109 1244 0 0 165 231704 0 0 588 44 347 276 0 0 0 0 0 0 0 0 0 0
106000 107000 2 2 146 1459 0 0 182 274031 0 0 599 552 576 33 1500 1500 1500 0 128 128 128 0 1 1
107000 108000 2 1 119 1336 0 0 122 184981 0 0 597 399 498 140 0 0 0 0 0 0 0 0 0 0
108000 109000 3 2 165 770 0 0 180 258423 0 0 577 103 358 239 1500 1500 1500 0 128 128 128 0 1 1
109000 110000 3 2 134 1225 0 0 151 214260 0 0 703 421 566 141 0 0 0 0 0 0 0 0 0 0
110000 111000 3 2 151 2008 0 0 154 217276 0 0 571 406 468 90 1500 1500 1500 0 128 128 128 0 1 1
111000 112000 2 1 112 956 0 0 109 155340 0 0 571 425 498 102 0 0 0 0 0 0 0 0 0 0
112000 113000 3 2 124 1189 0 0 174 248885 0 0 577 223 406 177 1500 1500 1500 0 128 128 128 0 1 1
113000 114000 2 1 79 1304 0 0 128 184257 0 0 571 421 496 105 0 0 0 0 0 0 0 0 0 0
114000 115000 3 2 117 1358 0 0 213 300725 0 0 767 11 402 378 1500 1500 1500 0 128 128 128 0 1 1
115000 116000 2 1 53 1481 0 0 74 103369 0 0 765 230 497 378 0 0 0 0 0 0 0 0 0 0
116000 117000 3 2 86 1025 0 0 191 266841 0 0 774 104 366 357 1500 1500 1500 0 128 128 128 0 1 1
117000 118000 2 1 70 1475 0 0 81 111276 0 0 771 225 498 385 0 0 0 0 0 0 0 0 0 0
118000 119000 3 2 136 1027 0 0 224 315521 0 0 774 207 402 322 1500 1500 1500 0 128 128 128 0 1 1
119000 120000 2 1 60 1475 0 0 88 122189 0 0 773 223 498 388 0 0 0 0 0 0 0 0 0 0
120000 121000 3 2 134 1026 0 0 219 315285 0 0 775 222 407 318 1500 1500 1500 0 128 128 128 0 1 1
121000 122000 2 1 56 1476 0 0 76 107116 0 0 772 223 497 388 0 0 0 0 0 0 0 0 0 0
122000 123000 3 2 90 1024 0 0 187 263792 0 0 770 160 384 335 2300 2300 2300 0 128 128 128 0 1 1
123000 124000 2 1 120 1467 0 0 199 282701 0 0 768 223 496 385 0 0 0 0 0 0 0 0 0 0
124000 125000 2 2 128 1055 0 0 244 349455 0 0 798 230 514 402 2300 2300 2300 0 0 0 0 0 1 0
125000 126000 3 2 161 2059 0 0 213 299186 0 0 796 200 556 313 0 0 0 0 128 128 128 0 0 1
126000 127000 4 2 130 1451 0 0 241 336271 0 0 602 197 314 192 2300 2300 2300 0 128 128 128 0 1 1
127000 128000 2 1 117 996 0 0 180 253212 0 0 599 395 497 144 0 0 0 0 0 0 0 0 0 0
128000 129000 3 2 140 1283 0 0 214 300418 0 0 735 25 386 355 2300 2300 2300 0 128 128 128 0 1 1
129000 130000 4 3 168 1296 0 0 229 320500 0 0 733 94 298 300 2300 2300 2300 0 128 128 128 0 1 1
130000 131000 4 3 147 1427 0 0 237 333718 0 0 895 102 335 376 0 0 0 0 0 0 0 0 0 0
131000 132000 3 2 158 645 0 0 211 299164 0 0 897 99 531 402 0 0 0 0 128 128 128 0 0 1
132000 133000 3 3 130 1622 0 0 220 319372 0 0 858 179 458 355 2300 2300 2300 0 0 0 0 0 1 0
133000 134000 3 2 175 1546 0 0 258 369347 0 0 858 139 574 382 0 0 0 0 128 128 128 0 0 1
134000 135000 5 3 90 1188 0 0 105 146801 0 0 577 33 238 206 0 0 0 0 0 0 0 0 0 0
135000 136000 2 2 40 1689 0 0 64 89653 0 0 639 529 584 78 2300 2300 2300 0 128 128 128 0 1 1
136000 137000 3 2 127 812 0 0 192 291448 0 0 526 215 402 165 0 0 0 0 0 0 0 0 0 0
137000 138000 4 3 242 2346 0 0 298 441375 0 0 665 462 579 101 840 840 840 0 128 128 128 0 3 1
138000 139000 7 4 124 2628 0 0 165 232327 0 0 511 22 320 176 0 0 0 0 0 0 0 0 0 0
139000 140000 5 3 74 3514 0 0 128 172655 0 0 586 108 394 174 840 840 840 0 128 128 128 0 1 1
140000 141000 2 2 27 286 0 0 52 74415 0 0 221 211 216 7 0 0 0 0 0 0 0 0 0 0
141000 142000 0 0 0 0 0 0 0 0 0 0 0 0 0 0 0 0 0 0 0 0 0 0 0 0
142000 143000 2 2 94 2302 0 0 205 297293 0 0 762 387 575 265 2300 2300 2300 0 128 128 128 0 1 1
143000 144000 2 1 107 1470 0 0 165 234199 0 0 761 237 499 371 0 0 0 0 0 0 0 0 0 0
144000 145000 4 3 146 1058 0 0 240 357950 0 0 794 88 320 321 2300 2300 2300 0 128 128 128 0 1 1
145000 146000 3 2 197 791 0 0 277 410479 0 0 792 204 532 299 0 0 0 0 128 128 128 0 0 1
146000 147000 6 4 128 4539 0 0 170 230084 0 0 870 41 380 355 2300 2300 2300 0 0 0 0 0 1 0
147000 148000 4 2 114 1094 0 0 213 298338 0 0 848 127 491 378 0 0 0 0 128 128 128 0 0 1
148000 149000 4 2 116 817 0 0 229 325515 0 0 839 131 377 318 2300 2300 2300 0 0 0 0 0 1 0
149000 150000 2 1 146 134 0 0 256 361149 0 0 836 159 498 478 0 0 0 0 0 0 0 0 0 0
150000 151000 3 2 141 2918 0 0 249 353661 0 0 870 160 622 400 2300 2300 2300 0 128 128 128 0 1 2
151000 152000 6 4 203 1220 0 0 259 361656 0 0 869 114 433 356 2300 2300 2300 0 0 0 0 0 1 0
152000 153000 5 3 181 1567 0 0 281 398002 0 0 881 115 418 401 0 0 0 0 128 128 128 0 0 1
153000 154000 5 3 215 603 0 0 291 414939 0 0 860 80 452 368 2300 2300 2300 0 0 0 0 0 1 0
154000 155000 5 3 144 1707 0 0 227 322882 0 0 668 109 397 234 0 0 0 0 128 128 128 0 0 1
155000 156000 5 3 226 1560 0 0 299 432352 0 0 888 276 492 256 2300 2300 2300 0 0 0 0 0 1 0
156000 157000 5 3 158 1291 0 0 248 360159 0 0 886 24 382 380 2300 2300 2300 0 128 128 128 0 1 1
157000 158000 5 3 79 821 0 0 118 170816 0 0 973 22 272 399 0 0 0 0 0 0 0 0 0 0
158000 159000 3 2 122 820 0 0 262 392914 0 0 976 16 362 532 0 0 0 0 0 0 0 0 0 0
159000 160000 1 1 21 0 0 0 6 11322 0 0 134 134 134 0 0 0 0 0 0 0 0 0 0 0
160000 161000 2 2 105 2310 0 0 192 280196 0 0 772 257 514 364 2300 2300 2300 0 128 128 128 0 1 1
161000 162000 2 1 171 191 0 0 222 319699 0 0 769 227 498 383 0 0 0 0 0 0 0 0 0 0
162000 163000 3 2 162 2296 0 0 257 360489 0 0 754 206 452 278 1500 1500 1500 0 128 128 128 0 1 1
163000 164000 2 1 67 1477 0 0 104 148385 0 0 751 243 497 359 0 0 0 0 0 0 0 0 0 0
164000 165000 3 2 136 1229 0 0 213 296463 0 0 745 230 405 294 1500 1500 1500 0 128 128 128 0 1 1
165000 166000 2 1 34 1272 0 0 54 72201 0 0 741 214 477 372 0 0 0 0 0 0 0 0 0 0
166000 167000 3 2 58 1229 0 0 107 154861 0 0 334 155 239 89 1500 1500 1500 0 128 128 128 0 1 1
167000 168000 2 1 112 553 0 0 230 338832 0 0 665 332 498 235 0 0 0 0 0 0 0 0 0 0
168000 169000 3 2 168 1948 0 0 237 336618 0 0 665 330 526 175 1500 1500 1500 0 128 128 128 0 1 1
169000 170000 1 1 92 0 0 0 101 148131 0 0 463 463 463 0 0 0 0 0 0 0 0 0 0 0
170000 171000 2 2 135 2362 0 0 198 274953 0 0 870 304 587 400 1500 1500 1500 0 128 128 128 0 1 1
171000 172000 1 1 10 139 0 0 15 22254 0 0 80 80 80 0 0 0 0 0 0 0 0 0 0 0
172000 173000 2 2 111 2484 0 0 213 299628 0 0 870 599 734 191 1500 1500 1500 0 128 128 128 0 1 1
173000 174000 5 3 214 1983 0 0 267 374963 0 0 599 129 418 194 1500 1500 1500 0 128 128 128 0 1 1
174000 175000 4 2 176 1760 0 0 268 380111 0 0 465 285 401 82 1500 1500 1500 0 128 128 128 0 1 1
175000 176000 2 1 98 1338 0 0 158 219471 0 0 541 455 498 60 0 0 0 0 0 0 0 0 0 0
176000 177000 2 2 123 1439 0 0 176 267574 0 0 780 402 591 267 2300 2300 2300 0 128 128 128 0 1 1
177000 178000 2 1 153 854 0 0 204 311462 0 0 777 214 496 398 0 0 0 0 0 0 0 0 0 0
178000 179000 3 2 134 1829 0 0 259 374772 0 0 776 195 389 335 2300 2300 2300 0 128 128 128 0 1 1
179000 180000 2 1 115 1291 0 0 168 241067 0 0 773 223 498 388 0 0 0 0 0 0 0 0 0 0
180000 181000 3 2 154 1019 0 0 226 351522 0 0 772 220 418 307 2300 2300 2300 0 128 128 128 0 1 1
181000 182000 2 1 147 1483 0 0 207 301083 0 0 770 226 498 384 0 0 0 0 0 0 0 0 0 0
182000 183000 3 2 114 1044 0 0 234 341340 0 0 804 87 370 381 2300 2300 2300 0 128 128 128 0 1 1
183000 184000 2 1 169 164 0 0 236 332607 0 0 801 195 498 428 0 0 0 0 0 0 0 0 0 0
184000 185000 3 2 133 2334 0 0 239 331752 0 0 798 194 432 321 2300 2300 2300 0 128 128 128 0 1 1
185000 186000 2 1 102 831 0 0 186 266960 0 0 797 197 497 424 0 0 0 0 0 0 0 0 0 0
186000 187000 3 2 117 1655 0 0 243 351975 0 0 780 180 382 344 2300 2300 2300 0 128 128 128 0 1 1
187000 188000 2 1 104 1499 0 0 154 218074 0 0 779 215 497 398 0 0 0 0 0 0 0 0 0 0
188000 189000 3 2 107 1013 0 0 203 291055 0 0 795 165 388 353 2300 2300 2300 0 128 128 128 0 1 1
189000 190000 2 1 135 826 0 0 199 291516 0 0 793 203 498 417 0 0 0 0 0 0 0 0 0 0
190000 191000 3 2 151 1664 0 0 252 369389 0 0 782 189 390 339 2300 2300 2300 0 128 128 128 0 1 1
191000 192000 2 1 141 1486 0 0 183 261635 0 0 780 215 498 399 0 0 0 0 0 0 0 0 0 0
192000 193000 3 2 164 1015 0 0 248 380705 0 0 783 150 382 348 2300 2300 2300 0 128 128 128 0 1 1
193000 194000 2 1 147 824 0 0 194 279908 0 0 780 216 498 399 0 0 0 0 0 0 0 0 0 0
194000 195000 3 2 133 1657 0 0 253 354504 0 0 759 159 378 331 2300 2300 2300 0 128 128 128 0 1 1
195000 196000 2 1 88 1466 0 0 120 167086 0 0 755 239 497 364 0 0 0 0 0 0 0 0 0 0
196000 197000 3 2 126 2289 0 0 223 313683 0 0 762 235 574 293 2300 2300 2300 0 128 128 128 0 2 2
197000 198000 4 2 86 1273 0 0 116 159036 0 0 721 117 337 264 0 0 0 0 0 0 0 0 0 0
198000 199000 3 2 33 741 0 0 48 66410 0 0 197 92 128 59 2300 2300 2300 0 128 128 128 0 1 1
199000 200000 3 2 118 1197 0 0 244 351250 0 0 905 68 355 476 0 0 0 0 0 0 0 0 0 0
200000 201000 2 2 199 2210 0 0 244 348912 0 0 870 855 863 10 2300 2300 2300 0 128 128 128 0 1 1
201000 202000 2 1 133 210 0 0 235 346074 0 0 870 126 498 525 0 0 0 0 0 0 0 0 0 0
202000 203000 3 2 68 2297 0 0 78 118503 0 0 870 123 621 430 2300 2300 2300 0 128 128 128 0 1 1
203000 204000 3 2 137 204 0 0 247 355985 0 0 866 53 349 449 0 0 0 0 0 0 0 0 0 0
204000 205000 3 2 143 2389 0 0 233 329923 0 0 864 133 602 407 2300 2300 2300 0 128 128 128 0 1 1
205000 206000 2 1 175 112 0 0 254 359695 0 0 863 133 498 515 0 0 0 0 0 0 0 0 0 0
206000 207000 3 2 152 2386 0 0 221 308275 0 0 861 132 483 365 2300 2300 2300 0 128 128 128 0 1 1
207000 208000 2 1 151 826 0 0 220 330825 0 0 861 137 499 511 0 0 0 0 0 0 0 0 0 0
208000 209000 3 2 106 1450 0 0 190 270273 0 0 593 132 370 230 2300 2300 2300 0 128 128 128 0 1 1
209000 210000 2 1 122 917 0 0 195 279633 0 0 591 404 498 132 0 0 0 0 0 0 0 0 0 0
210000 211000 3 2 127 1925 0 0 226 321363 0 0 524 264 354 148 2300 2300 2300 0 128 128 128 0 1 1
211000 212000 2 1 121 932 0 0 206 297191 0 0 522 472 497 35 0 0 0 0 0 0 0 0 0 0
212000 213000 2 2 130 1368 0 0 238 344606 0 0 760 408 584 249 2300 2300 2300 0 128 128 128 0 1 1
213000 214000 2 1 141 1473 0 0 195 274433 0 0 757 238 498 366 0 0 0 0 0 0 0 0 0 0
214000 215000 3 2 112 1051 0 0 222 330832 0 0 788 129 382 355 2300 2300 2300 0 128 128 128 0 1 1
215000 216000 2 1 134 1500 0 0 199 288317 0 0 788 210 499 408 0 0 0 0 0 0 0 0 0 0
216000 217000 3 2 181 1008 0 0 264 414922 0 0 796 163 386 355 2300 2300 2300 0 128 128 128 0 1 1
217000 218000 3 2 160 830 0 0 200 286631 0 0 795 202 558 313 0 0 0 0 0 0 0 0 0 0
218000 219000 3 2 123 1660 0 0 224 312764 0 0 783 157 378 351 2300 2300 2300 0 128 128 128 0 1 1
219000 220000 2 1 134 1474 0 0 197 277150 0 0 775 216 496 395 0 0 0 0 0 0 0 0 0 0
220000 221000 3 2 138 1019 0 0 227 325775 0 0 773 116 370 352 2300 2300 2300 0 128 128 128 0 1 1
221000 222000 2 1 145 1467 0 0 201 290090 0 0 768 225 496 383 0 0 0 0 0 0 0 0 0 0
222000 223000 3 2 114 1028 0 0 214 312197 0 0 766 122 373 344 2300 2300 2300 0 128 128 128 0 1 1
223000 224000 2 1 102 1473 0 0 188 279071 0 0 763 232 497 375 0 0 0 0 0 0 0 0 0 0
224000 225000 3 2 100 1032 0 0 218 315406 0 0 769 111 370 351 2300 2300 2300 0 128 128 128 0 1 1
225000 226000 2 1 159 1486 0 0 203 287850 0 0 768 228 498 382 0 0 0 0 0 0 0 0 0 0
226000 227000 3 2 157 1023 0 0 264 398968 0 0 781 119 372 357 2300 2300 2300 0 128 128 128 0 1 1
227000 228000 2 1 146 828 0 0 188 273119 0 0 779 218 499 396 0 0 0 0 0 0 0 0 0 0
228000 229000 3 2 165 1660 0 0 254 378076 0 0 765 161 379 335 2300 2300 2300 0 128 128 128 0 1 1
229000 230000 2 1 140 1479 0 0 201 288937 0 0 763 233 498 374 0 0 0 0 0 0 0 0 0 0
230000 231000 3 2 112 1049 0 0 220 314963 0 0 797 140 387 357 2300 2300 2300 0 128 128 128 0 1 1
231000 232000 2 1 102 1497 0 0 187 271036 0 0 797 202 499 420 0 0 0 0 0 0 0 0 0 0
232000 233000 3 2 133 1005 0 0 231 336017 0 0 796 193 396 346 2300 2300 2300 0 128 128 128 0 1 1
233000 234000 2 1 151 829 0 0 200 289681 0 0 796 200 498 420 0 0 0 0 0 0 0 0 0 0
234000 235000 3 2 97 1663 0 0 169 238706 0 0 787 160 380 352 2300 2300 2300 0 128 128 128 0 1 1
235000 236000 2 1 139 178 0 0 222 313371 0 0 785 212 498 405 0 0 0 0 0 0 0 0 0 0
236000 237000 3 2 108 2104 0 0 188 262539 0 0 527 184 401 188 2300 2300 2300 0 128 128 128 0 1 1
237000 238000 2 1 128 840 0 0 199 282970 0 0 525 471 498 37 0 0 0 0 0 0 0 0 0 0
238000 239000 3 2 152 2058 0 0 261 369025 0 0 524 290 429 123 2300 2300 2300 0 128 128 128 0 1 1
239000 240000 2 1 127 965 0 0 210 301043 0 0 523 473 498 35 0 0 0 0 0 0 0 0 0 0
240000 241000 2 2 149 1358 0 0 245 353047 0 0 787 375 581 290 2300 2300 2300 0 128 128 128 0 1 1
241000 242000 2 1 141 834 0 0 199 283177 0 0 786 211 498 406 0 0 0 0 0 0 0 0 0 0
242000 243000 3 2 124 1664 0 0 247 352047 0 0 782 186 388 341 2300 2300 2300 0 128 128 128 0 1 1
243000 244000 2 1 122 837 0 0 180 253545 0 0 781 214 497 401 0 0 0 0 0 0 0 0 0 0
244000 245000 3 2 123 2150 0 0 247 345470 0 0 777 193 582 336 2300 2300 2300 0 128 128 128 0 1 2
245000 246000 4 2 152 1785 0 0 227 319559 0 0 774 203 476 306 2300 2300 2300 0 0 0 0 0 1 0
246000 247000 4 2 119 411 0 0 233 338086 0 0 702 0 297 296 2300 2300 2300 0 0 0 0 0 1 0
247000 248000 2 1 94 1166 0 0 169 240367 0 0 702 291 496 290 0 0 0 0 0 0 0 0 0 0
248000 249000 3 2 129 1791 0 0 244 343431 0 0 786 297 594 261 2300 2300 2300 0 128 128 128 0 1 2
249000 250000 5 3 188 2025 0 0 230 320440 0 0 785 28 384 325 2300 2300 2300 0 0 0 0 0 1 0
250000 251000 5 3 164 2243 0 0 256 364537 0 0 666 98 281 234 0 0 0 0 128 128 128 0 0 1
251000 252000 4 2 187 820 0 0 262 372526 0 0 864 74 484 351 0 0 0 0 0 0 0 0 0 0
252000 253000 4 2 63 2491 0 0 82 110274 0 0 872 48 415 352 288 288 288 0 128 128 128 0 1 1
253000 254000 3 2 80 2900 0 0 127 171163 0 0 790 462 579 183 288 288 288 0 128 128 128 0 1 2
254000 255000 3 2 50 2064 0 0 79 106652 0 0 458 211 365 134 288 288 288 0 128 128 128 0 1 1
255000 256000 1 1 3 0 0 0 3 24 0 0 726 726 726 0 0 0 0 0 0 0 0 0 0 0
256000 257000 2 2 59 2501 0 0 97 138982 0 0 467 311 389 110 480 480 480 0 128 128 128 0 1 1
257000 258000 0 0 0 0 0 0 0 0 0 0 0 0 0 0 0 0 0 0 0 0 0 0 0 0
258000 259000 2 2 59 2501 0 0 108 157891 0 0 724 243 483 340 480 480 480 0 128 128 128 0 1 1
259000 260000 0 0 0 0 0 0 0 0 0 0 0 0 0 0 0 0 0 0 0 0 0 0 0 0
260000 261000 2 2 93 2387 0 0 141 250797 0 0 786 256 521 374 840 840 840 0 128 128 128 0 1 1
261000 262000 1 1 11 113 0 0 17 33460 0 0 122 122 122 0 0 0 0 0 0 0 0 0 0 0
262000 263000 2 2 90 2501 0 0 174 243774 0 0 728 247 488 340 840 840 840 0 128 128 128 0 1 1
263000 264000 0 0 0 0 0 0 0 0 0 0 0 0 0 0 0 0 0 0 0 0 0 0 0 0
264000 265000 2 2 99 2501 0 0 183 251985 0 0 752 248 500 356 840 840 840 0 128 128 128 0 1 1
265000 266000 0 0 0 0 0 0 0 0 0 0 0 0 0 0 0 0 0 0 0 0 0 0 0 0
266000 267000 2 2 104 2350 0 0 163 246597 0 0 792 256 524 378 840 840 840 0 128 128 128 0 1 1
267000 268000 1 1 19 150 0 0 29 45757 0 0 172 172 172 0 0 0 0 0 0 0 0 0 0 0
268000 269000 2 2 93 2501 0 0 161 227226 0 0 679 226 453 320 840 840 840 0 128 128 128 0 1 1
269000 270000 0 0 0 0 0 0 0 0 0 0 0 0 0 0 0 0 0 0 0 0 0 0 0 0
270000 271000 2 2 131 2306 0 0 217 304702 0 0 766 317 541 317 1500 1500 1500 0 128 128 128 0 1 1
271000 272000 2 1 57 1486 0 0 80 111446 0 0 765 232 498 377 0 0 0 0 0 0 0 0 0 0
272000 273000 3 2 122 1027 0 0 220 310311 0 0 780 209 403 327 1500 1500 1500 0 128 128 128 0 1 1
273000 274000 2 1 50 1479 0 0 71 97484 0 0 779 218 498 396 0 0 0 0 0 0 0 0 0 0
274000 275000 3 2 98 1041 0 0 210 297026 0 0 801 95 372 377 1500 1500 1500 0 128 128 128 0 1 1
275000 276000 2 1 43 825 0 0 68 96291 0 0 800 195 498 427 0 0 0 0 0 0 0 0 0 0
276000 277000 3 2 105 1659 0 0 229 324593 0 0 782 192 409 324 1500 1500 1500 0 128 128 128 0 1 1
277000 278000 2 1 46 862 0 0 60 84048 0 0 776 215 496 396 0 0 0 0 0 0 0 0 0 0
278000 279000 3 2 126 1595 0 0 202 282524 0 0 728 159 411 290 1500 1500 1500 0 128 128 128 0 1 1
279000 280000 2 1 61 1465 0 0 87 121764 0 0 727 268 497 324 0 0 0 0 0 0 0 0 0 0
280000 281000 3 2 124 1082 0 0 224 314429 0 0 784 168 400 335 1500 1500 1500 0 128 128 128 0 1 1
281000 282000 2 1 50 1496 0 0 73 100506 0 0 784 213 498 403 0 0 0 0 0 0 0 0 0 0
282000 283000 3 2 111 1012 0 0 205 300145 0 0 792 140 379 359 1500 1500 1500 0 128 128 128 0 1 1
283000 284000 2 1 75 1489 0 0 83 119770 0 0 791 204 498 414 0 0 0 0 0 0 0 0 0 0
284000 285000 3 2 120 1007 0 0 230 328262 0 0 788 172 389 346 1500 1500 1500 0 128 128 128 0 1 1
285000 286000 2 1 57 1493 0 0 62 86583 0 0 785 210 498 406 0 0 0 0 0 0 0 0 0 0
286000 287000 3 2 114 1013 0 0 213 345252 0 0 792 205 418 324 1500 1500 1500 0 128 128 128 0 1 1
287000 288000 2 1 64 1497 0 0 64 99729 0 0 790 205 497 414 0 0 0 0 0 0 0 0 0 0
288000 289000 3 2 139 1009 0 0 231 325197 0 0 796 166 387 354 1500 1500 1500 0 128 128 128 0 1 1
289000 290000 2 1 50 1493 0 0 62 86221 0 0 794 199 497 420 0 0 0 0 0 0 0 0 0 0
290000 291000 3 2 106 1006 0 0 220 310652 0 0 795 128 375 366 1500 1500 1500 0 128 128 128 0 1 1
291000 292000 2 1 37 824 0 0 61 84652 0 0 794 203 498 418 0 0 0 0 0 0 0 0 0 0
292000 293000 3 2 105 2159 0 0 225 318533 0 0 784 202 588 334 1500 1500 1500 0 128 128 128 0 1 2
293000 294000 5 3 147 3952 0 0 234 320199 0 0 779 177 415 297 1500 1500 1500 0 0 0 0 0 1 0
294000 295000 4 2 147 1904 0 0 227 322668 0 0 779 215 486 287 2300 2300 2300 0 128 128 128 0 1 1
295000 296000 3 2 142 185 0 0 240 357045 0 0 777 2 331 400 0 0 0 0 0 0 0 0 0 0
296000 297000 3 2 125 2135 0 0 192 274118 0 0 870 222 622 349 2300 2300 2300 0 128 128 128 0 1 1
297000 298000 4 2 145 366 0 0 234 339722 0 0 866 126 439 352 0 0 0 0 0 0 0 0 0 0
298000 299000 5 3 87 1786 0 0 144 218555 0 0 574 132 336 159 2300 2300 2300 0 128 128 128 0 1 1
299000 300000 2 1 119 715 0 0 192 281492 0 0 573 424 499 104 0 0 0 0 0 0 0 0 0 0
300000 301000 1 1 74 0 0 0 109 161497 0 0 424 424 424 0 0 0 0 0 0 0 0 0 0 0
