ts te nbins ncons c_tcp_packs c_tcp_bytes c_udp_packs c_udp_bytes s_tcp_packs s_tcp_bytes s_udp_packs s_udp_bytes max_bins_span min_bins_span avg_bins_span std_bins_span max_video_rate min_video_rate avg_video_rate std_video_rate max_audio_rate min_audio_rate avg_audio_rate std_audio_rate video_requests audio_requests
0 1000 11 7 268 8592 5 304 317 423396 6 510 985 8 463 342 0 0 0 0 0 0 0 0 0 0
1000 2000 9 6 227 177 1 59 285 392342 2 52 986 5 366 350 0 0 0 0 0 0 0 0 0 0
2000 3000 6 3 245 23 0 0 291 403746 0 0 993 3 472 355 0 0 0 0 0 0 0 0 0 0
3000 4000 6 3 219 18 0 0 281 390597 0 0 990 2 434 328 0 0 0 0 0 0 0 0 0 0
4000 5000 6 3 208 97 0 0 291 403564 0 0 990 1 435 328 0 0 0 0 0 0 0 0 0 0
5000 6000 5 3 218 194 0 0 283 391151 0 0 996 331 597 254 0 0 0 0 0 0 0 0 0 0
6000 7000 7 6 230 743 0 0 354 482317 0 0 994 165 518 272 0 0 0 0 0 0 0 0 0 0
7000 8000 5 3 252 185 0 0 317 442546 0 0 989 308 595 260 0 0 0 0 0 0 0 0 0 0
8000 9000 10 7 200 20829 0 0 302 379628 0 0 981 9 364 310 0 0 0 0 0 0 0 0 0 0
9000 10000 15 12 214 17866 0 0 333 382228 0 0 981 15 370 229 0 0 0 0 0 0 0 0 0 0
10000 11000 23 19 333 13637 0 0 422 415883 0 0 979 6 437 256 0 0 0 0 0 0 0 0 0 0
11000 12000 21 16 207 29932 10 3709 317 358165 11 8033 978 20 264 210 0 0 0 0 0 0 0 0 0 0
12000 13000 7 5 167 2611 2 900 265 359007 2 1949 972 18 389 332 0 0 0 0 0 0 0 0 0 0
13000 14000 7 5 191 1842 0 0 283 380138 0 0 967 26 445 286 0 0 0 0 0 0 0 0 0 0
14000 15000 9 7 204 1531 0 0 286 386884 0 0 963 16 332 320 0 0 0 0 0 0 0 0 0 0
15000 16000 12 9 250 9835 0 0 330 420809 0 0 961 35 442 297 0 0 0 0 0 0 0 0 0 0
16000 17000 16 11 254 9691 6 2358 357 451167 7 691 958 36 420 279 0 0 0 0 0 0 0 0 0 0
17000 18000 26 20 274 17006 35 17618 317 379811 40 15335 954 4 359 286 0 0 0 0 0 0 0 0 0 0
18000 19000 19 15 262 25644 0 0 339 378803 0 0 948 0 472 273 0 0 0 0 0 0 0 0 0 0
19000 20000 15 11 144 4536 42 6107 239 318091 83 90232 935 9 389 279 480 480 480 0 128 128 128 0 2 2
20000 21000 19 14 200 14733 24 2993 259 313454 49 49522 932 8 386 255 0 0 0 0 0 0 0 0 0 0
21000 22000 16 13 223 54351 9 2154 299 309086 10 2926 912 32 389 259 0 0 0 0 0 0 0 0 0 0
22000 23000 11 6 203 3003 16 6474 266 361797 17 3960 910 6 449 294 288 288 288 0 128 128 128 0 2 1
23000 24000 10 5 200 1995 1 161 244 333833 2 259 905 0 396 280 288 288 288 0 0 0 0 0 1 0
24000 25000 8 4 178 2103 0 0 242 331687 0 0 904 44 431 293 0 0 0 0 0 0 0 0 0 0
25000 26000 7 4 195 1339 0 0 267 367793 0 0 893 94 460 278 288 288 288 0 0 0 0 0 1 0
26000 27000 7 4 205 118 0 0 259 355409 0 0 887 0 419 320 288 288 288 0 0 0 0 0 1 0
27000 28000 7 4 197 1537 0 0 232 318840 0 0 884 109 461 276 0 0 0 0 0 0 0 0 0 0
28000 29000 7 4 149 1540 0 0 225 309841 0 0 883 106 455 279 288 288 288 0 0 0 0 0 1 0
29000 30000 7 4 146 2695 0 0 222 303386 0 0 882 109 534 290 288 288 288 0 0 0 0 0 1 0
30000 31000 13 9 188 37365 0 0 279 339801 0 0 881 8 376 282 288 288 288 0 128 128 128 0 1 1
31000 32000 17 10 260 99957 0 0 340 356888 0 0 873 25 381 263 0 0 0 0 0 0 0 0 0 0
32000 33000 18 15 224 33792 0 0 305 364955 0 0 871 23 231 282 288 288 288 0 0 0 0 0 1 0
33000 34000 7 4 198 5002 0 0 249 332039 0 0 869 127 508 289 0 0 0 0 0 0 0 0 0 0
34000 35000 9 6 194 8246 0 0 276 361090 0 0 887 130 479 315 0 0 0 0 128 128 128 0 0 1
35000 36000 11 7 183 2604 3 1482 255 344394 3 120 858 34 346 307 0 0 0 0 128 128 128 0 0 1
36000 37000 10 6 202 6097 0 0 252 333209 0 0 855 52 385 297 0 0 0 0 128 128 128 0 0 2
37000 38000 9 5 170 2951 0 0 233 313873 0 0 870 14 425 382 288 288 288 0 128 128 128 0 1 1
38000 39000 7 4 149 3002 0 0 214 295684 0 0 913 59 552 367 0 0 0 0 128 128 128 0 0 2
39000 40000 11 8 144 4655 8 4342 191 247543 9 4325 895 49 418 345 288 288 288 0 128 128 128 0 1 1
40000 41000 11 8 192 2135 11 5706 295 412296 12 5101 921 16 363 343 0 0 0 0 0 0 0 0 0 0
41000 42000 8 5 199 6859 2 867 275 375596 2 80 965 13 418 353 288 288 288 0 128 128 128 0 1 1
42000 43000 7 5 211 1423 0 0 256 349777 0 0 930 7 454 354 0 0 0 0 0 0 0 0 0 0
43000 44000 12 10 218 3634 0 0 257 341133 0 0 956 14 310 362 0 0 0 0 128 128 128 0 0 1
44000 45000 8 6 183 4457 0 0 256 344173 0 0 959 113 477 324 288 288 288 0 128 128 128 0 1 1
45000 46000 9 6 189 1495 0 0 245 332741 0 0 973 24 386 348 0 0 0 0 0 0 0 0 0 0
46000 47000 9 6 186 2443 0 0 246 330074 0 0 976 18 435 344 288 288 288 0 128 128 128 0 1 1
47000 48000 9 6 150 1294 0 0 216 284621 0 0 908 19 509 360 0 0 0 0 0 0 0 0 0 0
48000 49000 14 11 171 4348 0 0 259 342804 0 0 949 25 263 325 288 288 288 0 128 128 128 0 2 1
49000 50000 5 3 196 797 0 0 263 365396 0 0 870 118 425 355 0 0 0 0 0 0 0 0 0 0
50000 51000 8 6 183 6354 0 0 241 309587 0 0 869 20 383 334 0 0 0 0 128 128 128 0 0 1
51000 52000 8 5 132 7026 0 0 239 319021 0 0 868 13 337 314 288 288 288 0 0 0 0 0 1 0
52000 53000 5 3 198 70 0 0 278 386982 0 0 867 11 399 396 0 0 0 0 128 128 128 0 0 1
53000 54000 7 5 221 8079 0 0 295 388596 0 0 982 128 594 372 288 288 288 0 0 0 0 0 1 0
54000 55000 6 3 228 1049 0 0 277 376989 0 0 864 81 399 343 288 288 288 0 128 128 128 0 1 1
55000 56000 9 7 173 2356 0 0 236 316399 0 0 862 21 313 370 0 0 0 0 0 0 0 0 0 0
56000 57000 5 3 199 18 0 0 270 379043 0 0 857 0 395 397 288 288 288 0 128 128 128 0 1 1
57000 58000 19 17 193 2787 0 0 238 295517 0 0 852 17 168 282 0 0 0 0 0 0 0 0 0 0
58000 59000 7 5 131 508 0 0 217 291964 0 0 851 118 337 334 288 288 288 0 128 128 128 0 1 1
59000 60000 7 5 163 8919 0 0 236 313861 0 0 837 31 410 333 0 0 0 0 0 0 0 0 0 0
60000 61000 9 7 195 6479 0 0 288 383672 0 0 834 19 283 320 288 288 288 0 128 128 128 0 1 1
61000 62000 10 8 171 7756 0 0 283 376159 0 0 819 16 265 305 0 0 0 0 0 0 0 0 0 0
62000 63000 5 3 218 160 0 0 287 398346 0 0 825 9 398 390 288 288 288 0 0 0 0 0 1 0
63000 64000 17 15 188 6775 0 0 230 286111 0 0 831 15 163 221 0 0 0 0 128 128 128 0 0 1
64000 65000 4 3 122 3018 0 0 243 329690 0 0 838 6 390 379 288 288 288 0 128 128 128 0 1 1
65000 66000 7 6 164 3059 0 0 232 308575 0 0 840 26 293 374 288 288 288 0 0 0 0 0 1 0
66000 67000 4 3 173 10 0 0 275 395089 0 0 839 17 258 393 0 0 0 0 128 128 128 0 0 1
67000 68000 3 2 239 3120 0 0 247 332756 0 0 844 152 544 355 0 0 0 0 0 0 0 0 0 0
68000 69000 2 1 230 0 0 0 253 352249 0 0 843 152 498 489 288 288 288 0 128 128 128 0 1 1
69000 70000 6 5 219 117 0 0 247 333594 0 0 845 16 268 305 0 0 0 0 0 0 0 0 0 0
70000 71000 6 4 214 1777 0 0 232 316279 0 0 847 3 237 316 288 288 288 0 0 0 0 0 1 0
71000 72000 4 3 151 9742 0 0 217 285656 0 0 861 143 528 380 288 288 288 0 128 128 128 0 1 2
72000 73000 5 4 125 949 0 0 218 296405 0 0 850 7 249 340 0 0 0 0 0 0 0 0 0 0
73000 74000 5 4 146 7448 0 0 262 343882 0 0 855 122 371 296 288 288 288 0 128 128 128 0 1 1
74000 75000 2 1 203 0 0 0 239 332701 0 0 856 139 498 507 0 0 0 0 0 0 0 0 0 0
75000 76000 6 5 205 6523 0 0 252 336493 0 0 858 28 263 302 288 288 288 0 0 0 0 0 1 0
76000 77000 6 4 206 67784 0 0 307 340657 0 0 906 88 481 347 0 0 0 0 128 128 128 0 0 1
77000 78000 5 4 164 40209 0 0 248 283745 0 0 870 6 415 405 288 288 288 0 128 128 128 0 1 1
78000 79000 7 5 112 2304 0 0 209 278997 0 0 867 11 263 302 0 0 0 0 0 0 0 0 0 0
79000 80000 2 1 159 0 0 0 274 384917 0 0 872 124 498 529 288 288 288 0 128 128 128 0 1 1
80000 81000 7 6 142 3496 0 0 213 283764 0 0 873 14 265 329 0 0 0 0 0 0 0 0 0 0
81000 82000 5 5 60 9085 0 0 105 131579 0 0 390 31 189 153 288 288 288 0 128 128 128 0 1 1
82000 83000 2 2 4 2029 0 0 4 493 0 0 308 23 166 201 0 0 0 0 0 0 0 0 0 0
83000 84000 4 3 23 14992 0 0 34 9808 0 0 977 211 649 326 8000 8000 8000 0 128 128 128 0 2 1
84000 85000 4 3 3 1036 0 0 4 988 0 0 157 19 63 63 0 0 0 0 0 0 0 0 0 0
85000 86000 1 1 1 743 0 0 1 240 0 0 118 118 118 0 0 0 0 0 128 128 128 0 0 1
86000 87000 1 1 1 784 0 0 1 254 0 0 125 125 125 0 0 0 0 0 0 0 0 0 0 0
87000 88000 1 1 11 5519 0 0 10 1980 0 0 825 825 825 0 840 840 840 0 128 128 128 0 2 1
88000 89000 2 2 7 3574 0 0 7 1257 0 0 598 26 312 404 840 840 840 0 128 128 128 0 1 1
89000 90000 2 1 9 4558 0 0 10 2074 0 0 535 343 439 135 840 840 840 0 128 128 128 0 2 2
90000 91000 4 3 14 9397 0 0 16 2379 0 0 526 20 321 222 1500 1500 1500 0 128 128 128 0 2 1
91000 92000 3 2 10 8415 0 0 11 1551 0 0 502 304 403 98 0 0 0 0 0 0 0 0 0 0
92000 93000 2 1 6 3052 0 0 5 976 0 0 482 474 478 5 2300 2300 2300 0 128 128 128 0 2 1
93000 94000 2 2 4 1562 0 0 3 494 0 0 481 25 253 322 0 0 0 0 0 0 0 0 0 0
94000 95000 2 2 6 1771 0 0 6 649 0 0 348 245 296 72 2300 2300 2300 0 128 128 128 0 1 1
95000 96000 1 1 2 1291 0 0 2 417 0 0 253 253 253 0 0 0 0 0 0 0 0 0 0 0
96000 97000 2 2 3 1559 0 0 3 399 0 0 234 20 127 150 2300 2300 2300 0 128 128 128 0 1 1
97000 98000 1 1 4 2300 0 0 4 590 0 0 345 345 345 0 0 0 0 0 0 0 0 0 0 0
98000 99000 1 1 6 3060 0 0 6 990 0 0 439 439 439 0 2300 2300 2300 0 128 128 128 0 1 1
99000 100000 4 4 5 4206 2 1193 7 556 2 1544 304 60 136 114 0 0 0 0 0 0 0 0 0 0
100000 101000 7 7 8 3092 16 9392 8 948 21 12161 525 8 219 251 2300 2300 2300 0 128 128 128 0 1 1
101000 102000 2 2 5 7169 0 0 7 463 0 0 290 25 157 187 0 0 0 0 0 0 0 0 0 0
102000 103000 11 11 14 2326 0 0 14 495 0 0 184 14 32 50 2300 2300 2300 0 128 128 128 0 1 1
103000 104000 1 1 3 1528 0 0 3 495 0 0 212 212 212 0 0 0 0 0 0 0 0 0 0 0
104000 105000 2 2 7 3059 0 0 7 990 0 0 522 19 271 355 2300 2300 2300 0 128 128 128 0 1 1
105000 106000 0 0 0 0 0 0 0 0 0 0 0 0 0 0 0 0 0 0 0 0 0 0 0 0
106000 107000 3 3 8 3093 0 0 9 1021 0 0 438 15 192 219 2300 2300 2300 0 128 128 128 0 1 1
107000 108000 0 0 0 0 0 0 0 0 0 0 0 0 0 0 0 0 0 0 0 0 0 0 0 0
108000 109000 9 9 14 3060 0 0 14 990 0 0 496 17 71 159 2300 2300 2300 0 128 128 128 0 1 1
109000 110000 1 1 0 127 0 0 0 32 0 0 30 30 30 0 0 0 0 0 0 0 0 0 0 0
110000 111000 5 5 9 3827 0 0 9 964 0 0 905 5 196 396 2300 2300 2300 0 128 128 128 0 1 1
111000 112000 2 2 4 5508 0 0 7 445 0 0 284 125 205 112 0 0 0 0 0 0 0 0 0 0
112000 113000 2 2 7 3061 0 0 6 990 0 0 692 15 353 478 2300 2300 2300 0 128 128 128 0 1 1
113000 114000 0 0 0 0 0 0 0 0 0 0 0 0 0 0 0 0 0 0 0 0 0 0 0 0
114000 115000 1 1 6 3061 0 0 6 990 0 0 464 464 464 0 2300 2300 2300 0 128 128 128 0 1 1
115000 116000 1 1 1 836 0 0 1 214 0 0 134 134 134 0 2300 2300 2300 0 128 128 128 0 1 1
116000 117000 1 1 5 3023 0 0 5 775 0 0 485 485 485 0 0 0 0 0 0 0 0 0 0 0
117000 118000 1 1 3 1691 0 0 3 547 0 0 350 350 350 0 2300 2300 2300 0 128 128 128 0 1 1
118000 119000 1 1 2 1368 0 0 2 442 0 0 283 283 283 0 0 0 0 0 0 0 0 0 0 0
119000 120000 1 1 2 1329 0 0 2 341 0 0 291 291 291 0 2300 2300 2300 0 128 128 128 0 1 1
120000 121000 3 3 5 2564 0 0 6 686 0 0 553 1 280 276 0 0 0 0 0 0 0 0 0 0
121000 122000 3 3 7 7010 0 0 7 912 0 0 424 199 345 126 2300 2300 2300 0 128 128 128 0 1 1
122000 123000 1 1 3 1617 0 0 2 523 0 0 462 462 462 0 0 0 0 0 0 0 0 0 0 0
123000 124000 3 3 6 2370 0 0 6 767 0 0 363 28 139 193 2300 2300 2300 0 128 128 128 0 1 1
124000 125000 1 1 1 688 0 0 1 222 0 0 105 105 105 0 0 0 0 0 0 0 0 0 0 0
125000 126000 1 1 5 2645 0 0 5 855 0 0 518 518 518 0 2300 2300 2300 0 128 128 128 0 1 1
126000 127000 3 3 2 415 0 0 2 134 0 0 81 20 41 34 0 0 0 0 0 0 0 0 0 0
127000 128000 2 2 4 2238 0 0 4 511 0 0 511 15 263 350 2300 2300 2300 0 128 128 128 0 1 1
128000 129000 2 1 4 2882 0 0 4 733 0 0 491 478 484 8 0 0 0 0 0 0 0 0 0 0
129000 130000 4 3 7 2306 0 0 8 1261 0 0 462 22 196 210 2300 2300 2300 0 128 128 128 0 1 1
130000 131000 2 2 1 0 0 0 2 1688 0 0 433 0 217 305 0 0 0 0 0 0 0 0 0 0
131000 132000 5 5 110 10715 0 0 145 174664 0 0 732 154 436 271 2300 2300 2300 0 128 128 128 0 1 1
132000 133000 8 6 69 3548 9 6033 80 94482 12 5079 603 62 228 191 0 0 0 0 0 0 0 0 0 0
133000 134000 6 6 4 1726 30 16762 4 558 38 15422 554 23 245 176 2300 2300 2300 0 128 128 128 0 1 1
134000 135000 3 2 2 1334 9 4149 2 431 10 3807 617 58 293 289 0 0 0 0 0 0 0 0 0 0
135000 136000 3 3 21 42239 3 110 37 605 4 422 502 232 364 135 2300 2300 2300 0 128 128 128 0 1 1
136000 137000 4 3 42 76586 0 0 70 1276 0 0 597 306 418 127 0 0 0 0 0 0 0 0 0 0
137000 138000 2 1 6 3370 0 0 5 860 0 0 627 344 485 199 1500 1500 1500 0 128 128 128 0 1 1
138000 139000 3 2 18 6571 0 0 22 6822 0 0 610 131 341 245 2300 2300 2300 0 0 0 0 0 1 0
139000 140000 3 3 12 8477 0 0 13 1788 0 0 749 24 373 363 0 0 0 0 128 128 128 0 0 1
140000 141000 1 1 3 1938 0 0 2 417 0 0 414 414 414 0 0 0 0 0 0 0 0 0 0 0
141000 142000 7 6 21 20303 0 0 27 1973 0 0 567 0 145 202 2300 2300 2300 0 128 128 128 0 1 1
142000 143000 0 0 0 0 0 0 0 0 0 0 0 0 0 0 0 0 0 0 0 0 0 0 0 0
143000 144000 2 2 11 5722 0 0 13 4158 0 0 450 125 287 229 2300 2300 2300 0 0 0 0 0 1 0
144000 145000 3 3 10 5078 0 0 15 1990 0 0 813 13 288 455 0 0 0 0 128 128 128 0 0 1
145000 146000 2 2 7 3062 0 0 6 990 0 0 606 17 311 416 2300 2300 2300 0 0 0 0 0 1 0
146000 147000 0 0 0 0 0 0 0 0 0 0 0 0 0 0 0 0 0 0 0 0 0 0 0 0
147000 148000 6 6 11 3061 0 0 11 990 0 0 539 21 109 210 2300 2300 2300 0 0 0 0 0 1 0
148000 149000 1 1 3 0 0 0 2 77 0 0 109 109 109 0 2300 2300 2300 0 128 128 128 0 1 1
149000 150000 6 6 9 2328 0 0 9 495 0 0 299 26 75 110 0 0 0 0 0 0 0 0 0 0
150000 151000 1 1 7 4323 0 0 7 1049 0 0 622 622 622 0 2300 2300 2300 0 128 128 128 0 1 1
151000 152000 4 3 8 8018 0 0 10 888 0 0 301 0 173 135 0 0 0 0 0 0 0 0 0 0
152000 153000 1 1 6 3060 0 0 5 990 0 0 479 479 479 0 2300 2300 2300 0 128 128 128 0 1 1
153000 154000 9 9 9 0 0 0 9 0 0 0 29 15 23 4 0 0 0 0 0 0 0 0 0 0
154000 155000 2 2 9 3063 0 0 9 1067 0 0 731 25 378 499 2300 2300 2300 0 128 128 128 0 1 1
155000 156000 3 3 3 0 0 0 3 0 0 0 30 28 28 1 0 0 0 0 0 0 0 0 0 0
156000 157000 1 1 7 3858 0 0 6 990 0 0 839 839 839 0 2300 2300 2300 0 128 128 128 0 1 1
157000 158000 2 2 1 11 0 0 1 3 0 0 19 2 11 11 0 0 0 0 0 0 0 0 0 0
158000 159000 1 1 5 3047 0 0 5 986 0 0 748 748 748 0 2300 2300 2300 0 128 128 128 0 1 1
159000 160000 3 3 1 35 0 449 2 31 1 557 143 16 60 72 0 0 0 0 0 0 0 0 0 0
160000 161000 3 3 7 3856 16 7678 7 990 17 9989 644 288 429 189 2300 2300 2300 0 128 128 128 0 1 1
161000 162000 1 1 4 5578 0 0 6 422 0 0 289 289 289 0 0 0 0 0 0 0 0 0 0 0
162000 163000 1 1 6 3061 0 0 6 990 0 0 446 446 446 0 2300 2300 2300 0 128 128 128 0 1 1
163000 164000 1 1 0 224 0 0 0 108 0 0 59 59 59 0 2300 2300 2300 0 128 128 128 0 1 1
164000 165000 1 1 6 2836 0 0 6 1376 0 0 748 748 748 0 0 0 0 0 0 0 0 0 0 0
165000 166000 1 1 0 491 0 0 0 159 0 0 153 153 153 0 0 0 0 0 0 0 0 0 0 0
166000 167000 2 2 6 2603 0 0 7 861 0 0 803 16 410 556 2300 2300 2300 0 128 128 128 0 1 1
167000 168000 0 0 0 0 0 0 0 0 0 0 0 0 0 0 0 0 0 0 0 0 0 0 0 0
168000 169000 2 2 7 3870 0 0 8 1492 0 0 751 16 384 520 2300 2300 2300 0 0 0 0 0 1 0
169000 170000 1 1 1 1263 0 0 2 487 0 0 245 245 245 0 0 0 0 0 128 128 128 0 0 1
170000 171000 1 1 6 3060 0 0 6 990 0 0 660 660 660 0 2300 2300 2300 0 0 0 0 0 1 0
171000 172000 2 2 5 5611 0 0 8 453 0 0 269 151 210 83 2300 2300 2300 0 128 128 128 0 1 1
172000 173000 3 3 8 3062 0 0 8 990 0 0 499 19 181 275 0 0 0 0 0 0 0 0 0 0
173000 174000 1 1 3 2034 0 0 3 657 0 0 324 324 324 0 2300 2300 2300 0 128 128 128 0 1 1
174000 175000 1 1 2 1028 0 0 2 332 0 0 164 164 164 0 0 0 0 0 0 0 0 0 0 0
175000 176000 1 1 4 2668 0 0 4 684 0 0 634 634 634 0 2300 2300 2300 0 128 128 128 0 1 1
176000 177000 2 1 1 1188 0 0 2 305 0 0 282 0 141 199 0 0 0 0 0 0 0 0 0 0
177000 178000 0 0 0 0 0 0 0 0 0 0 0 0 0 0 0 0 0 0 0 0 0 0 0 0
178000 179000 5 5 10 3062 0 0 9 990 0 0 491 15 112 211 0 0 0 0 0 0 0 0 0 0
179000 180000 2 2 9 6284 0 0 10 1515 0 0 540 280 410 184 2300 2300 2300 0 128 128 128 0 1 1
180000 181000 0 0 0 0 0 0 0 0 0 0 0 0 0 0 0 0 0 0 0 0 0 0 0 0
181000 182000 4 4 13 9824 0 0 14 1443 0 0 830 17 266 384 2300 2300 2300 0 128 128 128 0 1 1
182000 183000 1 1 0 258 0 0 0 83 0 0 67 67 67 0 0 0 0 0 0 0 0 0 0 0
183000 184000 1 1 5 2802 0 0 5 906 0 0 730 730 730 0 2300 2300 2300 0 128 128 128 0 1 1
184000 185000 0 0 0 0 0 0 0 0 0 0 0 0 0 0 0 0 0 0 0 0 0 0 0 0
185000 186000 1 1 6 3059 0 0 6 990 0 0 599 599 599 0 2300 2300 2300 0 128 128 128 0 1 1
186000 187000 2 2 1 35 0 0 1 11 0 0 16 5 11 7 2300 2300 2300 0 128 128 128 0 1 1
187000 188000 1 1 5 3025 0 0 5 978 0 0 505 505 505 0 0 0 0 0 0 0 0 0 0 0
188000 189000 2 2 1 128 0 0 1 41 0 0 23 22 23 1 2300 2300 2300 0 128 128 128 0 1 1
189000 190000 3 3 7 2963 0 0 8 977 0 0 509 14 223 256 0 0 0 0 0 0 0 0 0 0
190000 191000 3 3 4 1741 0 0 3 564 0 0 321 9 116 177 2300 2300 2300 0 128 128 128 0 1 1
191000 192000 2 2 6 7229 0 0 8 849 0 0 244 201 222 30 0 0 0 0 0 0 0 0 0 0
192000 193000 6 6 8 1663 0 0 8 538 0 0 342 14 74 131 2300 2300 2300 0 128 128 128 0 1 1
193000 194000 1 1 2 1396 0 0 2 451 0 0 287 287 287 0 0 0 0 0 0 0 0 0 0 0
194000 195000 6 6 7 1446 0 0 7 701 0 0 395 28 92 148 2300 2300 2300 0 128 128 128 0 1 1
195000 196000 2 2 22 41676 0 0 35 1022 0 0 441 230 335 149 0 0 0 0 0 0 0 0 0 0
196000 197000 3 3 37 71448 0 0 62 1219 0 0 461 17 292 240 2300 2300 2300 0 128 128 128 0 1 1
197000 198000 2 2 3 1850 0 0 5 1358 0 0 731 425 578 216 0 0 0 0 0 0 0 0 0 0
198000 199000 12 11 17 2890 0 0 16 1264 0 0 440 15 78 134 2300 2300 2300 0 128 128 128 0 1 1
199000 200000 1 1 3 1740 0 0 3 669 0 0 348 348 348 0 0 0 0 0 0 0 0 0 0 0
200000 201000 1 1 4 2117 0 0 4 815 0 0 424 424 424 0 2300 2300 2300 0 128 128 128 0 1 1
201000 202000 4 4 12 10421 0 0 15 1370 0 0 217 124 189 44 0 0 0 0 0 0 0 0 0 0
202000 203000 5 5 7 1982 0 0 6 508 0 0 351 10 82 150 2300 2300 2300 0 128 128 128 0 1 1
203000 204000 3 3 6 3195 0 0 8 1993 0 0 333 8 156 164 0 0 0 0 0 0 0 0 0 0
204000 205000 3 3 23 9578 0 0 29 9483 0 0 454 199 292 140 2300 2300 2300 0 128 128 128 0 1 1
205000 206000 0 0 0 0 0 0 0 0 0 0 0 0 0 0 0 0 0 0 0 0 0 0 0 0
206000 207000 1 1 6 3060 0 0 6 990 0 0 487 487 487 0 2300 2300 2300 0 128 128 128 0 1 1
207000 208000 1 1 0 75 0 0 0 25 0 0 16 16 16 0 0 0 0 0 0 0 0 0 0 0
208000 209000 1 1 7 4257 0 0 7 1459 0 0 929 929 929 0 2300 2300 2300 0 128 128 128 0 1 1
209000 210000 0 0 0 0 0 0 0 0 0 0 0 0 0 0 0 0 0 0 0 0 0 0 0 0
210000 211000 1 1 6 3057 0 0 6 990 0 0 456 456 456 0 2300 2300 2300 0 128 128 128 0 1 1
211000 212000 2 2 6 6684 0 0 9 453 0 0 285 120 202 116 2300 2300 2300 0 128 128 128 0 1 1
212000 213000 1 1 7 3859 0 0 8 1485 0 0 746 746 746 0 0 0 0 0 0 0 0 0 0 0
213000 214000 1 1 2 1086 0 0 2 351 0 0 198 198 198 0 2300 2300 2300 0 128 128 128 0 1 1
214000 215000 2 2 5 1975 0 0 5 715 0 0 361 57 209 215 0 0 0 0 0 0 0 0 0 0
215000 216000 2 2 6 3000 0 0 6 969 0 0 456 16 236 310 2300 2300 2300 0 128 128 128 0 1 1
216000 217000 1 1 0 62 0 0 0 20 0 0 9 9 9 0 0 0 0 0 0 0 0 0 0 0
217000 218000 2 2 5 2048 0 0 5 662 0 0 504 16 260 344 2300 2300 2300 0 128 128 128 0 1 1
218000 219000 1 1 1 1012 0 0 1 327 0 0 249 249 249 0 0 0 0 0 0 0 0 0 0 0
219000 220000 3 3 7 4832 0 0 7 1046 0 0 263 26 171 126 2300 2300 2300 0 128 128 128 0 1 1
220000 221000 4 4 3 1485 18 10512 4 499 19 10557 250 17 172 107 0 0 0 0 0 0 0 0 0 0
221000 222000 2 2 7 8092 0 0 8 977 0 0 369 291 330 55 2300 2300 2300 0 128 128 128 0 1 1
222000 223000 1 1 3 1694 0 0 3 434 0 0 289 289 289 0 0 0 0 0 0 0 0 0 0 0
223000 224000 4 4 9 3059 0 0 9 990 0 0 671 17 181 326 2300 2300 2300 0 128 128 128 0 1 1
224000 225000 0 0 0 0 0 0 0 0 0 0 0 0 0 0 0 0 0 0 0 0 0 0 0 0
225000 226000 2 2 7 3061 0 0 7 990 0 0 807 24 416 553 2300 2300 2300 0 128 128 128 0 1 1
226000 227000 1 1 0 28 0 0 2 50 0 0 377 377 377 0 0 0 0 0 0 0 0 0 0 0
227000 228000 3 3 8 3068 0 0 9 1040 0 0 563 86 252 270 2300 2300 2300 0 128 128 128 0 1 1
228000 229000 0 0 0 0 0 0 0 0 0 0 0 0 0 0 0 0 0 0 0 0 0 0 0 0
229000 230000 1 1 6 3061 0 0 5 990 0 0 569 569 569 0 2300 2300 2300 0 128 128 128 0 1 1
230000 231000 1 1 3 0 0 0 4 78 0 0 262 262 262 0 0 0 0 0 0 0 0 0 0 0
231000 232000 3 3 11 8669 0 0 13 1443 0 0 470 70 238 207 2300 2300 2300 0 128 128 128 0 1 1
232000 233000 1 1 1 697 0 0 1 225 0 0 88 88 88 0 2300 2300 2300 0 0 0 0 0 1 0
233000 234000 3 2 2 877 0 0 2 275 0 0 105 11 44 53 0 0 0 0 128 128 128 0 0 1
234000 235000 1 1 5 3816 0 0 3 489 0 0 980 980 980 0 2300 2300 2300 0 0 0 0 0 1 0
235000 236000 2 2 5 1530 0 0 7 990 0 0 439 24 232 293 0 0 0 0 128 128 128 0 0 1
236000 237000 2 2 5 1655 0 0 6 608 0 0 290 20 155 190 2300 2300 2300 0 128 128 128 0 1 1
237000 238000 6 6 7 1404 0 0 7 454 0 0 246 17 60 91 0 0 0 0 0 0 0 0 0 0
238000 239000 1 1 3 1568 0 0 3 507 0 0 245 245 245 0 2300 2300 2300 0 128 128 128 0 1 1
239000 240000 1 1 2 1489 0 0 2 482 0 0 233 233 233 0 0 0 0 0 0 0 0 0 0 0
240000 241000 1 1 5 2802 0 0 5 906 0 0 408 408 408 0 2300 2300 2300 0 128 128 128 0 1 1
241000 242000 8 8 10 6534 0 0 13 536 0 0 403 20 87 133 0 0 0 0 0 0 0 0 0 0
242000 243000 1 1 4 2160 0 0 4 699 0 0 667 667 667 0 2300 2300 2300 0 128 128 128 0 1 1
243000 244000 7 7 7 899 0 0 7 290 0 0 277 16 58 96 0 0 0 0 0 0 0 0 0 0
244000 245000 1 1 3 2026 0 0 3 655 0 0 308 308 308 0 2300 2300 2300 0 128 128 128 0 1 1
245000 246000 5 5 6 1034 0 0 5 334 0 0 157 15 45 62 0 0 0 0 0 0 0 0 0 0
246000 247000 2 2 9 3061 0 0 9 1029 0 0 490 128 309 256 2300 2300 2300 0 128 128 128 0 1 1
247000 248000 1 1 1 0 0 0 1 0 0 0 21 21 21 0 0 0 0 0 0 0 0 0 0 0
248000 249000 4 4 11 4335 0 0 11 1485 0 0 788 15 211 384 2300 2300 2300 0 128 128 128 0 1 1
249000 250000 3 3 3 0 0 0 4 52 0 0 246 18 102 125 0 0 0 0 0 0 0 0 0 0
250000 251000 8 8 13 2261 0 0 18 933 0 0 723 0 148 243 2300 2300 2300 0 128 128 128 0 1 1
251000 252000 7 6 110 10119 0 0 145 167810 0 0 879 137 394 243 0 0 0 0 0 0 0 0 0 0
252000 253000 3 2 45 1675 0 0 57 72345 0 0 873 120 416 401 0 0 0 0 128 128 128 0 0 1
253000 254000 5 3 11 2651 0 0 10 6499 0 0 808 2 305 354 2300 2300 2300 0 0 0 0 0 1 0
254000 255000 6 6 6 377 43 24053 8 229 62 30602 667 145 449 249 2300 2300 2300 0 128 128 128 0 1 1
255000 256000 5 5 23 41886 3 2252 36 1244 5 2949 507 5 193 192 0 0 0 0 0 0 0 0 0 0
256000 257000 2 2 34 69323 0 0 59 1415 0 0 610 392 501 154 2300 2300 2300 0 128 128 128 0 1 1
257000 258000 4 4 8 1520 0 0 10 619 0 0 313 42 176 147 0 0 0 0 0 0 0 0 0 0
258000 259000 3 3 6 1254 0 0 6 393 0 0 239 209 227 16 2300 2300 2300 0 128 128 128 0 1 1
259000 260000 4 3 20 10677 0 0 23 2866 0 0 899 71 437 351 0 0 0 0 128 128 128 0 0 1
260000 261000 2 1 5 3819 0 0 7 1387 0 0 869 30 450 593 2300 2300 2300 0 0 0 0 0 1 0
261000 262000 5 5 21 22535 0 0 27 1432 0 0 961 107 435 326 2300 2300 2300 0 128 128 128 0 1 1
262000 263000 2 2 3 1515 0 0 3 491 0 0 859 16 438 596 0 0 0 0 0 0 0 0 0 0
263000 264000 3 2 11 5287 0 0 12 3769 0 0 818 6 317 438 2300 2300 2300 0 128 128 128 0 1 1
264000 265000 4 3 16 5609 0 0 19 7728 0 0 359 50 133 150 0 0 0 0 0 0 0 0 0 0
265000 266000 1 1 3 1980 0 0 3 640 0 0 426 426 426 0 2300 2300 2300 0 128 128 128 0 1 1
266000 267000 1 1 2 1079 0 0 2 349 0 0 232 232 232 0 0 0 0 0 0 0 0 0 0 0
267000 268000 1 1 3 2015 0 0 3 651 0 0 365 365 365 0 2300 2300 2300 0 128 128 128 0 1 1
268000 269000 1 1 2 1044 0 0 1 338 0 0 189 189 189 0 0 0 0 0 0 0 0 0 0 0
269000 270000 2 2 9 3062 0 0 9 1067 0 0 474 25 250 317 2300 2300 2300 0 128 128 128 0 1 1
270000 271000 0 0 0 0 0 0 0 0 0 0 0 0 0 0 0 0 0 0 0 0 0 0 0 0
271000 272000 3 3 8 8066 0 0 12 1506 0 0 667 31 323 321 2300 2300 2300 0 128 128 128 0 1 1
272000 273000 2 1 1 888 0 0 2 431 0 0 273 0 136 193 0 0 0 0 0 0 0 0 0 0
273000 274000 1 1 6 3061 0 0 6 990 0 0 457 457 457 0 2300 2300 2300 0 128 128 128 0 1 1
274000 275000 1 1 2 0 0 0 2 77 0 0 119 119 119 0 0 0 0 0 0 0 0 0 0 0
275000 276000 1 1 7 3860 0 0 7 990 0 0 570 570 570 0 2300 2300 2300 0 128 128 128 0 1 1
276000 277000 0 0 0 0 0 0 0 0 0 0 0 0 0 0 0 0 0 0 0 0 0 0 0 0
277000 278000 1 1 6 3061 0 0 6 990 0 0 523 523 523 0 2300 2300 2300 0 128 128 128 0 1 1
278000 279000 0 0 0 0 0 0 0 0 0 0 0 0 0 0 0 0 0 0 0 0 0 0 0 0
279000 280000 1 1 7 3857 0 0 7 990 0 0 671 671 671 0 2300 2300 2300 0 128 128 128 0 1 1
280000 281000 5 5 2 213 17 10430 3 88 21 12131 545 20 206 220 0 0 0 0 0 0 0 0 0 0
281000 282000 2 2 9 8792 0 0 11 1354 0 0 746 188 467 394 2300 2300 2300 0 128 128 128 0 1 1
282000 283000 1 1 1 0 0 0 1 0 0 0 17 17 17 0 0 0 0 0 0 0 0 0 0 0
283000 284000 1 1 5 2838 0 0 6 1377 0 0 790 790 790 0 2300 2300 2300 0 128 128 128 0 1 1
284000 285000 1 1 0 221 0 0 0 107 0 0 61 61 61 0 0 0 0 0 128 128 128 0 0 1
285000 286000 1 1 6 3059 0 0 6 990 0 0 496 496 496 0 2300 2300 2300 0 0 0 0 0 1 0
286000 287000 3 3 2 147 0 0 2 47 0 0 32 24 27 4 2300 2300 2300 0 128 128 128 0 1 1
287000 288000 2 2 6 2948 0 0 7 973 0 0 481 44 262 309 0 0 0 0 0 0 0 0 0 0
288000 289000 3 3 7 3184 0 0 7 1090 0 0 523 15 184 293 2300 2300 2300 0 128 128 128 0 1 1
289000 290000 2 2 2 1152 0 0 2 394 0 0 189 41 115 104 0 0 0 0 0 0 0 0 0 0
290000 291000 1 1 3 2068 0 0 4 669 0 0 640 640 640 0 2300 2300 2300 0 128 128 128 0 1 1
291000 292000 6 5 9 6569 0 0 11 766 0 0 307 0 99 132 0 0 0 0 0 0 0 0 0 0
292000 293000 2 2 4 1487 0 0 6 764 0 0 398 349 373 35 2300 2300 2300 0 128 128 128 0 1 1
293000 294000 3 3 5 1603 0 0 5 778 0 0 384 25 145 206 0 0 0 0 0 0 0 0 0 0
294000 295000 1 1 6 3060 0 0 6 990 0 0 484 484 484 0 2300 2300 2300 0 128 128 128 0 1 1
295000 296000 1 1 1 0 0 0 1 0 0 0 28 28 28 0 0 0 0 0 0 0 0 0 0 0
296000 297000 1 1 6 3061 0 0 6 990 0 0 536 536 536 0 2300 2300 2300 0 128 128 128 0 1 1
297000 298000 1 1 1 0 0 0 1 0 0 0 22 22 22 0 0 0 0 0 0 0 0 0 0 0
298000 299000 1 1 6 3750 0 0 6 963 0 0 628 628 628 0 2300 2300 2300 0 128 128 128 0 1 1
299000 300000 3 3 4 3326 0 0 5 551 0 0 305 17 116 163 0 0 0 0 0 0 0 0 0 0
300000 301000 0 0 0 0 0 0 0 0 0 0 0 0 0 0 0 0 0 0 0 0 0 0 0 0
