ts te nbins ncons c_tcp_packs c_tcp_bytes c_udp_packs c_udp_bytes s_tcp_packs s_tcp_bytes s_udp_packs s_udp_bytes max_bins_span min_bins_span avg_bins_span std_bins_span max_video_rate min_video_rate avg_video_rate std_video_rate max_audio_rate min_audio_rate avg_audio_rate std_audio_rate video_requests audio_requests
0 1000 7 6 68 52743 6 1385 95 51786 5 244 715 91 387 226 0 0 0 0 0 0 0 0 0 0
1000 2000 20 19 122 15849 7 2278 158 63076 5 266 779 30 288 214 0 0 0 0 0 0 0 0 0 0
2000 3000 8 7 8 525 13 5816 11 3520 15 6196 231 2 108 77 0 0 0 0 0 0 0 0 0 0
3000 4000 0 0 0 0 0 0 0 0 0 0 0 0 0 0 0 0 0 0 0 0 0 0 0 0
4000 5000 3 3 5 625 3 758 8 759 3 148 167 98 134 34 0 0 0 0 0 0 0 0 0 0
5000 6000 8 8 24 4774 5 1494 29 2837 5 255 847 16 242 280 0 0 0 0 0 0 0 0 0 0
6000 7000 12 10 286 18940 21 9172 482 637421 27 6661 873 10 365 299 0 0 0 0 0 0 0 0 0 0
7000 8000 7 6 306 5828 4 1621 473 653826 4 191 845 153 301 248 2300 2300 2300 0 128 128 128 0 2 2
8000 9000 10 8 276 7907 39 5750 369 485391 76 84982 842 0 295 290 0 0 0 0 128 128 128 0 0 1
9000 10000 22 18 240 7452 103 29133 310 367951 178 171417 840 0 275 268 840 840 840 0 128 128 128 0 2 2
10000 11000 15 14 324 23669 84 42639 461 614714 137 99203 889 21 399 306 840 840 840 0 128 128 128 0 1 1
11000 12000 9 7 386 10739 37 7817 442 578828 88 80555 839 96 492 267 840 840 840 0 128 128 128 0 1 1
12000 13000 7 5 251 1232 28 8479 353 487608 38 13310 837 105 373 256 0 0 0 0 0 0 0 0 0 0
13000 14000 4 3 316 31 5 1604 422 590633 6 829 836 50 335 349 480 480 480 0 128 128 128 0 3 2
14000 15000 5 4 253 0 10 5845 385 537959 11 738 836 111 299 302 480 480 480 0 128 128 128 0 1 2
15000 16000 3 2 236 0 2 2169 390 544917 1 59 835 51 349 424 480 480 480 0 128 128 128 0 1 1
16000 17000 2 1 244 58 0 0 356 500611 0 0 835 162 499 475 480 480 480 0 128 128 128 0 2 2
17000 18000 3 2 229 69 6 1535 312 434206 5 241 833 160 453 344 480 480 480 0 128 128 128 0 1 1
18000 19000 4 3 287 5114 0 0 458 636875 0 0 831 84 330 340 480 480 480 0 0 0 0 0 1 0
19000 20000 2 1 314 0 0 0 482 687583 0 0 831 166 498 469 1500 1500 1500 0 128 128 128 0 2 2
20000 21000 4 3 331 21163 0 0 406 542183 0 0 831 168 423 284 0 0 0 0 0 0 0 0 0 0
21000 22000 2 1 276 58 0 0 422 587698 0 0 830 168 499 468 1500 1500 1500 0 128 128 128 0 1 1
22000 23000 2 1 305 11 0 0 407 571384 0 0 830 169 499 467 0 0 0 0 0 0 0 0 0 0
23000 24000 2 1 267 0 0 0 382 532301 0 0 829 169 499 467 1500 1500 1500 0 128 128 128 0 1 1
24000 25000 2 1 220 0 0 0 350 486339 0 0 827 169 498 465 0 0 0 0 0 0 0 0 0 0
25000 26000 2 1 268 0 0 0 458 645589 0 0 825 170 498 463 1500 1500 1500 0 128 128 128 0 1 1
26000 27000 2 1 369 62 0 0 432 600990 0 0 825 172 498 461 0 0 0 0 0 0 0 0 0 0
27000 28000 2 2 37 7 0 0 40 55307 0 0 94 15 54 55 0 0 0 0 0 0 0 0 0 0
28000 29000 2 2 16 9660 0 0 27 8538 0 0 682 558 620 87 1500 1500 1500 0 128 128 128 0 1 1
29000 30000 2 2 7 3333 0 0 10 4308 0 0 228 97 162 92 1500 1500 1500 0 128 128 128 0 1 1
30000 31000 6 6 63 142960 0 0 103 3030 0 0 605 59 212 198 0 0 0 0 0 0 0 0 0 0
31000 32000 1 1 2 35 0 0 2 31 0 0 18 18 18 0 1500 1500 1500 0 128 128 128 0 1 1
32000 33000 0 0 0 0 0 0 0 0 0 0 0 0 0 0 0 0 0 0 0 0 0 0 0 0
33000 34000 0 0 0 0 0 0 0 0 0 0 0 0 0 0 0 0 0 0 0 0 0 0 0 0
34000 35000 2 2 0 0 13 6639 0 0 16 8004 119 78 98 29 0 0 0 0 0 0 0 0 0 0
35000 36000 0 0 0 0 0 0 0 0 0 0 0 0 0 0 0 0 0 0 0 0 0 0 0 0
36000 37000 1 1 1 35 0 0 2 31 0 0 63 63 63 0 0 0 0 0 0 0 0 0 0 0
37000 38000 6 6 6 0 0 0 6 0 0 0 26 17 22 4 3000 3000 3000 0 128 128 128 0 2 2
38000 39000 0 0 0 0 0 0 0 0 0 0 0 0 0 0 0 0 0 0 0 0 0 0 0 0
39000 40000 8 8 17 5101 0 0 19 4323 0 0 240 20 64 80 0 0 0 0 0 0 0 0 0 0
40000 41000 4 4 10 12874 3 702 15 875 3 148 194 17 142 84 0 0 0 0 0 0 0 0 0 0
41000 42000 0 0 0 0 0 0 0 0 0 0 0 0 0 0 0 0 0 0 0 0 0 0 0 0
42000 43000 1 1 1 0 0 0 1 0 0 0 17 17 17 0 0 0 0 0 0 0 0 0 0 0
43000 44000 0 0 0 0 0 0 0 0 0 0 0 0 0 0 0 0 0 0 0 0 0 0 0 0
44000 45000 1 1 1 0 0 0 1 0 0 0 20 20 20 0 3000 3000 3000 0 128 128 128 0 1 1
45000 46000 1 1 1 0 0 0 1 0 0 0 16 16 16 0 0 0 0 0 0 0 0 0 0 0
46000 47000 8 8 16 2189 0 0 19 3325 0 0 491 15 80 166 3000 3000 3000 0 128 128 128 0 1 1
47000 48000 4 4 11 8951 0 0 14 2087 0 0 303 15 141 147 0 0 0 0 0 0 0 0 0 0
48000 49000 4 4 4 0 0 0 4 0 0 0 35 31 34 2 3000 3000 3000 0 128 128 128 0 1 1
49000 50000 4 4 20 5910 0 0 24 9613 0 0 554 16 218 233 0 0 0 0 0 0 0 0 0 0
50000 51000 5 5 15 12728 0 0 20 3240 0 0 181 16 102 78 3000 3000 3000 0 128 128 128 0 1 1
51000 52000 0 0 0 0 0 0 0 0 0 0 0 0 0 0 0 0 0 0 0 0 0 0 0 0
52000 53000 4 4 4 0 0 0 4 0 0 0 21 17 19 1 3000 3000 3000 0 128 128 128 0 1 1
53000 54000 0 0 0 0 0 0 0 0 0 0 0 0 0 0 0 0 0 0 0 0 0 0 0 0
54000 55000 5 5 5 0 0 0 5 0 0 0 22 14 17 3 4400 4400 4400 0 128 128 128 0 2 2
55000 56000 2 2 3 0 0 0 4 31 0 0 130 16 73 81 0 0 0 0 0 0 0 0 0 0
56000 57000 5 5 5 0 0 0 5 0 0 0 20 15 18 1 4400 4400 4400 0 128 128 128 0 1 1
57000 58000 0 0 0 0 0 0 0 0 0 0 0 0 0 0 0 0 0 0 0 0 0 0 0 0
58000 59000 0 0 0 0 0 0 0 0 0 0 0 0 0 0 0 0 0 0 0 0 0 0 0 0
59000 60000 2 2 12 5122 0 0 15 4336 0 0 261 166 214 67 0 0 0 0 0 0 0 0 0 0
60000 61000 14 14 32 11474 0 0 36 921 0 0 217 0 48 66 4400 4400 4400 0 128 128 128 0 1 1
61000 62000 3 3 6 35 0 0 9 185 0 0 133 69 110 35 4400 4400 4400 0 0 0 0 0 1 0
62000 63000 0 0 0 0 0 0 0 0 0 0 0 0 0 0 0 0 0 0 0 0 0 0 0 0
63000 64000 0 0 0 0 0 0 0 0 0 0 0 0 0 0 0 0 0 0 0 0 0 0 0 0
64000 65000 0 0 0 0 0 0 0 0 0 0 0 0 0 0 0 0 0 0 0 0 0 0 0 0
65000 66000 1 1 3 0 0 0 3 77 0 0 18 18 18 0 0 0 0 0 0 0 0 0 0 0
66000 67000 3 3 58 134142 3 720 114 812 3 148 342 31 185 155 4400 4400 4400 0 128 128 128 0 1 1
67000 68000 0 0 0 0 0 0 0 0 0 0 0 0 0 0 0 0 0 0 0 0 0 0 0 0
68000 69000 0 0 0 0 0 0 0 0 0 0 0 0 0 0 0 0 0 0 0 0 0 0 0 0
69000 70000 2 2 12 5127 0 0 15 4339 0 0 246 82 164 116 4400 4400 4400 0 128 128 128 0 1 1
70000 71000 4 4 12 12911 0 0 17 875 0 0 247 57 151 94 0 0 0 0 0 0 0 0 0 0
71000 72000 0 0 0 0 0 0 0 0 0 0 0 0 0 0 0 0 0 0 0 0 0 0 0 0
72000 73000 1 1 1 0 0 0 1 0 0 0 17 17 17 0 0 0 0 0 0 0 0 0 0 0
73000 74000 0 0 0 0 0 0 0 0 0 0 0 0 0 0 0 0 0 0 0 0 0 0 0 0
74000 75000 0 0 0 0 0 0 0 0 0 0 0 0 0 0 0 0 0 0 0 0 0 0 0 0
75000 76000 0 0 0 0 0 0 0 0 0 0 0 0 0 0 0 0 0 0 0 0 0 0 0 0
76000 77000 2 2 2 0 0 0 2 0 0 0 17 16 16 0 0 0 0 0 0 0 0 0 0 0
77000 78000 0 0 0 0 0 0 0 0 0 0 0 0 0 0 0 0 0 0 0 0 0 0 0 0
78000 79000 0 0 0 0 0 0 0 0 0 0 0 0 0 0 0 0 0 0 0 0 0 0 0 0
79000 80000 1 1 2 0 0 0 2 77 0 0 60 60 60 0 4400 4400 4400 0 128 128 128 0 1 1
80000 81000 4 4 11 10544 3 701 15 844 3 148 238 71 187 78 0 0 0 0 0 0 0 0 0 0
81000 82000 0 0 0 0 0 0 0 0 0 0 0 0 0 0 0 0 0 0 0 0 0 0 0 0
82000 83000 1 1 0 0 0 0 0 0 0 0 5 5 5 0 0 0 0 0 0 0 0 0 0 0
83000 84000 1 1 0 0 0 0 0 0 0 0 19 19 19 0 4400 4400 4400 0 128 128 128 0 1 1
84000 85000 0 0 0 0 0 0 0 0 0 0 0 0 0 0 0 0 0 0 0 0 0 0 0 0
85000 86000 0 0 0 0 0 0 0 0 0 0 0 0 0 0 0 0 0 0 0 0 0 0 0 0
86000 87000 0 0 0 0 0 0 0 0 0 0 0 0 0 0 0 0 0 0 0 0 0 0 0 0
87000 88000 2 2 5 4683 0 0 5 524 0 0 224 17 121 146 4400 4400 4400 0 128 128 128 0 1 1
88000 89000 0 0 0 0 0 0 0 0 0 0 0 0 0 0 0 0 0 0 0 0 0 0 0 0
89000 90000 2 2 1 0 0 0 1 12 0 0 44 16 30 20 0 0 0 0 0 0 0 0 0 0
90000 91000 3 3 9 11033 0 0 13 870 0 0 202 89 156 59 0 0 0 0 0 0 0 0 0 0
91000 92000 1 1 1 35 0 0 2 31 0 0 26 26 26 0 4400 4400 4400 0 128 128 128 0 1 1
92000 93000 0 0 0 0 0 0 0 0 0 0 0 0 0 0 0 0 0 0 0 0 0 0 0 0
93000 94000 12 12 12 0 0 0 12 0 0 0 28 15 18 3 0 0 0 0 0 0 0 0 0 0
94000 95000 2 2 0 0 14 7937 0 0 20 10601 96 92 94 3 4400 4400 4400 0 128 128 128 0 1 1
95000 96000 2 2 2 0 0 0 2 0 0 0 18 18 18 0 0 0 0 0 0 0 0 0 0 0
96000 97000 1 1 1 35 0 0 2 31 0 0 66 66 66 0 4400 4400 4400 0 128 128 128 0 1 1
97000 98000 4 4 4 0 0 0 4 0 0 0 26 26 26 0 0 0 0 0 0 0 0 0 0 0
98000 99000 0 0 0 0 0 0 0 0 0 0 0 0 0 0 0 0 0 0 0 0 0 0 0 0
99000 100000 1 1 1 0 0 0 1 0 0 0 23 23 23 0 0 0 0 0 0 0 0 0 0 0
100000 101000 3 3 10 10957 0 0 14 875 0 0 210 26 146 104 4400 4400 4400 0 128 128 128 0 1 1
101000 102000 7 7 7 0 0 0 7 0 0 0 28 17 20 3 0 0 0 0 0 0 0 0 0 0
102000 103000 0 0 0 0 0 0 0 0 0 0 0 0 0 0 0 0 0 0 0 0 0 0 0 0
103000 104000 0 0 0 0 0 0 0 0 0 0 0 0 0 0 0 0 0 0 0 0 0 0 0 0
104000 105000 0 0 0 0 0 0 0 0 0 0 0 0 0 0 0 0 0 0 0 0 0 0 0 0
105000 106000 0 0 0 0 0 0 0 0 0 0 0 0 0 0 0 0 0 0 0 0 0 0 0 0
106000 107000 0 0 0 0 0 0 0 0 0 0 0 0 0 0 0 0 0 0 0 0 0 0 0 0
107000 108000 0 0 0 0 0 0 0 0 0 0 0 0 0 0 0 0 0 0 0 0 0 0 0 0
108000 109000 0 0 0 0 0 0 0 0 0 0 0 0 0 0 0 0 0 0 0 0 0 0 0 0
109000 110000 0 0 0 0 0 0 0 0 0 0 0 0 0 0 0 0 0 0 0 0 0 0 0 0
110000 111000 2 2 8 10344 0 0 12 844 0 0 249 243 246 3 0 0 0 0 128 128 128 0 0 1
111000 112000 1 1 1 0 0 0 1 0 0 0 17 17 17 0 0 0 0 0 0 0 0 0 0 0
112000 113000 0 0 0 0 0 0 0 0 0 0 0 0 0 0 0 0 0 0 0 0 0 0 0 0
113000 114000 0 0 0 0 0 0 0 0 0 0 0 0 0 0 0 0 0 0 0 0 0 0 0 0
114000 115000 0 0 0 0 0 0 0 0 0 0 0 0 0 0 0 0 0 0 0 0 0 0 0 0
115000 116000 1 1 1 0 0 0 1 0 0 0 22 22 22 0 0 0 0 0 128 128 128 0 0 1
116000 117000 0 0 0 0 0 0 0 0 0 0 0 0 0 0 0 0 0 0 0 0 0 0 0 0
117000 118000 1 1 1 0 0 0 1 0 0 0 16 16 16 0 0 0 0 0 128 128 128 0 0 1
118000 119000 0 0 0 0 0 0 0 0 0 0 0 0 0 0 0 0 0 0 0 0 0 0 0 0
119000 120000 0 0 0 0 0 0 0 0 0 0 0 0 0 0 0 0 0 0 0 0 0 0 0 0
120000 121000 4 4 16 11678 4 2696 20 1268 6 3269 267 165 225 43 0 0 0 0 0 0 0 0 0 0
121000 122000 4 4 4 96 0 0 5 383 0 0 71 17 36 24 4400 4400 4400 0 128 128 128 0 1 1
122000 123000 3 3 141 3123 4 2256 168 220435 6 741 753 128 429 313 0 0 0 0 0 0 0 0 0 0
123000 124000 6 6 14 527 38 20894 22 23802 52 22416 343 70 157 103 0 0 0 0 0 0 0 0 0 0
124000 125000 5 4 166 6856 1 956 254 336474 2 928 928 27 406 403 4400 4400 4400 0 128 128 128 0 1 1
125000 126000 6 4 201 9334 0 0 211 262337 0 0 838 221 431 237 0 0 0 0 128 128 128 0 0 1
126000 127000 6 6 52 110648 2 1143 98 3308 2 123 630 34 183 234 4400 4400 4400 0 0 0 0 0 1 0
127000 128000 4 3 14 8174 3 628 18 4531 3 152 308 132 239 76 4400 4400 4400 0 128 128 128 0 1 1
128000 129000 1 1 1 0 0 0 1 0 0 0 16 16 16 0 0 0 0 0 0 0 0 0 0 0
129000 130000 0 0 0 0 0 0 0 0 0 0 0 0 0 0 0 0 0 0 0 0 0 0 0 0
130000 131000 5 5 23 25845 0 0 34 5190 0 0 332 70 206 111 0 0 0 0 0 0 0 0 0 0
131000 132000 0 0 0 0 0 0 0 0 0 0 0 0 0 0 0 0 0 0 0 0 0 0 0 0
132000 133000 0 0 0 0 0 0 0 0 0 0 0 0 0 0 0 0 0 0 0 0 0 0 0 0
133000 134000 0 0 0 0 0 0 0 0 0 0 0 0 0 0 0 0 0 0 0 0 0 0 0 0
134000 135000 1 1 1 0 0 0 1 0 0 0 23 23 23 0 4400 4400 4400 0 0 0 0 0 1 0
135000 136000 0 0 0 0 0 0 0 0 0 0 0 0 0 0 0 0 0 0 0 0 0 0 0 0
136000 137000 0 0 0 0 0 0 0 0 0 0 0 0 0 0 0 0 0 0 0 0 0 0 0 0
137000 138000 1 1 2 0 0 0 2 77 0 0 42 42 42 0 0 0 0 0 0 0 0 0 0 0
138000 139000 9 9 9 0 0 0 9 0 0 0 28 21 23 2 4400 4400 4400 0 128 128 128 0 1 1
139000 140000 0 0 0 0 0 0 0 0 0 0 0 0 0 0 0 0 0 0 0 0 0 0 0 0
140000 141000 5 5 13 10614 0 0 15 921 0 0 183 0 80 90 4400 4400 4400 0 128 128 128 0 1 1
141000 142000 0 0 0 0 0 0 0 0 0 0 0 0 0 0 0 0 0 0 0 0 0 0 0 0
142000 143000 4 4 4 0 0 0 4 0 0 0 18 17 17 1 4400 4400 4400 0 128 128 128 0 1 1
143000 144000 0 0 0 0 0 0 0 0 0 0 0 0 0 0 0 0 0 0 0 0 0 0 0 0
144000 145000 1 1 1 0 0 0 1 0 0 0 22 22 22 0 4400 4400 4400 0 128 128 128 0 1 1
145000 146000 0 0 0 0 0 0 0 0 0 0 0 0 0 0 0 0 0 0 0 0 0 0 0 0
146000 147000 7 7 7 0 0 0 7 0 0 0 20 16 18 1 4400 4400 4400 0 128 128 128 0 1 1
147000 148000 0 0 0 0 0 0 0 0 0 0 0 0 0 0 0 0 0 0 0 0 0 0 0 0
148000 149000 0 0 0 0 0 0 0 0 0 0 0 0 0 0 0 0 0 0 0 0 0 0 0 0
149000 150000 0 0 0 0 0 0 0 0 0 0 0 0 0 0 0 0 0 0 0 0 0 0 0 0
150000 151000 2 2 8 10666 0 0 12 844 0 0 214 185 199 19 4400 4400 4400 0 128 128 128 0 1 1
151000 152000 1 1 1 35 0 0 2 31 0 0 62 62 62 0 0 0 0 0 0 0 0 0 0 0
152000 153000 0 0 0 0 0 0 0 0 0 0 0 0 0 0 0 0 0 0 0 0 0 0 0 0
153000 154000 0 0 0 0 0 0 0 0 0 0 0 0 0 0 0 0 0 0 0 0 0 0 0 0
154000 155000 2 2 0 0 16 8000 0 0 18 9303 236 211 223 17 4400 4400 4400 0 128 128 128 0 1 1
155000 156000 0 0 0 0 0 0 0 0 0 0 0 0 0 0 0 0 0 0 0 0 0 0 0 0
156000 157000 1 1 1 35 0 0 2 31 0 0 79 79 79 0 0 0 0 0 128 128 128 0 0 1
157000 158000 0 0 0 0 0 0 0 0 0 0 0 0 0 0 0 0 0 0 0 0 0 0 0 0
158000 159000 0 0 0 0 0 0 0 0 0 0 0 0 0 0 0 0 0 0 0 0 0 0 0 0
159000 160000 0 0 0 0 0 0 0 0 0 0 0 0 0 0 0 0 0 0 0 0 0 0 0 0
160000 161000 5 5 16 11112 6 2778 20 1052 9 6248 617 76 241 215 4400 4400 4400 0 128 128 128 0 1 1
161000 162000 0 0 0 0 0 0 0 0 0 0 0 0 0 0 0 0 0 0 0 0 0 0 0 0
162000 163000 1 1 1 0 0 0 1 0 0 0 21 21 21 0 0 0 0 0 0 0 0 0 0 0
163000 164000 0 0 0 0 0 0 0 0 0 0 0 0 0 0 0 0 0 0 0 0 0 0 0 0
164000 165000 0 0 0 0 0 0 0 0 0 0 0 0 0 0 0 0 0 0 0 0 0 0 0 0
165000 166000 0 0 0 0 0 0 0 0 0 0 0 0 0 0 0 0 0 0 0 0 0 0 0 0
166000 167000 2 2 2 0 0 0 2 0 0 0 19 18 19 0 0 0 0 0 0 0 0 0 0 0
167000 168000 1 1 4 4640 0 0 5 524 0 0 292 292 292 0 4400 4400 4400 0 128 128 128 0 1 1
168000 169000 3 3 0 0 0 0 0 0 0 0 5 5 5 0 0 0 0 0 0 0 0 0 0 0
169000 170000 3 3 2 0 0 0 2 0 0 0 12 10 11 0 4400 4400 4400 0 128 128 128 0 1 1
170000 171000 3 3 10 12776 0 0 13 844 0 0 252 23 172 129 0 0 0 0 0 0 0 0 0 0
171000 172000 1 1 1 0 0 0 1 0 0 0 23 23 23 0 4400 4400 4400 0 128 128 128 0 1 1
172000 173000 0 0 0 0 0 0 0 0 0 0 0 0 0 0 0 0 0 0 0 0 0 0 0 0
173000 174000 1 1 1 0 0 0 1 0 0 0 15 15 15 0 4400 4400 4400 0 128 128 128 0 1 1
174000 175000 0 0 0 0 0 0 0 0 0 0 0 0 0 0 0 0 0 0 0 0 0 0 0 0
175000 176000 1 1 1 0 0 0 1 0 0 0 15 15 15 0 4400 4400 4400 0 128 128 128 0 1 1
176000 177000 0 0 0 0 0 0 0 0 0 0 0 0 0 0 0 0 0 0 0 0 0 0 0 0
177000 178000 0 0 0 0 0 0 0 0 0 0 0 0 0 0 0 0 0 0 0 0 0 0 0 0
178000 179000 0 0 0 0 0 0 0 0 0 0 0 0 0 0 0 0 0 0 0 0 0 0 0 0
179000 180000 1 1 1 0 0 0 1 0 0 0 25 25 25 0 4400 4400 4400 0 128 128 128 0 1 1
180000 181000 2 2 8 10344 0 0 11 844 0 0 254 222 238 22 0 0 0 0 0 0 0 0 0 0
181000 182000 1 1 1 35 0 0 2 31 0 0 16 16 16 0 4400 4400 4400 0 128 128 128 0 1 1
182000 183000 0 0 0 0 0 0 0 0 0 0 0 0 0 0 0 0 0 0 0 0 0 0 0 0
183000 184000 9 9 9 0 0 0 9 0 0 0 24 15 22 2 4400 4400 4400 0 128 128 128 0 1 1
184000 185000 0 0 0 0 0 0 0 0 0 0 0 0 0 0 0 0 0 0 0 0 0 0 0 0
185000 186000 2 2 2 0 0 0 2 0 0 0 15 15 15 0 4400 4400 4400 0 128 128 128 0 1 1
186000 187000 3 3 49 109141 5 2230 92 552 5 420 357 48 212 155 4400 4400 4400 0 128 128 128 0 1 1
187000 188000 4 4 4 0 0 0 4 0 0 0 23 23 23 0 0 0 0 0 0 0 0 0 0 0
188000 189000 0 0 0 0 0 0 0 0 0 0 0 0 0 0 0 0 0 0 0 0 0 0 0 0
189000 190000 1 1 1 0 0 0 1 0 0 0 19 19 19 0 0 0 0 0 0 0 0 0 0 0
190000 191000 5 5 28 19923 0 0 34 5478 0 0 297 17 180 101 4400 4400 4400 0 128 128 128 0 1 1
191000 192000 7 7 7 0 0 0 7 0 0 0 20 19 20 0 0 0 0 0 0 0 0 0 0 0
192000 193000 0 0 0 0 0 0 0 0 0 0 0 0 0 0 0 0 0 0 0 0 0 0 0 0
193000 194000 0 0 0 0 0 0 0 0 0 0 0 0 0 0 0 0 0 0 0 0 0 0 0 0
194000 195000 0 0 0 0 0 0 0 0 0 0 0 0 0 0 0 0 0 0 0 0 0 0 0 0
195000 196000 0 0 0 0 0 0 0 0 0 0 0 0 0 0 0 0 0 0 0 0 0 0 0 0
196000 197000 0 0 0 0 0 0 0 0 0 0 0 0 0 0 0 0 0 0 0 0 0 0 0 0
197000 198000 0 0 0 0 0 0 0 0 0 0 0 0 0 0 0 0 0 0 0 0 0 0 0 0
198000 199000 0 0 0 0 0 0 0 0 0 0 0 0 0 0 0 0 0 0 0 0 0 0 0 0
199000 200000 0 0 0 0 0 0 0 0 0 0 0 0 0 0 0 0 0 0 0 0 0 0 0 0
200000 201000 4 4 11 10934 3 678 14 921 3 156 226 71 171 68 4400 4400 4400 0 128 128 128 0 1 1
201000 202000 0 0 0 0 0 0 0 0 0 0 0 0 0 0 0 0 0 0 0 0 0 0 0 0
202000 203000 0 0 0 0 0 0 0 0 0 0 0 0 0 0 0 0 0 0 0 0 0 0 0 0
203000 204000 0 0 0 0 0 0 0 0 0 0 0 0 0 0 0 0 0 0 0 0 0 0 0 0
204000 205000 0 0 0 0 0 0 0 0 0 0 0 0 0 0 0 0 0 0 0 0 0 0 0 0
205000 206000 1 1 1 0 0 0 1 0 0 0 29 29 29 0 4400 4400 4400 0 0 0 0 0 1 0
206000 207000 0 0 0 0 0 0 0 0 0 0 0 0 0 0 0 0 0 0 0 0 0 0 0 0
207000 208000 2 2 5 4640 0 0 6 524 0 0 306 15 161 205 0 0 0 0 0 0 0 0 0 0
208000 209000 0 0 0 0 0 0 0 0 0 0 0 0 0 0 0 0 0 0 0 0 0 0 0 0
209000 210000 0 0 0 0 0 0 0 0 0 0 0 0 0 0 0 0 0 0 0 0 0 0 0 0
210000 211000 2 2 11 11264 0 0 13 863 0 0 299 247 273 36 0 0 0 0 128 128 128 0 0 1
211000 212000 1 1 1 35 0 0 2 31 0 0 77 77 77 0 4400 4400 4400 0 128 128 128 0 1 1
212000 213000 2 2 2 0 0 0 2 0 0 0 16 16 16 0 0 0 0 0 0 0 0 0 0 0
213000 214000 0 0 0 0 0 0 0 0 0 0 0 0 0 0 0 0 0 0 0 0 0 0 0 0
214000 215000 5 5 3 0 18 8138 3 0 18 8069 220 22 101 101 0 0 0 0 0 0 0 0 0 0
215000 216000 0 0 0 0 0 0 0 0 0 0 0 0 0 0 0 0 0 0 0 0 0 0 0 0
216000 217000 2 2 2 35 0 0 3 31 0 0 110 17 64 65 0 0 0 0 0 0 0 0 0 0
217000 218000 0 0 0 0 0 0 0 0 0 0 0 0 0 0 0 0 0 0 0 0 0 0 0 0
218000 219000 1 1 1 0 0 0 1 0 0 0 16 16 16 0 0 0 0 0 0 0 0 0 0 0
219000 220000 0 0 0 0 0 0 0 0 0 0 0 0 0 0 0 0 0 0 0 0 0 0 0 0
220000 221000 3 3 9 10969 0 0 13 831 0 0 601 72 292 275 0 0 0 0 0 0 0 0 0 0
221000 222000 0 0 0 0 0 0 0 0 0 0 0 0 0 0 0 0 0 0 0 0 0 0 0 0
222000 223000 0 0 0 0 0 0 0 0 0 0 0 0 0 0 0 0 0 0 0 0 0 0 0 0
223000 224000 0 0 0 0 0 0 0 0 0 0 0 0 0 0 0 0 0 0 0 0 0 0 0 0
224000 225000 1 1 1 0 0 0 1 0 0 0 20 20 20 0 0 0 0 0 0 0 0 0 0 0
225000 226000 0 0 0 0 0 0 0 0 0 0 0 0 0 0 0 0 0 0 0 0 0 0 0 0
226000 227000 0 0 0 0 0 0 0 0 0 0 0 0 0 0 0 0 0 0 0 0 0 0 0 0
227000 228000 0 0 0 0 0 0 0 0 0 0 0 0 0 0 0 0 0 0 0 0 0 0 0 0
228000 229000 9 9 9 0 0 0 9 0 0 0 20 14 16 2 4400 4400 4400 0 0 0 0 0 1 0
229000 230000 0 0 0 0 0 0 0 0 0 0 0 0 0 0 0 0 0 0 0 0 0 0 0 0
230000 231000 4 4 10 10934 0 0 13 800 0 0 198 18 96 91 0 0 0 0 0 0 0 0 0 0
231000 232000 1 1 1 0 0 0 1 0 0 0 29 29 29 0 4400 4400 4400 0 128 128 128 0 1 1
232000 233000 5 5 6 0 0 0 7 39 0 0 27 16 20 4 4400 4400 4400 0 128 128 128 0 1 1
233000 234000 0 0 0 0 0 0 0 0 0 0 0 0 0 0 0 0 0 0 0 0 0 0 0 0
234000 235000 1 1 1 0 0 0 1 0 0 0 132 132 132 0 0 0 0 0 0 0 0 0 0 0
235000 236000 1 1 1 0 0 0 1 0 0 0 18 18 18 0 4400 4400 4400 0 128 128 128 0 1 1
236000 237000 7 7 7 0 0 0 7 0 0 0 25 22 24 0 0 0 0 0 128 128 128 0 0 1
237000 238000 1 1 2 0 0 0 3 39 0 0 100 100 100 0 4400 4400 4400 0 0 0 0 0 1 0
238000 239000 0 0 0 0 0 0 0 0 0 0 0 0 0 0 0 0 0 0 0 0 0 0 0 0
239000 240000 0 0 0 0 0 0 0 0 0 0 0 0 0 0 0 0 0 0 0 0 0 0 0 0
240000 241000 4 4 14 10489 3 3750 15 1011 0 0 490 151 266 152 4400 4400 4400 0 128 128 128 0 1 1
241000 242000 8 8 13 85 0 0 19 560 0 0 121 31 89 35 0 0 0 0 0 0 0 0 0 0
242000 243000 5 5 141 3839 0 0 165 198818 0 0 723 64 251 268 0 0 0 0 0 0 0 0 0 0
243000 244000 6 6 93 451 36 17953 135 179810 46 19176 454 63 208 148 4400 4400 4400 0 128 128 128 0 1 1
244000 245000 3 2 194 136 0 0 271 372079 0 0 542 129 374 216 0 0 0 0 128 128 128 0 0 1
245000 246000 3 2 195 0 0 0 243 333636 0 0 547 192 396 183 0 0 0 0 0 0 0 0 0 0
246000 247000 6 5 257 108460 0 0 380 399444 0 0 547 69 286 198 2300 2300 2300 0 128 128 128 0 2 2
247000 248000 6 5 240 9913 0 0 364 484018 0 0 553 117 350 194 0 0 0 0 0 0 0 0 0 0
248000 249000 4 3 226 535 0 0 338 464694 0 0 555 46 288 248 2300 2300 2300 0 128 128 128 0 1 2
249000 250000 3 2 202 46 0 0 309 425952 0 0 557 138 378 215 0 0 0 0 0 0 0 0 0 0
250000 251000 6 6 77 28882 0 0 104 91902 0 0 506 69 249 150 1500 1500 1500 0 128 128 128 0 2 1
251000 252000 0 0 0 0 0 0 0 0 0 0 0 0 0 0 0 0 0 0 0 0 0 0 0 0
252000 253000 1 1 1 0 0 0 1 0 0 0 16 16 16 0 1500 1500 1500 0 128 128 128 0 1 1
253000 254000 0 0 0 0 0 0 0 0 0 0 0 0 0 0 0 0 0 0 0 0 0 0 0 0
254000 255000 0 0 0 0 0 0 0 0 0 0 0 0 0 0 0 0 0 0 0 0 0 0 0 0
255000 256000 0 0 0 0 0 0 0 0 0 0 0 0 0 0 0 0 0 0 0 0 0 0 0 0
256000 257000 0 0 0 0 0 0 0 0 0 0 0 0 0 0 0 0 0 0 0 0 0 0 0 0
257000 258000 2 2 3 0 0 0 3 77 0 0 23 8 16 10 3000 3000 3000 0 128 128 128 0 1 1
258000 259000 0 0 0 0 0 0 0 0 0 0 0 0 0 0 0 0 0 0 0 0 0 0 0 0
259000 260000 0 0 0 0 0 0 0 0 0 0 0 0 0 0 0 0 0 0 0 0 0 0 0 0
260000 261000 3 3 13 13827 0 0 17 877 0 0 235 19 152 117 0 0 0 0 0 0 0 0 0 0
261000 262000 0 0 0 0 0 0 0 0 0 0 0 0 0 0 0 0 0 0 0 0 0 0 0 0
262000 263000 0 0 0 0 0 0 0 0 0 0 0 0 0 0 0 0 0 0 0 0 0 0 0 0
263000 264000 0 0 0 0 0 0 0 0 0 0 0 0 0 0 0 0 0 0 0 0 0 0 0 0
264000 265000 0 0 0 0 0 0 0 0 0 0 0 0 0 0 0 0 0 0 0 0 0 0 0 0
265000 266000 0 0 0 0 0 0 0 0 0 0 0 0 0 0 0 0 0 0 0 0 0 0 0 0
266000 267000 1 1 3 0 0 0 3 39 0 0 135 135 135 0 0 0 0 0 0 0 0 0 0 0
267000 268000 0 0 0 0 0 0 0 0 0 0 0 0 0 0 0 0 0 0 0 0 0 0 0 0
268000 269000 0 0 0 0 0 0 0 0 0 0 0 0 0 0 0 0 0 0 0 0 0 0 0 0
269000 270000 0 0 0 0 0 0 0 0 0 0 0 0 0 0 0 0 0 0 0 0 0 0 0 0
270000 271000 2 2 8 11490 0 0 12 800 0 0 231 209 220 15 0 0 0 0 0 0 0 0 0 0
271000 272000 1 1 1 35 0 0 2 31 0 0 74 74 74 0 4400 4400 4400 0 128 128 128 0 1 1
272000 273000 0 0 0 0 0 0 0 0 0 0 0 0 0 0 0 0 0 0 0 0 0 0 0 0
273000 274000 2 2 2 0 0 0 2 0 0 0 28 22 25 4 4400 4400 4400 0 128 128 128 0 1 1
274000 275000 2 2 0 0 15 7974 0 0 18 9326 122 81 101 29 0 0 0 0 0 0 0 0 0 0
275000 276000 1 1 1 0 0 0 1 0 0 0 14 14 14 0 4400 4400 4400 0 128 128 128 0 1 1
276000 277000 1 1 1 35 0 0 2 31 0 0 22 22 22 0 0 0 0 0 0 0 0 0 0 0
277000 278000 2 2 2 0 0 0 2 0 0 0 26 25 26 1 4400 4400 4400 0 128 128 128 0 1 1
278000 279000 0 0 0 0 0 0 0 0 0 0 0 0 0 0 0 0 0 0 0 0 0 0 0 0
279000 280000 0 0 0 0 0 0 0 0 0 0 0 0 0 0 0 0 0 0 0 0 0 0 0 0
280000 281000 4 4 16 11114 0 0 21 1008 0 0 274 52 194 98 0 0 0 0 0 0 0 0 0 0
281000 282000 6 6 6 0 0 0 6 0 0 0 20 15 18 1 4400 4400 4400 0 128 128 128 0 1 1
282000 283000 0 0 0 0 0 0 0 0 0 0 0 0 0 0 0 0 0 0 0 0 0 0 0 0
283000 284000 0 0 0 0 0 0 0 0 0 0 0 0 0 0 0 0 0 0 0 0 0 0 0 0
284000 285000 0 0 0 0 0 0 0 0 0 0 0 0 0 0 0 0 0 0 0 0 0 0 0 0
285000 286000 0 0 0 0 0 0 0 0 0 0 0 0 0 0 0 0 0 0 0 0 0 0 0 0
286000 287000 0 0 0 0 0 0 0 0 0 0 0 0 0 0 0 0 0 0 0 0 0 0 0 0
287000 288000 2 2 5 5228 0 0 6 524 0 0 343 22 182 226 0 0 0 0 0 0 0 0 0 0
288000 289000 0 0 0 0 0 0 0 0 0 0 0 0 0 0 0 0 0 0 0 0 0 0 0 0
289000 290000 2 2 2 0 0 0 2 0 0 0 17 16 16 0 0 0 0 0 0 0 0 0 0 0
290000 291000 2 2 8 11053 0 0 12 800 0 0 232 155 194 54 0 0 0 0 0 0 0 0 0 0
291000 292000 1 1 1 0 0 0 1 0 0 0 15 15 15 0 4400 4400 4400 0 128 128 128 0 1 1
292000 293000 0 0 0 0 0 0 0 0 0 0 0 0 0 0 0 0 0 0 0 0 0 0 0 0
293000 294000 0 0 0 0 0 0 0 0 0 0 0 0 0 0 0 0 0 0 0 0 0 0 0 0
294000 295000 0 0 0 0 0 0 0 0 0 0 0 0 0 0 0 0 0 0 0 0 0 0 0 0
295000 296000 2 2 2 0 0 0 2 0 0 0 15 15 15 0 0 0 0 0 0 0 0 0 0 0
296000 297000 0 0 0 0 0 0 0 0 0 0 0 0 0 0 0 0 0 0 0 0 0 0 0 0
297000 298000 0 0 0 0 0 0 0 0 0 0 0 0 0 0 0 0 0 0 0 0 0 0 0 0
298000 299000 0 0 0 0 0 0 0 0 0 0 0 0 0 0 0 0 0 0 0 0 0 0 0 0
299000 300000 0 0 0 0 0 0 0 0 0 0 0 0 0 0 0 0 0 0 0 0 0 0 0 0
300000 301000 0 0 0 0 0 0 0 0 0 0 0 0 0 0 0 0 0 0 0 0 0 0 0 0
