ts te nbins ncons c_tcp_packs c_tcp_bytes c_udp_packs c_udp_bytes s_tcp_packs s_tcp_bytes s_udp_packs s_udp_bytes max_bins_span min_bins_span avg_bins_span std_bins_span max_video_rate min_video_rate avg_video_rate std_video_rate max_audio_rate min_audio_rate avg_audio_rate std_audio_rate video_requests audio_requests
0 1000 12 11 73 40773 0 0 118 57429 0 0 663 43 312 199 0 0 0 0 0 0 0 0 0 0
1000 2000 21 20 114 14257 0 385 149 55038 1 711 812 15 269 242 0 0 0 0 0 0 0 0 0 0
2000 3000 4 3 7 3426 7 2855 9 1168 8 5268 492 0 163 224 0 0 0 0 0 0 0 0 0 0
3000 4000 2 2 9 2387 0 0 9 434 0 0 174 2 88 122 0 0 0 0 0 0 0 0 0 0
4000 5000 4 4 19 3888 0 0 29 17188 0 0 691 181 468 247 0 0 0 0 0 0 0 0 0 0
5000 6000 11 8 162 18674 0 0 248 281560 0 0 788 24 415 242 0 0 0 0 0 0 0 0 0 0
6000 7000 10 8 293 12480 0 0 460 633442 0 0 665 46 290 198 2300 2300 2300 0 128 128 128 0 2 2
7000 8000 7 6 225 8722 0 0 303 386596 0 0 678 17 306 275 0 0 0 0 0 0 0 0 0 0
8000 9000 10 9 148 5294 8 5034 207 267255 12 6318 941 10 245 318 1500 1500 1500 0 128 128 128 0 2 2
9000 10000 18 17 177 9073 74 46103 247 265494 91 40747 692 10 244 190 1500 1500 1500 0 128 128 128 0 2 1
10000 11000 8 7 188 35223 47 6587 275 326661 94 104004 674 99 434 209 1500 1500 1500 0 128 128 128 0 2 2
11000 12000 9 6 221 4721 23 5051 321 437817 40 35449 682 35 245 198 0 0 0 0 0 0 0 0 0 0
12000 13000 8 5 227 6502 19 5366 294 390810 27 10912 725 36 430 288 1500 1500 1500 0 128 128 128 0 1 1
13000 14000 4 3 191 71 2 1655 258 353615 2 72 927 96 504 371 1500 1500 1500 0 128 128 128 0 1 1
14000 15000 5 4 181 1445 8 3157 265 372021 8 968 683 149 337 205 1500 1500 1500 0 128 128 128 0 1 1
15000 16000 2 1 210 69 0 0 322 464467 0 0 685 310 498 264 1500 1500 1500 0 128 128 128 0 1 1
16000 17000 3 2 230 2154 0 0 328 453943 0 0 688 308 472 195 0 0 0 0 0 0 0 0 0 0
17000 18000 5 4 201 5638 0 0 299 396162 0 0 688 107 303 228 1500 1500 1500 0 128 128 128 0 1 1
18000 19000 2 1 180 0 0 0 275 382298 0 0 695 300 498 279 1500 1500 1500 0 128 128 128 0 1 1
19000 20000 2 1 178 20 0 0 273 379482 0 0 695 298 496 280 1500 1500 1500 0 128 128 128 0 1 1
20000 21000 4 3 196 15438 0 0 286 377207 0 0 699 231 365 223 1500 1500 1500 0 128 128 128 0 1 1
21000 22000 2 1 187 0 0 0 272 376561 0 0 702 294 498 288 0 0 0 0 0 0 0 0 0 0
22000 23000 2 1 169 0 0 0 261 362364 0 0 702 294 498 288 1500 1500 1500 0 128 128 128 0 1 1
23000 24000 2 1 191 0 0 0 295 417568 0 0 703 291 497 291 1500 1500 1500 0 128 128 128 0 1 1
24000 25000 2 1 260 0 0 0 394 568055 0 0 706 288 497 295 2300 2300 2300 0 128 128 128 0 1 2
25000 26000 2 1 343 20 0 0 423 591636 0 0 711 286 498 299 2300 2300 2300 0 0 0 0 0 1 0
26000 27000 2 1 236 49 0 0 289 399152 0 0 709 286 497 299 0 0 0 0 128 128 128 0 0 1
27000 28000 5 4 229 7631 0 0 335 434661 0 0 713 53 326 243 2300 2300 2300 0 0 0 0 0 1 0
28000 29000 2 1 201 0 0 0 298 413998 0 0 713 282 498 304 0 0 0 0 128 128 128 0 0 1
29000 30000 2 1 211 0 0 0 292 405391 0 0 715 282 499 306 2300 2300 2300 0 0 0 0 0 1 0
30000 31000 6 5 267 150263 0 0 364 366893 0 0 715 235 388 214 2300 2300 2300 0 128 128 128 0 1 1
31000 32000 3 2 174 85 0 0 254 349930 0 0 717 19 339 352 0 0 0 0 0 0 0 0 0 0
32000 33000 2 1 166 0 0 0 232 323315 0 0 714 279 497 307 2300 2300 2300 0 128 128 128 0 1 1
33000 34000 2 1 144 0 0 0 214 297341 0 0 718 272 495 315 0 0 0 0 0 0 0 0 0 0
34000 35000 1 1 22 0 0 0 42 58485 0 0 173 173 173 0 0 0 0 0 0 0 0 0 0 0
35000 36000 3 3 4 2632 0 0 6 1581 0 0 364 41 206 161 2300 2300 2300 0 128 128 128 0 1 1
36000 37000 6 4 12 7461 16 8002 22 7026 16 8033 765 122 336 278 2300 2300 2300 0 128 128 128 0 1 1
37000 38000 0 0 0 0 0 0 0 0 0 0 0 0 0 0 0 0 0 0 0 0 0 0 0 0
38000 39000 7 7 14 4995 0 0 19 4280 0 0 140 16 41 46 3000 3000 3000 0 128 128 128 0 2 2
39000 40000 1 1 2 35 0 0 2 31 0 0 63 63 63 0 0 0 0 0 0 0 0 0 0 0
40000 41000 9 9 17 13750 0 0 20 1339 0 0 194 16 72 81 3000 3000 3000 0 128 128 128 0 1 1
41000 42000 0 0 0 0 0 0 0 0 0 0 0 0 0 0 0 0 0 0 0 0 0 0 0 0
42000 43000 1 1 1 0 0 0 1 0 0 0 15 15 15 0 3000 3000 3000 0 128 128 128 0 1 1
43000 44000 0 0 0 0 0 0 0 0 0 0 0 0 0 0 0 0 0 0 0 0 0 0 0 0
44000 45000 0 0 0 0 0 0 0 0 0 0 0 0 0 0 0 0 0 0 0 0 0 0 0 0
45000 46000 3 3 3 0 0 0 3 0 0 0 24 16 18 4 0 0 0 0 0 0 0 0 0 0
46000 47000 11 11 15 7299 0 0 17 523 0 0 291 17 43 82 3000 3000 3000 0 128 128 128 0 1 1
47000 48000 1 1 1 0 0 0 1 0 0 0 20 20 20 0 0 0 0 0 0 0 0 0 0 0
48000 49000 5 5 25 9312 0 0 34 10979 0 0 490 18 158 195 3000 3000 3000 0 128 128 128 0 1 1
49000 50000 0 0 0 0 0 0 0 0 0 0 0 0 0 0 0 0 0 0 0 0 0 0 0 0
50000 51000 5 5 12 13330 0 0 14 844 0 0 187 17 82 88 3000 3000 3000 0 128 128 128 0 1 1
51000 52000 3 3 3 0 0 0 3 0 0 0 16 15 16 0 3000 3000 3000 0 0 0 0 0 1 0
52000 53000 1 1 1 0 0 0 1 0 0 0 15 15 15 0 0 0 0 0 128 128 128 0 0 2
53000 54000 1 1 1 0 0 0 1 0 0 0 15 15 15 0 4400 4400 4400 0 128 128 128 0 2 1
54000 55000 8 8 8 0 0 0 8 0 0 0 25 16 21 4 0 0 0 0 0 0 0 0 0 0
55000 56000 0 0 0 0 0 0 0 0 0 0 0 0 0 0 0 0 0 0 0 0 0 0 0 0
56000 57000 0 0 0 0 0 0 0 0 0 0 0 0 0 0 0 0 0 0 0 0 0 0 0 0
57000 58000 0 0 0 0 0 0 0 0 0 0 0 0 0 0 0 0 0 0 0 0 0 0 0 0
58000 59000 2 2 9 5432 0 0 14 4353 0 0 248 134 191 80 0 0 0 0 0 0 0 0 0 0
59000 60000 1 1 1 0 0 0 1 0 0 0 17 17 17 0 4400 4400 4400 0 128 128 128 0 1 1
60000 61000 15 15 33 14061 0 0 40 1282 0 0 262 28 119 92 0 0 0 0 0 0 0 0 0 0
61000 62000 3 3 5 35 0 0 8 185 0 0 109 43 72 33 4400 4400 4400 0 128 128 128 0 1 1
62000 63000 0 0 0 0 0 0 0 0 0 0 0 0 0 0 0 0 0 0 0 0 0 0 0 0
63000 64000 0 0 0 0 0 0 0 0 0 0 0 0 0 0 0 0 0 0 0 0 0 0 0 0
64000 65000 0 0 0 0 0 0 0 0 0 0 0 0 0 0 0 0 0 0 0 0 0 0 0 0
65000 66000 3 3 62 135123 0 0 111 5588 0 0 388 1 183 194 4400 4400 4400 0 128 128 128 0 1 1
66000 67000 2 2 1 218 0 0 2 100 0 0 29 26 27 2 0 0 0 0 0 0 0 0 0 0
67000 68000 0 0 0 0 0 0 0 0 0 0 0 0 0 0 0 0 0 0 0 0 0 0 0 0
68000 69000 2 2 11 5158 0 0 13 4360 0 0 249 123 186 89 4400 4400 4400 0 0 0 0 0 1 0
69000 70000 1 1 1 35 0 0 2 31 0 0 81 81 81 0 0 0 0 0 128 128 128 0 0 1
70000 71000 4 4 13 12557 0 0 17 844 0 0 215 70 138 77 0 0 0 0 0 0 0 0 0 0
71000 72000 0 0 0 0 0 0 0 0 0 0 0 0 0 0 0 0 0 0 0 0 0 0 0 0
72000 73000 0 0 0 0 0 0 0 0 0 0 0 0 0 0 0 0 0 0 0 0 0 0 0 0
73000 74000 0 0 0 0 0 0 0 0 0 0 0 0 0 0 0 0 0 0 0 0 0 0 0 0
74000 75000 0 0 0 0 0 0 0 0 0 0 0 0 0 0 0 0 0 0 0 0 0 0 0 0
75000 76000 0 0 0 0 0 0 0 0 0 0 0 0 0 0 0 0 0 0 0 0 0 0 0 0
76000 77000 0 0 0 0 0 0 0 0 0 0 0 0 0 0 0 0 0 0 0 0 0 0 0 0
77000 78000 1 1 1 0 0 0 1 0 0 0 15 15 15 0 0 0 0 0 0 0 0 0 0 0
78000 79000 4 4 24 7627 0 0 33 11326 0 0 406 25 184 165 4400 4400 4400 0 128 128 128 0 1 1
79000 80000 1 1 1 0 0 0 1 0 0 0 15 15 15 0 0 0 0 0 0 0 0 0 0 0
80000 81000 3 3 12 12180 0 0 14 1358 0 0 189 182 185 3 4400 4400 4400 0 128 128 128 0 1 1
81000 82000 0 0 0 0 0 0 0 0 0 0 0 0 0 0 0 0 0 0 0 0 0 0 0 0
82000 83000 0 0 0 0 0 0 0 0 0 0 0 0 0 0 0 0 0 0 0 0 0 0 0 0
83000 84000 0 0 0 0 0 0 0 0 0 0 0 0 0 0 0 0 0 0 0 0 0 0 0 0
84000 85000 0 0 0 0 0 0 0 0 0 0 0 0 0 0 0 0 0 0 0 0 0 0 0 0
85000 86000 0 0 0 0 0 0 0 0 0 0 0 0 0 0 0 0 0 0 0 0 0 0 0 0
86000 87000 1 1 4 4682 0 0 5 523 0 0 298 298 298 0 4400 4400 4400 0 128 128 128 0 1 1
87000 88000 1 1 1 0 0 0 1 0 0 0 17 17 17 0 0 0 0 0 0 0 0 0 0 0
88000 89000 1 1 2 0 0 0 3 77 0 0 29 29 29 0 4400 4400 4400 0 128 128 128 0 1 1
89000 90000 0 0 0 0 0 0 0 0 0 0 0 0 0 0 0 0 0 0 0 0 0 0 0 0
90000 91000 2 2 8 11031 0 0 11 844 0 0 275 227 251 33 4400 4400 4400 0 128 128 128 0 1 1
91000 92000 11 11 11 35 0 0 12 31 0 0 80 15 22 19 0 0 0 0 0 0 0 0 0 0
92000 93000 0 0 0 0 0 0 0 0 0 0 0 0 0 0 0 0 0 0 0 0 0 0 0 0
93000 94000 3 3 3 0 0 0 3 0 0 0 25 23 24 0 0 0 0 0 0 0 0 0 0 0
94000 95000 0 0 0 0 0 0 0 0 0 0 0 0 0 0 0 0 0 0 0 0 0 0 0 0
95000 96000 2 2 2 0 0 0 2 0 0 0 18 18 18 0 0 0 0 0 0 0 0 0 0 0
96000 97000 3 3 1 35 16 9256 2 31 18 9308 125 79 106 24 4400 4400 4400 0 128 128 128 0 1 1
97000 98000 4 4 3 0 0 0 3 0 0 0 28 17 21 4 0 0 0 0 0 0 0 0 0 0
98000 99000 1 1 0 0 0 0 0 0 0 0 3 3 3 0 4400 4400 4400 0 128 128 128 0 1 1
99000 100000 1 1 1 58 0 0 2 25 0 0 306 306 306 0 0 0 0 0 0 0 0 0 0 0
100000 101000 10 10 15 10941 0 0 18 849 0 0 253 21 76 92 4400 4400 4400 0 128 128 128 0 1 1
101000 102000 0 0 0 0 0 0 0 0 0 0 0 0 0 0 0 0 0 0 0 0 0 0 0 0
102000 103000 0 0 0 0 0 0 0 0 0 0 0 0 0 0 0 0 0 0 0 0 0 0 0 0
103000 104000 0 0 0 0 0 0 0 0 0 0 0 0 0 0 0 0 0 0 0 0 0 0 0 0
104000 105000 0 0 0 0 0 0 0 0 0 0 0 0 0 0 0 0 0 0 0 0 0 0 0 0
105000 106000 0 0 0 0 0 0 0 0 0 0 0 0 0 0 0 0 0 0 0 0 0 0 0 0
106000 107000 0 0 0 0 0 0 0 0 0 0 0 0 0 0 0 0 0 0 0 0 0 0 0 0
107000 108000 0 0 0 0 0 0 0 0 0 0 0 0 0 0 0 0 0 0 0 0 0 0 0 0
108000 109000 0 0 0 0 0 0 0 0 0 0 0 0 0 0 0 0 0 0 0 0 0 0 0 0
109000 110000 0 0 0 0 0 0 0 0 0 0 0 0 0 0 0 0 0 0 0 0 0 0 0 0
110000 111000 2 2 8 10345 0 0 13 1266 0 0 420 222 321 139 0 0 0 0 0 0 0 0 0 0
111000 112000 0 0 0 0 0 0 0 0 0 0 0 0 0 0 0 0 0 0 0 0 0 0 0 0
112000 113000 1 1 1 0 0 0 1 0 0 0 17 17 17 0 0 0 0 0 0 0 0 0 0 0
113000 114000 0 0 0 0 0 0 0 0 0 0 0 0 0 0 0 0 0 0 0 0 0 0 0 0
114000 115000 0 0 0 0 0 0 0 0 0 0 0 0 0 0 0 0 0 0 0 0 0 0 0 0
115000 116000 0 0 0 0 0 0 0 0 0 0 0 0 0 0 0 0 0 0 0 0 0 0 0 0
116000 117000 0 0 0 0 0 0 0 0 0 0 0 0 0 0 0 0 0 0 0 0 0 0 0 0
117000 118000 0 0 0 0 0 0 0 0 0 0 0 0 0 0 0 0 0 0 0 0 0 0 0 0
118000 119000 0 0 0 0 0 0 0 0 0 0 0 0 0 0 0 0 0 0 0 0 0 0 0 0
119000 120000 0 0 0 0 0 0 0 0 0 0 0 0 0 0 0 0 0 0 0 0 0 0 0 0
120000 121000 3 3 10 11599 0 0 11 1339 0 0 228 202 216 13 4400 4400 4400 0 0 0 0 0 1 0
121000 122000 2 2 7 306 0 0 8 1407 0 0 161 71 116 63 0 0 0 0 128 128 128 0 0 1
122000 123000 4 4 112 4279 0 0 150 197069 0 0 878 15 293 403 0 0 0 0 0 0 0 0 0 0
123000 124000 6 6 5 338 29 17775 6 173 41 21428 498 24 241 217 4400 4400 4400 0 128 128 128 0 1 1
124000 125000 2 2 1 0 8 3937 1 0 10 4051 237 20 129 153 0 0 0 0 128 128 128 0 0 1
125000 126000 2 2 54 108950 0 0 92 1033 0 0 509 79 294 303 4400 4400 4400 0 0 0 0 0 1 0
126000 127000 4 4 23 11983 0 0 29 6989 0 0 907 62 413 355 4400 4400 4400 0 128 128 128 0 1 1
127000 128000 0 0 0 0 0 0 0 0 0 0 0 0 0 0 0 0 0 0 0 0 0 0 0 0
128000 129000 0 0 0 0 0 0 0 0 0 0 0 0 0 0 0 0 0 0 0 0 0 0 0 0
129000 130000 1 1 1 35 0 0 2 31 0 0 86 86 86 0 0 0 0 0 0 0 0 0 0 0
130000 131000 2 2 12 20768 0 0 18 844 0 0 244 236 240 5 4400 4400 4400 0 128 128 128 0 1 1
131000 132000 0 0 0 0 0 0 0 0 0 0 0 0 0 0 0 0 0 0 0 0 0 0 0 0
132000 133000 1 1 1 0 0 0 1 0 0 0 24 24 24 0 4400 4400 4400 0 128 128 128 0 1 1
133000 134000 0 0 0 0 0 0 0 0 0 0 0 0 0 0 0 0 0 0 0 0 0 0 0 0
134000 135000 0 0 0 0 0 0 0 0 0 0 0 0 0 0 0 0 0 0 0 0 0 0 0 0
135000 136000 0 0 0 0 0 0 0 0 0 0 0 0 0 0 0 0 0 0 0 0 0 0 0 0
136000 137000 10 10 11 0 0 0 12 77 0 0 35 22 29 5 4400 4400 4400 0 128 128 128 0 1 1
137000 138000 0 0 0 0 0 0 0 0 0 0 0 0 0 0 0 0 0 0 0 0 0 0 0 0
138000 139000 3 3 20 7752 0 0 25 10384 0 0 555 22 270 268 4400 4400 4400 0 128 128 128 0 1 1
139000 140000 0 0 0 0 0 0 0 0 0 0 0 0 0 0 0 0 0 0 0 0 0 0 0 0
140000 141000 4 4 8 10928 0 0 12 844 0 0 235 4 114 125 4400 4400 4400 0 128 128 128 0 1 1
141000 142000 2 2 1 0 0 0 1 0 0 0 12 7 9 3 0 0 0 0 0 0 0 0 0 0
142000 143000 0 0 0 0 0 0 0 0 0 0 0 0 0 0 0 0 0 0 0 0 0 0 0 0
143000 144000 4 4 4 0 0 0 4 0 0 0 17 15 16 0 4400 4400 4400 0 0 0 0 0 1 0
144000 145000 0 0 0 0 0 0 0 0 0 0 0 0 0 0 0 0 0 0 0 0 0 0 0 0
145000 146000 7 7 7 0 0 0 7 0 0 0 28 20 23 3 0 0 0 0 0 0 0 0 0 0
146000 147000 0 0 0 0 0 0 0 0 0 0 0 0 0 0 0 0 0 0 0 0 0 0 0 0
147000 148000 0 0 0 0 0 0 0 0 0 0 0 0 0 0 0 0 0 0 0 0 0 0 0 0
148000 149000 1 1 0 0 0 0 1 26 0 0 42 42 42 0 0 0 0 0 128 128 128 0 0 1
149000 150000 1 1 1 0 0 0 1 50 0 0 81 81 81 0 4400 4400 4400 0 128 128 128 0 1 1
150000 151000 2 2 8 10342 0 0 12 844 0 0 227 223 225 2 0 0 0 0 0 0 0 0 0 0
151000 152000 1 1 1 35 0 0 2 31 0 0 16 16 16 0 4400 4400 4400 0 128 128 128 0 1 1
152000 153000 0 0 0 0 0 0 0 0 0 0 0 0 0 0 0 0 0 0 0 0 0 0 0 0
153000 154000 0 0 0 0 0 0 0 0 0 0 0 0 0 0 0 0 0 0 0 0 0 0 0 0
154000 155000 0 0 0 0 0 0 0 0 0 0 0 0 0 0 0 0 0 0 0 0 0 0 0 0
155000 156000 0 0 0 0 0 0 0 0 0 0 0 0 0 0 0 0 0 0 0 0 0 0 0 0
156000 157000 3 3 1 35 19 11840 2 31 25 14939 306 69 225 135 0 0 0 0 0 0 0 0 0 0
157000 158000 0 0 0 0 0 0 0 0 0 0 0 0 0 0 0 0 0 0 0 0 0 0 0 0
158000 159000 0 0 0 0 0 0 0 0 0 0 0 0 0 0 0 0 0 0 0 0 0 0 0 0
159000 160000 1 1 1 35 0 0 2 31 0 0 79 79 79 0 4400 4400 4400 0 128 128 128 0 1 1
160000 161000 3 3 10 11601 0 0 14 1339 0 0 239 232 236 3 0 0 0 0 0 0 0 0 0 0
161000 162000 0 0 0 0 0 0 0 0 0 0 0 0 0 0 0 0 0 0 0 0 0 0 0 0
162000 163000 0 0 0 0 0 0 0 0 0 0 0 0 0 0 0 0 0 0 0 0 0 0 0 0
163000 164000 0 0 0 0 0 0 0 0 0 0 0 0 0 0 0 0 0 0 0 0 0 0 0 0
164000 165000 0 0 0 0 0 0 0 0 0 0 0 0 0 0 0 0 0 0 0 0 0 0 0 0
165000 166000 0 0 0 0 0 0 0 0 0 0 0 0 0 0 0 0 0 0 0 0 0 0 0 0
166000 167000 1 1 4 4635 0 0 5 523 0 0 261 261 261 0 0 0 0 0 0 0 0 0 0 0
167000 168000 2 2 2 0 0 0 2 0 0 0 26 22 24 2 4400 4400 4400 0 128 128 128 0 1 1
168000 169000 0 0 0 0 0 0 0 0 0 0 0 0 0 0 0 0 0 0 0 0 0 0 0 0
169000 170000 3 3 3 0 0 0 3 0 0 0 17 15 16 1 4400 4400 4400 0 0 0 0 0 1 0
170000 171000 2 2 9 13376 0 0 11 844 0 0 233 221 227 8 4400 4400 4400 0 128 128 128 0 1 1
171000 172000 1 1 1 0 0 0 1 0 0 0 23 23 23 0 0 0 0 0 0 0 0 0 0 0
172000 173000 0 0 0 0 0 0 0 0 0 0 0 0 0 0 0 0 0 0 0 0 0 0 0 0
173000 174000 0 0 0 0 0 0 0 0 0 0 0 0 0 0 0 0 0 0 0 0 0 0 0 0
174000 175000 0 0 0 0 0 0 0 0 0 0 0 0 0 0 0 0 0 0 0 0 0 0 0 0
175000 176000 0 0 0 0 0 0 0 0 0 0 0 0 0 0 0 0 0 0 0 0 0 0 0 0
176000 177000 0 0 0 0 0 0 0 0 0 0 0 0 0 0 0 0 0 0 0 0 0 0 0 0
177000 178000 1 1 1 0 0 0 1 0 0 0 27 27 27 0 0 0 0 0 0 0 0 0 0 0
178000 179000 0 0 0 0 0 0 0 0 0 0 0 0 0 0 0 0 0 0 0 0 0 0 0 0
179000 180000 0 0 0 0 0 0 0 0 0 0 0 0 0 0 0 0 0 0 0 0 0 0 0 0
180000 181000 2 2 8 10933 0 0 10 844 0 0 267 192 230 53 4400 4400 4400 0 128 128 128 0 1 1
181000 182000 10 10 10 35 0 0 11 31 0 0 72 21 27 15 0 0 0 0 0 0 0 0 0 0
182000 183000 0 0 0 0 0 0 0 0 0 0 0 0 0 0 0 0 0 0 0 0 0 0 0 0
183000 184000 2 2 1 0 0 0 1 0 0 0 19 0 9 13 0 0 0 0 0 0 0 0 0 0
184000 185000 1 1 0 0 0 0 0 0 0 0 16 16 16 0 4400 4400 4400 0 128 128 128 0 1 1
185000 186000 2 2 51 112882 0 0 96 1016 0 0 357 181 269 124 4400 4400 4400 0 0 0 0 0 1 0
186000 187000 3 3 3 35 0 0 4 31 0 0 35 20 25 8 0 0 0 0 128 128 128 0 0 1
187000 188000 0 0 0 0 0 0 0 0 0 0 0 0 0 0 0 0 0 0 0 0 0 0 0 0
188000 189000 4 4 4 0 0 0 4 0 0 0 26 22 25 1 4400 4400 4400 0 128 128 128 0 1 1
189000 190000 0 0 0 0 0 0 0 0 0 0 0 0 0 0 0 0 0 0 0 0 0 0 0 0
190000 191000 10 10 17 12941 0 0 21 875 0 0 248 16 70 91 4400 4400 4400 0 128 128 128 0 1 1
191000 192000 0 0 0 0 0 0 0 0 0 0 0 0 0 0 0 0 0 0 0 0 0 0 0 0
192000 193000 0 0 0 0 0 0 0 0 0 0 0 0 0 0 0 0 0 0 0 0 0 0 0 0
193000 194000 0 0 0 0 0 0 0 0 0 0 0 0 0 0 0 0 0 0 0 0 0 0 0 0
194000 195000 0 0 0 0 0 0 0 0 0 0 0 0 0 0 0 0 0 0 0 0 0 0 0 0
195000 196000 0 0 0 0 0 0 0 0 0 0 0 0 0 0 0 0 0 0 0 0 0 0 0 0
196000 197000 0 0 0 0 0 0 0 0 0 0 0 0 0 0 0 0 0 0 0 0 0 0 0 0
197000 198000 0 0 0 0 0 0 0 0 0 0 0 0 0 0 0 0 0 0 0 0 0 0 0 0
198000 199000 2 2 19 7682 0 0 25 11244 0 0 428 358 393 49 0 0 0 0 0 0 0 0 0 0
199000 200000 1 1 0 45 0 0 0 62 0 0 3 3 3 0 4400 4400 4400 0 128 128 128 0 1 1
200000 201000 3 3 10 11603 0 0 14 1339 0 0 237 227 230 5 0 0 0 0 0 0 0 0 0 0
201000 202000 0 0 0 0 0 0 0 0 0 0 0 0 0 0 0 0 0 0 0 0 0 0 0 0
202000 203000 0 0 0 0 0 0 0 0 0 0 0 0 0 0 0 0 0 0 0 0 0 0 0 0
203000 204000 0 0 0 0 0 0 0 0 0 0 0 0 0 0 0 0 0 0 0 0 0 0 0 0
204000 205000 0 0 0 0 0 0 0 0 0 0 0 0 0 0 0 0 0 0 0 0 0 0 0 0
205000 206000 0 0 0 0 0 0 0 0 0 0 0 0 0 0 0 0 0 0 0 0 0 0 0 0
206000 207000 1 1 4 4639 0 0 5 523 0 0 316 316 316 0 0 0 0 0 0 0 0 0 0 0
207000 208000 0 0 0 0 0 0 0 0 0 0 0 0 0 0 0 0 0 0 0 0 0 0 0 0
208000 209000 1 1 4 0 0 0 4 77 0 0 17 17 17 0 0 0 0 0 0 0 0 0 0 0
209000 210000 0 0 0 0 0 0 0 0 0 0 0 0 0 0 0 0 0 0 0 0 0 0 0 0
210000 211000 2 2 8 11054 0 0 10 844 0 0 280 257 268 16 4400 4400 4400 0 128 128 128 0 1 1
211000 212000 1 1 1 35 0 0 2 31 0 0 75 75 75 0 0 0 0 0 0 0 0 0 0 0
212000 213000 2 2 2 0 0 0 2 0 0 0 19 19 19 0 0 0 0 0 0 0 0 0 0 0
213000 214000 0 0 0 0 0 0 0 0 0 0 0 0 0 0 0 0 0 0 0 0 0 0 0 0
214000 215000 3 3 3 0 0 0 3 0 0 0 17 15 16 0 0 0 0 0 0 0 0 0 0 0
215000 216000 0 0 0 0 0 0 0 0 0 0 0 0 0 0 0 0 0 0 0 0 0 0 0 0
216000 217000 3 3 1 35 15 7925 2 31 16 8019 195 76 155 67 4400 4400 4400 0 128 128 128 0 1 1
217000 218000 0 0 0 0 0 0 0 0 0 0 0 0 0 0 0 0 0 0 0 0 0 0 0 0
218000 219000 0 0 0 0 0 0 0 0 0 0 0 0 0 0 0 0 0 0 0 0 0 0 0 0
219000 220000 0 0 0 0 0 0 0 0 0 0 0 0 0 0 0 0 0 0 0 0 0 0 0 0
220000 221000 3 3 9 10974 0 0 14 875 0 0 232 22 144 109 4400 4400 4400 0 128 128 128 0 1 1
221000 222000 0 0 0 0 0 0 0 0 0 0 0 0 0 0 0 0 0 0 0 0 0 0 0 0
222000 223000 0 0 0 0 0 0 0 0 0 0 0 0 0 0 0 0 0 0 0 0 0 0 0 0
223000 224000 0 0 0 0 0 0 0 0 0 0 0 0 0 0 0 0 0 0 0 0 0 0 0 0
224000 225000 1 1 1 0 0 0 1 0 0 0 17 17 17 0 4400 4400 4400 0 128 128 128 0 1 1
225000 226000 0 0 0 0 0 0 0 0 0 0 0 0 0 0 0 0 0 0 0 0 0 0 0 0
226000 227000 2 2 1 0 0 0 1 0 0 0 12 12 12 0 4400 4400 4400 0 128 128 128 0 1 1
227000 228000 9 9 7 0 0 0 7 0 0 0 28 9 18 7 0 0 0 0 0 0 0 0 0 0
228000 229000 0 0 0 0 0 0 0 0 0 0 0 0 0 0 0 0 0 0 0 0 0 0 0 0
229000 230000 1 1 1 0 0 0 1 0 0 0 22 22 22 0 0 0 0 0 0 0 0 0 0 0
230000 231000 3 3 9 10610 0 0 12 844 0 0 255 15 165 130 4400 4400 4400 0 128 128 128 0 1 1
231000 232000 2 2 2 0 0 0 2 0 0 0 17 15 16 1 0 0 0 0 0 0 0 0 0 0
232000 233000 0 0 0 0 0 0 0 0 0 0 0 0 0 0 0 0 0 0 0 0 0 0 0 0
233000 234000 4 4 4 0 0 0 4 0 0 0 18 17 18 0 0 0 0 0 0 0 0 0 0 0
234000 235000 0 0 0 0 0 0 0 0 0 0 0 0 0 0 0 0 0 0 0 0 0 0 0 0
235000 236000 3 3 3 0 0 0 3 0 0 0 19 17 17 1 0 0 0 0 0 0 0 0 0 0
236000 237000 1 1 2 0 0 0 3 39 0 0 75 75 75 0 4400 4400 4400 0 128 128 128 0 1 1
237000 238000 4 4 4 0 0 0 4 0 0 0 22 21 22 0 0 0 0 0 0 0 0 0 0 0
238000 239000 0 0 0 0 0 0 0 0 0 0 0 0 0 0 0 0 0 0 0 0 0 0 0 0
239000 240000 0 0 0 0 0 0 0 0 0 0 0 0 0 0 0 0 0 0 0 0 0 0 0 0
240000 241000 5 5 14 11680 0 0 16 1398 0 0 612 112 272 201 4400 4400 4400 0 128 128 128 0 1 1
241000 242000 12 12 33 1203 0 0 42 20654 0 0 135 25 77 39 4400 4400 4400 0 128 128 128 0 1 1
242000 243000 3 3 123 3550 0 0 145 190603 0 0 699 36 301 351 0 0 0 0 0 0 0 0 0 0
243000 244000 6 6 7 384 47 22066 7 174 54 25481 403 17 212 135 4400 4400 4400 0 128 128 128 0 1 1
244000 245000 0 0 0 0 0 0 0 0 0 0 0 0 0 0 0 0 0 0 0 0 0 0 0 0
245000 246000 2 2 45 109477 0 0 90 1016 0 0 238 222 230 11 4400 4400 4400 0 128 128 128 0 1 1
246000 247000 5 5 10 5009 0 0 16 1512 0 0 436 26 216 172 0 0 0 0 0 0 0 0 0 0
247000 248000 3 3 18 6010 0 0 20 5701 0 0 387 111 239 139 4400 4400 4400 0 128 128 128 0 1 1
248000 249000 0 0 0 0 0 0 0 0 0 0 0 0 0 0 0 0 0 0 0 0 0 0 0 0
249000 250000 1 1 2 0 0 0 3 39 0 0 58 58 58 0 4400 4400 4400 0 128 128 128 0 1 1
250000 251000 3 3 11 20209 0 0 17 870 0 0 263 68 190 105 0 0 0 0 0 0 0 0 0 0
251000 252000 1 1 0 5 0 0 0 4 0 0 11 11 11 0 4400 4400 4400 0 128 128 128 0 1 1
252000 253000 0 0 0 0 0 0 0 0 0 0 0 0 0 0 0 0 0 0 0 0 0 0 0 0
253000 254000 0 0 0 0 0 0 0 0 0 0 0 0 0 0 0 0 0 0 0 0 0 0 0 0
254000 255000 0 0 0 0 0 0 0 0 0 0 0 0 0 0 0 0 0 0 0 0 0 0 0 0
255000 256000 0 0 0 0 0 0 0 0 0 0 0 0 0 0 0 0 0 0 0 0 0 0 0 0
256000 257000 0 0 0 0 0 0 0 0 0 0 0 0 0 0 0 0 0 0 0 0 0 0 0 0
257000 258000 2 2 4 0 0 0 4 77 0 0 17 16 16 1 4400 4400 4400 0 128 128 128 0 1 1
258000 259000 2 2 19 7664 0 0 25 9892 0 0 379 276 327 72 0 0 0 0 0 0 0 0 0 0
259000 260000 0 0 0 0 0 0 0 0 0 0 0 0 0 0 0 0 0 0 0 0 0 0 0 0
260000 261000 2 2 8 10345 0 0 11 844 0 0 236 196 216 28 4400 4400 4400 0 128 128 128 0 1 1
261000 262000 1 1 1 0 0 0 1 0 0 0 16 16 16 0 0 0 0 0 0 0 0 0 0 0
262000 263000 0 0 0 0 0 0 0 0 0 0 0 0 0 0 0 0 0 0 0 0 0 0 0 0
263000 264000 0 0 0 0 0 0 0 0 0 0 0 0 0 0 0 0 0 0 0 0 0 0 0 0
264000 265000 0 0 0 0 0 0 0 0 0 0 0 0 0 0 0 0 0 0 0 0 0 0 0 0
265000 266000 0 0 0 0 0 0 0 0 0 0 0 0 0 0 0 0 0 0 0 0 0 0 0 0
266000 267000 0 0 0 0 0 0 0 0 0 0 0 0 0 0 0 0 0 0 0 0 0 0 0 0
267000 268000 0 0 0 0 0 0 0 0 0 0 0 0 0 0 0 0 0 0 0 0 0 0 0 0
268000 269000 1 1 3 0 0 0 2 77 0 0 58 58 58 0 0 0 0 0 128 128 128 0 0 1
269000 270000 0 0 0 0 0 0 0 0 0 0 0 0 0 0 0 0 0 0 0 0 0 0 0 0
270000 271000 2 2 8 10342 0 0 11 844 0 0 227 194 210 23 4400 4400 4400 0 128 128 128 0 1 1
271000 272000 2 2 4 35 0 0 6 70 0 0 284 74 179 148 0 0 0 0 0 0 0 0 0 0
272000 273000 1 1 1 0 0 0 1 0 0 0 16 16 16 0 4400 4400 4400 0 128 128 128 0 1 1
273000 274000 0 0 0 0 0 0 0 0 0 0 0 0 0 0 0 0 0 0 0 0 0 0 0 0
274000 275000 0 0 0 0 0 0 0 0 0 0 0 0 0 0 0 0 0 0 0 0 0 0 0 0
275000 276000 0 0 0 0 0 0 0 0 0 0 0 0 0 0 0 0 0 0 0 0 0 0 0 0
276000 277000 5 5 2 27 18 9303 5 72 21 12103 457 14 201 188 4400 4400 4400 0 128 128 128 0 1 1
277000 278000 1 1 0 7 0 0 0 20 0 0 129 129 129 0 0 0 0 0 0 0 0 0 0 0
278000 279000 1 1 1 0 0 0 1 0 0 0 18 18 18 0 4400 4400 4400 0 128 128 128 0 1 1
279000 280000 0 0 0 0 0 0 0 0 0 0 0 0 0 0 0 0 0 0 0 0 0 0 0 0
280000 281000 6 6 13 12781 0 0 15 1339 0 0 248 14 130 125 4400 4400 4400 0 128 128 128 0 1 1
281000 282000 1 1 1 35 0 0 2 31 0 0 72 72 72 0 0 0 0 0 0 0 0 0 0 0
282000 283000 3 3 3 0 0 0 3 0 0 0 21 21 21 0 4400 4400 4400 0 128 128 128 0 1 1
283000 284000 0 0 0 0 0 0 0 0 0 0 0 0 0 0 0 0 0 0 0 0 0 0 0 0
284000 285000 0 0 0 0 0 0 0 0 0 0 0 0 0 0 0 0 0 0 0 0 0 0 0 0
285000 286000 0 0 0 0 0 0 0 0 0 0 0 0 0 0 0 0 0 0 0 0 0 0 0 0
286000 287000 1 1 4 4639 0 0 5 523 0 0 253 253 253 0 4400 4400 4400 0 128 128 128 0 1 1
287000 288000 0 0 0 0 0 0 0 0 0 0 0 0 0 0 0 0 0 0 0 0 0 0 0 0
288000 289000 3 3 3 0 0 0 3 0 0 0 17 13 15 1 0 0 0 0 0 0 0 0 0 0
289000 290000 0 0 0 0 0 0 0 0 0 0 0 0 0 0 0 0 0 0 0 0 0 0 0 0
290000 291000 3 3 9 11050 0 0 13 844 0 0 226 24 148 108 0 0 0 0 0 0 0 0 0 0
291000 292000 0 0 0 0 0 0 0 0 0 0 0 0 0 0 0 0 0 0 0 0 0 0 0 0
292000 293000 0 0 0 0 0 0 0 0 0 0 0 0 0 0 0 0 0 0 0 0 0 0 0 0
293000 294000 0 0 0 0 0 0 0 0 0 0 0 0 0 0 0 0 0 0 0 0 0 0 0 0
294000 295000 0 0 0 0 0 0 0 0 0 0 0 0 0 0 0 0 0 0 0 0 0 0 0 0
295000 296000 0 0 0 0 0 0 0 0 0 0 0 0 0 0 0 0 0 0 0 0 0 0 0 0
296000 297000 0 0 0 0 0 0 0 0 0 0 0 0 0 0 0 0 0 0 0 0 0 0 0 0
297000 298000 0 0 0 0 0 0 0 0 0 0 0 0 0 0 0 0 0 0 0 0 0 0 0 0
298000 299000 0 0 0 0 0 0 0 0 0 0 0 0 0 0 0 0 0 0 0 0 0 0 0 0
299000 300000 0 0 0 0 0 0 0 0 0 0 0 0 0 0 0 0 0 0 0 0 0 0 0 0
300000 301000 0 0 0 0 0 0 0 0 0 0 0 0 0 0 0 0 0 0 0 0 0 0 0 0
