ts te nbins ncons c_pkts_all c_ack_cnt c_ack_cnt_p c_bytes_all c_bytes_uniq s_pkts_all s_ack_cnt s_ack_cnt_p s_bytes_all s_bytes_uniq c_pkts_retx s_pkts_retx c_pkts_data s_pkts_data max_bin_duration min_bin_duration avg_bin_duration std_bin_duration max_video_rate min_video_rate avg_video_rate std_video_rate max_audio_rate min_audio_rate avg_audio_rate std_audio_rate video_reqs audio_reqs media_reqs
0.0 5000.0 0 0 0.0 0.0 0.0 0.0 0.0 0.0 0.0 0.0 0.0 0.0 0.0 0.0 0.0 0.0 0.0 0.0 0.0 0.0 0.0 0.0 0.0 0.0 0.0 0.0 0.0 0.0 0  
5000.0 10000.0 11 4 223.66571487750565 219.66571487750565 194.61499062926893 21675.659092767073 19655.659092767073 322.717232487858 322.717232487858 39.19369472853894 433369.47444061766 393165.9539235236 3.0 28.16608793531524 25.05072424823671 279.5235377593191 995.5080000000016 0.0 638.5228125000004 422.49268076695 288.0 288.0 288.0 0.0 128.0 128.0 128.0 0.0 6 6.0 2.0
10000.0 15000.0 13 4 227.8837429574514 227.8837429574514 215.5423158842443 10328.330361797674 10328.330361797674 317.67566214181204 317.67566214181204 25.417434879371587 503989.3935175989 467133.13840637245 0.0 29.180258134638954 12.341427073207102 292.25822726244047 999.7699999999968 24.488037109367724 706.7988590745176 374.4284160676862 288.0 288.0 288.0 0.0 128.0 128.0 128.0 0.0 6 6.0 3.0
15000.0 20000.0 9 3 248.56411634352264 248.56411634352264 238.93733863521985 8021.532349827477 8021.532349827477 315.64496342982324 315.64496342982324 16.407799421836092 474838.29123446514 473956.06686278566 0.0 1.6536539300458069 9.626777708302807 299.2371640079872 997.1229999999996 18.544921875 575.128201822916 354.69105038198626 840.0 840.0 840.0 0.0 128.0 128.0 128.0 0.0 3 2.0 2.0
20000.0 25000.0 7 2 142.88642582152028 142.88642582152028 135.9053548512669 5806.478195607773 5806.478195607773 206.96214194050677 206.96214194050677 10.98107097025338 391187.84080731834 391187.84080731834 0.0 0.0 6.9810709702533815 195.98107097025337 998.6520000000019 263.9470000000001 787.0175825892854 333.5449236689477 840.0 840.0 840.0 0.0 128.0 128.0 128.0 0.0 2 3.0 3.0
25000.0 30000.0 7 2 182.99431796919401 182.99431796919401 176.99431796919401 5002.0 5002.0 239.988635938388 239.988635938388 10.994317969194006 411421.44824426214 401705.44824426214 0.0 7.0 6.0 228.99431796919401 994.5769999999975 336.55599999999686 756.8507078683012 297.113696035957 840.0 840.0 840.0 0.0 128.0 128.0 128.0 0.0 2 1.0 2.0
30000.0 35000.0 11 3 201.7223083585326 201.7223083585326 186.6872751681708 12542.462913094247 10882.462913094247 319.8681231507856 319.8681231507856 25.075748411529528 513227.8148257787 447674.684484668 2.0 41.175165951808836 15.035033190361768 294.7923747392561 999.6829999999973 4.3890449218743015 576.6000136718735 411.9694185607441 480.0 480.0 480.0 0.0 128.0 128.0 128.0 0.0 6 5.0 3.0
35000.0 40000.0 7 2 222.2833736722734 222.2833736722734 215.3184068626352 5813.537086905753 5813.537086905753 280.1432409108263 280.1432409108263 12.929933619276465 484389.73692995915 463779.86727106984 0.0 11.824834048191164 6.9649668096382324 267.2133072915499 997.8119999999908 259.6319999999978 679.0771277901773 317.30024116549436 840.0 840.0 840.0 0.0 128.0 128.0 128.0 0.0 2 2.0 2.0
40000.0 45000.0 6 2 169.0 169.0 162.0 5822.0 5822.0 233.0 233.0 11.0 409505.0 400061.0 0.0 6.0 7.0 222.0 997.0689999999959 371.7719999999972 773.626999999998 291.83458938857933 840.0 840.0 840.0 0.0 128.0 128.0 128.0 0.0 2 2.0 3.0
45000.0 50000.0 8 2 229.0 229.0 221.0 6683.0 6683.0 342.0 342.0 14.0 609980.0 596100.0 0.0 7.0 8.0 328.0 999.872000000003 143.1889999999985 714.753375000002 383.9387163099042 840.0 840.0 840.0 0.0 128.0 128.0 128.0 0.0 3 3.0 2.0
50000.0 55000.0 9 2 144.2572380486615 144.2572380486615 137.2277415381762 5846.781527640196 5834.390763820098 197.4479371688868 197.4479371688868 11.044244765727957 369035.66432230786 366202.78382635873 0.014748255242651769 3.0236659203259486 7.029496510485304 186.40369240315883 997.5310000000027 2.214111328125 605.5724461805577 461.272601940752 840.0 840.0 840.0 0.0 128.0 128.0 128.0 0.0 3 3.0 3.0
55000.0 60000.0 12 4 284.5391455961894 284.5391455961894 272.7360714299371 9879.417100277029 7857.899262173602 399.6115613449633 399.6115613449633 19.201266858944088 763165.8453637554 720667.1535600384 2.4048814735605895 28.956267737067535 11.803074166252339 379.41029448601915 994.070000000007 0.0 709.0646694335932 309.94422222306093 840.0 840.0 840.0 0.0 128.0 128.0 128.0 0.0 3 3.0 2.0
60000.0 65000.0 10 2 217.20361635514905 217.20361635514905 208.0361870318867 7643.801372082773 7155.7099740062995 297.94050148614997 297.94050148614997 12.754488375327956 582284.4903139367 572833.0626136027 0.5803702711967587 6.020066342606518 9.167429323262358 285.186013110822 998.9199999999983 5.77503320312826 706.4249951171863 334.3337929562177 840.0 840.0 840.0 0.0 128.0 128.0 128.0 0.0 3 3.0 3.0
65000.0 70000.0 10 2 250.98209844921047 250.98209844921047 243.98209844921047 5843.0 5843.0 361.97613126561396 361.97613126561396 14.789159621915973 687364.4102151799 637669.4102151799 0.0 33.0 7.0 347.18697164369803 994.247000000003 125.15200000000186 791.2347927734372 261.4923668872383 840.0 840.0 840.0 0.0 128.0 128.0 128.0 0.0 3 2.0 2.0
70000.0 75000.0 12 4 206.08347178981884 205.85760677653946 196.95414672342181 5866.837135846849 5866.837135846849 284.44462905309183 284.44462905309183 12.56603045776047 536279.3160102394 530725.3160102394 0.0 4.0 6.903460053117628 269.6527335820519 993.1560000000027 0.0 591.1529127604202 417.8031245205306 840.0 840.0 840.0 0.0 128.0 128.0 128.0 0.0 2 2.0 3.0
75000.0 80000.0 8 2 276.93442976097066 275.1602947742501 263.0637548273677 11008.162864153152 11008.162864153152 470.5792396812942 470.5792396812942 19.64480992032356 839241.2737745807 701388.2737745807 0.0 86.0 12.096539946882373 449.1602947742501 999.497000000003 175.44700000000012 740.0682648925813 355.36387056261185 840.0 840.0 840.0 0.0 128.0 128.0 128.0 0.0 3 3.0 2.0
80000.0 85000.0 8 2 297.0222939420371 297.0222939420371 289.0772903490778 6616.682872344765 6616.682872344765 423.8569425410377 423.8569425410377 11.97499361009995 719124.387756503 531277.387756503 0.0 114.0 7.945003592959299 411.8819489309377 999.7649999999994 29.641113281235448 704.0204038085922 376.97861155829827 840.0 840.0 840.0 0.0 128.0 128.0 128.0 0.0 3 3.0 3.0
85000.0 90000.0 9 2 235.09063270480672 235.09063270480672 228.04762377551137 5878.235658871392 5878.235658871392 346.8004599514827 346.8004599514827 13.001031434409343 643604.8878548571 639490.8037121888 0.0 2.9640375667639396 7.043008929295347 333.79942851707335 993.9440000000031 41.9878828124929 636.6757656250006 406.61895377846196 840.0 840.0 840.0 0.0 128.0 128.0 128.0 0.0 2 2.0 2.0
90000.0 95000.0 9 2 313.12281341789816 313.12281341789816 305.1669494527802 6625.559634743465 6625.559634743465 341.32521638030175 341.32521638030175 11.97336793743856 523257.2291871497 516267.31332981796 0.0 5.035962433236061 7.955863965117999 329.35184844286323 999.4049999999988 5.482910156235448 591.4309696180555 461.08217456557173 840.0 840.0 840.0 0.0 128.0 128.0 128.0 0.0 3 3.0 3.0
95000.0 100000.0 10 2 267.69070835282946 267.69070835282946 260.5831154836703 5932.241399961731 5932.241399961731 365.73795211862233 365.73795211862233 13.076341696318021 646599.0753439565 646599.0753439565 0.0 0.0 7.107592869159106 352.6616104223043 998.9689999999828 25.488037109375 582.8939189453143 438.1259508317362 840.0 840.0 840.0 0.0 128.0 128.0 128.0 0.0 2 2.0 2.0
100000.0 105000.0 10 4 248.19537628629286 247.45999229815283 236.96814053991793 9350.243222094863 8516.277902424708 357.00732312206327 357.00732312206327 16.981170269531095 622834.9399296809 573464.3150224306 0.9928158567501841 31.885053708002946 10.491851758234931 339.29076886439213 999.6959999999963 125.51806640623545 711.1409242187467 347.6339334703543 840.0 840.0 840.0 0.0 128.0 128.0 128.0 0.0 3 3.0 3.0
105000.0 110000.0 13 4 240.77112918256574 239.50651317070577 228.04983428547246 9907.037211983785 9901.00253165394 368.2314554060867 368.2314554060867 21.7056816218289 616493.6693440139 595283.2942512643 0.007184143249815881 19.114946291997054 11.45667888523332 345.26115777239784 991.9679999999935 6.968884765621624 585.8912285156246 328.4491074058487 840.0 288.0 472.0 318.69734859267345 128.0 128.0 128.0 0.0 3 3.0 2.0
110000.0 115000.0 10 3 197.10704611356988 197.10704611356988 189.10704611356988 5822.0 5822.0 269.04065048040553 269.04065048040553 12.287413430374125 549370.8105838388 549370.8105838388 0.0 0.0 7.0 255.7532370500314 999.3040000000037 20.67499999998836 580.3206749999954 435.3837655153018 840.0 840.0 840.0 0.0 128.0 128.0 128.0 0.0 2 2.0 3.0
115000.0 120000.0 9 2 267.61573051358783 267.61573051358783 259.58895962169277 6704.952131354002 6704.952131354002 403.26770891895126 403.26770891895126 14.026770891895124 719605.3803482389 688225.3803482389 0.0 19.0 8.026770891895124 389.24093802705613 999.8010000000068 26.35693359375 653.2379926215282 408.21995861509015 840.0 840.0 840.0 0.0 128.0 128.0 128.0 0.0 3 3.0 2.0
120000.0 125000.0 8 2 162.42763918414937 162.42763918414937 154.78392839547556 6360.866195906765 5540.866195906765 224.74646125897988 224.74646125897988 12.92159861573588 477579.9098209557 469268.51722710225 1.0 5.392593853506807 7.643710788673782 211.82486264324402 997.5219999999972 123.907958984375 714.7202678222675 357.0360922254127 840.0 840.0 840.0 0.0 128.0 128.0 128.0 0.0 2 2.0 3.0
125000.0 130000.0 9 2 318.6870690016258 318.6870690016258 310.38875844297155 6915.935945925899 6915.935945925899 432.8112434589031 432.8112434589031 14.98921497081529 738293.1163279272 689525.6185643253 0.0 31.835817363145175 8.29831055865424 417.8220284880878 998.2119999999995 64.5859375 757.4926453993054 291.5963035800565 840.0 840.0 840.0 0.0 128.0 128.0 128.0 0.0 3 3.0 2.0
130000.0 135000.0 9 2 223.269561300637 223.269561300637 216.23835353986016 5848.245726813334 5848.245726813334 308.17458636316576 308.17458636316576 11.062415521553707 563610.5935028782 561093.4838603337 0.0 2.7715887833480206 7.031207760776853 297.11217084161206 995.6900000000023 30.992052734363824 648.1642350260356 411.5915124088094 840.0 840.0 840.0 0.0 128.0 128.0 128.0 0.0 2 2.0 3.0
135000.0 140000.0 8 2 267.230876303997 267.230876303997 259.25614949965416 6661.745242452307 6661.745242452307 382.4726804342814 382.4726804342814 13.949453608685628 665250.8999779252 662550.9067298957 0.0 2.924180413028442 7.974726804342814 368.52322682559577 998.9709999999905 280.26600000000326 722.6616298828158 344.5082000076948 840.0 840.0 840.0 0.0 128.0 128.0 128.0 0.0 3 3.0 2.0
140000.0 145000.0 10 2 213.1988597255345 213.1988597255345 206.1502690074458 5862.844438360329 5862.844438360329 325.308709624096 325.308709624096 11.097181436177523 550696.3110937645 527144.304341794 0.0 12.075819586971559 7.048590718088762 314.21152818791853 996.3729999999923 2.957275390625 537.6897517578124 477.3587725339128 840.0 840.0 840.0 0.0 128.0 128.0 128.0 0.0 3 3.0 3.0
145000.0 150000.0 8 2 253.5702639704685 253.5702639704685 245.59358149290006 6663.410319187364 6663.410319187364 388.21860994162256 388.21860994162256 13.953364955136848 685911.7889283103 669387.7889283103 0.0 9.0 7.976682477568424 374.2652449864857 997.3349999999919 209.11900000000605 721.6298054199215 373.113852632166 840.0 840.0 840.0 0.0 128.0 128.0 128.0 0.0 2 2.0 2.0
150000.0 155000.0 8 3 181.0 181.0 173.0 5822.0 5822.0 249.0 249.0 11.0 481649.0 481649.0 0.0 0.0 7.0 237.0 995.7619999999879 175.98399999999674 745.8336249999993 332.6574326467489 840.0 840.0 840.0 0.0 128.0 128.0 128.0 0.0 2 2.0 3.0
155000.0 160000.0 11 3 313.0517801204504 312.0517801204504 299.0431501003753 11316.076616461554 10476.076616461554 429.0258900602252 429.0258900602252 24.008630020075067 810583.1910285992 783982.1910285992 1.0 20.0 13.008630020075067 404.0172600401501 996.4620000000286 8.553955078125 827.9981777343888 313.66965877457704 840.0 480.0 660.0 207.84609690826528 128.0 128.0 128.0 0.0 4 4.0 2.0
160000.0 165000.0 8 2 203.61535678518192 203.61535678518192 195.58774469861282 6685.402995226202 6685.402995226202 318.7218259101625 318.7218259101625 11.063854193213295 613425.5600715878 484906.0222520467 0.0 61.68860002623944 8.027612086569114 307.65797171694925 999.9700000000594 36.05810546875 681.5791437988337 431.29341976331904 840.0 840.0 840.0 0.0 128.0 128.0 128.0 0.0 3 3.0 3.0
165000.0 170000.0 7 2 164.60616188761435 164.60616188761435 158.63297989793966 4979.4460533163965 4979.4460533163965 283.79888161610563 283.79888161610563 11.94636397934934 517193.4019056257 451240.93972516665 0.0 35.31139997376056 5.97318198967467 271.85251763675626 993.9930000000459 0.0 596.573740792415 477.2713855075255 840.0 840.0 840.0 0.0 128.0 128.0 128.0 0.0 1 2.0 2.0
170000.0 175000.0 9 2 233.35526898812407 233.35526898812407 224.67726784877271 7226.015035841741 6406.015035841741 304.60405354585686 304.60405354585686 16.029460353577374 517208.9443409269 509454.8190110345 1.0 7.288698244151576 8.678001139351368 288.5745931922795 990.844000000041 34.2099609375 745.2027371961901 355.8939552157881 840.0 480.0 570.0 180.0 128.0 128.0 128.0 0.0 4 3.0 3.0
175000.0 180000.0 9 2 285.4422801344433 285.4422801344433 277.1440000175626 6920.037500649484 6920.037500649484 396.51994665489144 396.51994665489144 13.923102158886895 665105.9666025944 632238.3234991134 0.0 22.66841781350138 8.298280116880768 382.59684449600456 993.0819999999949 290.0540000000037 788.1958845486224 287.17046454947484 840.0 840.0 840.0 0.0 128.0 128.0 128.0 0.0 2 2.0 2.0
180000.0 185000.0 10 2 213.9207478508181 213.9207478508181 206.83017660593583 5898.094140348545 5898.094140348545 281.9312107588564 281.9312107588564 11.181142489764515 549978.5451537122 549882.3135870855 0.0 0.04288394234704311 7.090571244882257 270.7500682690919 995.9860000000044 14.217113281250931 614.1491191406298 474.69555971637766 840.0 840.0 840.0 0.0 128.0 128.0 128.0 0.0 2 2.0 3.0
185000.0 190000.0 9 2 235.8614227598066 235.8614227598066 227.9021569186382 6648.0724578094 6648.0724578094 375.8602431557229 375.8602431557229 13.882989243735128 704154.9889434219 685050.9889434219 0.0 10.0 7.959265841168372 361.97725391198776 997.7099999999919 34.843994140654104 645.6967684461916 420.73162940495564 840.0 840.0 840.0 0.0 128.0 128.0 128.0 0.0 3 3.0 2.0
190000.0 195000.0 8 2 210.78446910887936 210.78446910887936 202.85552209789893 6603.420385381838 6603.420385381838 280.5069317086444 280.5069317086444 11.932487182078688 535552.9989663144 515204.99896631436 0.0 7.0 7.928947010980411 268.5744445265657 999.887000000017 3.5380859375 684.4041247558671 404.58608250341075 840.0 840.0 840.0 0.0 128.0 128.0 128.0 0.0 3 3.0 3.0
195000.0 200000.0 10 2 249.88015128558075 249.88015128558075 242.8062971113925 5904.260022694173 5904.260022694173 409.2419065202712 409.2419065202712 13.05114219120484 705399.6767811744 686095.6767811744 0.0 16.0 7.0738541741882575 396.1907643290663 999.7369999999937 19.117919921933208 580.8886927734391 446.5916081972255 840.0 840.0 840.0 0.0 128.0 128.0 128.0 0.0 2 2.0 2.0
200000.0 205000.0 9 3 198.39505276371773 198.39505276371773 189.41997445094952 6641.462640899526 6641.462640899526 277.1715695327267 277.1715695327267 11.007672061191817 506658.5053065621 506567.0414542928 0.0 1.0671096826923936 7.975078312768196 265.1638974715349 999.3390000000072 13.4033203125 726.4549333767403 386.57487595355053 840.0 840.0 840.0 0.0 128.0 128.0 128.0 0.0 3 3.0 3.0
205000.0 210000.0 11 3 345.9977491787546 344.9977491787546 334.290607395601 9414.70623963216 9414.70623963216 530.0851868995836 530.0851868995836 23.41428356630716 971718.166469754 908673.1260553281 0.0 42.903037271764646 10.70714178315358 505.67090333327644 992.1499999999942 500.4890000000014 869.0008172940342 190.0431991304071 840.0 840.0 840.0 0.0 128.0 128.0 128.0 0.0 3 3.0 2.0
210000.0 215000.0 8 2 259.668898920576 259.668898920576 251.42182111842598 6870.148374867912 6870.148374867912 322.2734858116898 322.2734858116898 11.542693321536929 603976.0368169663 537121.5410836616 0.0 45.029853045542964 8.24707780215003 310.73079249015285 998.8040000000619 127.87299999999232 792.1636237793173 365.8800743344822 840.0 840.0 840.0 0.0 128.0 128.0 128.0 0.0 2 2.0 3.0
215000.0 220000.0 10 2 226.85370483720843 226.85370483720843 219.8046907966984 5883.51509799982 5883.51509799982 350.59197907230606 350.59197907230606 14.032834801431093 665694.8730200349 665694.8730200349 0.0 0.0 7.049014040510049 336.5591442708749 997.2060000000056 15.202880859345896 582.1465580078104 440.8825770323791 840.0 840.0 840.0 0.0 128.0 128.0 128.0 0.0 3 3.0 2.0
220000.0 225000.0 7 2 203.56695537884443 203.56695537884443 196.58361094119655 5808.3424388712465 5808.3424388712465 277.6668887529572 277.6668887529572 10.983344437647862 528221.1445927263 525445.1445927263 0.0 2.0 6.983344437647862 266.6835443153094 999.5830000000133 261.91599999999744 780.0028741629461 339.3071157822561 840.0 840.0 840.0 0.0 128.0 128.0 128.0 0.0 2 2.0 3.0
225000.0 230000.0 8 2 307.6918657355389 307.6918657355389 299.6918657355389 6683.0 6683.0 426.7181601261733 426.7181601261733 13.829909619283766 726301.2829868288 682040.8466532398 0.0 25.659819238567533 8.0 412.88825050688956 998.9130000000005 388.9860000000044 866.8680029296847 202.38190707462925 840.0 840.0 840.0 0.0 128.0 128.0 128.0 0.0 3 3.0 2.0
230000.0 235000.0 8 2 209.3081342644611 209.3081342644611 202.3081342644611 5822.0 5822.0 299.2818398738267 299.2818398738267 11.170090380716234 525898.7170131712 509181.1533467602 0.0 11.34018076143247 7.0 288.11174949311044 995.7609999999986 166.39397656251094 784.2491220703123 348.2841204654666 840.0 840.0 840.0 0.0 128.0 128.0 128.0 0.0 2 2.0 3.0
235000.0 240000.0 9 2 224.0179297542789 224.0179297542789 216.01680914463645 6683.918899906794 6683.918899906794 360.00112060964244 360.00112060964244 14.001120609642431 697150.0 697150.0 0.0 0.0 8.001120609642431 346.0 999.2050000000454 1.0258789063082077 631.0708754340368 422.40140993429753 840.0 840.0 840.0 0.0 128.0 128.0 128.0 0.0 3 3.0 2.0
240000.0 245000.0 8 2 261.9614143808933 261.9614143808933 251.2979624127895 8903.20884833511 7222.208848335111 357.18764939862876 357.18764939862876 13.764461529799128 583041.9962932729 487269.02641879313 2.0 57.728245569134785 10.663451968103832 343.42318786882964 994.585000000021 391.4789999999921 849.1126401367364 196.67899343454667 840.0 840.0 840.0 0.0 128.0 128.0 128.0 0.0 2 2.0 3.0
245000.0 250000.0 7 2 179.02065586482777 179.02065586482777 174.68522844257404 3600.8722517580954 3600.8722517580954 258.8112299917288 258.8112299917288 10.234417860558441 437988.00370672706 417010.97358120687 0.0 13.271754430865215 4.335427422253736 248.57681213117036 992.4369999999763 98.91896679688944 583.3110000000036 382.8927140103225 840.0 840.0 840.0 0.0 128.0 128.0 128.0 0.0 2 2.0 2.0
250000.0 255000.0 8 3 180.56811545355066 180.56811545355066 172.2437413214097 6952.392716743074 6952.392716743074 242.352173180326 242.352173180326 14.486561198211453 419737.2941497292 381413.2941497292 0.0 25.0 8.324374132140969 227.86561198211453 997.2270000000135 124.656005859375 630.2160007324201 326.3018276008337 288.0 288.0 288.0 0.0 128.0 128.0 128.0 0.0 4 3.0 3.0
255000.0 260000.0 7 2 127.5353167946392 127.5353167946392 118.85279544356752 7239.261579491305 7239.261579491305 186.66161778609936 186.66161778609936 14.520334285001205 335393.151577733 335393.151577733 0.0 0.0 8.682521351071689 172.14128350109812 995.310999999987 6.306884765625 487.7735541294595 310.81043877382496 480.0 288.0 384.0 135.7645019878171 128.0 128.0 128.0 0.0 2 3.0 2.0
260000.0 265000.0 9 2 293.8432961222888 293.8432961222888 284.73261923783645 7596.117122622416 7596.117122622416 310.3075567112385 310.3075567112385 13.431503932955817 467784.48195959546 467783.48195959546 0.0 1.0 9.110676884452381 296.87605277828266 999.8400000000256 8.4580078125 688.987560980921 423.0369353826378 840.0 480.0 720.0 207.84609690826528 128.0 128.0 128.0 0.0 3 3.0 3.0
265000.0 270000.0 9 2 299.3255784853958 299.3255784853958 291.42986759179865 6595.253687990807 6595.253687990807 401.90446776379315 401.90446776379315 16.56824221446261 716219.9857204364 702303.1113871727 0.0 9.026566522524341 7.895710893597133 385.33622554933044 998.9890000000014 6.47802734375 707.79945486112 370.70863810014964 840.0 840.0 840.0 0.0 128.0 128.0 128.0 0.0 3 3.0 2.0
270000.0 275000.0 9 2 166.3902119176172 166.3902119176172 159.2821568381458 5912.924935567239 5912.924935567239 222.18249601787142 222.18249601787142 11.236035050835998 443434.24470959563 437746.8432701571 0.0 4.0767782721381 7.108055079471371 210.9464609670354 993.6780000000144 25.666015625 619.1716959635443 441.85604553223044 840.0 840.0 840.0 0.0 128.0 128.0 128.0 0.0 3 3.0 3.0
275000.0 280000.0 8 2 155.29456900992363 155.29456900992363 147.4159073506572 6580.049957585159 5740.049957585159 254.75853815908235 254.75853815908235 13.757323318532917 432245.1220926361 418368.3239913314 1.0 8.550763268960544 7.8786616592664585 241.00121484054944 991.2660000000033 42.5009765625 561.428195800785 436.09730114933393 840.0 840.0 840.0 0.0 128.0 128.0 128.0 0.0 1 2.0 2.0
280000.0 285000.0 9 3 185.0070257635815 185.0070257635815 177.32818581723973 6406.498591599131 6406.498591599131 231.75149521091 231.75149521091 13.021052471125824 381775.0695045432 356048.1433785502 0.0 19.345891936377015 7.678839946341736 218.7304427397842 992.4029999999912 5.529296875 461.8942660590336 343.15085701338865 840.0 480.0 570.0 180.0 128.0 128.0 128.0 0.0 4 3.0 3.0
285000.0 290000.0 9 2 207.1937237905515 207.1937237905515 198.82746735473657 6976.9314055909 6976.9314055909 314.12675155283597 314.12675155283597 14.00149571995251 583213.4008109154 583213.4008109154 0.0 0.0 8.366256435814929 300.12525583288345 997.3150000000023 0.0 597.743741970477 439.5715134754668 840.0 840.0 840.0 0.0 128.0 128.0 128.0 0.0 2 2.0 2.0
290000.0 295000.0 9 2 190.05299618080005 190.05299618080005 183.03286662078273 5839.371686519817 5839.371686519817 280.0980100783657 280.0980100783657 11.107903693269702 460287.5707248503 429939.5707248503 0.0 20.0 7.020129560017352 268.99010638509594 997.3539999999921 11.8779296875 623.6468094618176 443.33146260719633 840.0 840.0 840.0 0.0 128.0 128.0 128.0 0.0 3 3.0 3.0
295000.0 300000.0 9 2 213.45133875833145 213.45133875833145 205.51656470050548 6628.198316290152 6628.198316290152 338.8568935394777 338.8568935394777 13.869548115651966 605591.6787499653 590555.6787499653 0.0 8.0 7.934774057825983 324.9873454238258 998.320000000007 11.095947265625 658.4034147135358 406.21838692797326 840.0 840.0 840.0 0.0 128.0 128.0 128.0 0.0 2 2.0 2.0
300000.0 305000.0 1 1 8.337827723320157 8.337827723320157 8.337827723320157 0.0 0.0 0.0 0.0 0.0 0.0 0.0 0.0 0.0 0.0 0.0 139.71605273435125 139.71605273435125 139.71605273435125 0.0 0.0 0.0 0.0 0.0 0.0 0.0 0.0 0.0 0 0.0 0.0
