ts te nbins ncons c_pkts_all c_bytes_all s_pkts_all s_bytes_all max_bin min_bin avg_bin std_bin max_vid min_vid avg_vid std_vid max_aud min_aud avg_aud std_aud num_vid num_aud num_mfs
0 5000 0 0 0 0 0 0 0 0 0 0 0 0 0 0 0 0 0 0 0 0 
5000 10000 3 1 949 60410 7405 9092417 999 372 720 319 4400 4400 4400 0 128 128 128 0 9 9 2.0
10000 15000 3 1 489 29754 4554 5321537 486 274 413 120 8000 8000 8000 0 128 128 128 0 4 4 3.0
15000 20000 3 1 258 15438 2448 2885812 653 71 296 312 8000 8000 8000 0 128 128 128 0 1 1 2.0
20000 25000 3 1 707 41057 6602 7785161 607 279 419 169 8000 8000 8000 0 128 128 128 0 4 4 3.0
25000 30000 4 1 243 18726 2234 2615080 981 100 558 465 8000 8000 8000 0 128 128 128 0 4 4 2.0
30000 35000 4 1 604 39907 5597 6617903 999 69 318 455 8000 8000 8000 0 128 128 128 0 3 3 3.0
35000 40000 2 1 564 35733 5312 6236612 832 786 809 32 8000 8000 8000 0 128 128 128 0 3 3 2.0
40000 45000 3 1 461 27597 4358 5120308 967 274 648 349 8000 8000 8000 0 128 128 128 0 3 3 3.0
45000 50000 3 1 435 26172 4096 4842845 472 196 373 153 8000 8000 8000 0 128 128 128 0 2 2 2.0
50000 55000 3 1 304 19274 2792 3294813 492 75 281 208 8000 8000 8000 0 128 128 128 0 2 3 3.0
55000 60000 3 1 615 37830 5732 6765314 581 396 474 95 8000 8000 8000 0 128 128 128 0 3 2 2.0
60000 65000 3 1 437 25854 4182 4931463 579 278 419 151 8000 8000 8000 0 128 128 128 0 3 3 3.0
65000 70000 3 1 413 26283 3837 5130118 685 346 495 173 8000 8000 8000 0 128 128 128 0 2 2 2.0
70000 75000 3 1 306 19924 2823 3882779 642 63 261 330 8000 8000 8000 0 128 128 128 0 2 2 3.0
75000 80000 3 1 499 31048 4786 6659684 928 254 574 338 8000 8000 8000 0 128 128 128 0 4 4 2.0
80000 85000 4 1 419 24647 3959 5490456 782 22 451 363 8000 8000 8000 0 128 128 128 0 2 2 3.0
85000 90000 3 1 452 27040 4266 5887041 921 661 783 130 8000 8000 8000 0 128 128 128 0 3 3 2.0
90000 95000 3 1 314 20119 2923 4035544 531 61 374 270 8000 8000 8000 0 128 128 128 0 2 2 3.0
95000 100000 2 1 464 30915 4411 6092204 784 462 623 227 8000 8000 8000 0 128 128 128 0 3 3 2.0
100000 105000 3 1 309 19795 2873 3983789 522 62 330 239 8000 8000 8000 0 128 128 128 0 2 2 3.0
105000 110000 2 1 445 26733 4222 5867536 553 470 512 58 8000 8000 8000 0 128 128 128 0 3 3 2.0
110000 115000 3 1 398 24059 3720 5109729 736 279 538 234 8000 8000 8000 0 128 128 128 0 3 3 3.0
115000 120000 4 1 426 27700 3859 5311465 940 250 473 317 8000 8000 8000 0 128 128 128 0 3 3 2.0
120000 125000 4 1 318 18705 3043 4184135 748 18 346 301 8000 8000 8000 0 128 128 128 0 2 2 3.0
125000 130000 5 1 462 29286 4317 5992150 996 265 731 287 8000 8000 8000 0 128 128 128 0 3 3 2.0
130000 135000 4 1 371 21970 3505 4817844 721 78 449 323 8000 8000 8000 0 128 128 128 0 2 2 3.0
135000 140000 4 1 363 22901 3369 4608358 998 42 643 456 8000 8000 8000 0 128 128 128 0 2 2 2.0
140000 145000 3 1 471 31995 4357 6047210 590 278 478 173 8000 8000 8000 0 128 128 128 0 6 6 3.0
145000 150000 3 1 303 19894 2882 3969940 645 72 279 317 8000 8000 8000 0 128 128 128 0 2 2 2.0
150000 155000 3 1 270 17056 2493 3447286 453 73 268 190 8000 8000 8000 0 128 128 128 0 2 2 3.0
155000 160000 3 1 500 30556 4731 6555009 691 433 538 135 8000 8000 8000 0 128 128 128 0 3 3 2.0
160000 165000 3 1 372 22600 3499 4832024 711 279 444 233 8000 8000 8000 0 128 128 128 0 3 3 3.0
165000 170000 4 1 440 30565 4120 5722017 915 264 501 286 8000 8000 8000 0 128 128 128 0 3 3 2.0
170000 175000 5 1 400 23982 3825 5284044 993 278 673 330 8000 8000 8000 0 128 128 128 0 2 2 3.0
175000 180000 5 1 445 26674 4257 5921452 999 647 871 171 8000 8000 8000 0 128 128 128 0 3 3 2.0
180000 185000 3 1 348 21987 3312 4585587 780 90 324 395 8000 8000 8000 0 128 128 128 0 2 2 3.0
185000 190000 2 1 448 27699 4223 5850728 613 405 509 147 8000 8000 8000 0 128 128 128 0 3 3 2.0
190000 195000 3 1 377 23310 3486 4797159 785 78 380 364 8000 8000 8000 0 128 128 128 0 3 3 3.0
195000 200000 3 1 398 24131 3643 5006560 599 328 498 147 8000 8000 8000 0 128 128 128 0 2 2 2.0
200000 205000 3 1 364 22784 3306 4528179 542 278 450 149 8000 8000 8000 0 128 128 128 0 3 3 3.0
205000 210000 3 1 440 26715 4072 5627554 776 73 446 353 8000 8000 8000 0 128 128 128 0 2 2 2.0
210000 215000 3 1 387 23967 3643 5046205 556 276 405 141 8000 8000 8000 0 128 128 128 0 3 3 3.0
215000 220000 3 1 213 13812 2065 2862166 511 64 255 230 8000 8000 8000 0 128 128 128 0 1 1 2.0
220000 225000 5 1 636 39390 5957 8285564 999 207 838 352 8000 8000 8000 0 128 128 128 0 4 4 3.0
225000 230000 4 1 291 17609 2761 3828719 999 649 904 170 8000 8000 8000 0 128 128 128 0 2 2 2.0
230000 235000 3 1 441 27825 4136 5701617 814 74 388 383 8000 8000 8000 0 128 128 128 0 3 3 3.0
235000 240000 3 1 480 29120 4505 6215523 645 443 550 101 8000 8000 8000 0 128 128 128 0 3 3 2.0
240000 245000 3 1 376 22718 3535 4846368 622 277 502 195 8000 8000 8000 0 128 128 128 0 3 3 3.0
245000 250000 3 1 393 24741 3631 4997382 699 492 624 114 8000 8000 8000 0 128 128 128 0 2 2 2.0
250000 255000 3 1 442 28074 4098 5663440 750 274 486 241 8000 8000 8000 0 128 128 128 0 3 3 3.0
255000 260000 3 1 238 16138 2117 2930486 397 71 234 163 8000 8000 8000 0 128 128 128 0 1 1 2.0
260000 265000 3 1 557 34071 5225 7218700 695 279 550 234 8000 8000 8000 0 128 128 128 0 4 4 3.0
265000 270000 4 1 353 21452 3354 4625594 988 24 512 512 8000 8000 8000 0 128 128 128 0 2 2 2.0
270000 275000 4 1 486 29899 4476 6190785 999 935 977 29 8000 8000 8000 0 128 128 128 0 3 3 3.0
275000 280000 3 1 302 18405 2865 3948142 752 68 510 383 8000 8000 8000 0 128 128 128 0 2 2 2.0
280000 285000 3 1 431 28279 4044 5584104 782 61 516 395 8000 8000 8000 0 128 128 128 0 3 3 3.0
285000 290000 2 1 498 29160 4792 6598694 742 692 717 35 8000 8000 8000 0 128 128 128 0 3 3 2.0
290000 295000 3 1 248 16042 2360 3265299 337 72 229 139 8000 8000 8000 0 128 128 128 0 2 2 3.0
295000 300000 3 1 492 30030 4697 6515934 601 94 383 260 8000 8000 8000 0 128 128 128 0 3 3 2.0
300000 305000 0 0 0 0 0 0 0 0 0 0 0 0 0 0 0 0 0 0 0 0 
