ts te nbins ncons c_pkts_all c_bytes_all s_pkts_all s_bytes_all max_bin min_bin avg_bin std_bin max_vid min_vid avg_vid std_vid max_aud min_aud avg_aud std_aud num_vid num_aud num_mfs
0 5000 0 0 0 0 0 0 0 0 0 0 0 0 0 0 0 0 0 0 0 0 
5000 10000 4 1 968 60675 6929 8519265 999 57 491 492 4400 4400 4400 0 128 128 128 0 9 8 3.0
10000 15000 4 1 516 32209 4683 5554264 999 79 522 376 8000 4400 7100 1800 128 128 128 0 4 5 2.0
15000 20000 4 1 410 23573 3803 4519913 872 79 381 375 8000 8000 8000 0 128 128 128 0 2 2 3.0
20000 25000 3 1 541 31907 4993 5948672 624 54 398 302 8000 8000 8000 0 128 128 128 0 3 3 2.0
25000 30000 3 1 541 36885 4950 5887926 963 565 830 229 8000 8000 8000 0 128 128 128 0 3 3 3.0
30000 35000 3 1 384 22873 3510 4186794 965 14 445 481 8000 8000 8000 0 128 128 128 0 2 2 2.0
35000 40000 5 1 542 32402 5051 6021557 999 25 699 426 8000 8000 8000 0 128 128 128 0 3 3 3.0
40000 45000 4 1 477 28477 4535 5411224 997 79 679 410 8000 8000 8000 0 128 128 128 0 3 3 2.0
45000 50000 4 1 430 24996 3980 4723257 937 81 716 423 8000 8000 8000 0 128 128 128 0 2 2 3.0
50000 55000 3 1 544 32317 5042 5912919 880 604 726 140 8000 8000 8000 0 128 128 128 0 3 3 2.0
55000 60000 3 1 385 23009 3603 4292940 490 79 312 210 8000 8000 8000 0 128 128 128 0 2 2 3.0
60000 65000 3 1 537 31901 4886 5784964 590 532 561 28 8000 8000 8000 0 128 128 128 0 3 3 2.0
65000 70000 3 1 472 28420 4438 5877654 778 452 563 185 8000 8000 8000 0 128 128 128 0 3 3 3.0
70000 75000 2 1 303 18581 2794 3928301 554 378 466 124 8000 8000 8000 0 128 128 128 0 2 2 2.0
75000 80000 3 1 428 26426 4007 5622788 983 589 847 223 8000 8000 8000 0 128 128 128 0 3 3 3.0
80000 85000 3 1 309 20616 2820 3972979 979 7 653 559 8000 8000 8000 0 128 128 128 0 2 2 2.0
85000 90000 4 1 355 21527 3317 4674093 998 61 303 463 8000 8000 8000 0 128 128 128 0 3 3 3.0
90000 95000 4 1 607 36693 5624 7919977 984 25 678 442 8000 8000 8000 0 128 128 128 0 3 3 2.0
95000 100000 3 1 316 19546 2896 4080579 598 64 247 304 8000 8000 8000 0 128 128 128 0 2 2 3.0
100000 105000 3 1 439 27128 4024 5668424 620 365 464 136 8000 8000 8000 0 128 128 128 0 3 3 2.0
105000 110000 3 1 322 20382 2974 4170902 450 78 321 210 8000 8000 8000 0 128 128 128 0 2 2 3.0
110000 115000 3 1 315 19427 2922 4129127 551 3 211 297 8000 8000 8000 0 128 128 128 0 2 2 2.0
115000 120000 3 1 594 36036 5520 7782472 557 386 468 85 8000 8000 8000 0 128 128 128 0 4 4 3.0
120000 125000 4 1 314 19429 2948 4138796 476 43 227 209 8000 8000 8000 0 128 128 128 0 2 2 2.0
125000 130000 3 1 480 34426 4349 6145112 965 92 563 440 8000 8000 8000 0 128 128 128 0 3 3 3.0
130000 135000 4 1 287 18060 2690 3800712 956 5 317 435 8000 8000 8000 0 128 128 128 0 2 2 2.0
135000 140000 4 1 467 28581 4326 6097532 999 25 512 540 8000 8000 8000 0 128 128 128 0 3 3 3.0
140000 145000 2 1 309 19142 2828 3986235 756 72 414 483 8000 8000 8000 0 128 128 128 0 2 2 2.0
145000 150000 4 1 507 30389 4536 6398166 999 80 683 433 8000 8000 8000 0 128 128 128 0 3 4 3.0
150000 155000 3 1 439 27025 3921 5491752 667 494 574 87 8000 8000 8000 0 128 128 128 0 3 3 2.0
155000 160000 3 1 440 27304 4084 5741863 516 454 476 34 8000 8000 8000 0 128 128 128 0 3 3 3.0
160000 165000 2 1 310 18914 2744 3861268 603 518 561 60 8000 8000 8000 0 128 128 128 0 2 2 2.0
165000 170000 3 1 507 30758 4476 6241991 958 633 781 163 8000 8000 8000 0 128 128 128 0 3 3 3.0
170000 175000 2 1 176 11093 1632 2289501 612 70 341 383 8000 8000 8000 0 128 128 128 0 1 1 2.0
175000 180000 3 1 608 37234 5737 8086675 963 510 808 257 8000 8000 8000 0 128 128 128 0 4 4 3.0
180000 185000 4 1 288 18201 2492 3509464 999 13 512 562 8000 8000 8000 0 128 128 128 0 2 2 2.0
185000 190000 5 1 500 30368 4458 6278253 999 0 797 445 8000 8000 8000 0 128 128 128 0 3 3 3.0
190000 195000 3 1 471 28310 4322 6032955 994 68 603 479 8000 8000 8000 0 128 128 128 0 3 3 2.0
195000 200000 4 1 198 12680 1803 2538879 920 71 370 398 8000 8000 8000 0 128 128 128 0 2 2 3.0
200000 205000 3 1 571 35514 5178 7296000 681 553 602 68 8000 8000 8000 0 128 128 128 0 3 3 2.0
205000 210000 3 1 217 13862 2027 2853331 559 71 237 278 8000 8000 8000 0 128 128 128 0 1 2 3.0
210000 215000 3 1 554 33668 5228 7373576 463 370 431 53 8000 8000 8000 0 128 128 128 0 4 3 2.0
215000 220000 3 1 448 27674 4100 5759462 956 431 617 294 8000 8000 8000 0 128 128 128 0 3 3 3.0
220000 225000 2 1 332 20088 2915 4115016 690 73 381 436 8000 8000 8000 0 128 128 128 0 2 2 2.0
225000 230000 4 1 466 28694 4197 5868812 999 29 746 478 8000 8000 8000 0 128 128 128 0 3 3 3.0
230000 235000 3 1 479 28855 4432 6241965 998 952 982 25 8000 8000 8000 0 128 128 128 0 3 3 2.0
235000 240000 3 1 194 12496 1792 2525406 928 81 363 489 8000 8000 8000 0 128 128 128 0 2 2 3.0
240000 245000 3 1 575 34994 5342 7527201 583 68 385 277 8000 8000 8000 0 128 128 128 0 3 3 2.0
245000 250000 3 1 414 29655 3862 5405537 465 351 425 64 8000 8000 8000 0 128 128 128 0 3 2 3.0
250000 255000 3 1 361 21929 3377 4713693 472 131 352 191 8000 8000 8000 0 128 128 128 0 2 3 2.0
255000 260000 3 1 456 27857 4165 5829809 537 466 490 40 8000 8000 8000 0 128 128 128 0 3 3 3.0
260000 265000 3 1 317 19421 2866 4040356 484 41 324 246 8000 8000 8000 0 128 128 128 0 2 2 2.0
265000 270000 3 1 468 28649 4130 5777591 966 945 958 10 8000 8000 8000 0 128 128 128 0 3 3 3.0
270000 275000 3 1 323 19594 2975 4190376 956 4 636 547 8000 8000 8000 0 128 128 128 0 2 2 2.0
275000 280000 4 1 473 29339 4185 5894907 990 54 747 462 8000 8000 8000 0 128 128 128 0 3 3 3.0
280000 285000 4 1 404 24915 3639 5127931 998 77 625 413 8000 8000 8000 0 128 128 128 0 3 3 2.0
285000 290000 4 1 271 16233 2485 3501517 920 79 499 483 8000 8000 8000 0 128 128 128 0 2 2 3.0
290000 295000 3 1 555 34228 5174 7317300 582 88 374 255 8000 8000 8000 0 128 128 128 0 3 3 2.0
295000 300000 3 1 318 19589 2888 4063003 529 78 321 227 8000 8000 8000 0 128 128 128 0 2 2 3.0
