ts te nbins ncons c_pkts_all c_bytes_all s_pkts_all s_bytes_all max_bin min_bin avg_bin std_bin max_vid min_vid avg_vid std_vid max_aud min_aud avg_aud std_aud num_vid num_aud num_mfs
0 5000 0 0 0 0 0 0 0 0 0 0 0 0 0 0 0 0 0 0 0 0 
5000 10000 3 1 1216 85101 6141 8795152 999 571 719 242 4400 4400 4400 0 128 128 128 0 9 9 2.0
10000 15000 3 1 552 35640 4317 5783542 737 53 430 347 8000 8000 8000 0 128 128 128 0 4 4 3.0
15000 20000 3 1 542 31510 5173 6135480 999 199 532 417 8000 8000 8000 0 128 128 128 0 3 3 2.0
20000 25000 3 1 392 26238 3671 4353877 920 48 622 497 8000 8000 8000 0 128 128 128 0 3 3 3.0
25000 30000 5 1 338 19833 3250 3823702 996 0 609 526 8000 8000 8000 0 128 128 128 0 1 1 2.0
30000 35000 4 1 781 49020 6780 8038609 999 77 572 378 8000 8000 8000 0 128 128 128 0 4 4 3.0
35000 40000 2 1 336 20196 3215 3822943 604 370 487 164 8000 8000 8000 0 128 128 128 0 2 2 2.0
40000 45000 3 1 485 29867 4637 5513620 373 239 304 66 8000 8000 8000 0 128 128 128 0 3 3 3.0
45000 50000 2 1 232 15060 2162 2559210 562 367 465 138 8000 8000 8000 0 128 128 128 0 2 2 2.0
50000 55000 3 1 371 23997 3437 4073284 329 285 304 22 8000 8000 8000 0 128 128 128 0 3 3 3.0
55000 60000 3 1 420 25944 4012 4750686 745 380 566 182 8000 8000 8000 0 128 128 128 0 3 3 2.0
60000 65000 3 1 340 21399 3260 3875473 531 151 344 189 8000 8000 8000 0 128 128 128 0 2 2 3.0
65000 70000 3 1 427 26317 4064 4827008 769 341 562 214 8000 8000 8000 0 128 128 128 0 3 3 2.0
70000 75000 5 1 398 24652 3764 4881120 999 196 663 390 8000 8000 8000 0 128 128 128 0 3 3 3.0
75000 80000 4 1 270 17782 2509 3500105 949 147 705 374 8000 8000 8000 0 128 128 128 0 2 2 2.0
80000 85000 4 1 392 25551 3673 5132157 558 24 258 243 8000 8000 8000 0 128 128 128 0 3 3 3.0
85000 90000 2 1 247 15735 2325 3125799 567 295 431 192 8000 8000 8000 0 128 128 128 0 2 2 2.0
90000 95000 3 1 219 15351 1991 2784263 556 84 318 236 8000 8000 8000 0 128 128 128 0 2 2 3.0
95000 100000 2 1 348 22040 3276 4590920 467 314 390 108 8000 8000 8000 0 128 128 128 0 3 3 2.0
100000 105000 3 1 393 27002 3628 5099748 558 68 310 245 8000 8000 8000 0 128 128 128 0 3 3 3.0
105000 110000 3 1 378 24076 3384 4731310 575 100 395 257 8000 8000 8000 0 128 128 128 0 3 3 2.0
110000 115000 3 1 366 23225 3447 4820773 898 148 432 406 8000 8000 8000 0 128 128 128 0 3 3 3.0
115000 120000 5 1 227 13937 2183 3062433 999 0 619 520 8000 8000 8000 0 128 128 128 0 1 1 2.0
120000 125000 4 1 442 27260 4200 5904285 999 57 368 443 8000 8000 8000 0 128 128 128 0 3 3 3.0
125000 130000 2 1 441 28412 3124 4185007 638 98 368 381 8000 8000 8000 0 128 128 128 0 2 2 2.0
130000 135000 3 1 710 43826 6492 7679647 615 313 417 171 8000 8000 8000 0 128 128 128 0 4 4 3.0
135000 140000 2 1 299 18410 2788 3310931 377 284 331 65 8000 8000 8000 0 128 128 128 0 2 2 2.0
140000 145000 3 1 495 30162 4578 5426957 546 67 311 239 8000 8000 8000 0 128 128 128 0 3 3 3.0
145000 150000 2 1 316 21430 2997 3569798 484 277 381 146 8000 8000 8000 0 128 128 128 0 2 2 2.0
150000 155000 3 1 458 28337 4332 5154159 413 337 364 42 8000 8000 8000 0 128 128 128 0 3 3 3.0
155000 160000 3 1 424 27219 3993 4765602 583 52 402 303 8000 8000 8000 0 128 128 128 0 3 3 2.0
160000 165000 4 1 375 22721 3556 4227424 999 69 323 452 8000 8000 8000 0 128 128 128 0 2 2 3.0
165000 170000 2 1 161 10668 1433 1703331 326 69 198 182 8000 8000 8000 0 128 128 128 0 1 1 2.0
170000 175000 3 1 1744 130320 8479 10051620 929 111 645 462 8000 8000 8000 0 128 128 128 0 5 5 3.0
175000 180000 2 1 380 22620 3297 3930555 875 595 735 197 8000 8000 8000 0 128 128 128 0 2 2 2.0
180000 185000 3 1 566 35516 5193 6162957 619 53 328 283 8000 8000 8000 0 128 128 128 0 3 3 3.0
185000 190000 2 1 307 18967 2860 3678697 538 372 455 117 8000 8000 8000 0 128 128 128 0 2 2 2.0
190000 195000 3 1 549 37035 4419 6219270 579 56 320 261 8000 8000 8000 0 128 128 128 0 3 3 3.0
195000 200000 2 1 314 21339 2774 3905513 543 443 493 71 8000 8000 8000 0 128 128 128 0 2 2 2.0
200000 205000 3 1 474 30245 4341 6094516 534 348 411 106 8000 8000 8000 0 128 128 128 0 3 3 3.0
205000 210000 2 1 307 19034 2848 3995062 733 341 537 276 8000 8000 8000 0 128 128 128 0 2 2 2.0
210000 215000 4 1 515 32413 4800 6711297 897 315 577 285 8000 8000 8000 0 128 128 128 0 4 4 3.0
215000 220000 6 1 402 24393 3771 5299526 999 101 819 357 8000 8000 8000 0 128 128 128 0 2 2 2.0
220000 225000 5 1 465 28464 4350 6016773 991 156 583 381 8000 8000 8000 0 128 128 128 0 3 3 3.0
225000 230000 2 1 174 11515 1540 2094968 405 51 228 250 8000 8000 8000 0 128 128 128 0 1 1 2.0
230000 235000 3 1 754 47903 5764 8099422 612 398 538 121 8000 8000 8000 0 128 128 128 0 4 4 3.0
235000 240000 2 1 173 11019 1542 2171796 328 66 197 185 8000 8000 8000 0 128 128 128 0 1 1 2.0
240000 245000 4 2 1112 84601 5752 8064951 899 47 515 353 8000 8000 8000 0 128 128 128 0 4 4 3.0
245000 250000 5 2 383 23744 2977 4196919 999 28 363 384 8000 8000 8000 0 128 128 128 0 2 2 2.0
250000 255000 3 1 579 38525 4438 6213358 611 55 346 279 8000 8000 8000 0 128 128 128 0 3 3 3.0
255000 260000 3 2 340 25853 2833 3990311 882 562 682 174 8000 8000 8000 0 128 128 128 0 2 2 2.0
260000 265000 4 1 492 30532 4304 6022027 999 889 970 54 8000 8000 8000 0 128 128 128 0 3 3 3.0
265000 270000 4 2 491 35790 4444 6219162 890 295 636 255 8000 8000 8000 0 128 128 128 0 3 3 2.0
270000 275000 3 1 489 32322 4277 6034689 686 65 461 344 8000 8000 8000 0 128 128 128 0 3 3 3.0
275000 280000 2 1 310 19635 2856 4010382 625 611 618 9 8000 8000 8000 0 128 128 128 0 2 2 2.0
280000 285000 3 1 471 29553 4218 5905988 398 327 358 36 8000 8000 8000 0 128 128 128 0 3 3 3.0
285000 290000 2 1 307 19041 2869 4043450 294 291 292 2 8000 8000 8000 0 128 128 128 0 2 2 2.0
290000 295000 3 1 700 49314 4627 5992686 568 53 346 264 8000 8000 8000 0 128 128 128 0 3 3 3.0
295000 300000 2 1 390 23871 3420 4064413 505 364 435 99 8000 8000 8000 0 128 128 128 0 2 2 2.0
300000 305000 0 0 0 0 0 0 0 0 0 0 0 0 0 0 0 0 0 0 0 0 
