ts te nbins ncons c_pkts_all c_ack_cnt c_ack_cnt_p c_bytes_all c_bytes_uniq s_pkts_all s_ack_cnt s_ack_cnt_p s_bytes_all s_bytes_uniq c_pkts_retx s_pkts_retx c_pkts_data s_pkts_data max_bin min_bin avg_bin std_bin max_vid min_vid avg_vid std_vid max_aud min_aud avg_aud std_aud num_vid num_aud num_mfs
0 10000 62 33 1954 1950 1781 60424 58975 2953 2953 187 3736012 3493005 17 186 167 2760 999 0 586 327 0 0 0 0 0 0 0 0 0 0.0 0.0
10000 20000 92 39 2103 2075 1868 135321 134533 2980 2980 248 3660552 3152918 12 382 205 2707 999 0 571 364 480 480 480 0 128 128 128 0 2 2.0 1.0
20000 30000 49 13 1641 1639 1557 71845 71810 2309 2309 89 3066387 2546485 1 381 82 2218 999 0 641 376 288 288 288 0 128 128 128 0 9 8.0 5.0
30000 40000 49 21 1528 1528 1408 196782 196740 2285 2285 187 2892409 2466468 1 308 119 2096 999 16 642 384 480 288 336 88 128 128 128 0 8 8.0 5.0
40000 50000 52 25 1805 1805 1744 36380 35580 2419 2419 78 3214364 2797877 5 302 47 2331 999 16 552 413 480 288 326 85 128 128 128 0 5 5.0 5.0
50000 60000 59 32 1955 1953 1909 32237 31441 2613 2613 73 3504803 2878229 1 453 40 2536 999 5 457 435 288 288 288 0 128 128 128 0 6 6.0 5.0
60000 70000 58 31 1656 1654 1600 33052 32253 2417 2417 72 3229591 2881978 1 251 46 2338 999 16 464 431 288 288 288 0 128 128 128 0 5 5.0 5.0
70000 80000 46 20 1736 1730 1620 157651 156851 2554 2554 159 3258228 2896376 3 268 101 2388 999 0 605 382 2300 288 958 1038 128 128 128 0 6 5.0 5.0
80000 90000 26 11 1074 1074 1044 25505 24176 1519 1519 33 2046378 1810651 1 170 29 1484 999 15 525 423 2300 2300 2300 0 128 128 128 0 3 3.0 5.0
90000 100000 18 9 104 102 27 63920 63920 129 129 82 27674 27674 0 0 74 46 977 2 402 382 480 288 352 96 128 128 128 0 9 9.0 5.0
100000 110000 31 24 71 70 34 30946 30148 74 74 54 7305 6810 1 1 33 19 859 14 152 244 1500 288 1326 458 128 128 128 0 7 6.0 5.0
110000 120000 19 11 48 48 20 24313 21921 51 51 38 5868 5373 3 1 28 13 968 6 340 426 1500 1500 1500 0 128 128 128 0 5 5.0 5.0
120000 130000 14 8 53 53 18 32169 30564 59 59 41 8343 7081 2 2 34 18 989 23 389 404 2300 1500 2166 326 128 128 128 0 6 6.0 5.0
130000 140000 24 16 267 265 145 169837 166875 364 364 165 220875 190407 3 25 118 198 999 0 409 364 2300 840 1326 753 128 128 128 0 6 5.0 5.0
140000 150000 23 18 76 75 35 39144 39144 92 92 58 17044 16102 0 2 38 31 983 16 234 324 2300 2300 2300 0 128 128 128 0 4 4.0 5.0
150000 160000 20 15 54 54 25 24629 23031 58 58 42 6426 5931 2 1 28 15 834 16 201 267 2300 2300 2300 0 128 128 128 0 5 5.0 5.0
160000 170000 12 6 45 45 15 25466 23811 50 50 34 6875 6380 2 1 30 16 959 16 398 377 2300 1500 1660 357 128 128 128 0 5 5.0 5.0
170000 180000 16 10 54 54 20 31070 28677 59 59 43 7488 6993 3 1 34 16 929 17 350 380 2300 1500 1766 413 128 128 128 0 6 6.0 5.0
180000 190000 11 7 39 39 14 22546 22546 40 40 28 5245 5245 0 0 24 11 862 18 348 311 2300 2300 2300 0 128 128 128 0 5 5.0 5.0
190000 200000 27 21 114 114 39 137816 137017 153 153 126 8370 7396 1 2 75 27 998 16 211 316 2300 2300 2300 0 128 128 128 0 6 6.0 5.0
200000 210000 17 12 70 68 27 34111 33274 82 82 52 17320 16260 2 1 40 29 855 16 316 324 2300 2300 2300 0 128 128 128 0 5 5.0 5.0
210000 220000 10 6 42 41 13 25564 24766 47 47 31 6462 5967 1 1 27 16 769 16 356 293 2300 2300 2300 0 128 128 128 0 5 5.0 5.0
220000 230000 15 11 42 42 18 21271 21271 47 47 32 6732 5364 0 3 24 15 820 6 253 302 2300 2300 2300 0 128 128 128 0 5 5.0 5.0
230000 240000 20 16 52 52 23 21738 20940 61 61 39 5681 5608 1 1 25 17 651 16 207 240 2300 2300 2300 0 128 128 128 0 5 5.0 5.0
240000 250000 28 23 64 64 32 23030 22224 67 67 44 6404 6264 1 0 26 18 941 16 204 299 2300 2300 2300 0 128 128 128 0 6 6.0 5.0
250000 260000 28 18 252 249 135 151905 151841 374 374 149 247446 186674 2 47 109 216 997 10 347 389 480 288 364 105 128 128 128 0 5 7.0 5.0
260000 270000 16 10 73 72 26 43270 43270 84 84 50 16897 16402 0 1 43 30 980 0 378 387 840 840 840 0 128 128 128 0 5 5.0 5.0
270000 280000 12 4 47 47 14 27294 24022 49 49 33 6125 5630 4 1 31 14 981 0 464 408 1500 1500 1500 0 128 128 128 0 5 5.0 5.0
280000 290000 15 7 42 42 16 23172 21581 44 44 31 6154 6154 2 0 26 13 994 15 495 414 1500 1500 1500 0 128 128 128 0 5 5.0 5.0
290000 300000 21 15 57 57 23 29566 27905 62 62 46 6911 6911 2 0 34 16 997 15 260 347 2300 1500 1900 438 128 128 128 0 6 6.0 5.0
300000 310000 0 0 0 0 0 0 0 0 0 0 0 0 0 0 0 0 0 0 0 0 0 0 0 0 0 0 0 0 0  
