ts te nbins ncons c_pkts_all c_ack_cnt c_ack_cnt_p c_bytes_all c_bytes_uniq s_pkts_all s_ack_cnt s_ack_cnt_p s_bytes_all s_bytes_uniq c_pkts_retx s_pkts_retx c_pkts_data s_pkts_data max_bin min_bin avg_bin std_bin max_vid min_vid avg_vid std_vid max_aud min_aud avg_aud std_aud num_vid num_aud num_mfs
0 10000 60 40 393 377 149 126073 114090 544 544 309 225791 224080 16 6 226 218 967 0 411 263 840 840 840 0 128 128 128 0 3 3 1
10000 20000 59 28 343 308 166 140083 130600 487 487 220 269513 206122 20 87 137 231 995 0 414 341 840 840 840 0 128 128 128 0 10 10 5
20000 30000 10 8 38 37 12 26349 24617 55 55 40 10888 10888 2 0 22 11 623 26 191 220 1500 1500 1500 0 128 128 128 0 7 6 5
30000 40000 19 17 96 96 19 160720 156597 149 149 138 6306 5927 4 2 76 10 803 0 235 231 2300 1500 2033 413 128 128 128 0 6 5 5
40000 50000 35 32 60 60 33 24777 23404 80 80 64 9953 9953 3 1 23 12 966 0 153 224 2300 2300 2300 0 128 128 128 0 6 6 5
50000 60000 30 30 56 56 33 12521 11378 55 55 39 4930 4930 4 0 11 7 856 16 178 217 2300 2300 2300 0 128 128 128 0 5 5 5
60000 70000 17 15 107 102 23 142693 138969 175 175 130 12960 12513 5 5 67 33 863 17 313 268 2300 2300 2300 0 128 128 128 0 5 5 5
70000 80000 16 15 38 37 14 14454 13324 44 44 25 6762 6762 0 0 14 10 713 0 186 209 2300 2300 2300 0 128 128 128 0 5 5 5
80000 90000 4 4 13 13 4 8921 8824 19 19 14 998 998 1 0 7 3 474 17 193 219 2300 2300 2300 0 128 128 128 0 4 5 5
90000 100000 20 20 24 24 19 5668 5408 29 29 27 409 409 1 0 5 2 429 17 52 104 1500 840 1217 352 128 128 128 0 7 6 5
100000 110000 12 11 15 15 8 6921 6921 23 23 19 471 471 0 0 7 4 371 0 111 148 2300 1500 1820 438 128 128 128 0 5 5 5
110000 120000 15 15 18 18 3 5689 5689 33 33 20 378 378 0 0 3 1 263 21 146 66 2300 2300 2300 0 128 128 128 0 5 5 5
120000 130000 31 27 216 205 93 152265 145600 349 349 164 261569 215638 11 31 91 159 993 0 371 323 2300 2300 2300 0 128 128 128 0 5 5 5
130000 140000 14 9 37 36 12 21044 19656 47 47 30 7248 7248 4 0 19 14 992 0 309 329 2300 2300 2300 0 128 128 128 0 6 6 5
140000 150000 4 3 7 7 3 5674 5674 10 10 7 455 455 0 0 3 2 281 0 110 136 2300 2300 2300 0 128 128 128 0 5 5 5
150000 160000 2 2 7 7 3 5421 5421 13 13 8 789 409 0 3 4 5 796 401 599 279 2300 2300 2300 0 128 128 128 0 4 4 5
160000 170000 7 6 12 12 3 8588 8588 21 21 16 995 995 0 0 9 5 568 0 251 224 2300 1500 1900 438 128 128 128 0 6 6 5
170000 180000 5 5 9 9 5 6845 6845 12 12 11 378 378 0 0 4 1 275 16 70 114 2300 2300 2300 0 128 128 128 0 5 5 5
180000 190000 5 5 63 63 8 120290 119907 117 117 100 5153 5111 0 1 54 16 857 311 539 218 2300 2300 2300 0 128 128 128 0 6 6 5
190000 200000 8 6 24 23 8 14088 11787 39 39 27 6713 6712 2 1 15 12 984 0 349 287 2300 2300 2300 0 128 128 128 0 5 5 5
200000 210000 4 4 13 13 5 10498 10498 19 19 14 1357 1357 0 0 7 4 471 112 300 152 2300 2300 2300 0 128 128 128 0 5 5 5
210000 220000 5 5 10 10 4 7628 7628 16 16 13 787 787 0 0 6 3 720 30 303 265 2300 2300 2300 0 128 128 128 0 5 5 5
220000 230000 5 4 7 7 1 5445 5445 15 15 11 471 471 0 0 6 4 436 0 237 157 2300 2300 2300 0 128 128 128 0 5 6 5
230000 240000 5 5 8 8 3 5054 5054 12 12 9 378 378 0 0 3 1 316 17 141 125 2300 2300 2300 0 128 128 128 0 6 5 5
240000 250000 15 8 176 171 89 139745 131747 287 287 136 247406 183181 8 35 82 146 991 0 526 339 2300 840 2008 652 128 128 128 0 5 5 5
250000 260000 10 9 39 38 11 26046 23324 59 59 42 15029 15029 4 0 26 15 891 0 319 237 2300 840 2008 652 128 128 128 0 5 5 5
260000 270000 3 3 11 11 4 8395 8395 15 15 11 833 833 0 0 6 3 269 104 213 94 2300 2300 2300 0 128 128 128 0 5 5 5
270000 280000 3 3 24 23 8 18465 18465 34 34 24 5848 5848 0 0 15 9 908 280 522 337 2300 2300 2300 0 128 128 128 0 5 6 5
280000 290000 7 6 16 16 5 10574 10574 29 29 19 2131 1373 0 4 11 10 587 0 328 223 2300 2300 2300 0 128 128 128 0 6 5 5
290000 300000 6 6 9 9 6 6358 6358 12 12 11 378 378 0 0 3 1 270 16 62 102 2300 2300 2300 0 128 128 128 0 5 5 5
