ts te nbins ncons c_tcp_packs c_tcp_bytes c_udp_packs c_udp_bytes s_tcp_packs s_tcp_bytes s_udp_packs s_udp_bytes max_bins_span min_bins_span avg_bins_span std_bins_span max_video_rate min_video_rate avg_video_rate std_video_rate max_audio_rate min_audio_rate avg_audio_rate std_audio_rate video_requests audio_requests
0 10000 5 2 10 1862 235 22181 15 12231 658 929678 999 105 770 380 3000 480 1488 1380 128 128 128 0 5 4
10000 20000 12 3 2 1 1263 81425 3 56 2670 3777553 999 8 747 370 4400 480 1734 1756 128 128 128 0 11 13
20000 30000 11 2 0 0 1341 76211 0 0 2513 3619305 999 0 847 334 2300 1500 1900 427 128 128 128 0 8 7
30000 40000 13 3 5 0 1579 87031 5 48 4908 7101004 999 0 661 422 8000 2300 5675 2609 128 128 128 0 8 8
40000 50000 11 1 0 0 1705 91113 0 0 5460 7898230 999 198 842 290 6500 4400 5900 1024 128 128 128 0 7 7
50000 60000 10 1 0 0 1752 97206 0 0 5382 7792362 999 706 945 104 6500 6500 6500 0 128 128 128 0 6 6
60000 70000 11 1 0 0 1810 98212 0 0 5798 8403110 999 292 897 229 6500 6500 6500 0 128 128 128 0 5 5
70000 80000 11 1 0 0 1785 95750 0 0 5743 8326804 998 375 898 214 6500 6500 6500 0 128 128 128 0 5 6
80000 90000 11 1 0 0 1899 101944 0 0 5971 8658862 999 426 906 206 6500 6500 6500 0 128 128 128 0 5 5
90000 100000 11 1 0 0 1950 106258 0 0 5995 8684379 999 436 905 207 6500 6500 6500 0 128 128 128 0 5 5
100000 110000 11 1 0 0 1930 104520 0 0 5991 8679212 999 454 905 206 6500 6500 6500 0 128 128 128 0 6 5
110000 120000 11 1 0 0 1976 107620 0 0 6067 8799234 999 473 905 206 6500 6500 6500 0 128 128 128 0 5 5
120000 130000 11 1 0 0 1798 100444 0 0 5353 7750981 999 202 860 269 8000 4400 5562 1669 128 128 128 0 8 8
130000 140000 11 1 0 0 1951 107390 0 0 6149 8922114 999 174 905 249 8000 6500 7400 821 128 128 128 0 5 6
140000 150000 11 1 0 0 1849 98457 0 0 5972 8651448 999 155 905 254 6500 6500 6500 0 128 128 128 0 5 5
150000 160000 11 1 0 0 1868 99785 0 0 5945 8610926 999 137 905 258 6500 6500 6500 0 128 128 128 0 5 5
160000 170000 11 1 0 0 1857 99706 0 0 5907 8564278 999 120 905 263 6500 6500 6500 0 128 128 128 0 6 5
170000 180000 10 1 0 0 1649 91446 0 0 5292 7655182 999 331 890 219 6500 6500 6500 0 128 128 128 0 7 7
180000 190000 11 1 0 0 1791 100447 0 0 5675 8202004 999 299 893 227 6500 6500 6500 0 128 128 128 0 5 6
190000 200000 11 1 0 0 2013 109703 0 0 6169 8937371 999 375 905 212 6500 6500 6500 0 128 128 128 0 6 5
200000 210000 11 1 0 0 1904 102314 0 0 6042 8754104 999 396 903 211 6500 6500 6500 0 128 128 128 0 5 5
210000 220000 11 1 0 0 1920 103998 0 0 6024 8726365 999 432 906 205 6500 6500 6500 0 128 128 128 0 5 5
220000 230000 11 1 0 0 1897 102441 0 0 5889 8535307 999 439 904 208 6500 6500 6500 0 128 128 128 0 5 6
230000 240000 11 1 0 0 1939 105592 0 0 6131 8887509 999 467 905 205 6500 6500 6500 0 128 128 128 0 6 5
240000 250000 11 1 0 0 2009 109176 0 0 6030 8747297 999 484 906 205 6500 6500 6500 0 128 128 128 0 5 5
250000 260000 11 1 0 0 1879 101164 0 0 6010 8713597 999 477 906 206 6500 6500 6500 0 128 128 128 0 5 5
260000 270000 11 1 0 0 1883 101382 0 0 5990 8675399 999 456 905 206 6500 6500 6500 0 128 128 128 0 5 5
270000 280000 11 1 0 0 1922 103154 0 0 6061 8789218 999 440 904 205 6500 6500 6500 0 128 128 128 0 6 6
280000 290000 11 1 0 0 1911 104293 0 0 5815 8408456 999 399 902 212 6500 6500 6500 0 128 128 128 0 4 5
290000 300000 11 1 0 0 1923 103238 0 0 5929 8591488 999 386 905 209 6500 6500 6500 0 128 128 128 0 6 5
