ts te nbins ncons c_pkts_all c_bytes_all s_pkts_all s_bytes_all max_bin min_bin avg_bin std_bin max_vid min_vid avg_vid std_vid max_aud min_aud avg_aud std_aud num_vid num_aud num_mfs
0 10000 4 1 469 37461 1025 1459560 999 938 983 29 2300 840 1546 653 128 128 128 0 6 6 2
10000 20000 11 1 1223 75900 3046 4391433 999 59 904 281 3000 840 1821 1128 128 128 128 0 11 11 3
20000 30000 10 1 1085 61988 2997 4321386 998 77 784 349 3000 3000 3000 0 128 128 128 0 5 5 2
30000 40000 11 1 1121 62891 3986 5763083 999 4 848 336 4400 3000 4166 571 128 128 128 0 6 6 4
40000 50000 10 1 1124 60214 3860 5571264 999 735 967 82 4400 4400 4400 0 128 128 128 0 5 5 3
50000 60000 9 1 1178 65269 4081 5901476 999 777 940 79 4400 4400 4400 0 128 128 128 0 5 5 4
60000 70000 9 1 1202 68511 3899 5641860 999 283 895 236 4400 4400 4400 0 128 128 128 0 6 6 2
70000 80000 11 1 1249 70436 4243 6136580 999 36 848 317 6500 4400 5100 1084 128 128 128 0 6 6 3
80000 90000 11 1 1761 94627 6023 8728243 999 420 905 207 6500 6500 6500 0 128 128 128 0 5 5 4
90000 100000 11 1 1674 89023 5786 8379296 998 336 896 223 6500 6500 6500 0 128 128 128 0 5 5 3
100000 110000 11 1 1713 92077 5819 8425953 999 243 894 237 6500 6500 6500 0 128 128 128 0 5 5 3
110000 120000 11 1 1727 91659 5937 8608140 999 229 906 236 6500 6500 6500 0 128 128 128 0 5 6 3
120000 130000 10 1 1664 92682 5453 7895350 999 681 938 115 6500 4400 5900 1024 128 128 128 0 7 7 3
130000 140000 11 1 1667 92946 5802 8395046 999 317 903 222 6500 6500 6500 0 128 128 128 0 5 5 4
140000 150000 11 1 1742 92245 5952 8622910 999 362 905 212 6500 6500 6500 0 128 128 128 0 6 5 3
150000 160000 11 1 1724 91762 5934 8602410 999 379 897 211 6500 6500 6500 0 128 128 128 0 5 6 3
160000 170000 11 1 1857 100261 6107 8850551 999 414 905 209 6500 6500 6500 0 128 128 128 0 5 5 3
170000 180000 11 1 1823 101078 6011 8706858 999 440 906 205 6500 6500 6500 0 128 128 128 0 5 5 3
180000 190000 11 1 1740 91728 5992 8688234 999 432 902 211 6500 6500 6500 0 128 128 128 0 6 5 3
190000 200000 11 1 1799 96985 6095 8837316 999 479 904 206 6500 6500 6500 0 128 128 128 0 5 5 4
200000 210000 11 1 1732 91774 5923 8581070 999 470 905 206 6500 6500 6500 0 128 128 128 0 5 6 3
210000 220000 11 1 1732 92400 5973 8660837 999 381 896 220 6500 6500 6500 0 128 128 128 0 5 5 3
220000 230000 11 1 1759 93491 5903 8540337 999 359 903 213 6500 6500 6500 0 128 128 128 0 5 5 2
230000 240000 11 1 1803 98368 5999 8695266 999 329 905 219 6500 6500 6500 0 128 128 128 0 6 5 4
240000 250000 11 1 1812 97116 5999 8699507 999 297 901 222 6500 6500 6500 0 128 128 128 0 5 5 2
250000 260000 11 1 1723 91047 5977 8671250 999 278 905 226 6500 6500 6500 0 128 128 128 0 5 6 3
260000 270000 11 1 1721 93610 6015 8722044 998 162 893 256 6500 6500 6500 0 128 128 128 0 5 5 3
270000 280000 11 1 1740 92736 6049 8769696 999 146 905 256 6500 6500 6500 0 128 128 128 0 6 5 4
280000 290000 11 1 1702 90160 5846 8471767 999 112 902 265 6500 6500 6500 0 128 128 128 0 5 5 3
290000 300000 11 1 1717 91070 5920 8582284 999 99 906 269 6500 6500 6500 0 128 128 128 0 5 5 3
300000 310000 1 1 115 6476 291 420177 533 533 533 0 0 0 0 0 0 0 0 0 0 0 0
