ts te nbins ncons c_pkts_all c_bytes_all s_pkts_all s_bytes_all max_bin min_bin avg_bin std_bin max_vid min_vid avg_vid std_vid max_aud min_aud avg_aud std_aud num_vid num_aud num_mfs
0 10000 0 0 0 0 0 0 0 0 0 0 0 0 0 0 0 0 0 0 0 0 
10000 20000 8 1 1225 89252 4187 5159431 999 786 969 74 3000 1500 1853 588 128 128 128 0 13 13 4.0
20000 30000 9 1 1046 60502 4010 4790480 999 0 759 400 4400 4400 4400 0 128 128 128 0 5 6 5.0
30000 40000 11 1 1455 77709 5793 6931049 999 43 752 348 4400 4400 4400 0 128 128 128 0 7 6 5.0
40000 50000 9 1 1263 71319 4886 5846794 998 357 909 210 4400 4400 4400 0 128 128 128 0 5 5 5.0
50000 60000 10 1 1061 60445 4319 5159350 999 0 794 392 4400 4400 4400 0 128 128 128 0 4 5 5.0
60000 70000 10 1 1503 84669 5812 6954495 998 109 874 277 4400 4400 4400 0 128 128 128 0 6 5 5.0
70000 80000 11 1 1181 67723 4249 5718970 999 22 783 375 4400 4400 4400 0 128 128 128 0 5 5 5.0
80000 90000 10 1 1245 71401 4365 6172148 999 494 918 166 4400 4400 4400 0 128 128 128 0 6 6 5.0
90000 100000 9 1 1410 78821 4779 6762032 999 313 860 275 6500 4400 5660 1150 128 128 128 0 5 5 5.0
100000 110000 9 1 1364 77199 4910 6945762 999 852 980 48 6500 4400 5450 1150 128 128 128 0 6 7 5.0
110000 120000 10 1 1358 78432 4650 6563982 999 26 797 377 6500 4400 5300 1122 128 128 128 0 7 6 5.0
120000 130000 10 1 1321 77034 4387 6213794 999 91 749 372 4400 4400 4400 0 128 128 128 0 5 6 5.0
130000 140000 9 1 1464 82785 5025 7112467 999 668 938 110 6500 4400 5300 1122 128 128 128 0 7 6 5.0
140000 150000 11 1 1673 92839 5819 8227806 999 105 900 268 6500 6500 6500 0 128 128 128 0 5 7 5.0
150000 160000 11 1 1560 88255 5283 7473718 999 168 889 261 4400 4400 4400 0 128 128 128 0 7 5 5.0
160000 170000 9 1 989 57525 3360 4736644 999 354 893 212 4400 4400 4400 0 128 128 128 0 4 5 5.0
170000 180000 10 1 1522 88185 5135 7261512 999 103 883 277 6500 4400 4925 972 128 128 128 0 8 7 5.0
180000 190000 10 1 1559 84875 5436 7699752 999 111 866 283 6500 6500 6500 0 128 128 128 0 4 4 5.0
190000 200000 11 1 1539 89963 5534 7823221 999 118 892 266 6500 3000 4500 1870 128 128 128 0 7 7 5.0
200000 210000 11 1 1105 64490 3864 5446337 999 241 898 238 4400 4400 4400 0 128 128 128 0 6 6 5.0
210000 220000 9 1 1326 75866 4352 6152002 999 327 894 220 4400 4400 4400 0 128 128 128 0 5 5 5.0
220000 230000 11 1 1566 87217 5505 7795230 999 112 901 266 6500 6500 6500 0 128 128 128 0 6 6 5.0
230000 240000 11 1 1797 98143 6081 8617400 999 170 905 250 6500 6500 6500 0 128 128 128 0 5 6 5.0
240000 250000 11 1 1563 89911 5267 7448967 999 198 847 284 6500 6500 6500 0 128 128 128 0 7 7 5.0
250000 260000 11 1 1712 94444 5989 8494044 999 270 905 227 6500 4400 5300 1122 128 128 128 0 7 6 5.0
260000 270000 9 1 1452 84584 4865 6880734 999 291 895 231 6500 4400 5000 1024 128 128 128 0 7 7 5.0
270000 280000 11 1 1547 85888 5437 7693969 999 110 899 266 6500 6500 6500 0 128 128 128 0 6 6 5.0
280000 290000 11 1 1724 94534 5802 8211046 999 163 904 252 6500 6500 6500 0 128 128 128 0 5 6 5.0
290000 300000 10 1 1507 84861 5169 7319000 999 187 839 308 6500 4400 4700 793 128 128 128 0 7 6 5.0
300000 310000 1 1 19 1101 66 93585 110 110 110 0 0 0 0 0 0 0 0 0 0 0 0.0
