ts te nbins ncons c_pkts_all c_ack_cnt c_ack_cnt_p c_bytes_all c_bytes_uniq s_pkts_all s_ack_cnt s_ack_cnt_p s_bytes_all s_bytes_uniq c_pkts_retx s_pkts_retx c_pkts_data s_pkts_data max_bin min_bin avg_bin std_bin max_vid min_vid avg_vid std_vid max_aud min_aud avg_aud std_aud num_vid num_aud num_mfs
0 2000 32 31 176 173 68 47724 47503 258 258 139 94131 94131 0 0 103 113 993 19 302 234 0 0 0 0 0 0 0 0 0 0.0 0.0
2000 4000 13 12 51 50 21 4820 4820 68 68 39 26546 26546 0 0 29 28 512 112 249 133 0 0 0 0 0 0 0 0 0 0.0 0.0
4000 6000 11 9 897 893 850 18123 15694 1654 1654 59 2640574 2262964 4 242 43 1591 982 330 509 192 0 0 0 0 0 0 0 0 0 0.0 0.0
6000 8000 14 10 2012 2007 1963 30334 29255 4981 4981 65 7869386 7238924 1 396 43 4910 999 130 392 235 4400 4400 4400 0 128 128 128 0 2 2.0 1.0
8000 10000 2 2 2 2 1 252 252 3 3 1 235 235 0 0 0 0 140 121 131 13 3000 3000 3000 0 128 128 128 0 4 2.0 1.0
10000 12000 8 7 75 72 23 76690 76690 119 119 85 32630 32630 0 0 49 31 434 269 325 65 4400 3000 3350 700 128 128 128 0 4 5.0 1.0
12000 14000 1 1 2 2 1 543 543 3 3 2 507 507 0 0 1 1 265 265 265 0 4400 4400 4400 0 128 128 128 0 1 1.0 1.0
14000 16000 1 1 2 2 1 543 543 3 3 2 507 507 0 0 1 1 257 257 257 0 8000 8000 8000 0 128 128 128 0 2 1.0 1.0
16000 18000 2 2 8 8 2 5316 5316 14 14 11 4465 4465 0 0 6 3 356 334 345 15 0 0 0 0 0 0 0 0 0 0.0 1.0
18000 20000 0 0 0 0 0 0 0 0 0 0 0 0 0 0 0 0 0 0 0 0 0 0 0 0 0 0 0 0 0  
20000 22000 2 2 9 9 2 12967 12967 16 16 14 756 756 0 0 7 2 273 259 266 9 8000 8000 8000 0 128 128 128 0 1 1.0 1.0
22000 24000 0 0 0 0 0 0 0 0 0 0 0 0 0 0 0 0 0 0 0 0 0 0 0 0 0 0 0 0 0  
24000 26000 1 1 0 0 0 0 0 0 0 0 0 0 0 0 0 0 2 2 2 0 8000 8000 8000 0 128 128 128 0 1 1.0 1.0
26000 28000 3 3 9 9 3 5333 5333 15 15 11 4476 4476 0 0 6 4 343 25 229 177 8000 8000 8000 0 128 128 128 0 1 1.0 1.0
28000 30000 0 0 0 0 0 0 0 0 0 0 0 0 0 0 0 0 0 0 0 0 0 0 0 0 0 0 0 0 0  
30000 32000 4 4 66 66 4 151175 151175 120 120 116 1074 1074 0 0 62 4 399 271 308 60 8000 8000 8000 0 128 128 128 0 1 1.0 1.0
32000 34000 0 0 0 0 0 0 0 0 0 0 0 0 0 0 0 0 0 0 0 0 0 0 0 0 0 0 0 0 0  
34000 36000 1 1 1 1 0 34 34 2 2 1 30 30 0 0 0 0 269 269 269 0 0 0 0 0 0 0 0 0 0 0.0 1.0
36000 38000 13 13 18 18 11 5371 5371 26 26 22 4511 4511 0 0 7 4 362 7 93 130 8000 8000 8000 0 128 128 128 0 1 1.0 1.0
38000 40000 1 1 1 1 1 0 0 1 1 1 0 0 0 0 0 0 27 27 27 0 8000 8000 8000 0 128 128 128 0 1 1.0 1.0
40000 42000 3 3 9 9 3 5619 5619 12 12 8 428 428 0 0 4 2 256 51 167 105 8000 8000 8000 0 128 128 128 0 2 2.0 1.0
42000 44000 0 0 0 0 0 0 0 0 0 0 0 0 0 0 0 0 0 0 0 0 0 0 0 0 0 0 0 0 0  
44000 46000 8 8 8 8 7 854 854 9 9 8 994 994 0 0 0 0 97 25 79 32 8000 8000 8000 0 128 128 128 0 1 1.0 1.0
46000 48000 22 20 35 35 22 15714 15714 48 48 42 8479 8479 0 0 13 6 347 21 89 121 8000 8000 8000 0 128 128 128 0 1 1.0 1.0
48000 50000 2 2 2 2 2 0 0 2 2 2 0 0 0 0 0 0 32 24 28 5 8000 8000 8000 0 128 128 128 0 1 1.0 1.0
50000 52000 9 9 15 15 9 6052 6052 15 15 11 378 378 0 0 3 1 264 19 57 78 8000 8000 8000 0 128 128 128 0 1 1.0 1.0
52000 54000 9 9 15 15 9 0 0 9 9 3 0 0 0 0 0 0 38 28 35 4 8000 8000 8000 0 128 128 128 0 1 1.0 1.0
54000 56000 1 1 1 1 1 0 0 1 1 1 0 0 0 0 0 0 117 117 117 0 8000 8000 8000 0 128 128 128 0 1 1.0 1.0
56000 58000 4 4 20 18 7 9459 9459 28 28 18 4821 4821 0 0 10 8 432 32 218 205 0 0 0 0 0 0 0 0 0 0.0 1.0
58000 60000 1 1 1 1 1 0 0 1 1 1 0 0 0 0 0 0 31 31 31 0 0 0 0 0 0 0 0 0 0 0.0 1.0
60000 62000 13 13 28 28 13 6543 6543 30 30 13 927 927 0 0 5 7 294 21 89 104 0 0 0 0 0 0 0 0 0 0.0 1.0
62000 64000 1 1 2 1 0 0 0 2 2 0 574 574 0 0 0 1 35 35 35 0 8000 8000 8000 0 128 128 128 0 4 4.0 1.0
64000 66000 3 3 43 42 4 58871 47770 56 56 47 2579 2579 7 0 37 8 376 20 210 179 0 0 0 0 0 0 0 0 0 0.0 1.0
66000 68000 6 5 72 72 6 101026 82979 101 101 84 8531 8531 13 0 65 15 612 0 264 228 8000 8000 8000 0 128 128 128 0 2 2.0 1.0
68000 70000 0 0 0 0 0 0 0 0 0 0 0 0 0 0 0 0 0 0 0 0 0 0 0 0 0 0 0 0 0  
70000 72000 3 3 9 9 2 9633 9633 15 15 12 787 787 0 0 7 3 277 259 270 9 8000 8000 8000 0 128 128 128 0 1 1.0 1.0
72000 74000 1 1 2 2 1 0 0 1 1 0 0 0 0 0 0 0 38 38 38 0 8000 8000 8000 0 128 128 128 0 1 1.0 1.0
74000 76000 0 0 0 0 0 0 0 0 0 0 0 0 0 0 0 0 0 0 0 0 0 0 0 0 0 0 0 0 0  
76000 78000 1 1 2 2 1 0 0 2 2 0 77 77 0 0 0 1 20 20 20 0 8000 8000 8000 0 128 128 128 0 1 1.0 1.0
78000 80000 0 0 0 0 0 0 0 0 0 0 0 0 0 0 0 0 0 0 0 0 0 0 0 0 0 0 0 0 0  
80000 82000 1 1 4 4 1 4659 4659 6 6 5 378 378 0 0 3 1 261 261 261 0 8000 8000 8000 0 128 128 128 0 2 2.0 1.0
82000 84000 0 0 0 0 0 0 0 0 0 0 0 0 0 0 0 0 0 0 0 0 0 0 0 0 0 0 0 0 0  
84000 86000 1 1 1 1 1 0 0 1 1 1 0 0 0 0 0 0 29 29 29 0 8000 8000 8000 0 128 128 128 0 2 2.0 1.0
86000 88000 1 1 4 4 1 4648 3333 6 6 5 525 525 1 0 3 1 271 271 271 0 8000 8000 8000 0 128 128 128 0 1 1.0 1.0
88000 90000 0 0 0 0 0 0 0 0 0 0 0 0 0 0 0 0 0 0 0 0 0 0 0 0 0 0 0 0 0  
90000 92000 5 5 9 9 4 6748 6748 14 14 12 409 409 0 0 5 2 274 16 118 138 0 0 0 0 0 0 0 0 0 0.0 1.0
92000 94000 12 12 12 12 12 0 0 12 12 12 0 0 0 0 0 0 24 20 22 1 8000 8000 8000 0 128 128 128 0 2 2.0 1.0
94000 96000 3 3 2 2 2 25 25 4 4 3 22 22 0 0 0 0 203 17 79 107 8000 8000 8000 0 128 128 128 0 1 1.0 1.0
96000 98000 7 7 6 6 5 44 44 8 8 7 39 39 0 0 1 1 252 27 66 83 8000 8000 8000 0 128 128 128 0 1 1.0 1.0
98000 100000 1 1 1 1 1 0 0 1 1 1 0 0 0 0 0 0 35 35 35 0 8000 8000 8000 0 128 128 128 0 1 1.0 1.0
100000 102000 2 2 7 7 2 5073 5073 10 10 7 428 428 0 0 4 2 252 161 206 64 0 0 0 0 0 0 0 0 0 0.0 1.0
102000 104000 0 0 0 0 0 0 0 0 0 0 0 0 0 0 0 0 0 0 0 0 0 0 0 0 0 0 0 0 0  
104000 106000 1 1 1 1 1 0 0 1 1 1 0 0 0 0 0 0 17 17 17 0 0 0 0 0 0 0 0 0 0 0.0 1.0
106000 108000 0 0 0 0 0 0 0 0 0 0 0 0 0 0 0 0 0 0 0 0 0 0 0 0 0 0 0 0 0  
108000 110000 0 0 0 0 0 0 0 0 0 0 0 0 0 0 0 0 0 0 0 0 0 0 0 0 0 0 0 0 0  
110000 112000 2 2 5 5 1 4383 4383 8 8 6 378 378 0 0 3 1 262 19 141 171 8000 8000 8000 0 128 128 128 0 2 2.0 1.0
112000 114000 7 6 9 9 2 0 0 10 10 5 0 0 2 0 0 0 929 0 147 345 8000 8000 8000 0 128 128 128 0 1 1.0 1.0
114000 116000 6 6 5 5 1 0 0 9 9 5 0 0 0 0 0 0 35 0 22 12 8000 8000 8000 0 128 128 128 0 1 1.0 1.0
116000 118000 5 5 5 5 0 0 0 10 10 5 0 0 0 0 0 0 35 18 23 6 0 0 0 0 0 0 0 0 0 0.0 1.0
118000 120000 1 1 0 0 0 0 0 0 0 0 0 0 0 0 0 0 0 0 0 0 8000 8000 8000 0 128 128 128 0 2 2.0 1.0
120000 122000 6 6 8 8 1 5748 5748 16 16 11 409 409 0 0 4 2 264 0 101 122 8000 8000 8000 0 128 128 128 0 1 1.0 1.0
122000 124000 8 7 79 77 53 9924 9924 135 135 25 173039 173039 3 0 16 103 659 22 288 292 8000 8000 8000 0 128 128 128 0 1 1.0 1.0
124000 126000 8 7 52 51 12 43578 38399 70 70 50 14586 14586 4 0 37 17 963 0 352 360 8000 8000 8000 0 128 128 128 0 1 1.0 1.0
126000 128000 11 8 92 91 9 106228 89200 115 115 98 7741 7741 15 0 77 15 914 0 364 340 8000 8000 8000 0 128 128 128 0 1 1.0 1.0
128000 130000 4 3 9 9 2 6946 5193 15 15 11 4365 4365 2 0 6 3 336 0 169 188 8000 8000 8000 0 128 128 128 0 1 1.0 1.0
130000 132000 5 4 18 17 6 17635 17635 26 26 19 5471 5471 0 0 11 6 328 0 176 162 8000 8000 8000 0 128 128 128 0 1 1.0 1.0
132000 134000 1 1 0 0 0 0 0 0 0 0 0 0 0 0 0 0 0 0 0 0 8000 8000 8000 0 128 128 128 0 1 1.0 1.0
134000 136000 1 1 0 0 0 0 0 0 0 0 0 0 0 0 0 0 0 0 0 0 0 0 0 0 0 0 0 0 0 0.0 1.0
136000 138000 1 1 3 3 2 0 0 3 3 1 77 77 0 0 0 1 29 29 29 0 8000 8000 8000 0 128 128 128 0 1 1.0 1.0
138000 140000 1 1 3 3 2 0 0 4 4 1 77 77 0 0 0 2 229 229 229 0 8000 8000 8000 0 128 128 128 0 3 3.0 1.0
140000 142000 1 1 4 4 1 6001 6001 7 7 6 422 422 0 0 3 1 280 280 280 0 8000 8000 8000 0 128 128 128 0 1 1.0 1.0
142000 144000 0 0 0 0 0 0 0 0 0 0 0 0 0 0 0 0 0 0 0 0 0 0 0 0 0 0 0 0 0  
144000 146000 0 0 0 0 0 0 0 0 0 0 0 0 0 0 0 0 0 0 0 0 0 0 0 0 0 0 0 0 0  
146000 148000 0 0 0 0 0 0 0 0 0 0 0 0 0 0 0 0 0 0 0 0 0 0 0 0 0 0 0 0 0  
148000 150000 0 0 0 0 0 0 0 0 0 0 0 0 0 0 0 0 0 0 0 0 0 0 0 0 0 0 0 0 0  
150000 152000 2 2 6 6 1 6423 5092 10 10 8 453 453 1 0 5 2 574 268 421 216 8000 8000 8000 0 128 128 128 0 1 1.0 1.0
152000 154000 0 0 0 0 0 0 0 0 0 0 0 0 0 0 0 0 0 0 0 0 0 0 0 0 0 0 0 0 0  
154000 156000 1 1 0 0 0 16 16 1 1 0 14 14 0 0 0 0 122 122 122 0 8000 8000 8000 0 128 128 128 0 1 1.0 1.0
156000 158000 2 2 1 1 0 53 53 4 4 3 47 47 0 0 1 1 272 133 202 98 8000 8000 8000 0 128 128 128 0 1 1.0 1.0
158000 160000 0 0 0 0 0 0 0 0 0 0 0 0 0 0 0 0 0 0 0 0 0 0 0 0 0 0 0 0 0  
160000 162000 2 2 5 5 1 4424 4424 9 9 7 453 453 0 0 4 2 279 274 276 3 8000 8000 8000 0 128 128 128 0 2 2.0 1.0
162000 164000 0 0 0 0 0 0 0 0 0 0 0 0 0 0 0 0 0 0 0 0 0 0 0 0 0 0 0 0 0  
164000 166000 0 0 0 0 0 0 0 0 0 0 0 0 0 0 0 0 0 0 0 0 0 0 0 0 0 0 0 0 0  
166000 168000 2 2 4 4 2 3255 3255 6 6 5 525 525 0 0 2 1 280 17 149 186 8000 8000 8000 0 128 128 128 0 2 2.0 1.0
168000 170000 1 1 1 1 1 0 0 1 1 1 0 0 0 0 0 0 27 27 27 0 0 0 0 0 0 0 0 0 0 0.0 1.0
170000 172000 1 1 4 4 1 5403 5403 7 7 6 422 422 0 0 3 1 288 288 288 0 8000 8000 8000 0 128 128 128 0 2 2.0 1.0
172000 174000 2 2 2 2 2 0 0 2 2 2 0 0 0 0 0 0 27 19 23 5 8000 8000 8000 0 128 128 128 0 1 1.0 1.0
174000 176000 1 1 1 1 1 0 0 1 1 1 0 0 0 0 0 0 20 20 20 0 8000 8000 8000 0 128 128 128 0 1 1.0 1.0
176000 178000 0 0 0 0 0 0 0 0 0 0 0 0 0 0 0 0 0 0 0 0 0 0 0 0 0 0 0 0 0  
178000 180000 0 0 0 0 0 0 0 0 0 0 0 0 0 0 0 0 0 0 0 0 0 0 0 0 0 0 0 0 0  
180000 182000 2 2 5 5 1 5751 5751 10 10 8 453 453 0 0 4 2 271 255 263 10 8000 8000 8000 0 128 128 128 0 1 1.0 1.0
182000 184000 0 0 0 0 0 0 0 0 0 0 0 0 0 0 0 0 0 0 0 0 0 0 0 0 0 0 0 0 0  
184000 186000 2 2 33 33 0 47363 43119 38 38 36 121 121 3 0 33 2 432 83 257 246 8000 8000 8000 0 128 128 128 0 2 2.0 1.0
186000 188000 5 4 58 58 3 73234 63599 73 73 64 520 520 6 0 54 9 557 5 306 239 0 0 0 0 0 0 0 0 0 0.0 1.0
188000 190000 2 2 16 15 5 7793 7793 23 23 15 9982 9982 0 0 9 6 418 403 411 10 8000 8000 8000 0 128 128 128 0 1 1.0 1.0
190000 192000 5 5 16 16 5 13402 13402 27 27 21 5337 5337 0 0 11 6 340 266 286 31 8000 8000 8000 0 128 128 128 0 2 2.0 1.0
192000 194000 0 0 0 0 0 0 0 0 0 0 0 0 0 0 0 0 0 0 0 0 0 0 0 0 0 0 0 0 0  
194000 196000 0 0 0 0 0 0 0 0 0 0 0 0 0 0 0 0 0 0 0 0 0 0 0 0 0 0 0 0 0  
196000 198000 0 0 0 0 0 0 0 0 0 0 0 0 0 0 0 0 0 0 0 0 0 0 0 0 0 0 0 0 0  
198000 200000 0 0 0 0 0 0 0 0 0 0 0 0 0 0 0 0 0 0 0 0 0 0 0 0 0 0 0 0 0  
200000 202000 2 2 7 7 3 5997 5997 10 10 7 455 455 0 0 3 2 281 23 152 182 0 0 0 0 0 0 0 0 0 0.0 1.0
202000 204000 0 0 0 0 0 0 0 0 0 0 0 0 0 0 0 0 0 0 0 0 0 0 0 0 0 0 0 0 0  
204000 206000 0 0 0 0 0 0 0 0 0 0 0 0 0 0 0 0 0 0 0 0 0 0 0 0 0 0 0 0 0  
206000 208000 1 1 3 3 1 3255 3255 5 5 4 525 525 0 0 2 1 270 270 270 0 0 0 0 0 0 0 0 0 0 0.0 1.0
208000 210000 2 2 12 11 3 5995 5273 17 17 12 6485 6485 0 0 8 4 336 284 310 36 8000 8000 8000 0 128 128 128 0 2 2.0 1.0
210000 212000 4 4 15 15 4 11899 10779 25 25 18 4304 4304 1 0 10 6 441 263 314 84 8000 8000 8000 0 128 128 128 0 1 1.0 1.0
212000 214000 0 0 0 0 0 0 0 0 0 0 0 0 0 0 0 0 0 0 0 0 0 0 0 0 0 0 0 0 0  
214000 216000 3 3 2 2 2 5 5 2 2 2 5 5 0 0 0 0 45 19 28 15 8000 8000 8000 0 128 128 128 0 1 1.0 1.0
216000 218000 2 2 1 1 0 62 62 5 5 3 55 55 0 0 1 1 253 227 240 18 8000 8000 8000 0 128 128 128 0 1 1.0 1.0
218000 220000 1 1 0 0 0 1 1 0 0 0 1 1 0 0 0 0 11 11 11 0 8000 8000 8000 0 128 128 128 0 1 1.0 1.0
220000 222000 3 3 7 7 2 5350 5350 13 13 9 530 530 0 0 4 3 263 34 183 129 8000 8000 8000 0 128 128 128 0 1 1.0 1.0
222000 224000 0 0 0 0 0 0 0 0 0 0 0 0 0 0 0 0 0 0 0 0 0 0 0 0 0 0 0 0 0  
224000 226000 0 0 0 0 0 0 0 0 0 0 0 0 0 0 0 0 0 0 0 0 0 0 0 0 0 0 0 0 0  
226000 228000 0 0 0 0 0 0 0 0 0 0 0 0 0 0 0 0 0 0 0 0 0 0 0 0 0 0 0 0 0  
228000 230000 0 0 0 0 0 0 0 0 0 0 0 0 0 0 0 0 0 0 0 0 0 0 0 0 0 0 0 0 0  
230000 232000 1 1 4 4 1 5051 5051 6 6 5 422 422 0 0 3 1 281 281 281 0 8000 8000 8000 0 128 128 128 0 2 2.0 1.0
232000 234000 1 1 1 1 1 0 0 1 1 1 0 0 0 0 0 0 16 16 16 0 0 0 0 0 0 0 0 0 0 0.0 1.0
234000 236000 1 1 0 0 0 0 0 0 0 0 0 0 0 0 0 0 10 10 10 0 0 0 0 0 0 0 0 0 0 0.0 1.0
236000 238000 4 4 19 18 7 7862 7862 30 30 17 10054 10054 0 0 10 10 431 14 197 213 8000 8000 8000 0 128 128 128 0 2 2.0 1.0
238000 240000 0 0 0 0 0 0 0 0 0 0 0 0 0 0 0 0 0 0 0 0 0 0 0 0 0 0 0 0 0  
240000 242000 3 3 8 8 2 8483 8483 15 15 12 770 770 0 0 6 3 272 251 265 11 0 0 0 0 0 0 0 0 0 0.0 1.0
242000 244000 7 7 101 89 51 23310 18922 180 180 42 193043 193043 8 0 33 131 535 129 265 171 8000 8000 8000 0 128 128 128 0 1 1.0 1.0
244000 246000 2 2 10 10 0 14894 12311 11 11 10 62 62 1 0 9 1 436 18 227 295 8000 8000 8000 0 128 128 128 0 1 1.0 1.0
246000 248000 9 7 88 87 12 101043 84544 107 107 88 7620 7620 11 0 73 16 991 9 346 294 0 0 0 0 0 0 0 0 0 0.0 1.0
248000 250000 5 4 35 34 9 30701 23460 54 54 41 10188 10188 5 0 25 11 557 57 349 183 8000 8000 8000 0 128 128 128 0 2 2.0 1.0
250000 252000 3 3 12 12 3 15128 15128 20 20 16 853 853 0 0 9 4 271 251 264 10 8000 8000 8000 0 128 128 128 0 1 1.0 1.0
252000 254000 0 0 0 0 0 0 0 0 0 0 0 0 0 0 0 0 0 0 0 0 0 0 0 0 0 0 0 0 0  
254000 256000 2 2 5 5 1 3280 3280 8 8 6 2990 2990 0 0 3 1 235 155 195 57 8000 8000 8000 0 128 128 128 0 1 1.0 1.0
256000 258000 3 3 5 5 2 2097 2097 8 8 5 1592 1592 0 0 2 2 173 57 114 58 8000 8000 8000 0 128 128 128 0 2 2.0 1.0
258000 260000 0 0 0 0 0 0 0 0 0 0 0 0 0 0 0 0 0 0 0 0 0 0 0 0 0 0 0 0 0  
260000 262000 1 1 4 4 1 5998 5998 7 7 6 422 422 0 0 3 1 253 253 253 0 8000 8000 8000 0 128 128 128 0 1 1.0 1.0
262000 264000 0 0 0 0 0 0 0 0 0 0 0 0 0 0 0 0 0 0 0 0 0 0 0 0 0 0 0 0 0  
264000 266000 1 1 2 2 1 0 0 3 3 1 77 77 0 0 0 1 23 23 23 0 8000 8000 8000 0 128 128 128 0 1 1.0 1.0
266000 268000 0 0 0 0 0 0 0 0 0 0 0 0 0 0 0 0 0 0 0 0 0 0 0 0 0 0 0 0 0  
268000 270000 0 0 0 0 0 0 0 0 0 0 0 0 0 0 0 0 0 0 0 0 0 0 0 0 0 0 0 0 0  
270000 272000 3 3 8 8 2 7842 7842 14 14 11 770 770 0 0 6 3 288 267 278 10 8000 8000 8000 0 128 128 128 0 1 1.0 1.0
272000 274000 0 0 0 0 0 0 0 0 0 0 0 0 0 0 0 0 0 0 0 0 0 0 0 0 0 0 0 0 0  
274000 276000 0 0 0 0 0 0 0 0 0 0 0 0 0 0 0 0 0 0 0 0 0 0 0 0 0 0 0 0 0  
276000 278000 2 2 1 1 0 59 59 5 5 3 53 53 0 0 1 1 254 183 219 50 8000 8000 8000 0 128 128 128 0 1 1.0 1.0
278000 280000 1 1 0 0 0 10 10 0 0 0 8 8 0 0 0 0 73 73 73 0 8000 8000 8000 0 128 128 128 0 1 1.0 1.0
280000 282000 2 2 5 5 1 5345 5345 10 10 8 409 409 0 0 4 2 261 259 260 1 8000 8000 8000 0 128 128 128 0 1 1.0 1.0
282000 284000 0 0 0 0 0 0 0 0 0 0 0 0 0 0 0 0 0 0 0 0 0 0 0 0 0 0 0 0 0  
284000 286000 0 0 0 0 0 0 0 0 0 0 0 0 0 0 0 0 0 0 0 0 0 0 0 0 0 0 0 0 0  
286000 288000 1 1 3 3 1 3255 3255 5 5 4 525 525 0 0 2 1 401 401 401 0 8000 8000 8000 0 128 128 128 0 1 1.0 1.0
288000 290000 2 2 2 2 2 0 0 2 2 2 0 0 0 0 0 0 19 17 18 1 8000 8000 8000 0 128 128 128 0 1 1.0 1.0
290000 292000 1 1 4 4 1 6066 6066 7 7 6 378 378 0 0 3 1 276 276 276 0 8000 8000 8000 0 128 128 128 0 1 1.0 1.0
292000 294000 0 0 0 0 0 0 0 0 0 0 0 0 0 0 0 0 0 0 0 0 0 0 0 0 0 0 0 0 0  
294000 296000 1 1 1 1 1 0 0 1 1 1 0 0 0 0 0 0 16 16 16 0 8000 8000 8000 0 128 128 128 0 1 1.0 1.0
296000 298000 0 0 0 0 0 0 0 0 0 0 0 0 0 0 0 0 0 0 0 0 0 0 0 0 0 0 0 0 0  
298000 300000 0 0 0 0 0 0 0 0 0 0 0 0 0 0 0 0 0 0 0 0 0 0 0 0 0 0 0 0 0  
300000 302000 0 0 0 0 0 0 0 0 0 0 0 0 0 0 0 0 0 0 0 0 0 0 0 0 0 0 0 0 0  
