ts te nbins ncons c_pkts_all c_ack_cnt c_ack_cnt_p c_bytes_all c_bytes_uniq s_pkts_all s_ack_cnt s_ack_cnt_p s_bytes_all s_bytes_uniq c_pkts_retx s_pkts_retx c_pkts_data s_pkts_data max_bin min_bin avg_bin std_bin max_vid min_vid avg_vid std_vid max_aud min_aud avg_aud std_aud num_vid num_aud num_mfs
0 2000 29 27 245 242 116 75934 75934 350 350 138 239701 239701 0 0 124 208 999 13 255 253 0 0 0 0 0 0 0 0 0 0.0 0.0
2000 4000 7 5 18 18 5 4090 4090 26 26 12 4779 4779 0 0 12 13 223 52 164 66 0 0 0 0 0 0 0 0 0 0.0 0.0
4000 6000 10 9 50 48 23 13479 13479 57 57 26 23782 23782 0 0 24 28 814 51 222 257 0 0 0 0 0 0 0 0 0 0.0 0.0
6000 8000 15 11 2542 2536 2467 42991 41401 7120 7120 69 10573403 10569714 2 7 68 7043 999 25 508 336 2300 2300 2300 0 128 128 128 0 2 2.0 1.0
8000 10000 14 13 67 63 28 17921 17921 73 73 39 21436 21436 0 0 33 28 879 43 227 262 2300 2300 2300 0 128 128 128 0 3 2.0 1.0
10000 12000 13 11 107 104 34 90554 90554 131 131 82 38132 38132 0 0 70 46 872 23 257 289 4400 2300 3000 1084 128 128 128 0 6 6.0 1.0
12000 14000 3 2 11 11 3 6445 6445 11 11 6 2381 2381 0 0 7 4 776 32 424 373 0 0 0 0 0 0 0 0 0 0.0 1.0
14000 16000 4 2 14 14 5 7586 7170 14 14 8 3109 3109 0 0 9 6 752 28 314 309 8000 8000 8000 0 128 128 128 0 3 2.0 1.0
16000 18000 2 1 10 10 2 5679 4506 9 9 6 1462 1462 1 0 7 2 485 246 365 168 8000 8000 8000 0 128 128 128 0 1 1.0 1.0
18000 20000 4 4 16 16 5 8288 8288 22 22 13 5399 5399 0 0 10 8 455 93 251 174 8000 8000 8000 0 128 128 128 0 1 1.0 1.0
20000 22000 4 4 15 15 4 17727 17727 18 18 14 1746 1746 0 0 11 4 477 153 269 147 8000 8000 8000 0 128 128 128 0 1 1.0 1.0
22000 24000 1 1 6 6 2 3053 3053 6 6 4 990 990 0 0 4 2 462 462 462 0 8000 8000 8000 0 128 128 128 0 1 1.0 1.0
24000 26000 2 2 6 6 2 3052 3052 6 6 4 990 990 0 0 4 2 459 5 232 321 8000 8000 8000 0 128 128 128 0 1 1.0 1.0
26000 28000 3 2 10 10 3 5462 4668 10 10 7 1514 1514 1 0 7 3 570 19 283 275 8000 8000 8000 0 128 128 128 0 2 2.0 1.0
28000 30000 5 4 29 28 12 13153 12834 37 37 20 11090 11090 1 0 15 15 281 28 179 94 8000 8000 8000 0 128 128 128 0 1 1.0 1.0
30000 32000 6 5 68 68 5 140599 140599 102 102 95 2432 2432 0 0 62 6 457 20 219 163 8000 8000 8000 0 128 128 128 0 1 1.0 1.0
32000 34000 1 1 7 7 2 3849 3054 7 7 5 990 990 1 0 5 2 494 494 494 0 8000 8000 8000 0 128 128 128 0 1 1.0 1.0
34000 36000 1 1 6 6 2 3051 3051 6 6 4 990 990 0 0 4 2 468 468 468 0 8000 8000 8000 0 128 128 128 0 1 1.0 1.0
36000 38000 12 12 19 19 12 4793 3997 20 20 16 2081 2081 1 0 7 4 493 20 65 134 8000 8000 8000 0 128 128 128 0 1 1.0 1.0
38000 40000 6 4 23 23 8 12646 12646 32 32 18 8804 8804 0 0 14 13 976 26 306 374 8000 8000 8000 0 128 128 128 0 1 1.0 1.0
40000 42000 5 5 15 15 6 10057 9008 17 17 12 1399 1399 1 0 8 4 559 22 169 224 8000 8000 8000 0 128 128 128 0 1 1.0 1.0
42000 44000 1 1 6 6 2 3055 3055 6 6 4 990 990 0 0 4 2 472 472 472 0 8000 8000 8000 0 128 128 128 0 1 1.0 1.0
44000 46000 10 10 15 15 11 3052 3052 15 15 13 990 990 0 0 4 2 523 17 74 157 8000 8000 8000 0 128 128 128 0 1 1.0 1.0
46000 48000 12 12 16 16 12 2894 2894 16 16 14 939 939 0 0 3 1 421 15 61 114 8000 8000 8000 0 128 128 128 0 1 1.0 1.0
48000 50000 9 8 26 26 9 14665 14161 33 33 21 5686 5686 0 0 13 8 494 16 115 158 8000 8000 8000 0 128 128 128 0 1 1.0 1.0
50000 52000 14 12 30 30 14 11623 10940 31 31 21 2216 2216 0 0 10 4 287 16 95 108 8000 8000 8000 0 128 128 128 0 2 2.0 1.0
52000 54000 6 5 10 10 5 3426 3021 10 10 8 979 979 0 0 4 1 238 15 93 110 8000 8000 8000 0 128 128 128 0 1 1.0 1.0
54000 56000 11 10 15 15 11 3086 3086 15 15 13 1242 1000 0 0 4 2 258 15 60 97 8000 8000 8000 0 128 128 128 0 1 1.0 1.0
56000 58000 3 2 7 7 3 3294 2935 7 7 5 1204 951 0 0 4 2 268 17 165 131 8000 8000 8000 0 128 128 128 0 1 1.0 1.0
58000 60000 11 10 37 36 15 13972 13535 46 45 24 11305 11305 0 0 15 14 362 17 109 118 8000 8000 8000 0 128 128 128 0 1 1.0 1.0
60000 62000 8 7 22 21 7 12425 12425 26 26 13 2147 2147 0 0 10 10 511 2 122 168 8000 8000 8000 0 128 128 128 0 1 1.0 1.0
62000 64000 1 1 7 7 2 3848 3053 7 7 5 990 990 1 0 5 2 475 475 475 0 8000 8000 8000 0 128 128 128 0 1 1.0 1.0
64000 66000 2 2 8 7 2 3052 3052 8 8 4 1067 1067 0 0 4 4 457 0 229 322 8000 8000 8000 0 128 128 128 0 1 1.0 1.0
66000 68000 4 3 73 72 10 131747 131747 115 115 96 6863 6863 0 0 62 18 978 17 331 448 8000 8000 8000 0 128 128 128 0 1 1.0 1.0
68000 70000 5 5 19 19 6 9146 8351 26 26 16 5448 5448 1 0 12 9 461 16 204 179 8000 8000 8000 0 128 128 128 0 1 1.0 1.0
70000 72000 6 6 20 20 6 12643 11849 22 22 15 1777 1777 1 0 12 5 473 16 140 175 8000 8000 8000 0 128 128 128 0 1 1.0 1.0
72000 74000 1 1 6 6 2 3052 3052 6 6 4 990 990 0 0 4 2 448 448 448 0 8000 8000 8000 0 128 128 128 0 1 1.0 1.0
74000 76000 1 1 6 6 2 3052 3052 6 6 4 990 990 0 0 4 2 504 504 504 0 8000 8000 8000 0 128 128 128 0 1 1.0 1.0
76000 78000 2 2 7 7 3 3051 3051 7 7 5 990 990 0 0 4 2 537 25 281 362 8000 8000 8000 0 128 128 128 0 1 1.0 1.0
78000 80000 2 2 9 9 3 3841 3048 10 10 6 1067 1067 1 0 5 3 506 21 264 343 8000 8000 8000 0 128 128 128 0 1 1.0 1.0
80000 82000 3 2 13 13 5 10154 10154 15 15 10 2358 1863 0 1 8 5 985 151 462 456 8000 8000 8000 0 128 128 128 0 1 1.0 1.0
82000 84000 1 1 7 7 2 3848 3052 7 7 5 990 990 1 0 5 2 477 477 477 0 8000 8000 8000 0 128 128 128 0 1 1.0 1.0
84000 86000 2 2 7 7 3 3052 3052 7 7 5 990 990 0 0 4 2 483 14 249 331 8000 8000 8000 0 128 128 128 0 1 1.0 1.0
86000 88000 1 1 6 6 2 3052 3052 6 6 4 990 990 0 0 4 2 525 525 525 0 8000 8000 8000 0 128 128 128 0 1 1.0 1.0
88000 90000 2 2 9 9 3 6364 6364 10 10 7 1520 1520 0 0 6 3 468 210 339 182 8000 8000 8000 0 128 128 128 0 1 1.0 1.0
90000 92000 12 12 21 21 12 9782 8988 23 23 19 1399 1399 1 0 9 4 513 24 167 114 8000 8000 8000 0 128 128 128 0 1 1.0 1.0
92000 94000 4 4 9 9 5 3053 3053 9 9 7 990 990 0 0 4 2 565 72 197 245 8000 8000 8000 0 128 128 128 0 1 1.0 1.0
94000 96000 5 5 10 10 5 3671 3128 9 9 8 676 676 0 0 4 1 572 59 163 228 8000 8000 8000 0 128 128 128 0 1 1.0 1.0
96000 98000 5 4 9 9 4 3264 3011 10 10 6 1334 1334 0 0 5 3 265 19 120 131 8000 8000 8000 0 128 128 128 0 1 1.0 1.0
98000 100000 7 6 15 15 7 5509 4715 16 16 12 1549 1549 1 0 8 4 513 18 150 183 8000 8000 8000 0 128 128 128 0 2 2.0 1.0
100000 102000 9 8 16 16 8 9424 9424 18 18 14 1438 1438 0 0 8 4 283 16 162 74 8000 8000 8000 0 128 128 128 0 1 1.0 1.0
102000 104000 2 1 4 4 1 2326 2326 4 4 3 754 754 0 0 3 1 210 155 183 39 8000 8000 8000 0 128 128 128 0 1 1.0 1.0
104000 106000 3 2 6 6 2 2881 2881 6 6 4 934 934 0 0 3 1 306 63 168 125 8000 8000 8000 0 128 128 128 0 1 1.0 1.0
106000 108000 2 1 10 10 3 5250 5250 9 9 5 1703 1703 0 0 6 3 494 350 422 101 8000 8000 8000 0 128 128 128 0 1 1.0 1.0
108000 110000 1 1 7 7 2 3848 3053 7 7 5 990 990 1 0 5 2 464 464 464 0 8000 8000 8000 0 128 128 128 0 1 1.0 1.0
110000 112000 3 3 22 21 8 13378 13378 31 31 18 10372 10372 0 0 13 12 176 122 148 26 0 0 0 0 0 0 0 0 0 0.0 1.0
112000 114000 2 2 7 7 3 3053 3053 7 7 5 990 990 0 0 4 2 475 24 250 319 8000 8000 8000 0 128 128 128 0 1 1.0 1.0
114000 116000 1 1 6 6 2 3055 3055 6 6 4 990 990 0 0 4 2 581 581 581 0 8000 8000 8000 0 128 128 128 0 1 1.0 1.0
116000 118000 2 2 8 8 3 3843 3049 8 8 6 990 990 1 0 5 2 504 15 260 345 8000 8000 8000 0 128 128 128 0 1 1.0 1.0
118000 120000 1 1 7 7 2 3845 3051 7 7 5 990 990 1 0 5 2 555 555 555 0 8000 8000 8000 0 128 128 128 0 1 1.0 1.0
120000 122000 7 6 93 93 60 13506 13506 141 141 30 158795 158614 0 0 31 109 685 25 234 236 8000 8000 8000 0 128 128 128 0 2 2.0 1.0
122000 124000 6 4 23 23 12 6089 6089 30 30 12 20718 20404 0 0 11 18 986 16 297 397 8000 8000 8000 0 128 128 128 0 1 1.0 1.0
124000 126000 2 1 7 7 2 4012 4012 8 8 5 1611 1611 0 0 5 3 471 170 321 212 8000 8000 8000 0 128 128 128 0 1 1.0 1.0
126000 128000 4 4 67 66 11 114728 114728 93 93 71 7520 7520 0 0 55 21 936 16 354 405 8000 8000 8000 0 128 128 128 0 1 1.0 1.0
128000 130000 5 5 38 37 14 20329 19533 52 52 30 15972 15972 1 0 23 21 700 17 417 306 8000 8000 8000 0 128 128 128 0 1 1.0 1.0
130000 132000 5 5 19 19 5 19625 19625 24 24 19 1777 1777 0 0 14 5 486 16 190 196 8000 8000 8000 0 128 128 128 0 1 1.0 1.0
132000 134000 1 1 6 6 2 3051 3051 6 6 4 990 990 0 0 4 2 448 448 448 0 8000 8000 8000 0 128 128 128 0 1 1.0 1.0
134000 136000 1 1 7 7 2 3850 3054 8 8 5 1485 990 1 1 5 3 567 567 567 0 8000 8000 8000 0 128 128 128 0 1 1.0 1.0
136000 138000 10 10 16 16 11 3053 3053 17 17 12 1562 1067 0 1 4 5 666 0 80 206 8000 8000 8000 0 128 128 128 0 1 1.0 1.0
138000 140000 3 3 10 10 5 3053 3053 10 10 6 1067 1067 0 0 4 3 525 21 191 288 8000 8000 8000 0 128 128 128 0 1 1.0 1.0
140000 142000 6 6 16 16 8 10369 9236 17 17 13 1863 1368 1 1 8 4 645 20 175 259 8000 8000 8000 0 128 128 128 0 1 1.0 1.0
142000 144000 4 3 11 11 5 4632 4632 11 11 8 1502 1502 0 0 6 3 500 27 206 227 8000 8000 8000 0 128 128 128 0 2 2.0 1.0
144000 146000 5 5 6 6 4 1470 1470 6 6 5 477 477 0 0 1 0 250 17 65 103 0 0 0 0 0 0 0 0 0 0.0 1.0
146000 148000 7 6 15 15 8 5559 4765 15 15 12 1546 1546 1 0 7 3 479 17 118 183 8000 8000 8000 0 128 128 128 0 2 2.0 1.0
148000 150000 1 1 2 2 0 1337 1337 2 2 1 433 433 0 0 1 0 202 202 202 0 0 0 0 0 0 0 0 0 0 0.0 1.0
150000 152000 5 5 15 15 5 11029 11029 18 18 13 1686 1686 0 0 10 5 463 15 159 182 8000 8000 8000 0 128 128 128 0 1 1.0 1.0
152000 154000 1 1 2 2 0 1086 1086 2 2 1 352 352 0 0 1 0 204 204 204 0 8000 8000 8000 0 128 128 128 0 1 1.0 1.0
154000 156000 2 1 6 6 1 3344 3143 6 6 4 1012 1012 0 0 4 2 370 192 281 125 8000 8000 8000 0 128 128 128 0 2 1.0 1.0
156000 158000 3 2 10 10 2 5760 5166 12 12 8 1675 1675 0 0 8 4 570 80 316 245 8000 8000 8000 0 128 128 128 0 1 2.0 1.0
158000 160000 3 2 6 6 2 3029 3029 7 7 4 1033 1033 0 0 4 3 276 26 185 138 8000 8000 8000 0 128 128 128 0 1 1.0 1.0
160000 162000 4 3 18 18 4 13108 12314 20 20 14 2337 2337 1 0 13 5 480 14 310 219 8000 8000 8000 0 128 128 128 0 1 1.0 1.0
162000 164000 1 1 6 6 2 3052 3052 6 6 4 990 990 0 0 4 2 458 458 458 0 8000 8000 8000 0 128 128 128 0 1 1.0 1.0
164000 166000 1 1 1 1 0 885 702 1 1 1 227 227 0 0 1 0 101 101 101 0 8000 8000 8000 0 128 128 128 0 1 1.0 1.0
166000 168000 5 4 15 15 6 6808 5401 15 15 11 1752 1752 1 0 8 3 501 163 266 151 8000 8000 8000 0 128 128 128 0 1 1.0 1.0
168000 170000 3 3 11 11 5 6369 6369 12 12 8 2015 1520 0 1 6 4 610 16 274 304 8000 8000 8000 0 128 128 128 0 1 1.0 1.0
170000 172000 3 3 12 12 4 9776 8981 14 14 11 1368 1368 1 0 8 3 557 17 240 282 8000 8000 8000 0 128 128 128 0 1 1.0 1.0
172000 174000 1 1 6 6 2 3053 3053 6 6 4 990 990 0 0 4 2 448 448 448 0 8000 8000 8000 0 128 128 128 0 1 1.0 1.0
174000 176000 3 3 9 9 4 3847 3051 8 8 6 990 990 1 0 5 2 488 15 173 272 8000 8000 8000 0 128 128 128 0 1 1.0 1.0
176000 178000 1 1 6 6 2 3055 3055 6 6 4 990 990 0 0 4 2 467 467 467 0 8000 8000 8000 0 128 128 128 0 1 1.0 1.0
178000 180000 1 1 5 5 1 3059 2707 5 5 3 658 658 0 0 3 1 432 432 432 0 8000 8000 8000 0 128 128 128 0 1 1.0 1.0
180000 182000 4 3 12 12 3 9776 9333 13 13 9 1730 1730 0 0 9 4 542 16 194 242 8000 8000 8000 0 128 128 128 0 1 1.0 1.0
182000 184000 10 10 15 15 11 3053 3053 15 15 13 990 990 0 0 4 2 464 25 69 138 8000 8000 8000 0 128 128 128 0 1 1.0 1.0
184000 186000 5 5 11 11 6 3845 3051 10 10 8 990 990 1 0 5 2 497 25 119 211 8000 8000 8000 0 128 128 128 0 1 1.0 1.0
186000 188000 5 5 56 56 6 110457 110457 90 90 77 2037 2037 0 0 50 13 684 25 191 285 8000 8000 8000 0 128 128 128 0 1 1.0 1.0
188000 190000 8 8 38 37 17 16123 16123 50 50 30 15446 15446 0 0 20 19 875 15 278 380 8000 8000 8000 0 128 128 128 0 1 1.0 1.0
190000 192000 4 4 11 11 3 9838 9838 14 14 10 1308 1308 0 0 8 4 230 22 142 87 8000 8000 8000 0 128 128 128 0 1 1.0 1.0
192000 194000 7 6 13 13 7 4468 3843 13 13 10 1246 1246 0 0 5 2 378 15 95 143 8000 8000 8000 0 128 128 128 0 1 1.0 1.0
194000 196000 3 2 9 9 3 4658 3698 8 8 5 1201 1201 1 0 6 2 485 21 203 247 8000 8000 8000 0 128 128 128 0 1 1.0 1.0
196000 198000 2 2 7 7 2 3844 3050 7 7 5 990 990 1 0 5 2 537 3 270 377 8000 8000 8000 0 128 128 128 0 1 1.0 1.0
198000 200000 2 2 9 8 3 3050 3050 8 8 4 1067 1067 0 0 4 4 472 1 236 333 8000 8000 8000 0 128 128 128 0 1 1.0 1.0
200000 202000 3 2 12 12 4 10178 10178 13 13 9 1863 1863 0 0 8 4 914 40 373 473 8000 8000 8000 0 128 128 128 0 1 1.0 1.0
202000 204000 1 1 6 6 2 3053 3053 6 6 4 990 990 0 0 4 2 500 500 500 0 8000 8000 8000 0 128 128 128 0 1 1.0 1.0
204000 206000 2 1 9 9 2 5090 4295 9 9 6 1393 1393 1 0 6 2 464 288 376 124 8000 8000 8000 0 128 128 128 0 2 1.0 1.0
206000 208000 2 1 9 9 3 4860 4860 9 9 6 1576 1576 0 0 6 3 527 418 473 77 8000 8000 8000 0 128 128 128 0 1 2.0 1.0
208000 210000 4 4 29 28 11 15171 13744 37 37 22 12719 11331 2 1 17 14 495 182 316 147 8000 8000 8000 0 128 128 128 0 1 1.0 1.0
210000 212000 5 4 18 18 4 13742 12948 21 21 15 1871 1871 1 0 13 5 515 17 193 191 8000 8000 8000 0 128 128 128 0 1 1.0 1.0
212000 214000 4 4 9 9 5 3052 3052 9 9 7 990 990 0 0 4 2 484 16 133 233 8000 8000 8000 0 128 128 128 0 1 1.0 1.0
214000 216000 2 2 8 8 3 3845 3051 8 8 6 990 990 1 0 5 2 485 24 254 325 8000 8000 8000 0 128 128 128 0 1 1.0 1.0
216000 218000 2 2 7 7 2 3083 3083 8 8 5 1021 1021 0 0 5 3 443 28 236 293 8000 8000 8000 0 128 128 128 0 1 1.0 1.0
218000 220000 3 3 8 8 3 2336 2336 10 10 5 854 854 0 0 4 4 519 24 193 283 8000 8000 8000 0 128 128 128 0 1 1.0 1.0
220000 222000 5 4 11 11 4 8394 8394 12 12 8 1515 1227 0 0 7 4 390 18 148 152 8000 8000 8000 0 128 128 128 0 1 1.0 1.0
222000 224000 2 1 5 5 2 2770 2770 5 5 3 1105 898 0 0 3 2 281 217 249 45 8000 8000 8000 0 128 128 128 0 1 1.0 1.0
224000 226000 2 1 8 8 2 4668 4026 8 8 6 1305 1305 0 0 6 2 348 226 287 85 8000 8000 8000 0 128 128 128 0 1 1.0 1.0
226000 228000 2 1 7 7 3 3605 3452 7 7 4 1584 1119 0 0 4 3 536 82 309 320 8000 8000 8000 0 128 128 128 0 1 1.0 1.0
228000 230000 11 10 15 15 10 3506 2820 14 14 12 945 914 0 0 4 1 420 21 60 119 8000 8000 8000 0 128 128 128 0 1 1.0 1.0
230000 232000 8 7 15 15 8 9153 9044 15 15 12 1503 1503 0 0 7 3 479 15 99 160 8000 8000 8000 0 128 128 128 0 1 1.0 1.0
232000 234000 3 3 7 7 3 2986 2986 7 7 5 642 642 0 0 3 1 544 29 201 297 8000 8000 8000 0 128 128 128 0 1 1.0 1.0
234000 236000 8 7 13 13 8 3117 3117 15 15 9 3213 3213 0 0 4 5 290 2 82 123 8000 8000 8000 0 128 128 128 0 1 1.0 1.0
236000 238000 1 1 6 6 2 3051 3051 6 6 4 990 990 0 0 4 2 461 461 461 0 8000 8000 8000 0 128 128 128 0 1 1.0 1.0
238000 240000 9 8 29 28 16 7008 6765 30 30 14 17863 17863 0 0 11 14 489 15 111 160 8000 8000 8000 0 128 128 128 0 2 2.0 1.0
240000 242000 13 12 111 111 72 14552 14000 149 149 25 178646 178646 0 0 34 119 446 16 98 125 0 0 0 0 0 0 0 0 0 0.0 1.0
242000 244000 2 2 16 16 5 6441 6441 16 16 11 1693 1693 0 0 11 5 978 89 533 628 8000 8000 8000 0 128 128 128 0 2 2.0 1.0
244000 246000 5 4 9 9 5 1119 1119 11 11 4 992 992 0 0 1 4 196 18 64 74 8000 8000 8000 0 128 128 128 0 1 1.0 1.0
246000 248000 9 8 83 82 19 118597 118597 125 125 93 8261 8261 0 0 59 27 858 18 213 302 8000 8000 8000 0 128 128 128 0 1 1.0 1.0
248000 250000 7 5 27 26 11 13012 13012 36 36 19 11572 11572 0 0 15 16 265 23 132 94 8000 8000 8000 0 128 128 128 0 1 1.0 1.0
250000 252000 6 5 21 21 6 20050 20050 27 27 19 2063 2063 0 0 13 6 376 16 178 142 8000 8000 8000 0 128 128 128 0 1 1.0 1.0
252000 254000 2 1 8 8 2 4332 3617 8 8 5 1173 1173 0 0 5 2 420 150 285 190 8000 8000 8000 0 128 128 128 0 1 1.0 1.0
254000 256000 2 1 7 7 2 4236 3360 7 7 5 1089 1089 1 0 5 2 508 47 277 326 8000 8000 8000 0 128 128 128 0 1 1.0 1.0
256000 258000 2 2 9 9 4 3054 3054 9 9 5 1067 1067 0 0 4 3 460 27 244 306 8000 8000 8000 0 128 128 128 0 1 1.0 1.0
258000 260000 3 3 9 8 3 3053 3053 9 9 5 1067 1067 0 0 4 4 456 2 167 251 8000 8000 8000 0 128 128 128 0 1 1.0 1.0
260000 262000 2 2 10 10 3 8912 8912 12 12 9 1368 1368 0 0 7 3 542 163 353 267 8000 8000 8000 0 128 128 128 0 1 1.0 1.0
262000 264000 1 1 6 6 2 3052 3052 6 6 4 990 990 0 0 4 2 459 459 459 0 8000 8000 8000 0 128 128 128 0 1 1.0 1.0
264000 266000 1 1 6 6 2 3051 3051 6 6 4 990 990 0 0 4 2 576 576 576 0 8000 8000 8000 0 128 128 128 0 1 1.0 1.0
266000 268000 1 1 7 7 2 3846 3051 7 7 5 990 990 1 0 5 2 468 468 468 0 8000 8000 8000 0 128 128 128 0 1 1.0 1.0
268000 270000 3 3 23 22 8 10829 10829 30 30 18 10987 10987 0 0 14 11 463 117 257 182 8000 8000 8000 0 128 128 128 0 1 1.0 1.0
270000 272000 2 2 5 5 1 5608 5608 8 8 6 409 409 0 0 4 2 175 25 100 105 0 0 0 0 0 0 0 0 0 0.0 1.0
272000 274000 5 5 11 11 6 3849 3053 11 11 9 990 990 1 0 5 2 456 27 113 191 8000 8000 8000 0 128 128 128 0 1 1.0 1.0
274000 276000 3 2 7 7 3 3504 3504 7 7 5 1136 1136 0 0 4 2 506 63 214 253 8000 8000 8000 0 128 128 128 0 2 1.0 1.0
276000 278000 3 2 11 11 3 4805 4805 12 12 7 1930 1578 0 0 7 4 461 25 302 240 8000 8000 8000 0 128 128 128 0 1 2.0 1.0
278000 280000 6 5 11 11 5 3237 3237 12 12 7 1334 1191 0 0 4 4 413 26 122 155 8000 8000 8000 0 128 128 128 0 1 1.0 1.0
280000 282000 4 3 15 15 4 11458 10662 17 17 11 2086 2086 1 0 11 5 469 25 251 198 8000 8000 8000 0 128 128 128 0 1 1.0 1.0
282000 284000 1 1 6 6 2 3052 3052 6 6 4 990 990 0 0 4 2 470 470 470 0 8000 8000 8000 0 128 128 128 0 1 1.0 1.0
284000 286000 5 5 12 12 7 3847 3053 12 12 9 1485 990 1 1 5 3 587 15 130 255 8000 8000 8000 0 128 128 128 0 1 1.0 1.0
286000 288000 3 3 8 8 4 3051 3051 8 8 6 990 990 0 0 4 2 546 16 193 305 8000 8000 8000 0 128 128 128 0 1 1.0 1.0
288000 290000 8 7 32 31 13 15458 15458 41 41 25 11991 11991 0 0 17 14 455 16 149 146 8000 8000 8000 0 128 128 128 0 2 2.0 1.0
290000 292000 4 4 12 11 4 8347 8347 14 14 9 2808 2808 0 0 6 5 268 2 114 124 8000 8000 8000 0 0 0 0 0 1 0.0 1.0
292000 294000 2 1 7 7 2 3709 3709 7 7 4 1203 1203 0 0 4 2 469 99 284 261 8000 8000 8000 0 128 128 128 0 1 2.0 1.0
294000 296000 2 1 7 7 2 4041 4041 7 7 5 1311 1311 0 0 5 2 362 271 317 64 8000 8000 8000 0 128 128 128 0 1 1.0 1.0
296000 298000 3 2 7 7 3 3539 3539 7 7 5 1147 1147 0 0 4 2 323 16 190 157 8000 8000 8000 0 128 128 128 0 1 1.0 1.0
298000 300000 3 2 9 8 2 3968 3968 9 9 5 1364 1364 0 0 5 4 486 2 209 249 8000 8000 8000 0 128 128 128 0 1 1.0 1.0
300000 302000 0 0 0 0 0 0 0 0 0 0 0 0 0 0 0 0 0 0 0 0 0 0 0 0 0 0 0 0 0  
