ts te nbins ncons c_pkts_all c_ack_cnt c_ack_cnt_p c_bytes_all c_bytes_uniq s_pkts_all s_ack_cnt s_ack_cnt_p s_bytes_all s_bytes_uniq c_pkts_retx s_pkts_retx c_pkts_data s_pkts_data max_bin min_bin avg_bin std_bin max_vid min_vid avg_vid std_vid max_aud min_aud avg_aud std_aud num_vid num_aud num_mfs
0 5000 0 0 0 0 0 0 0 0 0 0 0 0 0 0 0 0 0 0 0 0 0 0 0 0 0 0 0 0 0  
5000 10000 9 4 2644 2640 2611 25168 25168 5010 5010 32 7930750 7930750 0 0 28 4973 977 107 680 280 4400 4400 4400 0 128 128 128 0 9 9.0 2.0
10000 15000 9 4 1060 1060 1050 7896 7896 3059 3059 10 4918752 4918752 0 0 9 3048 840 79 341 261 8000 4400 6200 2078 128 128 128 0 4 3.0 3.0
15000 20000 4 2 717 717 711 5004 5004 2432 2432 6 3844946 3844946 0 0 6 2426 378 161 272 89 8000 8000 8000 0 128 128 128 0 2 2.0 2.0
20000 25000 6 2 1250 1250 1241 7506 7506 3770 3770 9 5981079 5981077 0 1 9 3761 368 186 266 59 8000 8000 8000 0 128 128 128 0 3 3.0 3.0
25000 30000 4 2 685 685 679 5004 5004 2239 2239 6 3712863 3711463 0 1 6 2233 591 139 351 225 8000 8000 8000 0 128 128 128 0 2 2.0 2.0
30000 35000 8 4 1406 1405 1392 11293 11293 4956 4956 14 8024532 8023132 0 1 13 4941 589 159 335 185 8000 8000 8000 0 128 128 128 0 4 4.0 3.0
35000 40000 5 3 757 757 750 5004 5004 2339 2339 6 3780193 3780193 0 0 6 2331 594 250 341 149 8000 8000 8000 0 128 128 128 0 2 2.0 2.0
40000 45000 7 3 985 985 976 7506 7506 3212 3212 9 5701384 5701384 0 0 9 3203 675 65 300 222 8000 8000 8000 0 128 128 128 0 3 3.0 3.0
45000 50000 4 2 720 720 714 5004 5004 2435 2435 6 3821575 3820175 0 1 6 2429 517 245 381 151 8000 8000 8000 0 128 128 128 0 2 2.0 2.0
50000 55000 6 2 1058 1058 1049 7506 7506 3658 3658 9 5881954 5880554 0 1 9 3649 665 221 375 165 8000 8000 8000 0 128 128 128 0 3 3.0 3.0
55000 60000 4 2 700 700 694 5004 5004 2409 2409 6 3984106 3984106 0 0 6 2403 568 205 334 160 8000 8000 8000 0 128 128 128 0 2 2.0 2.0
60000 65000 9 4 834 832 823 7426 7426 2853 2853 9 4900289 4899578 0 0 8 2843 956 0 367 338 8000 8000 8000 0 128 128 128 0 4 4.0 3.0
65000 70000 8 4 951 950 941 7252 7252 2870 2870 9 4932372 4931683 1 0 9 2860 890 43 321 304 8000 8000 8000 0 128 128 128 0 1 1.0 2.0
70000 75000 7 3 1046 1046 1036 7506 7506 3480 3480 10 5781317 5781317 0 0 9 3469 313 131 243 59 8000 8000 8000 0 128 128 128 0 3 3.0 3.0
75000 80000 4 2 657 657 651 5004 5004 2407 2407 6 3831173 3831173 0 0 6 2401 296 219 241 36 8000 8000 8000 0 128 128 128 0 2 2.0 2.0
80000 85000 7 3 1436 1436 1425 9188 9188 4858 4858 11 7751567 7750167 0 1 11 4847 547 168 382 163 8000 8000 8000 0 128 128 128 0 4 4.0 3.0
85000 90000 4 2 707 707 701 5004 5004 2420 2420 6 3993078 3990278 0 2 6 2414 683 226 475 189 8000 8000 8000 0 128 128 128 0 2 2.0 2.0
90000 95000 6 2 1149 1149 1140 7506 7506 3698 3698 9 5814521 5814521 0 0 9 3689 547 165 320 173 8000 8000 8000 0 128 128 128 0 3 3.0 3.0
95000 100000 4 2 814 814 808 5004 5004 2277 2277 6 3997829 3997829 0 0 6 2271 822 193 404 283 8000 8000 8000 0 128 128 128 0 2 2.0 2.0
100000 105000 6 2 1152 1152 1143 7506 7506 3530 3530 9 5871715 5871715 0 0 9 3521 513 197 306 108 8000 8000 8000 0 128 128 128 0 3 3.0 3.0
105000 110000 4 2 726 726 720 5004 5004 2447 2447 6 3951960 3947760 0 3 6 2441 621 227 430 181 8000 8000 8000 0 128 128 128 0 2 2.0 2.0
110000 115000 6 2 1099 1099 1090 7506 7506 3589 3589 9 5836295 5836295 0 0 9 3580 408 176 291 95 8000 8000 8000 0 128 128 128 0 3 3.0 3.0
115000 120000 7 3 1191 1191 1182 7403 7403 3607 3607 8 5603342 5603342 0 0 8 3598 999 12 671 365 8000 8000 8000 0 128 128 128 0 3 3.0 2.0
120000 125000 4 3 860 860 854 5106 5106 2431 2431 6 3903916 3903916 0 0 6 2425 794 117 380 319 8000 8000 8000 0 128 128 128 0 2 2.0 3.0
125000 130000 4 2 749 749 743 5004 5004 2349 2349 6 3743285 3741885 0 1 6 2343 456 164 282 130 8000 8000 8000 0 128 128 128 0 2 2.0 2.0
130000 135000 7 3 1390 1390 1378 10028 9188 4892 4892 12 7919333 7916533 1 2 12 4880 661 139 375 215 8000 8000 8000 0 128 128 128 0 4 4.0 3.0
135000 140000 4 2 654 654 648 5004 5004 2569 2569 6 4037977 4037977 0 0 6 2563 318 147 238 74 8000 8000 8000 0 128 128 128 0 2 2.0 2.0
140000 145000 6 2 1083 1083 1074 7506 7506 3598 3598 9 5825021 5823621 0 1 9 3589 501 164 354 145 8000 8000 8000 0 128 128 128 0 3 3.0 3.0
145000 150000 3 2 349 349 345 3322 3322 1268 1268 4 1954200 1954200 0 0 4 1264 337 145 243 96 8000 8000 8000 0 128 128 128 0 1 1.0 2.0
150000 155000 6 2 1331 1331 1319 10028 9188 4737 4737 12 7956139 7954739 1 1 12 4725 992 59 639 391 8000 8000 8000 0 128 128 128 0 4 4.0 3.0
155000 160000 5 4 873 872 864 7173 7173 2448 2448 9 3874909 3874909 0 0 8 2438 915 217 502 346 8000 8000 8000 0 128 128 128 0 2 2.0 2.0
160000 165000 7 3 832 832 822 7506 7506 3162 3162 10 5930416 5930416 0 0 9 3151 674 146 280 183 8000 8000 8000 0 128 128 128 0 3 3.0 3.0
165000 170000 4 2 840 840 834 5004 5004 2532 2532 6 3948296 3946896 0 1 6 2526 632 166 364 195 8000 8000 8000 0 128 128 128 0 2 2.0 2.0
170000 175000 6 3 1240 1240 1230 8326 7506 3705 3705 10 6006559 6006559 1 0 10 3695 899 19 346 304 8000 8000 8000 0 128 128 128 0 3 3.0 3.0
175000 180000 5 2 984 984 975 7373 7373 3101 3101 8 5863793 5859593 0 3 8 3092 999 204 693 335 8000 8000 8000 0 128 128 128 0 3 3.0 2.0
180000 185000 7 2 1285 1285 1277 6818 6818 3677 3677 8 5858586 5858586 0 0 8 3669 864 65 310 257 8000 8000 8000 0 128 128 128 0 3 3.0 3.0
185000 190000 4 2 854 854 848 5004 5004 2489 2489 6 4000896 4000896 0 0 6 2483 347 234 306 50 8000 8000 8000 0 128 128 128 0 2 2.0 2.0
190000 195000 7 2 1396 1396 1387 7506 7506 3808 3808 9 5911098 5911098 0 0 9 3799 994 11 434 393 8000 8000 8000 0 128 128 128 0 3 3.0 3.0
195000 200000 4 2 814 814 808 5004 5004 2416 2416 6 3943289 3943289 0 0 6 2410 376 191 280 98 8000 8000 8000 0 128 128 128 0 2 2.0 2.0
200000 205000 6 2 1353 1353 1344 7506 7506 3835 3835 9 5913009 5913009 0 0 9 3826 278 150 224 43 8000 8000 8000 0 128 128 128 0 3 3.0 3.0
205000 210000 4 2 726 726 720 5004 5004 2388 2388 6 3941098 3941098 0 0 6 2382 267 186 232 36 8000 8000 8000 0 128 128 128 0 2 2.0 2.0
210000 215000 6 2 1250 1250 1241 7506 7506 3654 3654 9 5885957 5885957 0 0 9 3645 352 130 254 71 8000 8000 8000 0 128 128 128 0 3 3.0 3.0
215000 220000 5 3 693 693 686 5004 5004 2313 2313 6 3981349 3981349 0 0 6 2306 952 131 411 329 8000 8000 8000 0 128 128 128 0 2 2.0 2.0
220000 225000 6 2 1001 1001 991 8346 7506 3341 3341 10 5840419 5837619 1 2 10 3331 578 69 304 183 8000 8000 8000 0 128 128 128 0 3 3.0 3.0
225000 230000 6 3 1339 1338 1327 10189 10189 3580 3580 12 5817918 5817918 0 0 11 3567 987 187 562 316 8000 8000 8000 0 128 128 128 0 3 3.0 2.0
230000 235000 5 3 411 411 406 2839 2839 1311 1311 4 2086237 2086237 0 0 3 1305 586 27 211 227 8000 8000 8000 0 128 128 128 0 1 1.0 3.0
235000 240000 5 3 638 637 622 12561 12561 1799 1799 15 3110660 3110660 0 0 14 1783 988 26 564 362 8000 288 2652 3479 128 128 128 0 5 4.0 2.0
240000 245000 7 2 545 545 538 6340 6340 1409 1409 7 2419885 2419885 0 0 7 1401 743 48 261 286 4400 4400 4400 0 128 128 128 0 3 3.0 3.0
245000 250000 5 2 1078 1078 1072 5004 5004 1997 1997 6 3167582 3164782 0 2 6 1991 993 71 542 338 4400 4400 4400 0 128 128 128 0 2 2.0 2.0
250000 255000 6 2 714 714 705 7027 7027 2006 2006 8 3098337 3098337 0 0 8 1998 774 68 400 319 8000 4400 5600 2078 128 128 128 0 3 3.0 3.0
255000 260000 6 3 1027 1027 1021 5482 5482 3116 3116 6 5085181 5083781 0 1 6 3109 924 1 354 331 8000 8000 8000 0 128 128 128 0 2 2.0 2.0
260000 265000 6 2 1241 1241 1232 7506 7506 3618 3618 9 5811465 5811465 0 0 9 3609 526 145 396 160 8000 8000 8000 0 128 128 128 0 3 3.0 3.0
265000 270000 4 2 668 668 662 5004 5004 2156 2156 6 3927600 3927600 0 0 6 2150 381 131 285 116 8000 8000 8000 0 128 128 128 0 2 2.0 2.0
270000 275000 6 2 1215 1215 1205 8346 7506 3486 3486 10 6049232 6047832 1 1 10 3476 570 87 368 196 8000 8000 8000 0 128 128 128 0 3 3.0 3.0
275000 280000 4 2 1241 1241 1233 6686 6686 3565 3565 8 5831427 5830027 0 1 8 3557 685 425 551 142 8000 8000 8000 0 128 128 128 0 3 3.0 2.0
280000 285000 6 2 1344 1344 1335 7506 7506 3780 3780 9 5920712 5920712 0 0 9 3771 997 1 505 410 8000 8000 8000 0 128 128 128 0 3 3.0 3.0
285000 290000 4 2 728 728 722 5004 5004 2291 2291 6 4036511 4035111 0 1 6 2285 551 200 309 162 8000 8000 8000 0 128 128 128 0 2 2.0 2.0
290000 295000 6 2 1043 1043 1034 7506 7506 3618 3618 9 5860128 5858728 0 1 9 3609 543 97 244 160 8000 8000 8000 0 128 128 128 0 3 3.0 3.0
295000 300000 6 4 1264 1263 1250 10338 8791 3508 3508 14 5892268 5891965 3 1 13 3493 992 165 516 285 8000 8000 8000 0 128 128 128 0 3 3.0 2.0
300000 305000 0 0 0 0 0 0 0 0 0 0 0 0 0 0 0 0 0 0 0 0 0 0 0 0 0 0 0 0 0  
