ts te nbins ncons c_pkts_all c_ack_cnt c_ack_cnt_p c_bytes_all c_bytes_uniq s_pkts_all s_ack_cnt s_ack_cnt_p s_bytes_all s_bytes_uniq c_pkts_retx s_pkts_retx c_pkts_data s_pkts_data max_bin_duration min_bin_duration avg_bin_duration std_bin_duration max_video_rate min_video_rate avg_video_rate std_video_rate max_audio_rate min_audio_rate avg_audio_rate std_audio_rate video_reqs audio_reqs media_reqs
0.0 1000.0 0 0 0.0 0.0 0.0 0.0 0.0 0.0 0.0 0.0 0.0 0.0 0.0 0.0 0.0 0.0 0.0 0.0 0.0 0.0 0.0 0.0 0.0 0.0 0.0 0.0 0.0 0.0 0  
1000.0 2000.0 0 0 0.0 0.0 0.0 0.0 0.0 0.0 0.0 0.0 0.0 0.0 0.0 0.0 0.0 0.0 0.0 0.0 0.0 0.0 0.0 0.0 0.0 0.0 0.0 0.0 0.0 0.0 0  
2000.0 3000.0 0 0 0.0 0.0 0.0 0.0 0.0 0.0 0.0 0.0 0.0 0.0 0.0 0.0 0.0 0.0 0.0 0.0 0.0 0.0 0.0 0.0 0.0 0.0 0.0 0.0 0.0 0.0 0  
3000.0 4000.0 0 0 0.0 0.0 0.0 0.0 0.0 0.0 0.0 0.0 0.0 0.0 0.0 0.0 0.0 0.0 0.0 0.0 0.0 0.0 0.0 0.0 0.0 0.0 0.0 0.0 0.0 0.0 0  
4000.0 5000.0 0 0 0.0 0.0 0.0 0.0 0.0 0.0 0.0 0.0 0.0 0.0 0.0 0.0 0.0 0.0 0.0 0.0 0.0 0.0 0.0 0.0 0.0 0.0 0.0 0.0 0.0 0.0 0  
5000.0 6000.0 0 0 0.0 0.0 0.0 0.0 0.0 0.0 0.0 0.0 0.0 0.0 0.0 0.0 0.0 0.0 0.0 0.0 0.0 0.0 0.0 0.0 0.0 0.0 0.0 0.0 0.0 0.0 0  
6000.0 7000.0 1 1 2.0508297128404687 1.9531711550861606 1.4648783663146203 422.1779451718736 422.1779451718736 3.711025194663705 3.711025194663705 0.5859513465258481 4069.334443064261 4069.334443064261 0.0 0.0 0.48829278877154014 3.0274152903835487 72.320068359375 72.320068359375 72.320068359375 0.0 0.0 0.0 0.0 0.0 0.0 0.0 0.0 0.0 0 0.0 1.0
7000.0 8000.0 4 4 401.9491702871595 398.0468288449138 385.5351216336854 11776.822054828126 11776.822054828126 433.2889748053363 433.2889748053363 16.414048653474154 608960.6655569357 608960.6655569357 0.0 0.0 12.51170721122846 412.97258470961646 668.2199316406222 419.7469999999994 518.302732910156 120.3883618991104 2300.0 2300.0 2300.0 0.0 128.0 128.0 128.0 0.0 2 2.0 0.0
8000.0 9000.0 1 1 52.41956656336625 52.41956656336625 52.075831700655655 289.08101953961324 289.08101953961324 62.04414271926301 62.04414271926301 0.3437348627105984 97755.27320856114 97755.27320856114 0.0 0.0 0.3437348627105984 61.70040785655241 86.617919921875 86.617919921875 86.617919921875 0.0 2300.0 2300.0 2300.0 0.0 0.0 0.0 0.0 0.0 1 0.0 0.0
9000.0 10000.0 3 3 528.1571033571988 528.1571033571988 521.7389607827755 5382.731241863209 5382.731241863209 840.136720606874 840.136720606874 6.418142574423225 1284427.9069799304 1284427.9069799304 0.0 0.0 6.418142574423225 833.7185780324508 652.083251953125 417.36308007812477 573.2834615885416 135.03362157355298 2300.0 2300.0 2300.0 0.0 128.0 128.0 128.0 0.0 2 2.0 1.0
10000.0 11000.0 4 2 465.1168001138108 465.1168001138108 458.89458291949535 5226.806795471466 5226.806795471466 1048.1585700462679 1048.1585700462679 6.222217194315449 1549941.184709437 1549941.184709437 0.0 0.0 6.222217194315449 1041.9363528519525 650.8701171875 256.8429472656244 429.35369726562476 170.0628205223759 2300.0 2300.0 2300.0 0.0 128.0 128.0 128.0 0.0 2 3.0 0.0
11000.0 12000.0 5 3 411.4104905542355 411.4104905542355 405.80291770346247 4683.735720690948 4683.735720690948 1178.5999253713037 1178.5999253713037 5.607572850773048 1706027.985370141 1706027.985370141 0.0 0.0 5.607572850773048 1172.9923525205306 617.2039999999979 86.375 288.0678031249998 204.0563421479028 4400.0 2300.0 3350.0 1212.4355652982142 128.0 128.0 128.0 0.0 4 3.0 1.0
12000.0 13000.0 3 3 105.13316371772653 105.13316371772653 103.97912309783626 343.6452224347633 343.6452224347633 359.29776556262925 359.29776556262925 1.1540406198902722 515987.546726382 515987.546726382 0.0 0.0 0.4083325177776803 357.3980168406264 557.756103515625 8.06300000000192 216.19899804687643 298.14681105525653 0.0 0.0 0.0 0.0 0.0 0.0 0.0 0.0 0 0.0 0.0
13000.0 14000.0 2 2 6.780582282620495 6.780582282620495 5.021863737493519 1248.6741172088412 1248.6741172088412 15.807142166057899 15.807142166057899 1.7587185451269756 26915.030231399825 26915.030231399825 0.0 0.0 1.5044266472395675 13.794131723043515 735.77294921875 190.19889648437675 462.9859228515634 385.7791123279024 0.0 0.0 0.0 0.0 0.0 0.0 0.0 0.0 0 0.0 1.0
14000.0 15000.0 3 3 444.9822934110417 444.9822934110417 442.4867200582813 2083.3258827911586 2083.3258827911586 1319.9557335276043 1319.9557335276043 2.4955733527604322 2018681.0727741495 2018681.0727741495 0.0 0.0 2.4955733527604322 1317.4601601748438 295.43099999999686 83.89800000000105 207.23335026041605 110.05701259196721 8000.0 8000.0 8000.0 0.0 128.0 128.0 128.0 0.0 2 1.0 0.0
15000.0 16000.0 2 2 523.0 523.0 520.0 2502.0 2502.0 1138.0 1138.0 3.0 1885958.0 1885958.0 0.0 0.0 3.0 1135.0 457.08699999999953 259.6770000000033 358.3820000000014 139.58994967403368 8000.0 8000.0 8000.0 0.0 128.0 128.0 128.0 0.0 1 1.0 1.0
16000.0 17000.0 0 0 0.0 0.0 0.0 0.0 0.0 0.0 0.0 0.0 0.0 0.0 0.0 0.0 0.0 0.0 0.0 0.0 0.0 0.0 0.0 0.0 0.0 0.0 0.0 0.0 0.0 0.0 0  
17000.0 18000.0 2 2 481.0 481.0 478.0 2502.0 2502.0 1359.0 1359.0 3.0 1984925.0 1984925.0 0.0 0.0 3.0 1356.0 258.5109999999986 189.41599999999016 223.96349999999438 48.85754304609047 8000.0 8000.0 8000.0 0.0 128.0 128.0 128.0 0.0 1 1.0 1.0
18000.0 19000.0 0 0 0.0 0.0 0.0 0.0 0.0 0.0 0.0 0.0 0.0 0.0 0.0 0.0 0.0 0.0 0.0 0.0 0.0 0.0 0.0 0.0 0.0 0.0 0.0 0.0 0.0 0.0 0  
19000.0 20000.0 3 3 502.0 502.0 499.0 2502.0 2502.0 1392.0 1392.0 3.0 2081745.0 2081745.0 0.0 0.0 3.0 1389.0 248.06700000000274 124.39899999999761 172.70266666666672 66.12604113610355 8000.0 8000.0 8000.0 0.0 128.0 128.0 128.0 0.0 1 1.0 1.0
20000.0 21000.0 0 0 0.0 0.0 0.0 0.0 0.0 0.0 0.0 0.0 0.0 0.0 0.0 0.0 0.0 0.0 0.0 0.0 0.0 0.0 0.0 0.0 0.0 0.0 0.0 0.0 0.0 0.0 0  
21000.0 22000.0 2 2 348.0 348.0 345.0 2502.0 2502.0 1220.0 1220.0 3.0 1870809.0 1870809.0 0.0 0.0 3.0 1217.0 307.3309999999983 270.77999999999884 289.0554999999986 25.845459959149128 8000.0 8000.0 8000.0 0.0 128.0 128.0 128.0 0.0 1 1.0 1.0
22000.0 23000.0 2 2 201.2365257150718 201.2365257150718 199.25562964545213 1655.1246338539322 1655.1246338539322 656.1493090091061 656.1493090091061 1.9808960696196536 981188.612921392 981188.612921392 0.0 0.0 1.9808960696196536 654.1684129394864 342.39599609375 97.64400000000023 220.01999804687512 173.06579614683386 8000.0 8000.0 8000.0 0.0 128.0 128.0 128.0 0.0 1 1.0 0.0
23000.0 24000.0 1 1 200.76347428492824 200.76347428492824 199.7443703545479 846.8753661460679 846.8753661460679 658.850690990894 658.850690990894 1.0191039303803464 985227.3870786082 985227.3870786082 0.0 0.0 1.0191039303803464 657.8315870605136 355.7330039062508 355.7330039062508 355.7330039062508 0.0 0.0 0.0 0.0 0.0 0.0 0.0 0.0 0.0 0 0.0 1.0
24000.0 25000.0 2 2 290.0 290.0 288.0 1682.0 1682.0 1086.0 1086.0 2.0 1712102.0 1712102.0 0.0 0.0 2.0 1084.0 318.6010000000024 80.59500000000116 199.59800000000178 168.29565656308628 8000.0 8000.0 8000.0 0.0 128.0 128.0 128.0 0.0 1 1.0 0.0
25000.0 26000.0 1 1 3.8676426715263417 3.8676426715263417 2.320585602915805 1284.0573669467456 1284.0573669467456 6.961756808747415 6.961756808747415 1.5470570686105367 7667.988360568125 7667.988360568125 0.0 0.0 1.5470570686105367 5.414699740136879 736.56005859375 736.56005859375 736.56005859375 0.0 0.0 0.0 0.0 0.0 0.0 0.0 0.0 0.0 0 0.0 1.0
26000.0 27000.0 3 2 422.13235732847363 422.13235732847363 420.6794143970842 1217.9426330532544 1217.9426330532544 1196.0382431912526 1196.0382431912526 1.4529429313894633 2085359.0116394318 2085359.0116394318 0.0 0.0 1.4529429313894633 1194.585300259863 436.08699999999953 51.86099999999715 234.53198046874846 192.80783170682142 8000.0 8000.0 8000.0 0.0 128.0 128.0 128.0 0.0 1 1.0 0.0
27000.0 28000.0 2 2 329.0 329.0 326.0 2502.0 2502.0 1120.0 1120.0 3.0 1882538.0 1882538.0 0.0 0.0 3.0 1117.0 467.56700000000274 268.35599999999977 367.96150000000125 140.8634489869554 8000.0 8000.0 8000.0 0.0 128.0 128.0 128.0 0.0 1 1.0 1.0
28000.0 29000.0 0 0 0.0 0.0 0.0 0.0 0.0 0.0 0.0 0.0 0.0 0.0 0.0 0.0 0.0 0.0 0.0 0.0 0.0 0.0 0.0 0.0 0.0 0.0 0.0 0.0 0.0 0.0 0  
29000.0 30000.0 2 2 406.0 406.0 403.0 2502.0 2502.0 1165.0 1165.0 3.0 1839787.0 1839787.0 0.0 0.0 3.0 1162.0 443.8550000000032 238.93699999999808 341.39600000000064 144.89890738718856 8000.0 8000.0 8000.0 0.0 128.0 128.0 128.0 0.0 1 1.0 1.0
30000.0 31000.0 0 0 0.0 0.0 0.0 0.0 0.0 0.0 0.0 0.0 0.0 0.0 0.0 0.0 0.0 0.0 0.0 0.0 0.0 0.0 0.0 0.0 0.0 0.0 0.0 0.0 0.0 0.0 0  
31000.0 32000.0 2 2 410.0 410.0 407.0 2502.0 2502.0 1275.0 1275.0 3.0 2050247.0 2050247.0 0.0 0.0 3.0 1272.0 264.9780000000028 254.72099999999773 259.84950000000026 7.252794254633999 8000.0 8000.0 8000.0 0.0 128.0 128.0 128.0 0.0 1 1.0 1.0
32000.0 33000.0 0 0 0.0 0.0 0.0 0.0 0.0 0.0 0.0 0.0 0.0 0.0 0.0 0.0 0.0 0.0 0.0 0.0 0.0 0.0 0.0 0.0 0.0 0.0 0.0 0.0 0.0 0.0 0  
33000.0 34000.0 2 2 477.0 477.0 474.0 2502.0 2502.0 1270.0 1270.0 3.0 1965067.0 1965067.0 0.0 0.0 3.0 1267.0 284.90400000000227 279.8949999999968 282.39949999999953 3.5418978669672856 8000.0 8000.0 8000.0 0.0 128.0 128.0 128.0 0.0 1 1.0 1.0
34000.0 35000.0 0 0 0.0 0.0 0.0 0.0 0.0 0.0 0.0 0.0 0.0 0.0 0.0 0.0 0.0 0.0 0.0 0.0 0.0 0.0 0.0 0.0 0.0 0.0 0.0 0.0 0.0 0.0 0  
35000.0 36000.0 3 3 378.0 378.0 375.0 2502.0 2502.0 1206.0 1206.0 3.0 1796453.0 1795053.0 0.0 1.0 3.0 1203.0 292.52100000000064 180.88900000000285 254.01333333333363 63.35740733594659 8000.0 8000.0 8000.0 0.0 128.0 128.0 128.0 0.0 1 1.0 1.0
36000.0 37000.0 2 2 196.5792713068699 196.5792713068699 194.58163495121335 1669.035811550612 1669.035811550612 669.4636311767722 669.4636311767722 1.9976363556565726 1103557.8451633889 1103557.8451633889 0.0 0.0 1.9976363556565726 667.4659948211156 337.4130859375 66.33899999999994 201.87604296874997 191.67832437035122 8000.0 8000.0 8000.0 0.0 128.0 128.0 128.0 0.0 1 1.0 0.0
37000.0 38000.0 1 1 178.4207286931301 178.4207286931301 177.41836504878665 832.9641884493882 832.9641884493882 651.5363688232278 651.5363688232278 1.0023636443434274 1075733.1548366111 1075733.1548366111 0.0 0.0 1.0023636443434274 650.5340051788844 339.0119140625029 339.0119140625029 339.0119140625029 0.0 0.0 0.0 0.0 0.0 0.0 0.0 0.0 0.0 0 0.0 1.0
38000.0 39000.0 2 2 220.97023435721346 220.97023435721346 218.9679006879469 1672.939279160518 1672.939279160518 684.5472227237346 684.5472227237346 2.002333669266568 1056708.5776895606 1056708.5776895606 0.0 0.0 2.002333669266568 682.5448890544681 343.424072265625 53.0679999999993 198.24603613281215 205.31274765771516 8000.0 8000.0 8000.0 0.0 128.0 128.0 128.0 0.0 1 1.0 0.0
39000.0 40000.0 1 1 201.02976564278651 201.02976564278651 200.03209931205308 829.0607208394819 829.0607208394819 661.4527772762652 661.4527772762652 0.9976663307334318 1019216.4223104393 1019216.4223104393 0.0 0.0 0.9976663307334318 660.4551109455318 341.82492773437843 341.82492773437843 341.82492773437843 0.0 0.0 0.0 0.0 0.0 0.0 0.0 0.0 0.0 0 0.0 1.0
40000.0 41000.0 2 2 321.0 321.0 319.0 1682.0 1682.0 1290.0 1290.0 2.0 1948978.0 1948978.0 0.0 0.0 2.0 1288.0 240.02700000000186 121.75999999999476 180.8934999999983 83.62739769059444 8000.0 8000.0 8000.0 0.0 128.0 128.0 128.0 0.0 1 1.0 0.0
41000.0 42000.0 1 1 3.8893377363099684 3.8893377363099684 2.333602641785981 1291.2601284549096 1291.2601284549096 3.8893377363099684 3.8893377363099684 1.5557350945239874 3354.9427313409788 3354.9427313409788 0.0 0.0 1.5557350945239874 2.333602641785981 735.39208984375 735.39208984375 735.39208984375 0.0 0.0 0.0 0.0 0.0 0.0 0.0 0.0 0.0 0 0.0 1.0
42000.0 43000.0 3 2 381.11066226369 381.11066226369 379.666397358214 1210.7398715450906 1210.7398715450906 1205.11066226369 1205.11066226369 1.4442649054760128 1831887.0572686591 1831887.0572686591 0.0 0.0 1.4442649054760128 1203.666397358214 244.5440000000017 1.525999999998021 152.0243033854155 131.47462193638535 8000.0 8000.0 8000.0 0.0 128.0 128.0 128.0 0.0 1 1.0 0.0
43000.0 44000.0 1 1 16.36295343834335 16.36295343834335 14.804576920405887 1293.4525098880933 1293.4525098880933 19.479706474218272 19.479706474218272 1.5583765179374618 28004.02602733619 28004.02602733619 0.0 0.0 1.5583765179374618 17.92132995628081 736.2939453125 736.2939453125 736.2939453125 0.0 0.0 0.0 0.0 0.0 0.0 0.0 0.0 0.0 0 0.0 1.0
44000.0 45000.0 2 2 402.63704656165663 402.63704656165663 401.1954230795941 1208.5474901119067 1208.5474901119067 1220.5202935257817 1220.5202935257817 1.4416234820625382 1877759.9739726637 1877759.9739726637 0.0 0.0 1.4416234820625382 1219.0786700437193 271.54899999999907 208.6560546874971 240.10252734374808 44.472028119264834 8000.0 8000.0 8000.0 0.0 128.0 128.0 128.0 0.0 1 1.0 0.0
45000.0 46000.0 1 1 3.0 3.0 2.0 820.0 820.0 3.0 3.0 1.0 2909.0 2909.0 0.0 0.0 1.0 2.0 62.65600000000268 62.65600000000268 62.65600000000268 0.0 0.0 0.0 0.0 0.0 0.0 0.0 0.0 0.0 0 0.0 1.0
46000.0 47000.0 0 0 0.0 0.0 0.0 0.0 0.0 0.0 0.0 0.0 0.0 0.0 0.0 0.0 0.0 0.0 0.0 0.0 0.0 0.0 0.0 0.0 0.0 0.0 0.0 0.0 0.0 0.0 0  
47000.0 48000.0 2 2 276.0 276.0 273.0 2502.0 2502.0 1057.0 1057.0 3.0 1685508.0 1684108.0 0.0 1.0 3.0 1054.0 326.15200000000186 234.79799999999523 280.47499999999854 64.59703288852056 8000.0 8000.0 8000.0 0.0 128.0 128.0 128.0 0.0 1 1.0 1.0
48000.0 49000.0 0 0 0.0 0.0 0.0 0.0 0.0 0.0 0.0 0.0 0.0 0.0 0.0 0.0 0.0 0.0 0.0 0.0 0.0 0.0 0.0 0.0 0.0 0.0 0.0 0.0 0.0 0.0 0  
49000.0 50000.0 2 2 353.023581521667 353.023581521667 349.33808534718105 3084.047784207699 3084.047784207699 1056.8307638961023 1056.8307638961023 3.685496174485907 1674274.9318271917 1674274.9318271917 0.0 0.0 3.685496174485907 1053.1452677216166 734.435302734375 620.464111328125 677.44970703125 80.58980230326934 8000.0 8000.0 8000.0 0.0 128.0 128.0 128.0 0.0 1 1.0 1.0
50000.0 51000.0 3 2 379.97769822352484 379.97769822352484 377.92832039298133 1702.5488999163856 1702.5488999163856 1217.0697198725861 1217.0697198725861 1.3145038255140928 1953570.4074037299 1953570.4074037299 0.0 0.0 2.049377830543464 1215.755216047072 731.952880859375 219.29988867187058 404.92948893229186 284.07292345647255 8000.0 8000.0 8000.0 0.0 128.0 128.0 128.0 0.0 1 1.0 0.0
51000.0 52000.0 3 2 574.9987202548083 574.9987202548083 572.7335942598377 1899.4033158759157 1899.4033158759157 1507.0995162313116 1507.0995162313116 3.0 2495402.6607690784 2495402.6607690784 0.0 0.0 2.265125994970629 1504.0995162313116 463.0529999999999 264.0721191406192 342.3860397135383 106.03623303676176 8000.0 8000.0 8000.0 0.0 128.0 128.0 128.0 0.0 1 1.0 1.0
52000.0 53000.0 0 0 0.0 0.0 0.0 0.0 0.0 0.0 0.0 0.0 0.0 0.0 0.0 0.0 0.0 0.0 0.0 0.0 0.0 0.0 0.0 0.0 0.0 0.0 0.0 0.0 0.0 0.0 0  
53000.0 54000.0 2 2 418.0 418.0 415.0 2502.0 2502.0 1193.0 1193.0 3.0 1908284.0 1908284.0 0.0 0.0 3.0 1190.0 492.2930000000051 339.17600000000675 415.73450000000594 108.27006901493945 8000.0 8000.0 8000.0 0.0 128.0 128.0 128.0 0.0 1 1.0 1.0
54000.0 55000.0 0 0 0.0 0.0 0.0 0.0 0.0 0.0 0.0 0.0 0.0 0.0 0.0 0.0 0.0 0.0 0.0 0.0 0.0 0.0 0.0 0.0 0.0 0.0 0.0 0.0 0.0 0.0 0  
55000.0 56000.0 2 2 391.0 391.0 388.0 2502.0 2502.0 1280.0 1280.0 3.0 2021498.0 2021498.0 0.0 0.0 3.0 1277.0 467.445000000007 85.93099999999686 276.6880000000019 269.77113651761164 8000.0 8000.0 8000.0 0.0 128.0 128.0 128.0 0.0 1 1.0 1.0
56000.0 57000.0 0 0 0.0 0.0 0.0 0.0 0.0 0.0 0.0 0.0 0.0 0.0 0.0 0.0 0.0 0.0 0.0 0.0 0.0 0.0 0.0 0.0 0.0 0.0 0.0 0.0 0.0 0.0 0  
57000.0 58000.0 2 2 417.0 417.0 414.0 2502.0 2502.0 1215.0 1215.0 3.0 1924552.0 1924552.0 0.0 0.0 3.0 1212.0 522.1389999999956 263.0069999999978 392.5729999999967 183.23399442243087 8000.0 8000.0 8000.0 0.0 128.0 128.0 128.0 0.0 1 1.0 1.0
58000.0 59000.0 0 0 0.0 0.0 0.0 0.0 0.0 0.0 0.0 0.0 0.0 0.0 0.0 0.0 0.0 0.0 0.0 0.0 0.0 0.0 0.0 0.0 0.0 0.0 0.0 0.0 0.0 0.0 0  
59000.0 60000.0 2 2 339.0 339.0 336.0 2502.0 2502.0 1290.0 1290.0 3.0 1963699.0 1962299.0 0.0 1.0 3.0 1287.0 366.9320000000007 254.5 310.71600000000035 79.5014296223664 8000.0 8000.0 8000.0 0.0 128.0 128.0 128.0 0.0 1 1.0 1.0
60000.0 61000.0 0 0 0.0 0.0 0.0 0.0 0.0 0.0 0.0 0.0 0.0 0.0 0.0 0.0 0.0 0.0 0.0 0.0 0.0 0.0 0.0 0.0 0.0 0.0 0.0 0.0 0.0 0.0 0  
61000.0 62000.0 2 2 359.0 359.0 356.0 2502.0 2502.0 1176.0 1176.0 3.0 1986762.0 1986762.0 0.0 0.0 3.0 1173.0 246.8570000000036 155.153999999995 201.0054999999993 64.84381315515606 8000.0 8000.0 8000.0 0.0 128.0 128.0 128.0 0.0 1 1.0 1.0
62000.0 63000.0 0 0 0.0 0.0 0.0 0.0 0.0 0.0 0.0 0.0 0.0 0.0 0.0 0.0 0.0 0.0 0.0 0.0 0.0 0.0 0.0 0.0 0.0 0.0 0.0 0.0 0.0 0.0 0  
63000.0 64000.0 2 2 333.0 333.0 330.0 2502.0 2502.0 1133.0 1133.0 3.0 1843965.0 1843965.0 0.0 0.0 3.0 1130.0 243.20200000000477 239.27099999999336 241.23649999999907 2.7796367568523856 8000.0 8000.0 8000.0 0.0 128.0 128.0 128.0 0.0 1 1.0 1.0
64000.0 65000.0 0 0 0.0 0.0 0.0 0.0 0.0 0.0 0.0 0.0 0.0 0.0 0.0 0.0 0.0 0.0 0.0 0.0 0.0 0.0 0.0 0.0 0.0 0.0 0.0 0.0 0.0 0.0 0  
65000.0 66000.0 2 2 359.0 359.0 356.0 2502.0 2502.0 1062.0 1062.0 3.0 1721426.0 1721426.0 0.0 0.0 3.0 1059.0 338.38400000000547 323.50500000000466 330.94450000000506 10.521041797275217 8000.0 8000.0 8000.0 0.0 128.0 128.0 128.0 0.0 1 1.0 1.0
66000.0 67000.0 0 0 0.0 0.0 0.0 0.0 0.0 0.0 0.0 0.0 0.0 0.0 0.0 0.0 0.0 0.0 0.0 0.0 0.0 0.0 0.0 0.0 0.0 0.0 0.0 0.0 0.0 0.0 0  
67000.0 68000.0 2 2 469.0 469.0 466.0 2502.0 2502.0 1411.0 1411.0 3.0 2208452.0 2208452.0 0.0 0.0 3.0 1408.0 259.8390000000072 236.0399999999936 247.9395000000004 16.828434285468276 8000.0 8000.0 8000.0 0.0 128.0 128.0 128.0 0.0 1 1.0 1.0
68000.0 69000.0 0 0 0.0 0.0 0.0 0.0 0.0 0.0 0.0 0.0 0.0 0.0 0.0 0.0 0.0 0.0 0.0 0.0 0.0 0.0 0.0 0.0 0.0 0.0 0.0 0.0 0.0 0.0 0  
69000.0 70000.0 3 3 421.0 421.0 418.0 2502.0 2502.0 1266.0 1266.0 3.0 1954741.0 1954741.0 0.0 0.0 3.0 1263.0 309.60799999997835 113.52599999999802 208.8056666666574 98.1575904672245 8000.0 8000.0 8000.0 0.0 128.0 128.0 128.0 0.0 1 1.0 1.0
70000.0 71000.0 0 0 0.0 0.0 0.0 0.0 0.0 0.0 0.0 0.0 0.0 0.0 0.0 0.0 0.0 0.0 0.0 0.0 0.0 0.0 0.0 0.0 0.0 0.0 0.0 0.0 0.0 0.0 0  
71000.0 72000.0 2 2 354.0 354.0 351.0 2502.0 2502.0 1262.0 1262.0 3.0 1937849.0 1937849.0 0.0 0.0 3.0 1259.0 249.40000000000873 246.20500000000175 247.80250000000524 2.2592061658959586 8000.0 8000.0 8000.0 0.0 128.0 128.0 128.0 0.0 1 1.0 1.0
72000.0 73000.0 2 2 211.85285006195647 211.85285006195647 209.84603469640507 1676.6635687732282 1676.6635687732282 603.4290582403925 603.4290582403925 2.006815365551418 1012214.9690210589 1012214.9690210589 0.0 0.0 2.006815365551418 601.4222428748411 341.25 197.38999999998487 269.31999999999243 101.72438154150743 8000.0 8000.0 8000.0 0.0 128.0 128.0 128.0 0.0 1 1.0 0.0
73000.0 74000.0 1 1 197.1471499380435 197.1471499380435 196.1539653035949 825.3364312267715 825.3364312267715 572.5709417596074 572.5709417596074 0.9931846344485818 966313.030978941 966313.030978941 0.0 0.0 0.9931846344485818 571.5777571251589 336.63000000000466 336.63000000000466 336.63000000000466 0.0 0.0 0.0 0.0 0.0 0.0 0.0 0.0 0.0 0 0.0 1.0
74000.0 75000.0 2 2 219.42348481901638 219.42348481901638 217.43581264284882 1660.7555783952278 1660.7555783952278 620.4183883430386 620.4183883430386 1.9876721761675424 970766.2903619627 970766.2903619627 0.0 0.0 1.9876721761675424 618.4307161668711 339.220947265625 157.6820000000007 248.45147363281285 128.36742066099 8000.0 8000.0 8000.0 0.0 128.0 128.0 128.0 0.0 1 1.0 0.0
75000.0 76000.0 1 1 211.57651518098362 211.57651518098362 210.56418735715118 841.2444216047722 841.2444216047722 622.5816116569614 622.5816116569614 1.0123278238324576 961405.7096380373 961405.7096380373 0.0 0.0 1.0123278238324576 621.5692838331289 347.6890527343785 347.6890527343785 347.6890527343785 0.0 0.0 0.0 0.0 0.0 0.0 0.0 0.0 0.0 0 0.0 1.0
76000.0 77000.0 1 1 168.66059051486425 168.66059051486425 167.14112573545106 1267.2336260306017 1267.2336260306017 590.0588226721227 590.0588226721227 1.5194647794131915 975310.0007036609 975310.0007036609 0.0 0.0 1.5194647794131915 588.5393578927095 349.093994140625 349.093994140625 349.093994140625 0.0 8000.0 8000.0 8000.0 0.0 0.0 0.0 0.0 0.0 1 0.0 0.0
77000.0 78000.0 1 1 164.33940948513572 164.33940948513572 162.85887426454892 1234.7663739693983 1234.7663739693983 574.9411773278772 574.9411773278772 1.4805352205868083 950321.999296339 950321.999296339 0.0 0.0 1.4805352205868083 573.4606421072905 340.15000585938105 340.15000585938105 340.15000585938105 0.0 0.0 0.0 0.0 0.0 128.0 128.0 128.0 0.0 0 1.0 1.0
78000.0 79000.0 2 2 167.34153927305252 167.34153927305252 165.33020672367988 1680.4173485286562 1680.4173485286562 676.3888221909554 676.3888221909554 2.011332549372631 1039555.0726349333 1039555.0726349333 0.0 0.0 2.011332549372631 674.3774896415827 341.757080078125 78.67399999999907 210.21554003906203 186.02782993868635 8000.0 8000.0 8000.0 0.0 128.0 128.0 128.0 0.0 1 1.0 0.0
79000.0 80000.0 1 1 160.65846072694748 160.65846072694748 159.66979327632012 821.5826514713438 821.5826514713438 644.6111778090446 644.6111778090446 0.9886674506273692 984132.9273650667 984132.9273650667 0.0 0.0 0.9886674506273692 643.6225103584173 334.0979199218855 334.0979199218855 334.0979199218855 0.0 0.0 0.0 0.0 0.0 0.0 0.0 0.0 0.0 0 0.0 1.0
80000.0 81000.0 2 2 218.91438269292976 218.91438269292976 216.89966358842003 1683.2315758475993 1683.2315758475993 640.0080919599648 640.0080919599648 2.014719104509746 1043871.2394972396 1043871.2394972396 0.0 0.0 2.014719104509746 637.993372855455 340.39208984376455 66.33599999999569 203.36404492188012 193.78691955399867 8000.0 8000.0 8000.0 0.0 128.0 128.0 128.0 0.0 1 1.0 0.0
81000.0 82000.0 1 1 195.0856173070702 195.0856173070702 194.10033641157995 818.7684241524007 818.7684241524007 602.9919080400351 602.9919080400351 0.9852808954902535 981641.7605027603 981641.7605027603 0.0 0.0 0.9852808954902535 602.006627144545 330.5169101562351 330.5169101562351 330.5169101562351 0.0 0.0 0.0 0.0 0.0 0.0 0.0 0.0 0.0 0 0.0 1.0
82000.0 83000.0 2 2 230.3686165649912 230.3686165649912 228.35006204909197 1686.4188027122673 1686.4188027122673 625.0028279282484 625.0028279282484 2.0185545158992384 1051228.0910892314 1051228.0910892314 0.0 0.0 2.0185545158992384 622.9842734123491 341.992919921875 134.73799999999756 238.36545996093628 146.55135931103442 8000.0 8000.0 8000.0 0.0 128.0 128.0 128.0 0.0 1 1.0 0.0
83000.0 84000.0 1 1 204.63138343500876 204.63138343500876 203.649937950908 815.5811972877328 815.5811972877328 581.9971720717516 581.9971720717516 0.9814454841007615 981475.9089107686 981475.9089107686 0.0 0.0 0.9814454841007615 581.0157265876508 329.533080078123 329.533080078123 329.533080078123 0.0 0.0 0.0 0.0 0.0 0.0 0.0 0.0 0.0 0 0.0 1.0
84000.0 85000.0 2 2 402.0 402.0 400.0 1682.0 1682.0 1233.0 1233.0 2.0 1922812.0 1922812.0 0.0 0.0 2.0 1231.0 280.93899999998393 70.76600000000326 175.8524999999936 148.6147535223066 8000.0 8000.0 8000.0 0.0 128.0 128.0 128.0 0.0 1 1.0 0.0
85000.0 86000.0 1 1 3.0 3.0 2.0 820.0 820.0 3.0 3.0 1.0 2909.0 2909.0 0.0 0.0 1.0 2.0 90.42600000000675 90.42600000000675 90.42600000000675 0.0 0.0 0.0 0.0 0.0 0.0 0.0 0.0 0.0 0 0.0 1.0
86000.0 87000.0 0 0 0.0 0.0 0.0 0.0 0.0 0.0 0.0 0.0 0.0 0.0 0.0 0.0 0.0 0.0 0.0 0.0 0.0 0.0 0.0 0.0 0.0 0.0 0.0 0.0 0.0 0.0 0  
87000.0 88000.0 2 2 387.0 387.0 384.0 2502.0 2502.0 1218.0 1218.0 3.0 1866588.0 1866588.0 0.0 0.0 3.0 1215.0 347.3969999999972 195.32499999998254 271.3609999999899 107.53114242861103 8000.0 8000.0 8000.0 0.0 128.0 128.0 128.0 0.0 1 1.0 1.0
88000.0 89000.0 0 0 0.0 0.0 0.0 0.0 0.0 0.0 0.0 0.0 0.0 0.0 0.0 0.0 0.0 0.0 0.0 0.0 0.0 0.0 0.0 0.0 0.0 0.0 0.0 0.0 0.0 0.0 0  
89000.0 90000.0 2 2 290.0 290.0 287.0 2502.0 2502.0 1168.0 1168.0 3.0 1879170.0 1879170.0 0.0 0.0 3.0 1165.0 298.06700000001 237.51400000001013 267.79050000001007 42.81743692118893 8000.0 8000.0 8000.0 0.0 128.0 128.0 128.0 0.0 1 1.0 1.0
90000.0 91000.0 0 0 0.0 0.0 0.0 0.0 0.0 0.0 0.0 0.0 0.0 0.0 0.0 0.0 0.0 0.0 0.0 0.0 0.0 0.0 0.0 0.0 0.0 0.0 0.0 0.0 0.0 0.0 0  
91000.0 92000.0 2 2 296.0 296.0 293.0 2502.0 2502.0 1338.0 1338.0 3.0 2056000.0 2056000.0 0.0 0.0 3.0 1335.0 312.7320000000036 209.34599999999045 261.03899999999703 73.10494167976171 8000.0 8000.0 8000.0 0.0 128.0 128.0 128.0 0.0 1 1.0 1.0
92000.0 93000.0 0 0 0.0 0.0 0.0 0.0 0.0 0.0 0.0 0.0 0.0 0.0 0.0 0.0 0.0 0.0 0.0 0.0 0.0 0.0 0.0 0.0 0.0 0.0 0.0 0.0 0.0 0.0 0  
93000.0 94000.0 2 2 374.0 374.0 371.0 2502.0 2502.0 1273.0 1273.0 3.0 1937235.0 1937235.0 0.0 0.0 3.0 1270.0 347.99800000000687 198.3579999999929 273.1779999999999 105.81145873676485 8000.0 8000.0 8000.0 0.0 128.0 128.0 128.0 0.0 1 1.0 1.0
94000.0 95000.0 0 0 0.0 0.0 0.0 0.0 0.0 0.0 0.0 0.0 0.0 0.0 0.0 0.0 0.0 0.0 0.0 0.0 0.0 0.0 0.0 0.0 0.0 0.0 0.0 0.0 0.0 0.0 0  
95000.0 96000.0 2 2 360.0047886713541 360.0047886713541 356.3062816102828 3095.010463513934 3095.010463513934 1108.560040748024 1108.560040748024 3.698507061071365 1650918.0404998888 1650918.0404998888 0.0 0.0 3.698507061071365 1104.8615336869525 734.876953125 633.928955078125 684.4029541015625 71.38101396615167 8000.0 8000.0 8000.0 0.0 128.0 128.0 128.0 0.0 1 1.0 1.0
96000.0 97000.0 3 2 334.7808323815948 334.7808323815948 332.743972702899 1691.990263095157 1691.990263095157 1227.0531769433062 1227.0531769433062 1.3014929389286345 1827032.501499373 1827032.501499373 0.0 0.0 2.036859678695818 1225.7516840043775 734.868896484375 214.90104492187675 404.9306627604189 286.8317577672655 8000.0 8000.0 8000.0 0.0 128.0 128.0 128.0 0.0 1 1.0 0.0
97000.0 98000.0 2 1 89.1412807354631 89.1412807354631 88.11624148767663 855.7403029359739 855.7403029359739 319.0740900846356 319.0740900846356 1.5208119751072966 481784.0461791877 481784.0461791877 0.0 0.0 1.0250392477864645 317.5532781095283 699.6259765625 264.4541035156435 482.04004003907176 307.7129824130836 0.0 0.0 0.0 0.0 0.0 0.0 0.0 0.0 0 0.0 1.0
98000.0 99000.0 2 2 327.073098211588 327.073098211588 325.8335041991416 1043.2589704549355 1043.2589704549355 1040.3126922240344 1040.3126922240344 1.4791880248927034 1865109.4118215507 1865109.4118215507 0.0 0.0 1.2395940124463518 1038.8335041991415 311.9389999999985 220.44302343750314 266.1910117187508 64.69742547862587 8000.0 8000.0 8000.0 0.0 128.0 128.0 128.0 0.0 1 1.0 0.0
99000.0 100000.0 2 2 489.0 489.0 486.0 2502.0 2502.0 1229.0 1229.0 3.0 2097123.0 2097123.0 0.0 0.0 3.0 1226.0 433.3660000000091 330.21199999999953 381.7890000000043 72.94089290652387 8000.0 8000.0 8000.0 0.0 128.0 128.0 128.0 0.0 1 1.0 1.0
100000.0 101000.0 0 0 0.0 0.0 0.0 0.0 0.0 0.0 0.0 0.0 0.0 0.0 0.0 0.0 0.0 0.0 0.0 0.0 0.0 0.0 0.0 0.0 0.0 0.0 0.0 0.0 0.0 0.0 0  
101000.0 102000.0 2 2 453.0 453.0 450.0 2502.0 2502.0 1205.0 1205.0 3.0 1909968.0 1909968.0 0.0 0.0 3.0 1202.0 445.3270000000048 266.10199999999895 355.71450000000186 126.73121285816309 8000.0 8000.0 8000.0 0.0 128.0 128.0 128.0 0.0 1 1.0 1.0
102000.0 103000.0 0 0 0.0 0.0 0.0 0.0 0.0 0.0 0.0 0.0 0.0 0.0 0.0 0.0 0.0 0.0 0.0 0.0 0.0 0.0 0.0 0.0 0.0 0.0 0.0 0.0 0.0 0.0 0  
103000.0 104000.0 2 2 383.0 383.0 380.0 2502.0 2502.0 1269.0 1269.0 3.0 2040945.0 2039545.0 0.0 1.0 3.0 1266.0 572.2869999999966 190.11299999999756 381.1999999999971 270.23782699318696 8000.0 8000.0 8000.0 0.0 128.0 128.0 128.0 0.0 1 1.0 1.0
104000.0 105000.0 0 0 0.0 0.0 0.0 0.0 0.0 0.0 0.0 0.0 0.0 0.0 0.0 0.0 0.0 0.0 0.0 0.0 0.0 0.0 0.0 0.0 0.0 0.0 0.0 0.0 0.0 0.0 0  
105000.0 106000.0 2 2 490.0 490.0 487.0 2502.0 2502.0 1198.0 1198.0 3.0 1892479.0 1892479.0 0.0 0.0 3.0 1195.0 595.3360000000102 275.20500000000175 435.270500000006 226.36680096803664 8000.0 8000.0 8000.0 0.0 128.0 128.0 128.0 0.0 1 1.0 1.0
106000.0 107000.0 0 0 0.0 0.0 0.0 0.0 0.0 0.0 0.0 0.0 0.0 0.0 0.0 0.0 0.0 0.0 0.0 0.0 0.0 0.0 0.0 0.0 0.0 0.0 0.0 0.0 0.0 0.0 0  
107000.0 108000.0 2 2 323.0 323.0 320.0 2502.0 2502.0 1059.0 1059.0 3.0 1845669.0 1845669.0 0.0 0.0 3.0 1056.0 267.1790000000183 161.02399999999034 214.1015000000043 75.06292035687771 8000.0 8000.0 8000.0 0.0 128.0 128.0 128.0 0.0 1 1.0 1.0
108000.0 109000.0 0 0 0.0 0.0 0.0 0.0 0.0 0.0 0.0 0.0 0.0 0.0 0.0 0.0 0.0 0.0 0.0 0.0 0.0 0.0 0.0 0.0 0.0 0.0 0.0 0.0 0.0 0.0 0  
109000.0 110000.0 3 3 354.0 354.0 351.0 2502.0 2502.0 1197.0 1197.0 3.0 2033173.0 2031773.0 0.0 1.0 3.0 1194.0 307.3780000000115 175.6429999999964 230.01233333333707 68.81243395153486 8000.0 8000.0 8000.0 0.0 128.0 128.0 128.0 0.0 1 1.0 1.0
110000.0 111000.0 0 0 0.0 0.0 0.0 0.0 0.0 0.0 0.0 0.0 0.0 0.0 0.0 0.0 0.0 0.0 0.0 0.0 0.0 0.0 0.0 0.0 0.0 0.0 0.0 0.0 0.0 0.0 0  
111000.0 112000.0 1 1 3.0 3.0 2.0 820.0 820.0 3.0 3.0 1.0 2914.0 2914.0 0.0 0.0 1.0 2.0 51.405999999988126 51.405999999988126 51.405999999988126 0.0 0.0 0.0 0.0 0.0 0.0 0.0 0.0 0.0 0 0.0 1.0
112000.0 113000.0 0 0 0.0 0.0 0.0 0.0 0.0 0.0 0.0 0.0 0.0 0.0 0.0 0.0 0.0 0.0 0.0 0.0 0.0 0.0 0.0 0.0 0.0 0.0 0.0 0.0 0.0 0.0 0  
113000.0 114000.0 2 2 410.0 410.0 407.0 2502.0 2502.0 1192.0 1192.0 3.0 1847366.0 1847366.0 0.0 0.0 3.0 1189.0 257.06299999999464 253.67199999999139 255.36749999999302 2.3977990950058876 8000.0 8000.0 8000.0 0.0 128.0 128.0 128.0 0.0 1 1.0 1.0
114000.0 115000.0 2 2 232.53819412557604 232.53819412557604 230.5585676683816 1654.0695859285556 1654.0695859285556 656.2266368621588 656.2266368621588 1.979626457194411 1040677.3078232905 1040677.3078232905 0.0 0.0 1.979626457194411 654.2470104049644 340.02099609375 78.19399999998859 209.1074980468693 185.13964443560238 8000.0 8000.0 8000.0 0.0 128.0 128.0 128.0 0.0 1 1.0 0.0
115000.0 116000.0 1 1 223.46180587442396 223.46180587442396 222.4414323316184 847.9304140714444 847.9304140714444 664.7733631378412 664.7733631378412 1.020373542805589 1049654.6921767094 1049654.6921767094 0.0 0.0 1.020373542805589 663.7529895950356 354.1640039062477 354.1640039062477 354.1640039062477 0.0 0.0 0.0 0.0 0.0 0.0 0.0 0.0 0.0 0 0.0 1.0
116000.0 117000.0 2 2 183.5108235246568 183.5108235246568 181.5227705305147 1661.0720381320707 1661.0720381320707 580.214100672703 580.214100672703 1.9880529941420828 983229.3520233949 983229.3520233949 0.0 0.0 1.9880529941420828 578.2260476785609 342.7373046875 78.2840000000142 210.5106523437571 186.9967250517134 8000.0 8000.0 8000.0 0.0 128.0 128.0 128.0 0.0 1 1.0 0.0
117000.0 118000.0 1 1 168.4891764753432 168.4891764753432 167.4772294694853 840.9279618679292 840.9279618679292 574.785899327297 574.785899327297 1.0119470058579172 973715.6479766051 973715.6479766051 0.0 0.0 1.0119470058579172 573.7739523214391 351.0256953125063 351.0256953125063 351.0256953125063 0.0 0.0 0.0 0.0 0.0 0.0 0.0 0.0 0.0 0 0.0 1.0
118000.0 119000.0 2 2 417.0 417.0 415.0 1682.0 1682.0 1058.0 1058.0 2.0 1851999.0 1851999.0 0.0 0.0 2.0 1056.0 363.1240000000107 79.53599999999278 221.33000000000175 200.52699786314332 8000.0 8000.0 8000.0 0.0 128.0 128.0 128.0 0.0 1 1.0 0.0
119000.0 120000.0 1 1 17.44642678205339 17.44642678205339 15.929346192309618 1259.1768894873317 1259.1768894873317 18.963507371797164 18.963507371797164 1.5170805897437731 26775.713868682724 26775.713868682724 0.0 0.0 1.5170805897437731 17.44642678205339 736.999267578125 736.999267578125 736.999267578125 0.0 0.0 0.0 0.0 0.0 0.0 0.0 0.0 0.0 0 0.0 1.0
120000.0 121000.0 2 2 486.5535732179466 486.5535732179466 485.0706538076904 1242.8231105126683 1242.8231105126683 1320.0364926282027 1320.0364926282027 1.4829194102562269 2072910.2861313173 2072910.2861313173 0.0 0.0 1.4829194102562269 1318.5535732179467 275.64400000000023 234.6027324218885 255.12336621094437 29.020558612974398 8000.0 8000.0 8000.0 0.0 128.0 128.0 128.0 0.0 1 1.0 0.0
121000.0 122000.0 2 2 310.0 310.0 307.0 2502.0 2502.0 1282.0 1282.0 3.0 1946786.0 1946786.0 0.0 0.0 3.0 1279.0 461.33499999999185 321.57600000000093 391.4554999999964 98.82453663184427 8000.0 8000.0 8000.0 0.0 128.0 128.0 128.0 0.0 1 1.0 1.0
122000.0 123000.0 0 0 0.0 0.0 0.0 0.0 0.0 0.0 0.0 0.0 0.0 0.0 0.0 0.0 0.0 0.0 0.0 0.0 0.0 0.0 0.0 0.0 0.0 0.0 0.0 0.0 0.0 0.0 0  
123000.0 124000.0 3 3 352.0 352.0 349.0 2502.0 2502.0 1223.0 1223.0 3.0 1997216.0 1997216.0 0.0 0.0 3.0 1220.0 312.48099999999977 63.913000000000466 167.26900000000023 129.46218060885542 8000.0 8000.0 8000.0 0.0 128.0 128.0 128.0 0.0 1 1.0 1.0
124000.0 125000.0 0 0 0.0 0.0 0.0 0.0 0.0 0.0 0.0 0.0 0.0 0.0 0.0 0.0 0.0 0.0 0.0 0.0 0.0 0.0 0.0 0.0 0.0 0.0 0.0 0.0 0.0 0.0 0  
125000.0 126000.0 2 2 458.0 458.0 455.0 2502.0 2502.0 1343.0 1343.0 3.0 2011308.0 2011308.0 0.0 0.0 3.0 1340.0 262.60800000000745 235.40700000000652 249.00750000000698 19.234011555055936 8000.0 8000.0 8000.0 0.0 128.0 128.0 128.0 0.0 1 1.0 1.0
126000.0 127000.0 2 2 141.30483200890302 141.30483200890302 139.25457372311166 1712.764635492627 1712.764635492627 575.335341754677 575.335341754677 2.0502582857913683 936052.2469600115 936052.2469600115 0.0 0.0 2.0502582857913683 573.2850834688855 349.570068359375 120.41000000000349 234.99003417968925 162.0406383140844 8000.0 8000.0 8000.0 0.0 128.0 128.0 128.0 0.0 1 1.0 0.0
127000.0 128000.0 1 1 109.69516799109697 109.69516799109697 108.74542627688834 789.235364507373 789.235364507373 497.66465824532304 497.66465824532304 0.9497417142086317 816855.7530399885 816855.7530399885 0.0 0.0 0.9497417142086317 496.7149165311144 316.1139316406334 316.1139316406334 316.1139316406334 0.0 0.0 0.0 0.0 0.0 0.0 0.0 0.0 0.0 0 0.0 1.0
128000.0 129000.0 2 2 191.3941071744367 191.3941071744367 189.43040328886286 1640.8379289118511 1640.8379289118511 650.5990086503657 650.5990086503657 1.963703885573828 986568.4554836707 986568.4554836707 0.0 0.0 1.963703885573828 648.635304764792 341.94189453125 101.04000000000815 221.49094726562907 170.34336322372758 8000.0 8000.0 8000.0 0.0 128.0 128.0 128.0 0.0 1 1.0 0.0
129000.0 130000.0 1 1 188.6058928255633 188.6058928255633 187.56959671113714 861.1620710881489 861.1620710881489 682.4009913496343 682.4009913496343 1.036296114426172 1025230.5445163293 1025230.5445163293 0.0 0.0 1.036296114426172 681.364695235208 367.69910546875326 367.69910546875326 367.69910546875326 0.0 0.0 0.0 0.0 0.0 0.0 0.0 0.0 0.0 0 0.0 1.0
130000.0 131000.0 2 2 190.8459886285052 190.8459886285052 188.8754401220566 1646.5258088587875 1646.5258088587875 601.4763613369178 601.4763613369178 1.9705485064486012 945627.4498893153 945627.4498893153 0.0 0.0 1.9705485064486012 599.5058128304692 341.044921875 129.3869999999879 235.21596093749395 149.66475184967356 8000.0 8000.0 8000.0 0.0 128.0 128.0 128.0 0.0 1 1.0 0.0
131000.0 132000.0 1 1 180.1540113714948 180.1540113714948 179.1245598779434 855.4741911412124 855.4741911412124 612.5236386630822 612.5236386630822 1.0294514935513988 968423.5501106847 968423.5501106847 0.0 0.0 1.0294514935513988 611.4941871695308 361.74307812500047 361.74307812500047 361.74307812500047 0.0 0.0 0.0 0.0 0.0 0.0 0.0 0.0 0.0 0 0.0 1.0
132000.0 133000.0 2 2 186.05783701152535 186.05783701152535 184.036339506924 1688.8644263237315 1688.8644263237315 713.150549385828 713.150549385828 2.0214975046013617 1054540.8077626424 1054540.8077626424 0.0 0.0 2.0214975046013617 711.1290518812266 340.075927734375 112.77499999999418 226.4254638671846 160.72602737097407 8000.0 8000.0 8000.0 0.0 128.0 128.0 128.0 0.0 1 1.0 0.0
133000.0 134000.0 1 1 161.94216298847465 161.94216298847465 160.96366049307602 813.1355736762686 813.1355736762686 666.849450614172 666.849450614172 0.9785024953986384 978243.1922373578 978243.1922373578 0.0 0.0 0.9785024953986384 665.8709481187734 325.7620722656138 325.7620722656138 325.7620722656138 0.0 0.0 0.0 0.0 0.0 0.0 0.0 0.0 0.0 0 0.0 1.0
134000.0 135000.0 2 2 322.0 322.0 320.0 1682.0 1682.0 1080.0 1080.0 2.0 1907478.0 1907478.0 0.0 0.0 2.0 1078.0 374.1730000000098 137.1020000000135 255.63750000001164 167.63451172267338 8000.0 8000.0 8000.0 0.0 128.0 128.0 128.0 0.0 1 1.0 0.0
135000.0 136000.0 1 1 3.0434689669858987 3.0434689669858987 1.5217344834929494 1263.039621299148 1263.039621299148 3.0434689669858987 3.0434689669858987 1.5217344834929494 2217.1671424492274 2217.1671424492274 0.0 0.0 1.5217344834929494 1.5217344834929494 736.9189453125 736.9189453125 736.9189453125 0.0 0.0 0.0 0.0 0.0 0.0 0.0 0.0 0.0 0 0.0 1.0
136000.0 137000.0 3 2 428.9565310330141 428.9565310330141 427.47826551650707 1238.9603787008518 1238.9603787008518 1121.956531033014 1121.956531033014 1.4782655165070506 1945186.8328575508 1945186.8328575508 0.0 0.0 1.4782655165070506 1120.478265516507 527.2200000000012 28.948999999993248 262.59168489582953 250.57649394906886 8000.0 8000.0 8000.0 0.0 128.0 128.0 128.0 0.0 1 1.0 0.0
137000.0 138000.0 1 1 7.698308213604514 7.698308213604514 6.158646570883611 1277.9191634583492 1277.9191634583492 7.698308213604514 7.698308213604514 1.5396616427209027 16252.668300561849 16252.668300561849 0.0 0.0 1.5396616427209027 6.158646570883611 737.269287109375 737.269287109375 737.269287109375 0.0 0.0 0.0 0.0 0.0 0.0 0.0 0.0 0.0 0 0.0 1.0
138000.0 139000.0 3 2 438.3016917863955 438.3016917863955 436.8413534291164 1224.0808365416506 1224.0808365416506 1201.3016917863954 1201.3016917863954 1.460338357279097 1941119.3316994382 1941119.3316994382 0.0 0.0 1.460338357279097 1199.8413534291165 373.6000000000058 0.39300000001094304 198.14223763021678 187.59943660420032 8000.0 8000.0 8000.0 0.0 128.0 128.0 128.0 0.0 1 1.0 0.0
139000.0 140000.0 1 1 13.576121949704445 13.576121949704445 12.06766395529284 1252.0201353616321 1252.0201353616321 13.576121949704445 13.576121949704445 1.508457994411605 27122.074739520656 27122.074739520656 0.0 0.0 1.508457994411605 12.06766395529284 737.712890625 737.712890625 737.712890625 0.0 0.0 0.0 0.0 0.0 0.0 0.0 0.0 0.0 0 0.0 1.0
140000.0 141000.0 2 2 419.42387805029557 419.42387805029557 417.93233604470714 1249.9798646383679 1249.9798646383679 1153.4238780502956 1153.4238780502956 1.491542005588395 1913416.9252604793 1913416.9252604793 0.0 0.0 1.491542005588395 1151.9323360447072 447.8550000000105 240.3891093750135 344.122054687512 146.70053812584194 8000.0 8000.0 8000.0 0.0 128.0 128.0 128.0 0.0 1 1.0 0.0
141000.0 142000.0 1 1 16.35241848329035 16.35241848329035 14.795045294405554 1292.61974677438 1292.61974677438 17.131105077732748 17.131105077732748 1.5573731888847953 27838.824437910156 27838.824437910156 0.0 0.0 1.5573731888847953 15.573731888847952 736.287109375 736.287109375 736.287109375 0.0 0.0 0.0 0.0 0.0 0.0 0.0 0.0 0.0 0 0.0 1.0
142000.0 143000.0 2 2 341.64758151670964 341.64758151670964 340.20495470559445 1209.38025322562 1209.38025322562 1027.8688949222671 1027.8688949222671 1.4426268111152047 1716202.1755620898 1716202.1755620898 0.0 0.0 1.4426268111152047 1026.426268111152 284.75599999999395 209.26289062498836 247.00944531249115 53.38168957192418 8000.0 8000.0 8000.0 0.0 128.0 128.0 128.0 0.0 1 1.0 0.0
143000.0 144000.0 2 2 456.0 456.0 453.0 2502.0 2502.0 1461.0 1461.0 3.0 2214129.0 2214129.0 0.0 0.0 3.0 1458.0 463.5590000000084 345.4310000000114 404.4950000000099 83.52910984800235 8000.0 8000.0 8000.0 0.0 128.0 128.0 128.0 0.0 1 1.0 1.0
144000.0 145000.0 0 0 0.0 0.0 0.0 0.0 0.0 0.0 0.0 0.0 0.0 0.0 0.0 0.0 0.0 0.0 0.0 0.0 0.0 0.0 0.0 0.0 0.0 0.0 0.0 0.0 0.0 0.0 0  
145000.0 146000.0 1 1 17.212003174235953 17.212003174235953 15.71530724604152 1242.2576204013774 1242.2576204013774 18.70869910243038 18.70869910243038 1.4966959281944305 26785.618678931627 26785.618678931627 0.0 0.0 1.4966959281944305 17.212003174235953 737.068115234375 737.068115234375 737.068115234375 0.0 0.0 0.0 0.0 0.0 0.0 0.0 0.0 0.0 0 0.0 1.0
146000.0 147000.0 2 2 363.787996825764 363.787996825764 362.2846927539585 1259.7423795986226 1259.7423795986226 1156.2913008975697 1156.2913008975697 1.5033040718055695 1963086.3813210684 1963086.3813210684 0.0 0.0 1.5033040718055695 1154.7879968257641 287.43900000001304 247.85888476562104 267.64894238281704 27.98736788238356 8000.0 8000.0 8000.0 0.0 128.0 128.0 128.0 0.0 1 1.0 0.0
147000.0 148000.0 2 2 390.0 390.0 387.0 2502.0 2502.0 1168.0 1168.0 3.0 1817321.0 1817321.0 0.0 0.0 3.0 1165.0 470.36799999998766 289.14199999999255 379.7549999999901 128.14613352730981 8000.0 8000.0 8000.0 0.0 128.0 128.0 128.0 0.0 1 1.0 1.0
148000.0 149000.0 0 0 0.0 0.0 0.0 0.0 0.0 0.0 0.0 0.0 0.0 0.0 0.0 0.0 0.0 0.0 0.0 0.0 0.0 0.0 0.0 0.0 0.0 0.0 0.0 0.0 0.0 0.0 0  
149000.0 150000.0 1 1 3.0 3.0 2.0 820.0 820.0 3.0 3.0 1.0 2909.0 2909.0 0.0 0.0 1.0 2.0 71.30100000000675 71.30100000000675 71.30100000000675 0.0 0.0 0.0 0.0 0.0 0.0 0.0 0.0 0.0 0 0.0 1.0
150000.0 151000.0 0 0 0.0 0.0 0.0 0.0 0.0 0.0 0.0 0.0 0.0 0.0 0.0 0.0 0.0 0.0 0.0 0.0 0.0 0.0 0.0 0.0 0.0 0.0 0.0 0.0 0.0 0.0 0  
151000.0 152000.0 2 2 374.0 374.0 371.0 2502.0 2502.0 1286.0 1286.0 3.0 2017719.0 2017719.0 0.0 0.0 3.0 1283.0 332.12100000001374 240.3310000000056 286.22600000000966 64.90533144511896 8000.0 8000.0 8000.0 0.0 128.0 128.0 128.0 0.0 1 1.0 1.0
152000.0 153000.0 0 0 0.0 0.0 0.0 0.0 0.0 0.0 0.0 0.0 0.0 0.0 0.0 0.0 0.0 0.0 0.0 0.0 0.0 0.0 0.0 0.0 0.0 0.0 0.0 0.0 0.0 0.0 0  
153000.0 154000.0 2 2 336.1258550148167 336.1258550148167 333.438758135735 2238.5355721867727 2238.5355721867727 862.7549675122999 862.7549675122999 2.6870968790816776 1398206.3079907475 1398206.3079907475 0.0 0.0 2.6870968790816776 860.0678706332183 525.6989999999932 354.034912109375 439.8669560546841 121.38484063365966 8000.0 8000.0 8000.0 0.0 128.0 128.0 128.0 0.0 1 1.0 1.0
154000.0 155000.0 1 1 144.87414498518334 144.87414498518334 144.56124186426499 263.46442781322753 263.46442781322753 384.24503248770003 384.24503248770003 0.3129031209183225 620479.6920092524 620479.6920092524 0.0 0.0 0.3129031209183225 383.93212936678174 161.2270878906129 161.2270878906129 161.2270878906129 0.0 0.0 0.0 0.0 0.0 0.0 0.0 0.0 0.0 0 0.0 0.0
155000.0 156000.0 2 2 477.4952369629141 477.4952369629141 474.0825248032512 2854.659272957777 2854.659272957777 1474.3934623772925 1474.3934623772925 3.4127121596628314 2405810.7500634436 2405810.7500634436 0.0 0.0 3.4127121596628314 1470.9807502176295 734.822998046875 319.35791015625 527.0904541015625 293.7781809937259 8000.0 8000.0 8000.0 0.0 128.0 128.0 128.0 0.0 2 1.0 1.0
156000.0 157000.0 3 2 276.9518124813785 276.9518124813785 274.62813397249397 1933.1810752510355 1933.1810752510355 877.2027179894374 877.2027179894374 1.5872878403371686 1439960.5532071486 1439960.5532071486 0.0 0.0 2.323678508884501 875.6154301491001 734.797119140625 209.29708984374884 403.08240364583133 288.627718845984 0.0 0.0 0.0 0.0 128.0 128.0 128.0 0.0 0 1.0 0.0
157000.0 158000.0 3 2 419.5529505557074 419.5529505557074 417.2893412242547 1898.1596517911873 1898.1596517911873 1227.4038196332701 1227.4038196332701 3.0 2011832.6967294072 2011832.6967294072 0.0 0.0 2.2636093314526677 1224.4038196332701 406.9320000000007 263.03888085941435 339.29129361980205 72.33207137284046 8000.0 8000.0 8000.0 0.0 128.0 128.0 128.0 0.0 1 1.0 1.0
158000.0 159000.0 0 0 0.0 0.0 0.0 0.0 0.0 0.0 0.0 0.0 0.0 0.0 0.0 0.0 0.0 0.0 0.0 0.0 0.0 0.0 0.0 0.0 0.0 0.0 0.0 0.0 0.0 0.0 0  
159000.0 160000.0 2 2 306.8738742166638 306.8738742166638 303.9438936020541 2443.0436775013636 2443.0436775013636 1048.8386372998846 1048.8386372998846 2.9299806146096956 1900583.4696172557 1900583.4696172557 0.0 0.0 2.9299806146096956 1045.9086566852748 453.1030000000028 358.0192871093459 405.56114355467435 67.23433816537823 8000.0 8000.0 8000.0 0.0 128.0 128.0 128.0 0.0 1 1.0 1.0
160000.0 161000.0 1 1 22.126125783336203 22.126125783336203 22.0561063979459 58.95632249863634 58.95632249863634 77.1613627001155 77.1613627001155 0.07001938539030444 140398.53038274427 140398.53038274427 0.0 0.0 0.07001938539030444 77.0913433147252 26.95571289063082 26.95571289063082 26.95571289063082 0.0 0.0 0.0 0.0 0.0 0.0 0.0 0.0 0.0 0 0.0 0.0
161000.0 162000.0 3 3 320.0 320.0 317.0 2502.0 2502.0 1001.0 1001.0 3.0 1951937.0 1951937.0 0.0 0.0 3.0 998.0 576.0070000000414 149.24600000004284 364.66600000002654 213.4097384399304 8000.0 8000.0 8000.0 0.0 128.0 128.0 128.0 0.0 1 1.0 1.0
162000.0 163000.0 0 0 0.0 0.0 0.0 0.0 0.0 0.0 0.0 0.0 0.0 0.0 0.0 0.0 0.0 0.0 0.0 0.0 0.0 0.0 0.0 0.0 0.0 0.0 0.0 0.0 0.0 0.0 0  
163000.0 164000.0 3 3 451.0 451.0 448.0 2502.0 2502.0 1145.0 1145.0 3.0 1996589.0 1996589.0 0.0 0.0 3.0 1142.0 495.62900000001537 256.96199999999953 355.84866666667705 124.47772171089436 8000.0 8000.0 8000.0 0.0 128.0 128.0 128.0 0.0 1 1.0 1.0
164000.0 165000.0 0 0 0.0 0.0 0.0 0.0 0.0 0.0 0.0 0.0 0.0 0.0 0.0 0.0 0.0 0.0 0.0 0.0 0.0 0.0 0.0 0.0 0.0 0.0 0.0 0.0 0.0 0.0 0  
165000.0 166000.0 2 2 316.1262873370181 316.1262873370181 313.2259159036739 2418.112746875792 2418.112746875792 1059.4271483457965 1059.4271483457965 2.900371433344171 1780332.5636187645 1780332.5636187645 0.0 0.0 2.900371433344171 1056.5267769124523 623.2799999999988 272.69189453125 447.9859472656244 247.90322678029682 8000.0 8000.0 8000.0 0.0 128.0 128.0 128.0 0.0 1 1.0 1.0
166000.0 167000.0 1 1 33.873712662981944 33.873712662981944 33.77408409632611 83.88725312420821 83.88725312420821 114.57285165420363 114.57285165420363 0.09962856665582924 193033.4363812355 193033.4363812355 0.0 0.0 0.09962856665582924 114.4732230875478 30.174105468788184 30.174105468788184 30.174105468788184 0.0 0.0 0.0 0.0 0.0 0.0 0.0 0.0 0.0 0 0.0 0.0
167000.0 168000.0 3 3 304.0 304.0 301.0 2502.0 2502.0 996.0 996.0 3.0 1917189.0 1917189.0 0.0 0.0 3.0 993.0 418.70100000000093 144.8880000000063 276.4486666666732 137.21925354822662 8000.0 8000.0 8000.0 0.0 128.0 128.0 128.0 0.0 1 1.0 1.0
168000.0 169000.0 2 2 162.906196818746 162.906196818746 161.12921989210395 1485.66782603956 1485.66782603956 486.12859830184703 486.12859830184703 1.7769769266420696 778817.6626952131 778817.6626952131 0.0 0.0 1.7769769266420696 484.35162137520496 348.0712890625 67.00800000000163 207.53964453125081 198.7417576386874 8000.0 8000.0 8000.0 0.0 128.0 128.0 128.0 0.0 1 1.0 0.0
169000.0 170000.0 1 1 228.093803181254 228.093803181254 226.87078010789608 1016.3321739604402 1016.3321739604402 736.871401698153 736.871401698153 1.2230230733579304 1173963.337304787 1173963.337304787 0.0 0.0 1.2230230733579304 735.6483786247951 547.8917109374888 547.8917109374888 547.8917109374888 0.0 0.0 0.0 0.0 0.0 0.0 0.0 0.0 0.0 0 0.0 1.0
170000.0 171000.0 2 2 236.94258801061736 236.94258801061736 234.84237400051376 1754.2778423960956 1754.2778423960956 712.7851473804265 712.7851473804265 2.100214010103605 1103475.713825318 1103475.713825318 0.0 0.0 2.100214010103605 710.6849333703228 347.055908203125 85.54699999999139 216.3014541015582 184.91472233112614 8000.0 8000.0 8000.0 0.0 128.0 128.0 128.0 0.0 1 1.0 0.0
171000.0 172000.0 2 1 179.99933740690255 179.99933740690255 178.78557627783286 1011.4612745094787 1011.4612745094787 569.1567780370934 569.1567780370934 1.213761129069698 876540.8957550938 876540.8957550938 0.0 0.0 1.213761129069698 567.9430169080238 308.6140136719332 283.8320917968813 296.22305273440725 17.523465008684454 0.0 0.0 0.0 0.0 0.0 0.0 0.0 0.0 0 0.0 1.0
172000.0 173000.0 3 2 230.0784215140608 230.0784215140608 228.29568465881331 1487.6285504580997 1487.6285504580997 686.665543201477 686.665543201477 1.7827368552474843 1107742.1214094218 1107742.1214094218 0.0 0.0 1.7827368552474843 684.8828063462296 674.3109863281134 12.396000000007916 344.13532031248906 330.9602635400571 8000.0 8000.0 8000.0 0.0 128.0 128.0 128.0 0.0 1 1.0 0.0
173000.0 174000.0 2 1 177.0042325876187 177.0042325876187 175.9180091493486 904.2980960966662 904.2980960966662 551.9659171982752 551.9659171982752 1.0862234382700942 890279.054489394 890279.054489394 0.0 0.0 1.0862234382700942 550.8796937600051 284.72902539063944 160.552001953125 222.64051367188222 87.8064153402273 0.0 0.0 0.0 0.0 0.0 0.0 0.0 0.0 0 0.0 1.0
174000.0 175000.0 2 2 204.6652332184194 204.6652332184194 202.75959831444777 1590.9361863061972 1590.9361863061972 570.6989193656217 570.6989193656217 1.905634903971619 1051367.7051613294 1051367.7051613294 0.0 0.0 1.905634903971619 568.7932844616502 717.0909980468859 340.7072753906541 528.89913671877 266.14348261845834 8000.0 8000.0 8000.0 0.0 128.0 128.0 128.0 0.0 1 1.0 0.0
175000.0 176000.0 2 1 157.20191710178548 157.20191710178548 155.99324415864655 1007.0824052666533 1007.0824052666533 461.6194246565104 461.6194246565104 1.2086729431389176 856508.270763344 856508.270763344 0.0 0.0 1.2086729431389176 460.41075171337144 286.665283203125 285.26472460935474 285.9650039062399 0.9903444791040433 0.0 0.0 0.0 0.0 0.0 0.0 0.0 0.0 0 0.0 1.0
176000.0 177000.0 3 2 367.6377833397703 367.6377833397703 365.8484558234108 1493.2559765765386 1493.2559765765386 769.8659801327499 769.8659801327499 1.7893275163595084 1178689.5543209172 1178689.5543209172 0.0 0.0 1.7893275163595084 768.0766526163903 677.7477167968755 3.1640000000188593 343.2532057291828 337.32665651876925 8000.0 8000.0 8000.0 0.0 128.0 128.0 128.0 0.0 1 1.0 0.0
177000.0 178000.0 2 1 292.47048682082544 292.47048682082544 291.55705761698636 759.0596683902702 759.0596683902702 627.2422900278459 627.2422900278459 0.9134292038390737 964428.6842751817 964428.6842751817 0.0 0.0 0.9134292038390737 626.3288608240068 293.26009960935335 0.0809999999764841 146.67054980466492 207.30892943595666 0.0 0.0 0.0 0.0 0.0 0.0 0.0 0.0 0 0.0 1.0
178000.0 179000.0 0 0 0.0 0.0 0.0 0.0 0.0 0.0 0.0 0.0 0.0 0.0 0.0 0.0 0.0 0.0 0.0 0.0 0.0 0.0 0.0 0.0 0.0 0.0 0.0 0.0 0.0 0.0 0  
179000.0 180000.0 2 2 257.8854936914401 257.8854936914401 254.42062225280642 2898.5758308052227 2898.5758308052227 775.2595801006873 775.2595801006873 3.464871438633719 1306849.0777959907 1306849.0777959907 0.0 0.0 3.464871438633719 771.7947086620536 732.37890625 503.9189453125 618.14892578125 161.54558760852 8000.0 8000.0 8000.0 0.0 128.0 128.0 128.0 0.0 1 1.0 1.0
180000.0 181000.0 3 2 319.7710432576442 319.7710432576442 317.50046312968243 1888.4944538030736 1888.4944538030736 1257.477947985186 1257.477947985186 1.535128561366281 1959942.062526867 1959942.062526867 0.0 0.0 2.270580127961764 1255.9428194238196 732.333251953125 267.5500937500037 430.3511334635453 261.79070944986415 8000.0 8000.0 8000.0 0.0 128.0 128.0 128.0 0.0 1 1.0 0.0
181000.0 182000.0 2 1 67.3434630509157 67.3434630509157 67.07891461751119 216.92971539170395 216.92971539170395 303.2624719141268 303.2624719141268 1.0 452016.85967714235 452016.85967714235 0.0 0.0 0.264548433404517 302.2624719141268 263.4267480468843 109.62799999999697 186.52737402344064 108.75213768195532 0.0 0.0 0.0 0.0 0.0 0.0 0.0 0.0 0 0.0 1.0
182000.0 183000.0 2 2 194.3586674996376 194.3586674996376 192.45290818795115 1592.6859880114225 1592.6859880114225 619.8011457130432 619.8011457130432 1.9057593116864289 1007163.757569546 1007163.757569546 0.0 0.0 1.9057593116864289 617.8953864013567 348.639892578125 170.73000000001048 259.68494628906774 125.801291482155 8000.0 8000.0 8000.0 0.0 128.0 128.0 128.0 0.0 1 1.0 0.0
183000.0 184000.0 1 1 210.64133250036244 210.64133250036244 209.54709181204888 909.3140119885776 909.3140119885776 722.1988542869569 722.1988542869569 1.0942406883135711 1177220.2424304541 1177220.2424304541 0.0 0.0 1.0942406883135711 721.1046135986434 421.1891074218729 421.1891074218729 421.1891074218729 0.0 0.0 0.0 0.0 0.0 0.0 0.0 0.0 0.0 0 0.0 1.0
184000.0 185000.0 2 2 324.0 324.0 322.0 1682.0 1682.0 921.0 921.0 2.0 1731148.0 1731148.0 0.0 0.0 2.0 919.0 298.4010000000126 84.37699999997858 191.38899999999558 151.33782173669368 8000.0 8000.0 8000.0 0.0 128.0 128.0 128.0 0.0 1 1.0 0.0
185000.0 186000.0 1 1 15.331570189409025 15.331570189409025 13.798413170468123 1272.5203257209491 1272.5203257209491 15.331570189409025 15.331570189409025 1.5331570189409025 27385.2506723224 27385.2506723224 0.0 0.0 1.5331570189409025 13.798413170468123 736.822998046875 736.822998046875 736.822998046875 0.0 0.0 0.0 0.0 0.0 0.0 0.0 0.0 0.0 0 0.0 1.0
186000.0 187000.0 2 2 317.66842981059096 317.66842981059096 316.2015868295319 1229.4796742790509 1229.4796742790509 1124.668429810591 1124.668429810591 1.4668429810590973 1897079.7493276775 1897079.7493276775 0.0 0.0 1.4668429810590973 1123.2015868295318 399.73399999999674 224.36100195316249 312.0475009765796 124.00743615593166 8000.0 8000.0 8000.0 0.0 128.0 128.0 128.0 0.0 1 1.0 0.0
187000.0 188000.0 1 1 16.120097356239665 16.120097356239665 14.584849988978743 1274.255314826564 1274.255314826564 16.120097356239665 16.120097356239665 1.5352473672609204 27495.512723959455 27495.512723959455 0.0 0.0 1.5352473672609204 14.584849988978743 737.4130859375 737.4130859375 737.4130859375 0.0 0.0 0.0 0.0 0.0 0.0 0.0 0.0 0.0 0 0.0 1.0
188000.0 189000.0 2 2 367.8799026437603 367.8799026437603 366.41515001102124 1227.744685173436 1227.744685173436 1195.8799026437603 1195.8799026437603 1.4647526327390796 1773519.4872760405 1773519.4872760405 0.0 0.0 1.4647526327390796 1194.4151500110213 254.31299999999464 223.23091406250023 238.77195703124744 21.978353739825327 8000.0 8000.0 8000.0 0.0 128.0 128.0 128.0 0.0 1 1.0 0.0
189000.0 190000.0 1 1 3.0 3.0 2.0 820.0 820.0 3.0 3.0 1.0 2914.0 2914.0 0.0 0.0 1.0 2.0 181.11099999997532 181.11099999997532 181.11099999997532 0.0 0.0 0.0 0.0 0.0 0.0 0.0 0.0 0.0 0 0.0 1.0
190000.0 191000.0 0 0 0.0 0.0 0.0 0.0 0.0 0.0 0.0 0.0 0.0 0.0 0.0 0.0 0.0 0.0 0.0 0.0 0.0 0.0 0.0 0.0 0.0 0.0 0.0 0.0 0.0 0.0 0  
191000.0 192000.0 2 2 449.0 449.0 446.0 2502.0 2502.0 1196.0 1196.0 3.0 2176877.0 2176877.0 0.0 0.0 3.0 1193.0 502.002999999997 273.27700000000186 387.6399999999994 161.7337056336708 8000.0 8000.0 8000.0 0.0 128.0 128.0 128.0 0.0 1 1.0 1.0
192000.0 193000.0 0 0 0.0 0.0 0.0 0.0 0.0 0.0 0.0 0.0 0.0 0.0 0.0 0.0 0.0 0.0 0.0 0.0 0.0 0.0 0.0 0.0 0.0 0.0 0.0 0.0 0.0 0.0 0  
193000.0 194000.0 2 2 402.0 402.0 399.0 2502.0 2502.0 1068.0 1068.0 3.0 1949800.0 1949800.0 0.0 0.0 3.0 1065.0 359.3880000000063 350.63100000002305 355.00950000001467 6.192134082838743 8000.0 8000.0 8000.0 0.0 128.0 128.0 128.0 0.0 1 1.0 1.0
194000.0 195000.0 0 0 0.0 0.0 0.0 0.0 0.0 0.0 0.0 0.0 0.0 0.0 0.0 0.0 0.0 0.0 0.0 0.0 0.0 0.0 0.0 0.0 0.0 0.0 0.0 0.0 0.0 0.0 0  
195000.0 196000.0 2 2 405.0 405.0 402.0 2502.0 2502.0 1118.0 1118.0 3.0 1827561.0 1827561.0 0.0 0.0 3.0 1115.0 271.7159999999858 267.97000000000116 269.8429999999935 2.648822002313941 8000.0 8000.0 8000.0 0.0 128.0 128.0 128.0 0.0 1 1.0 1.0
196000.0 197000.0 0 0 0.0 0.0 0.0 0.0 0.0 0.0 0.0 0.0 0.0 0.0 0.0 0.0 0.0 0.0 0.0 0.0 0.0 0.0 0.0 0.0 0.0 0.0 0.0 0.0 0.0 0.0 0  
197000.0 198000.0 2 2 434.0 434.0 431.0 2502.0 2502.0 1122.0 1122.0 3.0 2132433.0 2132433.0 0.0 0.0 3.0 1119.0 362.34799999999814 357.7749999999942 360.06149999999616 3.2335993103688807 8000.0 8000.0 8000.0 0.0 128.0 128.0 128.0 0.0 1 1.0 1.0
198000.0 199000.0 2 2 148.490694379937 148.490694379937 146.63745668903917 1549.0405211360935 1549.0405211360935 493.5195822845784 493.5195822845784 1.8532376908978263 854379.1459466715 854379.1459466715 0.0 0.0 1.8532376908978263 491.66634459368055 349.4951171875 101.24800000002142 225.3715585937607 175.53721997327764 8000.0 8000.0 8000.0 0.0 128.0 128.0 128.0 0.0 1 1.0 0.0
199000.0 200000.0 1 1 191.509305620063 191.509305620063 190.36254331096083 952.9594788639064 952.9594788639064 644.4804177154216 644.4804177154216 1.1467623091021737 1104216.8540533285 1104216.8540533285 0.0 0.0 1.1467623091021737 643.3336554063194 469.72588281249045 469.72588281249045 469.72588281249045 0.0 0.0 0.0 0.0 0.0 0.0 0.0 0.0 0.0 0 0.0 1.0
200000.0 201000.0 2 2 144.24201767450788 144.24201767450788 142.2791765602004 1640.1209659895126 1640.1209659895126 481.3123704103586 481.3123704103586 1.962841114307476 863975.1641138258 863975.1641138258 0.0 0.0 1.962841114307476 479.3495292960512 342.35693359375 74.40799999999581 208.3824667968729 189.46850795584749 8000.0 8000.0 8000.0 0.0 128.0 128.0 128.0 0.0 1 1.0 0.0
201000.0 202000.0 1 1 146.75798232549212 146.75798232549212 145.7208234397996 861.8790340104873 861.8790340104873 493.68762958964135 493.68762958964135 1.0371588856925238 895185.8358861741 895185.8358861741 0.0 0.0 1.0371588856925238 492.6504707039488 368.7820664062456 368.7820664062456 368.7820664062456 0.0 0.0 0.0 0.0 0.0 0.0 0.0 0.0 0.0 0 0.0 1.0
202000.0 203000.0 2 2 320.0 320.0 318.0 1682.0 1682.0 1131.0 1131.0 2.0 2112576.0 2112576.0 0.0 0.0 2.0 1129.0 300.49400000000605 60.212999999988824 180.35349999999744 169.904324490297 8000.0 8000.0 8000.0 0.0 128.0 128.0 128.0 0.0 1 1.0 0.0
203000.0 204000.0 1 1 2.309883074156239 2.309883074156239 0.7699610247187464 1278.135301033119 1278.135301033119 3.0798440988749856 3.0798440988749856 1.5399220494374928 2245.2063480798643 2245.2063480798643 0.0 0.0 1.5399220494374928 1.5399220494374928 737.27001953125 737.27001953125 737.27001953125 0.0 0.0 0.0 0.0 0.0 0.0 0.0 0.0 0.0 0 0.0 1.0
204000.0 205000.0 3 2 376.69011692584377 376.69011692584377 375.2300389752813 1223.864698966881 1223.864698966881 1199.920155901125 1199.920155901125 1.4600779505625074 2009577.79365192 2009577.79365192 0.0 0.0 1.4600779505625074 1198.4600779505624 342.42499999998836 47.88300000005984 203.52666015627133 147.98328201275137 8000.0 8000.0 8000.0 0.0 128.0 128.0 128.0 0.0 1 1.0 0.0
205000.0 206000.0 1 1 274.3585183409353 274.3585183409353 272.02023551416596 1950.127877525625 1950.127877525625 756.8242082643413 756.8242082643413 2.3382828267693347 1491469.0244891667 1491469.0244891667 0.0 0.0 2.3382828267693347 754.4859254375721 737.23095703125 737.23095703125 737.23095703125 0.0 8000.0 8000.0 8000.0 0.0 0.0 0.0 0.0 0.0 1 0.0 1.0
206000.0 207000.0 1 1 77.64148165906471 77.64148165906471 76.97976448583404 551.8721224743747 551.8721224743747 214.1757917356586 214.1757917356586 0.661717173230665 422074.97551083326 422074.97551083326 0.0 0.0 0.661717173230665 213.51407456242794 208.63104296877282 208.63104296877282 208.63104296877282 0.0 0.0 0.0 0.0 0.0 128.0 128.0 128.0 0.0 0 1.0 0.0
207000.0 208000.0 2 2 387.0 387.0 384.0 2502.0 2502.0 976.0 976.0 3.0 1958266.0 1958266.0 0.0 0.0 3.0 973.0 319.2589999999909 230.94000000000233 275.0994999999966 62.45096380760663 8000.0 8000.0 8000.0 0.0 128.0 128.0 128.0 0.0 1 1.0 1.0
208000.0 209000.0 0 0 0.0 0.0 0.0 0.0 0.0 0.0 0.0 0.0 0.0 0.0 0.0 0.0 0.0 0.0 0.0 0.0 0.0 0.0 0.0 0.0 0.0 0.0 0.0 0.0 0.0 0.0 0  
209000.0 210000.0 3 3 417.0 417.0 413.0 3322.0 2502.0 1332.0 1332.0 4.0 2029334.0 2025134.0 1.0 3.0 4.0 1328.0 530.7630000000645 419.0240000000049 492.0580000000191 63.28713306037589 8000.0 8000.0 8000.0 0.0 128.0 128.0 128.0 0.0 1 1.0 1.0
210000.0 211000.0 0 0 0.0 0.0 0.0 0.0 0.0 0.0 0.0 0.0 0.0 0.0 0.0 0.0 0.0 0.0 0.0 0.0 0.0 0.0 0.0 0.0 0.0 0.0 0.0 0.0 0.0 0.0 0  
211000.0 212000.0 2 2 357.0 357.0 354.0 2502.0 2502.0 1044.0 1044.0 3.0 1767109.0 1767109.0 0.0 0.0 3.0 1041.0 350.1620000000403 348.07600000000093 349.1190000000206 1.4750247455829617 8000.0 8000.0 8000.0 0.0 128.0 128.0 128.0 0.0 1 1.0 1.0
212000.0 213000.0 0 0 0.0 0.0 0.0 0.0 0.0 0.0 0.0 0.0 0.0 0.0 0.0 0.0 0.0 0.0 0.0 0.0 0.0 0.0 0.0 0.0 0.0 0.0 0.0 0.0 0.0 0.0 0  
213000.0 214000.0 2 2 337.0 337.0 334.0 2502.0 2502.0 1185.0 1185.0 3.0 2092101.0 2092101.0 0.0 0.0 3.0 1182.0 282.72200000000885 282.7140000000072 282.71800000000803 0.005656854250644833 8000.0 8000.0 8000.0 0.0 128.0 128.0 128.0 0.0 1 1.0 1.0
214000.0 215000.0 0 0 0.0 0.0 0.0 0.0 0.0 0.0 0.0 0.0 0.0 0.0 0.0 0.0 0.0 0.0 0.0 0.0 0.0 0.0 0.0 0.0 0.0 0.0 0.0 0.0 0.0 0.0 0  
215000.0 216000.0 2 2 329.0 329.0 326.0 2502.0 2502.0 1112.0 1112.0 3.0 1976221.0 1976221.0 0.0 0.0 3.0 1109.0 372.59700000003795 252.21299999998882 312.4050000000134 85.12434274639608 8000.0 8000.0 8000.0 0.0 128.0 128.0 128.0 0.0 1 1.0 1.0
216000.0 217000.0 0 0 0.0 0.0 0.0 0.0 0.0 0.0 0.0 0.0 0.0 0.0 0.0 0.0 0.0 0.0 0.0 0.0 0.0 0.0 0.0 0.0 0.0 0.0 0.0 0.0 0.0 0.0 0  
217000.0 218000.0 2 2 276.0 276.0 273.0 2502.0 2502.0 946.0 946.0 3.0 1770208.0 1770208.0 0.0 0.0 3.0 943.0 283.9059999999881 220.83900000006543 252.37250000002678 44.59510336903733 8000.0 8000.0 8000.0 0.0 128.0 128.0 128.0 0.0 1 1.0 1.0
218000.0 219000.0 0 0 0.0 0.0 0.0 0.0 0.0 0.0 0.0 0.0 0.0 0.0 0.0 0.0 0.0 0.0 0.0 0.0 0.0 0.0 0.0 0.0 0.0 0.0 0.0 0.0 0.0 0.0 0  
219000.0 220000.0 2 2 312.0 312.0 309.0 2502.0 2502.0 1136.0 1136.0 3.0 2153156.0 2153156.0 0.0 0.0 3.0 1133.0 521.6089999999967 207.45999999999185 364.5344999999943 222.13688820297617 8000.0 8000.0 8000.0 0.0 128.0 128.0 128.0 0.0 1 1.0 1.0
220000.0 221000.0 0 0 0.0 0.0 0.0 0.0 0.0 0.0 0.0 0.0 0.0 0.0 0.0 0.0 0.0 0.0 0.0 0.0 0.0 0.0 0.0 0.0 0.0 0.0 0.0 0.0 0.0 0.0 0  
221000.0 222000.0 2 2 283.20807456400524 283.20807456400524 280.3426403672631 2388.6955936568943 2388.6955936568943 1058.6556018938436 1058.6556018938436 2.8654341967421546 1688265.968420122 1687054.360544683 0.0 0.8654341967421548 2.8654341967421546 1055.7901676971014 466.803955078125 336.83400000000256 401.8189775390638 91.90263658625133 8000.0 8000.0 8000.0 0.0 128.0 128.0 128.0 0.0 1 1.0 1.0
222000.0 223000.0 1 1 42.79192543599476 42.79192543599476 42.65735963273692 113.30440634310564 113.30440634310564 161.34439810615638 161.34439810615638 0.13456580325784517 256913.031579878 256724.63945531702 0.0 0.13456580325784517 0.13456580325784517 161.20983230289852 72.58304492183379 72.58304492183379 72.58304492183379 0.0 0.0 0.0 0.0 0.0 0.0 0.0 0.0 0.0 0 0.0 0.0
223000.0 224000.0 2 2 338.0 338.0 335.0 2502.0 2502.0 974.0 974.0 3.0 1819868.0 1819868.0 0.0 0.0 3.0 971.0 514.7069999999949 396.4869999999937 455.5969999999943 83.59416367187447 8000.0 8000.0 8000.0 0.0 128.0 128.0 128.0 0.0 1 1.0 1.0
224000.0 225000.0 0 0 0.0 0.0 0.0 0.0 0.0 0.0 0.0 0.0 0.0 0.0 0.0 0.0 0.0 0.0 0.0 0.0 0.0 0.0 0.0 0.0 0.0 0.0 0.0 0.0 0.0 0.0 0  
225000.0 226000.0 2 2 375.0 375.0 372.0 2502.0 2502.0 1240.0 1240.0 3.0 2100785.0 2100785.0 0.0 0.0 3.0 1237.0 383.6270000000077 357.06099999995786 370.34399999998277 18.784998749037054 8000.0 8000.0 8000.0 0.0 128.0 128.0 128.0 0.0 1 1.0 1.0
226000.0 227000.0 0 0 0.0 0.0 0.0 0.0 0.0 0.0 0.0 0.0 0.0 0.0 0.0 0.0 0.0 0.0 0.0 0.0 0.0 0.0 0.0 0.0 0.0 0.0 0.0 0.0 0.0 0.0 0  
227000.0 228000.0 2 2 358.0 358.0 355.0 2502.0 2502.0 1080.0 1080.0 3.0 1940704.0 1940704.0 0.0 0.0 3.0 1077.0 379.6350000000675 193.89100000000326 286.7630000000354 131.34084196475953 8000.0 8000.0 8000.0 0.0 128.0 128.0 128.0 0.0 1 1.0 1.0
228000.0 229000.0 0 0 0.0 0.0 0.0 0.0 0.0 0.0 0.0 0.0 0.0 0.0 0.0 0.0 0.0 0.0 0.0 0.0 0.0 0.0 0.0 0.0 0.0 0.0 0.0 0.0 0.0 0.0 0  
229000.0 230000.0 2 2 312.0 312.0 309.0 2502.0 2502.0 1095.0 1095.0 3.0 1994163.0 1994163.0 0.0 0.0 3.0 1092.0 370.98399999999674 308.2480000000214 339.6160000000091 44.36105102450179 8000.0 8000.0 8000.0 0.0 128.0 128.0 128.0 0.0 1 1.0 1.0
230000.0 231000.0 0 0 0.0 0.0 0.0 0.0 0.0 0.0 0.0 0.0 0.0 0.0 0.0 0.0 0.0 0.0 0.0 0.0 0.0 0.0 0.0 0.0 0.0 0.0 0.0 0.0 0.0 0.0 0  
231000.0 232000.0 2 2 326.0 326.0 323.0 2502.0 2502.0 1279.0 1279.0 3.0 1997588.0 1997588.0 0.0 0.0 3.0 1276.0 293.5250000000233 219.79799999998068 256.661500000002 52.13286165657072 8000.0 8000.0 8000.0 0.0 128.0 128.0 128.0 0.0 1 1.0 1.0
232000.0 233000.0 0 0 0.0 0.0 0.0 0.0 0.0 0.0 0.0 0.0 0.0 0.0 0.0 0.0 0.0 0.0 0.0 0.0 0.0 0.0 0.0 0.0 0.0 0.0 0.0 0.0 0.0 0.0 0  
233000.0 234000.0 2 2 228.14489447864102 228.14489447864102 224.30369046598082 3213.5941839255715 3213.5941839255715 853.9091274338482 853.9091274338482 3.841204012660186 1431035.5801859258 1431035.5801859258 0.0 0.0 3.841204012660186 850.067923421188 736.9372558593459 632.658935546875 684.7980957031104 73.73590742369107 8000.0 8000.0 8000.0 0.0 128.0 128.0 128.0 0.0 1 1.0 1.0
234000.0 235000.0 3 2 322.93377045478195 322.93377045478195 321.0388780368339 1574.0048891731922 1574.0048891731922 1152.8940069719156 1152.8940069719156 1.1587959873398141 1988191.242063729 1988191.242063729 0.0 0.0 1.8948924179480626 1151.735210984576 734.72802734375 181.04374414065387 388.72761197918834 301.6457721503343 8000.0 8000.0 8000.0 0.0 128.0 128.0 128.0 0.0 1 1.0 0.0
235000.0 236000.0 2 1 86.31299593256429 86.31299593256429 85.25187207451012 886.065969377664 886.065969377664 296.38574674888577 296.38574674888577 1.5944405773248278 513603.2776715072 513603.2776715072 0.0 0.0 1.0611238580541655 294.7913061715609 712.8759765625 263.41297265625326 488.14447460937663 317.8183379545828 0.0 0.0 0.0 0.0 0.0 0.0 0.0 0.0 0 0.0 1.0
236000.0 237000.0 3 2 350.60833913401274 350.60833913401274 349.4055594226752 1012.3349575235724 1012.3349575235724 1215.8111188453504 1215.8111188453504 1.4055594226751724 1976966.9000788378 1975566.9000788378 0.0 1.0 1.2027797113375862 1214.4055594226752 272.57300000000396 79.37799999999697 177.75900781249706 96.64688151514453 8000.0 8000.0 8000.0 0.0 128.0 128.0 128.0 0.0 1 1.0 0.0
237000.0 238000.0 1 1 14.160060617017546 14.160060617017546 12.669527920489383 1237.142138118375 1237.142138118375 14.160060617017546 14.160060617017546 1.4905326965281627 26548.623124211368 26548.623124211368 0.0 0.0 1.4905326965281627 12.669527920489383 736.300048828125 736.300048828125 736.300048828125 0.0 0.0 0.0 0.0 0.0 0.0 0.0 0.0 0.0 0 0.0 1.0
238000.0 239000.0 2 2 299.83993938298244 299.83993938298244 298.3304720795106 1264.857861881625 1264.857861881625 1227.8399393829825 1227.8399393829825 1.5094673034718373 2005430.3768757887 2005430.3768757887 0.0 0.0 1.5094673034718373 1226.3304720795106 262.18599999998696 251.66895117188687 256.9274755859369 7.436676544419605 8000.0 8000.0 8000.0 0.0 128.0 128.0 128.0 0.0 1 1.0 0.0
239000.0 240000.0 2 2 381.0 381.0 378.0 2502.0 2502.0 1193.0 1193.0 3.0 1898111.0 1898111.0 0.0 0.0 3.0 1190.0 533.012000000017 278.2719999999972 405.6420000000071 180.1283814394751 8000.0 8000.0 8000.0 0.0 128.0 128.0 128.0 0.0 1 1.0 1.0
240000.0 241000.0 0 0 0.0 0.0 0.0 0.0 0.0 0.0 0.0 0.0 0.0 0.0 0.0 0.0 0.0 0.0 0.0 0.0 0.0 0.0 0.0 0.0 0.0 0.0 0.0 0.0 0.0 0.0 0  
241000.0 242000.0 1 1 2.0 2.0 1.0 820.0 820.0 2.0 2.0 1.0 2914.0 2914.0 0.0 0.0 1.0 1.0 104.76400000002468 104.76400000002468 104.76400000002468 0.0 0.0 0.0 0.0 0.0 0.0 0.0 0.0 0.0 0 0.0 1.0
242000.0 243000.0 2 2 220.51939092362207 220.51939092362207 218.39533801701012 1774.0879653945349 1774.0879653945349 682.8190561812178 682.8190561812178 2.124052906611955 1139141.4909520196 1139141.4909520196 0.0 0.0 2.124052906611955 680.6950032746058 420.60205078125 150.0900000000256 285.3460253906378 191.28090550008346 8000.0 8000.0 8000.0 0.0 128.0 128.0 128.0 0.0 1 1.0 0.0
243000.0 244000.0 3 2 457.48060907637796 457.48060907637796 454.6046619829899 2409.912034605465 2409.912034605465 1778.1809438187822 1778.1809438187822 2.875947093388045 2754321.5090479804 2754321.5090479804 0.0 0.0 2.875947093388045 1775.3049967253942 327.7649492187775 69.73200000007637 230.65398307295982 140.35360747617037 8000.0 8000.0 8000.0 0.0 128.0 128.0 128.0 0.0 1 1.0 1.0
244000.0 245000.0 0 0 0.0 0.0 0.0 0.0 0.0 0.0 0.0 0.0 0.0 0.0 0.0 0.0 0.0 0.0 0.0 0.0 0.0 0.0 0.0 0.0 0.0 0.0 0.0 0.0 0.0 0.0 0  
245000.0 246000.0 2 2 296.78877650953746 296.78877650953746 293.94185950798396 2373.10411530802 2373.10411530802 981.0977137647394 981.0977137647394 2.846917001553468 1669072.401331259 1669072.401331259 0.0 0.0 2.846917001553468 978.250796763186 533.5070000000414 344.8349609375 439.1709804687707 133.41127824141623 8000.0 8000.0 8000.0 0.0 128.0 128.0 128.0 0.0 1 1.0 1.0
246000.0 247000.0 1 1 50.21122349046254 50.21122349046254 50.058140492016 128.89588469198003 128.89588469198003 173.90228623526048 173.90228623526048 0.15308299844653211 295259.59866874106 295259.59866874106 0.0 0.0 0.15308299844653211 173.74920323681394 62.330039062479045 62.330039062479045 62.330039062479045 0.0 0.0 0.0 0.0 0.0 0.0 0.0 0.0 0.0 0 0.0 0.0
247000.0 248000.0 2 2 419.0 419.0 416.0 2502.0 2502.0 1129.0 1129.0 3.0 1998329.0 1998329.0 0.0 0.0 3.0 1126.0 559.2600000000093 433.15600000001723 496.20800000001327 89.1689935347428 8000.0 8000.0 8000.0 0.0 128.0 128.0 128.0 0.0 1 1.0 1.0
248000.0 249000.0 0 0 0.0 0.0 0.0 0.0 0.0 0.0 0.0 0.0 0.0 0.0 0.0 0.0 0.0 0.0 0.0 0.0 0.0 0.0 0.0 0.0 0.0 0.0 0.0 0.0 0.0 0.0 0  
249000.0 250000.0 2 2 309.9320436909427 309.9320436909427 307.14973057770413 2318.70764134688 2318.70764134688 945.1702916406654 945.1702916406654 2.7823131132385748 1562014.761502048 1562014.761502048 0.0 0.0 2.7823131132385748 942.3879785274269 468.1140000000014 342.387939453125 405.2509697265632 88.90174998456675 8000.0 8000.0 8000.0 0.0 128.0 128.0 128.0 0.0 1 1.0 1.0
250000.0 251000.0 1 1 82.06795630905731 82.06795630905731 81.85026942229588 183.29235865312003 183.29235865312003 258.8297083593346 258.8297083593346 0.21768688676142522 424733.238497952 424733.238497952 0.0 0.0 0.21768688676142522 258.6120214725732 95.27306054689689 95.27306054689689 95.27306054689689 0.0 0.0 0.0 0.0 0.0 0.0 0.0 0.0 0.0 0 0.0 0.0
251000.0 252000.0 2 2 463.0 463.0 460.0 2502.0 2502.0 1142.0 1142.0 3.0 1930383.0 1930383.0 0.0 0.0 3.0 1139.0 492.91700000007404 356.32500000001164 424.62100000004284 96.58512945587702 8000.0 8000.0 8000.0 0.0 128.0 128.0 128.0 0.0 1 1.0 1.0
252000.0 253000.0 0 0 0.0 0.0 0.0 0.0 0.0 0.0 0.0 0.0 0.0 0.0 0.0 0.0 0.0 0.0 0.0 0.0 0.0 0.0 0.0 0.0 0.0 0.0 0.0 0.0 0.0 0.0 0  
253000.0 254000.0 2 2 344.0 344.0 341.0 2502.0 2502.0 1094.0 1094.0 3.0 1898530.0 1898530.0 0.0 0.0 3.0 1091.0 309.4910000000382 280.6219999999739 295.05650000000605 20.41346566611988 8000.0 8000.0 8000.0 0.0 128.0 128.0 128.0 0.0 1 1.0 1.0
254000.0 255000.0 1 1 2.4810509709980706 2.4810509709980706 1.6540339806653803 0.0 0.0 1.6540339806653803 1.6540339806653803 0.0 19.848407767984565 19.848407767984565 0.0 0.0 0.0 0.8270169903326902 747.720947265625 747.720947265625 747.720947265625 0.0 0.0 0.0 0.0 0.0 0.0 0.0 0.0 0.0 0 0.0 0.0
255000.0 256000.0 3 3 357.51894902900193 357.51894902900193 354.34596601933464 2502.0 2502.0 986.3459660193346 986.3459660193346 3.0 1809613.151592232 1809613.151592232 0.0 0.0 3.0 983.1729830096673 321.0690000000177 156.39705273439176 265.4490175781345 94.44810804463314 8000.0 8000.0 8000.0 0.0 128.0 128.0 128.0 0.0 1 1.0 1.0
256000.0 257000.0 0 0 0.0 0.0 0.0 0.0 0.0 0.0 0.0 0.0 0.0 0.0 0.0 0.0 0.0 0.0 0.0 0.0 0.0 0.0 0.0 0.0 0.0 0.0 0.0 0.0 0.0 0.0 0  
257000.0 258000.0 3 3 501.0 500.0 495.0 4607.0 4607.0 1288.0 1288.0 6.0 1991029.0 1991029.0 0.0 0.0 5.0 1281.0 335.90300000004936 236.79999999998836 285.46933333335136 49.575052257525265 8000.0 8000.0 8000.0 0.0 128.0 128.0 128.0 0.0 1 1.0 1.0
258000.0 259000.0 0 0 0.0 0.0 0.0 0.0 0.0 0.0 0.0 0.0 0.0 0.0 0.0 0.0 0.0 0.0 0.0 0.0 0.0 0.0 0.0 0.0 0.0 0.0 0.0 0.0 0.0 0.0 0  
259000.0 260000.0 3 3 345.0 345.0 342.0 2502.0 2502.0 1214.0 1214.0 3.0 2118796.0 2118796.0 0.0 0.0 3.0 1211.0 402.3979999999865 160.51699999999255 242.56999999998757 138.4316347841046 8000.0 8000.0 8000.0 0.0 128.0 128.0 128.0 0.0 1 1.0 1.0
260000.0 261000.0 0 0 0.0 0.0 0.0 0.0 0.0 0.0 0.0 0.0 0.0 0.0 0.0 0.0 0.0 0.0 0.0 0.0 0.0 0.0 0.0 0.0 0.0 0.0 0.0 0.0 0.0 0.0 0  
261000.0 262000.0 2 2 794.0 794.0 791.0 2502.0 2502.0 1191.0 1191.0 3.0 1888957.0 1888957.0 0.0 0.0 3.0 1188.0 431.13199999998324 219.73499999998603 325.43349999998463 149.4802522224906 8000.0 8000.0 8000.0 0.0 128.0 128.0 128.0 0.0 1 1.0 1.0
262000.0 263000.0 0 0 0.0 0.0 0.0 0.0 0.0 0.0 0.0 0.0 0.0 0.0 0.0 0.0 0.0 0.0 0.0 0.0 0.0 0.0 0.0 0.0 0.0 0.0 0.0 0.0 0.0 0.0 0  
263000.0 264000.0 2 2 451.0 451.0 448.0 2502.0 2502.0 1317.0 1317.0 3.0 1989066.0 1989066.0 0.0 0.0 3.0 1314.0 344.03899999998976 264.9000000000815 304.4695000000356 55.959723556257316 8000.0 8000.0 8000.0 0.0 128.0 128.0 128.0 0.0 1 1.0 1.0
264000.0 265000.0 2 2 221.06921987245636 221.06921987245636 219.08583381980523 1657.193809753081 1657.193809753081 634.5830550122524 634.5830550122524 1.9833860526511202 968054.6178756886 968054.6178756886 0.0 0.0 1.9833860526511202 632.5996689596013 345.407958984375 133.61900000006426 239.51347949221963 149.7574090782457 8000.0 8000.0 8000.0 0.0 128.0 128.0 128.0 0.0 1 1.0 0.0
265000.0 266000.0 1 1 209.93078012754367 209.93078012754367 208.9141661801948 844.8061902469191 844.8061902469191 637.4169449877476 637.4169449877476 1.0166139473488798 966770.3821243115 966770.3821243115 0.0 0.0 1.0166139473488798 636.4003310403988 357.0790410156478 357.0790410156478 357.0790410156478 0.0 0.0 0.0 0.0 0.0 0.0 0.0 0.0 0.0 0 0.0 1.0
266000.0 267000.0 0 0 0.0 0.0 0.0 0.0 0.0 0.0 0.0 0.0 0.0 0.0 0.0 0.0 0.0 0.0 0.0 0.0 0.0 0.0 0.0 0.0 0.0 0.0 0.0 0.0 0.0 0.0 0  
267000.0 268000.0 3 3 330.0 330.0 327.0 2502.0 2502.0 1163.0 1163.0 3.0 1860993.0 1860993.0 0.0 0.0 3.0 1160.0 332.5239999999758 183.76500000001397 248.71266666665906 76.15240285329567 8000.0 8000.0 8000.0 0.0 128.0 128.0 128.0 0.0 1 1.0 1.0
268000.0 269000.0 2 2 180.93051773562334 180.93051773562334 178.96396807955355 1643.2027641940122 1643.2027641940122 587.4315488008388 587.4315488008388 1.96654965606981 960615.3133329294 960615.3133329294 0.0 0.0 1.96654965606981 585.464999144769 346.10693359375 243.53000000002794 294.81846679688897 72.53284533744304 8000.0 8000.0 8000.0 0.0 128.0 128.0 128.0 0.0 1 1.0 0.0
269000.0 270000.0 1 1 172.06948226437666 172.06948226437666 171.03603192044645 858.797235805988 858.797235805988 604.5684511991612 604.5684511991612 1.03345034393019 992169.6866670706 992169.6866670706 0.0 0.0 1.03345034393019 603.535000855231 370.0630664062337 370.0630664062337 370.0630664062337 0.0 0.0 0.0 0.0 0.0 0.0 0.0 0.0 0.0 0 0.0 1.0
270000.0 271000.0 0 0 0.0 0.0 0.0 0.0 0.0 0.0 0.0 0.0 0.0 0.0 0.0 0.0 0.0 0.0 0.0 0.0 0.0 0.0 0.0 0.0 0.0 0.0 0.0 0.0 0.0 0.0 0  
271000.0 272000.0 1 1 3.7391770891178586 3.7391770891178586 2.2435062534707155 1241.4067935871292 1241.4067935871292 8.974025013882862 8.974025013882862 1.4956708356471435 15790.544847344718 15790.544847344718 0.0 0.0 1.4956708356471435 7.478354178235717 735.968017578125 735.968017578125 735.968017578125 0.0 0.0 0.0 0.0 0.0 0.0 0.0 0.0 0.0 0 0.0 1.0
272000.0 273000.0 3 2 358.26082291088215 358.26082291088215 356.75649374652926 1260.5932064128708 1260.5932064128708 1247.025974986117 1247.025974986117 1.5043291643528565 2056049.4551526553 2056049.4551526553 0.0 0.0 1.5043291643528565 1245.5216458217642 311.1689999999944 14.776000000012573 191.36932747395863 156.1452594349378 8000.0 8000.0 8000.0 0.0 128.0 128.0 128.0 0.0 1 1.0 0.0
273000.0 274000.0 1 1 16.75140474819403 16.75140474819403 15.228549771085483 1263.969631000095 1263.969631000095 17.512832236748306 17.512832236748306 1.5228549771085482 27191.337043761683 27191.337043761683 0.0 0.0 1.5228549771085482 15.989977259639756 737.220947265625 737.220947265625 737.220947265625 0.0 0.0 0.0 0.0 0.0 0.0 0.0 0.0 0.0 0 0.0 1.0
274000.0 275000.0 2 2 327.24859525180597 327.24859525180597 325.77145022891455 1238.030368999905 1238.030368999905 1079.4871677632516 1079.4871677632516 1.4771450228914518 1766553.6629562383 1766553.6629562383 0.0 0.0 1.4771450228914518 1078.0100227403602 325.10999999998603 230.98805273434846 278.04902636716724 66.55426717001495 8000.0 8000.0 8000.0 0.0 128.0 128.0 128.0 0.0 1 1.0 0.0
275000.0 276000.0 1 1 354.12374797005367 354.12374797005367 351.78886611530606 1947.291466859504 1947.291466859504 1012.5604310088787 1012.5604310088787 2.3348818547476067 1516627.1785150175 1516627.1785150175 0.0 0.0 2.3348818547476067 1010.2255491541312 735.806884765625 735.806884765625 735.806884765625 0.0 8000.0 8000.0 8000.0 0.0 0.0 0.0 0.0 0.0 1 0.0 1.0
276000.0 277000.0 1 1 100.87625202994631 100.87625202994631 100.21113388469392 554.708533140496 554.708533140496 288.43956899112123 288.43956899112123 0.6651181452523933 432028.82148498256 432028.82148498256 0.0 0.0 0.6651181452523933 287.77445084586884 209.6031152343494 209.6031152343494 209.6031152343494 0.0 0.0 0.0 0.0 0.0 128.0 128.0 128.0 0.0 0 1.0 0.0
277000.0 278000.0 2 2 423.0 423.0 420.0 2502.0 2502.0 1283.0 1283.0 3.0 1976697.0 1976697.0 0.0 0.0 3.0 1280.0 272.704000000027 241.15200000000186 256.92800000001444 22.31063316001573 8000.0 8000.0 8000.0 0.0 128.0 128.0 128.0 0.0 1 1.0 1.0
278000.0 279000.0 0 0 0.0 0.0 0.0 0.0 0.0 0.0 0.0 0.0 0.0 0.0 0.0 0.0 0.0 0.0 0.0 0.0 0.0 0.0 0.0 0.0 0.0 0.0 0.0 0.0 0.0 0.0 0  
279000.0 280000.0 2 2 438.0 438.0 435.0 2502.0 2502.0 1173.0 1173.0 3.0 1922448.0 1922448.0 0.0 0.0 3.0 1170.0 314.8300000000163 242.09499999997206 278.4624999999942 51.43141172963482 8000.0 8000.0 8000.0 0.0 128.0 128.0 128.0 0.0 1 1.0 1.0
280000.0 281000.0 0 0 0.0 0.0 0.0 0.0 0.0 0.0 0.0 0.0 0.0 0.0 0.0 0.0 0.0 0.0 0.0 0.0 0.0 0.0 0.0 0.0 0.0 0.0 0.0 0.0 0.0 0.0 0  
281000.0 282000.0 2 2 436.0 436.0 433.0 2502.0 2502.0 1053.0 1053.0 3.0 2023171.0 2023171.0 0.0 0.0 3.0 1050.0 328.08500000007916 288.18900000001304 308.1370000000461 28.210732142265257 8000.0 8000.0 8000.0 0.0 128.0 128.0 128.0 0.0 1 1.0 1.0
282000.0 283000.0 0 0 0.0 0.0 0.0 0.0 0.0 0.0 0.0 0.0 0.0 0.0 0.0 0.0 0.0 0.0 0.0 0.0 0.0 0.0 0.0 0.0 0.0 0.0 0.0 0.0 0.0 0.0 0  
283000.0 284000.0 2 2 325.0 325.0 322.0 2502.0 2502.0 1160.0 1160.0 3.0 1930721.0 1930721.0 0.0 0.0 3.0 1157.0 242.13000000000466 216.5360000000801 229.33300000004238 18.097690957635155 8000.0 8000.0 8000.0 0.0 128.0 128.0 128.0 0.0 1 1.0 1.0
284000.0 285000.0 2 2 210.65278969261598 210.65278969261598 208.67720888811917 1650.7076485368457 1650.7076485368457 547.7159576462625 547.7159576462625 1.975580804496806 1020018.4096433586 1020018.4096433586 0.0 0.0 1.975580804496806 545.7403768417656 344.762939453125 102.62599999998929 223.69446972655714 171.21667186306874 8000.0 8000.0 8000.0 0.0 128.0 128.0 128.0 0.0 1 1.0 0.0
285000.0 286000.0 1 1 203.34721030738402 203.34721030738402 202.32279111188083 851.2923514631542 851.2923514631542 557.2840423537375 557.2840423537375 1.024419195503194 1036664.5903566414 1036664.5903566414 0.0 0.0 1.024419195503194 556.2596231582344 362.0220605468494 362.0220605468494 362.0220605468494 0.0 0.0 0.0 0.0 0.0 0.0 0.0 0.0 0.0 0 0.0 1.0
286000.0 287000.0 2 2 390.0 390.0 388.0 1682.0 1682.0 1261.0 1261.0 2.0 1869960.0 1869960.0 0.0 0.0 2.0 1259.0 370.0669999999809 81.62800000008428 225.8475000000326 203.95717285859348 8000.0 8000.0 8000.0 0.0 128.0 128.0 128.0 0.0 1 1.0 0.0
287000.0 288000.0 1 1 16.05682510613407 16.05682510613407 14.527603667454636 1269.2537941039313 1269.2537941039313 16.821435825473788 16.821435825473788 1.5292214386794354 27227.787715687347 27227.787715687347 0.0 0.0 1.5292214386794354 15.292214386794354 735.303955078125 735.303955078125 735.303955078125 0.0 0.0 0.0 0.0 0.0 0.0 0.0 0.0 0.0 0 0.0 1.0
288000.0 289000.0 2 2 340.94317489386594 340.94317489386594 339.4723963325454 1232.7462058960687 1232.7462058960687 1131.1785641745262 1131.1785641745262 1.4707785613205646 1872359.2122843126 1872359.2122843126 0.0 0.0 1.4707785613205646 1129.7077856132057 251.8420000000042 226.367044921848 239.1045224609261 18.013513486186923 8000.0 8000.0 8000.0 0.0 128.0 128.0 128.0 0.0 1 1.0 0.0
289000.0 290000.0 2 2 305.8331117836817 305.8331117836817 302.97258878735636 2384.5603629059215 2384.5603629059215 918.2228701856847 918.2228701856847 2.8605229963253223 1412499.562488457 1412499.562488457 0.0 0.0 2.8605229963253223 915.3623471893593 531.4890000000014 344.64892578125 438.0689628906257 132.11588347747696 8000.0 8000.0 8000.0 0.0 128.0 128.0 128.0 0.0 1 1.0 1.0
290000.0 291000.0 1 1 46.16688821631829 46.16688821631829 46.027411212643614 117.43963709407855 117.43963709407855 144.77712981431534 144.77712981431534 0.1394770036746776 223165.43751154296 223165.43751154296 0.0 0.0 0.1394770036746776 144.63765281064067 55.8620742187486 55.8620742187486 55.8620742187486 0.0 0.0 0.0 0.0 0.0 0.0 0.0 0.0 0.0 0 0.0 0.0
291000.0 292000.0 1 1 392.75154261541564 392.75154261541564 390.4813024846907 1893.3802690246048 1893.3802690246048 967.122295688827 967.122295688827 2.270240130724946 1683771.2679949014 1683771.2679949014 0.0 0.0 2.270240130724946 964.852055558102 736.714111328125 736.714111328125 736.714111328125 0.0 8000.0 8000.0 8000.0 0.0 0.0 0.0 0.0 0.0 1 0.0 1.0
292000.0 293000.0 1 1 126.24845738458437 126.24845738458437 125.51869751530931 608.6197309753952 608.6197309753952 310.8777043111731 310.8777043111731 0.7297598692750542 541241.7320050987 541241.7320050987 0.0 0.0 0.7297598692750542 310.147944441898 236.81388867186615 236.81388867186615 236.81388867186615 0.0 0.0 0.0 0.0 0.0 128.0 128.0 128.0 0.0 0 1.0 0.0
293000.0 294000.0 2 2 288.0 288.0 285.0 2502.0 2502.0 1179.0 1179.0 3.0 1908282.0 1908282.0 0.0 0.0 3.0 1176.0 629.9760000000242 236.74599999998463 433.3610000000044 278.05559956601405 8000.0 8000.0 8000.0 0.0 128.0 128.0 128.0 0.0 1 1.0 1.0
294000.0 295000.0 0 0 0.0 0.0 0.0 0.0 0.0 0.0 0.0 0.0 0.0 0.0 0.0 0.0 0.0 0.0 0.0 0.0 0.0 0.0 0.0 0.0 0.0 0.0 0.0 0.0 0.0 0.0 0  
295000.0 296000.0 2 2 362.0 362.0 359.0 2502.0 2502.0 1149.0 1149.0 3.0 1872419.0 1872419.0 0.0 0.0 3.0 1146.0 457.68800000002375 312.9629999999888 385.3255000000063 102.33602890724778 8000.0 8000.0 8000.0 0.0 128.0 128.0 128.0 0.0 1 1.0 1.0
296000.0 297000.0 0 0 0.0 0.0 0.0 0.0 0.0 0.0 0.0 0.0 0.0 0.0 0.0 0.0 0.0 0.0 0.0 0.0 0.0 0.0 0.0 0.0 0.0 0.0 0.0 0.0 0.0 0.0 0  
297000.0 298000.0 2 2 411.0 411.0 408.0 2502.0 2502.0 1285.0 1285.0 3.0 2080558.0 2080558.0 0.0 0.0 3.0 1282.0 403.9099999999162 374.1020000000135 389.00599999996484 21.077438933539792 8000.0 8000.0 8000.0 0.0 128.0 128.0 128.0 0.0 1 1.0 1.0
298000.0 299000.0 0 0 0.0 0.0 0.0 0.0 0.0 0.0 0.0 0.0 0.0 0.0 0.0 0.0 0.0 0.0 0.0 0.0 0.0 0.0 0.0 0.0 0.0 0.0 0.0 0.0 0.0 0.0 0  
299000.0 300000.0 2 2 566.0 566.0 563.0 2502.0 2502.0 1258.0 1258.0 3.0 1986508.0 1986508.0 0.0 0.0 3.0 1255.0 302.0229999999865 220.94500000000698 261.48399999999674 57.330803605028414 8000.0 8000.0 8000.0 0.0 128.0 128.0 128.0 0.0 1 1.0 1.0
300000.0 301000.0 0 0 0.0 0.0 0.0 0.0 0.0 0.0 0.0 0.0 0.0 0.0 0.0 0.0 0.0 0.0 0.0 0.0 0.0 0.0 0.0 0.0 0.0 0.0 0.0 0.0 0.0 0.0 0  
