ts te nbins ncons c_pkts_all c_bytes_all s_pkts_all s_bytes_all max_bin min_bin avg_bin std_bin max_vid min_vid avg_vid std_vid max_aud min_aud avg_aud std_aud num_vid num_aud num_mfs
0 5000 0 0 0 0 0 0 0 0 0 0 0 0 0 0 0 0 0 0 0 0 
5000 10000 4 1 542 42256 1295 1791658 999 435 813 264 1500 840 1028 322 128 128 128 0 7 8 2.0
10000 15000 5 1 498 33409 1097 1565143 997 460 794 261 3000 840 1457 1053 128 128 128 0 7 6 3.0
15000 20000 6 1 640 35510 1531 2205609 999 453 830 260 3000 3000 3000 0 128 128 128 0 2 2 2.0
20000 25000 6 1 474 26082 1116 1601512 999 210 708 338 3000 3000 3000 0 128 128 128 0 3 3 3.0
25000 30000 6 1 660 36484 1520 2188532 999 185 827 325 3000 3000 3000 0 128 128 128 0 2 2 2.0
30000 35000 6 1 744 40182 1524 2202715 998 170 828 330 3000 3000 3000 0 128 128 128 0 3 3 3.0
35000 40000 5 1 545 30741 1127 1624070 999 243 770 338 3000 3000 3000 0 128 128 128 0 2 3 2.0
40000 45000 6 1 657 35045 1371 1979714 997 187 818 323 3000 3000 3000 0 128 128 128 0 3 2 3.0
45000 50000 6 1 653 33937 1365 1969305 999 148 824 339 3000 3000 3000 0 128 128 128 0 2 2 2.0
50000 55000 6 1 552 33882 1114 1591296 999 49 811 378 3000 2300 2650 404 128 128 128 0 4 4 3.0
55000 60000 6 1 706 37633 1498 2161400 999 35 816 383 2300 2300 2300 0 128 128 128 0 3 3 2.0
60000 65000 4 1 452 26730 906 1302310 999 239 763 360 2300 2300 2300 0 128 128 128 0 2 2 3.0
65000 70000 5 1 584 33040 1209 1741993 999 231 736 366 2300 2300 2300 0 128 128 128 0 3 3 2.0
70000 75000 6 1 634 37736 1299 1857926 998 175 812 325 3000 2300 2825 350 128 128 128 0 4 4 3.0
75000 80000 6 1 718 41104 1483 2142007 998 111 779 338 3000 3000 3000 0 128 128 128 0 3 3 2.0
80000 85000 6 1 738 41991 1541 2228489 999 105 830 357 3000 3000 3000 0 128 128 128 0 2 2 3.0
85000 90000 5 1 505 28868 1088 1569996 998 181 661 414 3000 3000 3000 0 128 128 128 0 2 3 2.0
90000 95000 5 1 675 37385 1288 1862347 998 243 695 329 3000 3000 3000 0 128 128 128 0 3 2 3.0
95000 100000 6 1 910 53206 1796 2596076 999 233 830 308 3000 3000 3000 0 128 128 128 0 3 3 2.0
100000 105000 6 1 751 42452 1447 2072018 999 33 799 386 3000 3000 3000 0 128 128 128 0 2 2 3.0
105000 110000 4 1 477 28503 958 1384206 999 233 805 381 3000 1500 2000 866 128 128 128 0 3 2 2.0
110000 115000 6 1 464 30125 890 1262934 999 150 817 340 3000 1500 2100 821 128 128 128 0 5 6 3.0
115000 120000 6 1 731 43273 1454 2089589 999 138 830 344 3000 3000 3000 0 128 128 128 0 2 2 2.0
120000 125000 6 1 692 41219 1345 1928974 999 125 826 348 3000 3000 3000 0 128 128 128 0 3 3 3.0
125000 130000 5 1 779 43028 1586 2287977 999 872 949 64 3000 3000 3000 0 128 128 128 0 2 2 2.0
130000 135000 5 1 709 40394 1500 2166791 998 179 833 365 3000 3000 3000 0 128 128 128 0 3 3 3.0
135000 140000 5 1 550 31471 1103 1590103 999 244 682 360 3000 3000 3000 0 128 128 128 0 2 3 2.0
140000 145000 5 1 684 36918 1388 2005034 998 243 780 316 3000 3000 3000 0 128 128 128 0 3 2 3.0
145000 150000 6 1 683 38398 1434 2066329 999 188 822 325 3000 3000 3000 0 128 128 128 0 2 2 2.0
150000 155000 6 1 689 41376 1365 1968547 999 159 826 335 3000 2300 2475 350 128 128 128 0 4 5 3.0
155000 160000 4 1 363 23658 712 1018679 999 244 767 356 2300 2300 2300 0 128 128 128 0 2 2 2.0
160000 165000 5 1 544 32288 1042 1485995 999 44 677 393 1500 1500 1500 0 128 128 128 0 4 3 3.0
165000 170000 4 1 477 30858 912 1311139 999 233 807 382 1500 1500 1500 0 128 128 128 0 4 3 2.0
170000 175000 6 1 607 35408 1221 1759725 999 220 828 312 3000 3000 3000 0 128 128 128 0 3 4 3.0
175000 180000 4 1 230 15341 441 627802 998 72 426 403 3000 3000 3000 0 128 128 128 0 1 2 2.0
180000 185000 6 1 878 49967 1775 2571034 999 226 828 310 2300 2300 2300 0 128 128 128 0 5 4 3.0
185000 190000 6 1 702 41384 1456 2102438 999 194 823 321 3000 2300 2825 350 128 128 128 0 4 4 2.0
190000 195000 5 1 432 25483 861 1239891 998 36 614 448 3000 3000 3000 0 128 128 128 0 2 3 3.0
195000 200000 6 1 579 32528 1205 1737664 998 188 817 322 3000 3000 3000 0 128 128 128 0 2 2 2.0
200000 205000 6 1 817 47145 1629 2353256 998 183 828 324 2300 2300 2300 0 128 128 128 0 5 4 3.0
205000 210000 6 1 550 34551 1119 1596641 999 176 829 328 3000 3000 3000 0 128 128 128 0 3 3 2.0
210000 215000 4 1 426 23956 892 1277835 998 243 735 336 3000 3000 3000 0 128 128 128 0 2 2 3.0
215000 220000 6 1 780 47567 1641 2371019 996 188 818 323 2300 2300 2300 0 128 128 128 0 5 4 2.0
220000 225000 5 1 518 30034 1071 1537662 996 65 645 355 3000 3000 3000 0 128 128 128 0 2 3 3.0
225000 230000 4 1 547 33459 1093 1576280 999 234 807 381 3000 2300 2475 350 128 128 128 0 4 4 2.0
230000 235000 6 1 798 45567 1668 2397011 999 183 822 328 3000 2300 2650 404 128 128 128 0 4 3 3.0
235000 240000 5 1 489 28968 1005 1442753 999 239 670 374 3000 3000 3000 0 128 128 128 0 2 4 2.0
240000 245000 5 1 642 35238 1278 1846532 998 242 704 324 3000 3000 3000 0 128 128 128 0 3 2 3.0
245000 250000 5 1 709 40143 1476 2129158 999 755 902 130 3000 3000 3000 0 128 128 128 0 2 2 2.0
250000 255000 5 1 743 42078 1532 2216432 998 239 846 339 3000 3000 3000 0 128 128 128 0 3 4 3.0
255000 260000 5 1 536 30396 1103 1591985 999 108 621 421 3000 3000 3000 0 128 128 128 0 2 2 2.0
260000 265000 6 1 740 41366 1520 2193770 999 185 822 326 3000 3000 3000 0 128 128 128 0 4 5 3.0
265000 270000 6 1 761 44654 1582 2271951 999 119 796 355 3000 3000 3000 0 128 128 128 0 4 3 2.0
270000 275000 5 1 898 49828 1779 2567397 998 876 966 52 3000 3000 3000 0 128 128 128 0 3 2 3.0
275000 280000 3 1 300 18069 601 855080 997 37 677 554 3000 3000 3000 0 128 128 128 0 1 1 2.0
280000 285000 5 1 758 45809 1561 2251681 998 232 844 342 3000 2300 2440 313 128 128 128 0 5 6 3.0
285000 290000 5 1 672 40559 1290 1851671 999 243 702 327 2300 2300 2300 0 128 128 128 0 2 2 2.0
290000 295000 5 1 685 40408 1328 1907624 999 246 759 307 3000 3000 3000 0 128 128 128 0 4 3 3.0
295000 300000 6 1 902 50816 1783 2578561 999 237 830 306 3000 3000 3000 0 128 128 128 0 3 3 2.0
300000 305000 1 1 131 7890 221 319507 758 758 758 0 0 0 0 0 128 128 128 0 0 1 0.0
