ts te nbins ncons c_pkts_all c_bytes_all s_pkts_all s_bytes_all max_bin min_bin avg_bin std_bin max_vid min_vid avg_vid std_vid max_aud min_aud avg_aud std_aud num_vid num_aud num_mfs
0 5000 0 0 0 0 0 0 0 0 0 0 0 0 0 0 0 0 0 0 0 0 
5000 10000 4 1 675 49240 1472 2085045 996 946 982 24 1500 840 986 291 128 128 128 0 9 9 2.0
10000 15000 6 1 512 32989 1139 1629631 999 50 676 425 3000 840 1780 990 128 128 128 0 6 6 1.0
15000 20000 6 1 552 29237 1238 1782426 999 218 751 382 3000 3000 3000 0 128 128 128 0 2 2 2.0
20000 25000 3 1 392 21939 870 1250189 998 581 859 240 3000 2300 2533 404 128 128 128 0 3 2 1.0
25000 30000 3 1 434 24146 926 1327350 999 684 894 181 2300 2300 2300 0 128 128 128 0 2 3 1.0
30000 35000 5 1 620 35757 1354 1940743 999 697 936 133 2300 2300 2300 0 128 128 128 0 4 4 2.0
35000 40000 6 1 632 35346 1434 2063589 999 301 809 292 3000 3000 3000 0 128 128 128 0 4 4 1.0
40000 45000 5 1 507 27356 1185 1709802 998 249 683 347 3000 3000 3000 0 128 128 128 0 2 3 2.0
45000 50000 4 1 440 22459 974 1408685 997 218 704 373 3000 3000 3000 0 0 0 0 0 1 0 1.0
50000 55000 5 1 732 39983 1715 2479507 999 778 954 98 3000 3000 3000 0 128 128 128 0 4 4 2.0
55000 60000 6 1 755 40215 1663 2401567 998 220 820 315 3000 3000 3000 0 128 128 128 0 3 3 1.0
60000 65000 6 1 736 39115 1681 2426900 999 289 820 291 3000 3000 3000 0 128 128 128 0 3 3 2.0
65000 70000 5 1 586 31602 1315 1893821 999 336 848 287 3000 3000 3000 0 128 128 128 0 2 2 1.0
70000 75000 5 1 686 40002 1573 2258848 999 714 941 126 3000 3000 3000 0 128 128 128 0 3 3 3.0
75000 80000 5 1 530 29056 1205 1736543 999 282 706 318 3000 3000 3000 0 128 128 128 0 2 3 1.0
80000 85000 6 1 632 34238 1369 1968658 999 219 786 340 3000 3000 3000 0 128 128 128 0 3 2 2.0
85000 90000 5 1 672 37221 1458 2104043 998 490 838 213 3000 3000 3000 0 128 128 128 0 3 3 1.0
90000 95000 6 1 681 36568 1485 2141234 999 217 820 315 3000 3000 3000 0 128 128 128 0 2 2 1.0
95000 100000 6 1 548 30277 1203 1733391 999 279 819 287 3000 3000 3000 0 128 128 128 0 2 2 1.0
100000 105000 6 1 539 30511 1200 1726438 998 277 791 323 3000 3000 3000 0 128 128 128 0 3 3 2.0
105000 110000 6 1 811 44589 1827 2647341 999 481 831 259 3000 3000 3000 0 128 128 128 0 3 3 1.0
110000 115000 4 1 470 26425 1026 1475981 999 515 758 198 3000 3000 3000 0 128 128 128 0 2 3 2.0
115000 120000 5 1 656 37311 1441 2081376 998 217 784 329 3000 3000 3000 0 128 128 128 0 3 2 2.0
120000 125000 6 1 845 47277 1713 2475023 999 219 830 312 3000 3000 3000 0 128 128 128 0 3 3 2.0
125000 130000 6 1 650 38131 1307 1865435 999 226 756 367 2300 2300 2300 0 128 128 128 0 3 3 2.0
130000 135000 3 1 472 31613 944 1352712 999 772 923 130 3000 1500 2100 821 128 128 128 0 5 5 2.0
135000 140000 4 1 431 25950 829 1183991 996 223 599 378 1500 1500 1500 0 128 128 128 0 2 2 1.0
140000 145000 5 1 683 41206 1437 2072732 999 701 938 132 3000 3000 3000 0 128 128 128 0 4 4 2.0
145000 150000 3 1 351 20500 695 995587 995 297 691 357 2300 2300 2300 0 128 128 128 0 2 1 1.0
150000 155000 5 1 797 47681 1707 2459034 998 776 952 98 2300 2300 2300 0 128 128 128 0 4 5 2.0
155000 160000 5 1 666 37704 1380 1984608 998 223 752 354 2300 2300 2300 0 128 128 128 0 3 4 1.0
160000 165000 5 1 660 38544 1364 1958991 998 701 937 131 3000 3000 3000 0 128 128 128 0 4 3 2.0
165000 170000 4 1 477 27316 1006 1446785 999 297 703 294 3000 3000 3000 0 128 128 128 0 2 2 1.0
170000 175000 5 1 633 34763 1327 1910757 999 218 769 322 3000 3000 3000 0 128 128 128 0 2 2 1.0
175000 180000 6 1 582 32133 1250 1801579 999 222 817 315 3000 3000 3000 0 128 128 128 0 2 2 1.0
180000 185000 6 1 806 45469 1723 2494536 999 296 807 306 3000 3000 3000 0 128 128 128 0 4 4 2.0
185000 190000 4 1 510 32459 1099 1583112 997 441 743 228 3000 3000 3000 0 128 128 128 0 2 2 1.0
190000 195000 6 1 900 49960 1861 2695213 999 217 830 313 3000 3000 3000 0 128 128 128 0 3 3 2.0
195000 200000 4 1 304 17751 646 924004 999 224 580 368 3000 3000 3000 0 128 128 128 0 1 1 1.0
200000 205000 6 1 863 48535 1835 2654958 999 218 830 313 3000 3000 3000 0 128 128 128 0 3 3 2.0
205000 210000 6 1 767 42172 1658 2389668 999 233 819 309 3000 3000 3000 0 128 128 128 0 3 3 1.0
210000 215000 6 1 833 46828 1797 2595167 999 286 829 292 3000 3000 3000 0 128 128 128 0 4 4 2.0
215000 220000 6 1 653 36928 1380 1984020 999 300 797 306 3000 3000 3000 0 128 128 128 0 2 3 1.0
220000 225000 6 1 753 41410 1621 2341105 999 474 823 263 3000 3000 3000 0 128 128 128 0 3 2 2.0
225000 230000 5 1 641 36902 1358 1955686 999 483 838 234 3000 3000 3000 0 128 128 128 0 3 3 2.0
230000 235000 5 1 658 36359 1383 1997204 999 283 777 293 3000 3000 3000 0 128 128 128 0 2 2 1.0
235000 240000 4 1 361 19891 740 1060155 999 223 667 392 3000 3000 3000 0 128 128 128 0 1 1 1.0
240000 245000 5 1 788 45490 1644 2378357 999 772 952 100 3000 3000 3000 0 128 128 128 0 3 3 2.0
245000 250000 5 1 569 31366 1211 1749274 998 226 706 329 3000 3000 3000 0 128 128 128 0 3 3 2.0
250000 255000 6 1 844 45863 1837 2663367 999 216 830 313 3000 3000 3000 0 128 128 128 0 3 3 2.0
255000 260000 6 1 626 34267 1379 1989250 997 223 816 311 3000 3000 3000 0 128 128 128 0 3 2 1.0
260000 265000 6 1 614 35204 1380 1991432 999 291 806 303 3000 3000 3000 0 128 128 128 0 3 4 2.0
265000 270000 5 1 719 43167 1496 2155851 999 424 827 242 3000 3000 3000 0 128 128 128 0 5 5 1.0
270000 275000 6 1 733 40301 1555 2246017 999 219 819 315 3000 3000 3000 0 128 128 128 0 2 2 1.0
275000 280000 3 1 338 19344 678 972239 997 282 674 362 3000 3000 3000 0 128 128 128 0 1 1 1.0
280000 285000 5 1 800 48593 1603 2290977 999 714 940 126 2300 2300 2300 0 128 128 128 0 5 6 2.0
285000 290000 4 1 526 29771 1081 1553830 998 283 789 341 2300 2300 2300 0 128 128 128 0 2 1 1.0
290000 295000 5 1 621 37370 1363 1963726 998 714 939 125 3000 3000 3000 0 128 128 128 0 4 5 2.0
295000 300000 6 1 826 48928 1771 2548987 997 283 810 302 3000 2300 2533 361 128 128 128 0 6 5 1.0
300000 305000 1 1 80 5312 144 207072 399 399 399 0 0 0 0 0 0 0 0 0 0 0 0.0
