ts te nbins ncons c_pkts_all c_bytes_all s_pkts_all s_bytes_all max_bin min_bin avg_bin std_bin max_vid min_vid avg_vid std_vid max_aud min_aud avg_aud std_aud num_vid num_aud num_mfs
0 5000 0 0 0 0 0 0 0 0 0 0 0 0 0 0 0 0 0 0 0 0 
5000 10000 0 0 0 0 0 0 0 0 0 0 0 0 0 0 0 0 0 0 0 0 
10000 15000 4 1 269 24324 567 790454 999 420 851 287 1500 480 990 588 128 128 128 0 4 5 2.0
15000 20000 7 2 423 34957 844 1173264 998 198 754 323 480 480 480 0 128 128 128 0 7 6 2.0
20000 25000 6 1 369 27054 673 937008 999 4 786 390 1500 480 1092 558 128 128 128 0 5 5 3.0
25000 30000 4 1 308 18451 551 781128 994 513 754 266 1500 1500 1500 0 128 128 128 0 1 2 2.0
30000 35000 6 1 317 22050 495 705039 998 467 815 265 480 480 480 0 128 128 128 0 5 4 3.0
35000 40000 6 1 191 17604 298 400680 969 132 641 313 480 480 480 0 128 128 128 0 2 2 2.0
40000 45000 5 1 191 13974 339 463408 963 317 805 275 480 480 480 0 128 128 128 0 2 2 3.0
45000 50000 6 1 278 20196 409 556837 999 253 743 260 840 480 750 180 128 128 128 0 4 4 2.0
50000 55000 5 1 354 21765 593 850113 996 533 758 206 840 840 840 0 128 128 128 0 3 3 3.0
55000 60000 6 1 298 19521 472 654165 982 341 783 296 840 840 840 0 128 128 128 0 2 2 2.0
60000 65000 4 1 264 16229 438 620444 999 654 835 165 840 840 840 0 128 128 128 0 2 2 2.0
65000 70000 3 1 275 19940 605 856707 999 322 760 380 1500 840 1170 381 128 128 128 0 4 4 2.0
70000 75000 4 1 366 23985 873 1251222 998 504 848 232 2300 1500 1900 461 128 128 128 0 4 4 3.0
75000 80000 6 1 431 24508 1061 1526314 999 350 687 326 2300 2300 2300 0 128 128 128 0 3 3 2.0
80000 85000 6 1 487 29734 1196 1724827 998 334 719 323 3000 2300 2766 404 128 128 128 0 3 3 3.0
85000 90000 5 1 547 28527 1276 1843607 998 300 783 306 3000 3000 3000 0 128 128 128 0 2 2 2.0
90000 95000 5 1 589 34218 1381 1986568 996 500 891 218 3000 3000 3000 0 128 128 128 0 3 4 3.0
95000 100000 5 1 544 28277 1316 1904466 999 63 708 423 3000 3000 3000 0 128 128 128 0 2 1 2.0
100000 105000 5 1 611 34896 1460 2098337 999 521 901 212 3000 3000 3000 0 128 128 128 0 3 4 3.0
105000 110000 6 1 650 35079 1622 2339522 998 357 797 309 3000 3000 3000 0 128 128 128 0 3 2 2.0
110000 115000 6 1 542 31609 1273 1828983 999 217 789 310 3000 3000 3000 0 128 128 128 0 3 3 3.0
115000 120000 5 1 653 35333 1594 2302828 999 745 928 110 3000 3000 3000 0 128 128 128 0 2 2 2.0
120000 125000 5 1 525 31151 1182 1707847 999 475 796 277 3000 3000 3000 0 128 128 128 0 3 2 3.0
125000 130000 6 1 635 35668 1578 2283701 999 352 752 289 3000 3000 3000 0 128 128 128 0 3 4 2.0
130000 135000 6 1 595 34189 1429 2064367 999 342 829 277 3000 3000 3000 0 128 128 128 0 2 2 3.0
135000 140000 6 1 638 35451 1496 2150824 997 308 825 287 3000 3000 3000 0 128 128 128 0 3 3 2.0
140000 145000 5 1 594 34030 1403 2012994 998 608 882 165 3000 3000 3000 0 128 128 128 0 3 3 3.0
145000 150000 6 1 691 37460 1499 2155253 998 149 828 338 3000 3000 3000 0 128 128 128 0 2 2 2.0
150000 155000 6 1 548 31471 1229 1759146 999 163 758 357 3000 3000 3000 0 128 128 128 0 3 3 3.0
155000 160000 6 1 605 34145 1392 2000814 999 276 767 310 3000 3000 3000 0 128 128 128 0 2 2 2.0
160000 165000 6 1 709 40441 1501 2160659 999 267 830 297 3000 3000 3000 0 128 128 128 0 3 3 3.0
165000 170000 5 1 656 36117 1447 2084518 998 718 902 118 3000 3000 3000 0 128 128 128 0 2 2 2.0
170000 175000 6 1 728 42016 1581 2276382 999 107 758 376 3000 3000 3000 0 128 128 128 0 3 3 3.0
175000 180000 5 1 573 32342 1262 1820978 999 267 775 328 3000 3000 3000 0 128 128 128 0 2 2 2.0
180000 185000 5 1 678 40046 1522 2193685 999 526 903 210 3000 3000 3000 0 128 128 128 0 3 3 3.0
185000 190000 6 1 718 40233 1529 2208229 999 469 829 261 3000 3000 3000 0 128 128 128 0 3 3 2.0
190000 195000 6 1 633 35900 1358 1947712 999 465 820 268 3000 3000 3000 0 128 128 128 0 2 2 3.0
195000 200000 6 1 724 41101 1549 2224128 999 348 809 291 3000 3000 3000 0 128 128 128 0 3 3 2.0
200000 205000 6 1 650 37625 1351 1937835 997 342 809 266 3000 3000 3000 0 128 128 128 0 3 3 3.0
205000 210000 6 1 754 41902 1639 2361170 999 245 808 315 3000 3000 3000 0 128 128 128 0 2 2 2.0
210000 215000 5 1 592 34319 1303 1877630 999 750 890 107 3000 3000 3000 0 128 128 128 0 3 3 3.0
215000 220000 6 1 627 35828 1364 1966099 999 53 698 465 3000 3000 3000 0 128 128 128 0 2 2 2.0
220000 225000 5 1 719 41754 1573 2262645 999 518 902 214 3000 3000 3000 0 128 128 128 0 3 3 3.0
225000 230000 6 1 625 36777 1386 2001125 999 287 691 339 3000 3000 3000 0 128 128 128 0 3 3 2.0
230000 235000 5 1 564 34840 1289 1852215 999 401 727 270 3000 3000 3000 0 128 128 128 0 2 2 3.0
235000 240000 6 1 713 40168 1583 2281153 999 466 830 261 3000 3000 3000 0 128 128 128 0 3 3 2.0
240000 245000 6 1 731 40871 1536 2211365 999 477 828 259 3000 3000 3000 0 128 128 128 0 3 3 3.0
245000 250000 6 1 654 36594 1418 2026712 996 430 800 272 3000 3000 3000 0 128 128 128 0 2 2 2.0
250000 255000 6 1 689 38913 1491 2142762 998 327 808 300 3000 3000 3000 0 128 128 128 0 3 3 3.0
255000 260000 5 1 614 37143 1270 1825074 998 530 803 205 3000 3000 3000 0 128 128 128 0 2 2 2.0
260000 265000 6 1 579 32119 1254 1805457 998 343 787 299 3000 3000 3000 0 128 128 128 0 3 3 3.0
265000 270000 6 1 712 40352 1602 2311228 997 287 820 294 3000 3000 3000 0 128 128 128 0 3 3 2.0
270000 275000 5 1 590 32720 1313 1891252 999 502 796 209 3000 3000 3000 0 128 128 128 0 2 2 3.0
275000 280000 6 1 675 37080 1492 2152524 999 346 709 288 3000 3000 3000 0 128 128 128 0 3 3 2.0
280000 285000 5 1 687 39499 1494 2149413 999 647 892 150 3000 3000 3000 0 128 128 128 0 3 2 3.0
285000 290000 6 1 643 37478 1426 2054938 998 151 820 337 3000 3000 3000 0 128 128 128 0 2 3 2.0
290000 295000 6 1 680 38044 1481 2119382 999 201 829 319 3000 3000 3000 0 128 128 128 0 3 3 3.0
295000 300000 6 1 632 34779 1307 1875575 999 214 775 343 3000 3000 3000 0 128 128 128 0 2 2 2.0
