ts te nbins ncons c_pkts_all c_bytes_all s_pkts_all s_bytes_all max_bin min_bin avg_bin std_bin max_vid min_vid avg_vid std_vid max_aud min_aud avg_aud std_aud num_vid num_aud num_mfs
0 5000 0 0 0 0 0 0 0 0 0 0 0 0 0 0 0 0 0 0 0 0 
5000 10000 1 1 70 9775 177 246114 852 852 852 0 1500 1500 1500 0 128 128 128 0 2 2 1.0
10000 15000 6 1 503 40190 932 1296295 999 145 821 340 840 288 453 233 128 128 128 0 9 10 2.0
15000 20000 6 1 269 23563 438 611566 999 137 647 390 840 288 508 302 128 128 128 0 5 4 3.0
20000 25000 6 1 398 25058 647 927270 999 99 820 357 840 840 840 0 128 128 128 0 3 3 2.0
25000 30000 5 1 252 17922 420 583904 999 601 876 177 840 840 840 0 128 128 128 0 2 2 3.0
30000 35000 6 1 336 21595 579 815426 998 362 816 284 840 840 840 0 128 128 128 0 3 3 2.0
35000 40000 5 1 330 20520 522 737417 994 304 675 312 840 840 840 0 128 128 128 0 3 3 3.0
40000 45000 5 1 313 21170 514 726050 995 305 764 285 840 840 840 0 128 128 128 0 2 2 2.0
45000 50000 5 1 342 21744 539 764735 996 648 848 166 840 840 840 0 128 128 128 0 3 3 3.0
50000 55000 4 1 279 18616 605 867658 928 202 510 316 1500 1500 1500 0 128 128 128 0 3 3 1.0
55000 60000 4 1 453 29077 1004 1434953 998 556 854 207 2300 1500 1900 461 128 128 128 0 4 4 3.0
60000 65000 4 1 436 25190 984 1415229 999 146 705 401 2300 2300 2300 0 128 128 128 0 3 3 2.0
65000 70000 6 1 575 34832 1338 1925644 999 132 761 346 3000 2300 2766 404 128 128 128 0 3 3 3.0
70000 75000 5 1 494 28703 1116 1600107 999 850 965 64 3000 3000 3000 0 128 128 128 0 2 3 2.0
75000 80000 6 1 650 36577 1501 2176184 999 17 823 395 3000 3000 3000 0 128 128 128 0 3 2 3.0
80000 85000 6 1 741 40375 1707 2468041 999 35 829 389 3000 3000 3000 0 128 128 128 0 3 3 2.0
85000 90000 6 1 631 35898 1445 2068552 999 39 828 387 3000 3000 3000 0 128 128 128 0 3 3 3.0
90000 95000 6 1 640 34479 1383 1994634 999 48 829 383 3000 3000 3000 0 128 128 128 0 2 2 2.0
95000 100000 6 1 647 37652 1487 2140716 998 65 715 420 3000 3000 3000 0 128 128 128 0 3 3 3.0
100000 105000 6 1 569 32404 1289 1851815 999 250 823 304 3000 3000 3000 0 128 128 128 0 2 2 2.0
105000 110000 6 1 683 39794 1482 2136643 999 241 828 304 3000 3000 3000 0 128 128 128 0 3 3 3.0
110000 115000 6 1 733 42639 1524 2194775 999 143 718 353 3000 3000 3000 0 128 128 128 0 3 3 2.0
115000 120000 6 1 660 38533 1498 2158677 999 97 822 360 3000 3000 3000 0 128 128 128 0 2 2 3.0
120000 125000 5 1 559 32366 1248 1803090 999 117 700 387 3000 3000 3000 0 128 128 128 0 2 3 2.0
125000 130000 6 1 774 44490 1764 2558689 999 484 830 258 4400 3000 4050 700 128 128 128 0 4 3 2.0
130000 135000 6 1 725 39450 1757 2549377 999 475 829 261 4400 4400 4400 0 128 128 128 0 2 3 2.0
135000 140000 6 1 700 39161 1640 2378824 999 465 828 259 4400 4400 4400 0 128 128 128 0 2 3 3.0
140000 145000 6 1 580 36456 1377 1979640 999 292 702 331 2300 1500 1766 413 128 128 128 0 6 5 2.0
145000 150000 6 1 477 28024 1148 1645905 997 230 818 310 3000 3000 3000 0 128 128 128 0 4 4 3.0
150000 155000 6 1 688 38121 1658 2391195 998 145 796 332 3000 3000 3000 0 128 128 128 0 3 3 2.0
155000 160000 5 1 477 27720 1118 1611737 999 306 784 285 3000 3000 3000 0 128 128 128 0 2 2 3.0
160000 165000 6 1 657 37109 1553 2244449 999 140 736 341 3000 3000 3000 0 128 128 128 0 3 3 2.0
165000 170000 6 1 547 32267 1350 1951515 999 9 807 394 3000 3000 3000 0 128 128 128 0 2 2 3.0
170000 175000 5 1 713 43563 1602 2314326 999 652 887 157 3000 3000 3000 0 128 128 128 0 3 3 2.0
175000 180000 6 1 638 41789 1366 1961463 998 344 820 284 3000 3000 3000 0 128 128 128 0 3 3 3.0
180000 185000 6 1 707 41121 1538 2209823 998 301 783 332 3000 3000 3000 0 128 128 128 0 2 2 2.0
185000 190000 6 1 650 36374 1441 2070988 997 233 818 310 3000 3000 3000 0 128 128 128 0 3 3 3.0
190000 195000 6 1 699 40352 1544 2223299 999 208 827 316 3000 3000 3000 0 128 128 128 0 2 2 2.0
195000 200000 5 1 537 31302 1207 1741966 997 469 766 215 3000 3000 3000 0 128 128 128 0 3 3 3.0
200000 205000 6 1 583 36769 1369 1973591 997 304 697 337 3000 3000 3000 0 128 128 128 0 2 3 2.0
205000 210000 6 1 705 40124 1606 2325310 997 132 794 345 3000 3000 3000 0 128 128 128 0 3 2 3.0
210000 215000 5 1 649 36792 1510 2178239 999 851 964 63 3000 3000 3000 0 128 128 128 0 3 3 2.0
215000 220000 5 1 597 34428 1396 2015324 999 134 824 386 3000 3000 3000 0 128 128 128 0 2 2 3.0
220000 225000 6 1 677 38993 1476 2122213 999 116 829 353 3000 3000 3000 0 128 128 128 0 3 3 2.0
225000 230000 5 1 706 40611 1548 2225665 999 644 883 164 3000 3000 3000 0 128 128 128 0 3 3 3.0
230000 235000 6 1 641 36441 1440 2071042 999 292 728 330 3000 3000 3000 0 128 128 128 0 2 2 2.0
235000 240000 6 1 635 37336 1446 2080659 997 241 812 303 3000 3000 3000 0 128 128 128 0 3 3 3.0
240000 245000 6 1 647 37792 1341 1934266 998 226 826 308 3000 3000 3000 0 128 128 128 0 2 2 2.0
245000 250000 6 1 727 42159 1224 1767813 999 218 829 312 3000 3000 3000 0 128 128 128 0 2 3 3.0
250000 255000 6 1 561 36304 912 1319077 998 130 778 335 1500 840 1028 322 128 128 128 0 7 7 2.0
255000 260000 5 1 441 29793 875 1254721 999 784 918 91 1500 1500 1500 0 128 128 128 0 2 2 3.0
260000 265000 4 1 311 21727 752 1070559 996 300 766 319 2300 1500 1900 461 128 128 128 0 4 4 2.0
265000 270000 6 1 478 27631 1095 1567747 999 231 818 311 2300 2300 2300 0 128 128 128 0 2 2 3.0
270000 275000 6 1 571 34586 1280 1838115 998 204 827 318 2300 2300 2300 0 128 128 128 0 3 3 2.0
275000 280000 6 1 610 36961 1201 1701611 998 148 812 334 2300 2300 2300 0 128 128 128 0 3 3 3.0
280000 285000 6 1 594 36943 1259 1792427 998 137 829 344 3000 2300 2766 404 128 128 128 0 3 3 2.0
285000 290000 6 1 642 40600 1428 2049934 999 126 829 348 3000 3000 3000 0 128 128 128 0 3 3 3.0
290000 295000 5 1 724 40534 1524 2195725 999 515 821 204 3000 3000 3000 0 128 128 128 0 2 2 2.0
295000 300000 5 1 714 41976 1520 2176493 997 643 925 157 3000 3000 3000 0 128 128 128 0 3 3 3.0
