ts te nbins ncons c_pkts_all c_ack_cnt c_ack_cnt_p c_bytes_all c_bytes_uniq s_pkts_all s_ack_cnt s_ack_cnt_p s_bytes_all s_bytes_uniq c_pkts_retx s_pkts_retx c_pkts_data s_pkts_data max_bin min_bin avg_bin std_bin max_vid min_vid avg_vid std_vid max_aud min_aud avg_aud std_aud num_vid num_aud num_mfs
0 2000 0 0 0 0 0 0 0 0 0 0 0 0 0 0 0 0 0 0 0 0 0 0 0 0 0 0 0 0 0  
2000 4000 0 0 0 0 0 0 0 0 0 0 0 0 0 0 0 0 0 0 0 0 0 0 0 0 0 0 0 0 0  
4000 6000 1 1 7 6 3 2294 2294 8 8 3 4554 4554 0 0 2 4 646 646 646 0 0 0 0 0 0 0 0 0 0 0.0 1.0
6000 8000 7 4 2217 2214 2192 19847 19847 4191 4191 25 6838483 6838483 0 0 22 4162 998 102 526 374 4400 4400 4400 0 128 128 128 0 8 8.0 0.0
8000 10000 3 2 675 675 669 4332 4332 1816 1816 5 3058292 3058292 0 0 5 1811 621 378 539 139 4400 4400 4400 0 128 128 128 0 2 2.0 1.0
10000 12000 4 4 489 489 484 3332 3332 1227 1227 5 2012722 2012722 0 0 4 1221 742 42 416 290 8000 8000 8000 0 128 128 128 0 2 1.0 1.0
12000 14000 2 2 367 367 364 2502 2502 1074 1074 3 1784484 1784484 0 0 3 1071 870 299 584 403 8000 8000 8000 0 128 128 128 0 1 1.0 1.0
14000 16000 2 2 470 470 467 2502 2502 1270 1270 3 2020730 2020730 0 0 3 1267 306 269 288 25 8000 8000 8000 0 128 128 128 0 1 1.0 1.0
16000 18000 2 2 401 401 398 2502 2502 1175 1175 3 2023135 2023135 0 0 3 1172 388 180 284 146 8000 8000 8000 0 128 128 128 0 1 1.0 1.0
18000 20000 2 2 439 439 436 2502 2502 1117 1117 3 1947773 1947773 0 0 3 1114 490 485 487 3 8000 8000 8000 0 128 128 128 0 1 1.0 1.0
20000 22000 2 2 460 460 457 2502 2502 1148 1148 3 2063932 2063932 0 0 3 1145 414 406 410 5 8000 8000 8000 0 128 128 128 0 1 1.0 1.0
22000 24000 2 2 304 304 301 2502 2502 1065 1065 3 1851980 1851980 0 0 3 1062 350 346 348 2 8000 8000 8000 0 128 128 128 0 1 1.0 1.0
24000 26000 2 2 460 460 457 2502 2502 1256 1256 3 2060736 2060736 0 0 3 1253 373 364 369 5 8000 8000 8000 0 128 128 128 0 1 1.0 1.0
26000 28000 4 2 726 726 721 4279 4279 1741 1741 5 3020079 3020079 0 0 5 1736 468 132 377 163 8000 8000 8000 0 128 128 128 0 2 2.0 1.0
28000 30000 3 2 461 461 458 2507 2507 1154 1154 3 2006240 2006240 0 0 3 1151 467 86 305 196 8000 8000 8000 0 128 128 128 0 1 1.0 1.0
30000 32000 3 2 445 445 442 2518 2518 1165 1165 3 1993135 1993135 0 0 3 1162 466 114 312 179 8000 8000 8000 0 128 128 128 0 1 1.0 1.0
32000 34000 3 2 416 416 413 2504 2504 1039 1039 3 1984623 1984623 0 0 3 1036 469 100 304 187 8000 8000 8000 0 128 128 128 0 1 1.0 1.0
34000 36000 3 2 405 405 402 2478 2478 1084 1084 2 1960583 1960583 0 0 2 1081 466 72 293 201 8000 8000 8000 0 128 128 128 0 1 1.0 1.0
36000 38000 3 2 450 450 447 2522 2522 1212 1212 3 1963463 1963463 0 0 3 1209 468 94 307 192 8000 8000 8000 0 128 128 128 0 1 1.0 1.0
38000 40000 1 1 186 186 185 703 703 492 492 0 790106 790106 0 0 0 491 344 344 344 0 0 0 0 0 0 0 0 0 0 0.0 1.0
40000 42000 3 2 856 856 851 4307 4307 2506 2506 5 3988536 3988536 0 0 5 2501 920 205 532 361 8000 8000 8000 0 128 128 128 0 2 2.0 1.0
42000 44000 3 2 375 375 372 2378 2378 1251 1251 2 2036275 2036275 0 0 2 1248 341 68 228 142 8000 8000 8000 0 128 128 128 0 1 1.0 1.0
44000 46000 2 2 393 393 390 2502 2502 1222 1222 3 1857422 1857422 0 0 3 1219 806 428 617 267 8000 8000 8000 0 128 128 128 0 1 1.0 1.0
46000 48000 2 2 429 429 426 2502 2502 1222 1222 3 2030828 2030828 0 0 3 1219 894 328 611 400 8000 8000 8000 0 128 128 128 0 1 1.0 1.0
48000 50000 2 2 387 387 384 2502 2502 1146 1146 3 1888338 1888338 0 0 3 1143 801 264 532 379 8000 8000 8000 0 128 128 128 0 1 1.0 1.0
50000 52000 2 2 441 441 438 2502 2502 1284 1284 3 2019239 2019239 0 0 3 1281 833 301 567 376 8000 8000 8000 0 128 128 128 0 1 1.0 1.0
52000 54000 2 2 377 377 374 2502 2502 1207 1207 3 1944407 1944407 0 0 3 1204 308 306 307 1 8000 8000 8000 0 128 128 128 0 1 1.0 1.0
54000 56000 2 2 296 296 293 2502 2502 1034 1034 3 1928321 1928321 0 0 3 1031 352 275 313 53 8000 8000 8000 0 128 128 128 0 1 1.0 1.0
56000 58000 3 3 615 615 611 2502 2502 1102 1102 3 2023441 2022041 0 1 3 1098 423 189 344 134 8000 8000 8000 0 128 128 128 0 1 1.0 1.0
58000 60000 2 2 460 460 457 2502 2502 1194 1194 3 1986860 1986860 0 0 3 1191 296 226 261 49 8000 8000 8000 0 128 128 128 0 1 1.0 1.0
60000 62000 2 2 434 434 431 2502 2502 1214 1214 3 1963132 1963132 0 0 3 1211 309 190 249 84 8000 8000 8000 0 128 128 128 0 1 1.0 1.0
62000 64000 2 2 421 421 418 2502 2502 1138 1138 3 1954580 1954580 0 0 3 1135 429 304 366 88 8000 8000 8000 0 128 128 128 0 1 1.0 1.0
64000 66000 2 2 411 411 408 2502 2502 1173 1173 3 1947742 1947742 0 0 3 1170 318 149 234 119 8000 8000 8000 0 128 128 128 0 1 1.0 1.0
66000 68000 2 2 424 424 421 2502 2502 1193 1193 3 2007042 2007042 0 0 3 1190 334 208 271 89 8000 8000 8000 0 128 128 128 0 1 1.0 1.0
68000 70000 2 2 342 342 339 2502 2502 1076 1076 3 2012172 2012172 0 0 3 1073 425 370 397 39 8000 8000 8000 0 128 128 128 0 1 1.0 1.0
70000 72000 2 2 426 426 423 2502 2502 1184 1184 3 1894294 1894294 0 0 3 1181 362 314 338 34 8000 8000 8000 0 128 128 128 0 1 1.0 1.0
72000 74000 4 2 643 643 638 4304 4304 1918 1918 5 3016222 3016222 0 0 5 1913 465 78 290 159 8000 8000 8000 0 128 128 128 0 2 2.0 1.0
74000 76000 1 1 176 176 175 699 699 519 519 0 827296 827296 0 0 0 518 338 338 338 0 0 0 0 0 0 0 0 0 0 0.0 1.0
76000 78000 4 2 631 631 626 4264 4264 1749 1749 5 2917691 2917691 0 0 5 1744 460 57 310 177 8000 8000 8000 0 128 128 128 0 2 2.0 1.0
78000 80000 3 2 415 415 412 2512 2512 1217 1217 3 1961220 1961220 0 0 3 1214 458 215 347 122 8000 8000 8000 0 128 128 128 0 1 1.0 1.0
80000 82000 3 2 420 420 417 2521 2521 1245 1245 3 2002126 2001325 0 0 3 1242 467 198 341 135 8000 8000 8000 0 128 128 128 0 1 1.0 1.0
82000 84000 3 2 392 392 389 2501 2501 1249 1249 2 1991539 1990941 0 0 2 1246 466 71 295 202 8000 8000 8000 0 128 128 128 0 1 1.0 1.0
84000 86000 3 2 446 446 443 2470 2470 1228 1228 2 1954720 1954720 0 0 2 1225 466 60 291 208 8000 8000 8000 0 128 128 128 0 1 1.0 1.0
86000 88000 3 2 490 490 487 2499 2499 1246 1246 2 2008905 2008905 0 0 2 1243 465 62 301 211 8000 8000 8000 0 128 128 128 0 1 1.0 1.0
88000 90000 3 2 583 583 580 2426 2426 1740 1740 2 2792502 2792502 0 0 2 1737 377 76 245 154 8000 8000 8000 0 128 128 128 0 1 1.0 1.0
90000 92000 1 1 4 4 3 820 820 4 4 1 2917 2917 0 0 1 3 67 67 67 0 0 0 0 0 0 0 0 0 0 0.0 1.0
92000 94000 2 2 438 438 435 2502 2502 1130 1130 3 1876098 1876098 0 0 3 1127 252 190 221 43 8000 8000 8000 0 128 128 128 0 1 1.0 1.0
94000 96000 2 2 518 518 513 4184 4184 1514 1514 5 4029072 4029072 0 0 5 1509 654 557 606 68 8000 8000 8000 0 128 128 128 0 2 2.0 1.0
96000 98000 1 1 386 386 383 2502 2502 1148 1148 3 1969471 1969471 0 0 3 1145 828 828 828 0 8000 8000 8000 0 128 128 128 0 1 1.0 1.0
98000 100000 1 1 3 3 2 820 820 3 3 1 2915 2915 0 0 1 2 52 52 52 0 0 0 0 0 0 0 0 0 0 0.0 1.0
100000 102000 2 2 352 352 349 2502 2502 1143 1143 3 1990218 1990218 0 0 3 1140 276 175 225 71 8000 8000 8000 0 128 128 128 0 1 1.0 1.0
102000 104000 2 2 422 422 419 2502 2502 1150 1150 3 1957348 1954548 0 2 3 1147 557 536 547 14 8000 8000 8000 0 128 128 128 0 1 1.0 1.0
104000 106000 2 2 428 428 425 2502 2502 1231 1231 3 1991030 1991030 0 0 3 1228 325 296 310 20 8000 8000 8000 0 128 128 128 0 1 1.0 1.0
106000 108000 4 2 663 663 658 4281 4281 1934 1934 5 3085054 3085054 0 0 5 1929 462 22 292 189 8000 8000 8000 0 128 128 128 0 2 1.0 1.0
108000 110000 4 3 358 357 350 6800 6800 1182 1182 8 1912644 1912644 0 0 7 1173 589 171 395 177 8000 8000 8000 0 128 128 128 0 1 1.0 1.0
110000 112000 4 2 573 573 569 3093 3093 1884 1884 3 3141209 3141209 0 0 3 1881 391 160 320 107 8000 8000 8000 0 0 0 0 0 1 0.0 1.0
112000 114000 3 2 290 290 285 3915 3915 1127 1127 4 1739080 1739080 0 0 4 1122 837 12 486 426 8000 8000 8000 0 128 128 128 0 1 3.0 1.0
114000 116000 3 3 163 163 160 2502 2502 455 455 3 1968144 1968144 0 0 3 451 304 62 192 121 8000 8000 8000 0 128 128 128 0 1 1.0 1.0
116000 118000 4 4 354 353 347 4607 4607 1142 1142 7 1975659 1974259 0 1 5 1134 549 20 375 247 8000 8000 8000 0 128 128 128 0 1 1.0 1.0
118000 120000 2 2 258 258 255 2502 2502 679 679 3 1972710 1972710 0 0 3 676 396 353 375 30 8000 8000 8000 0 128 128 128 0 1 1.0 1.0
120000 122000 3 3 438 438 433 3322 2502 1110 1110 4 1972931 1972931 1 0 4 1104 548 387 485 86 8000 8000 8000 0 128 128 128 0 1 1.0 1.0
122000 124000 5 3 675 675 670 4291 4291 1845 1845 5 3115072 3115072 0 0 5 1840 467 49 272 200 8000 8000 8000 0 128 128 128 0 2 2.0 1.0
124000 126000 1 1 162 162 161 712 712 498 498 0 832667 832667 0 0 0 497 351 351 351 0 0 0 0 0 0 0 0 0 0 0.0 1.0
126000 128000 4 2 585 585 580 4210 4210 1671 1671 5 2856044 2856044 0 0 5 1666 567 79 342 216 8000 8000 8000 0 128 128 128 0 2 2.0 1.0
128000 130000 3 2 429 429 426 2543 2543 1138 1138 3 1864272 1864272 0 0 3 1135 463 91 325 203 8000 8000 8000 0 128 128 128 0 1 1.0 1.0
130000 132000 3 2 561 561 558 2433 2433 1630 1630 2 2734033 2734033 0 0 2 1627 382 134 283 131 8000 8000 8000 0 128 128 128 0 1 1.0 1.0
132000 134000 2 2 176 176 173 2209 2209 545 545 2 912441 910579 0 1 2 543 435 314 375 85 8000 8000 8000 0 128 128 128 0 1 1.0 1.0
134000 136000 2 2 199 199 198 1112 1112 632 632 1 1054895 1053957 0 0 1 630 375 62 219 221 0 0 0 0 0 0 0 0 0 0.0 1.0
136000 138000 2 2 375 375 372 2502 2502 1245 1245 3 1932886 1932886 0 0 3 1242 579 566 573 8 8000 8000 8000 0 128 128 128 0 1 1.0 1.0
138000 140000 2 2 308 308 305 2502 2502 1100 1100 3 1993271 1993271 0 0 3 1097 522 463 493 41 8000 8000 8000 0 128 128 128 0 1 1.0 1.0
140000 142000 3 2 755 755 750 4764 4764 2113 2113 5 3372136 3372136 0 0 5 2108 999 707 830 151 8000 8000 8000 0 128 128 128 0 2 2.0 1.0
142000 144000 3 2 540 540 537 1921 1921 1515 1515 3 2536237 2536237 0 0 2 1512 783 292 490 259 8000 8000 8000 0 128 128 128 0 1 1.0 1.0
144000 146000 2 2 465 465 462 2502 2502 1142 1142 3 1988568 1988568 0 0 3 1139 833 409 621 299 8000 8000 8000 0 128 128 128 0 1 1.0 1.0
146000 148000 2 2 468 468 465 2502 2502 1217 1217 3 1997254 1997254 0 0 3 1214 822 304 563 366 8000 8000 8000 0 128 128 128 0 1 1.0 1.0
148000 150000 2 2 443 443 440 2502 2502 1202 1202 3 1982523 1982523 0 0 3 1199 355 352 353 2 8000 8000 8000 0 128 128 128 0 1 1.0 1.0
150000 152000 2 2 333 333 330 2502 2502 1150 1150 3 1971692 1971692 0 0 3 1147 413 249 331 116 8000 8000 8000 0 128 128 128 0 1 1.0 1.0
152000 154000 2 2 411 411 408 2502 2502 1106 1106 3 1966840 1966840 0 0 3 1103 472 336 404 96 8000 8000 8000 0 128 128 128 0 1 1.0 1.0
154000 156000 2 2 467 467 464 2502 2502 1251 1251 3 1968640 1968640 0 0 3 1248 365 248 306 82 8000 8000 8000 0 128 128 128 0 1 1.0 1.0
156000 158000 2 2 447 447 444 2502 2502 1286 1286 3 1964858 1964858 0 0 3 1283 388 270 329 83 8000 8000 8000 0 128 128 128 0 1 1.0 1.0
158000 160000 2 2 293 293 290 2502 2502 762 762 3 1344258 1344258 0 0 3 759 379 288 334 64 8000 8000 8000 0 128 128 128 0 1 1.0 1.0
160000 162000 2 2 489 489 486 2502 2502 1423 1423 3 2379841 2379841 0 0 3 1420 399 179 289 155 8000 8000 8000 0 128 128 128 0 1 1.0 1.0
162000 164000 3 3 327 326 321 4639 4639 1080 1080 6 1785076 1785076 0 0 5 1073 421 211 338 112 8000 8000 8000 0 128 128 128 0 1 1.0 1.0
164000 166000 2 2 228 228 225 2502 2502 1018 1018 3 1963704 1963704 0 0 3 1015 334 280 307 38 8000 8000 8000 0 128 128 128 0 1 1.0 1.0
166000 168000 3 3 333 333 329 2502 2502 1062 1062 3 1768374 1768374 0 0 3 1057 556 251 379 158 8000 8000 8000 0 128 128 128 0 1 1.0 1.0
168000 170000 3 3 340 340 337 2502 2502 1211 1211 3 2045665 2045665 0 0 3 1208 513 53 275 230 8000 8000 8000 0 128 128 128 0 1 1.0 1.0
170000 172000 2 2 322 322 319 2502 2502 1138 1138 3 1919320 1919320 0 0 3 1135 346 257 302 62 8000 8000 8000 0 128 128 128 0 1 1.0 1.0
172000 174000 4 2 552 552 547 4180 4180 1816 1816 5 3155753 3153713 0 1 5 1811 463 304 391 83 8000 8000 8000 0 128 128 128 0 2 2.0 1.0
174000 176000 4 2 409 409 406 2593 2593 1184 1184 3 2015996 2015235 0 0 3 1181 467 49 242 209 8000 8000 8000 0 128 128 128 0 1 1.0 1.0
176000 178000 1 1 192 192 191 732 732 524 524 0 908354 908354 0 0 0 523 368 368 368 0 0 0 0 0 0 0 0 0 0 0.0 1.0
178000 180000 3 2 202 202 199 2620 2620 625 625 3 1108071 1108071 0 0 3 622 462 53 205 223 8000 8000 8000 0 128 128 128 0 1 1.0 1.0
180000 182000 3 2 543 543 540 2383 2383 1641 1641 2 2824690 2823290 0 1 2 1638 499 60 299 222 8000 8000 8000 0 128 128 128 0 1 1.0 1.0
182000 184000 2 2 337 337 334 2502 2502 1117 1117 3 1923856 1923856 0 0 3 1114 379 301 340 55 8000 8000 8000 0 128 128 128 0 1 1.0 1.0
184000 186000 2 2 330 330 327 2502 2502 1206 1206 3 1999183 1999183 0 0 3 1203 294 157 225 96 8000 8000 8000 0 128 128 128 0 1 1.0 1.0
186000 188000 3 3 317 316 311 4671 4671 1031 1031 6 1884738 1884738 0 0 5 1024 642 437 558 107 8000 8000 8000 0 128 128 128 0 1 1.0 1.0
188000 190000 4 2 645 645 640 4266 4266 1952 1952 5 3126409 3126409 0 0 5 1947 461 63 289 166 8000 8000 8000 0 128 128 128 0 2 2.0 1.0
190000 192000 4 3 512 512 508 2524 2524 1795 1795 3 2808950 2808950 0 0 3 1791 463 248 342 94 8000 8000 8000 0 128 128 128 0 1 1.0 1.0
192000 194000 4 3 385 385 381 2457 2457 1175 1175 3 1881558 1881558 0 0 2 1171 521 313 413 97 8000 8000 8000 0 128 128 128 0 1 1.0 1.0
194000 196000 3 2 439 439 436 2442 2442 1226 1226 2 2064451 2064451 0 0 2 1223 557 84 346 240 8000 8000 8000 0 128 128 128 0 1 1.0 1.0
196000 198000 2 2 346 346 343 2502 2502 1191 1191 3 1968127 1968127 0 0 3 1188 861 261 561 424 8000 8000 8000 0 128 128 128 0 1 1.0 1.0
198000 200000 2 2 457 457 454 2502 2502 1303 1303 3 2003401 2003401 0 0 3 1300 502 316 409 131 8000 8000 8000 0 128 128 128 0 1 1.0 1.0
200000 202000 2 2 341 341 338 2502 2502 1233 1233 3 1995826 1994426 0 1 3 1230 430 195 313 166 8000 8000 8000 0 128 128 128 0 1 1.0 1.0
202000 204000 2 2 400 400 397 2502 2502 1211 1211 3 1894581 1894581 0 0 3 1208 272 187 230 59 8000 8000 8000 0 128 128 128 0 1 1.0 1.0
204000 206000 2 2 362 362 359 2502 2502 1153 1153 3 1875314 1875314 0 0 3 1150 308 182 245 88 8000 8000 8000 0 128 128 128 0 1 1.0 1.0
206000 208000 2 2 458 458 455 2502 2502 1324 1324 3 2100947 2100947 0 0 3 1321 319 283 301 25 8000 8000 8000 0 128 128 128 0 1 1.0 1.0
208000 210000 2 2 428 428 425 2502 2502 1146 1146 3 1894307 1894307 0 0 3 1143 392 349 371 30 8000 8000 8000 0 128 128 128 0 1 1.0 1.0
210000 212000 2 2 435 435 431 3322 2502 1248 1248 4 2038055 2036655 1 1 4 1244 565 545 555 14 8000 8000 8000 0 128 128 128 0 1 1.0 1.0
212000 214000 2 2 455 455 452 2502 2502 1168 1168 3 1940488 1940488 0 0 3 1165 416 414 415 1 8000 8000 8000 0 128 128 128 0 1 1.0 1.0
214000 216000 4 3 452 450 447 2502 2502 1196 1196 4 1893428 1893428 0 0 3 1192 534 0 283 242 8000 8000 8000 0 128 128 128 0 1 1.0 1.0
216000 218000 3 3 515 514 508 4639 4639 1268 1268 6 2064617 2064617 1 0 6 1261 334 127 264 118 8000 8000 8000 0 128 128 128 0 1 1.0 1.0
218000 220000 3 2 937 937 933 3284 3284 2311 2311 3 3708718 3708718 0 0 3 2307 471 273 365 99 8000 8000 8000 0 128 128 128 0 2 1.0 1.0
220000 222000 3 3 58 58 55 1719 1719 109 109 2 170844 170844 0 0 2 105 472 35 290 227 0 0 0 0 128 128 128 0 0 1.0 1.0
222000 224000 6 4 672 671 664 6397 6397 1864 1864 8 2959732 2959732 0 0 7 1855 469 54 284 169 8000 8000 8000 0 128 128 128 0 2 2.0 1.0
224000 226000 3 2 390 390 387 2501 2501 1068 1068 2 1947639 1947639 0 0 2 1065 457 104 313 185 8000 8000 8000 0 128 128 128 0 1 1.0 1.0
226000 228000 4 3 363 363 359 2397 2397 1083 1083 3 2047246 2045286 0 1 2 1078 469 88 348 179 8000 8000 8000 0 128 128 128 0 1 1.0 1.0
228000 230000 4 2 409 409 406 2604 2604 1020 1020 3 1871576 1870736 0 0 3 1017 467 103 261 171 8000 8000 8000 0 128 128 128 0 1 1.0 1.0
230000 232000 3 2 413 413 410 2510 2510 1117 1117 3 1932997 1932997 0 0 3 1114 466 220 355 124 8000 8000 8000 0 128 128 128 0 1 1.0 1.0
232000 234000 3 2 675 675 672 2418 2418 1756 1756 2 2826646 2826646 0 0 2 1753 371 76 264 163 8000 8000 8000 0 128 128 128 0 1 1.0 1.0
234000 236000 2 2 372 372 369 2502 2502 1119 1119 3 1957716 1957716 0 0 3 1116 869 367 618 354 8000 8000 8000 0 128 128 128 0 1 1.0 1.0
236000 238000 2 2 463 463 460 2502 2502 1238 1238 3 1957241 1957241 0 0 3 1235 816 349 582 330 8000 8000 8000 0 128 128 128 0 1 1.0 1.0
238000 240000 3 2 306 306 303 2502 2502 1121 1121 3 1967411 1967411 0 0 3 1118 770 60 466 365 8000 8000 8000 0 128 128 128 0 1 1.0 1.0
240000 242000 2 2 444 444 441 2502 2502 1135 1135 3 1780991 1780991 0 0 3 1132 795 235 515 396 8000 8000 8000 0 128 128 128 0 1 1.0 1.0
242000 244000 2 2 493 493 490 2502 2502 1300 1300 3 2083211 2083211 0 0 3 1297 774 329 551 314 8000 8000 8000 0 128 128 128 0 1 1.0 1.0
244000 246000 2 2 499 499 496 2502 2502 1300 1300 3 2039058 2039058 0 0 3 1297 396 346 371 35 8000 8000 8000 0 128 128 128 0 1 1.0 1.0
246000 248000 3 2 363 363 359 2985 2985 1019 1019 3 1690364 1688159 0 1 3 1016 774 572 651 107 8000 8000 8000 0 128 128 128 0 1 1.0 1.0
248000 250000 3 2 533 533 531 2018 2018 1738 1738 3 2752122 2751527 0 0 2 1735 423 278 361 74 8000 8000 8000 0 128 128 128 0 1 1.0 1.0
250000 252000 2 2 334 334 331 2502 2502 912 912 3 1476161 1476161 0 0 3 909 361 239 300 86 8000 8000 8000 0 128 128 128 0 1 1.0 1.0
252000 254000 2 2 439 439 436 2502 2502 1080 1080 3 1819604 1819604 0 0 3 1077 513 191 352 227 8000 8000 8000 0 128 128 128 0 1 1.0 1.0
254000 256000 2 2 439 439 436 2502 2502 1167 1167 3 1949930 1949930 0 0 3 1164 354 202 278 107 8000 8000 8000 0 128 128 128 0 1 1.0 1.0
256000 258000 1 1 2 2 1 820 820 3 3 1 2920 2920 0 0 1 2 83 83 83 0 0 0 0 0 0 0 0 0 0 0.0 1.0
258000 260000 2 2 518 518 515 2502 2502 1294 1294 3 1896189 1896189 0 0 3 1291 357 114 235 171 8000 8000 8000 0 128 128 128 0 1 1.0 1.0
260000 262000 4 2 627 627 622 4231 4231 1917 1917 5 3046539 3046539 0 0 5 1912 462 69 308 169 8000 8000 8000 0 128 128 128 0 2 2.0 1.0
262000 264000 3 2 644 644 641 2454 2454 1701 1701 2 2911179 2911179 0 0 2 1698 401 141 259 131 8000 8000 8000 0 128 128 128 0 1 1.0 1.0
264000 266000 2 2 464 464 461 2502 2502 1271 1271 3 1989201 1989201 0 0 3 1268 819 304 561 364 8000 8000 8000 0 128 128 128 0 1 1.0 1.0
266000 268000 2 2 450 450 447 2502 2502 1311 1311 3 2039047 2039047 0 0 3 1308 349 224 287 88 8000 8000 8000 0 128 128 128 0 1 1.0 1.0
268000 270000 2 2 389 389 386 2502 2502 1125 1125 3 1972536 1972536 0 0 3 1122 319 277 298 29 8000 8000 8000 0 128 128 128 0 1 1.0 1.0
270000 272000 2 2 507 507 504 2502 2502 1237 1237 3 1959121 1959121 0 0 3 1234 267 212 240 38 8000 8000 8000 0 128 128 128 0 1 1.0 1.0
272000 274000 2 2 237 237 234 2502 2502 753 753 3 1158444 1158444 0 0 3 750 375 74 225 212 8000 8000 8000 0 128 128 128 0 1 1.0 1.0
274000 276000 4 2 582 582 577 4237 4237 2041 2041 5 3345409 3345409 0 0 5 2036 510 72 326 200 8000 8000 8000 0 128 128 128 0 2 2.0 1.0
276000 278000 3 2 330 330 327 2511 2511 1019 1019 3 1752121 1752121 0 0 3 1015 469 240 368 116 8000 8000 8000 0 128 128 128 0 1 1.0 1.0
278000 280000 3 2 699 699 696 2438 2438 1874 1874 2 2928788 2928788 0 0 2 1871 395 103 297 167 8000 8000 8000 0 128 128 128 0 1 1.0 1.0
280000 282000 3 2 221 221 218 2566 2566 723 723 3 1078415 1078415 0 0 3 720 468 115 241 197 8000 8000 8000 0 128 128 128 0 1 1.0 1.0
282000 284000 3 2 540 540 537 2437 2437 1764 1764 2 2781357 2781357 0 0 2 1761 422 70 294 194 8000 8000 8000 0 128 128 128 0 1 1.0 1.0
284000 286000 2 2 414 414 411 2502 2502 1270 1270 3 2016752 2016752 0 0 3 1267 833 290 562 384 8000 8000 8000 0 128 128 128 0 1 1.0 1.0
286000 288000 2 2 375 375 372 2502 2502 1162 1162 3 1924976 1924976 0 0 3 1159 886 336 611 388 8000 8000 8000 0 128 128 128 0 1 1.0 1.0
288000 290000 2 2 489 489 486 2502 2502 1266 1266 3 2000265 2000265 0 0 3 1263 865 404 635 326 8000 8000 8000 0 128 128 128 0 1 1.0 1.0
290000 292000 2 2 496 496 493 2502 2502 1215 1215 3 1911673 1911673 0 0 3 1212 826 291 558 378 8000 8000 8000 0 128 128 128 0 1 1.0 1.0
292000 294000 2 2 310 310 307 2502 2502 1152 1152 3 2051900 2051900 0 0 3 1149 385 269 327 81 8000 8000 8000 0 128 128 128 0 1 1.0 1.0
294000 296000 2 2 419 419 416 2502 2502 1306 1306 3 1985445 1985445 0 0 3 1303 310 262 286 33 8000 8000 8000 0 128 128 128 0 1 1.0 1.0
296000 298000 2 2 399 399 396 2502 2502 1075 1075 3 1942752 1942752 0 0 3 1072 602 217 410 272 8000 8000 8000 0 128 128 128 0 1 1.0 1.0
298000 300000 2 2 334 334 331 2502 2502 1102 1102 3 1905793 1905793 0 0 3 1099 308 214 261 66 8000 8000 8000 0 128 128 128 0 1 1.0 1.0
300000 302000 0 0 0 0 0 0 0 0 0 0 0 0 0 0 0 0 0 0 0 0 0 0 0 0 0 0 0 0 0  
