ts te nbins ncons c_pkts_all c_bytes_all s_pkts_all s_bytes_all max_bin min_bin avg_bin std_bin max_vid min_vid avg_vid std_vid max_aud min_aud avg_aud std_aud num_vid num_aud num_mfs
0 5000 1 1 106 10507 219 277243 813 813 813 0 480 480 480 0 128 128 128 0 3 2 1
5000 10000 5 1 415 29806 833 966620 999 182 682 398 480 480 480 0 128 128 128 0 5 6 2
10000 15000 6 1 722 44501 1362 1609868 999 84 830 367 8000 480 4293 3364 128 128 128 0 6 5 3
15000 20000 6 1 790 46880 1481 1771101 999 96 828 361 8000 1500 4100 3560 128 128 128 0 5 6 2
20000 25000 6 1 799 46307 1443 1715675 999 116 829 353 1500 1500 1500 0 128 128 128 0 4 4 3
25000 30000 6 1 646 37304 1202 1433268 998 113 666 396 2300 1500 2100 400 128 128 128 0 4 4 2
30000 35000 6 1 743 40237 1425 1700940 999 384 830 270 2300 2300 2300 0 128 128 128 0 3 3 3
35000 40000 6 1 780 41853 1433 1708009 998 397 829 265 2300 2300 2300 0 128 128 128 0 2 2 2
40000 45000 6 1 719 39576 1304 1554378 999 364 820 282 2300 2300 2300 0 128 128 128 0 3 3 3
45000 50000 6 1 662 36566 1207 1438353 999 430 828 266 2300 2300 2300 0 128 128 128 0 2 2 2
50000 55000 6 1 746 39757 1427 1710158 999 454 829 261 2300 2300 2300 0 128 128 128 0 3 3 3
55000 60000 6 1 671 36630 1250 1492140 999 465 830 262 2300 2300 2300 0 128 128 128 0 3 3 2
60000 65000 6 1 774 41229 1476 1764194 999 476 829 263 2300 2300 2300 0 128 128 128 0 2 2 3
65000 70000 6 1 585 33263 1095 1538255 999 109 715 439 2300 2300 2300 0 128 128 128 0 3 3 2
70000 75000 6 1 585 32790 1097 1551045 996 99 828 359 2300 2300 2300 0 128 128 128 0 2 2 3
75000 80000 6 1 670 37597 1246 1764923 996 80 826 367 2300 2300 2300 0 128 128 128 0 3 3 2
80000 85000 6 1 603 34772 1126 1585944 998 70 823 370 2300 2300 2300 0 128 128 128 0 3 3 3
85000 90000 6 1 613 37130 1125 1586252 999 56 829 379 2300 2300 2300 0 128 128 128 0 2 2 2
90000 95000 5 1 568 32354 1042 1468555 999 634 875 157 2300 2300 2300 0 128 128 128 0 3 3 3
95000 100000 6 1 625 35177 1159 1639787 999 363 830 273 2300 2300 2300 0 128 128 128 0 2 2 2
100000 105000 6 1 640 36207 1206 1705154 998 364 826 274 2300 2300 2300 0 128 128 128 0 3 3 3
105000 110000 6 1 555 31814 1049 1481855 998 374 825 274 2300 2300 2300 0 128 128 128 0 3 3 2
110000 115000 6 1 605 34428 1096 1544830 999 109 745 387 2300 2300 2300 0 128 128 128 0 2 2 3
115000 120000 6 1 616 34741 1181 1671745 999 88 828 364 2300 2300 2300 0 128 128 128 0 3 3 2
120000 125000 5 1 441 25975 792 1120487 998 268 724 324 2300 2300 2300 0 128 128 128 0 2 3 3
125000 130000 6 1 659 37140 1249 1773612 999 490 829 262 2300 2300 2300 0 128 128 128 0 3 2 2
130000 135000 6 1 661 36919 1246 1768110 998 479 829 260 2300 2300 2300 0 128 128 128 0 3 3 3
135000 140000 6 1 627 35030 1136 1609076 999 105 762 372 2300 2300 2300 0 128 128 128 0 2 2 2
140000 145000 6 1 627 35893 1127 1587885 999 92 828 363 2300 2300 2300 0 128 128 128 0 3 3 3
145000 150000 5 1 578 32953 1059 1494848 999 620 847 206 2300 2300 2300 0 128 128 128 0 3 3 2
150000 155000 6 1 643 35549 1223 1729869 999 373 828 272 2300 2300 2300 0 128 128 128 0 3 2 3
155000 160000 6 1 595 34301 1115 1573140 997 392 821 271 2300 2300 2300 0 128 128 128 0 3 3 2
160000 165000 6 1 579 32498 1072 1514401 999 99 724 375 2300 2300 2300 0 128 128 128 0 2 2 3
165000 170000 6 1 567 32554 1032 1455676 998 73 825 370 2300 2300 2300 0 128 128 128 0 3 3 2
170000 175000 6 1 596 34532 1123 1588541 999 53 827 380 2300 2300 2300 0 128 128 128 0 3 3 3
175000 180000 6 1 604 32992 1170 1654637 997 36 827 388 2300 2300 2300 0 128 128 128 0 2 2 2
180000 185000 6 1 640 36638 1178 1662807 999 30 828 391 2300 2300 2300 0 128 128 128 0 3 3 3
185000 190000 6 1 595 32810 1104 1558394 999 11 829 400 2300 2300 2300 0 128 128 128 0 2 2 2
190000 195000 5 1 529 30582 985 1392781 996 393 802 275 2300 2300 2300 0 128 128 128 0 3 3 3
195000 200000 6 1 668 38101 1236 1747887 999 362 828 273 2300 2300 2300 0 128 128 128 0 2 3 2
200000 205000 6 1 649 36005 1195 1691082 998 373 829 272 2300 2300 2300 0 128 128 128 0 3 2 3
205000 210000 6 1 575 33011 1078 1524235 999 112 717 379 2300 2300 2300 0 128 128 128 0 3 3 2
210000 215000 5 1 581 32503 1061 1498149 998 615 877 156 2300 2300 2300 0 128 128 128 0 2 2 3
215000 220000 6 1 611 34958 1175 1660203 999 48 773 388 2300 2300 2300 0 128 128 128 0 3 3 2
220000 225000 6 1 571 32376 1073 1517007 997 396 822 270 2300 2300 2300 0 128 128 128 0 3 3 3
225000 230000 6 1 656 36880 1183 1671731 997 431 828 263 2300 2300 2300 0 128 128 128 0 2 2 2
230000 235000 6 1 591 34102 1085 1529251 997 445 828 261 2300 2300 2300 0 128 128 128 0 3 3 3
235000 240000 6 1 555 31564 1060 1493746 999 457 828 263 2300 2300 2300 0 128 128 128 0 2 2 2
240000 245000 6 1 591 34365 1057 1491213 998 341 695 332 2300 2300 2300 0 128 128 128 0 3 3 3
245000 250000 6 1 667 36550 1268 1801201 998 328 829 280 2300 2300 2300 0 128 128 128 0 3 3 2
250000 255000 6 1 620 35361 1105 1558811 996 110 742 345 2300 2300 2300 0 128 128 128 0 2 2 3
255000 260000 6 1 715 42168 1302 1834764 997 99 828 359 2300 2300 2300 0 128 128 128 0 3 3 2
260000 265000 5 1 650 38522 1187 1676368 999 620 898 160 2300 2300 2300 0 128 128 128 0 2 2 3
265000 270000 6 1 625 36170 1138 1607812 999 373 739 292 2300 2300 2300 0 128 128 128 0 3 3 2
270000 275000 6 1 607 34803 1141 1613759 998 387 824 273 2300 2300 2300 0 128 128 128 0 3 3 3
275000 280000 6 1 612 34539 1153 1628592 999 422 827 265 2300 2300 2300 0 128 128 128 0 2 2 2
280000 285000 6 1 622 36396 1141 1606538 999 442 828 263 2300 2300 2300 0 128 128 128 0 3 3 3
285000 290000 6 1 614 34990 1113 1568517 999 456 829 263 2300 2300 2300 0 128 128 128 0 2 2 2
290000 295000 6 1 610 34528 1125 1587902 999 474 829 261 2300 2300 2300 0 128 128 128 0 3 3 3
295000 300000 6 1 551 31723 1048 1482184 998 486 827 263 2300 2300 2300 0 128 128 128 0 3 3 2
300000 305000 1 1 49 3374 102 143213 495 495 495 0 0 0 0 0 0 0 0 0 0 0 1
