ts te nbins ncons c_pkts_all c_bytes_all s_pkts_all s_bytes_all max_bin min_bin avg_bin std_bin max_vid min_vid avg_vid std_vid max_aud min_aud avg_aud std_aud num_vid num_aud num_mfs
0 5000 0 0 0 0 0 0 0 0 0 0 0 0 0 0 0 0 0 0 0 0 
5000 10000 0 0 0 0 0 0 0 0 0 0 0 0 0 0 0 0 0 0 0 0 
10000 15000 0 0 0 0 0 0 0 0 0 0 0 0 0 0 0 0 0 0 0 0 
15000 20000 2 1 79 11505 199 279362 995 39 517 675 840 840 840 0 128 128 128 0 2 2 1.0
20000 25000 5 1 276 22770 526 728168 998 943 977 27 480 288 352 99 128 128 128 0 6 5 2.0
25000 30000 6 1 246 21684 521 714276 998 42 808 381 288 288 288 0 128 128 128 0 6 6 3.0
30000 35000 6 1 176 15211 352 481692 999 154 643 328 480 480 480 0 128 128 128 0 4 4 2.0
35000 40000 3 1 229 16950 418 585852 986 412 794 330 840 840 840 0 128 128 128 0 3 3 3.0
40000 45000 3 1 294 19071 533 753448 974 691 876 160 840 840 840 0 128 128 128 0 3 3 2.0
45000 50000 5 1 350 23187 665 943482 998 608 919 173 1500 1500 1500 0 128 128 128 0 4 4 3.0
50000 55000 6 1 451 26840 824 1176472 999 388 825 272 1500 1500 1500 0 128 128 128 0 2 2 2.0
55000 60000 6 1 429 25825 802 1145472 999 51 741 407 1500 1500 1500 0 128 128 128 0 3 3 3.0
60000 65000 5 1 427 25162 782 1113043 999 604 840 214 1500 1500 1500 0 128 128 128 0 3 3 2.0
65000 70000 5 1 452 25998 764 1089943 996 389 737 260 1500 1500 1500 0 128 128 128 0 2 2 3.0
70000 75000 5 1 391 24588 724 1038651 998 35 798 427 1500 1500 1500 0 128 128 128 0 3 3 2.0
75000 80000 6 1 441 25931 839 1207193 999 9 825 399 1500 1500 1500 0 128 128 128 0 2 2 3.0
80000 85000 5 1 437 27527 776 1107194 996 175 652 346 2300 1500 1900 461 128 128 128 0 4 4 2.0
85000 90000 6 1 627 36358 1184 1706813 998 423 770 258 2300 2300 2300 0 128 128 128 0 2 2 3.0
90000 95000 6 1 558 32024 1010 1460493 999 439 822 263 2300 2300 2300 0 128 128 128 0 3 3 2.0
95000 100000 6 1 634 34370 1204 1741121 999 468 829 260 2300 2300 2300 0 128 128 128 0 3 3 3.0
100000 105000 6 1 600 33102 1117 1615318 997 66 743 388 2300 2300 2300 0 128 128 128 0 2 2 2.0
105000 110000 6 1 682 37949 1262 1824703 999 56 829 379 2300 2300 2300 0 128 128 128 0 3 3 3.0
110000 115000 5 1 529 29712 948 1350066 999 608 884 172 2300 2300 2300 0 128 128 128 0 2 2 2.0
115000 120000 6 1 657 37301 1220 1755884 999 385 823 268 2300 2300 2300 0 128 128 128 0 3 3 3.0
120000 125000 6 1 538 30594 969 1394629 999 71 745 405 2300 2300 2300 0 128 128 128 0 3 3 2.0
125000 130000 6 1 673 38503 1257 1818191 999 52 828 381 2300 2300 2300 0 128 128 128 0 2 2 3.0
130000 135000 6 1 575 33618 1049 1508497 999 40 829 387 2300 2300 2300 0 128 128 128 0 3 3 2.0
135000 140000 5 1 613 34082 1131 1630726 997 626 913 161 2300 2300 2300 0 128 128 128 0 2 2 3.0
140000 145000 5 1 608 34979 1147 1659480 998 561 909 194 2300 2300 2300 0 128 128 128 0 3 3 2.0
145000 150000 6 1 565 31928 1064 1534425 997 437 826 264 2300 2300 2300 0 128 128 128 0 3 3 3.0
150000 155000 6 1 584 33638 1094 1575473 999 461 829 262 2300 2300 2300 0 128 128 128 0 2 2 2.0
155000 160000 6 1 565 32017 1053 1513407 999 478 827 261 2300 2300 2300 0 128 128 128 0 3 3 3.0
160000 165000 6 1 640 35507 1198 1730890 999 484 828 262 2300 2300 2300 0 128 128 128 0 3 3 2.0
165000 170000 6 1 512 29452 972 1400359 998 31 746 397 2300 2300 2300 0 128 128 128 0 2 2 3.0
170000 175000 5 1 543 31422 978 1402637 999 484 818 239 2300 2300 2300 0 128 128 128 0 2 3 2.0
175000 180000 6 1 649 37395 1229 1774624 999 337 827 280 2300 2300 2300 0 128 128 128 0 3 2 3.0
180000 185000 6 1 614 34457 1155 1668778 999 357 763 275 2300 2300 2300 0 128 128 128 0 3 3 2.0
185000 190000 6 1 630 36375 1204 1740746 999 430 828 265 2300 2300 2300 0 128 128 128 0 3 3 3.0
190000 195000 6 1 615 35285 1100 1582961 999 450 828 262 2300 2300 2300 0 128 128 128 0 2 2 2.0
195000 200000 6 1 606 35515 1095 1569134 998 460 828 262 2300 2300 2300 0 128 128 128 0 3 3 3.0
200000 205000 6 1 573 32228 1063 1534571 999 68 746 389 2300 2300 2300 0 128 128 128 0 2 2 2.0
205000 210000 6 1 632 36457 1217 1752298 999 58 830 379 2300 2300 2300 0 128 128 128 0 3 3 3.0
210000 215000 6 1 597 34648 1083 1559172 999 28 824 390 2300 2300 2300 0 128 128 128 0 3 3 2.0
215000 220000 6 1 612 36042 1143 1645061 999 15 829 399 2300 2300 2300 0 128 128 128 0 2 2 3.0
220000 225000 6 1 604 34746 1130 1628859 999 1 828 405 2300 2300 2300 0 128 128 128 0 3 3 2.0
225000 230000 5 1 672 38183 1174 1693460 999 986 996 5 2300 2300 2300 0 128 128 128 0 2 2 3.0
230000 235000 6 1 569 32989 1067 1538704 998 8 828 401 2300 2300 2300 0 128 128 128 0 3 3 2.0
235000 240000 6 1 622 36516 1114 1600585 995 22 826 394 2300 2300 2300 0 128 128 128 0 3 3 3.0
240000 245000 6 1 574 31892 1106 1592631 999 39 830 387 2300 2300 2300 0 128 128 128 0 2 2 2.0
245000 250000 6 1 650 38300 1199 1725399 999 49 829 382 2300 2300 2300 0 128 128 128 0 3 3 3.0
250000 255000 6 1 568 32009 1021 1469555 996 58 825 377 2300 2300 2300 0 128 128 128 0 2 2 2.0
255000 260000 6 1 664 38649 1212 1738049 998 69 830 373 2300 2300 2300 0 128 128 128 0 3 3 3.0
260000 265000 6 1 622 36218 1126 1617580 999 73 826 371 2300 2300 2300 0 128 128 128 0 3 3 2.0
265000 270000 6 1 631 36292 1151 1658922 999 99 823 358 2300 2300 2300 0 128 128 128 0 2 2 3.0
270000 275000 6 1 628 35850 1151 1665359 999 138 779 356 2300 2300 2300 0 128 128 128 0 3 3 2.0
275000 280000 6 1 574 33726 1077 1553478 999 419 821 273 2300 2300 2300 0 128 128 128 0 2 2 3.0
280000 285000 5 1 455 26428 847 1218630 999 468 718 265 2300 2300 2300 0 128 128 128 0 2 3 2.0
285000 290000 6 1 658 37465 1233 1785480 999 352 829 275 2300 2300 2300 0 128 128 128 0 3 3 3.0
290000 295000 6 1 659 36607 1241 1797344 999 363 828 275 2300 2300 2300 0 128 128 128 0 3 2 2.0
295000 300000 6 1 629 36333 1189 1711795 999 353 818 285 2300 2300 2300 0 128 128 128 0 3 3 3.0
300000 305000 1 1 59 2867 111 162391 429 429 429 0 0 0 0 0 0 0 0 0 0 0 0.0
