ts te nbins ncons c_pkts_all c_bytes_all s_pkts_all s_bytes_all max_bin min_bin avg_bin std_bin max_vid min_vid avg_vid std_vid max_aud min_aud avg_aud std_aud num_vid num_aud num_mfs
0 5000 0 0 0 0 0 0 0 0 0 0 0 0 0 0 0 0 0 0 0 0 
5000 10000 3 1 139 15762 297 420010 994 855 946 78 840 840 840 0 128 128 128 0 2 4 2.0
10000 15000 6 1 231 18117 377 524849 997 138 822 341 288 288 288 0 128 128 128 0 5 4 2.0
15000 20000 6 1 334 25640 523 708567 999 171 825 328 288 288 288 0 128 128 128 0 6 5 3.0
20000 25000 5 1 177 12823 307 424513 991 175 700 348 288 288 288 0 128 128 128 0 2 2 2.0
25000 30000 5 1 181 14536 246 347596 998 886 970 47 288 288 288 0 128 128 128 0 3 3 3.0
30000 35000 5 1 192 14246 237 332981 999 110 779 377 288 288 288 0 128 128 128 0 3 3 2.0
35000 40000 6 1 188 14043 233 330725 997 66 723 393 288 288 288 0 128 128 128 0 2 2 3.0
40000 45000 6 1 209 15628 264 363599 999 375 816 270 288 288 288 0 128 128 128 0 3 3 2.0
45000 50000 5 1 191 15136 308 424671 993 245 614 279 480 288 416 110 128 128 128 0 3 3 3.0
50000 55000 6 1 238 17701 418 587105 998 463 820 273 840 480 750 180 128 128 128 0 4 4 2.0
55000 60000 4 1 281 17977 496 692789 959 525 687 207 840 840 840 0 128 128 128 0 3 3 3.0
60000 65000 5 1 348 22584 634 897028 999 320 754 337 1500 1500 1500 0 128 128 128 0 3 3 2.0
65000 70000 5 1 382 23048 680 970646 998 475 708 264 1500 1500 1500 0 128 128 128 0 3 3 3.0
70000 75000 5 1 442 27979 793 1133976 999 472 848 221 1500 1500 1500 0 128 128 128 0 2 2 2.0
75000 80000 6 1 458 26930 842 1201401 998 55 812 372 1500 1500 1500 0 128 128 128 0 3 3 3.0
80000 85000 6 1 425 25687 754 1075715 999 99 697 373 1500 1500 1500 0 128 128 128 0 3 3 2.0
85000 90000 6 1 421 25301 785 1128178 998 401 822 271 1500 1500 1500 0 128 128 128 0 2 2 3.0
90000 95000 5 1 362 21549 658 933386 992 446 701 268 1500 1500 1500 0 128 128 128 0 3 3 2.0
95000 100000 6 1 521 31183 934 1332961 994 414 818 263 1500 1500 1500 0 128 128 128 0 2 2 3.0
100000 105000 5 1 443 26711 809 1138501 998 582 899 178 1500 1500 1500 0 128 128 128 0 3 3 2.0
105000 110000 6 1 617 36692 1160 1659432 998 42 828 385 2300 2300 2300 0 128 128 128 0 4 4 3.0
110000 115000 6 1 659 36098 1178 1687803 999 57 828 378 2300 2300 2300 0 128 128 128 0 2 2 2.0
115000 120000 6 1 586 34262 1121 1613877 998 71 821 369 2300 2300 2300 0 128 128 128 0 3 3 3.0
120000 125000 6 1 593 33851 1041 1489537 999 101 757 351 2300 2300 2300 0 128 128 128 0 2 2 2.0
125000 130000 6 1 677 37114 1249 1798442 999 352 828 275 2300 2300 2300 0 128 128 128 0 3 3 3.0
130000 135000 6 1 633 37003 1184 1709166 999 351 824 280 2300 2300 2300 0 128 128 128 0 3 3 2.0
135000 140000 6 1 553 32760 989 1420449 998 392 750 292 2300 2300 2300 0 128 128 128 0 2 2 3.0
140000 145000 6 1 663 37752 1218 1754780 999 369 827 273 2300 2300 2300 0 128 128 128 0 3 3 2.0
145000 150000 6 1 593 34679 1100 1582788 999 308 818 293 2300 2300 2300 0 128 128 128 0 3 3 3.0
150000 155000 5 1 551 31215 1023 1466925 997 689 896 129 2300 2300 2300 0 128 128 128 0 2 2 2.0
155000 160000 6 1 656 37654 1226 1761361 999 50 807 374 2300 2300 2300 0 128 128 128 0 3 3 3.0
160000 165000 6 1 633 35770 1151 1657362 999 124 828 349 2300 2300 2300 0 128 128 128 0 2 2 2.0
165000 170000 6 1 625 35526 1152 1664960 999 143 828 341 2300 2300 2300 0 128 128 128 0 3 3 3.0
170000 175000 6 1 533 30687 1022 1477241 998 155 828 336 2300 2300 2300 0 128 128 128 0 3 2 2.0
175000 180000 6 1 621 34925 1135 1637158 997 169 827 330 2300 2300 2300 0 128 128 128 0 2 3 3.0
180000 185000 6 1 562 32343 1077 1555390 999 168 823 332 2300 2300 2300 0 128 128 128 0 3 3 2.0
185000 190000 6 1 592 34680 1063 1533125 999 214 740 335 2300 2300 2300 0 128 128 128 0 2 2 3.0
190000 195000 6 1 586 33033 1117 1611591 999 430 827 265 2300 2300 2300 0 128 128 128 0 3 3 2.0
195000 200000 6 1 597 34032 1114 1607709 999 415 829 265 2300 2300 2300 0 128 128 128 0 3 3 3.0
200000 205000 6 1 627 35353 1130 1618308 999 390 823 267 2300 2300 2300 0 128 128 128 0 2 2 2.0
205000 210000 6 1 623 34943 1172 1684516 999 372 829 272 2300 2300 2300 0 128 128 128 0 3 3 3.0
210000 215000 6 1 564 32014 1021 1466839 998 363 828 271 2300 2300 2300 0 128 128 128 0 2 2 2.0
215000 220000 6 1 666 37329 1241 1788029 999 350 829 276 2300 2300 2300 0 128 128 128 0 3 3 3.0
220000 225000 5 1 550 31729 1041 1496697 999 557 897 192 2300 2300 2300 0 128 128 128 0 3 3 2.0
225000 230000 6 1 610 34273 1099 1586305 999 60 828 377 2300 2300 2300 0 128 128 128 0 2 2 3.0
230000 235000 6 1 536 31810 966 1391610 999 72 742 407 2300 2300 2300 0 128 128 128 0 3 3 2.0
235000 240000 6 1 599 34218 1134 1627630 998 376 828 271 2300 2300 2300 0 128 128 128 0 2 2 3.0
240000 245000 6 1 570 34248 1091 1569877 999 354 827 276 2300 2300 2300 0 128 128 128 0 4 4 2.0
245000 250000 6 1 663 37267 1226 1773546 997 342 828 277 2300 2300 2300 0 128 128 128 0 3 3 3.0
250000 255000 6 1 636 35622 1164 1675897 999 329 827 279 2300 2300 2300 0 128 128 128 0 2 2 2.0
255000 260000 6 1 566 32320 1049 1502848 996 322 827 280 2300 2300 2300 0 128 128 128 0 3 3 3.0
260000 265000 6 1 597 33274 1097 1584222 998 301 827 288 2300 2300 2300 0 128 128 128 0 2 2 2.0
265000 270000 6 1 599 34269 1118 1615989 999 281 829 294 2300 2300 2300 0 128 128 128 0 3 3 3.0
270000 275000 5 1 551 31264 1031 1487651 999 590 851 186 2300 2300 2300 0 128 128 128 0 3 3 2.0
275000 280000 6 1 649 35872 1183 1710039 999 46 821 382 2300 2300 2300 0 128 128 128 0 2 2 3.0
280000 285000 5 1 514 30013 955 1377386 999 443 887 248 2300 2300 2300 0 128 128 128 0 3 3 2.0
285000 290000 6 1 643 35976 1198 1730552 999 429 829 264 2300 2300 2300 0 128 128 128 0 2 2 3.0
290000 295000 6 1 598 34104 1059 1518477 999 414 828 264 2300 2300 2300 0 128 128 128 0 3 3 2.0
295000 300000 6 1 653 36821 1156 1659670 999 399 829 267 2300 2300 2300 0 128 128 128 0 3 3 3.0
300000 305000 1 1 74 3560 147 212173 559 559 559 0 0 0 0 0 0 0 0 0 0 0 0.0
