ts te nbins ncons c_pkts_all c_ack_cnt c_ack_cnt_p c_bytes_all c_bytes_uniq s_pkts_all s_ack_cnt s_ack_cnt_p s_bytes_all s_bytes_uniq c_pkts_retx s_pkts_retx c_pkts_data s_pkts_data max_bin min_bin avg_bin std_bin max_vid min_vid avg_vid std_vid max_aud min_aud avg_aud std_aud num_vid num_aud num_mfs
0 2000 34 28 272 266 96 93614 91515 390 390 222 132128 131999 9 4 169 162 999 0 377 237 0 0 0 0 0 0 0 0 0 0.0 0.0
2000 4000 17 13 290 285 223 19114 17409 457 457 78 601595 494520 6 63 61 374 999 29 385 310 0 0 0 0 0 0 0 0 0 0.0 0.0
4000 6000 11 7 480 478 467 9201 7634 735 735 17 1055132 704566 3 232 11 714 999 24 454 347 0 0 0 0 0 0 0 0 0 0.0 1.0
6000 8000 9 4 520 518 512 4667 4469 697 697 9 948405 694305 2 186 6 685 999 30 521 297 0 0 0 0 0 0 0 0 0 0.0 0.0
8000 10000 15 10 442 438 400 30367 23424 578 578 51 724984 590547 7 99 35 518 996 18 491 341 480 480 480 0 128 128 128 0 2 2.0 0.0
10000 12000 15 10 329 325 286 62636 61612 488 488 67 588249 436138 3 111 38 416 998 0 468 355 288 288 288 0 0 0 0 0 3 0.0 1.0
12000 14000 11 9 277 272 257 9413 8697 432 432 24 593836 441040 3 113 13 403 998 0 526 313 288 288 288 0 128 128 128 0 2 3.0 1.0
14000 16000 10 7 311 306 287 14862 14862 410 410 31 535243 441451 0 71 18 376 998 34 509 290 288 288 288 0 128 128 128 0 2 3.0 1.0
16000 18000 3 1 235 235 234 35 35 313 313 1 505498 446885 0 41 1 312 996 483 663 288 288 288 288 0 128 128 128 0 3 2.0 1.0
18000 20000 3 1 219 219 218 34 34 317 317 2 564010 522951 0 26 0 315 999 488 665 288 288 288 288 0 128 128 128 0 1 2.0 1.0
20000 22000 7 5 217 217 203 20446 20446 296 296 25 515237 483974 0 17 13 270 941 262 453 234 840 840 840 0 128 128 128 0 2 1.0 1.0
22000 24000 3 1 232 232 230 70 70 313 313 3 675196 661258 0 9 2 310 998 437 663 295 0 0 0 0 0 0 0 0 0 0.0 1.0
24000 26000 4 2 244 244 244 0 0 342 342 1 674056 621108 0 35 0 340 947 17 487 383 840 840 840 0 128 128 128 0 1 1.0 1.0
26000 28000 3 1 362 362 361 29 29 520 520 1 741186 519130 0 153 0 519 999 417 662 301 288 288 288 0 128 128 128 0 1 1.0 1.0
28000 30000 3 1 224 224 223 40 40 293 293 2 513292 457762 0 36 1 291 998 392 653 311 288 288 288 0 128 128 128 0 2 2.0 1.0
30000 32000 14 9 331 330 262 133986 133081 489 489 115 587725 485673 3 70 66 370 998 0 491 341 288 288 288 0 128 128 128 0 2 2.0 1.0
32000 34000 6 4 235 235 232 1058 1058 332 332 5 575994 550934 0 18 3 327 992 0 403 363 288 288 288 0 128 128 128 0 1 1.0 1.0
34000 36000 6 4 244 244 243 26 26 319 319 3 565358 538207 0 18 0 315 996 17 350 395 480 480 480 0 128 128 128 0 2 2.0 1.0
36000 38000 12 9 243 243 242 34 34 349 349 7 620417 596151 0 16 0 341 993 0 180 319 0 0 0 0 0 0 0 0 0 0.0 1.0
38000 40000 4 2 256 256 252 43 43 351 351 4 578480 481359 2 57 1 344 997 369 618 273 840 840 840 0 128 128 128 0 1 2.0 1.0
40000 42000 8 6 228 228 216 13866 13564 309 309 23 454219 378219 1 48 12 286 998 16 543 333 840 840 840 0 128 128 128 0 2 1.0 1.0
42000 44000 2 2 79 79 78 35 35 81 81 2 114687 95321 0 13 1 79 649 262 455 273 0 0 0 0 0 0 0 0 0 0.0 1.0
44000 46000 13 11 27 27 14 10942 10942 38 38 30 8280 8280 0 0 13 8 998 17 210 302 840 840 840 0 128 128 128 0 2 2.0 1.0
46000 48000 16 16 15 15 13 633 633 17 17 16 810 810 0 0 1 0 145 17 33 33 840 840 840 0 128 128 128 0 1 1.0 1.0
48000 50000 16 16 21 21 12 6432 6432 22 22 17 506 506 0 0 6 2 669 4 58 163 840 840 840 0 128 128 128 0 2 2.0 1.0
50000 52000 13 13 30 30 11 15066 15066 35 35 24 6956 6956 0 0 12 5 984 16 262 393 0 0 0 0 128 128 128 0 0 1.0 1.0
52000 54000 3 2 7 7 3 3916 3916 10 10 8 2752 2752 0 0 4 2 293 66 211 125 840 840 840 0 128 128 128 0 1 1.0 1.0
54000 56000 2 2 2 2 2 0 0 2 2 2 0 0 0 0 0 0 23 17 20 4 1500 1500 1500 0 128 128 128 0 3 1.0 1.0
56000 58000 3 3 3 3 3 0 0 3 3 3 0 0 0 0 0 0 22 17 19 2 1500 1500 1500 0 128 128 128 0 1 1.0 1.0
58000 60000 7 7 13 13 7 0 0 7 7 1 0 0 0 0 0 0 29 23 24 2 1500 1500 1500 0 128 128 128 0 1 1.0 1.0
60000 62000 10 10 30 29 10 19754 19754 46 46 30 5780 5780 0 0 15 11 843 26 297 297 1500 1500 1500 0 128 128 128 0 1 1.0 1.0
62000 64000 5 4 77 75 9 100025 79600 97 97 79 6866 6866 14 0 64 15 992 20 291 405 1500 1500 1500 0 128 128 128 0 1 1.0 1.0
64000 66000 3 1 27 27 1 38482 25584 29 29 28 77 77 9 0 26 1 983 1 607 530 1500 1500 1500 0 128 128 128 0 1 1.0 1.0
66000 68000 4 2 19 19 2 24746 17817 22 22 19 254 254 4 0 17 3 605 0 287 276 1500 1500 1500 0 128 128 128 0 1 1.0 1.0
68000 70000 1 1 4 4 3 0 0 3 3 0 77 77 0 0 0 2 483 483 483 0 1500 1500 1500 0 128 128 128 0 1 1.0 1.0
70000 72000 6 6 18 18 5 13936 13936 29 29 22 5272 5272 0 0 12 6 750 23 327 237 1500 1500 1500 0 128 128 128 0 1 1.0 1.0
72000 74000 3 3 5 5 2 35 35 5 5 2 31 31 0 0 1 1 247 22 97 129 1500 1500 1500 0 128 128 128 0 1 1.0 1.0
74000 76000 1 1 2 2 1 0 0 1 1 0 0 0 0 0 0 0 20 20 20 0 1500 1500 1500 0 128 128 128 0 1 1.0 1.0
76000 78000 0 0 0 0 0 0 0 0 0 0 0 0 0 0 0 0 0 0 0 0 0 0 0 0 0 0 0 0 0  
78000 80000 0 0 0 0 0 0 0 0 0 0 0 0 0 0 0 0 0 0 0 0 0 0 0 0 0 0 0 0 0  
80000 82000 2 2 6 6 2 5323 5323 10 10 7 455 455 0 0 3 2 683 19 351 469 1500 1500 1500 0 128 128 128 0 1 1.0 1.0
82000 84000 0 0 0 0 0 0 0 0 0 0 0 0 0 0 0 0 0 0 0 0 0 0 0 0 0 0 0 0 0  
84000 86000 1 1 1 1 1 0 0 1 1 1 0 0 0 0 0 0 24 24 24 0 1500 1500 1500 0 128 128 128 0 1 1.0 1.0
86000 88000 1 1 1 1 1 0 0 1 1 1 0 0 0 0 0 0 24 24 24 0 2300 2300 2300 0 128 128 128 0 2 1.0 1.0
88000 90000 1 1 6 6 2 3135 3135 9 9 7 506 506 0 0 4 2 734 734 734 0 2300 2300 2300 0 128 128 128 0 1 1.0 1.0
90000 92000 6 6 10 10 6 7595 6354 13 13 12 378 378 1 0 4 1 592 20 119 231 2300 2300 2300 0 128 128 128 0 1 2.0 1.0
92000 94000 12 12 12 12 11 35 35 14 14 13 31 31 0 0 1 1 349 21 50 94 2300 2300 2300 0 128 128 128 0 1 1.0 1.0
94000 96000 2 2 2 2 2 0 0 2 2 2 0 0 0 0 0 0 20 15 18 3 2300 2300 2300 0 128 128 128 0 2 1.0 1.0
96000 98000 3 2 2 2 1 35 35 3 3 2 31 31 0 0 1 1 84 0 34 44 2300 2300 2300 0 128 128 128 0 1 1.0 1.0
98000 100000 0 0 0 0 0 0 0 0 0 0 0 0 0 0 0 0 0 0 0 0 0 0 0 0 0 0 0 0 0  
100000 102000 3 3 6 6 2 5078 5078 10 10 8 409 409 0 0 4 2 572 21 323 279 2300 2300 2300 0 128 128 128 0 1 1.0 1.0
102000 104000 1 1 1 1 0 35 35 3 3 2 31 31 0 0 1 1 355 355 355 0 2300 2300 2300 0 128 128 128 0 1 1.0 1.0
104000 106000 0 0 0 0 0 0 0 0 0 0 0 0 0 0 0 0 0 0 0 0 0 0 0 0 0 0 0 0 0  
106000 108000 1 1 0 0 0 0 0 0 0 0 0 0 0 0 0 0 18 18 18 0 2300 2300 2300 0 128 128 128 0 1 1.0 1.0
108000 110000 2 2 1 1 0 0 0 2 2 1 0 0 0 0 0 0 111 5 58 75 0 0 0 0 0 0 0 0 0 0.0 1.0
110000 112000 1 1 6 6 2 4724 4724 7 7 5 397 397 0 0 3 1 299 299 299 0 2300 2300 2300 0 128 128 128 0 1 1.0 1.0
112000 114000 8 8 6 6 1 0 0 11 11 6 0 0 0 0 0 0 161 18 86 56 2300 2300 2300 0 128 128 128 0 1 2.0 1.0
114000 116000 4 4 5 5 0 0 0 9 9 3 0 0 0 1 0 0 360 100 231 137 2300 2300 2300 0 128 128 128 0 1 1.0 1.0
116000 118000 3 3 3 3 1 0 0 5 5 3 0 0 0 0 0 0 172 28 104 72 2300 2300 2300 0 128 128 128 0 1 1.0 1.0
118000 120000 5 5 5 5 1 0 0 9 9 5 0 0 0 0 0 0 197 18 104 64 2300 2300 2300 0 128 128 128 0 2 1.0 1.0
120000 122000 4 3 11 10 3 5953 5953 11 11 7 836 836 2 0 4 2 710 78 407 288 2300 2300 2300 0 128 128 128 0 1 1.0 1.0
122000 124000 10 7 149 147 102 47494 43235 224 224 55 229329 164894 3 44 42 166 998 0 378 371 0 0 0 0 0 0 0 0 0 0.0 1.0
124000 126000 7 5 83 82 17 84952 70047 91 91 67 18610 14887 11 4 63 20 981 74 384 384 840 840 840 0 128 128 128 0 2 2.0 1.0
126000 128000 5 3 10 10 0 11308 7563 11 11 9 69 69 2 0 9 1 893 0 183 397 1500 1500 1500 0 128 128 128 0 1 1.0 1.0
128000 130000 3 2 54 54 6 69150 54781 59 59 53 818 818 9 0 48 6 973 113 595 439 1500 1500 1500 0 128 128 128 0 1 1.0 1.0
130000 132000 8 7 54 53 8 60327 52106 76 76 63 8667 8667 7 0 44 12 962 0 527 310 1500 1500 1500 0 128 128 128 0 1 1.0 1.0
132000 134000 4 3 30 29 4 33129 27187 35 35 29 2483 2483 4 0 25 5 579 25 259 252 1500 1500 1500 0 128 128 128 0 1 1.0 1.0
134000 136000 3 3 4 4 3 22 22 5 5 3 97 97 0 0 0 1 172 17 113 83 1500 1500 1500 0 128 128 128 0 1 1.0 1.0
136000 138000 1 1 1 1 1 0 0 1 1 1 0 0 0 0 0 0 22 22 22 0 1500 1500 1500 0 128 128 128 0 2 2.0 1.0
138000 140000 0 0 0 0 0 0 0 0 0 0 0 0 0 0 0 0 0 0 0 0 0 0 0 0 0 0 0 0 0  
140000 142000 2 2 8 8 2 8789 7940 12 12 10 756 756 1 0 6 2 637 280 459 252 1500 1500 1500 0 128 128 128 0 2 2.0 1.0
142000 144000 1 1 2 2 1 0 0 3 3 1 77 77 0 0 0 1 19 19 19 0 1500 1500 1500 0 128 128 128 0 2 1.0 1.0
144000 146000 0 0 0 0 0 0 0 0 0 0 0 0 0 0 0 0 0 0 0 0 0 0 0 0 0 0 0 0 0  
146000 148000 0 0 0 0 0 0 0 0 0 0 0 0 0 0 0 0 0 0 0 0 0 0 0 0 0 0 0 0 0  
148000 150000 0 0 0 0 0 0 0 0 0 0 0 0 0 0 0 0 0 0 0 0 0 0 0 0 0 0 0 0 0  
150000 152000 1 1 4 4 1 5339 5339 7 7 6 378 378 0 0 3 1 555 555 555 0 1500 1500 1500 0 128 128 128 0 2 2.0 1.0
152000 154000 2 2 2 2 0 35 35 5 5 3 31 31 0 0 1 1 393 99 246 207 1500 1500 1500 0 128 128 128 0 1 1.0 1.0
154000 156000 0 0 0 0 0 0 0 0 0 0 0 0 0 0 0 0 0 0 0 0 0 0 0 0 0 0 0 0 0  
156000 158000 1 1 3 3 2 35 35 4 4 1 63 31 0 2 1 3 652 652 652 0 2300 2300 2300 0 128 128 128 0 1 1.0 1.0
158000 160000 1 1 0 0 0 0 0 0 0 0 0 0 0 0 0 0 0 0 0 0 2300 2300 2300 0 128 128 128 0 1 1.0 1.0
160000 162000 2 2 5 5 1 5721 5721 10 10 8 409 409 0 0 4 2 535 255 395 197 2300 2300 2300 0 128 128 128 0 1 1.0 1.0
162000 164000 1 1 0 0 0 4 4 0 0 0 4 4 0 0 0 0 56 56 56 0 2300 2300 2300 0 128 128 128 0 1 1.0 1.0
164000 166000 2 2 1 1 0 30 30 4 4 2 26 26 0 0 0 0 348 167 257 127 2300 2300 2300 0 128 128 128 0 1 1.0 1.0
166000 168000 1 1 1 1 1 0 0 1 1 1 0 0 0 0 0 0 23 23 23 0 2300 2300 2300 0 128 128 128 0 1 1.0 1.0
168000 170000 2 2 7 7 3 3056 3056 10 10 8 506 506 0 0 4 2 664 21 342 454 2300 2300 2300 0 128 128 128 0 1 1.0 1.0
170000 172000 1 1 4 4 1 5406 5406 7 7 6 378 378 0 0 3 1 484 484 484 0 2300 2300 2300 0 128 128 128 0 1 1.0 1.0
172000 174000 0 0 0 0 0 0 0 0 0 0 0 0 0 0 0 0 0 0 0 0 0 0 0 0 0 0 0 0 0  
174000 176000 0 0 0 0 0 0 0 0 0 0 0 0 0 0 0 0 0 0 0 0 0 0 0 0 0 0 0 0 0  
176000 178000 1 1 1 1 1 0 0 1 1 1 0 0 0 0 0 0 17 17 17 0 2300 2300 2300 0 128 128 128 0 1 1.0 1.0
178000 180000 1 1 1 1 1 0 0 1 1 1 0 0 0 0 0 0 18 18 18 0 2300 2300 2300 0 128 128 128 0 1 1.0 1.0
180000 182000 1 1 4 4 1 5055 5055 6 6 5 378 378 0 0 3 1 466 466 466 0 2300 2300 2300 0 128 128 128 0 1 1.0 1.0
182000 184000 3 2 23 23 2 27106 21985 25 25 21 128 128 3 0 21 3 995 166 499 437 2300 2300 2300 0 128 128 128 0 1 1.0 1.0
184000 186000 3 1 23 23 0 35876 28443 28 28 25 117 117 5 0 22 2 973 8 513 483 2300 2300 2300 0 128 128 128 0 1 1.0 1.0
186000 188000 4 3 51 51 4 66230 56579 52 52 48 156 156 6 0 46 3 998 17 523 533 2300 2300 2300 0 128 128 128 0 1 2.0 1.0
188000 190000 4 2 31 31 1 43377 36611 42 42 40 82 82 4 0 29 1 949 0 469 541 2300 2300 2300 0 128 128 128 0 2 1.0 1.0
190000 192000 8 6 41 40 8 39246 27468 56 56 45 9102 9102 8 0 32 10 656 41 435 203 2300 2300 2300 0 128 128 128 0 1 1.0 1.0
192000 194000 5 2 34 34 3 42002 30758 37 37 33 1848 1848 8 0 30 3 923 0 369 337 2300 2300 2300 0 128 128 128 0 1 1.0 1.0
194000 196000 4 2 37 37 2 46637 36243 42 42 38 139 139 7 0 34 3 984 284 544 325 2300 2300 2300 0 128 128 128 0 1 1.0 1.0
196000 198000 3 1 32 32 1 42366 30990 32 32 30 76 76 8 0 30 1 987 130 597 433 2300 2300 2300 0 128 128 128 0 1 1.0 1.0
198000 200000 3 1 39 39 2 52311 43601 43 43 41 119 119 6 0 36 2 950 79 599 459 2300 2300 2300 0 128 128 128 0 1 1.0 1.0
200000 202000 3 2 37 37 3 50485 39963 48 48 45 462 462 7 0 34 3 863 491 734 210 2300 2300 2300 0 128 128 128 0 1 1.0 1.0
202000 204000 2 2 3 2 1 0 0 3 3 0 77 77 0 0 0 2 102 0 51 72 2300 2300 2300 0 128 128 128 0 1 1.0 1.0
204000 206000 0 0 0 0 0 0 0 0 0 0 0 0 0 0 0 0 0 0 0 0 0 0 0 0 0 0 0 0 0  
206000 208000 0 0 0 0 0 0 0 0 0 0 0 0 0 0 0 0 0 0 0 0 0 0 0 0 0 0 0 0 0  
208000 210000 1 1 4 4 1 2880 2880 9 9 6 506 506 0 0 3 3 637 637 637 0 2300 2300 2300 0 128 128 128 0 1 1.0 1.0
210000 212000 1 1 4 4 1 5410 5410 7 7 6 378 378 0 0 3 1 379 379 379 0 2300 2300 2300 0 128 128 128 0 1 1.0 1.0
212000 214000 2 2 2 2 1 35 35 4 4 3 31 31 0 0 1 1 308 16 162 205 2300 2300 2300 0 128 128 128 0 1 1.0 1.0
214000 216000 1 1 1 1 1 0 0 1 1 1 0 0 0 0 0 0 26 26 26 0 2300 2300 2300 0 128 128 128 0 1 1.0 1.0
216000 218000 1 1 1 1 0 35 35 2 2 1 31 31 0 0 1 1 152 152 152 0 2300 2300 2300 0 128 128 128 0 1 1.0 1.0
218000 220000 1 1 0 0 0 0 0 0 0 0 0 0 0 0 0 0 0 0 0 0 2300 2300 2300 0 128 128 128 0 1 1.0 1.0
220000 222000 2 2 5 5 1 5089 5089 9 9 7 409 409 0 0 4 2 359 337 348 15 2300 2300 2300 0 128 128 128 0 1 1.0 1.0
222000 224000 0 0 0 0 0 0 0 0 0 0 0 0 0 0 0 0 0 0 0 0 0 0 0 0 0 0 0 0 0  
224000 226000 1 1 1 1 0 35 35 3 3 2 31 31 0 0 1 1 360 360 360 0 2300 2300 2300 0 128 128 128 0 1 1.0 1.0
226000 228000 0 0 0 0 0 0 0 0 0 0 0 0 0 0 0 0 0 0 0 0 0 0 0 0 0 0 0 0 0  
228000 230000 0 0 0 0 0 0 0 0 0 0 0 0 0 0 0 0 0 0 0 0 0 0 0 0 0 0 0 0 0  
230000 232000 1 1 4 4 1 5056 5056 6 6 5 378 378 0 0 3 1 328 328 328 0 2300 2300 2300 0 128 128 128 0 1 1.0 1.0
232000 234000 0 0 0 0 0 0 0 0 0 0 0 0 0 0 0 0 0 0 0 0 0 0 0 0 0 0 0 0 0  
234000 236000 0 0 0 0 0 0 0 0 0 0 0 0 0 0 0 0 0 0 0 0 0 0 0 0 0 0 0 0 0  
236000 238000 2 2 2 2 2 0 0 2 2 2 0 0 0 0 0 0 28 16 22 8 2300 2300 2300 0 128 128 128 0 2 2.0 1.0
238000 240000 0 0 0 0 0 0 0 0 0 0 0 0 0 0 0 0 0 0 0 0 0 0 0 0 0 0 0 0 0  
240000 242000 4 4 16 16 8 7148 6798 26 26 12 17988 14251 0 2 7 13 337 125 208 94 2300 2300 2300 0 128 128 128 0 1 1.0 1.0
242000 244000 4 3 94 93 80 8739 6353 132 132 17 202117 158662 1 23 12 113 854 106 520 343 0 0 0 0 128 128 128 0 0 1.0 1.0
244000 246000 1 1 10 10 5 3655 3655 13 13 6 5172 5172 0 0 4 6 561 561 561 0 2300 2300 2300 0 128 128 128 0 2 1.0 1.0
246000 248000 3 3 4 4 2 1090 1090 7 7 4 1527 1527 0 0 2 2 823 18 335 429 2300 2300 2300 0 128 128 128 0 1 1.0 1.0
248000 250000 2 2 6 6 3 2805 2805 9 9 6 510 510 0 0 3 3 759 150 455 430 2300 2300 2300 0 128 128 128 0 1 1.0 1.0
250000 252000 5 5 27 26 7 23408 20872 43 43 31 8719 8112 2 2 19 11 658 244 405 180 2300 2300 2300 0 128 128 128 0 1 1.0 1.0
252000 254000 2 1 7 7 3 3268 2019 11 11 7 3217 2724 1 0 3 3 461 246 353 152 2300 2300 2300 0 128 128 128 0 1 1.0 1.0
254000 256000 2 2 3 2 0 35 35 5 5 2 104 104 0 0 1 2 410 71 240 240 2300 2300 2300 0 128 128 128 0 1 1.0 1.0
256000 258000 1 1 0 0 0 0 0 0 0 0 3 3 0 0 0 0 3 3 3 0 2300 2300 2300 0 128 128 128 0 1 1.0 1.0
258000 260000 0 0 0 0 0 0 0 0 0 0 0 0 0 0 0 0 0 0 0 0 0 0 0 0 0 0 0 0 0  
260000 262000 2 2 6 6 2 5339 5339 10 10 7 455 455 0 0 3 2 283 146 215 96 2300 2300 2300 0 128 128 128 0 1 1.0 1.0
262000 264000 1 1 1 1 0 0 0 3 3 1 77 77 0 0 0 1 159 159 159 0 2300 2300 2300 0 128 128 128 0 1 1.0 1.0
264000 266000 0 0 0 0 0 0 0 0 0 0 0 0 0 0 0 0 0 0 0 0 0 0 0 0 0 0 0 0 0  
266000 268000 0 0 0 0 0 0 0 0 0 0 0 0 0 0 0 0 0 0 0 0 0 0 0 0 0 0 0 0 0  
268000 270000 0 0 0 0 0 0 0 0 0 0 0 0 0 0 0 0 0 0 0 0 0 0 0 0 0 0 0 0 0  
270000 272000 2 2 7 7 2 6957 6957 11 11 9 756 756 0 0 5 2 307 279 293 20 0 0 0 0 0 0 0 0 0 0.0 1.0
272000 274000 1 1 1 1 0 35 35 3 3 2 31 31 0 0 1 1 269 269 269 0 0 0 0 0 0 0 0 0 0 0.0 1.0
274000 276000 0 0 0 0 0 0 0 0 0 0 0 0 0 0 0 0 0 0 0 0 0 0 0 0 0 0 0 0 0  
276000 278000 1 1 0 0 0 26 26 2 2 1 23 23 0 0 0 0 674 674 674 0 1500 1500 1500 0 128 128 128 0 1 1.0 1.0
278000 280000 1 1 0 0 0 8 8 0 0 0 7 7 0 0 0 0 229 229 229 0 1500 1500 1500 0 128 128 128 0 2 2.0 1.0
280000 282000 3 3 7 7 2 7910 7910 13 13 10 784 784 0 0 5 2 322 282 303 20 1500 1500 1500 0 128 128 128 0 1 1.0 1.0
282000 284000 1 1 0 0 0 2 2 0 0 0 2 2 0 0 0 0 21 21 21 0 2300 2300 2300 0 128 128 128 0 1 1.0 1.0
284000 286000 1 1 1 1 0 35 35 3 3 2 31 31 0 0 1 1 300 300 300 0 2300 2300 2300 0 128 128 128 0 1 1.0 1.0
286000 288000 0 0 0 0 0 0 0 0 0 0 0 0 0 0 0 0 0 0 0 0 0 0 0 0 0 0 0 0 0  
288000 290000 3 3 8 8 4 3304 3304 11 11 9 506 506 0 0 4 2 670 19 238 374 2300 2300 2300 0 128 128 128 0 1 2.0 1.0
290000 292000 2 2 8 8 2 8557 8557 12 12 10 756 756 0 0 6 2 284 260 272 16 2300 2300 2300 0 0 0 0 0 1 0.0 1.0
292000 294000 0 0 0 0 0 0 0 0 0 0 0 0 0 0 0 0 0 0 0 0 0 0 0 0 0 0 0 0 0  
294000 296000 0 0 0 0 0 0 0 0 0 0 0 0 0 0 0 0 0 0 0 0 0 0 0 0 0 0 0 0 0  
296000 298000 1 1 1 1 1 0 0 1 1 1 0 0 0 0 0 0 18 18 18 0 2300 2300 2300 0 128 128 128 0 1 1.0 1.0
298000 300000 0 0 0 0 0 0 0 0 0 0 0 0 0 0 0 0 0 0 0 0 0 0 0 0 0 0 0 0 0  
