ts te nbins ncons c_pkts_all c_ack_cnt c_ack_cnt_p c_bytes_all c_bytes_uniq s_pkts_all s_ack_cnt s_ack_cnt_p s_bytes_all s_bytes_uniq c_pkts_retx s_pkts_retx c_pkts_data s_pkts_data max_bin min_bin avg_bin std_bin max_vid min_vid avg_vid std_vid max_aud min_aud avg_aud std_aud num_vid num_aud num_mfs
0 2000 14 8 341 341 329 10450 10444 541 541 13 731044 671910 0 45 11 527 999 0 573 355 0 0 0 0 0 0 0 0 0 0.0 0.0
2000 4000 22 16 523 519 443 45030 43773 705 705 84 811270 694598 7 89 75 616 999 49 553 335 0 0 0 0 0 0 0 0 0 0.0 0.0
4000 6000 29 18 509 508 424 13955 13374 707 707 85 781302 675060 8 88 84 621 997 0 509 306 0 0 0 0 0 0 0 0 0 0.0 0.0
6000 8000 14 9 474 473 460 3853 3806 594 594 13 796958 703359 1 68 12 579 998 5 462 346 0 0 0 0 0 0 0 0 0 0.0 0.0
8000 10000 15 9 414 413 397 7582 7582 572 572 12 760818 702795 0 43 16 557 999 14 518 378 0 0 0 0 0 0 0 0 0 0.0 0.0
10000 12000 22 12 489 484 430 62132 60727 708 708 61 867856 635258 2 173 54 642 999 15 589 377 0 0 0 0 0 0 0 0 0 0.0 0.0
12000 14000 20 9 408 407 400 5420 5162 519 519 8 701890 521107 0 133 7 509 998 0 442 373 0 0 0 0 0 0 0 0 0 0.0 0.0
14000 16000 36 23 469 457 402 33700 33700 567 567 62 638345 517907 1 97 53 486 999 8 466 313 840 840 840 0 128 128 128 0 2 2.0 1.0
16000 18000 36 21 455 444 379 44316 44316 602 602 79 669925 555651 0 88 64 512 996 0 498 335 0 0 0 0 0 0 0 0 0 0.0 1.0
18000 20000 15 7 459 457 452 2217 2217 676 676 5 927107 616635 1 225 5 669 999 0 468 405 0 0 0 0 0 0 0 0 0 0.0 1.0
20000 22000 13 7 416 416 400 21276 20416 512 512 20 679133 544791 1 96 15 491 999 18 577 373 288 288 288 0 128 128 128 0 2 1.0 1.0
22000 24000 12 5 355 355 351 3073 3073 473 473 4 650147 575300 0 53 4 469 999 0 587 418 288 288 288 0 0 0 0 0 2 0.0 1.0
24000 26000 12 5 365 365 359 3401 3401 506 506 6 689941 600954 0 65 5 499 997 70 636 350 288 288 288 0 0 0 0 0 1 0.0 1.0
26000 28000 15 7 408 408 396 8424 8424 533 533 15 713673 582296 0 95 12 517 997 0 525 382 288 288 288 0 0 0 0 0 2 0.0 1.0
28000 30000 10 4 414 414 407 3928 3131 532 532 6 727195 613983 1 82 6 525 999 77 671 349 288 288 288 0 128 128 128 0 1 1.0 1.0
30000 32000 16 9 512 512 431 151228 149819 657 657 110 753088 591705 2 116 80 546 999 19 547 359 0 0 0 0 128 128 128 0 0 1.0 1.0
32000 34000 14 7 419 419 407 9216 8800 518 518 13 694593 585599 0 78 12 505 998 93 567 369 288 288 288 0 128 128 128 0 1 2.0 1.0
34000 36000 22 14 404 404 396 4903 4524 491 491 17 650855 562931 0 65 8 472 999 17 377 388 288 288 288 0 128 128 128 0 1 2.0 1.0
36000 38000 17 9 408 408 393 9253 9253 538 538 18 709443 562291 0 108 13 517 999 15 523 347 288 288 288 0 128 128 128 0 1 2.0 1.0
38000 40000 12 5 404 404 395 5096 5096 500 500 6 681715 560854 0 87 8 493 998 0 589 376 288 288 288 0 128 128 128 0 1 2.0 1.0
40000 42000 14 6 374 374 363 10873 10873 504 504 10 680614 569869 0 80 10 494 999 127 561 339 288 288 288 0 128 128 128 0 1 2.0 1.0
42000 44000 13 5 322 322 312 6757 6757 450 450 7 610090 513100 0 70 10 442 997 24 583 371 288 288 288 0 128 128 128 0 1 1.0 1.0
44000 46000 14 7 326 326 318 4565 4565 463 463 9 625964 561490 0 46 7 453 999 16 547 392 288 288 288 0 128 128 128 0 2 2.0 1.0
46000 48000 18 12 429 428 407 12620 11958 527 527 24 683916 548785 0 97 17 499 998 17 455 355 288 288 288 0 128 128 128 0 1 1.0 1.0
48000 50000 32 24 399 399 383 5649 4719 558 558 27 723480 593442 1 94 8 524 999 14 261 341 288 288 288 0 128 128 128 0 1 1.0 1.0
50000 52000 18 10 458 458 446 12544 11559 593 593 19 791782 583975 1 150 12 574 999 15 432 377 3000 3000 3000 0 128 128 128 0 2 1.0 1.0
52000 54000 13 6 347 347 338 4576 3976 435 435 11 586406 442878 0 103 9 424 998 15 537 357 0 0 0 0 128 128 128 0 0 1.0 1.0
54000 56000 12 5 305 305 294 6948 6948 396 396 10 532824 484390 0 34 11 386 996 15 601 353 288 288 288 0 128 128 128 0 2 2.0 1.0
56000 58000 15 9 209 209 188 19522 19522 397 397 27 502879 448684 0 39 20 368 996 19 423 348 288 288 288 0 128 128 128 0 3 3.0 1.0
58000 60000 10 5 390 390 383 2407 2407 531 531 5 726490 573716 0 110 5 524 998 55 476 366 480 480 480 0 0 0 0 0 2 0.0 1.0
60000 62000 26 19 348 348 328 20401 20388 440 440 34 549776 436585 0 84 17 404 998 0 278 355 480 480 480 0 128 128 128 0 1 2.0 1.0
62000 64000 21 16 390 389 376 3997 3975 560 560 18 739050 591364 0 107 9 539 998 14 302 330 480 480 480 0 128 128 128 0 1 1.0 1.0
64000 66000 8 4 346 346 342 1605 1605 438 438 3 601368 497400 0 75 3 434 997 77 584 337 480 480 480 0 0 0 0 0 1 0.0 1.0
66000 68000 11 6 315 314 303 7111 5999 542 542 11 731517 536980 2 141 9 530 998 184 583 296 288 288 288 0 128 128 128 0 1 1.0 1.0
68000 70000 9 4 276 276 264 6572 6572 418 418 9 567294 482797 1 61 10 408 999 139 591 270 288 288 288 0 128 128 128 0 1 2.0 1.0
70000 72000 15 8 383 380 366 12748 12748 546 546 12 730702 584422 2 106 12 530 997 12 386 347 288 288 288 0 128 128 128 0 1 1.0 1.0
72000 74000 11 5 451 451 437 29701 29701 648 648 25 857487 594384 0 191 13 621 999 16 554 301 288 288 288 0 128 128 128 0 1 1.0 1.0
74000 76000 13 7 398 398 350 92322 92322 540 540 73 626599 541490 0 62 46 465 998 21 533 330 288 288 288 0 128 128 128 0 2 1.0 1.0
76000 78000 15 11 303 303 289 7211 6414 441 441 14 584262 555930 1 20 11 424 996 4 365 362 288 288 288 0 128 128 128 0 1 2.0 1.0
78000 80000 9 4 375 375 367 4288 4288 546 546 5 746400 649056 0 70 7 539 998 118 569 312 288 288 288 0 128 128 128 0 1 1.0 1.0
80000 82000 11 6 443 443 434 10467 10467 558 558 10 758134 591161 0 120 8 548 995 21 440 326 288 288 288 0 128 128 128 0 1 1.0 1.0
82000 84000 9 3 378 378 368 6703 6703 470 470 8 637439 553744 0 60 10 462 994 88 628 305 288 288 288 0 128 128 128 0 1 1.0 1.0
84000 86000 8 3 355 355 348 2984 2984 466 466 4 640028 589118 0 36 6 462 998 317 627 258 288 288 288 0 128 128 128 0 1 2.0 1.0
86000 88000 12 7 390 387 368 11591 11540 534 534 17 702574 555848 2 107 14 513 999 157 618 301 288 288 288 0 128 128 128 0 2 1.0 1.0
88000 90000 12 6 420 419 398 13780 13729 579 579 21 764070 535417 1 165 21 556 999 0 575 339 288 288 288 0 128 128 128 0 1 1.0 1.0
90000 92000 12 7 382 382 372 9320 9320 517 517 10 700405 543447 0 113 9 506 999 0 467 366 288 288 288 0 128 128 128 0 1 1.0 1.0
92000 94000 9 5 329 329 322 3200 3200 530 530 6 725472 599254 0 90 7 524 997 16 509 331 288 288 288 0 128 128 128 0 1 1.0 1.0
94000 96000 16 12 387 387 382 1404 1404 559 559 13 759316 574182 0 133 4 546 994 15 275 348 288 288 288 0 0 0 0 0 1 0.0 1.0
96000 98000 15 9 355 355 344 9317 9317 509 509 13 683967 591237 0 66 11 495 997 0 408 366 288 288 288 0 128 128 128 0 1 1.0 1.0
98000 100000 10 5 408 408 402 1393 1393 510 510 5 696430 588807 0 78 4 503 999 0 527 349 288 288 288 0 128 128 128 0 2 1.0 1.0
100000 102000 13 8 413 413 398 10929 10099 494 494 17 655430 568541 2 63 13 476 999 15 493 358 0 0 0 0 128 128 128 0 0 1.0 1.0
102000 104000 8 4 374 374 370 618 618 480 480 1 663708 619692 0 31 3 478 999 4 509 357 288 288 288 0 0 0 0 0 2 0.0 1.0
104000 106000 11 8 318 318 316 1549 1549 494 494 7 689802 630140 0 42 2 487 999 17 280 319 0 0 0 0 0 0 0 0 0 0.0 0.0
106000 108000 16 12 384 382 361 14605 14554 502 502 30 655150 568466 1 63 20 471 999 16 332 345 288 288 288 0 0 0 0 0 2 0.0 2.0
108000 110000 11 7 307 307 290 13876 13876 419 419 20 544742 491886 0 38 17 398 998 5 401 346 288 288 288 0 128 128 128 0 1 2.0 1.0
110000 112000 11 5 270 270 251 20539 19743 452 452 25 579639 498439 1 60 19 426 995 96 503 306 0 0 0 0 128 128 128 0 0 3.0 1.0
112000 114000 6 2 305 305 294 6640 6640 425 425 9 574129 507963 0 47 11 416 995 262 576 297 288 288 288 0 128 128 128 0 2 3.0 1.0
114000 116000 5 2 236 236 231 3925 3925 358 358 5 487032 444265 0 30 5 353 993 85 496 332 0 0 0 0 128 128 128 0 0 1.0 1.0
116000 118000 1 1 6 6 2 3057 3057 6 6 4 990 990 0 0 4 2 727 727 727 0 288 288 288 0 128 128 128 0 2 2.0 1.0
118000 120000 3 2 8 8 3 4100 4100 8 8 6 1212 1212 0 0 5 2 501 32 244 237 480 480 480 0 128 128 128 0 1 1.0 1.0
120000 122000 7 5 21 21 7 19104 19104 25 25 18 2155 2155 0 0 12 5 689 0 160 247 480 480 480 0 128 128 128 0 1 1.0 1.0
122000 124000 4 4 9 9 2 4305 4305 12 12 7 1513 1513 0 0 6 4 591 16 166 283 480 480 480 0 128 128 128 0 1 1.0 1.0
124000 126000 4 3 93 93 68 9577 8781 147 147 13 177486 177486 1 0 24 133 775 71 468 293 0 0 0 0 0 0 0 0 0 0.0 0.0
126000 128000 4 2 14 14 4 5803 5803 14 14 8 2040 2040 0 0 9 5 866 54 389 389 840 840 840 0 128 128 128 0 2 2.0 2.0
128000 130000 5 3 11 11 5 4613 3885 11 11 6 1902 1490 0 0 5 3 875 16 344 353 1500 1500 1500 0 128 128 128 0 2 1.0 1.0
130000 132000 8 6 74 74 13 132895 132367 123 123 104 3153 2814 0 2 59 16 979 14 360 317 1500 1500 1500 0 128 128 128 0 1 1.0 1.0
132000 134000 3 1 6 6 2 3176 2762 7 7 5 1035 1035 0 0 4 2 898 269 556 318 1500 1500 1500 0 128 128 128 0 1 1.0 1.0
134000 136000 4 3 18 17 7 6861 6129 21 21 10 6418 6418 1 0 8 9 672 22 318 306 1500 1500 1500 0 128 128 128 0 1 1.0 1.0
136000 138000 5 4 13 13 4 8537 8537 15 15 11 1662 1662 0 0 9 4 647 15 305 260 1500 1500 1500 0 128 128 128 0 1 1.0 1.0
138000 140000 3 1 6 6 2 3537 3537 6 6 4 1076 1076 0 0 4 2 927 278 553 335 1500 1500 1500 0 128 128 128 0 1 1.0 1.0
140000 142000 11 10 22 22 11 15237 15237 25 25 21 1987 1987 0 0 11 4 899 15 182 283 1500 1500 1500 0 128 128 128 0 1 1.0 1.0
142000 144000 5 4 7 7 5 1528 1528 7 7 5 990 990 0 0 2 2 864 0 185 379 1500 1500 1500 0 128 128 128 0 1 1.0 1.0
144000 146000 3 2 12 12 4 5111 4317 10 10 5 1388 1388 1 0 6 4 932 114 610 435 1500 1500 1500 0 128 128 128 0 1 1.0 1.0
146000 148000 5 4 9 9 4 4119 3324 10 10 8 1163 668 1 1 5 2 938 15 230 400 1500 1500 1500 0 128 128 128 0 1 1.0 1.0
148000 150000 2 1 6 6 2 2763 2763 6 6 3 1295 1295 0 0 3 2 895 786 840 76 1500 1500 1500 0 128 128 128 0 1 1.0 1.0
150000 152000 8 7 15 15 8 9276 9276 16 16 13 1601 1601 0 0 7 3 604 14 134 206 2300 2300 2300 0 128 128 128 0 2 1.0 1.0
152000 154000 8 8 13 13 7 3128 3128 14 14 10 1052 1052 0 0 6 4 489 14 93 164 2300 2300 2300 0 128 128 128 0 1 1.0 1.0
154000 156000 4 4 9 9 5 3056 3056 9 9 7 990 990 0 0 4 2 527 16 147 253 2300 2300 2300 0 128 128 128 0 1 1.0 1.0
156000 158000 3 2 8 8 3 4018 4018 8 8 6 1301 1301 0 0 5 2 498 16 255 241 2300 2300 2300 0 128 128 128 0 1 1.0 1.0
158000 160000 2 1 5 5 1 2885 2722 5 5 3 881 881 0 0 3 1 550 161 356 275 2300 2300 2300 0 128 128 128 0 1 1.0 1.0
160000 162000 4 3 14 14 3 10651 9944 17 17 12 1533 1533 1 0 11 4 626 136 317 230 2300 2300 2300 0 128 128 128 0 2 2.0 1.0
162000 164000 2 1 6 6 1 3701 3398 6 6 4 1073 1073 0 0 4 2 358 347 352 7 2300 2300 2300 0 0 0 0 0 1 0.0 1.0
164000 166000 3 1 5 5 1 3443 2950 6 6 4 955 955 0 0 4 1 582 0 260 296 2300 2300 2300 0 128 128 128 0 1 2.0 1.0
166000 168000 4 3 10 10 3 4352 4352 11 11 7 1428 1428 0 0 6 3 413 19 207 216 2300 2300 2300 0 128 128 128 0 1 1.0 1.0
168000 170000 4 3 22 21 7 10914 10914 30 30 17 5786 5786 0 0 14 12 600 132 270 221 2300 2300 2300 0 128 128 128 0 1 1.0 1.0
170000 172000 6 5 14 14 6 9255 9255 16 16 12 1613 1613 0 0 7 3 453 15 166 188 2300 2300 2300 0 128 128 128 0 1 1.0 1.0
172000 174000 2 2 6 6 2 3060 3060 6 6 5 495 495 0 0 4 1 826 19 422 570 2300 2300 2300 0 128 128 128 0 1 1.0 1.0
174000 176000 2 1 6 6 2 2832 2246 6 6 3 1222 1222 0 0 3 2 497 63 280 306 2300 2300 2300 0 128 128 128 0 1 1.0 1.0
176000 178000 4 3 12 12 4 7557 7346 12 12 9 1777 1777 0 0 8 3 441 23 227 174 2300 2300 2300 0 128 128 128 0 1 1.0 1.0
178000 180000 2 2 9 8 2 3853 3057 9 9 5 1072 1048 1 0 5 4 605 290 447 222 2300 2300 2300 0 128 128 128 0 1 1.0 1.0
180000 182000 3 3 11 11 3 9783 8986 10 10 7 1437 1430 1 0 8 3 934 91 451 434 2300 2300 2300 0 128 128 128 0 1 1.0 1.0
182000 184000 4 4 9 9 3 3128 3128 11 11 7 1052 1052 0 0 6 4 796 14 240 373 2300 2300 2300 0 128 128 128 0 1 1.0 1.0
184000 186000 8 8 13 13 9 3058 3058 13 13 11 990 990 0 0 4 2 491 16 77 167 2300 2300 2300 0 128 128 128 0 1 1.0 1.0
186000 188000 3 3 8 8 4 3059 3059 8 8 6 990 990 0 0 4 2 433 17 156 239 2300 2300 2300 0 128 128 128 0 1 1.0 1.0
188000 190000 3 3 8 8 4 3057 3057 8 8 6 990 990 0 0 4 2 548 21 197 304 2300 2300 2300 0 128 128 128 0 1 1.0 1.0
190000 192000 6 6 62 62 10 116633 116633 106 106 90 2673 2459 0 1 52 16 905 19 308 379 1500 1500 1500 0 128 128 128 0 1 1.0 1.0
192000 194000 3 2 12 12 4 6480 5683 13 13 9 1842 1842 1 0 8 3 880 18 475 433 1500 1500 1500 0 128 128 128 0 1 1.0 1.0
194000 196000 5 4 9 9 5 3552 3552 9 9 7 1127 1127 0 0 4 2 459 16 143 193 2300 2300 2300 0 128 128 128 0 1 1.0 1.0
196000 198000 5 5 9 9 4 3093 3093 10 10 7 1021 1021 0 0 5 3 460 3 121 194 2300 2300 2300 0 128 128 128 0 1 1.0 1.0
198000 200000 6 5 9 9 5 2931 2931 8 8 6 948 948 0 0 3 1 267 18 91 111 2300 2300 2300 0 128 128 128 0 1 1.0 1.0
200000 202000 7 6 19 19 8 13158 13158 18 18 13 1894 1894 0 0 10 4 316 16 141 119 2300 2300 2300 0 128 128 128 0 1 1.0 1.0
202000 204000 3 2 9 9 3 5131 4334 10 10 7 1485 1485 1 0 6 3 914 0 311 522 2300 2300 2300 0 128 128 128 0 1 1.0 1.0
204000 206000 1 1 6 6 2 3057 3057 6 6 4 990 990 0 0 4 2 482 482 482 0 2300 2300 2300 0 128 128 128 0 1 1.0 1.0
206000 208000 2 1 7 7 2 3908 3908 6 6 4 1264 1264 0 0 5 2 533 186 360 245 2300 2300 2300 0 128 128 128 0 1 1.0 1.0
208000 210000 2 1 5 5 1 3028 3028 5 5 3 979 979 0 0 3 1 486 160 323 230 2300 2300 2300 0 128 128 128 0 1 1.0 1.0
210000 212000 2 2 8 8 2 8429 8429 9 9 6 1147 1147 0 0 5 2 441 191 316 176 2300 2300 2300 0 128 128 128 0 2 2.0 1.0
212000 214000 5 4 10 10 3 3850 3701 12 12 7 1237 1237 0 0 6 4 582 16 182 227 2300 2300 2300 0 128 128 128 0 1 1.0 1.0
214000 216000 3 2 12 12 4 6188 5540 11 11 8 1794 1794 0 0 8 3 559 16 360 299 2300 2300 2300 0 128 128 128 0 1 1.0 1.0
216000 218000 5 5 11 11 4 6671 6671 11 11 9 1001 1001 0 0 6 1 921 25 240 387 2300 2300 2300 0 128 128 128 0 1 1.0 1.0
218000 220000 4 2 8 8 4 3168 3168 7 7 4 1503 1503 0 0 4 3 448 1 126 215 2300 2300 2300 0 128 128 128 0 1 1.0 1.0
220000 222000 3 3 14 13 3 9872 9020 16 16 11 1462 1462 1 0 9 5 486 30 272 229 2300 2300 2300 0 128 128 128 0 1 1.0 1.0
222000 224000 1 1 6 6 2 3057 3057 6 6 4 990 990 0 0 4 2 536 536 536 0 2300 2300 2300 0 128 128 128 0 1 1.0 1.0
224000 226000 1 1 6 6 2 3055 3055 6 6 4 990 990 0 0 4 2 578 578 578 0 2300 2300 2300 0 128 128 128 0 1 1.0 1.0
226000 228000 2 2 6 6 2 3065 3061 6 6 4 993 993 0 0 4 2 883 52 468 587 2300 2300 2300 0 128 128 128 0 1 1.0 1.0
228000 230000 5 5 29 28 13 10947 10916 36 36 18 11045 11045 0 0 15 16 672 23 320 247 2300 2300 2300 0 128 128 128 0 1 1.0 1.0
230000 232000 9 9 18 18 10 8635 8635 20 20 15 1451 1451 0 0 7 4 484 17 107 169 2300 2300 2300 0 128 128 128 0 1 1.0 1.0
232000 234000 3 3 8 8 4 3059 3059 8 8 6 990 990 0 0 4 2 690 15 241 388 2300 2300 2300 0 128 128 128 0 1 1.0 1.0
234000 236000 3 3 8 8 4 3057 3057 8 8 6 990 990 0 0 4 2 956 18 333 539 2300 2300 2300 0 128 128 128 0 1 1.0 1.0
236000 238000 4 4 9 9 5 3059 3059 9 9 7 990 990 0 0 4 2 485 18 136 232 2300 2300 2300 0 128 128 128 0 1 1.0 1.0
238000 240000 4 4 12 11 5 3058 3058 12 12 6 1140 1140 0 0 4 5 460 16 211 193 2300 2300 2300 0 128 128 128 0 1 1.0 1.0
240000 242000 5 5 13 13 6 8629 8629 15 15 12 1412 1412 0 0 7 3 461 17 146 193 2300 2300 2300 0 128 128 128 0 1 1.0 1.0
242000 244000 12 11 21 21 11 5198 4403 25 25 16 1625 1625 1 0 8 7 642 14 117 183 2300 2300 2300 0 128 128 128 0 1 1.0 1.0
244000 246000 12 11 102 102 79 6716 6716 152 152 18 167136 128006 0 28 18 128 923 16 194 310 2300 2300 2300 0 128 128 128 0 1 1.0 1.0
246000 248000 6 4 64 64 52 4238 4238 78 78 9 89539 50941 0 27 11 69 836 20 334 301 2300 2300 2300 0 128 128 128 0 1 1.0 1.0
248000 250000 2 2 8 8 4 2473 1625 8 8 3 867 565 1 1 3 3 502 248 375 179 2300 2300 2300 0 128 128 128 0 1 1.0 1.0
250000 252000 7 6 79 78 14 129798 129051 98 98 75 7973 7588 0 2 62 21 938 119 507 309 2300 2300 2300 0 128 128 128 0 1 1.0 1.0
252000 254000 3 2 6 6 2 3144 3144 6 6 4 1031 1023 0 0 4 2 558 15 233 286 2300 2300 2300 0 128 128 128 0 2 1.0 1.0
254000 256000 7 6 26 25 12 7589 7589 32 32 15 5771 5771 0 0 9 12 599 140 248 159 0 0 0 0 128 128 128 0 0 1.0 1.0
256000 258000 5 4 17 17 5 10251 10251 21 21 13 3311 3311 0 0 10 6 614 18 313 290 2300 2300 2300 0 128 128 128 0 1 1.0 1.0
258000 260000 4 2 7 7 2 2749 2749 8 8 4 1264 1264 0 0 4 3 372 6 161 177 2300 2300 2300 0 128 128 128 0 2 2.0 1.0
260000 262000 4 3 15 15 4 14888 14888 19 19 14 1983 1983 0 0 10 4 657 244 352 203 2300 2300 2300 0 128 128 128 0 1 1.0 1.0
262000 264000 2 1 4 4 1 2692 2262 4 4 2 732 732 0 0 3 1 478 165 321 220 2300 2300 2300 0 128 128 128 0 1 1.0 1.0
264000 266000 3 2 8 8 2 4245 3877 8 8 5 1268 1268 0 0 5 2 409 6 272 230 2300 2300 2300 0 128 128 128 0 1 1.0 1.0
266000 268000 3 2 8 8 3 3078 3078 8 8 4 1062 1062 0 0 4 2 655 32 261 342 2300 2300 2300 0 128 128 128 0 1 1.0 1.0
268000 270000 2 1 1 1 0 1058 889 2 2 1 340 288 0 0 1 0 148 99 124 34 2300 2300 2300 0 128 128 128 0 1 1.0 1.0
270000 272000 3 2 13 13 3 11189 9763 15 15 11 2130 1687 1 0 9 4 839 189 443 347 2300 2300 2300 0 128 128 128 0 1 1.0 1.0
272000 274000 4 3 7 7 1 3026 3026 9 9 5 1019 1019 0 0 5 3 303 24 163 114 2300 2300 2300 0 128 128 128 0 1 1.0 1.0
274000 276000 4 3 11 11 5 5039 5039 11 11 8 1631 1631 0 0 6 3 474 17 209 229 2300 2300 2300 0 128 128 128 0 1 1.0 1.0
276000 278000 1 1 6 6 2 3060 3060 6 6 4 990 990 0 0 4 2 885 885 885 0 2300 2300 2300 0 128 128 128 0 1 1.0 1.0
278000 280000 1 1 6 6 2 3057 3057 6 6 4 990 990 0 0 4 2 508 508 508 0 2300 2300 2300 0 128 128 128 0 1 1.0 1.0
280000 282000 5 4 11 11 4 9183 9183 13 13 9 1841 1626 0 0 7 3 964 12 298 392 2300 2300 2300 0 128 128 128 0 1 1.0 1.0
282000 284000 5 4 10 10 4 3813 3813 10 10 6 1581 1301 0 0 5 4 525 12 217 233 2300 2300 2300 0 128 128 128 0 1 1.0 1.0
284000 286000 2 2 7 7 3 3054 3054 6 6 4 990 990 0 0 4 2 505 23 264 341 2300 2300 2300 0 128 128 128 0 1 1.0 1.0
286000 288000 2 1 8 8 2 4374 3576 8 8 5 1157 1157 1 0 5 2 644 64 354 409 2300 2300 2300 0 128 128 128 0 1 1.0 1.0
288000 290000 7 6 24 23 10 8944 8905 30 30 17 8729 8729 1 0 13 12 351 17 156 146 2300 2300 2300 0 128 128 128 0 1 1.0 1.0
290000 292000 9 9 20 20 11 10561 10561 22 22 16 3568 3568 0 0 8 5 971 23 165 310 2300 2300 2300 0 128 128 128 0 1 1.0 1.0
292000 294000 2 2 8 8 3 3853 3056 8 8 6 990 990 1 0 5 2 668 18 343 459 2300 2300 2300 0 128 128 128 0 1 1.0 1.0
294000 296000 4 4 11 11 6 3058 3058 11 11 7 1029 1029 0 0 4 3 532 23 207 241 2300 2300 2300 0 128 128 128 0 1 1.0 1.0
296000 298000 3 3 10 10 4 6282 6282 11 11 8 1515 1515 0 0 6 3 641 15 310 314 2300 2300 2300 0 128 128 128 0 1 1.0 1.0
298000 300000 2 1 10 10 3 5381 4585 10 10 7 1485 1485 1 0 7 3 609 207 408 284 2300 2300 2300 0 128 128 128 0 1 1.0 1.0
300000 302000 0 0 0 0 0 0 0 0 0 0 0 0 0 0 0 0 0 0 0 0 0 0 0 0 0 0 0 0 0  
