ts te nbins ncons c_pkts_all c_ack_cnt c_ack_cnt_p c_bytes_all c_bytes_uniq s_pkts_all s_ack_cnt s_ack_cnt_p s_bytes_all s_bytes_uniq c_pkts_retx s_pkts_retx c_pkts_data s_pkts_data max_bin min_bin avg_bin std_bin max_vid min_vid avg_vid std_vid max_aud min_aud avg_aud std_aud num_vid num_aud num_mfs
0 2000 34 23 520 516 427 61648 60983 695 695 98 774207 692700 7 65 89 592 997 0 479 311 0 0 0 0 0 0 0 0 0 0 0
2000 4000 35 20 471 469 381 17457 16194 681 681 91 733964 653867 10 68 88 588 999 24 513 280 0 0 0 0 0 0 0 0 0 0 0
4000 6000 8 4 371 370 366 1998 1998 537 537 3 754795 705857 1 36 3 532 998 67 572 357 0 0 0 0 0 0 0 0 0 0 0
6000 8000 15 10 339 337 308 13173 13173 560 560 28 719640 665505 0 40 27 528 996 19 556 348 0 0 0 0 0 0 0 0 0 0 0
8000 10000 28 18 430 423 385 20750 20165 606 606 43 760185 552545 3 149 37 554 998 9 479 364 0 0 0 0 0 0 0 0 0 0 0
10000 12000 28 18 518 507 456 47157 47157 618 618 66 734097 593648 5 106 48 541 998 16 517 338 0 0 0 0 0 0 0 0 0 0 1
12000 14000 26 15 314 309 271 27606 26156 429 429 41 511834 438359 4 56 37 384 999 0 466 370 840 840 840 0 128 128 128 0 2 2 0
14000 16000 16 9 359 357 330 18859 18001 596 596 29 772155 550239 2 161 26 563 994 0 555 372 480 480 480 0 128 128 128 0 2 1 1
16000 18000 12 6 384 384 377 4463 4461 527 527 14 710008 533676 0 127 6 513 999 0 647 411 288 288 288 0 128 128 128 0 3 1 1
18000 20000 14 7 441 441 422 11602 9946 619 619 20 824227 568805 3 184 18 598 999 2 602 359 288 288 288 0 128 128 128 0 1 2 1
20000 22000 13 6 402 402 393 12358 11899 528 528 12 710846 529842 0 131 8 515 999 20 596 388 288 288 288 0 128 128 128 0 1 1 1
22000 24000 13 5 347 347 335 7011 6670 494 494 11 665374 582968 0 59 11 482 999 4 561 357 288 288 288 0 128 128 128 0 2 1 1
24000 26000 15 7 323 322 304 11592 11550 453 453 18 594576 481998 2 82 18 433 997 28 593 355 288 288 288 0 128 128 128 0 2 3 1
26000 28000 11 4 330 330 324 3962 3962 440 440 7 597976 484250 0 82 6 433 999 12 632 347 288 288 288 0 128 128 128 0 2 1 1
28000 30000 11 4 358 358 347 6243 6243 475 475 13 637785 544118 0 67 11 462 995 105 665 349 288 288 288 0 128 128 128 0 2 2 1
30000 32000 15 8 395 395 332 146104 146104 547 547 106 604508 508613 0 69 63 441 999 108 595 346 288 288 288 0 128 128 128 0 2 2 1
32000 34000 23 15 459 459 448 7033 7033 622 622 22 823715 619245 0 149 9 598 999 109 399 343 480 480 480 0 128 128 128 0 1 1 1
34000 36000 17 8 443 441 428 9450 8660 562 561 17 747493 543307 2 150 12 541 997 27 497 389 480 480 480 0 128 128 128 0 1 1 1
36000 38000 15 7 383 383 375 4401 4401 484 484 9 653228 521568 0 95 6 474 999 12 580 373 0 0 0 0 128 128 128 0 0 1 1
38000 40000 13 5 392 392 379 6890 6890 490 490 11 654419 523039 0 96 12 478 999 145 677 333 480 480 480 0 128 128 128 0 2 2 1
40000 42000 12 5 387 387 376 12231 11434 461 461 12 617518 501085 1 84 11 448 994 88 595 350 480 480 480 0 128 128 128 0 1 1 1
42000 44000 12 5 404 404 388 10491 10491 543 543 21 717754 550032 0 121 15 521 997 222 656 308 288 288 288 0 128 128 128 0 1 1 1
44000 46000 23 15 370 370 357 7429 7429 495 495 23 647910 576404 0 51 13 472 998 17 337 379 288 288 288 0 128 128 128 0 1 1 1
46000 48000 20 14 383 383 378 3118 3118 532 532 16 713908 578212 0 97 5 515 998 15 346 390 288 288 288 0 128 128 128 0 2 2 1
48000 50000 29 23 399 399 374 3197 3197 532 532 33 676648 587165 9 64 7 489 998 15 321 341 288 288 288 0 128 128 128 0 1 1 1
50000 52000 14 8 455 454 438 11172 11172 595 595 18 793544 589985 0 147 15 576 998 16 548 350 288 288 288 0 0 0 0 0 1 0 1
52000 54000 15 7 390 390 376 12354 12354 497 497 15 662419 580434 0 60 13 481 998 49 576 312 288 288 288 0 128 128 128 0 1 1 1
54000 56000 23 15 373 372 355 10514 10514 515 515 24 668926 575458 0 68 15 488 999 15 373 353 288 288 288 0 128 128 128 0 1 2 1
56000 58000 16 9 368 368 361 3918 3918 466 466 10 628387 556750 0 52 6 455 997 14 453 373 288 288 288 0 128 128 128 0 1 1 1
58000 60000 13 7 375 375 368 3191 3191 537 537 7 736566 608469 0 92 7 529 998 15 511 368 288 288 288 0 128 128 128 0 1 1 1
60000 62000 25 17 354 353 325 12031 11234 493 493 29 620000 561736 6 42 13 455 994 15 391 322 288 288 288 0 128 128 128 0 1 1 1
62000 64000 12 7 246 246 234 5865 5865 418 418 11 558138 529678 0 20 9 404 998 19 439 337 288 288 288 0 128 128 128 0 1 1 1
64000 66000 10 6 388 387 381 4115 4115 567 567 8 770780 681473 0 64 5 558 996 32 489 328 288 288 288 0 128 128 128 0 1 1 1
66000 68000 11 7 369 368 337 57771 57771 501 501 45 618494 519438 0 72 28 455 993 8 492 366 288 288 288 0 0 0 0 0 1 0 1
68000 70000 10 7 324 323 289 72033 72033 515 515 58 617851 587234 0 22 33 455 998 10 285 307 288 288 288 0 0 0 0 0 1 0 1
70000 72000 9 6 349 348 337 10259 10259 499 499 12 670285 645587 0 17 9 486 999 18 361 282 288 288 288 0 0 0 0 0 1 0 1
72000 74000 8 6 330 329 320 3967 3967 508 508 9 687612 650591 0 26 5 497 998 123 382 289 288 288 288 0 128 128 128 0 1 1 1
74000 76000 10 5 318 318 304 11157 11157 461 461 17 608961 565165 0 31 14 443 999 23 451 363 288 288 288 0 128 128 128 0 1 1 1
76000 78000 10 5 309 309 291 14174 12580 450 450 23 581275 540714 2 30 17 426 999 7 463 363 288 288 288 0 128 128 128 0 1 3 1
78000 80000 7 3 245 245 233 8535 7968 424 424 12 564655 545280 0 14 11 411 998 75 542 362 288 288 288 0 128 128 128 0 1 3 1
80000 82000 8 4 339 339 332 9760 9530 502 502 9 681403 619796 0 44 7 493 993 20 352 313 288 288 288 0 128 128 128 0 1 1 1
82000 84000 5 2 354 354 348 4125 4125 483 483 6 658808 593895 0 47 6 476 998 408 621 245 288 288 288 0 128 128 128 0 1 1 1
84000 86000 6 3 325 324 319 3007 3007 461 461 4 630452 571262 0 42 3 456 999 114 457 307 288 288 288 0 128 128 128 0 1 1 1
86000 88000 6 3 302 302 294 3829 3829 475 475 7 644735 605679 0 28 6 467 994 260 521 259 288 288 288 0 128 128 128 0 1 1 1
88000 90000 4 2 305 305 304 882 882 513 513 2 709108 641888 0 48 1 511 999 208 550 339 288 288 288 0 128 128 128 0 2 1 1
90000 92000 6 5 164 164 152 16634 16634 167 167 16 203264 166384 0 26 12 150 602 29 312 235 0 0 0 0 128 128 128 0 0 1 1
92000 94000 16 13 57 56 26 25719 25719 72 72 47 17861 17861 0 0 30 24 992 16 244 370 288 288 288 0 128 128 128 0 2 2 1
94000 96000 6 6 11 11 7 3057 3057 11 11 9 990 990 0 0 4 2 483 27 104 185 288 288 288 0 128 128 128 0 1 1 1
96000 98000 1 1 9 9 3 4660 4660 9 9 6 1485 1485 0 0 6 3 723 723 723 0 480 480 480 0 128 128 128 0 1 1 1
98000 100000 4 4 9 9 4 3095 3095 10 10 7 1021 1021 0 0 5 3 534 22 152 255 480 480 480 0 128 128 128 0 1 1 1
100000 102000 9 9 20 20 10 12066 12066 21 21 17 1739 1739 0 0 9 3 873 21 133 281 840 840 840 0 128 128 128 0 1 1 1
102000 104000 5 4 12 12 7 3443 3443 12 12 7 1190 1190 0 0 4 4 822 20 195 351 840 840 840 0 128 128 128 0 1 1 1
104000 106000 3 3 8 8 3 3094 3094 9 9 6 1021 1021 0 0 5 3 774 18 272 434 840 840 840 0 128 128 128 0 1 1 1
106000 108000 2 2 7 7 3 3058 3058 6 6 4 990 990 0 0 4 2 739 20 379 508 840 840 840 0 128 128 128 0 1 1 1
108000 110000 2 2 8 8 3 3162 3162 9 9 5 1516 1021 0 1 5 4 763 16 390 527 1500 1500 1500 0 128 128 128 0 2 1 1
110000 112000 2 2 8 8 2 8206 8206 9 9 7 873 873 0 0 6 2 208 152 180 39 0 0 0 0 0 0 0 0 0 0 1
112000 114000 3 3 10 10 5 3850 3055 10 10 7 1485 990 1 1 5 3 867 22 304 487 1500 1500 1500 0 128 128 128 0 2 2 1
114000 116000 2 1 7 7 2 3757 3757 7 7 4 1214 1214 0 0 4 2 482 224 353 182 1500 1500 1500 0 128 128 128 0 1 1 1
116000 118000 2 1 7 7 2 3892 3892 7 7 5 1260 1260 0 0 5 2 489 181 335 217 1500 1500 1500 0 128 128 128 0 1 1 1
118000 120000 2 1 7 7 1 4487 4487 7 7 5 955 955 0 0 5 1 889 824 857 45 1500 1500 1500 0 128 128 128 0 1 1 1
120000 122000 6 4 17 17 5 12555 11762 18 18 11 2616 2616 1 0 11 6 976 65 380 366 1500 1500 1500 0 128 128 128 0 1 1 1
122000 124000 4 3 83 83 68 5224 5224 108 108 10 129849 85440 0 31 15 98 753 158 443 297 1500 1500 1500 0 128 128 128 0 1 1 1
124000 126000 5 3 72 72 59 4833 4452 97 97 9 116971 91980 0 18 12 88 461 68 276 149 1500 1500 1500 0 128 128 128 0 1 1 1
126000 128000 5 3 44 44 6 85038 84620 77 77 67 1903 1842 0 0 38 10 653 15 327 270 1500 1500 1500 0 128 128 128 0 1 1 1
128000 130000 5 4 24 24 3 36292 35497 37 37 30 1466 1443 1 0 20 6 934 0 285 386 1500 1500 1500 0 128 128 128 0 1 1 1
130000 132000 5 4 32 31 11 23691 23691 39 39 24 8052 8052 0 0 19 13 916 154 434 368 1500 1500 1500 0 128 128 128 0 1 1 1
132000 134000 4 2 7 7 2 5831 5831 8 8 6 1239 1239 0 0 5 2 289 18 181 115 1500 1500 1500 0 128 128 128 0 1 1 1
134000 136000 4 3 7 7 2 3038 3038 8 8 5 1011 1011 0 0 4 2 972 16 277 464 1500 1500 1500 0 128 128 128 0 1 2 1
136000 138000 4 3 29 28 10 14132 14132 37 37 21 11984 11984 0 0 18 15 551 149 394 190 2300 1500 2033 461 128 128 128 0 3 1 1
138000 140000 9 9 14 14 9 3094 3094 15 15 12 1021 1021 0 0 5 3 918 19 135 295 2300 2300 2300 0 128 128 128 0 1 1 1
140000 142000 8 8 21 20 7 14037 12708 24 24 18 1735 1735 2 0 11 5 430 15 142 163 2300 2300 2300 0 128 128 128 0 1 1 1
142000 144000 2 1 6 6 2 3330 3330 6 6 4 1077 1077 0 0 4 2 450 41 245 288 2300 2300 2300 0 128 128 128 0 1 1 1
144000 146000 1 1 4 4 1 2742 2174 5 5 3 1055 703 0 0 3 2 570 570 570 0 2300 2300 2300 0 128 128 128 0 1 1 1
146000 148000 10 9 18 18 11 4179 3947 19 19 13 1991 1353 0 1 5 4 634 16 120 199 2300 2300 2300 0 128 128 128 0 1 1 1
148000 150000 6 5 7 7 5 2004 1906 6 6 5 555 555 0 0 2 1 239 21 74 86 2300 2300 2300 0 128 128 128 0 1 1 1
150000 152000 5 4 15 15 4 10813 10114 18 18 13 1833 1833 0 0 10 4 749 16 302 282 2300 2300 2300 0 128 128 128 0 1 1 1
152000 154000 2 2 8 8 3 3860 3062 8 8 6 990 990 1 0 5 2 694 18 356 478 2300 2300 2300 0 128 128 128 0 1 1 1
154000 156000 1 1 6 6 2 3060 3060 6 6 4 990 990 0 0 4 2 757 757 757 0 2300 2300 2300 0 128 128 128 0 1 1 1
156000 158000 1 1 6 6 2 3059 3059 6 6 4 990 990 0 0 4 2 644 644 644 0 2300 2300 2300 0 128 128 128 0 1 1 1
158000 160000 3 3 8 8 3 3094 3094 9 9 6 1021 1021 0 0 5 3 513 17 260 248 2300 2300 2300 0 128 128 128 0 1 1 1
160000 162000 2 2 12 12 4 9908 9908 13 13 9 1863 1863 0 0 8 4 917 223 570 490 2300 2300 2300 0 128 128 128 0 1 1 1
162000 164000 2 2 10 10 5 3060 3060 10 10 5 1052 1021 0 1 4 4 504 220 362 200 2300 2300 2300 0 128 128 128 0 1 1 1
164000 166000 2 2 7 7 2 3094 3094 8 8 5 1021 1021 0 0 5 3 814 112 463 496 2300 2300 2300 0 128 128 128 0 1 1 1
166000 168000 1 1 8 8 3 3854 3059 8 8 5 1485 990 1 1 5 3 800 800 800 0 2300 2300 2300 0 128 128 128 0 1 1 1
168000 170000 3 3 8 8 3 3097 3097 9 9 6 1021 1021 0 0 5 3 740 20 260 415 2300 2300 2300 0 128 128 128 0 1 1 1
170000 172000 4 4 12 12 5 8632 8632 14 14 11 1368 1368 0 0 7 3 623 22 213 283 2300 2300 2300 0 128 128 128 0 1 1 1
172000 174000 4 4 12 12 5 6540 6540 12 12 9 1516 1516 0 0 7 3 659 17 223 303 2300 2300 2300 0 128 128 128 0 1 1 1
174000 176000 1 1 6 6 2 3059 3059 5 5 3 990 990 0 0 4 2 620 620 620 0 2300 2300 2300 0 128 128 128 0 1 1 1
176000 178000 1 1 6 6 2 3062 3062 6 6 4 990 990 0 0 4 2 679 679 679 0 2300 2300 2300 0 128 128 128 0 1 1 1
178000 180000 1 1 6 6 2 3060 3060 6 6 4 990 990 0 0 4 2 532 532 532 0 2300 2300 2300 0 128 128 128 0 1 1 1
180000 182000 4 4 13 13 4 9822 9023 16 16 12 1399 1399 1 0 9 4 816 28 313 349 2300 2300 2300 0 128 128 128 0 1 1 1
182000 184000 9 9 14 14 10 3059 3059 14 14 12 990 990 0 0 4 2 549 19 82 174 2300 2300 2300 0 128 128 128 0 1 2 1
184000 186000 5 5 12 12 7 3854 3057 12 12 9 1485 990 1 1 5 3 765 21 173 330 2300 2300 2300 0 128 128 128 0 1 1 1
186000 188000 3 3 42 42 6 75572 74776 68 68 60 1482 1338 1 0 36 8 890 17 425 439 2300 2300 2300 0 128 128 128 0 1 1 1
188000 190000 5 3 33 33 8 41940 41940 47 47 36 3590 2207 0 3 25 11 993 72 401 405 2300 2300 2300 0 128 128 128 0 2 1 1
190000 192000 10 10 21 20 11 10159 10159 21 21 16 1421 1264 0 0 7 4 303 17 81 102 0 0 0 0 128 128 128 0 0 1 1
192000 194000 4 3 10 10 4 4536 4536 10 10 7 1468 1468 0 0 5 2 650 17 287 321 2300 2300 2300 0 128 128 128 0 1 1 1
194000 196000 5 5 7 7 4 1616 1616 8 8 6 541 541 0 0 3 1 500 17 137 208 2300 2300 2300 0 128 128 128 0 2 1 1
196000 198000 6 5 26 25 10 11852 11658 34 34 20 11233 11233 0 0 15 13 513 6 197 192 2300 2300 2300 0 128 128 128 0 1 1 1
198000 200000 3 2 10 10 2 5246 4643 11 11 7 1566 1566 0 0 7 4 610 131 412 249 2300 2300 2300 0 128 128 128 0 1 1 1
200000 202000 4 2 21 20 8 13066 13066 24 24 14 7248 6753 0 1 11 9 978 0 518 410 2300 2300 2300 0 128 128 128 0 1 1 1
202000 204000 1 1 6 6 2 3059 3059 6 6 4 990 990 0 0 4 2 584 584 584 0 2300 2300 2300 0 128 128 128 0 1 1 1
204000 206000 1 1 6 6 2 3063 3063 6 6 4 990 990 0 0 4 2 511 511 511 0 2300 2300 2300 0 128 128 128 0 1 1 1
206000 208000 2 2 7 7 2 3060 3060 8 8 4 1067 1067 0 0 4 4 503 72 288 304 2300 2300 2300 0 128 128 128 0 1 1 1
208000 210000 1 1 7 7 3 3061 3061 7 7 4 1485 990 0 1 4 3 824 824 824 0 2300 2300 2300 0 128 128 128 0 1 1 1
210000 212000 3 3 11 11 3 8668 8668 14 14 10 1443 1443 0 0 8 4 792 135 364 371 2300 2300 2300 0 128 128 128 0 1 1 1
212000 214000 3 3 9 9 3 6283 6283 10 10 7 1516 1516 0 0 6 3 511 3 234 256 2300 2300 2300 0 128 128 128 0 1 1 1
214000 216000 2 2 6 6 2 3059 3059 6 6 4 990 990 0 0 4 2 763 15 389 528 2300 2300 2300 0 128 128 128 0 1 1 1
216000 218000 3 3 8 8 4 3060 3060 8 8 6 990 990 0 0 4 2 626 19 221 350 2300 2300 2300 0 128 128 128 0 1 1 1
218000 220000 3 3 9 9 4 3094 3094 10 10 6 1516 1021 0 1 5 4 750 16 293 398 2300 2300 2300 0 128 128 128 0 1 1 1
220000 222000 2 2 10 10 3 8988 8988 11 11 8 1412 1412 0 0 7 3 542 206 374 238 2300 2300 2300 0 128 128 128 0 1 1 1
222000 224000 1 1 6 6 2 3059 3059 6 6 4 990 990 0 0 4 2 613 613 613 0 2300 2300 2300 0 128 128 128 0 1 1 1
224000 226000 1 1 6 6 2 3059 3059 6 6 4 990 990 0 0 4 2 498 498 498 0 2300 2300 2300 0 128 128 128 0 1 1 1
226000 228000 3 3 8 8 3 3095 3095 9 9 6 1021 1021 0 0 5 3 475 17 204 240 2300 2300 2300 0 128 128 128 0 1 1 1
228000 230000 8 8 14 14 8 3891 3095 15 15 12 1021 1021 1 0 6 3 629 19 103 212 2300 2300 2300 0 128 128 128 0 1 1 1
230000 232000 8 8 17 17 9 8636 8636 18 18 13 1451 1451 0 0 7 4 665 14 119 226 2300 2300 2300 0 128 128 128 0 1 1 1
232000 234000 1 1 7 7 2 3857 3060 7 7 5 990 990 1 0 5 2 582 582 582 0 2300 2300 2300 0 128 128 128 0 1 2 1
234000 236000 2 2 8 8 3 3858 3060 8 8 6 990 990 1 0 5 2 655 23 339 447 2300 2300 2300 0 128 128 128 0 1 1 1
236000 238000 4 3 9 9 4 3741 3741 8 8 5 1210 1210 0 0 4 2 673 18 214 311 2300 2300 2300 0 128 128 128 0 2 1 1
238000 240000 7 6 11 11 7 3512 3512 11 11 9 1158 1158 0 0 4 2 508 23 123 187 2300 2300 2300 0 128 128 128 0 1 1 1
240000 242000 12 11 31 31 16 12497 12497 34 34 20 2703 2664 0 1 10 10 668 15 155 218 2300 2300 2300 0 128 128 128 0 1 1 1
242000 244000 10 10 72 72 52 5333 4824 89 89 17 81775 73103 0 6 16 67 626 14 246 224 2300 2300 2300 0 128 128 128 0 1 1 1
244000 246000 6 3 97 97 83 5866 5575 107 107 11 126922 105057 0 15 13 95 853 0 354 298 2300 2300 2300 0 128 128 128 0 1 1 1
246000 248000 3 2 40 40 6 74188 74188 66 66 57 1752 1492 0 0 34 9 640 104 369 267 2300 2300 2300 0 128 128 128 0 1 1 1
248000 250000 6 4 30 30 7 40426 40426 44 44 34 1896 1764 0 0 22 8 940 0 266 354 2300 2300 2300 0 128 128 128 0 1 1 1
250000 252000 6 6 42 40 16 25993 25993 49 49 29 9238 9238 0 0 22 16 813 25 346 279 2300 2300 2300 0 128 128 128 0 1 1 1
252000 254000 2 2 9 9 3 6285 6285 10 10 7 1516 1516 0 0 6 3 747 196 472 389 2300 2300 2300 0 128 128 128 0 1 1 1
254000 256000 2 2 8 8 3 3060 3060 9 9 5 1029 1029 0 0 4 3 591 224 408 259 2300 2300 2300 0 128 128 128 0 1 1 1
256000 258000 4 4 26 25 9 10919 10880 33 33 19 7937 5762 1 2 16 13 741 133 436 298 2300 2300 2300 0 128 128 128 0 1 1 1
258000 260000 2 2 7 7 2 3095 3095 8 8 5 1021 1021 0 0 5 3 587 27 307 396 2300 2300 2300 0 128 128 128 0 1 1 1
260000 262000 4 4 17 16 5 12015 12015 18 18 12 2361 2361 0 0 10 6 449 3 227 182 2300 2300 2300 0 128 128 128 0 1 1 1
262000 264000 1 1 6 6 2 3060 3060 6 6 4 990 990 0 0 4 2 447 447 447 0 2300 2300 2300 0 128 128 128 0 1 1 1
264000 266000 1 1 6 6 2 3060 3060 5 5 3 990 990 0 0 4 2 611 611 611 0 2300 2300 2300 0 128 128 128 0 1 1 1
266000 268000 2 2 9 8 3 3058 3058 8 8 4 1067 1067 0 0 4 4 505 2 254 356 2300 2300 2300 0 128 128 128 0 1 1 1
268000 270000 1 1 6 6 2 3060 3060 6 6 4 990 990 0 0 4 2 493 493 493 0 2300 2300 2300 0 128 128 128 0 1 1 1
270000 272000 2 2 11 11 3 9713 8916 13 13 10 1412 1412 1 0 8 3 548 276 412 192 2300 2300 2300 0 128 128 128 0 1 1 1
272000 274000 5 5 10 10 5 3095 3095 11 11 8 1021 1021 0 0 5 3 677 15 174 285 2300 2300 2300 0 128 128 128 0 1 1 1
274000 276000 2 2 7 7 3 3061 3061 7 7 5 990 990 0 0 4 2 509 17 263 348 2300 2300 2300 0 128 128 128 0 1 1 1
276000 278000 1 1 6 6 2 3058 3058 6 6 4 990 990 0 0 4 2 471 471 471 0 2300 2300 2300 0 128 128 128 0 1 1 1
278000 280000 2 2 7 7 2 3097 3097 8 8 5 1021 1021 0 0 5 3 518 60 289 323 2300 2300 2300 0 128 128 128 0 1 2 1
280000 282000 4 4 14 14 5 11034 10239 16 16 12 1907 1907 1 0 9 4 787 19 277 362 2300 2300 2300 0 128 128 128 0 1 1 1
282000 284000 3 3 9 9 5 3064 3064 9 9 6 1485 990 0 1 4 3 661 17 233 370 2300 2300 2300 0 128 128 128 0 1 1 1
284000 286000 4 3 9 9 3 3928 3573 9 9 7 1155 935 0 0 5 2 438 16 167 199 2300 2300 2300 0 128 128 128 0 2 1 1
286000 288000 6 4 12 12 5 5253 4810 13 13 8 1800 1525 0 0 7 4 997 17 320 387 2300 2300 2300 0 128 128 128 0 1 1 1
288000 290000 5 4 6 6 3 1789 1789 10 10 6 899 868 0 1 3 3 457 21 202 187 2300 2300 2300 0 128 128 128 0 1 1 1
290000 292000 5 4 16 16 6 11116 11116 17 17 12 2104 2104 0 0 9 4 482 16 257 232 2300 2300 2300 0 128 128 128 0 1 1 1
292000 294000 3 3 11 11 4 7489 6283 12 12 9 1516 1516 1 0 7 3 455 17 238 219 2300 2300 2300 0 128 128 128 0 1 1 1
294000 296000 1 1 7 7 2 3856 3059 7 7 5 990 990 1 0 5 2 647 647 647 0 2300 2300 2300 0 128 128 128 0 1 1 1
296000 298000 1 1 6 6 2 3061 3061 6 6 4 990 990 0 0 4 2 741 741 741 0 2300 2300 2300 0 128 128 128 0 1 1 1
298000 300000 2 2 6 6 2 3061 3061 6 6 4 994 994 0 0 4 2 517 24 271 348 2300 2300 2300 0 128 128 128 0 1 1 1
300000 302000 1 1 2 2 1 0 0 2 2 0 34 34 0 0 0 0 187 187 187 0 0 0 0 0 0 0 0 0 0 0 0
