ts te nbins ncons c_pkts_all c_ack_cnt c_ack_cnt_p c_bytes_all c_bytes_uniq s_pkts_all s_ack_cnt s_ack_cnt_p s_bytes_all s_bytes_uniq c_pkts_retx s_pkts_retx c_pkts_data s_pkts_data max_bin_duration min_bin_duration avg_bin_duration std_bin_duration max_video_rate min_video_rate avg_video_rate std_video_rate max_audio_rate min_audio_rate avg_audio_rate std_audio_rate video_reqs audio_reqs media_reqs
0.0 5000.0 0 0 0.0 0.0 0.0 0.0 0.0 0.0 0.0 0.0 0.0 0.0 0.0 0.0 0.0 0.0 0.0 0.0 0.0 0.0 0.0 0.0 0.0 0.0 0.0 0.0 0.0 0.0 0  
5000.0 10000.0 8 4 158.21576460507566 154.21576460507566 140.9902641700803 12287.939860611157 12287.939860611157 290.1619009251368 290.1619009251368 22.225500434995364 402680.11153654766 236108.53177193602 0.0 113.36001161934128 13.225500434995364 263.9364004901414 991.3009999999995 214.74609375 757.8345039062506 318.7547079553961 840.0 840.0 840.0 0.0 128.0 128.0 128.0 0.0 2 2.0 1.0
10000.0 15000.0 18 4 291.1916513250099 291.1916513250099 276.9498867821161 11899.562720815704 11899.562720815704 477.1412075337354 477.1412075337354 27.432232740165844 857968.4716601716 555468.8073239397 0.0 178.50005884828101 14.241764542893756 449.70897479356955 998.474000000002 179.401062500001 734.1589378255214 290.95078275030806 288.0 288.0 288.0 0.0 128.0 128.0 128.0 0.0 6 5.0 3.0
15000.0 20000.0 15 4 296.34078755354403 296.34078755354403 283.11287166179443 11077.144529939338 11077.144529939338 465.0812445924753 465.0812445924753 27.732628564116318 847595.9072832424 666851.2427323343 0.0 92.17728083768161 13.22791589174964 437.34861602835895 999.9490000000005 134.67899999999645 691.9609562499977 320.2917217014843 840.0 288.0 380.0 225.3530563360524 128.0 128.0 128.0 0.0 6 6.0 2.0
20000.0 25000.0 12 3 312.3692279375364 312.3692279375364 304.1404589666881 6854.664308452636 6854.664308452636 384.12957662990857 384.12957662990857 16.187933972462673 703032.4476997948 600826.2842261391 0.0 56.02727869883552 8.228768970848279 367.9416426574459 997.2960000000021 193.11328125 667.4155008138035 337.8751198452036 840.0 840.0 840.0 0.0 128.0 128.0 128.0 0.0 3 3.0 3.0
25000.0 30000.0 10 3 318.76113075819603 318.76113075819603 311.463116544199 6093.360350002252 6093.360350002252 473.25016520639855 473.25016520639855 13.865632397227902 803188.3015463775 634574.3736717849 0.0 103.93536999586058 7.298014213997009 459.38453280917065 998.4420000000027 195.75701562500035 784.8987683593762 317.31777598288903 840.0 840.0 840.0 0.0 128.0 128.0 128.0 0.0 2 2.0 2.0
30000.0 35000.0 9 2 309.85854313904554 309.85854313904554 301.350583369361 7089.194166304724 7089.194166304724 433.2502681008233 433.2502681008233 14.01591953936914 766003.256879095 611071.6740374661 0.0 85.48900971419206 8.507959769684572 419.2343485614541 997.5529999999999 388.6259999999893 733.1437931857622 243.8096763614837 840.0 840.0 840.0 0.0 128.0 128.0 128.0 0.0 3 3.0 3.0
35000.0 40000.0 8 3 243.26289468159246 243.26289468159246 236.99281850576108 5229.13406387419 5229.13406387419 323.98563701152216 323.98563701152216 10.54015235166276 601506.503394771 485896.0862363999 0.0 59.51099028580794 6.27007617583138 313.4454846598594 997.7160000000003 252.65491210937762 799.8754890136724 282.8265303753493 840.0 288.0 564.0 390.32294321497426 128.0 128.0 128.0 0.0 2 2.0 2.0
40000.0 45000.0 6 2 90.91022593261508 90.91022593261508 82.5251626355347 6989.6423559999275 6989.6423559999275 163.60254702163886 163.60254702163886 13.937978512708776 323845.16728345316 263254.46731752483 0.0 27.65718465161578 8.385063297080375 149.66456850893007 963.3550000000032 204.885986328125 690.0076562499999 265.6017168146647 288.0 288.0 288.0 0.0 128.0 128.0 128.0 0.0 3 3.0 3.0
45000.0 50000.0 8 2 127.12251973339374 127.12251973339374 120.02125033921354 5912.729609474494 5912.729609474494 202.88919671815165 202.88919671815165 11.291520524182072 355359.7302889113 256766.43025483965 0.0 58.34281534838422 7.101269394180192 191.5976761939696 997.4429999999993 79.3750136718736 487.4677463378903 340.77863166110785 288.0 288.0 288.0 0.0 128.0 128.0 128.0 0.0 2 2.0 2.0
50000.0 55000.0 13 4 784.0699294682829 784.0699294682829 775.997524809397 6725.967408648703 6725.967408648703 1021.787366326291 1021.787366326291 13.887975663402303 1843429.5125977017 1672098.9137523824 0.0 113.34237811537018 8.072404658886011 1007.8993906628888 999.4989999999962 267.93300000000454 812.1238617788476 243.13735454357206 4400.0 4400.0 4400.0 0.0 128.0 128.0 128.0 0.0 3 2.0 3.0
55000.0 60000.0 15 3 916.4450184116855 916.4450184116855 911.0037557618322 4534.660625876875 4534.660625876875 1208.4443952519828 1208.4443952519828 11.882525299706845 2075819.3643153678 1790862.5345539784 0.0 178.1490469095062 5.441262649853423 1196.561869952276 999.875 147.6533203125 793.8000312500003 293.92359130175015 4400.0 4400.0 4400.0 0.0 128.0 128.0 128.0 0.0 2 2.0 2.0
60000.0 65000.0 19 5 780.9354015310851 778.7657694008851 766.8184903067057 8368.455513963985 8368.455513963985 1067.2335580249771 1067.2335580249771 17.505734706369296 1872664.2313448696 1569525.6599515784 0.0 183.50857497512362 9.947279094179555 1049.5581911884078 999.9759999999951 58.013000000006286 627.0477515419418 355.8788550871878 4400.0 840.0 2060.0 1590.723106011854 128.0 128.0 128.0 0.0 4 2.0 3.0
65000.0 70000.0 13 3 711.6117129423224 710.7813450725223 694.7900819725281 13777.8584713361 13777.8584713361 935.0929619772963 935.0929619772963 32.30989187615181 1692533.285202262 1555516.285202262 0.0 88.0 15.991263099994152 901.9527022313445 999.5500000000029 262.3509999999951 817.4132415865371 208.39625955271552 840.0 840.0 840.0 0.0 128.0 128.0 128.0 0.0 6 7.0 2.0
70000.0 75000.0 7 2 187.89420526571396 187.89420526571396 179.069734127189 7356.143240832194 7356.143240832194 279.5115746035024 279.5115746035024 14.710400082876225 591861.6872161999 572943.6872161999 0.0 8.0 8.824471138524965 264.8011745206262 898.9290000000183 60.92299999999523 513.320563616071 278.0214406296155 1500.0 840.0 1060.0 381.051177665153 128.0 128.0 128.0 0.0 3 3.0 3.0
75000.0 80000.0 7 2 229.0109867149012 229.0109867149012 222.77400004759988 5203.542773867721 5203.542773867721 302.4384000761598 302.4384000761598 10.473973334602663 702863.0217512343 702863.0217512343 0.0 0.0 6.236986667301331 291.96442674155713 992.4930000000168 236.802054687505 580.6750078125021 385.0612759923018 1500.0 1500.0 1500.0 0.0 128.0 128.0 128.0 0.0 2 2.0 2.0
80000.0 85000.0 8 3 470.77675406497985 470.77675406497985 461.05305800916955 8102.628382936433 8102.628382936433 590.1454594044262 590.1454594044262 16.44739211162053 1039483.5590916153 941075.5590916153 0.0 71.0 9.723696055810265 573.6980672928057 999.3149999999878 266.3159999999916 688.5245021972623 294.64286964170833 2300.0 840.0 1935.0 730.0 128.0 128.0 128.0 0.0 4 3.0 3.0
85000.0 90000.0 7 2 189.22324593502017 189.22324593502017 182.94694199083042 5234.371617063566 5234.371617063566 239.85454059557378 239.85454059557378 10.55260788837947 548470.4409083847 548470.4409083847 0.0 0.0 6.276303944189735 229.30193270719434 993.135999999984 0.0 491.43499748884017 384.0515463291667 840.0 840.0 840.0 0.0 128.0 128.0 128.0 0.0 2 2.0 2.0
90000.0 95000.0 7 2 255.77198632268133 255.77198632268133 245.71674131579846 8392.867602888937 8392.867602888937 366.55330428937305 366.55330428937305 16.396750950728997 726166.764779999 701502.764779999 0.0 14.0 10.055245006882883 350.1565533386441 997.2979999999952 20.035000000003492 626.1928780691981 353.29021200049687 840.0 840.0 840.0 0.0 128.0 128.0 128.0 0.0 4 3.0 3.0
95000.0 100000.0 7 2 177.22801367731867 177.22801367731867 172.28325868420154 4112.132397111063 4112.132397111063 218.44669571062693 218.44669571062693 8.603249049271003 487508.23522000096 487508.23522000096 0.0 0.0 4.944754993117117 209.84344666135593 889.0020000000077 0.0 369.6066933593746 363.2256981440468 840.0 840.0 840.0 0.0 128.0 128.0 128.0 0.0 1 2.0 2.0
100000.0 105000.0 8 2 355.85501529054557 355.85501529054557 345.03265021905173 9034.609025126336 9034.609025126336 481.9470468634105 481.9470468634105 18.64473014298772 940666.7241388421 924460.7241388421 0.0 9.0 10.82236507149386 463.30231672042277 980.0500000000029 87.54700000002049 714.598114746097 314.55107096674357 840.0 840.0 840.0 0.0 128.0 128.0 128.0 0.0 4 4.0 3.0
105000.0 110000.0 8 2 346.22762547265154 346.22762547265154 339.22328196060255 5831.292013378769 5831.292013378769 468.00205098207255 468.00205098207255 10.355269857012281 1036868.8204452149 1025928.8204452149 0.0 5.0 7.004343512048951 457.6467811250603 997.1199999999953 167.6340820312471 694.532418701172 379.0605448728059 2300.0 1500.0 1900.0 565.685424949238 128.0 128.0 128.0 0.0 2 2.0 2.0
110000.0 115000.0 9 2 387.3320346981338 387.3320346981338 379.3782548948973 6643.270183163073 6643.270183163073 524.1241363134616 524.1241363134616 14.560976773558616 1075354.6763785388 1057482.6763785388 0.0 11.0 7.953779803236497 509.563159539903 999.4739999999874 173.14273242186755 655.4766365017308 357.44079990431544 1500.0 1500.0 1500.0 0.0 128.0 128.0 128.0 0.0 3 3.0 3.0
115000.0 120000.0 9 2 329.38815548208214 329.38815548208214 321.1138512370799 6902.482952319427 6902.482952319427 466.86361209924314 466.86361209924314 12.493815858222884 972682.9006275109 929375.7553133384 0.0 26.76116431558294 8.274304245002192 454.36979624102025 999.7309999999998 219.34500390625908 737.0750271267381 315.18706724334714 1500.0 1500.0 1500.0 0.0 128.0 128.0 128.0 0.0 2 2.0 2.0
120000.0 125000.0 10 2 345.7335126255242 345.7335126255242 339.6801319977723 5041.860727017743 5041.860727017743 468.643019507242 468.643019507242 12.161553887285379 943450.6033826614 909800.7486968337 0.0 21.23883568441706 6.053380627751939 456.4814656199566 996.2399999999907 208.197265625 576.5833142578136 334.08942169963734 1500.0 1500.0 1500.0 0.0 128.0 128.0 128.0 0.0 3 3.0 3.0
125000.0 130000.0 9 3 367.7895675997162 367.7895675997162 359.07085526041055 6432.531290042643 6432.531290042643 454.65030381599445 454.65030381599445 11.783653480933122 1017879.6199065477 997956.6199065477 0.0 12.0 7.718712339305576 441.86665033506137 999.4530000000086 57.53273437501048 647.2685240885411 329.51517150180183 1500.0 1500.0 1500.0 0.0 128.0 128.0 128.0 0.0 2 2.0 2.0
130000.0 135000.0 10 2 395.50073283426565 395.50073283426565 387.6140795550067 6587.326466554309 6587.326466554309 568.097675814701 568.097675814701 13.945351224047185 1197032.6982632051 1098967.0143941955 0.0 52.82700275201638 7.8866532792589625 554.1523245906538 999.4189999999944 172.04490039061056 847.1997763671883 260.6822022019875 1500.0 1500.0 1500.0 0.0 128.0 128.0 128.0 0.0 3 3.0 3.0
135000.0 140000.0 10 2 344.84013172182085 344.84013172182085 337.5166093277544 6106.425259566339 6106.425259566339 420.74627714820366 420.74627714820366 12.610240684199455 932703.0292535676 919420.7131225772 0.0 8.17299724798362 7.323522394066451 408.1360364640042 998.1039999999921 55.88000000000466 537.3425408203096 365.7628852925945 1500.0 1500.0 1500.0 0.0 128.0 128.0 128.0 0.0 2 2.0 2.0
140000.0 145000.0 8 2 396.31772382081647 396.31772382081647 388.69152341923217 6364.372533716544 6364.372533716544 542.4510589299301 542.4510589299301 12.939300602376434 1156600.5503837345 1136738.96785091 0.0 15.30609338998974 7.626200401584289 529.5117583275536 997.0830000000133 261.81700000001 636.9407094726594 346.4013415505416 1500.0 1500.0 1500.0 0.0 128.0 128.0 128.0 0.0 3 3.0 3.0
145000.0 150000.0 9 2 389.13567029009914 389.13567029009914 381.3544634191427 6498.458091365824 6498.458091365824 505.1354832909187 505.1354832909187 13.394044578787325 1077430.4857816708 1062837.1919106992 0.0 9.495290747379734 7.781206870956483 491.7414387121314 997.676999999996 167.12205273436848 676.7696647135405 357.5016799084813 1500.0 1500.0 1500.0 0.0 128.0 128.0 128.0 0.0 3 3.0 2.0
150000.0 155000.0 11 3 433.6590665886521 432.6590665886521 421.2837847314552 9926.961795346771 9926.961795346771 593.6812670990494 593.6812670990494 20.750563714393834 1273312.1569543357 1245196.63950387 0.0 20.32056092909521 11.375281857196917 571.9307033846554 999.1140000000014 185.9120546875056 661.1476700994324 311.6451967272532 1500.0 1500.0 1500.0 0.0 128.0 128.0 128.0 0.0 3 3.0 3.0
155000.0 160000.0 9 3 305.6127523444657 305.6127523444657 297.62813936525936 5814.987634911179 5814.987634911179 407.028239999004 407.028239999004 12.16486257730425 941664.5768135192 928776.9706677813 0.0 6.878054933535315 6.984612979206368 393.86337742169974 998.3359999999811 155.18499023438198 678.5936608072952 311.9962511539283 1500.0 1500.0 1500.0 0.0 128.0 128.0 128.0 0.0 2 2.0 2.0
160000.0 165000.0 10 2 373.8500411963357 373.8500411963357 365.6544045774442 6846.422027491041 6846.422027491041 533.8243153976764 533.8243153976764 13.713734910723442 1129548.0252354753 1047541.3237501283 0.0 44.831442313243684 8.195636618891513 520.1105804869529 999.1429999999818 195.05675195311778 781.4949750000029 309.88257160383034 1500.0 1500.0 1500.0 0.0 128.0 128.0 128.0 0.0 3 3.0 3.0
165000.0 170000.0 8 2 319.4334769225451 319.4334769225451 312.095723478718 6115.6731118203115 6115.6731118203115 422.8121429048332 422.8121429048332 11.81965515199516 930269.5769562764 898621.2784416234 0.0 16.168557686756316 7.337753443827089 410.9924877528381 999.2390000000305 238.65700195316458 689.5717360840026 327.9480622876017 1500.0 1500.0 1500.0 0.0 128.0 128.0 128.0 0.0 2 2.0 2.0
170000.0 175000.0 9 2 335.50154574758096 335.50154574758096 327.83929919140803 6394.3268881796885 6394.3268881796885 445.5235471742984 445.5235471742984 13.66224655617291 983834.2849971692 967450.2849971692 0.0 8.0 7.66224655617291 431.8613006181255 999.5229999999574 251.04111328124418 605.7468880208422 336.9756104296759 1500.0 1500.0 1500.0 0.0 128.0 128.0 128.0 0.0 3 3.0 3.0
175000.0 180000.0 7 2 322.61132782323614 322.61132782323614 315.7860431326304 5680.733446296733 5680.733446296733 442.18007152176875 442.18007152176875 10.0 1013422.6928265195 971186.6928265195 0.0 15.0 6.825284690605772 432.18007152176875 999.7880000000005 290.0130000000063 773.9482991071584 241.35470934666998 1500.0 1500.0 1500.0 0.0 128.0 128.0 128.0 0.0 2 2.0 2.0
180000.0 185000.0 9 2 370.96450041998924 370.96450041998924 363.2611190684591 6432.903907297616 6432.903907297616 520.3336204453415 520.3336204453415 14.05733208427193 1065796.1622830187 1014230.5568002296 0.0 31.394149384479274 7.703381351530194 506.27628836106953 996.4110000000219 173.70702734371298 691.0099027777776 345.3566253910107 1500.0 1500.0 1500.0 0.0 128.0 128.0 128.0 0.0 3 3.0 3.0
185000.0 190000.0 10 2 331.20065305691014 331.20065305691014 323.2130363842165 6660.393582429094 6660.393582429094 420.77940290958423 420.77940290958423 11.700809273142896 963688.6927645974 959108.2982473866 0.0 2.6058506155207257 7.98761667269369 409.0785936364413 999.43299999999 79.09700000000885 649.3565169921901 395.1215910131109 1500.0 1500.0 1500.0 0.0 128.0 128.0 128.0 0.0 2 2.0 2.0
190000.0 195000.0 10 2 393.4217633834629 393.4217633834629 384.83941524776725 7170.390199913642 7170.390199913642 536.5984661669665 536.5984661669665 14.126100241014884 1104243.5537236298 1037667.3769862433 0.0 33.05481870943313 8.582348135695673 522.4723659259516 1000.0 219.76600000000326 752.1420867187495 317.63139511193964 1500.0 1500.0 1500.0 0.0 128.0 128.0 128.0 0.0 3 3.0 3.0
195000.0 200000.0 11 3 503.76645068442593 502.76645068442593 493.3449918937585 8298.773355894129 8298.773355894129 714.7010404932767 714.7010404932767 20.895892863359485 1479447.067775152 1427246.3221523103 0.0 33.46527093175967 9.421458790667469 692.8051476299172 999.7870000000403 191.9077519531129 783.8695321377944 314.4513712325687 1500.0 1500.0 1500.0 0.0 128.0 128.0 128.0 0.0 3 3.0 2.0
200000.0 205000.0 8 3 204.08576637927024 204.08576637927024 196.2813646844827 5669.167702494049 5669.167702494049 273.14402348880384 273.14402348880384 12.206602542181326 639365.4702933105 637345.3926535386 0.0 1.4799103588072033 6.8044016947875505 259.9374209466225 839.6199999999953 21.29999999998836 471.1733234863277 340.56879923504954 1500.0 1500.0 1500.0 0.0 128.0 128.0 128.0 0.0 2 2.0 3.0
205000.0 210000.0 11 3 452.6820629185627 451.6820629185627 441.01477449989824 9369.80678178454 9369.80678178454 614.503030764273 614.503030764273 20.50093262799663 1389771.7984071237 1370595.7984071237 0.0 10.0 10.66728841866442 593.0020981362763 998.8509999999951 138.87471093749627 654.6004009232962 345.39715106004866 1500.0 1500.0 1500.0 0.0 128.0 128.0 128.0 0.0 3 3.0 2.0
210000.0 215000.0 10 3 365.86064983857966 365.86064983857966 357.1953156862444 6396.89268059062 6396.89268059062 508.7424694980799 508.7424694980799 13.998001228502924 1047851.5967124413 1006933.7691011324 0.0 21.485670860470076 7.665334152335283 493.744468269577 988.7240000000165 21.962999999988824 609.9886291015631 350.77526315178875 1500.0 1500.0 1500.0 0.0 128.0 128.0 128.0 0.0 3 3.0 3.0
215000.0 220000.0 8 2 313.69785766265966 313.69785766265966 306.55728587135314 5943.040615894526 5943.040615894526 403.56272507933875 403.56272507933875 11.312014837816445 932170.082420951 909273.91003226 0.0 11.514329139529924 7.140571791306471 392.25071024152226 998.9010000000126 171.3297226562281 742.822471435542 318.472008388546 1500.0 1500.0 1500.0 0.0 128.0 128.0 128.0 0.0 2 2.0 2.0
220000.0 225000.0 10 2 367.093828380015 367.093828380015 358.8915140783015 6851.897727405052 6851.897727405052 492.50172673350926 492.50172673350926 13.734544966790812 1084341.6233856806 1036444.6233856807 0.0 28.0 8.202314301713479 478.7671817667184 998.6149999999907 200.88495117187267 704.2672900390695 324.1070341403686 1500.0 1500.0 1500.0 0.0 128.0 128.0 128.0 0.0 3 3.0 3.0
225000.0 230000.0 8 2 365.41199910677176 365.41199910677176 358.4929356776766 5767.741709578064 5767.741709578064 515.2613724172089 515.2613724172089 11.84636447856538 1036420.5243689271 966415.5243689271 0.0 39.0 6.919063429095143 503.4150079386435 996.3509999999951 444.52294921875 771.0917499999996 226.8698445319988 1500.0 1500.0 1500.0 0.0 128.0 128.0 128.0 0.0 2 2.0 2.0
230000.0 235000.0 9 2 369.793620743125 369.793620743125 361.9874448466686 6511.459323885236 6511.459323885236 537.8084393328838 537.8084393328838 13.071883507460377 1073338.2758092054 1027628.4230198496 0.0 22.527597205521335 7.806175896456404 524.7365558254235 997.9139999999898 327.2069999999949 678.0675618489622 299.61069962048356 1500.0 1500.0 1500.0 0.0 128.0 128.0 128.0 0.0 3 3.0 3.0
235000.0 240000.0 9 2 386.5870623950054 386.5870623950054 379.48546495713896 5912.805112539453 5912.805112539453 469.556599860471 469.556599860471 10.549521348896906 959687.7577904309 926250.1909665313 0.0 20.08709690182259 7.101597437866444 459.00707851157415 999.5070000000123 80.30600000004051 617.4450305989562 350.0994825376559 1500.0 1500.0 1500.0 0.0 128.0 128.0 128.0 0.0 2 2.0 2.0
240000.0 245000.0 11 3 426.1788941796181 425.1788941796181 413.6279872681291 10124.298540919084 10124.298540919084 568.6808648224765 568.6808648224765 21.755487349813897 1211433.7207471319 1123830.0214995411 0.0 47.76665704141262 11.550906911488958 545.9253774726626 998.960000000021 173.01171875 719.1576091974434 333.32424909129 1500.0 1500.0 1500.0 0.0 128.0 128.0 128.0 0.0 4 4.0 3.0
245000.0 250000.0 10 3 424.21769763511753 424.21769763511753 415.76915000083835 7046.2541866108295 6204.2541866108295 567.4774868414523 567.4774868414523 13.244512650186104 1227146.9963603471 1196443.115221193 1.0 17.61864885124345 8.44854763427923 554.2329741912663 999.6329999999725 80.77700000000186 665.4901267578185 356.19551274748136 1500.0 1500.0 1500.0 0.0 128.0 128.0 128.0 0.0 2 2.0 2.0
250000.0 255000.0 10 2 360.6646450302757 360.6646450302757 352.0987189896036 7157.903700348312 6828.4411264673345 497.76955777862554 497.76955777862554 14.268316268097111 1052221.453523494 1037414.4535234941 0.39221734985830686 9.0 8.565926040672128 483.50124151052836 999.9319999999716 42.67399999999907 677.8381789062463 377.93941261602123 1500.0 1500.0 1500.0 0.0 128.0 128.0 128.0 0.0 3 3.0 3.0
255000.0 260000.0 9 2 300.5656898606838 300.5656898606838 291.47864632522436 7563.803221818083 6233.265795699061 423.9334030975736 423.9334030975736 14.210944617220651 985210.8650607833 981046.8650607833 1.6077826501416932 2.0 9.087043535459456 409.7224584803529 999.5869999999995 7.716000000014901 685.3737866753493 344.00188412528564 1500.0 1500.0 1500.0 0.0 128.0 128.0 128.0 0.0 2 2.0 2.0
260000.0 265000.0 9 2 339.7800853846455 339.7800853846455 332.602612623397 5991.479864597477 5991.479864597477 466.6899677408255 466.6899677408255 13.005839584531582 1043363.8173879837 1022777.8173879837 0.0 13.0 7.177472761248468 453.684128156294 997.4780000000028 152.69599999999627 694.2254431423693 329.6369613104732 1500.0 1500.0 1500.0 0.0 128.0 128.0 128.0 0.0 3 3.0 3.0
265000.0 270000.0 8 2 363.99209684132893 363.99209684132893 356.08619818936234 6587.80177978422 6587.80177978422 467.4366257278871 467.4366257278871 11.296215679417054 969331.9986248295 953543.9986248295 0.0 9.0 7.905898651966571 456.14041004847 997.9250000000466 171.34689257811988 763.6961257324365 332.0719748211102 1500.0 1500.0 1500.0 0.0 128.0 128.0 128.0 0.0 2 2.0 2.0
270000.0 275000.0 9 2 346.00281667391357 346.00281667391357 337.97688391670886 6701.847206738737 6034.64988332899 472.2792957357112 472.2792957357112 13.286059621722428 1015288.9492621869 1009072.3599894181 0.7942825278687479 4.478810715251334 8.025932757204693 458.9932361139888 996.5740000000224 218.5648867188138 750.9660746527823 262.3691900836445 1500.0 1500.0 1500.0 0.0 128.0 128.0 128.0 0.0 3 3.0 3.0
275000.0 280000.0 10 2 348.6761431143193 348.6761431143193 338.8710836424659 8181.668295988966 5557.72671413176 437.9622963510545 437.9622963510545 10.326248756602054 1021181.0088801245 1020456.5981528932 3.134800490525173 1.521189284748666 9.805059471853387 427.6360475944524 999.1759999999776 182.03609960939502 704.9611300781311 291.2863480032648 1500.0 1500.0 1500.0 0.0 128.0 128.0 128.0 0.0 2 2.0 2.0
280000.0 285000.0 9 2 331.6487886243292 331.6487886243292 322.3046799763263 7792.632924690314 6903.771829957269 456.90377454225427 456.90377454225427 15.755697376090566 986188.8087161189 950437.9196933268 1.070916981606079 16.329086807657994 9.3441086480029 441.1480771661637 999.5300000000279 85.7949999999837 743.6875852864598 330.78925973464334 1500.0 840.0 1280.0 381.051177665153 128.0 128.0 128.0 0.0 3 3.0 3.0
285000.0 290000.0 9 3 202.4990301332187 202.4990301332187 194.63974342551552 5877.907110117166 5877.907110117166 304.04356004165453 304.04356004165453 12.650193922679458 564191.8026803201 546565.8921872857 0.0 8.470429018702912 7.061782650767124 290.59586206203903 999.7420000000275 210.5337421874865 624.7653969184095 341.4114128852692 840.0 840.0 840.0 0.0 128.0 128.0 128.0 0.0 2 2.0 2.0
290000.0 295000.0 10 4 234.48808844582294 233.48808844582294 221.26588755108173 10513.361696714197 10513.361696714197 346.89220895826463 346.89220895826463 22.838925729715527 645275.8969419608 623092.6964577872 0.0 14.200484173639095 12.01970495167731 322.8507872854851 999.423000000068 171.95206250000047 562.3687968750252 292.1239100159804 840.0 840.0 840.0 0.0 128.0 128.0 128.0 0.0 4 4.0 3.0
295000.0 300000.0 10 3 427.5541243815291 426.5541243815291 415.72662547286143 8196.34546876871 8196.34546876871 663.2027791032256 663.2027791032256 17.391900852840134 1316435.8744148612 1139478.7933776397 0.0 98.73690303550474 9.8274989086677 645.8108782503855 996.6769999999669 6.5200000000186265 598.8617914062518 371.99012532722656 3000.0 840.0 1920.0 1247.0765814495917 128.0 128.0 128.0 0.0 4 3.0 2.0
300000.0 305000.0 2 2 25.377304267948638 25.377304267948638 25.024023954654552 289.6898569011503 289.6898569011503 36.52501320744959 36.52501320744959 0.9696575910834312 65921.77932060152 65571.86035782282 0.0 0.26309696449525977 0.3532803132940857 35.55535561636616 331.86410742189037 216.90108398435405 274.3825957031222 81.29113345838994 0.0 0.0 0.0 0.0 0.0 0.0 0.0 0.0 0 0.0 0.0
