ts te nbins ncons c_pkts_all c_ack_cnt c_ack_cnt_p c_bytes_all c_bytes_uniq s_pkts_all s_ack_cnt s_ack_cnt_p s_bytes_all s_bytes_uniq c_pkts_retx s_pkts_retx c_pkts_data s_pkts_data max_bin_duration min_bin_duration avg_bin_duration std_bin_duration max_video_rate min_video_rate avg_video_rate std_video_rate max_audio_rate min_audio_rate avg_audio_rate std_audio_rate video_reqs audio_reqs media_reqs
0.0 5000.0 0 0 0.0 0.0 0.0 0.0 0.0 0.0 0.0 0.0 0.0 0.0 0.0 0.0 0.0 0.0 0.0 0.0 0.0 0.0 0.0 0.0 0.0 0.0 0.0 0.0 0.0 0.0 0  
5000.0 10000.0 0 0 0.0 0.0 0.0 0.0 0.0 0.0 0.0 0.0 0.0 0.0 0.0 0.0 0.0 0.0 0.0 0.0 0.0 0.0 0.0 0.0 0.0 0.0 0.0 0.0 0.0 0.0 0  
10000.0 15000.0 7 4 121.26571965172026 116.41988070510678 102.05149327756115 13452.004328635287 13452.004328635287 194.71381010838954 194.71381010838954 22.36838742754562 232739.29887249676 150917.47931608386 0.8458389466134825 62.6176036392428 14.36838742754562 167.49958373423044 998.1200000000026 19.052999999999884 756.570843191964 339.55470241749083 480.0 480.0 480.0 0.0 128.0 128.0 128.0 0.0 2 2.0 1.0
15000.0 20000.0 18 4 359.69191536308904 359.53775430970256 345.3654410186165 11943.971329585698 11943.971329585698 640.6624310914374 640.6624310914374 28.860575548433612 973149.4206615933 629836.4861413892 0.15416105338651756 225.65481433646875 14.172313291086052 611.6476944896172 998.4329999999973 4.0789999999979045 627.7472863498248 390.8422016709161 288.0 288.0 288.0 0.0 128.0 128.0 128.0 0.0 7 6.0 3.0
20000.0 25000.0 12 4 322.0423649851907 322.0423649851907 308.5830657038224 11257.024341779015 11257.024341779015 499.6237588001731 499.6237588001731 26.771037024020767 791092.2804659099 677790.0345425268 0.0 74.72758202428847 13.459299281368331 472.85272177615235 995.9289999999964 146.4290039062471 575.1210786132802 357.7004229473989 840.0 288.0 472.0 285.0515742808659 128.0 128.0 128.0 0.0 6 5.0 2.0
25000.0 30000.0 8 3 363.8561035633669 363.8561035633669 354.09226577190395 8137.151420411785 8137.151420411785 572.6015047950303 572.6015047950303 17.527675582925855 1081153.4614318023 1081153.4614318023 0.0 0.0 9.763837791462928 555.0738292121046 999.5009999999966 179.64400000000023 726.3668742675773 327.882078681563 1500.0 1500.0 1500.0 0.0 128.0 128.0 128.0 0.0 4 3.0 3.0
30000.0 35000.0 8 2 474.51248813798315 474.51248813798315 466.8289432876669 6404.176172264925 6404.176172264925 620.5301736974238 620.5301736974238 11.19601573796373 971960.5734347391 887897.5734347391 0.0 57.0 7.683544850316242 609.3341579594601 998.3759999999966 235.73900585937372 681.1038728027343 363.2676233374825 1500.0 1500.0 1500.0 0.0 128.0 128.0 128.0 0.0 2 2.0 2.0
35000.0 40000.0 9 2 382.3306758607207 382.3306758607207 375.01630097738155 6104.072243472932 6104.072243472932 570.5081910790839 570.5081910790839 13.799823729347098 1123081.265883246 1122023.9464383817 0.0 0.7617575251183408 7.3143748833391715 556.7083673497367 999.4579999999914 218.51000000000204 633.7322133246505 376.6970894403881 1500.0 1500.0 1500.0 0.0 128.0 128.0 128.0 0.0 3 3.0 3.0
40000.0 45000.0 8 2 314.53651723613723 314.53651723613723 307.525142151817 5838.568903589907 5838.568903589907 437.09145652284667 437.09145652284667 11.249617559201793 908740.0415343996 891753.3609792639 0.0 9.238242474881659 7.011375084320134 425.84183896364493 998.3570000000036 193.79099999999744 677.2106433105464 378.91890326114384 1500.0 1500.0 1500.0 0.0 128.0 128.0 128.0 0.0 2 2.0 2.0
45000.0 50000.0 9 2 446.2059050252974 446.2059050252974 438.3331218374166 6574.6005300086 6574.6005300086 602.8695441075326 602.8695441075326 12.994281673196488 1077847.4695083392 1041638.4288194012 0.0 21.43415258648706 7.87278318788075 589.8752624343362 991.726999999999 222.83595703124593 648.633105685763 352.7637671091915 1500.0 1500.0 1500.0 0.0 128.0 128.0 128.0 0.0 3 3.0 3.0
50000.0 55000.0 10 2 430.7383075353972 430.7383075353972 422.1970510797421 7128.783700220549 7128.783700220549 627.1118622764917 627.1118622764917 15.010222884094162 1172319.9722613706 1131140.919648752 0.0 25.55648377531581 8.541256455655109 612.1016393923976 998.0120000000024 221.26509375000023 693.9944865234371 322.0872462611013 1500.0 1500.0 1500.0 0.0 128.0 128.0 128.0 0.0 3 3.0 2.0
55000.0 60000.0 10 3 463.83759104113 463.83759104113 455.436527032519 7017.477586890132 7017.477586890132 679.4534352035029 679.4534352035029 16.398835356441523 1195297.829423362 1159460.3211936676 0.0 22.708019512957428 8.401064008610991 663.0545998470612 999.1879999999946 96.06100000000151 631.2019429687483 357.6494380989492 1500.0 1500.0 1500.0 0.0 128.0 128.0 128.0 0.0 3 3.0 3.0
60000.0 65000.0 9 2 429.55535975617465 429.55535975617465 422.3067889627025 6033.3512282883075 6033.3512282883075 583.8755169787778 583.8755169787778 10.82352747682935 1077231.0666608044 1025668.6681920554 0.0 29.30134412523971 7.248570793472161 573.0519895019485 997.9079999999958 47.02395898436953 687.7378684895812 355.47852797251994 1500.0 1500.0 1500.0 0.0 128.0 128.0 128.0 0.0 2 2.0 2.0
65000.0 70000.0 8 3 259.8859842136041 259.8859842136041 253.21364129928378 4729.047711929092 4729.047711929092 385.55602627919393 385.55602627919393 11.763724954066717 707444.3497842888 685440.1325115516 0.0 14.388899458720502 5.672342914320325 372.79230132512714 990.1540000000095 8.313000000009197 588.4502194824217 359.8517639100665 1500.0 1500.0 1500.0 0.0 128.0 128.0 128.0 0.0 2 2.0 3.0
70000.0 75000.0 11 3 561.5005711048303 561.5005711048303 552.2106209969938 7750.032566239462 7750.032566239462 758.768091994258 758.768091994258 17.03537512314754 1380161.9486150965 1310009.8640734872 0.0 43.209300695708016 9.289950107836447 741.7327168711106 999.7489999999962 0.0 663.2447320667575 376.0067041097823 1500.0 1500.0 1500.0 0.0 128.0 128.0 128.0 0.0 3 3.0 2.0
75000.0 80000.0 9 2 397.592854105044 397.592854105044 389.39195418225836 6850.737936684309 6850.737936684309 569.3552992545112 569.3552992545112 13.691947074379456 1102301.1949367297 1089880.5631350465 0.0 7.638370572962054 8.200899922785743 555.6633521801318 996.0280000000057 193.48008593749546 706.6062309027782 325.194587031235 1500.0 1500.0 1500.0 0.0 128.0 128.0 128.0 0.0 3 3.0 3.0
80000.0 85000.0 8 2 358.22359577929063 358.22359577929063 350.82559966604265 6165.7347701091085 6165.7347701091085 501.5598608872032 501.5598608872032 11.906948961654312 945871.2668688234 917733.2004848537 0.0 15.76342927260943 7.397996113248025 489.6529119255489 999.1240000000107 252.39200781249383 717.6258881835965 316.3170482509692 1500.0 1500.0 1500.0 0.0 128.0 128.0 128.0 0.0 2 2.0 2.0
85000.0 90000.0 8 2 412.59605333218303 412.59605333218303 405.46882404920757 5948.169311924215 5948.169311924215 610.6011677792059 610.6011677792059 12.8032740795086 1142315.697159693 1094000.6364460299 0.0 33.184882186564664 7.127229282975489 597.7978936996973 998.4750000000058 248.02590234375384 669.4053444824276 318.64787767349543 1500.0 1500.0 1500.0 0.0 128.0 128.0 128.0 0.0 3 3.0 3.0
90000.0 95000.0 9 2 371.2452931704837 371.2452931704837 363.9659914862563 6059.808123936411 6059.808123936411 487.10347944342476 487.10347944342476 11.603256887694272 902101.8750037479 879836.9357174111 0.0 14.815117813435336 7.2793016842273826 475.5002225557304 999.5209999999934 85.03010937500221 650.515796223956 384.7366679080368 1500.0 1500.0 1500.0 0.0 128.0 128.0 128.0 0.0 2 2.0 2.0
95000.0 100000.0 9 2 426.38009106638475 426.38009106638475 418.98522675106955 6176.473697569957 6176.473697569957 627.4207928979063 627.4207928979063 12.744096327536152 1151955.2496014647 1122116.5367928627 0.0 21.49907262867587 7.394864315315179 614.6766965703702 999.3010000000068 189.8829804687557 710.0752194010404 308.0382413271848 1500.0 1500.0 1500.0 0.0 128.0 128.0 128.0 0.0 3 3.0 3.0
100000.0 105000.0 9 3 337.00260907197224 337.00260907197224 330.20200046773834 5673.814096460308 5673.814096460308 477.59359680360694 477.59359680360694 12.451376592012952 911235.7378920922 902212.4507006942 0.0 4.500927371324131 6.800608604233924 465.142220211594 996.3189999999886 65.8229999999894 574.7961117621485 382.69173030118054 1500.0 1500.0 1500.0 0.0 128.0 128.0 128.0 0.0 2 2.0 2.0
105000.0 110000.0 11 3 601.9853471721823 601.9853471721823 591.1708332441359 9031.82072741504 9031.82072741504 916.5178715380077 916.5178715380077 18.87987427097902 1607448.2817704903 1497421.5278432192 0.0 78.61417128328549 10.814513928046367 897.6379972670287 999.0830000000133 133.47200000000885 801.3062688210233 316.195612240383 1500.0 1500.0 1500.0 0.0 128.0 128.0 128.0 0.0 4 4.0 3.0
110000.0 115000.0 9 2 361.37500783075865 361.37500783075865 353.705425636236 6393.463150439812 6393.463150439812 518.8742912197952 518.8742912197952 12.604221851589998 948398.865361568 867473.6192888392 0.0 46.385828716714514 7.6695821945226506 506.2700693682051 997.4049999999988 183.63807421876118 746.0094383680553 308.5138252261568 1500.0 1500.0 1500.0 0.0 128.0 128.0 128.0 0.0 2 2.0 2.0
115000.0 120000.0 9 2 414.02692018240276 414.02692018240276 406.92598564126916 5924.14187965531 5924.14187965531 610.5942118284556 610.5942118284556 12.685965204836133 1115800.6263882732 1059212.252928414 0.0 39.716758683939354 7.100934541133558 597.9082466236194 999.4219999999914 257.29209765626 705.7952265624998 276.30388294598185 1500.0 1500.0 1500.0 0.0 128.0 128.0 128.0 0.0 3 3.0 3.0
120000.0 125000.0 9 2 409.26413667106453 409.26413667106453 401.9384924025136 6109.345111192494 6109.345111192494 588.8698237878256 588.8698237878256 12.195951070975099 1086927.1805581043 1026581.5540179638 0.0 42.283241316060646 7.325644268550923 576.6738727168504 999.3580000000075 285.75493945312337 713.3039939236122 256.79159221370077 1500.0 1500.0 1500.0 0.0 128.0 128.0 128.0 0.0 2 2.0 2.0
125000.0 130000.0 8 3 371.9480474335877 371.9480474335877 364.10798013233375 6539.354091910601 6539.354091910601 535.0340837588207 535.0340837588207 15.135472068634618 974000.6877937755 915040.366286204 0.0 35.51632913716351 7.840067301253935 519.898611690186 994.4619999999995 544.3891132812423 780.3127597656239 160.4177551002842 1500.0 1500.0 1500.0 0.0 128.0 128.0 128.0 0.0 3 3.0 3.0
130000.0 135000.0 8 2 469.6666275148313 469.6666275148313 462.38410889773536 6072.51480623817 6072.51480623817 625.6928699936038 625.6928699936038 12.048406808890242 1066936.7859262673 1012965.1074338388 0.0 33.48367086283649 7.282518617095971 613.6444631847136 998.7209999999905 248.24403515624 743.4952890624954 315.97765868517257 1500.0 1500.0 1500.0 0.0 128.0 128.0 128.0 0.0 2 2.0 2.0
135000.0 140000.0 9 2 467.7463064599109 467.7463064599109 460.0238957133847 6442.124374737448 6442.124374737448 692.538670405237 692.538670405237 13.961451918354125 1162371.0250082018 1100457.2986438442 0.0 40.28384871089759 7.722410746526212 678.5772184868829 999.6089999999967 377.39599609375 702.3146440972245 287.6860254594642 1500.0 1500.0 1500.0 0.0 128.0 128.0 128.0 0.0 3 3.0 3.0
140000.0 145000.0 8 2 393.0852479404492 393.0852479404492 386.00143950955123 5897.609481393766 5897.609481393766 532.0126988416076 532.0126988416076 10.488656805740769 945660.8434382533 895175.5698026109 0.0 27.71615128910241 7.083808430897998 521.5240420358668 999.3340000000026 130.28592187500908 683.2777463378916 345.2532754777258 1500.0 1500.0 1500.0 0.0 128.0 128.0 128.0 0.0 2 2.0 2.0
145000.0 150000.0 10 2 346.78678390963927 346.78678390963927 338.62626393766686 6817.626377017357 6817.626377017357 506.2589357369698 506.2589357369698 15.0 1006061.8924877959 1004934.8924877959 0.0 3.0 8.160519971972388 491.2589357369698 999.6430000000109 156.0199550781108 686.4963234375027 349.29527834351376 1500.0 1500.0 1500.0 0.0 128.0 128.0 128.0 0.0 3 3.0 3.0
150000.0 155000.0 9 3 422.3822110147084 422.3822110147084 414.3547657604237 6709.108904107703 6709.108904107703 610.7357414588073 610.7357414588073 13.054890508569363 1198807.7575882513 1185473.7575882513 0.0 12.0 8.027445254284682 597.680850950238 999.5430000000051 365.679931640625 736.7050807291655 258.09881368594813 1500.0 1500.0 1500.0 0.0 128.0 128.0 128.0 0.0 3 3.0 2.0
155000.0 160000.0 10 3 459.81957369103907 459.81957369103907 451.5325589166304 6909.733032017377 6909.733032017377 649.4028858898574 649.4028858898574 15.723780216743403 1256591.6248305836 1248705.6248305836 0.0 7.0 8.287014774408664 633.679105673114 999.9079999999958 350.16792578125023 679.5490960937489 236.70936283066968 1500.0 1500.0 1500.0 0.0 128.0 128.0 128.0 0.0 3 3.0 3.0
160000.0 165000.0 9 2 419.16363635953905 419.16363635953905 411.5456722703885 6352.002505803245 6352.002505803245 582.9744270174091 582.9744270174091 13.619965451453162 1047805.4560571446 1016396.4560571446 0.0 22.0 7.6179640891506075 569.3544615659558 999.5229999999865 148.98604101565434 654.1832287326494 366.3978776292101 1500.0 1500.0 1500.0 0.0 128.0 128.0 128.0 0.0 2 2.0 2.0
165000.0 170000.0 8 2 350.2997994673507 350.2997994673507 342.4082726342058 6582.9222588042685 6582.9222588042685 507.0646326714974 507.0646326714974 13.073216676200557 961396.4677917602 949801.4677917602 0.0 7.0 7.891526833144875 493.99141599529696 998.2949999999837 253.137000000017 743.4316215820363 284.89850520090584 1500.0 1500.0 1500.0 0.0 128.0 128.0 128.0 0.0 3 3.0 3.0
170000.0 175000.0 8 2 412.19912836424095 412.19912836424095 405.2149682917017 5814.88433856038 5814.88433856038 538.1370747461706 538.1370747461706 11.33625817056153 1002749.7196080114 964237.7196080114 0.0 24.0 6.984160072539188 526.800816575609 997.7280000000028 175.9950019531243 789.6583896484372 302.4761735086595 1500.0 1500.0 1500.0 0.0 128.0 128.0 128.0 0.0 2 2.0 2.0
175000.0 180000.0 5 1 12.916634549327012 12.916634549327012 10.724745572855028 1797.3489607070264 1797.3489607070264 16.622598227998825 16.622598227998825 4.857297537503713 24202.120529804935 24202.120529804935 0.0 0.0 2.1918889764719833 11.765300690495112 880.4400000000023 190.09788476559334 555.2556406249874 328.4560896156326 0.0 0.0 0.0 0.0 0.0 0.0 0.0 0.0 0 0.0 3.0
180000.0 185000.0 11 3 546.3336346184449 546.3336346184449 536.1878331946739 8489.097391660192 7649.097391660193 773.7942222886381 773.7942222886381 17.792490708985945 1342274.986212443 1264076.4853355014 1.0 47.936293538739804 10.145801423771072 756.0017315796521 998.5020000000368 286.16468164062826 754.2636938920583 313.91013609164787 1500.0 1500.0 1500.0 0.0 128.0 128.0 128.0 0.0 4 4.0 2.0
185000.0 190000.0 19 4 642.9559241701845 640.9559241701845 627.5125593458831 11665.980589216919 11665.980589216919 935.5207415983709 935.5207415983709 26.30959947420007 1759270.4629334603 1709455.2010580772 1.0 32.652872709332776 13.443364824301508 907.2111421241709 997.6760000000359 0.0 612.8509481907929 398.0752587625205 1500.0 1500.0 1500.0 0.0 128.0 128.0 128.0 0.0 4 4.0 3.0
190000.0 195000.0 9 3 387.2154250128982 387.2154250128982 378.77051278845886 6209.241229780262 6209.241229780262 555.5187492049092 555.5187492049092 13.266579728294142 1064413.168144634 1031918.9308969588 0.0 16.41083375192742 7.444912224439301 541.2521694766151 999.630999999994 273.3159999999916 625.2391019965257 332.0252725478614 1500.0 1500.0 1500.0 0.0 128.0 128.0 128.0 0.0 2 2.0 2.0
195000.0 200000.0 9 2 393.2385944785072 393.2385944785072 385.8186490939413 6188.060829287955 6188.060829287955 589.9109756620632 589.9109756620632 12.873969241643662 1064029.4918023276 987844.5205879696 0.0 45.840503304631675 7.4199453845658905 577.0370064204195 994.8800000000047 398.194091796875 754.0772456597252 255.98273993370663 1500.0 1500.0 1500.0 0.0 128.0 128.0 128.0 0.0 3 3.0 3.0
200000.0 205000.0 11 3 530.5910131589334 530.5910131589334 522.0450370160112 7144.6199600546715 7144.6199600546715 737.9244941239551 737.9244941239551 16.091952285844457 1438232.5557688498 1383323.5269832078 0.0 34.159496695368325 8.545976142922228 721.8325418381107 999.9830000000075 158.55400000003283 756.3129912997167 280.72152698718196 1500.0 1500.0 1500.0 0.0 128.0 128.0 128.0 0.0 3 3.0 2.0
205000.0 210000.0 8 2 407.9489548721625 407.9489548721625 399.24867652932346 7253.878646730461 7253.878646730461 580.6154929902909 580.6154929902909 14.222976058528637 1046865.6805535674 1015321.3495062107 0.0 19.434690281321082 8.700278342838999 566.3925169317622 998.9260000000068 339.27799999999115 770.4721115722568 277.7889058486401 1500.0 1500.0 1500.0 0.0 128.0 128.0 128.0 0.0 3 3.0 3.0
210000.0 215000.0 9 2 376.8350698950129 376.8350698950129 369.06186583906765 6480.58522665927 6480.58522665927 566.0094261695901 566.0094261695901 12.250506340255637 1012278.566155206 969658.8972025627 0.0 23.565309718678915 7.773204055945273 553.7589198293346 999.2580000000016 56.531021484406665 668.2435796440986 371.20052534359263 1500.0 1500.0 1500.0 0.0 128.0 128.0 128.0 0.0 2 2.0 2.0
215000.0 220000.0 9 2 436.39202158952634 436.39202158952634 428.8655039883106 6281.536126610269 6281.536126610269 608.1415648041266 608.1415648041266 13.102706942607078 1122706.1950368374 1101389.6902017305 0.0 14.457136048348112 7.526517601215727 595.0388578615195 999.4880000000412 261.84589062500163 688.5674301215331 287.0223786579347 1500.0 1500.0 1500.0 0.0 128.0 128.0 128.0 0.0 3 3.0 3.0
220000.0 225000.0 8 2 353.8239536432983 353.8239536432983 347.8239536432983 5004.0 5004.0 508.2335160359923 508.2335160359923 10.423810658608648 970728.5582543891 934676.0630894963 0.0 25.54286395165189 6.0 497.8097053773837 995.1480000000156 113.72000000000116 758.2225024414038 343.53857406780185 1500.0 1500.0 1500.0 0.0 128.0 128.0 128.0 0.0 2 2.0 2.0
225000.0 230000.0 8 2 337.3451689787772 337.3451689787772 328.9562027904648 6992.278527582499 6992.278527582499 506.304448056229 506.304448056229 13.777932376624932 1025783.9675681411 1010553.9675681411 0.0 10.0 8.388966188312466 492.5265156796041 999.7649999999849 263.17699999999604 767.7180043945409 292.0413850083376 1500.0 1500.0 1500.0 0.0 128.0 128.0 128.0 0.0 3 3.0 3.0
230000.0 235000.0 7 2 235.65483102122278 235.65483102122278 231.04379720953523 3835.7214724175014 3835.7214724175014 313.695551943771 313.695551943771 8.222067623375068 603053.0324318589 584012.0324318589 0.0 13.0 4.611033811687534 305.4734843203959 999.8349999999919 225.50388476561056 729.3394235491079 340.1365392439887 1500.0 1500.0 1500.0 0.0 128.0 128.0 128.0 0.0 1 1.0 2.0
235000.0 240000.0 10 3 574.165787826944 574.165787826944 563.5705436101175 8847.55379736403 8847.55379736403 822.5861282853508 822.5861282853508 19.1904884336528 1455563.3833484112 1388359.2529705102 0.0 45.33438788033207 10.5952442168264 803.3956398516979 999.8680000000168 405.269287109375 781.0198228515743 266.3328528093985 1500.0 1500.0 1500.0 0.0 128.0 128.0 128.0 0.0 4 4.0 3.0
240000.0 245000.0 9 2 434.85842705487903 434.85842705487903 427.69318697406896 5968.043326697869 5968.043326697869 583.6776022988358 583.6776022988358 11.56999586398366 1052640.7092815822 1003238.839659483 0.0 32.66561211966793 7.165240080810062 572.1076064348522 999.5730000000331 88.40971289062873 670.3761987847392 357.8348301198704 1500.0 1500.0 1500.0 0.0 128.0 128.0 128.0 0.0 2 2.0 2.0
245000.0 250000.0 11 4 422.8151269462552 421.8151269462552 411.0862255018478 9463.465670739024 9463.465670739024 626.058963167629 626.058963167629 19.986086530400332 1125186.2372347638 1110068.2372347638 0.0 9.0 10.72890144440739 605.0728766372287 997.3840000000782 238.4869824218913 707.0225587713226 320.3618476765389 1500.0 1500.0 1500.0 0.0 128.0 128.0 128.0 0.0 3 3.0 3.0
250000.0 255000.0 11 3 523.8584885604412 523.8584885604412 514.4920478714034 6985.12896942785 6985.12896942785 765.0775745164377 765.0775745164377 17.537168818585542 1386542.0279721208 1333955.0279721208 0.0 30.0 8.366440689037706 746.5404056978523 999.9729999999981 115.89111523434985 670.6010656960214 301.15169630395394 1500.0 1500.0 1500.0 0.0 128.0 128.0 128.0 0.0 3 3.0 2.0
255000.0 260000.0 9 2 392.0598445767457 392.0598445767457 384.24559791130577 6517.009783042308 6517.009783042308 554.1389220054419 554.1389220054419 12.41820721396056 1025973.0828725393 962107.6189717337 0.0 38.26764119279209 7.814246665439918 541.7207147914813 999.8730000000214 355.197265625 771.3513862847337 244.0890408678412 1500.0 1500.0 1500.0 0.0 128.0 128.0 128.0 0.0 3 3.0 3.0
260000.0 265000.0 9 2 382.154244415279 382.154244415279 374.50077091396224 6381.665675532497 6381.665675532497 536.0932228187385 536.0932228187385 13.621599737255345 1031487.0766089559 977167.5405097615 0.0 31.732358807207905 7.653473501316766 522.4716230814831 998.9180000000051 158.29573437501676 620.1265470920157 323.28723095157005 1500.0 1500.0 1500.0 0.0 128.0 128.0 128.0 0.0 2 2.0 2.0
265000.0 270000.0 8 2 450.5006945987719 450.5006945987719 443.68822963026093 5683.1194731701435 5683.1194731701435 619.3690770333816 619.3690770333816 12.100530992662582 1097024.0227790303 1063388.3768395204 0.0 18.27202313269827 6.812464968510896 607.268546040719 996.8929999999818 272.9327128906152 719.6013452148545 284.979693006958 1500.0 1500.0 1500.0 0.0 128.0 128.0 128.0 0.0 3 3.0 3.0
270000.0 275000.0 9 2 375.67648905442763 375.67648905442763 367.9922937336462 6399.582951473321 6399.582951473321 477.16637158514504 477.16637158514504 12.396129296629713 941106.3947790537 926481.0407185638 0.0 10.727976867301729 7.684195320781402 464.7702422885153 998.5520000000251 151.74791601562174 648.478228732646 327.7866745654237 1500.0 1500.0 1500.0 0.0 128.0 128.0 128.0 0.0 2 2.0 2.0
275000.0 280000.0 9 2 412.68657711322805 412.68657711322805 405.09803522456866 6336.779324216513 6336.779324216513 570.7362788315052 570.7362788315052 12.628536795190803 1112153.8805240681 1088882.6222009554 0.0 16.834969635816748 7.588541888659408 558.1077420363143 996.869000000006 179.49789257813245 743.4110735677273 294.243254893187 1500.0 1500.0 1500.0 0.0 128.0 128.0 128.0 0.0 3 3.0 3.0
280000.0 285000.0 9 2 359.80263781710767 359.80263781710767 352.38802527147254 6175.807311905006 6175.807311905006 488.79098402873916 488.79098402873916 12.374617639103734 940254.6598953437 916588.9182184566 0.0 18.165030364183252 7.414612545635129 476.4163663896354 999.9030000000494 248.8969999999972 663.1045763888914 314.9158170301008 1500.0 1500.0 1500.0 0.0 128.0 128.0 128.0 0.0 2 2.0 2.0
285000.0 290000.0 10 2 396.2540037535857 396.2540037535857 388.33589942293213 6613.157795481731 6613.157795481731 565.3468879438715 565.3468879438715 12.601530064627868 1051150.1265303197 1011749.2151046348 0.0 25.970051155342755 7.918104330653657 552.7453578792434 997.4579999999842 175.53804296872113 775.0602197265601 300.7527552151915 1500.0 1500.0 1500.0 0.0 128.0 128.0 128.0 0.0 3 3.0 3.0
290000.0 295000.0 12 4 429.7166923917366 429.22470587143926 418.7182795051169 8182.6568944260625 8182.6568944260625 578.8059478271018 578.8059478271018 17.40070198769664 1086559.9850529537 1040250.0814146599 0.0 30.563241770517624 9.506426366322339 559.9132593191079 998.3389999999781 257.9319628906087 655.4739073893239 306.04362864736794 1500.0 1500.0 1500.0 0.0 128.0 128.0 128.0 0.0 3 3.0 2.0
295000.0 300000.0 11 3 607.5140009246314 607.0059874449288 597.556081614367 8144.899039011787 8144.899039011787 901.3577987648898 901.3577987648898 17.72110339969472 1680235.0626488496 1359005.877712828 0.0 185.46670707413963 9.449905830561796 883.1286818854924 997.4839999999967 207.86395117186476 741.1502672230073 286.0035398149192 1500.0 1500.0 1500.0 0.0 128.0 128.0 128.0 0.0 3 3.0 3.0
300000.0 305000.0 1 1 11.936984965966776 11.936984965966776 11.634782814929642 251.129987511858 251.129987511858 19.794240892932248 19.794240892932248 0.4533032265557003 40963.350472007936 40963.350472007936 0.0 0.0 0.30220215103713355 19.340937666376547 150.70201757812174 150.70201757812174 150.70201757812174 0.0 0.0 0.0 0.0 0.0 0.0 0.0 0.0 0.0 0 0.0 0.0
