ts te nbins ncons c_pkts_all c_ack_cnt c_ack_cnt_p c_bytes_all c_bytes_uniq s_pkts_all s_ack_cnt s_ack_cnt_p s_bytes_all s_bytes_uniq c_pkts_retx s_pkts_retx c_pkts_data s_pkts_data max_bin_duration min_bin_duration avg_bin_duration std_bin_duration max_video_rate min_video_rate avg_video_rate std_video_rate max_audio_rate min_audio_rate avg_audio_rate std_audio_rate video_reqs audio_reqs media_reqs
0.0 5000.0 0 0 0.0 0.0 0.0 0.0 0.0 0.0 0.0 0.0 0.0 0.0 0.0 0.0 0.0 0.0 0.0 0.0 0.0 0.0 0.0 0.0 0.0 0.0 0.0 0.0 0.0 0.0 0  
5000.0 10000.0 0 0 0.0 0.0 0.0 0.0 0.0 0.0 0.0 0.0 0.0 0.0 0.0 0.0 0.0 0.0 0.0 0.0 0.0 0.0 0.0 0.0 0.0 0.0 0.0 0.0 0.0 0.0 0  
10000.0 15000.0 0 0 0.0 0.0 0.0 0.0 0.0 0.0 0.0 0.0 0.0 0.0 0.0 0.0 0.0 0.0 0.0 0.0 0.0 0.0 0.0 0.0 0.0 0.0 0.0 0.0 0.0 0.0 0  
15000.0 20000.0 12 4 127.03064418461244 122.03064418461244 108.00866633229846 13274.021838897463 13274.021838897463 222.3152459143954 222.3152459143954 18.021977852313977 270699.5535097742 179916.80795167343 1.0 67.20438638806462 14.021977852313979 198.29326806208144 995.4759999999951 0.0 569.1591531575486 440.12271338712037 840.0 840.0 840.0 0.0 128.0 128.0 128.0 0.0 2 2.0 3.0
20000.0 25000.0 16 4 222.72583498768137 222.72583498768137 213.74781283999533 7474.978161102537 7474.978161102537 320.9372623667987 320.9372623667987 8.978022147686021 460485.95808389754 321644.52444291866 0.0 101.41859875413515 8.978022147686021 311.9592402191127 999.3700000000026 0.0 600.5206900634757 376.99276606820297 288.0 288.0 288.0 0.0 128.0 128.0 128.0 0.0 5 1.0 2.0
25000.0 30000.0 15 4 186.53015940127221 186.53015940127221 179.74423077712527 4821.890453262172 4821.890453262172 284.95931614888906 284.95931614888906 6.785928624146962 404180.2948014254 236640.96793433814 0.0 116.93429589733306 5.785928624146962 278.1733875247421 999.4830000000002 0.0 613.6968078124987 344.8804347286027 288.0 288.0 288.0 0.0 128.0 128.0 128.0 0.0 3 1.0 3.0
30000.0 35000.0 14 3 166.4896542914531 166.4896542914531 158.01832975015265 7058.576182104261 7058.576182104261 219.53776612344194 219.53776612344194 8.47132454130043 286359.25567565963 215474.92797005645 0.0 52.25688594030299 8.47132454130043 211.06644158214147 998.6029999999955 182.3819999999978 653.18014829799 325.796299587268 288.0 288.0 288.0 0.0 128.0 128.0 128.0 0.0 1 4.0 2.0
35000.0 40000.0 15 3 252.66552063003593 252.66552063003593 243.011675314583 8071.307366754567 8071.307366754567 329.52937859146823 329.52937859146823 9.653845315452969 438289.8984527643 326313.98585511127 0.0 80.87601064314086 9.653845315452969 319.87553327601523 999.7909999999974 19.90087890625 673.269938020833 402.172239217584 288.0 288.0 288.0 0.0 128.0 128.0 128.0 0.0 3 5.0 3.0
40000.0 45000.0 15 3 267.8795841911032 267.8795841911032 257.9387227380355 8293.724302346194 8293.724302346194 352.5044978183791 352.5044978183791 9.940861453067765 470525.49083738 379823.7001139791 0.0 64.68592030046909 9.940861453067765 342.56363636531137 995.2569999999978 8.79296875 721.5486494791655 301.40093416211545 288.0 288.0 288.0 0.0 128.0 128.0 128.0 0.0 3 4.0 2.0
45000.0 50000.0 14 3 233.78325631680315 233.78325631680315 225.92085955156622 6566.465857929597 6566.465857929597 285.45997495982897 285.45997495982897 7.862396765236902 380524.3985558393 279548.63256032753 0.0 72.71521276776676 7.862396765236902 277.5975781945921 997.9860000000044 21.008056640625 664.2856600167433 357.2876477961571 288.0 288.0 288.0 0.0 128.0 128.0 128.0 0.0 3 3.0 3.0
50000.0 55000.0 15 3 301.49419126351916 300.49419126351916 291.34022667902883 6783.074682144521 6783.074682144521 394.97674443190255 394.97674443190255 8.153964584490307 535185.5158947959 405020.599655433 0.0 92.58313168571516 8.153964584490307 386.8227798474122 997.8990000000049 27.19199999999546 626.0561877604176 391.54636300208875 3000.0 288.0 2096.0 1565.773930042265 128.0 128.0 128.0 0.0 3 3.0 2.0
55000.0 60000.0 15 4 309.28768063380375 307.28768063380375 290.71923097329187 14812.650705740873 14812.650705740873 418.8167793429393 418.8167793429393 18.568449660511877 572340.4557074499 486563.55935192993 0.0 61.269211682514275 16.568449660511877 398.24832968242737 995.4980000000069 88.322998046875 670.3628753906271 322.47134595397574 480.0 288.0 352.0 99.14837366290988 128.0 128.0 128.0 0.0 6 4.0 3.0
60000.0 65000.0 16 4 325.8832079210049 325.8832079210049 315.3199788652121 7981.310449717817 7981.310449717817 474.66817649609 474.66817649609 9.569012753724705 654440.9212844274 426594.90919752355 0.0 163.73000863350273 9.56322905579279 464.09916374236525 999.375 5.749267578125 676.0096967773452 348.6342364746993 480.0 480.0 480.0 0.0 128.0 128.0 128.0 0.0 3 3.0 2.0
65000.0 70000.0 11 3 231.55225256708604 231.55225256708604 223.49712348846148 6728.757135258391 5887.757135258391 329.90509329008086 329.90509329008086 9.049345380692653 442293.2212753813 349752.95177439286 1.0 66.13004095898988 8.055129078624567 320.85574790938824 994.9109999999782 22.8759765625 652.519612748578 393.66037515855857 288.0 288.0 288.0 0.0 128.0 128.0 128.0 0.0 2 3.0 3.0
70000.0 75000.0 12 3 194.654172266514 194.654172266514 186.30640818818713 6955.673116580783 6955.673116580783 271.6621327021112 271.6621327021112 8.34776407832683 360386.6743479868 265449.6137201518 0.0 68.14635671469938 8.34776407832683 263.31436862378433 995.1600000000035 112.9050156250014 700.7690104166626 298.2240620691425 288.0 288.0 288.0 0.0 128.0 128.0 128.0 0.0 3 2.0 2.0
75000.0 80000.0 13 3 214.57149895270874 214.57149895270874 205.25270615291404 7776.352232692622 7776.352232692622 263.02414564788063 263.02414564788063 9.318792799794695 345886.5607869379 291149.28522381006 0.0 39.87046353484738 9.318792799794695 253.70535284808594 996.5449999999983 15.513000000020838 765.5679890324548 320.28079596492995 288.0 288.0 288.0 0.0 128.0 128.0 128.0 0.0 3 4.0 3.0
80000.0 85000.0 15 3 205.72296080741535 205.72296080741535 197.58056158994117 6797.049061813239 6797.049061813239 250.08222991101007 250.08222991101007 8.142399217474187 330571.7903716452 260873.0819211903 0.0 49.784791750324885 8.142399217474187 241.9398306935359 999.8390000000218 6.620039062501746 721.4888712239588 385.6283127032458 288.0 288.0 288.0 0.0 128.0 128.0 128.0 0.0 3 3.0 2.0
85000.0 90000.0 17 4 253.4465450349275 251.4465450349275 240.5002840246449 9614.98404477264 8773.98404477264 366.7529393017366 366.7529393017366 11.946261010282573 485738.3990149568 354150.1370936332 2.0 96.71588669635055 10.946261010282573 352.8066782914541 996.0130000000063 22.009277343764552 657.9034203814381 366.8020376298809 288.0 288.0 288.0 0.0 128.0 128.0 128.0 0.0 3 3.0 3.0
90000.0 95000.0 17 4 210.6916738818079 210.6916738818079 201.48305447870436 7679.736190719549 6838.736190719549 302.38136805460397 302.38136805460397 9.189653815497147 398438.9501500948 267132.67736163235 1.0 95.71878095349666 9.20861940310352 291.19171423910683 995.4850000000006 18.926025390625 590.8992319623152 372.2708201905024 288.0 288.0 288.0 0.0 128.0 128.0 128.0 0.0 3 2.0 2.0
95000.0 100000.0 16 5 213.4254300590497 213.3964911591913 205.56062583236866 5701.341684851443 5681.865805246736 273.0548703107155 273.0548703107155 7.88376981428743 363814.80669957516 252736.89291986995 0.02893889985840443 81.21097653424395 6.835865326822654 265.1421615965696 999.6849999999977 21.485107421875 691.9101789550768 377.10631926400663 288.0 288.0 288.0 0.0 128.0 128.0 128.0 0.0 3 2.0 3.0
100000.0 105000.0 19 5 185.08399349600327 183.1129323958617 171.96776331029074 10087.106533311333 9433.58241291604 241.26325944285605 241.26325944285605 13.11623018571257 310961.50774718757 239797.28351522752 0.9710611001415955 53.78340775980268 11.145169085570974 226.1759681570019 999.2259999999951 152.87600000000384 629.3345750411183 313.11122638518685 288.0 288.0 288.0 0.0 128.0 128.0 128.0 0.0 2 1.0 2.0
105000.0 110000.0 16 5 224.85196371555242 223.85196371555242 214.1163246779053 6446.224010870646 6446.224010870646 302.5826533707549 302.5826533707549 9.73563903764713 400000.9254136449 306505.145394919 0.0 66.70127144194709 7.735639037647131 291.8470143331078 999.8070000000007 109.10899999999674 805.2745742187508 256.08193522354065 288.0 288.0 288.0 0.0 128.0 128.0 128.0 0.0 3 2.0 3.0
110000.0 115000.0 11 3 271.2297753976459 271.2297753976459 258.96541443529304 10258.775989129354 9418.775989129354 356.5861657741172 356.5861657741172 12.26436096235287 472610.42138917604 385440.31604188203 1.0 62.26436096235287 12.26436096235287 344.3218048117643 994.7829999999958 157.74392187499325 722.4286292613622 360.1183808825282 288.0 288.0 288.0 0.0 128.0 128.0 128.0 0.0 2 7.0 2.0
115000.0 120000.0 8 3 139.18186349055384 139.18186349055384 131.6488506355792 6284.131462148862 6284.131462148862 210.8577281814257 210.8577281814257 7.5330128549746185 279092.24427082436 279092.24427082436 0.0 0.0 7.5330128549746185 203.3247153264511 827.198000000004 21.98388671875 361.446615478515 291.1535918792516 480.0 288.0 352.0 110.85125168440814 128.0 128.0 128.0 0.0 3 3.0 3.0
120000.0 125000.0 8 3 192.81813650944616 192.81813650944616 185.3511493644208 6220.868537851138 6220.868537851138 288.1422718185743 288.1422718185743 7.4669871450253815 395120.75572917564 395120.75572917564 0.0 0.0 7.4669871450253815 280.6752846735489 654.258962890628 53.29911328124581 301.98988452148114 224.86326036628873 480.0 480.0 480.0 0.0 128.0 128.0 128.0 0.0 2 2.0 2.0
125000.0 130000.0 8 3 344.00470703227825 344.00470703227825 334.6644599191594 7782.884110317915 7782.884110317915 539.4140868738324 539.4140868738324 9.340247113118846 762902.7030865161 753010.5289190309 0.0 7.065838691060864 9.340247113118846 530.0738397607136 958.2110000000102 60.23300000000745 540.3058679199203 367.3846597839542 1500.0 840.0 1170.0 381.051177665153 128.0 128.0 128.0 0.0 4 3.0 3.0
130000.0 135000.0 9 2 525.4466317488638 525.4466317488638 518.076232232251 6152.0590586566095 6152.0590586566095 683.2201389802623 683.2201389802623 6.659752886881155 976996.1268985061 943488.3010659913 0.0 23.934161308939135 7.37039951661273 676.5603860933811 999.310999999987 159.55101367188036 756.4514468315982 319.3851903613841 1500.0 1500.0 1500.0 0.0 128.0 128.0 128.0 0.0 2 2.0 2.0
135000.0 140000.0 10 2 509.70985523139234 509.70985523139234 501.93350104750425 6482.036186191852 6482.036186191852 754.6080244969869 754.6080244969869 8.487000813619664 1072109.7939768536 1052360.8477955924 0.0 15.554247272329574 7.776354183888089 746.1210236833673 999.3700000000244 123.01699999999255 743.2523097656231 315.87914808921266 1500.0 1500.0 1500.0 0.0 128.0 128.0 128.0 0.0 3 3.0 3.0
140000.0 145000.0 11 2 510.72256680926813 510.72256680926813 502.9978959616128 6449.248183627209 6449.248183627209 751.9456949353286 751.9456949353286 7.724670847655376 1084522.2010680237 983336.7230140793 0.0 71.9858126629709 7.724670847655376 744.2210240876733 996.7220000000088 12.008056640625 508.46663245738915 376.2151492928351 1500.0 1500.0 1500.0 0.0 128.0 128.0 128.0 0.0 3 3.0 2.0
145000.0 150000.0 10 2 506.6029067725932 506.6029067725932 499.7722595126164 5702.897165845407 5702.897165845407 791.4256790717408 791.4256790717408 6.830647259976756 1124172.6836605072 1095825.107895713 0.0 19.459940064699516 6.830647259976756 784.595031811764 999.8669999999984 3.4229433593864087 537.2358095703152 450.07851070219 1500.0 1500.0 1500.0 0.0 128.0 128.0 128.0 0.0 2 2.0 3.0
150000.0 155000.0 11 3 698.5372917734003 698.5372917734003 688.579610694652 8300.87529536101 8300.87529536101 1062.4688133744698 1062.4688133744698 9.957681078748205 1503680.4335812514 1398654.4008634854 0.0 76.18216622697565 9.957681078748205 1052.5111322957214 999.3990000000049 16.921000000002095 699.9170694247136 438.21265815889865 2300.0 2300.0 2300.0 0.0 128.0 128.0 128.0 0.0 4 3.0 2.0
155000.0 160000.0 7 3 741.9084193728697 741.9084193728697 734.9756495500308 5768.871254727881 5768.871254727881 1151.4212019728277 1151.4212019728277 6.93276982283888 1648636.6929616472 1567040.4591675666 0.0 58.414452710057624 6.93276982283888 1144.488432149989 998.9699999999721 314.929999999993 796.8680033482212 313.24865670400817 2300.0 2300.0 2300.0 0.0 128.0 128.0 128.0 0.0 2 2.0 3.0
160000.0 165000.0 10 3 710.4786933992107 710.4786933992107 702.3837497491775 6764.463489430462 6764.463489430462 1186.4593869152677 1186.4593869152677 8.094943650033262 1687862.7415268645 1632659.2091766899 0.0 38.43109453583887 8.094943650033262 1178.3644432652345 999.4629999999597 24.583984375 565.1085082031234 405.8097452842982 2300.0 2300.0 2300.0 0.0 128.0 128.0 128.0 0.0 3 3.0 2.0
165000.0 170000.0 9 2 697.1461866787929 697.1461866787929 689.1562776676324 6659.7360642014555 6659.7360642014555 1055.524100577554 1055.524100577554 7.797514610967964 1563560.3519437818 1432446.9617024788 0.0 92.65242160093074 7.9899090111605915 1047.7265859665863 999.984999999986 11.790999999997439 620.0913231336713 425.5877271249046 2300.0 2300.0 2300.0 0.0 128.0 128.0 128.0 0.0 3 3.0 3.0
170000.0 175000.0 9 2 669.4313327759328 669.4313327759328 662.2347714064423 6006.843628599717 6006.843628599717 1028.423414875342 1028.423414875342 7.388955769683128 1467486.2532155148 1412438.442318839 0.0 39.31986492619712 7.1965613694905 1021.0344591056587 999.127999999997 45.497042968752794 678.8618194444539 387.4751107811993 2300.0 2300.0 2300.0 0.0 128.0 128.0 128.0 0.0 2 2.0 2.0
175000.0 180000.0 9 2 779.643793832698 779.643793832698 770.9506962146302 7249.129184461023 7249.129184461023 1226.9754458402858 1226.9754458402858 8.693097618067778 1731543.2830845437 1664141.4896295948 0.0 49.06628103924924 8.693097618067778 1218.2823482222182 998.5869999999995 437.112060546875 817.2438645833366 201.21588036710955 2300.0 2300.0 2300.0 0.0 128.0 128.0 128.0 0.0 3 3.0 3.0
180000.0 185000.0 10 2 647.9315063463067 647.9315063463067 641.124556718089 5682.338964618424 5682.338964618424 1069.247912454736 1069.247912454736 6.806949628217734 1536212.3194699099 1498905.7246070006 0.0 26.647567759220713 6.806949628217734 1062.4409628265184 999.7460000000428 7.7700000000186265 625.448183593768 407.25843341066303 2300.0 2300.0 2300.0 0.0 128.0 128.0 128.0 0.0 2 2.0 2.0
185000.0 190000.0 12 3 749.2036959214812 749.2036959214812 741.8940424566039 6104.202757003577 6104.202757003577 1205.6421616111736 1205.6421616111736 7.30965346487728 1730957.6767033697 1591532.6051537725 0.0 98.58933682114082 7.30965346487728 1198.3325081462963 999.9610000000102 16.074951171933208 651.1450141601672 419.85807095647266 2300.0 2300.0 2300.0 0.0 128.0 128.0 128.0 0.0 3 3.0 3.0
190000.0 195000.0 11 3 588.4899955867388 588.4899955867388 579.5138801514248 7486.4146569574605 7486.4146569574605 789.793438557356 789.793438557356 8.976115435313975 1134043.3088433188 1039156.768710774 0.0 68.69681438038923 8.976115435313975 780.817323122042 999.8999999999942 2.011962890654104 797.5579007457444 358.6291300514607 2300.0 1500.0 1766.6666666666667 461.8802153517006 128.0 128.0 128.0 0.0 3 3.0 2.0
195000.0 200000.0 9 3 741.0155891919134 741.0155891919134 734.0833496923908 5768.436389608488 5768.436389608488 1214.262163447558 1214.262163447558 6.932239499522546 1741955.4184033573 1631532.0125053627 0.0 79.79671849856764 6.932239499522546 1207.3299239480355 997.7860371093557 514.7351074219332 842.7901271701396 184.2197906258488 2300.0 2300.0 2300.0 0.0 128.0 128.0 128.0 0.0 2 2.0 3.0
200000.0 205000.0 9 2 660.9486284016363 660.9486284016363 652.8808679011588 6741.563610391512 6741.563610391512 1045.2823279022975 1045.2823279022975 8.067760500477455 1513681.385486338 1394410.3047008195 0.0 81.51720056108441 8.067760500477455 1037.2145674018202 999.7950000000419 16.467285156279104 660.872353081614 411.41020601672585 2300.0 2300.0 2300.0 0.0 128.0 128.0 128.0 0.0 3 3.0 2.0
205000.0 210000.0 7 2 724.8399136928309 724.8399136928309 717.0324666836663 6504.181017606645 6504.181017606645 1098.000386369063 1098.000386369063 7.807447009164632 1562601.2598686162 1497645.1078328833 0.0 46.3972514540949 7.807447009164632 1090.1929393598984 999.7779999999912 194.40400000000955 763.6607103794605 359.156030519829 2300.0 2300.0 2300.0 0.0 128.0 128.0 128.0 0.0 2 2.0 3.0
210000.0 215000.0 13 4 768.1395472864207 767.1395472864207 757.7274359357762 8391.68712135273 8391.68712135273 1259.723476668435 1259.723476668435 10.4121113506446 1795376.9877212415 1720020.9545143568 0.0 52.825738004917675 9.4121113506446 1248.3113653177907 999.8760000000184 95.29274218750652 511.9134453125119 392.9859538690524 2300.0 2300.0 2300.0 0.0 128.0 128.0 128.0 0.0 3 3.0 2.0
215000.0 220000.0 11 4 632.405735587439 632.405735587439 622.9021903417141 7091.307853633926 7091.307853633926 1002.0910064918513 1002.0910064918513 9.503545245724863 1411825.7165970234 1371475.1741099597 0.0 28.821816062188425 8.503545245724863 991.5874612461264 999.9599999999919 67.78200000000652 583.1247072088088 344.3421968959985 2300.0 2300.0 2300.0 0.0 128.0 128.0 128.0 0.0 3 3.0 3.0
220000.0 225000.0 10 2 734.5164794535688 734.5164794535688 727.8696268383269 5545.327145300158 5545.327145300158 1187.9816822712646 1187.9816822712646 6.646852615241983 1710099.0700387764 1604047.468324711 0.0 75.75114408147519 6.646852615241983 1181.3348296560227 998.7289999999921 81.24610937500256 665.4046087890689 359.84255218126873 2300.0 2300.0 2300.0 0.0 128.0 128.0 128.0 0.0 2 2.0 2.0
225000.0 230000.0 10 2 719.3382130106793 719.3382130106793 711.1683296672959 6810.838949744502 6810.838949744502 1064.2066234820907 1064.2066234820907 7.997284497220209 1496007.2703526872 1413579.1900587825 0.0 58.87720020993191 8.169883343383503 1056.2093389848703 999.7950000000419 15.510999999998603 697.5211078125081 345.935480732469 2300.0 2300.0 2300.0 0.0 128.0 128.0 128.0 0.0 3 3.0 3.0
230000.0 235000.0 10 2 682.8846470892545 682.8846470892545 675.7113430840311 5986.698510643685 5986.698510643685 1012.0897391176973 1012.0897391176973 6.632759282003713 1484518.7539787753 1379578.266074582 0.0 75.1523618358886 7.173304005223329 1005.4569798356935 998.3340000000026 143.92689843749395 644.617805078128 394.32140197631304 2300.0 2300.0 2300.0 0.0 128.0 128.0 128.0 0.0 2 2.0 2.0
235000.0 240000.0 10 3 712.3366701225256 712.3366701225256 704.993599467471 6133.617208001494 6133.617208001494 1144.1314596374543 1144.1314596374543 8.056214224437518 1631957.363845771 1570733.1625723508 0.0 42.840987576692605 7.343070655054606 1136.0752454130168 998.7099999999919 21.8779296875 714.3062984374992 326.5106106095593 2300.0 2300.0 2300.0 0.0 128.0 128.0 128.0 0.0 3 3.0 3.0
240000.0 245000.0 10 2 644.3169928819048 644.3169928819048 635.3732071063423 7459.3421937168605 7459.3421937168605 1002.6616340751248 1002.6616340751248 8.943785775562482 1394779.2036868045 1349951.7892855825 0.0 32.019581715158665 8.943785775562482 993.7178482995623 999.8360000000102 5.284902343759313 848.8315972656361 309.896704256139 2300.0 2300.0 2300.0 0.0 128.0 128.0 128.0 0.0 3 3.0 2.0
245000.0 250000.0 11 3 861.0499950901362 861.0499950901362 854.1374752758246 5752.266247735526 5752.266247735526 1304.2555208181584 1304.2555208181584 6.912519814311618 1828124.3876914142 1588585.270426542 0.0 172.45262892916605 6.912519814311618 1297.3430010038467 998.9619999999995 462.4400000000023 869.0719236505737 169.08859500099956 2300.0 2300.0 2300.0 0.0 128.0 128.0 128.0 0.0 2 2.0 3.0
250000.0 255000.0 13 3 822.715701616514 822.715701616514 814.6282214308256 6757.733752264474 6757.733752264474 1256.5125132411854 1256.5125132411854 8.087480185688381 1775274.1959270625 1666793.7361875158 0.0 78.44992607399054 8.087480185688381 1248.4250330554971 998.63400000002 86.85995117184939 537.8601440805226 378.3414733999625 2300.0 2300.0 2300.0 0.0 128.0 128.0 128.0 0.0 3 3.0 2.0
255000.0 260000.0 9 2 662.9657940013109 662.9657940013109 654.827849898982 6781.054717692987 6781.054717692987 982.9464029773173 982.9464029773173 8.137944102328944 1396831.7965105665 1300249.1960575636 0.0 68.98757175214479 8.137944102328944 974.8084588749883 999.6020000000135 54.14199999999255 616.1569112413175 435.7195711732347 2300.0 2300.0 2300.0 0.0 128.0 128.0 128.0 0.0 3 3.0 3.0
260000.0 265000.0 11 3 689.941270164442 689.941270164442 682.8371216520804 5932.787263876375 5932.787263876375 1078.483880717169 1078.483880717169 7.104148512361507 1542486.6135562013 1477750.0110895317 0.0 45.351965859389075 7.104148512361507 1071.3797322048074 999.7550000000047 36.73601367184892 518.97906906961 373.9804101234923 2300.0 2300.0 2300.0 0.0 128.0 128.0 128.0 0.0 2 2.0 2.0
265000.0 270000.0 10 3 586.7194328558043 586.7194328558043 579.7241872351934 5833.285670081134 5833.285670081134 1016.0194706501059 1016.0194706501059 6.995245620610871 1438309.9629806166 1399072.3487825973 0.0 28.37604604396002 6.995245620610871 1009.0242250294949 999.9270000000251 145.4319999999716 590.2061341796827 378.3786885813429 2300.0 2300.0 2300.0 0.0 128.0 128.0 128.0 0.0 3 3.0 3.0
270000.0 275000.0 12 3 727.1840386103015 727.1840386103015 719.4213768456029 6472.872348349503 6472.872348349503 1152.8507779407248 1152.8507779407248 7.762661764698676 1623960.2333020873 1483050.064054343 0.0 99.65869231981739 7.762661764698676 1145.0881161760262 999.8520000000717 61.8300000000163 617.5975644531378 376.01162800772255 2300.0 2300.0 2300.0 0.0 128.0 128.0 128.0 0.0 2 2.0 2.0
275000.0 280000.0 10 3 718.6116917123732 718.6116917123732 710.5695722757134 6720.537938061058 6720.537938061058 1141.1377794928312 1141.1377794928312 8.042119436659828 1629635.6033986192 1546611.38509083 0.0 59.34185321465535 8.042119436659828 1133.0956600561715 999.5989999999874 22.174072265625 647.9721962890587 361.18726976109224 2300.0 2300.0 2300.0 0.0 128.0 128.0 128.0 0.0 3 3.0 3.0
280000.0 285000.0 10 2 701.9574067495375 701.9574067495375 693.286430162465 7229.888913921596 7229.888913921596 1060.5854583156724 1060.5854583156724 8.670976587072541 1495768.539942449 1454372.9805875164 0.0 30.37298797300338 8.670976587072541 1051.9144817285999 999.9960000000428 149.47999999998137 740.9114013671991 320.4250656593203 2300.0 2300.0 2300.0 0.0 128.0 128.0 128.0 0.0 3 3.0 2.0
285000.0 290000.0 9 2 607.9164340280337 607.9164340280337 601.3968153852963 5440.581199792483 5440.581199792483 976.432845927032 976.432845927032 6.519618642737343 1397023.1306486472 1339106.7984558174 0.0 41.36880870916397 6.519618642737343 969.9132272842946 999.8040000000037 21.799316406308208 677.1836855468896 408.6949614867418 2300.0 2300.0 2300.0 0.0 128.0 128.0 128.0 0.0 2 2.0 3.0
290000.0 295000.0 12 3 702.8490629597931 702.8490629597931 694.0817776262627 7310.991948224862 7310.991948224862 1082.5285098470567 1082.5285098470567 8.767285333530289 1538557.348630325 1504956.6225723275 0.0 24.00051861285526 8.767285333530289 1073.7612245135265 999.8989999999758 19.993896484375 607.1108033854204 395.35315452053044 2300.0 2300.0 2300.0 0.0 128.0 128.0 128.0 0.0 3 3.0 2.0
295000.0 300000.0 7 2 768.0891722117537 768.0891722117537 761.0891722117537 5824.0 5824.0 1081.2468400727466 1081.2468400727466 6.0 1537124.187412011 1453629.5866954152 0.0 59.639000511854185 7.0 1075.2468400727466 999.7550000000047 441.4910000000382 842.108443359387 260.38912209121065 2300.0 2300.0 2300.0 0.0 128.0 128.0 128.0 0.0 2 2.0 3.0
300000.0 305000.0 0 0 0.0 0.0 0.0 0.0 0.0 0.0 0.0 0.0 0.0 0.0 0.0 0.0 0.0 0.0 0.0 0.0 0.0 0.0 0.0 0.0 0.0 0.0 0.0 0.0 0.0 0.0 0  
