ts te nbins ncons c_pkts_all c_ack_cnt c_ack_cnt_p c_bytes_all c_bytes_uniq s_pkts_all s_ack_cnt s_ack_cnt_p s_bytes_all s_bytes_uniq c_pkts_retx s_pkts_retx c_pkts_data s_pkts_data max_bin_duration min_bin_duration avg_bin_duration std_bin_duration max_video_rate min_video_rate avg_video_rate std_video_rate max_audio_rate min_audio_rate avg_audio_rate std_audio_rate video_reqs audio_reqs media_reqs
0.0 5000.0 0 0 0.0 0.0 0.0 0.0 0.0 0.0 0.0 0.0 0.0 0.0 0.0 0.0 0.0 0.0 0.0 0.0 0.0 0.0 0.0 0.0 0.0 0.0 0.0 0.0 0.0 0.0 0  
5000.0 10000.0 0 0 0.0 0.0 0.0 0.0 0.0 0.0 0.0 0.0 0.0 0.0 0.0 0.0 0.0 0.0 0.0 0.0 0.0 0.0 0.0 0.0 0.0 0.0 0.0 0.0 0.0 0.0 0  
10000.0 15000.0 0 0 0.0 0.0 0.0 0.0 0.0 0.0 0.0 0.0 0.0 0.0 0.0 0.0 0.0 0.0 0.0 0.0 0.0 0.0 0.0 0.0 0.0 0.0 0.0 0.0 0.0 0.0 0  
15000.0 20000.0 5 4 37.45458020839873 34.62080452589265 24.397573346851345 9432.26067510135 8877.74781862106 97.41972324440343 97.41972324440343 13.05700686154738 118207.45664826702 84040.73645696326 1.2188853535332835 23.715354652618817 10.223231179041306 81.52894070034998 928.406999999992 466.3059082031177 616.3817792968723 213.25743254127946 480.0 480.0 480.0 0.0 128.0 128.0 128.0 0.0 2 2.0 1.0
20000.0 25000.0 18 4 211.93617724259266 210.76995292509875 199.0012192314372 9067.12016926818 8642.633025748471 303.63520928993825 303.63520928993825 12.934958011155476 433929.760309614 259016.2739694908 0.7811146464667165 120.69979286982898 11.324189563371927 289.0894828309992 998.7419999999984 27.218999999990046 606.9069479166654 355.25066367575687 288.0 288.0 288.0 0.0 128.0 128.0 128.0 0.0 3 1.0 2.0
25000.0 30000.0 14 4 226.73174897884292 226.73174897884292 219.82749031048544 5276.343153662186 5276.343153662186 284.75624451867355 284.75624451867355 6.9042586683574445 379556.0956047498 267905.1632637234 0.0 80.27352310073312 6.348802798647069 277.2965299806057 999.5199999999968 27.150000000001455 701.8060680803568 324.1653772696791 288.0 288.0 288.0 0.0 0.0 0.0 0.0 0.0 4 0.0 3.0
30000.0 35000.0 11 3 133.08060645200504 133.08060645200504 126.75173271550788 5278.357715116566 5278.357715116566 190.4954378208934 190.4954378208934 6.328873736497176 267172.5544839467 183279.4902036455 0.0 60.488566760641106 6.328873736497176 184.1665640843962 999.4539999999979 91.74108789062302 689.7054699928968 358.41687832386395 288.0 288.0 288.0 0.0 128.0 128.0 128.0 0.0 2 2.0 2.0
35000.0 40000.0 11 3 265.2818024740107 265.2818024740107 253.5068997515682 9832.918286851718 9832.918286851718 391.22377508869647 391.22377508869647 11.774902722442521 524472.3215300341 380091.8602333317 0.0 103.08540671107133 11.774902722442521 379.4488723662539 999.3119999999981 292.5839999999953 800.8041747159077 252.52098743038138 288.0 288.0 288.0 0.0 128.0 128.0 128.0 0.0 2 7.0 3.0
40000.0 45000.0 11 3 130.56747077088724 130.56747077088724 124.89777248980069 4724.082533030856 4724.082533030856 164.21097559814845 164.21097559814845 5.669698281086554 217701.9360640506 162114.55476859922 0.0 39.4881028657555 5.669698281086554 158.5412773170619 999.7960000000021 119.300048828125 678.0822091619339 346.9097726304879 288.0 288.0 288.0 0.0 128.0 128.0 128.0 0.0 2 3.0 2.0
45000.0 50000.0 11 3 230.14577213524242 230.14577213524242 220.815470416329 7780.917466969144 7780.917466969144 316.57891260466954 316.57891260466954 9.330301718913447 426386.26479093 342845.66402281134 0.0 60.59257197722764 9.330301718913447 307.2486108857561 999.8739999999962 111.52392578125 707.76114737216 329.85517811544565 288.0 288.0 288.0 0.0 128.0 128.0 128.0 0.0 3 2.0 3.0
50000.0 55000.0 12 3 149.46491147898064 149.46491147898064 142.34367523678785 5944.838443441933 5944.838443441933 223.6814949055079 223.6814949055079 7.1212362421927775 296076.40642891877 226185.16251247475 0.0 51.318031368888605 7.1212362421927775 216.5602586633151 999.3910000000033 26.52490234375 597.4316891276043 364.2446189397621 288.0 288.0 288.0 0.0 128.0 128.0 128.0 0.0 3 3.0 2.0
55000.0 60000.0 11 3 235.01356675613 235.01356675613 226.57592416595935 7030.178654575724 7030.178654575724 294.67486342615945 294.67486342615945 8.437642590170668 391907.1728756407 288450.63293980295 0.0 74.89752852559836 8.437642590170668 286.23722083598875 997.0800000000017 527.323974609375 862.907616299716 151.01168127047475 288.0 288.0 288.0 0.0 128.0 128.0 128.0 0.0 2 2.0 3.0
60000.0 65000.0 12 3 175.51528061824172 175.51528061824172 166.74774463542073 7321.643050433557 6480.643050433557 245.8416954334261 245.8416954334261 8.767535982820963 323475.25653719925 250762.76776279634 1.0 53.16034912457349 8.767535982820963 237.07415945060515 999.4920000000129 149.51200000000244 714.7438452148477 329.91328874095547 288.0 288.0 288.0 0.0 128.0 128.0 128.0 0.0 3 3.0 2.0
65000.0 70000.0 10 3 190.9135927138634 190.9135927138634 183.61567960390317 6079.3996365954545 6079.3996365954545 282.7088175244024 282.7088175244024 7.297913109960264 385862.661728835 247232.75353571118 0.0 97.02136299508845 7.297913109960264 275.4109044144421 998.0240000000194 204.11099999998987 760.7353970703131 266.49506410177787 288.0 288.0 288.0 0.0 128.0 128.0 128.0 0.0 2 2.0 3.0
70000.0 75000.0 11 2 185.357663196808 185.357663196808 177.8025199946182 6308.875433041618 6308.875433041618 258.1393904996892 258.1393904996892 7.375672074855329 347909.9106180446 266539.1394840384 0.0 55.54912223857586 7.555143202189795 250.76371842483388 994.4269999999815 174.322998046875 729.3300763494269 295.47406308784036 288.0 288.0 288.0 0.0 128.0 128.0 128.0 0.0 3 3.0 2.0
75000.0 80000.0 12 3 200.34392196731045 200.34392196731045 192.5701287432566 6479.647801936395 6479.647801936395 264.88237383235105 264.88237383235105 7.953264351388326 353073.3216240402 264522.9906365016 0.0 63.25023641967046 7.77379322405386 256.9291094809627 998.0460000000021 169.22899999999208 642.2112674153626 314.9502522608129 288.0 288.0 288.0 0.0 128.0 128.0 128.0 0.0 3 3.0 3.0
80000.0 85000.0 10 3 309.24387339895407 309.24387339895407 301.1971377503424 6705.41697997532 6705.41697997532 402.7294974429193 402.7294974429193 8.046735648611675 553075.479106979 536396.3762816172 0.0 11.913644875258466 8.046735648611675 394.68276179430757 998.539999999979 184.3059999999823 555.891079492186 317.56474300220725 8000.0 288.0 5429.333333333333 4452.525275990394 128.0 128.0 128.0 0.0 3 2.0 2.0
85000.0 90000.0 15 5 843.9611548993164 839.9611548993164 821.1164110075516 15071.94132082272 15071.94132082272 1202.3854026305676 1202.3854026305676 19.84474389176477 1787246.4801154195 1593983.9016217375 0.0 133.0965462970419 16.84474389176477 1180.540658738803 998.6990000000078 38.70200000000477 581.2180700520859 328.0058787766743 840.0 840.0 840.0 0.0 128.0 128.0 128.0 0.0 5 5.0 3.0
90000.0 95000.0 13 3 800.0501687616112 800.0501687616112 789.6814379302939 8642.609435641652 8642.609435641652 861.1565986219656 861.1565986219656 9.468501757264137 1208862.0282739766 1151963.2299395357 0.0 40.9280085801889 10.368730831317414 851.6880968647014 999.8389999999927 1.9389999999984866 629.7071228966312 408.69486655911805 2300.0 1500.0 1980.0 438.1780460041329 128.0 128.0 128.0 0.0 5 3.0 2.0
95000.0 100000.0 10 2 689.6991222046239 689.6991222046239 681.52704176084 6812.429190226231 6812.429190226231 1125.7180683989973 1125.7180683989973 9.07230951783699 1618126.9107113814 1580800.121721406 0.0 26.964209065729253 8.172080443783713 1116.6457588811602 999.8589999999967 56.535888671875 749.6659351562514 318.28196530859 2300.0 2300.0 2300.0 0.0 128.0 128.0 128.0 0.0 2 2.0 3.0
100000.0 105000.0 11 2 691.7267492121131 691.7267492121131 684.1123043789789 6362.020053309397 6362.020053309397 1095.6556899879868 1095.6556899879868 7.614444833134102 1587830.4225050728 1534993.1751273107 0.0 37.30930251980502 7.614444833134102 1088.0412451548527 999.8249999999971 11.612999999997555 677.469278409085 409.85912513892225 2300.0 2300.0 2300.0 0.0 128.0 128.0 128.0 0.0 3 3.0 2.0
105000.0 110000.0 9 2 748.1505048427206 748.1505048427206 741.1205541779501 5860.4365789630865 5860.4365789630865 1179.2889531863598 1179.2889531863598 7.029950664770467 1669199.3934220697 1603119.8388976722 0.0 46.24833905170474 7.029950664770467 1172.2590025215895 999.9020000000019 37.18896484375 807.87698394097 333.0222353061349 2300.0 2300.0 2300.0 0.0 128.0 128.0 128.0 0.0 2 2.0 3.0
110000.0 115000.0 9 2 696.9653431821812 696.9653431821812 688.9952938469517 6649.5634210369135 6649.5634210369135 1051.3951209883621 1051.3951209883621 7.9700493352295325 1523709.845788973 1457358.4202860738 0.0 47.39387535921358 7.9700493352295325 1043.4250716531326 999.2520000000077 477.344970703125 811.6970134548642 232.4782179900548 2300.0 2300.0 2300.0 0.0 128.0 128.0 128.0 0.0 3 3.0 2.0
115000.0 120000.0 10 3 793.4664499408609 793.4664499408609 785.404497501432 6716.816612246426 6716.816612246426 1209.7815385620745 1209.7815385620745 8.06195243942902 1755721.3832709955 1603226.5482562573 0.0 108.92488215338436 8.06195243942902 1201.7195861226458 999.4890000000014 175.62299999999232 661.9058943359385 307.5483142497393 2300.0 2300.0 2300.0 0.0 128.0 128.0 128.0 0.0 3 3.0 3.0
120000.0 125000.0 9 2 796.7964250441072 796.7964250441072 789.7514685963307 5883.200670780546 5883.200670780546 1127.3623739712536 1127.3623739712536 7.044956447776411 1611754.5210519463 1537111.9185386049 0.0 53.102326877975806 7.044956447776411 1120.3174175234772 999.4949999999953 104.364990234375 643.963897352427 368.48226801271164 2300.0 2300.0 2300.0 0.0 128.0 128.0 128.0 0.0 2 2.0 2.0
125000.0 130000.0 11 3 667.9602398290353 667.9602398290353 659.4079262705227 7129.0480162677595 7129.0480162677595 1077.9320950402303 1077.9320950402303 8.552313558512777 1546195.130109739 1484083.9931407175 0.0 42.578915609426254 8.552313558512777 1069.3797814817174 999.9590000000026 80.25500000000466 540.4987173295442 397.8271071409302 2300.0 2300.0 2300.0 0.0 128.0 128.0 128.0 0.0 3 3.0 3.0
130000.0 135000.0 13 4 753.9653989641753 752.9653989641753 742.6246214098935 9070.93470070527 7491.934700705269 1091.4418253386464 1091.4418253386464 11.340777554281793 1540592.3470544086 1352843.2621979334 2.0 134.84934632605376 10.340777554281793 1079.1010477843645 999.9979999999923 79.34899999998743 617.7493880709114 377.6266167654224 2300.0 2300.0 2300.0 0.0 128.0 128.0 128.0 0.0 2 2.0 2.0
135000.0 140000.0 14 4 760.9229007044399 760.9229007044399 752.2031074287088 7270.626351614197 7270.626351614197 1242.6708017941332 1242.6708017941332 8.719793275731186 1758207.0433155939 1610990.8780992648 0.0 106.07654658309222 8.719793275731186 1233.951008518402 999.6989999999932 0.0 646.1501425781233 369.87329257043467 2300.0 1500.0 2033.3333333333333 461.8802153517006 128.0 128.0 128.0 0.0 3 3.0 3.0
140000.0 145000.0 12 4 686.2131215789364 686.2131215789364 679.3241600574977 5741.249951400932 5741.249951400932 981.2189488732696 981.2189488732696 6.415075191064422 1386310.1420099628 1281470.9754501283 0.0 75.81418384557045 6.88896152143859 974.8038736822051 998.8090000000084 64.23499999998603 578.5446731770813 375.6903961004094 2300.0 2300.0 2300.0 0.0 128.0 128.0 128.0 0.0 2 3.0 2.0
145000.0 150000.0 13 3 964.5438099807357 964.5438099807357 955.0182764677027 7958.925877555227 7116.925877555227 1287.5897609799658 1287.5897609799658 9.999419843407196 1814401.684364798 1683861.0096776227 1.0 91.70927418800827 9.525533513033029 1277.590341136559 999.4519999999902 29.522999999986496 693.772936448316 337.0573551650223 2300.0 2300.0 2300.0 0.0 128.0 128.0 128.0 0.0 3 2.0 3.0
150000.0 155000.0 11 2 832.9909899951109 832.9909899951109 825.1252783053137 6573.197819429644 6573.197819429644 1189.6030863091937 1189.6030863091937 7.865711689797195 1713355.7939744934 1615417.6731098888 0.0 69.88080061757464 7.865711689797195 1181.7373746193964 998.0100000000093 58.61607812499278 659.982069424716 376.9063913972729 2300.0 2300.0 2300.0 0.0 128.0 128.0 128.0 0.0 3 3.0 2.0
155000.0 160000.0 12 3 777.6048871747344 777.6048871747344 769.8274354943505 6477.694916411486 6477.694916411486 1142.9723818226232 1142.9723818226232 7.237150916215418 1672231.0500373729 1508855.9266624665 0.0 117.61365955350456 7.777451680383787 1135.7352309064077 999.9919999999984 0.0 696.07594010417 365.6260783738479 2300.0 2300.0 2300.0 0.0 128.0 128.0 128.0 0.0 2 2.0 3.0
160000.0 165000.0 11 3 757.6275715799587 757.6275715799587 750.4050232603425 6032.305083588515 6032.305083588515 1154.0860770204774 1154.0860770204774 7.762849083784582 1659527.0097567544 1549269.046070307 0.0 77.75568834746254 7.222548319616213 1146.3232279366928 999.3269999999902 147.84799999999814 700.6385159801152 322.27354052089134 2300.0 2300.0 2300.0 0.0 128.0 128.0 128.0 0.0 3 3.0 2.0
165000.0 170000.0 11 4 749.0970919133246 749.0970919133246 742.0874057304533 5842.039531783174 5842.039531783174 1143.5382382978357 1143.5382382978357 7.009686182871294 1630387.6000477336 1487310.6974649623 0.0 101.70778755912244 7.009686182871294 1136.5285521149644 999.5329999999958 483.0061035155959 785.014561967329 229.37699356918992 2300.0 2300.0 2300.0 0.0 128.0 128.0 128.0 0.0 2 3.0 3.0
170000.0 175000.0 12 3 716.7872079711391 716.7872079711391 707.5701623639009 7695.880536106656 6853.880536106656 1217.6185874384482 1217.6185874384482 9.217045607238255 1717676.739045173 1635126.2428491039 1.0 59.49964014004933 9.217045607238255 1208.4015418312101 998.6760000000359 17.230027343757683 608.6360680338621 375.8346207038506 2300.0 2300.0 2300.0 0.0 128.0 128.0 128.0 0.0 3 2.0 2.0
175000.0 180000.0 11 4 783.4876923912979 783.4876923912979 775.0394800065028 7046.382927379827 7046.382927379827 1221.5181439106887 1221.5181439106887 8.448212384795031 1708242.5103364927 1595133.3646713733 0.0 80.44296118937096 8.448212384795031 1213.0699315258937 999.6910000000207 83.79700000002049 593.334094105127 349.88107315247066 2300.0 2300.0 2300.0 0.0 128.0 128.0 128.0 0.0 3 3.0 3.0
180000.0 185000.0 9 3 629.2501895116309 629.2501895116309 622.3077106860591 5796.332325130537 5796.332325130537 1010.1293026966141 1010.1293026966141 6.9424788255718415 1425533.1860418017 1399385.9311228637 0.0 18.67661065638433 6.9424788255718415 1003.1868238710422 999.6900000000023 189.21100000001024 601.8419318576375 352.26667527657355 2300.0 2300.0 2300.0 0.0 128.0 128.0 128.0 0.0 2 2.0 2.0
185000.0 190000.0 10 3 730.7480795073609 730.7480795073609 722.3323909550157 7015.178383969827 7015.178383969827 1211.057772034932 1211.057772034932 8.415688552345033 1712189.5801362535 1664487.6102230742 0.0 34.072835652270875 8.415688552345033 1202.642083482587 999.6689999999944 33.0 721.3742685546865 348.41930478165 2300.0 2300.0 2300.0 0.0 128.0 128.0 128.0 0.0 3 3.0 3.0
190000.0 195000.0 8 2 769.0549630653015 769.0549630653015 761.6561963201801 6179.827822497951 6179.827822497951 1116.5721153479171 1116.5721153479171 7.398766745121506 1621749.4860898936 1540875.592224217 0.0 56.903310451025945 7.398766745121506 1109.1733486027956 999.8340000000026 431.0529785155959 848.8412473144599 196.4727612336298 2300.0 2300.0 2300.0 0.0 128.0 128.0 128.0 0.0 3 3.0 2.0
195000.0 200000.0 11 3 895.4974196650464 895.4974196650464 887.9292979629895 6302.358473132026 6302.358473132026 1210.6393540327513 1210.6393540327513 7.568121702057038 1752911.7598553817 1572046.6078406058 0.0 129.0360080350116 7.568121702057038 1203.0712323306943 999.8369999999995 66.09899999998743 740.3630245028418 336.16555215010345 2300.0 2300.0 2300.0 0.0 128.0 128.0 128.0 0.0 2 2.0 3.0
200000.0 205000.0 11 3 689.1433219397253 689.1433219397253 681.1433219397253 6686.0 6686.0 1052.2388338751823 1052.2388338751823 8.0 1487389.8866841788 1448133.0010864816 0.0 28.961346855498075 8.0 1044.2388338751823 999.475000000064 172.44599999999627 642.8284273792735 343.3559780525963 2300.0 2300.0 2300.0 0.0 128.0 128.0 128.0 0.0 3 3.0 2.0
205000.0 210000.0 10 3 704.0847055332777 704.0847055332777 696.9640649421732 5932.292931321638 5932.292931321638 1124.7419521397267 1124.7419521397267 7.120640591104413 1621611.8361771493 1485518.3809290258 0.0 96.20961089151676 7.120640591104413 1117.6213115486223 999.2600000000093 136.82600000000093 702.9688386718742 296.785086599686 2300.0 2300.0 2300.0 0.0 128.0 128.0 128.0 0.0 2 2.0 3.0
210000.0 215000.0 13 3 783.5048865353108 783.5048865353108 775.6224449832544 6580.302233219854 6580.302233219854 1250.109244080838 1250.109244080838 7.8824415520565045 1785817.1706692467 1717234.160912692 0.0 49.82429268325335 7.8824415520565045 1242.2268025287813 999.7809999999881 3.080078125 600.0769801682641 398.61996495202703 2300.0 2300.0 2300.0 0.0 128.0 128.0 128.0 0.0 3 3.0 2.0
215000.0 220000.0 10 3 693.508714758855 693.508714758855 685.1838414579341 6937.543319375395 6937.543319375395 1094.1904102054434 1094.1904102054434 8.324873300920896 1571305.3980105394 1470552.8630152172 0.0 70.9660964252299 8.324873300920896 1085.8655369045227 998.2900000000081 19.127000000036787 580.2634898437536 447.9352219398486 2300.0 2300.0 2300.0 0.0 128.0 128.0 128.0 0.0 3 3.0 3.0
220000.0 225000.0 9 4 773.9485842023205 773.9485842023205 766.2765396464022 5569.861516083112 5569.861516083112 1180.9466260277427 1180.9466260277427 6.672044555918186 1731533.7567088972 1592274.8171775818 0.0 99.47067109379671 6.672044555918186 1173.2745814718244 998.1410000000033 117.99800000002142 697.0441141493211 309.3057251803631 2300.0 2300.0 2300.0 0.0 128.0 128.0 128.0 0.0 2 2.0 2.0
225000.0 230000.0 9 3 649.0592410785912 649.0592410785912 640.3551554357127 7256.840111303696 7256.840111303696 1077.9224112323418 1077.9224112323418 8.7040856428785 1537797.9616903465 1497228.262421303 0.0 28.97835662074528 8.7040856428785 1069.2183255894633 998.5729999999749 151.2019960937614 617.5897892795232 387.3634810455035 2300.0 2300.0 2300.0 0.0 128.0 128.0 128.0 0.0 3 3.0 3.0
230000.0 235000.0 9 3 675.5369172443152 675.5369172443152 668.6191408726079 5776.767704977459 5776.767704977459 1100.2904148261061 1100.2904148261061 6.9177763717071965 1586253.788975009 1485289.000493688 0.0 69.0384203438008 6.9177763717071965 1093.3726384543988 999.7920000000449 295.55689257811173 762.5290193142363 262.6713920748317 2300.0 2300.0 2300.0 0.0 128.0 128.0 128.0 0.0 3 2.0 2.0
235000.0 240000.0 9 2 669.2587907309717 669.2587907309717 660.8806527455574 6982.3921837188445 6982.3921837188445 1181.0574865094425 1181.0574865094425 8.378137985414305 1677563.0747539098 1634845.5020355897 0.0 30.512551941657218 8.378137985414305 1172.6793485240282 999.6540000000095 377.83471875000396 802.2314472656258 216.16946544746358 2300.0 2300.0 2300.0 0.0 128.0 128.0 128.0 0.0 2 3.0 3.0
240000.0 245000.0 10 2 692.8832482752896 692.8832482752896 685.4316519643039 6224.24409384999 6224.24409384999 1093.7372901203655 1093.7372901203655 7.451596310985737 1562965.864550612 1519565.8645506117 0.0 31.0 7.451596310985737 1086.2856938093796 999.2750000000233 15.577999999921303 705.1993666015682 405.6279080743654 2300.0 2300.0 2300.0 0.0 128.0 128.0 128.0 0.0 3 3.0 2.0
245000.0 250000.0 10 2 729.5440094100743 729.5440094100743 721.9956057210601 6285.75590615001 6285.75590615001 1129.1866967011124 1129.1866967011124 7.548403689014263 1606954.43539538 1547855.2347627813 0.0 41.2137147375706 7.548403689014263 1121.638293012098 998.4490000000224 186.68400000000838 770.4474076171871 303.06877629885105 2300.0 2300.0 2300.0 0.0 128.0 128.0 128.0 0.0 2 2.0 3.0
250000.0 255000.0 10 3 731.8541473353786 731.8541473353786 724.8408081306225 5855.231610404671 5855.231610404671 1030.3027657613454 1030.3027657613454 7.013339204756142 1443999.4473279065 1255619.0704047952 0.0 133.84512624217047 7.013339204756142 1023.2894265565893 999.3979999999865 13.31005859375 738.2654896484397 336.72032424964726 2300.0 2300.0 2300.0 0.0 128.0 128.0 128.0 0.0 3 3.0 2.0
255000.0 260000.0 14 3 888.6053479340087 888.6053479340087 880.157795446316 7041.917411252319 7041.917411252319 1287.6586301632492 1287.6586301632492 7.908444180141453 1812700.0719235716 1683536.263589446 0.0 92.11075923224332 8.447552487692656 1279.750185983108 999.7079999999842 54.197999999974854 660.3774460100352 367.89802629477634 2300.0 2300.0 2300.0 0.0 128.0 128.0 128.0 0.0 2 3.0 3.0
260000.0 265000.0 12 3 835.4636797476956 835.4636797476956 827.8107754738052 6394.667182000571 6394.667182000571 1262.1483928601253 1262.1483928601253 8.078216615102406 1781356.8084300694 1670407.194319905 0.0 75.83039978801563 7.65290427389035 1254.070176245023 999.4180000000051 113.676025390625 703.8263196614668 336.58656167021303 2300.0 2300.0 2300.0 0.0 128.0 128.0 128.0 0.0 3 2.0 2.0
265000.0 270000.0 10 3 694.7446347266967 694.7446347266967 685.8584306930359 7410.183796342439 7410.183796342439 1087.6589351035338 1087.6589351035338 9.0 1573038.4475796414 1520356.3660156731 0.0 37.63005825997737 8.886204033660853 1078.6589351035338 999.6699999999837 78.56298828125 607.2930962890562 406.2692998121889 2300.0 2300.0 2300.0 0.0 128.0 128.0 128.0 0.0 3 3.0 3.0
270000.0 275000.0 8 3 741.3028822235741 741.3028822235741 735.1103411933912 5166.119547414076 5166.119547414076 1158.467139673406 1158.467139673406 6.192541030182988 1678569.380529161 1553451.4620931293 0.0 89.36994174002263 6.192541030182988 1152.274598643223 999.0869999999995 73.10600000002887 633.5612416992226 400.4556587922288 2300.0 2300.0 2300.0 0.0 128.0 128.0 128.0 0.0 2 2.0 2.0
275000.0 280000.0 10 3 721.4106894191013 721.4106894191013 712.6912805301649 7269.742284484599 7269.742284484599 1149.4603671416487 1149.4603671416487 8.719408888936577 1659707.1792855496 1567562.73216769 0.0 66.0382611128693 8.719408888936577 1140.7409582527123 997.7410000000382 126.27392578125 653.1264250000007 374.36094802113894 2300.0 2300.0 2300.0 0.0 128.0 128.0 128.0 0.0 3 3.0 3.0
280000.0 285000.0 12 3 706.7362642027771 706.7362642027771 700.3067895312878 5361.520578306702 5361.520578306702 1133.8972515475884 1133.8972515475884 6.429474671489321 1619690.2059484485 1505345.9086728797 0.0 81.37655631100824 6.429474671489321 1127.4677768760992 999.7029999999795 86.85899999999674 504.99798193359067 417.43215649584033 2300.0 2300.0 2300.0 0.0 128.0 128.0 128.0 0.0 2 3.0 2.0
285000.0 290000.0 12 3 716.5138545948421 716.5138545948421 707.855279185451 7222.617589794623 7222.617589794623 1187.1140315563944 1187.1140315563944 8.658575409391112 1682356.652520545 1642337.3969139736 0.0 28.585182576122442 8.658575409391112 1178.4554561470031 999.9589999999735 11.672000000020489 623.6749280599082 412.62707044542543 2300.0 2300.0 2300.0 0.0 128.0 128.0 128.0 0.0 3 2.0 3.0
290000.0 295000.0 9 2 641.6593344594864 641.6593344594864 633.6593344594864 6686.0 6686.0 1054.0780767281617 1054.0780767281617 8.0 1506223.0093106006 1466581.987016794 0.0 28.315015924147552 8.0 1046.0780767281617 999.9130000000005 69.101318359375 708.164136284723 392.96178490382414 2300.0 2300.0 2300.0 0.0 128.0 128.0 128.0 0.0 3 3.0 2.0
295000.0 300000.0 10 2 758.4332765602333 758.4332765602333 750.9863920612877 5804.609422749913 5804.609422749913 1178.7386434247467 1178.7386434247467 7.446884498945626 1683036.0730849411 1553463.4583680397 0.0 92.55186765492952 6.964589665963751 1171.291758925801 999.7160000000149 78.87400000001071 722.2539662109455 348.5879239940463 2300.0 2300.0 2300.0 0.0 128.0 128.0 128.0 0.0 2 2.0 3.0
300000.0 305000.0 2 2 46.18501877544399 46.18501877544399 44.631903274389614 859.3905772500871 859.3905772500871 75.74375180632643 75.74375180632643 1.5531155010543742 105359.90477735922 103773.54178806714 0.0 1.133116420922914 1.0354103340362495 74.19063630527205 514.9949804688222 382.97903906251304 448.9870097656676 93.34936739312711 0.0 0.0 0.0 0.0 0.0 0.0 0.0 0.0 0 0.0 0.0
