ts te nbins ncons c_pkts_all c_ack_cnt c_ack_cnt_p c_bytes_all c_bytes_uniq s_pkts_all s_ack_cnt s_ack_cnt_p s_bytes_all s_bytes_uniq c_pkts_retx s_pkts_retx c_pkts_data s_pkts_data max_bin_duration min_bin_duration avg_bin_duration std_bin_duration max_video_rate min_video_rate avg_video_rate std_video_rate max_audio_rate min_audio_rate avg_audio_rate std_audio_rate video_reqs audio_reqs media_reqs
0.0 5000.0 0 0 0.0 0.0 0.0 0.0 0.0 0.0 0.0 0.0 0.0 0.0 0.0 0.0 0.0 0.0 0.0 0.0 0.0 0.0 0.0 0.0 0.0 0.0 0.0 0.0 0.0 0.0 0  
5000.0 10000.0 12 4 457.9658038886374 453.9658038886374 423.71215453419575 26514.892654255586 24844.892654255586 622.2193917460071 622.2193917460071 48.93006813197695 969189.9680717804 874630.3031789922 2.0 54.69482259623925 30.253649354441702 569.2893236140301 999.9570000000022 48.0570000000007 719.7751544596349 319.5131886542739 480.0 288.0 345.6 92.74481117561241 128.0 128.0 128.0 0.0 10 9.0 2.0
10000.0 15000.0 10 4 209.59883065791658 209.59883065791658 198.21287296184101 8670.656482279952 8670.656482279952 303.7671671243413 303.7671671243413 21.34914596905758 532414.5824488532 526752.2473416413 0.0 6.305177403760753 10.385957696075563 281.4180211552837 931.0599999999977 275.0460000000021 528.9112265625001 209.5923658455458 1500.0 288.0 894.0 699.7485262578264 128.0 128.0 128.0 0.0 4 3.0 3.0
15000.0 20000.0 8 2 324.4569130560544 324.4569130560544 316.79319231110156 6389.2129337046945 6389.2129337046945 473.0349887322601 473.0349887322601 11.372449796700547 937742.7079526059 936838.1984625496 0.0 0.6516638977350807 7.663720744952894 461.6625389355596 998.6759999999995 228.4890000000014 681.5908747558597 348.90349367376797 1500.0 1500.0 1500.0 0.0 128.0 128.0 128.0 0.0 2 2.0 2.0
20000.0 25000.0 9 2 391.99927306968834 391.99927306968834 384.695872826861 6093.102938006274 6093.102938006274 574.5491310611591 574.5491310611591 13.56179217885995 1103638.5726897512 1098126.5201983973 0.0 3.9887043320500073 7.303400242827354 560.9873388822991 999.3870000000024 251.3989999999976 632.662981770834 346.1644977304079 1500.0 1500.0 1500.0 0.0 128.0 128.0 128.0 0.0 3 3.0 3.0
25000.0 30000.0 8 2 364.05716756732335 364.05716756732335 356.49757378370987 6304.348425761514 6304.348425761514 474.8420222882087 474.8420222882087 11.952865745315947 930290.3549214698 924254.9169028796 0.0 4.3596317702149125 7.559593783613462 462.88915654289275 999.6229999999996 259.4539999999979 684.1388947753894 344.477925646578 1500.0 1500.0 1500.0 0.0 128.0 128.0 128.0 0.0 2 2.0 2.0
30000.0 35000.0 9 2 392.5938349390783 392.5938349390783 384.7601567609893 6536.786565991979 6536.786565991979 564.5926978122986 564.5926978122986 13.833678178089023 1058006.0052194018 1046239.3600670708 0.0 8.000415289559603 7.8336781780890234 550.7590196342096 999.8849999999948 260.46100000000297 609.7147558593747 366.86842626479836 1500.0 1500.0 1500.0 0.0 128.0 128.0 128.0 0.0 3 3.0 3.0
35000.0 40000.0 7 2 400.5227922407739 400.5227922407739 393.82674194424567 5574.761243153219 5574.761243153219 523.0129148760277 523.0129148760277 10.696050296528316 1009547.2456295188 984555.8907818496 0.0 14.999584710440395 6.696050296528315 512.3168645794993 999.9789999999994 255.58699999999953 687.0190078125005 330.2118810840533 1500.0 1500.0 1500.0 0.0 128.0 128.0 128.0 0.0 2 2.0 2.0
40000.0 45000.0 9 2 332.84920357868134 332.84920357868134 326.0594543661475 5662.191707291514 5662.191707291514 462.6694791206877 462.6694791206877 11.716230137894543 879028.4321967594 846398.4321967594 0.0 22.0 6.789749212533751 450.9532489827932 999.6920000000027 12.528076171875 578.4860180121541 394.8705515200927 1500.0 1500.0 1500.0 0.0 128.0 128.0 128.0 0.0 3 3.0 3.0
45000.0 50000.0 10 3 447.9395921172304 447.9395921172304 439.7048471817486 6867.893494081198 6867.893494081198 622.898340577113 622.898340577113 13.587719565577142 1109259.631901891 1097856.631901891 0.0 8.0 8.234744935481752 609.3106210115359 999.8929999999964 0.0 531.6852906250002 360.1874788355368 1500.0 1500.0 1500.0 0.0 128.0 128.0 128.0 0.0 2 2.0 2.0
50000.0 55000.0 10 2 508.9972778022487 508.9972778022487 499.0858603052105 8287.265510286103 8287.265510286103 754.8885384833749 754.8885384833749 19.263923883163972 1462851.9535591505 1452077.0450581145 0.0 4.631961941581986 9.911417497038169 735.6246146002109 998.8999999999942 250.0130000000063 687.9977943359379 338.54151066994353 1500.0 1500.0 1500.0 0.0 128.0 128.0 128.0 0.0 4 4.0 3.0
55000.0 60000.0 7 2 387.0193110823672 387.0193110823672 380.6512730239492 5313.888045187968 5313.888045187968 528.5253281785219 528.5253281785219 10.736076116836028 1008235.5454088183 975708.4539098545 0.0 21.368038058418016 6.368038058418014 517.7892520616859 992.9839999999967 259.75900000000547 689.3714313616074 364.674884729692 1500.0 1500.0 1500.0 0.0 128.0 128.0 128.0 0.0 2 2.0 2.0
60000.0 65000.0 8 2 429.16817009142386 429.16817009142386 420.49212323646407 7233.231451876167 7233.231451876167 567.3788876790934 567.3788876790934 14.352093709919638 1063411.2851251122 1041164.2260210596 0.0 15.028140564879456 8.676046854959818 553.0267939691737 999.5080000000016 261.8000000000029 696.9721384277382 344.49593197976714 1500.0 1500.0 1500.0 0.0 128.0 128.0 128.0 0.0 3 3.0 3.0
65000.0 70000.0 8 2 386.67895214392337 386.67895214392337 379.67580089558203 5833.710992830777 5833.710992830777 536.8266307628562 536.8266307628562 11.327104393381514 991135.002978154 970626.0620822067 0.0 13.971859435120544 7.003151248341332 525.4995263694747 998.8570000000036 247.19599999999627 674.9708984374993 350.9540450388557 1500.0 1500.0 1500.0 0.0 128.0 128.0 128.0 0.0 2 2.0 2.0
70000.0 75000.0 9 2 342.1418431427787 342.1418431427787 333.82104124607986 6949.057555293056 6949.057555293056 496.61616339444697 496.61616339444697 13.515654710799481 1009862.2139357756 1002922.2139357756 0.0 2.0 8.320801896698848 483.1005086836475 998.4060000000027 259.8729999999923 630.5226256510391 357.8749522671567 1500.0 1500.0 1500.0 0.0 128.0 128.0 128.0 0.0 3 3.0 3.0
75000.0 80000.0 9 2 380.78762616084566 380.78762616084566 373.89933039135985 5742.173784442697 5742.173784442697 515.5107618178322 515.5107618178322 11.693442955385166 1056041.3007492141 997364.3007492142 0.0 29.0 6.888295769485796 503.81731886244705 997.3239999999787 101.42299999999523 667.2652406684016 377.5695377590762 1500.0 1500.0 1500.0 0.0 128.0 128.0 128.0 0.0 2 2.0 2.0
80000.0 85000.0 9 2 331.8978264924921 331.8978264924921 323.7861222619778 6767.826215557303 6767.826215557303 447.0919741402439 447.0919741402439 14.111704230514203 946070.5268328844 944682.5268328844 0.0 1.0 8.111704230514203 432.9802699097297 999.8549999999959 255.26399999999558 614.7260002170143 356.10132507260516 1500.0 1500.0 1500.0 0.0 128.0 128.0 128.0 0.0 3 3.0 3.0
85000.0 90000.0 7 2 338.0072344439924 338.0072344439924 331.3107152535378 5575.145736172763 5575.145736172763 491.50596601461916 491.50596601461916 10.696519190454588 1023292.9168747291 1023292.9168747291 0.0 0.0 6.696519190454588 480.8094468241646 997.7100000000064 269.0639999999985 691.0594260602708 324.92721411313926 1500.0 1500.0 1500.0 0.0 128.0 128.0 128.0 0.0 2 2.0 2.0
90000.0 95000.0 10 3 448.765163052681 448.765163052681 439.840569223544 6615.83142632328 6615.83142632328 568.6776477965776 568.6776477965776 13.545706848728411 1038218.4794571683 1008518.4794571683 0.0 20.0 7.92459382913691 554.1319409478492 996.1739999999991 251.99099999997998 655.5674998046874 347.882612686508 1500.0 1500.0 1500.0 0.0 128.0 128.0 128.0 0.0 3 3.0 3.0
95000.0 100000.0 8 2 390.2865524868645 390.2865524868645 382.69906111839134 6327.3730839856435 6327.3730839856435 525.4780122749767 525.4780122749767 11.362076154849305 1022319.8510957044 997473.8510957044 0.0 15.0 7.5874913684731045 514.1159361201273 997.5009999999893 265.24199999999837 684.5794851074224 340.2716381262239 1500.0 1500.0 1500.0 0.0 128.0 128.0 128.0 0.0 2 2.0 2.0
100000.0 105000.0 11 3 526.5937717618469 525.5937717618469 513.8023761499114 10384.649753518315 10384.649753518315 753.79837995833 753.79837995833 22.744126349393593 1408061.2957980747 1350742.2957980747 0.0 41.0 11.791395611935396 730.0542536089363 998.2790000000095 250.2550000000192 659.9605506036962 325.5114997387848 1500.0 1500.0 1500.0 0.0 128.0 128.0 128.0 0.0 4 4.0 3.0
105000.0 110000.0 8 3 373.67286022315176 373.67286022315176 366.67286022315176 5004.0 5004.0 522.115576161024 522.115576161024 11.651571456574107 1074978.127153183 1070814.127153183 0.0 2.0 6.0 509.46400470444996 999.5729999999894 250.53400000002875 748.1859985351566 325.3235529680258 1500.0 1500.0 1500.0 0.0 128.0 128.0 128.0 0.0 2 2.0 2.0
110000.0 115000.0 8 2 368.53167542156064 368.53167542156064 359.8323726111366 7252.812966377082 7252.812966377082 535.7765974450637 535.7765974450637 14.097908431272264 1042044.9600547684 1021122.9231672878 0.0 12.195816862544529 8.699302810424088 521.6786890137914 999.7850000000035 265.5450000000128 684.807639648443 354.3040297918218 1500.0 1500.0 1500.0 0.0 128.0 128.0 128.0 0.0 3 3.0 3.0
115000.0 120000.0 8 2 343.8710047957531 343.8710047957531 336.88764064493125 5816.973941844597 5816.973941844597 459.35675061723396 459.35675061723396 11.584758529973687 940143.8037836123 929880.840671093 0.0 6.804183137455471 6.983364150821863 447.7719920872603 998.8310000000056 269.39000000001397 686.3771447753934 348.2079015944713 1500.0 1500.0 1500.0 0.0 128.0 128.0 128.0 0.0 2 2.0 2.0
120000.0 125000.0 9 2 372.5880672639626 372.5880672639626 363.6224842528868 7478.391318500885 7478.391318500885 550.8978984779171 550.8978984779171 14.613832983397485 1078085.7910071514 1020637.1652376561 0.0 32.59299988928687 8.965583011075767 536.2840654945197 999.3520000000135 255.00200000000768 713.9434088541667 320.5545904349328 1500.0 840.0 1170.0 381.051177665153 128.0 128.0 128.0 0.0 4 3.0 3.0
125000.0 130000.0 6 2 197.13464677368458 197.13464677368458 190.05965429922335 5890.880579639431 5890.880579639431 284.96875345978526 284.96875345978526 10.703500055356564 544125.445154468 541196.0709239632 0.0 1.4070001107131287 7.074992474461203 274.2652534044287 993.5849999999919 258.5810000000056 579.2746855468771 329.31315798031056 840.0 840.0 840.0 0.0 128.0 128.0 128.0 0.0 2 2.0 2.0
130000.0 135000.0 8 2 248.98558727525418 248.98558727525418 240.96809085928038 6691.902577216423 6691.902577216423 347.7775805894577 347.7775805894577 14.222216588270221 666513.0929716635 666513.0929716635 0.0 0.0 8.01749641597382 333.5553640011875 998.2419999999984 247.3649999999907 579.6258813476561 346.69287331476824 840.0 840.0 840.0 0.0 128.0 128.0 128.0 0.0 3 3.0 3.0
135000.0 140000.0 7 2 260.36095369284084 260.36095369284084 251.41234226762413 7473.5440305834945 7473.5440305834945 365.6855129848269 365.6855129848269 15.811808843689887 671861.1907895304 658095.1907895304 0.0 7.0 8.948611425216665 349.873704141137 999.9899999999907 244.31888085938408 561.8758242187489 360.7573185278113 840.0 840.0 840.0 0.0 128.0 128.0 128.0 0.0 3 3.0 2.0
140000.0 145000.0 8 3 336.72808232931436 335.72808232931436 325.24629805381244 9271.220811776544 9271.220811776544 473.9493074168607 473.9493074168607 17.860820652673716 865816.663131936 849576.151540568 0.0 11.723711521158457 10.481784275501964 455.08848676418694 850.31700000001 254.20699999999488 513.9882700195303 220.08028997276017 2300.0 840.0 1570.0 842.9313930168536 128.0 128.0 128.0 0.0 4 3.0 3.0
145000.0 150000.0 8 3 581.7960192466188 581.7960192466188 574.9671538100941 5695.273774061542 5695.273774061542 832.5175124820881 832.5175124820881 12.105153915366174 1549413.112691561 1352052.3258575336 0.0 124.79055462398844 6.82886543652463 820.412358566722 999.5679999999993 275.7179999999935 711.769281249999 302.8241056101491 2300.0 2300.0 2300.0 0.0 128.0 128.0 128.0 0.0 2 2.0 2.0
150000.0 155000.0 9 2 747.6191199593939 747.6191199593939 738.9928682554985 7191.303934679983 7191.303934679983 1019.7653523344594 1019.7653523344594 14.252503407790934 1628098.575699191 1419259.8741245866 0.0 136.4857338548531 8.626251703895466 1005.5128489266685 999.9700000000012 240.35500000001048 651.3584238281279 343.97182752937033 2300.0 2300.0 2300.0 0.0 128.0 128.0 128.0 0.0 3 3.0 3.0
155000.0 160000.0 8 2 490.6790665112775 490.6790665112775 483.0111975503255 6392.816217143394 6392.816217143394 727.1871987916625 727.1871987916625 11.394556924632788 1422909.9708075104 1410661.9708075104 0.0 6.0 7.667868960951975 715.7926418670297 999.5169999999925 223.91300000000047 683.1873994140624 357.9312014768151 2300.0 2300.0 2300.0 0.0 128.0 128.0 128.0 0.0 2 2.0 2.0
160000.0 165000.0 9 2 417.1587217766395 417.1587217766395 409.45284244148695 6431.8798481766225 6431.8798481766225 594.8272547826492 594.8272547826492 13.619287226792558 1222966.671791259 1220699.826585163 0.0 1.6331737796081394 7.705879335152558 581.2079675558566 999.929999999993 243.86100000000442 633.4284216579787 356.887274352183 2300.0 1500.0 1766.6666666666667 461.8802153517006 128.0 128.0 128.0 0.0 3 3.0 3.0
165000.0 170000.0 8 2 404.04880829245883 404.04880829245883 396.85514678673246 5995.932711258617 5995.932711258617 528.4364034166695 528.4364034166695 11.927313946510097 919527.7563874298 892961.601593526 0.0 17.36682622039186 7.193661505726374 516.5090894701596 998.7749999999942 257.53899999998976 682.6939968261795 348.3029208718341 1500.0 1500.0 1500.0 0.0 128.0 128.0 128.0 0.0 2 2.0 2.0
170000.0 175000.0 8 2 462.2782632486966 462.2782632486966 455.0240454638939 6055.25497917094 6055.25497917094 614.6899707309719 614.6899707309719 12.97815743006705 1087388.5563627523 1059888.5563627523 0.0 18.0 7.2542177848025755 601.711813300905 997.6949999999779 266.04200000004494 577.1734035644549 305.5191487007075 1500.0 1500.0 1500.0 0.0 128.0 128.0 128.0 0.0 3 3.0 3.0
175000.0 180000.0 8 2 338.70600940946775 338.70600940946775 331.45795920010664 6033.474499480334 6033.474499480334 470.7313424694747 470.7313424694747 11.524110564096688 928847.0054068285 919375.0054068285 0.0 5.0 7.248050209361161 459.20723190537797 993.1880000000237 253.4899999999907 679.7652119140621 357.49997381777393 1500.0 1500.0 1500.0 0.0 128.0 128.0 128.0 0.0 2 2.0 2.0
180000.0 185000.0 9 2 409.34912145394344 409.34912145394344 401.40587476499013 6631.524161096222 6631.524161096222 584.3399304046608 584.3399304046608 13.582422877796617 1053956.1491470789 974215.3839197055 0.0 47.061876154554014 7.943246688953253 570.7575075268642 999.1199999999953 250.2960000000021 689.9537892795148 333.3741693950116 1500.0 1500.0 1500.0 0.0 128.0 128.0 128.0 0.0 3 3.0 3.0
185000.0 190000.0 7 2 385.16485254913346 385.16485254913346 378.80402873797686 5307.813648993888 5307.813648993888 576.0926335962183 576.0926335962183 11.721647622313272 1043083.2548132591 1030191.0200406325 0.0 7.938123845445988 6.360823811156636 564.3709859739051 996.4750000000349 265.9770000000135 706.2626992187579 347.6231174344457 1500.0 1500.0 1500.0 0.0 128.0 128.0 128.0 0.0 2 2.0 2.0
190000.0 195000.0 10 3 504.7776889158455 504.7776889158455 493.26854751050695 8775.074108807907 8775.074108807907 734.5348360370218 734.5348360370218 18.413611134196064 1317148.6620763063 1307582.6620763063 0.0 7.0 10.509141405338557 715.1212249028258 998.5620000000054 118.58699999999953 680.412404101566 361.29769163777627 1500.0 1500.0 1500.0 0.0 128.0 128.0 128.0 0.0 4 4.0 3.0
195000.0 200000.0 9 2 391.6387639722934 391.6387639722934 383.88495191593694 6466.4402178606915 6466.4402178606915 581.5130935819647 581.5130935819647 12.21786559665147 1084614.2978180752 1083226.2978180752 0.0 1.0 7.753812056356507 569.2952279853131 999.640000000014 114.88501367188292 618.0398741319563 379.6158724272273 1500.0 1500.0 1500.0 0.0 128.0 128.0 128.0 0.0 2 2.0 2.0
200000.0 205000.0 9 2 371.18411691017025 371.18411691017025 363.44707037186527 6456.485673331402 6456.485673331402 534.4358368166135 534.4358368166135 13.552373164067806 1014762.2874956972 997830.866298618 0.0 8.286949264407358 7.737046538304936 520.8834636525457 995.9120000000112 259.2870000000112 636.3637886284656 348.51886175005643 1500.0 1500.0 1500.0 0.0 128.0 128.0 128.0 0.0 3 3.0 3.0
205000.0 210000.0 7 2 346.39943020169085 346.39943020169085 340.39943020169085 5004.0 5004.0 488.51623356440007 488.51623356440007 10.816150105084663 1008541.7526099213 996869.1738070005 0.0 5.713050735592643 6.0 477.7000834593154 997.2829999999958 255.6710000000021 660.8121420200914 336.85475843473597 1500.0 1500.0 1500.0 0.0 128.0 128.0 128.0 0.0 2 2.0 2.0
210000.0 215000.0 8 2 404.16832633821025 404.16832633821025 395.46874309691805 7253.0490891680665 7253.0490891680665 564.5424872983292 564.5424872983292 14.098749723876722 1083288.0766686574 1076348.0766686574 0.0 4.0 8.69958324129224 550.4437375744525 997.9400000000023 255.65499999999884 684.2249125976559 357.22646473710955 1500.0 1500.0 1500.0 0.0 128.0 128.0 128.0 0.0 3 3.0 3.0
215000.0 220000.0 8 2 336.4442863290782 336.4442863290782 328.9011004826184 6289.692022753865 6289.692022753865 475.34181810570317 475.34181810570317 12.144019363875302 917430.1322932849 913266.1322932849 0.0 2.0 7.543185846459783 463.1977987418279 999.2039999999979 256.87100000001374 677.5876979980567 357.5827743105041 1500.0 1500.0 1500.0 0.0 128.0 128.0 128.0 0.0 2 2.0 2.0
220000.0 225000.0 8 2 366.755373799094 366.755373799094 359.5501432169342 6014.546613774746 6014.546613774746 506.23567314023245 506.23567314023245 12.929230417115626 1018685.5989567642 1012511.7754149267 0.0 3.4479996699117668 7.205230582159743 493.30644272311685 992.2790000000386 259.76500000001397 605.1357998047024 344.5370561783394 1500.0 1500.0 1500.0 0.0 128.0 128.0 128.0 0.0 3 3.0 3.0
225000.0 230000.0 8 2 340.7481630813801 340.7481630813801 333.50712990707007 6027.719206565185 6027.719206565185 473.6606783401709 473.6606783401709 11.517033339354136 994993.25170392 994227.0752457575 0.0 0.5520003300882333 7.241033174310019 462.1436450008167 998.7259999999951 260.8310000000056 682.9675854492234 359.3101976925053 1500.0 1500.0 1500.0 0.0 128.0 128.0 128.0 0.0 2 2.0 2.0
230000.0 235000.0 10 2 550.8838504522375 550.8838504522375 542.5728832964593 6940.993067738136 6940.993067738136 701.2193431155642 701.2193431155642 15.310967155778215 1225835.9403773737 1188415.9403773737 0.0 27.0 8.310967155778215 685.9083759597861 996.9950000000244 255.37899999998626 635.5103033203166 370.21685907848297 1500.0 1500.0 1500.0 0.0 128.0 128.0 128.0 0.0 3 3.0 3.0
235000.0 240000.0 6 2 274.7439037727389 274.7439037727389 268.04878180324937 5574.000014981451 5574.000014981451 375.6097575591659 375.6097575591659 10.695121969489575 751434.1982598344 751433.1982598344 0.0 1.0 6.695121969489574 364.9146355896764 998.5 258.5659999999916 727.3778261718835 323.6399957161023 1500.0 1500.0 1500.0 0.0 128.0 128.0 128.0 0.0 2 2.0 2.0
240000.0 245000.0 11 3 559.6265788592659 558.6265788592659 545.8726232465053 10982.183455868424 10297.183455868424 833.0895094645924 833.0895094645924 23.478494403885655 1549263.7626245613 1429586.122760439 1.0 63.24538791125076 12.753955612760578 808.6110150607067 997.8279999999795 256.67700000002515 702.065815873587 320.76763100848956 1500.0 1500.0 1500.0 0.0 128.0 128.0 128.0 0.0 4 4.0 3.0
245000.0 250000.0 9 3 411.62192871273226 411.62192871273226 403.37621966202073 6031.5415681786735 6031.5415681786735 536.5139977891322 536.5139977891322 12.52117025958642 1010461.4657991865 996228.1056633088 0.0 11.754612088749242 7.245709050711493 522.9928275295458 999.6780000000144 233.79999999998836 654.5344648437588 344.2732370674257 1500.0 1500.0 1500.0 0.0 128.0 128.0 128.0 0.0 2 2.0 2.0
250000.0 255000.0 9 2 397.2270225260695 397.2270225260695 389.2647791112434 6647.494261208723 6647.494261208723 555.7709418773924 555.7709418773924 13.619273462613826 1064751.229019018 1038517.2290190179 0.0 17.0 7.96224341482609 542.1516684147787 996.3910000000033 265.08699999999953 636.5122141927067 356.04257116342103 1500.0 1500.0 1500.0 0.0 128.0 128.0 128.0 0.0 3 3.0 3.0
255000.0 260000.0 8 2 398.4595020855852 398.4595020855852 391.47831752657333 5816.116677338434 5816.116677338434 571.0361539845131 571.0361539845131 11.324154511224172 1026989.448269034 967853.448269034 0.0 35.0 6.981184559011908 559.7119994732889 997.1429999999818 265.4770000000135 773.9428732910164 316.1087434170761 1500.0 1500.0 1500.0 0.0 128.0 128.0 128.0 0.0 2 2.0 2.0
260000.0 265000.0 9 2 458.94392132733884 458.94392132733884 450.5821359341385 6982.664022424292 6982.664022424292 596.3007824359191 596.3007824359191 13.551728254099842 999870.7074244174 975216.2703831599 0.0 17.379885721798967 8.361785393200357 582.7490541818192 999.9370000000345 248.875 639.8435412326362 352.01516585423377 1500.0 1500.0 1500.0 0.0 128.0 128.0 128.0 0.0 3 3.0 3.0
265000.0 270000.0 8 2 390.2055634742709 390.2055634742709 383.49845828477055 5591.60441247483 5591.60441247483 547.0930672682856 547.0930672682856 11.870714923351112 1086228.7337598612 1071069.1708011187 0.0 9.620114278201031 6.707105189500398 535.2223523449345 997.9309999999823 281.4920000000275 642.5843759765557 330.44587872660713 1500.0 1500.0 1500.0 0.0 128.0 128.0 128.0 0.0 2 2.0 2.0
270000.0 275000.0 9 2 431.3041512571763 431.3041512571763 423.01125644667667 6918.39558752517 6918.39558752517 569.5534222593312 569.5534222593312 13.939342215749404 954593.822434963 920106.4394168458 0.0 23.696613638195082 8.292894810499604 555.6140800435818 999.3389999999781 260.56099999998696 637.0025533854173 348.44676195514876 1500.0 1500.0 1500.0 0.0 128.0 128.0 128.0 0.0 3 3.0 3.0
275000.0 280000.0 7 2 398.63038898169157 398.63038898169157 391.93674820816574 5572.785434291187 5572.785434291187 565.876250679115 565.876250679115 10.693640773525837 1052102.159400712 1018957.5424188293 0.0 21.303386361804918 6.693640773525838 555.1826099055892 997.4409999999916 269.58600000001024 703.8944601004395 322.68064982830487 1500.0 1500.0 1500.0 0.0 128.0 128.0 128.0 0.0 2 2.0 2.0
280000.0 285000.0 9 2 402.366749401633 402.366749401633 394.0603901751588 6937.214565708813 6937.214565708813 574.4624797630692 574.4624797630692 13.553425333754708 1073051.0081889671 1059299.0081889671 0.0 10.0 8.30635922647416 560.9090544293144 998.9309999999823 267.32400000002235 636.8212198350747 356.72292191593885 1500.0 1500.0 1500.0 0.0 128.0 128.0 128.0 0.0 3 3.0 3.0
285000.0 290000.0 8 2 342.36255874046526 342.36255874046526 335.13036017586205 6027.957007185213 6027.957007185213 499.63172184781695 499.63172184781695 11.369033175021027 976813.4685863516 975103.1769786824 0.0 1.2321985646031448 7.232198564603145 488.26268867279595 996.7870000000112 247.6940000000177 680.8942714843797 346.44091568424705 1500.0 1500.0 1500.0 0.0 128.0 128.0 128.0 0.0 2 2.0 2.0
290000.0 295000.0 11 3 497.66287461550104 496.75925804106964 485.81592663826774 9624.007302374022 9624.007302374022 682.3110663143468 682.3110663143468 19.92772750364574 1240454.8535121786 1185666.7261169513 0.0 31.456120375370663 10.943331402801906 661.4797222362696 999.6969999999856 263.9780000000028 678.9471276633558 323.5554501688555 1500.0 1500.0 1500.0 0.0 128.0 128.0 128.0 0.0 3 3.0 3.0
295000.0 300000.0 11 3 589.8448562455313 589.7484728199627 582.9240027873677 5745.035690440765 5745.035690440765 892.7508487573202 892.7508487573202 13.456173214052688 1528767.142720915 1200005.561723811 0.0 204.3116810600262 6.824470032594949 879.1982921176989 999.4060000000754 64.07068750000326 501.0552123579599 401.48770086722675 1500.0 1500.0 1500.0 0.0 128.0 128.0 128.0 0.0 3 3.0 2.0
300000.0 305000.0 0 0 0.0 0.0 0.0 0.0 0.0 0.0 0.0 0.0 0.0 0.0 0.0 0.0 0.0 0.0 0.0 0.0 0.0 0.0 0.0 0.0 0.0 0.0 0.0 0.0 0.0 0.0 0  
