ts te nbins ncons c_pkts_all c_bytes_all s_pkts_all s_bytes_all max_bin min_bin avg_bin std_bin max_vid min_vid avg_vid std_vid max_aud min_aud avg_aud std_aud num_vid num_aud num_mfs
0 1000 0 0 0 0 0 0 0 0 0 0 0 0 0 0 0 0 0 0 0 0 
1000 2000 0 0 0 0 0 0 0 0 0 0 0 0 0 0 0 0 0 0 0 0 
2000 3000 0 0 0 0 0 0 0 0 0 0 0 0 0 0 0 0 0 0 0 0 
3000 4000 0 0 0 0 0 0 0 0 0 0 0 0 0 0 0 0 0 0 0 0 
4000 5000 0 0 0 0 0 0 0 0 0 0 0 0 0 0 0 0 0 0 0 0 
5000 6000 1 1 2 229 6 8937 23 23 23 0 0 0 0 0 0 0 0 0 0 0 1.0
6000 7000 2 1 105 10708 411 561041 974 23 499 672 4400 4400 4400 0 128 128 128 0 2 2 0.0
7000 8000 1 1 931 52749 6010 7676487 928 928 928 0 4400 4400 4400 0 128 128 128 0 6 6 0.0
8000 9000 1 1 0 101 0 631 8 8 8 0 0 0 0 0 0 0 0 0 0 0 1.0
9000 10000 1 1 1 648 6 4051 55 55 55 0 0 0 0 0 0 0 0 0 0 0 0.0
10000 11000 1 1 72 4430 682 811028 153 153 153 0 4400 4400 4400 0 128 128 128 0 1 1 1.0
11000 12000 1 1 189 11684 1799 2139177 405 405 405 0 8000 8000 8000 0 128 128 128 0 2 1 0.0
12000 13000 1 1 178 11046 1689 2012501 643 643 643 0 8000 8000 8000 0 128 128 128 0 1 2 1.0
13000 14000 0 0 0 0 0 0 0 0 0 0 0 0 0 0 0 0 0 0 0 0 
14000 15000 1 1 186 11574 1724 2050524 600 600 600 0 8000 8000 8000 0 128 128 128 0 1 1 1.0
15000 16000 1 1 165 8901 1588 1896822 185 185 185 0 8000 8000 8000 0 128 128 128 0 1 1 0.0
16000 17000 2 1 17 1606 158 187160 50 17 34 23 0 0 0 0 0 0 0 0 0 0 1.0
17000 18000 0 0 0 0 0 0 0 0 0 0 0 0 0 0 0 0 0 0 0 0 
18000 19000 1 1 29 1983 278 331447 151 151 151 0 8000 8000 8000 0 128 128 128 0 1 1 1.0
19000 20000 2 1 173 11462 1641 1952247 811 149 480 468 8000 8000 8000 0 128 128 128 0 1 1 0.0
20000 21000 2 1 94 4990 877 1039152 847 30 438 577 0 0 0 0 0 0 0 0 0 0 1.0
21000 22000 0 0 0 0 0 0 0 0 0 0 0 0 0 0 0 0 0 0 0 0 
22000 23000 1 1 34 2330 328 390425 149 149 149 0 8000 8000 8000 0 128 128 128 0 1 1 1.0
23000 24000 2 1 308 18571 2935 3495787 849 149 499 494 8000 8000 8000 0 128 128 128 0 1 1 0.0
24000 25000 2 1 55 2952 528 630932 143 73 108 49 0 0 0 0 0 0 0 0 0 0 1.0
25000 26000 2 1 29 3212 254 300555 852 141 497 502 8000 8000 8000 0 128 128 128 0 1 1 0.0
26000 27000 2 1 145 7693 1404 1673726 849 123 486 513 0 0 0 0 0 0 0 0 0 0 1.0
27000 28000 2 1 22 2371 192 227381 849 103 476 528 8000 8000 8000 0 128 128 128 0 1 1 0.0
28000 29000 2 1 162 8757 1543 1841409 879 99 489 551 0 0 0 0 0 0 0 0 0 0 1.0
29000 30000 2 1 51 3748 512 610247 900 99 499 566 8000 8000 8000 0 128 128 128 0 1 1 0.0
30000 31000 2 1 145 8081 1365 1627552 887 93 490 561 0 0 0 0 0 0 0 0 0 0 1.0
31000 32000 1 1 154 8623 1490 1777245 580 580 580 0 8000 8000 8000 0 128 128 128 0 1 1 0.0
32000 33000 1 1 2 752 5 3580 85 85 85 0 0 0 0 0 0 0 0 0 0 0 1.0
33000 34000 0 0 0 0 0 0 0 0 0 0 0 0 0 0 0 0 0 0 0 0 
34000 35000 1 1 76 4430 734 877078 153 153 153 0 8000 8000 8000 0 128 128 128 0 1 2 1.0
35000 36000 1 1 256 14957 2479 2961051 517 517 517 0 8000 8000 8000 0 0 0 0 0 1 0 0.0
36000 37000 1 1 37 2353 350 418203 152 152 152 0 0 0 0 0 0 0 0 0 0 0 1.0
37000 38000 1 1 161 9978 1487 1772890 647 647 647 0 8000 8000 8000 0 128 128 128 0 1 1 0.0
38000 39000 1 1 36 2169 330 394212 150 150 150 0 0 0 0 0 0 0 0 0 0 0 1.0
39000 40000 1 1 145 8698 1326 1580220 601 601 601 0 8000 8000 8000 0 128 128 128 0 1 1 0.0
40000 41000 1 1 102 6080 974 1163214 191 191 191 0 8000 8000 8000 0 128 128 128 0 1 1 1.0
41000 42000 1 1 71 4264 683 815886 134 134 134 0 0 0 0 0 0 0 0 0 0 0 0.0
42000 43000 1 1 81 4804 780 929114 154 154 154 0 8000 8000 8000 0 128 128 128 0 1 1 1.0
43000 44000 1 1 93 5574 904 1077870 178 178 178 0 0 0 0 0 0 0 0 0 0 0 0.0
44000 45000 1 1 143 8753 1381 1647548 195 195 195 0 8000 8000 8000 0 128 128 128 0 1 1 1.0
45000 46000 1 1 38 2383 376 448574 53 53 53 0 0 0 0 0 0 0 0 0 0 0 0.0
46000 47000 1 1 117 6925 1112 1320553 194 194 194 0 8000 8000 8000 0 128 128 128 0 1 1 1.0
47000 48000 1 1 64 3818 613 728156 107 107 107 0 0 0 0 0 0 0 0 0 0 0 0.0
48000 49000 1 1 108 6445 1021 1217876 192 192 192 0 8000 8000 8000 0 128 128 128 0 1 1 1.0
49000 50000 1 1 63 3777 598 713890 112 112 112 0 0 0 0 0 0 0 0 0 0 0 0.0
50000 51000 1 1 84 5108 793 943014 153 153 153 0 8000 8000 8000 0 128 128 128 0 1 1 1.0
51000 52000 1 1 97 5884 914 1086089 176 176 176 0 0 0 0 0 0 0 0 0 0 0 0.0
52000 53000 1 1 77 4633 736 876451 148 148 148 0 8000 8000 8000 0 128 128 128 0 1 1 1.0
53000 54000 1 1 97 5764 915 1090514 184 184 184 0 0 0 0 0 0 0 0 0 0 0 0.0
54000 55000 1 1 118 7061 1133 1352691 190 190 190 0 8000 8000 8000 0 128 128 128 0 1 1 1.0
55000 56000 1 1 62 3681 591 705206 99 99 99 0 0 0 0 0 0 0 0 0 0 0 0.0
56000 57000 1 1 179 10903 1632 1939696 599 599 599 0 8000 8000 8000 0 128 128 128 0 1 1 1.0
57000 58000 0 0 0 0 0 0 0 0 0 0 0 0 0 0 0 0 0 0 0 0 
58000 59000 1 1 176 10421 1695 2021436 594 594 594 0 8000 8000 8000 0 128 128 128 0 1 1 1.0
59000 60000 0 0 0 0 0 0 0 0 0 0 0 0 0 0 0 0 0 0 0 0 
60000 61000 1 1 179 10934 1711 2037947 592 592 592 0 8000 8000 8000 0 128 128 128 0 1 1 1.0
61000 62000 0 0 0 0 0 0 0 0 0 0 0 0 0 0 0 0 0 0 0 0 
62000 63000 1 1 174 10426 1625 1933944 595 595 595 0 8000 8000 8000 0 128 128 128 0 1 1 1.0
63000 64000 0 0 0 0 0 0 0 0 0 0 0 0 0 0 0 0 0 0 0 0 
64000 65000 1 1 148 9068 1407 1675979 604 604 604 0 8000 8000 8000 0 128 128 128 0 1 1 1.0
65000 66000 0 0 0 0 0 0 0 0 0 0 0 0 0 0 0 0 0 0 0 0 
66000 67000 1 1 186 11199 1738 2071595 601 601 601 0 8000 8000 8000 0 128 128 128 0 1 1 1.0
67000 68000 1 1 112 6387 1067 1501616 602 602 602 0 8000 8000 8000 0 128 128 128 0 1 1 0.0
68000 69000 2 1 41 2663 388 546253 218 152 185 46 0 0 0 0 0 0 0 0 0 0 1.0
69000 70000 2 1 28 3154 230 322416 845 148 496 492 8000 8000 8000 0 128 128 128 0 1 1 0.0
70000 71000 2 1 138 7242 1301 1829367 851 26 439 583 0 0 0 0 0 0 0 0 0 0 1.0
71000 72000 0 0 0 0 0 0 0 0 0 0 0 0 0 0 0 0 0 0 0 0 
72000 73000 1 1 24 1718 224 316370 150 150 150 0 8000 8000 8000 0 128 128 128 0 1 1 1.0
73000 74000 2 1 156 10661 1443 2034262 848 145 497 496 8000 8000 8000 0 128 128 128 0 1 1 0.0
74000 75000 2 1 108 5890 1044 1473462 847 125 486 510 0 0 0 0 0 0 0 0 0 0 1.0
75000 76000 2 1 30 2733 261 365471 872 122 497 530 8000 8000 8000 0 128 128 128 0 1 1 0.0
76000 77000 2 1 144 8088 1360 1920186 847 118 482 515 0 0 0 0 0 0 0 0 0 0 1.0
77000 78000 1 1 128 8145 1213 1705660 748 748 748 0 8000 8000 8000 0 128 128 128 0 1 1 0.0
78000 79000 1 1 31 1919 289 406672 153 153 153 0 0 0 0 0 0 0 0 0 0 0 1.0
79000 80000 1 1 133 8150 1230 1726968 650 650 650 0 8000 8000 8000 0 128 128 128 0 1 1 0.0
80000 81000 1 1 31 1916 301 425435 152 152 152 0 0 0 0 0 0 0 0 0 0 0 1.0
81000 82000 1 1 122 7447 1173 1652731 590 590 590 0 8000 8000 8000 0 128 128 128 0 1 1 0.0
82000 83000 1 1 33 2106 315 437069 153 153 153 0 0 0 0 0 0 0 0 0 0 0 1.0
83000 84000 1 1 122 7658 1145 1588815 558 558 558 0 8000 8000 8000 0 128 128 128 0 1 1 0.0
84000 85000 1 1 31 1922 298 420501 151 151 151 0 0 0 0 0 0 0 0 0 0 0 1.0
85000 86000 1 1 126 7646 1187 1672897 604 604 604 0 8000 8000 8000 0 128 128 128 0 1 1 0.0
86000 87000 1 1 57 3501 533 749302 152 152 152 0 8000 8000 8000 0 128 128 128 0 1 1 1.0
87000 88000 1 1 104 6415 976 1372740 279 279 279 0 0 0 0 0 0 0 0 0 0 0 0.0
88000 89000 1 1 53 3485 503 709635 194 194 194 0 0 0 0 0 128 128 128 0 0 1 1.0
89000 90000 1 1 93 6163 891 1254636 344 344 344 0 8000 8000 8000 0 0 0 0 0 1 0 0.0
90000 91000 1 1 52 3625 482 675773 189 189 189 0 8000 8000 8000 0 128 128 128 0 1 1 1.0
91000 92000 1 1 102 7134 950 1329557 372 372 372 0 0 0 0 0 0 0 0 0 0 0 0.0
92000 93000 1 1 107 6758 993 1397099 187 187 187 0 8000 8000 8000 0 128 128 128 0 1 1 1.0
93000 94000 1 1 42 2715 399 561265 75 75 75 0 0 0 0 0 0 0 0 0 0 0 0.0
94000 95000 1 1 119 7314 1166 1643896 190 190 190 0 8000 8000 8000 0 128 128 128 0 1 1 1.0
95000 96000 1 1 29 1811 288 407104 47 47 47 0 0 0 0 0 0 0 0 0 0 0 0.0
96000 97000 1 1 80 4977 755 1065976 148 148 148 0 8000 8000 8000 0 128 128 128 0 1 1 1.0
97000 98000 1 1 64 3952 600 846570 117 117 117 0 0 0 0 0 0 0 0 0 0 0 0.0
98000 99000 1 1 115 7248 1085 1531668 187 187 187 0 8000 8000 8000 0 128 128 128 0 1 1 1.0
99000 100000 1 1 29 1872 280 395782 48 48 48 0 0 0 0 0 0 0 0 0 0 0 0.0
100000 101000 1 1 70 4364 665 920754 149 149 149 0 8000 8000 8000 0 128 128 128 0 1 1 1.0
101000 102000 1 1 79 4875 744 1028614 167 167 167 0 0 0 0 0 0 0 0 0 0 0 0.0
102000 103000 1 1 70 4646 656 920928 153 153 153 0 8000 8000 8000 0 128 128 128 0 1 1 1.0
103000 104000 1 1 84 5560 786 1102219 183 183 183 0 0 0 0 0 0 0 0 0 0 0 0.0
104000 105000 1 1 144 8888 1354 1904155 595 595 595 0 8000 8000 8000 0 128 128 128 0 1 1 1.0
105000 106000 0 0 0 0 0 0 0 0 0 0 0 0 0 0 0 0 0 0 0 0 
106000 107000 1 1 51 3102 487 686315 151 151 151 0 8000 8000 8000 0 128 128 128 0 1 1 1.0
107000 108000 1 1 104 6348 997 1404065 309 309 309 0 0 0 0 0 0 0 0 0 0 0 0.0
108000 109000 1 1 151 9515 1403 1972813 603 603 603 0 8000 8000 8000 0 128 128 128 0 1 1 1.0
109000 110000 0 0 0 0 0 0 0 0 0 0 0 0 0 0 0 0 0 0 0 0 
110000 111000 1 1 153 9432 1412 1987511 604 604 604 0 8000 8000 8000 0 128 128 128 0 1 1 1.0
111000 112000 0 0 0 0 0 0 0 0 0 0 0 0 0 0 0 0 0 0 0 0 
112000 113000 1 1 155 9448 1445 2032307 595 595 595 0 8000 8000 8000 0 128 128 128 0 1 1 1.0
113000 114000 1 1 73 4268 704 992728 189 189 189 0 8000 8000 8000 0 128 128 128 0 1 1 0.0
114000 115000 2 1 87 5344 825 1163114 220 150 185 49 0 0 0 0 0 0 0 0 0 0 1.0
115000 116000 2 1 25 3016 193 268996 845 148 497 493 8000 8000 8000 0 128 128 128 0 1 1 0.0
116000 117000 2 1 100 5593 958 1350313 845 123 484 510 0 0 0 0 0 0 0 0 0 0 1.0
117000 118000 2 1 19 2159 173 241812 811 106 459 498 8000 8000 8000 0 128 128 128 0 1 1 0.0
118000 119000 2 1 139 7461 1433 2022712 885 96 490 558 0 0 0 0 0 0 0 0 0 0 1.0
119000 120000 2 1 37 3086 352 496061 903 95 499 571 8000 8000 8000 0 128 128 128 0 1 1 0.0
120000 121000 2 1 114 6238 1078 1520101 883 0 441 624 0 0 0 0 0 0 0 0 0 0 1.0
121000 122000 0 0 0 0 0 0 0 0 0 0 0 0 0 0 0 0 0 0 0 0 
122000 123000 0 0 0 0 0 0 0 0 0 0 0 0 0 0 0 0 0 0 0 0 
123000 124000 1 1 284 17181 2686 3789223 776 776 776 0 8000 8000 8000 0 128 128 128 0 2 2 1.0
124000 125000 1 1 41 2541 390 550907 153 153 153 0 0 0 0 0 0 0 0 0 0 0 1.0
125000 126000 1 1 139 8534 1310 1849729 514 514 514 0 8000 8000 8000 0 128 128 128 0 1 1 0.0
126000 127000 1 1 29 1768 284 396028 148 148 148 0 0 0 0 0 0 0 0 0 0 0 1.0
127000 128000 1 1 134 8072 1298 1807465 675 675 675 0 8000 8000 8000 0 128 128 128 0 1 1 0.0
128000 129000 1 1 30 1950 278 392130 153 153 153 0 0 0 0 0 0 0 0 0 0 0 1.0
129000 130000 1 1 113 7274 1039 1462533 572 572 572 0 8000 8000 8000 0 128 128 128 0 1 1 0.0
130000 131000 1 1 28 1791 269 379346 151 151 151 0 0 0 0 0 0 0 0 0 0 0 1.0
131000 132000 1 1 111 6908 1041 1463006 586 586 586 0 8000 8000 8000 0 128 128 128 0 1 1 0.0
132000 133000 1 1 34 2135 327 461047 153 153 153 0 0 0 0 0 0 0 0 0 0 0 1.0
133000 134000 1 1 123 7509 1150 1621040 539 539 539 0 8000 8000 8000 0 128 128 128 0 1 1 0.0
134000 135000 1 1 81 4979 779 1091930 152 152 152 0 8000 8000 8000 0 128 128 128 0 1 1 1.0
135000 136000 1 1 65 4045 632 886939 123 123 123 0 0 0 0 0 0 0 0 0 0 0 0.0
136000 137000 1 1 33 2057 310 436394 146 146 146 0 0 0 0 0 128 128 128 0 0 1 1.0
137000 138000 1 1 121 7551 1137 1601933 538 538 538 0 8000 8000 8000 0 0 0 0 0 1 0 0.0
138000 139000 1 1 68 4178 640 900787 148 148 148 0 8000 8000 8000 0 128 128 128 0 1 1 1.0
139000 140000 1 1 92 5608 858 1209013 199 199 199 0 0 0 0 0 0 0 0 0 0 0 0.0
140000 141000 1 1 70 4444 663 933591 151 151 151 0 8000 8000 8000 0 128 128 128 0 1 1 1.0
141000 142000 1 1 77 4822 720 1012918 164 164 164 0 0 0 0 0 0 0 0 0 0 0 0.0
142000 143000 1 1 76 5123 677 946789 190 190 190 0 8000 8000 8000 0 128 128 128 0 1 1 1.0
143000 144000 1 1 68 4550 601 840944 169 169 169 0 0 0 0 0 0 0 0 0 0 0 0.0
144000 145000 1 1 111 6697 1085 1531450 193 193 193 0 8000 8000 8000 0 128 128 128 0 1 1 1.0
145000 146000 1 1 54 3250 527 743212 93 93 93 0 0 0 0 0 0 0 0 0 0 0 0.0
146000 147000 1 1 33 2371 309 434235 152 152 152 0 8000 8000 8000 0 128 128 128 0 1 1 1.0
147000 148000 1 1 84 5928 772 1085333 380 380 380 0 0 0 0 0 0 0 0 0 0 0 0.0
148000 149000 1 1 75 4577 701 990050 186 186 186 0 8000 8000 8000 0 128 128 128 0 1 1 1.0
149000 150000 1 1 89 5411 829 1170284 219 219 219 0 0 0 0 0 0 0 0 0 0 0 0.0
150000 151000 1 1 44 2736 399 560874 149 149 149 0 8000 8000 8000 0 128 128 128 0 1 1 1.0
151000 152000 1 1 118 7303 1066 1497193 397 397 397 0 0 0 0 0 0 0 0 0 0 0 0.0
152000 153000 1 1 149 9121 1420 1999902 603 603 603 0 8000 8000 8000 0 128 128 128 0 1 1 1.0
153000 154000 0 0 0 0 0 0 0 0 0 0 0 0 0 0 0 0 0 0 0 0 
154000 155000 1 1 147 9029 1401 1967597 616 616 616 0 8000 8000 8000 0 128 128 128 0 1 1 1.0
155000 156000 0 0 0 0 0 0 0 0 0 0 0 0 0 0 0 0 0 0 0 0 
156000 157000 1 1 177 10906 1600 2248961 600 600 600 0 8000 8000 8000 0 128 128 128 0 1 1 1.0
157000 158000 0 0 0 0 0 0 0 0 0 0 0 0 0 0 0 0 0 0 0 0 
158000 159000 1 1 154 9657 1409 1981668 590 590 590 0 8000 8000 8000 0 128 128 128 0 1 1 1.0
159000 160000 1 1 95 5565 924 1303198 189 189 189 0 8000 8000 8000 0 128 128 128 0 1 1 0.0
160000 161000 2 1 65 3982 624 880081 152 127 140 18 0 0 0 0 0 0 0 0 0 0 1.0
161000 162000 2 1 18 2203 161 223106 837 130 483 499 0 0 0 0 128 128 128 0 0 1 0.0
162000 163000 2 1 90 5617 882 1244286 847 107 477 523 8000 8000 8000 0 0 0 0 0 1 0 1.0
163000 164000 2 1 22 2469 183 253242 854 91 473 539 8000 8000 8000 0 128 128 128 0 1 1 0.0
164000 165000 2 1 160 9945 1499 2109785 881 90 486 559 0 0 0 0 0 0 0 0 0 0 1.0
165000 166000 2 1 6 1516 36 48271 858 5 431 603 8000 8000 8000 0 128 128 128 0 1 1 0.0
166000 167000 1 1 136 7458 1289 1817333 907 907 907 0 0 0 0 0 0 0 0 0 0 0 1.0
167000 168000 1 1 51 3163 505 712292 190 190 190 0 8000 8000 8000 0 128 128 128 0 1 1 0.0
168000 169000 2 1 105 6817 1039 1462862 389 151 270 168 0 0 0 0 0 0 0 0 0 0 1.0
169000 170000 2 1 28 3153 253 353800 848 149 499 493 8000 8000 8000 0 128 128 128 0 1 1 0.0
170000 171000 2 1 137 7291 1328 1877200 847 113 480 519 0 0 0 0 0 0 0 0 0 0 1.0
171000 172000 2 1 29 2706 251 348837 881 112 497 543 8000 8000 8000 0 128 128 128 0 1 1 0.0
172000 173000 2 1 134 7502 1244 1755031 884 110 497 547 0 0 0 0 0 0 0 0 0 0 1.0
173000 174000 2 1 26 2534 200 280326 887 109 498 550 8000 8000 8000 0 128 128 128 0 1 1 0.0
174000 175000 2 1 127 6711 1231 1737896 847 25 436 581 0 0 0 0 0 0 0 0 0 0 1.0
175000 176000 0 0 0 0 0 0 0 0 0 0 0 0 0 0 0 0 0 0 0 0 
176000 177000 1 1 57 3881 553 780892 150 150 150 0 8000 8000 8000 0 128 128 128 0 1 1 1.0
177000 178000 1 1 216 14553 2074 2928207 564 564 564 0 8000 8000 8000 0 128 128 128 0 1 1 0.0
178000 179000 1 1 27 1805 257 362894 144 144 144 0 0 0 0 0 0 0 0 0 0 0 1.0
179000 180000 1 1 130 8560 1219 1720794 686 686 686 0 8000 8000 8000 0 128 128 128 0 1 1 0.0
180000 181000 1 1 31 1920 292 412454 150 150 150 0 0 0 0 0 0 0 0 0 0 0 1.0
181000 182000 1 1 125 7632 1162 1639022 596 596 596 0 8000 8000 8000 0 128 128 128 0 1 1 0.0
182000 183000 1 1 24 1613 234 330346 149 149 149 0 0 0 0 0 0 0 0 0 0 0 1.0
183000 184000 1 1 109 7045 1025 1442447 654 654 654 0 8000 8000 8000 0 128 128 128 0 1 1 0.0
184000 185000 1 1 103 6334 1018 1436687 178 178 178 0 8000 8000 8000 0 128 128 128 0 1 1 1.0
185000 186000 1 1 65 4003 643 908045 112 112 112 0 0 0 0 0 0 0 0 0 0 0 0.0
186000 187000 1 1 51 3592 478 671752 182 182 182 0 8000 8000 8000 0 128 128 128 0 1 1 1.0
187000 188000 1 1 106 7350 979 1374562 372 372 372 0 0 0 0 0 0 0 0 0 0 0 0.0
188000 189000 1 1 62 3821 596 834526 190 190 190 0 8000 8000 8000 0 128 128 128 0 1 1 1.0
189000 190000 1 1 90 5494 857 1199700 273 273 273 0 0 0 0 0 0 0 0 0 0 0 0.0
190000 191000 1 1 35 2227 323 454623 147 147 147 0 8000 8000 8000 0 128 128 128 0 1 1 1.0
191000 192000 1 1 136 8691 1261 1773481 574 574 574 0 0 0 0 0 0 0 0 0 0 0 0.0
192000 193000 1 1 69 4489 660 930092 152 152 152 0 8000 8000 8000 0 128 128 128 0 1 1 1.0
193000 194000 1 1 77 5054 744 1047054 172 172 172 0 0 0 0 0 0 0 0 0 0 0 0.0
194000 195000 1 1 60 3751 585 822538 151 151 151 0 8000 8000 8000 0 128 128 128 0 1 1 1.0
195000 196000 1 1 84 5181 807 1135903 209 209 209 0 0 0 0 0 0 0 0 0 0 0 0.0
196000 197000 1 1 147 9011 1401 1971960 607 607 607 0 8000 8000 8000 0 128 128 128 0 1 1 1.0
197000 198000 0 0 0 0 0 0 0 0 0 0 0 0 0 0 0 0 0 0 0 0 
198000 199000 1 1 2 752 5 3585 73 73 73 0 0 0 0 0 0 0 0 0 0 0 1.0
199000 200000 0 0 0 0 0 0 0 0 0 0 0 0 0 0 0 0 0 0 0 0 
200000 201000 1 1 68 4050 651 918323 152 152 152 0 8000 8000 8000 0 128 128 128 0 1 2 1.0
201000 202000 1 1 238 13991 2248 3171961 527 527 527 0 8000 8000 8000 0 0 0 0 0 1 0 0.0
202000 203000 1 1 153 9292 1464 2063372 595 595 595 0 8000 8000 8000 0 128 128 128 0 1 1 1.0
203000 204000 0 0 0 0 0 0 0 0 0 0 0 0 0 0 0 0 0 0 0 0 
204000 205000 1 1 156 9467 1455 2047463 605 605 605 0 8000 8000 8000 0 128 128 128 0 1 1 1.0
205000 206000 1 1 42 2577 411 579510 197 197 197 0 0 0 0 0 128 128 128 0 0 1 0.0
206000 207000 2 1 111 7392 1063 1496290 509 61 285 317 8000 8000 8000 0 0 0 0 0 1 0 1.0
207000 208000 0 0 0 0 0 0 0 0 0 0 0 0 0 0 0 0 0 0 0 0 
208000 209000 1 1 150 9179 1421 1993858 628 628 628 0 8000 8000 8000 0 128 128 128 0 1 1 1.0
209000 210000 0 0 0 0 0 0 0 0 0 0 0 0 0 0 0 0 0 0 0 0 
210000 211000 1 1 24 1758 222 312210 136 136 136 0 8000 8000 8000 0 128 128 128 0 1 1 1.0
211000 212000 2 1 169 12025 1571 2208560 863 131 497 517 8000 8000 8000 0 128 128 128 0 1 1 0.0
212000 213000 2 1 109 5979 1063 1502643 848 124 486 512 0 0 0 0 0 0 0 0 0 0 1.0
213000 214000 2 1 15 1965 123 170475 812 80 446 517 8000 8000 8000 0 128 128 128 0 1 1 0.0
214000 215000 1 1 136 7144 1348 1896943 909 909 909 0 0 0 0 0 0 0 0 0 0 0 1.0
215000 216000 1 1 73 4568 702 984155 191 191 191 0 8000 8000 8000 0 128 128 128 0 1 1 0.0
216000 217000 2 1 65 4384 622 871038 169 150 159 13 0 0 0 0 0 0 0 0 0 0 1.0
217000 218000 2 1 7 2045 39 52897 812 24 418 557 8000 8000 8000 0 128 128 128 0 1 1 0.0
218000 219000 1 1 138 7246 1338 1881554 912 912 912 0 0 0 0 0 0 0 0 0 0 0 1.0
219000 220000 1 1 95 5612 925 1303570 196 196 196 0 8000 8000 8000 0 128 128 128 0 1 1 0.0
220000 221000 2 1 85 5084 808 1138784 154 117 135 25 0 0 0 0 0 0 0 0 0 0 1.0
221000 222000 1 1 130 7879 1163 1638582 701 701 701 0 8000 8000 8000 0 128 128 128 0 1 1 0.0
222000 223000 1 1 27 1707 261 367705 151 151 151 0 0 0 0 0 0 0 0 0 0 0 1.0
223000 224000 1 1 114 7080 1085 1524320 628 628 628 0 8000 8000 8000 0 128 128 128 0 1 1 0.0
224000 225000 1 1 38 2395 352 494635 153 153 153 0 0 0 0 0 0 0 0 0 0 0 1.0
225000 226000 1 1 142 9008 1327 1860314 576 576 576 0 8000 8000 8000 0 128 128 128 0 1 1 0.0
226000 227000 1 1 30 1889 296 416337 153 153 153 0 0 0 0 0 0 0 0 0 0 0 1.0
227000 228000 1 1 113 6994 1096 1541518 568 568 568 0 8000 8000 8000 0 128 128 128 0 1 1 0.0
228000 229000 1 1 23 1480 222 311950 122 122 122 0 0 0 0 0 0 0 0 0 0 0 1.0
229000 230000 1 1 103 6577 986 1385890 545 545 545 0 8000 8000 8000 0 128 128 128 0 1 1 0.0
230000 231000 1 1 54 3397 497 699599 152 152 152 0 8000 8000 8000 0 128 128 128 0 1 1 1.0
231000 232000 1 1 85 5295 776 1090572 238 238 238 0 0 0 0 0 0 0 0 0 0 0 0.0
232000 233000 1 1 43 2594 418 590571 197 197 197 0 0 0 0 0 128 128 128 0 0 1 1.0
233000 234000 1 1 123 7368 1190 1677346 560 560 560 0 8000 8000 8000 0 0 0 0 0 1 0 0.0
234000 235000 1 1 79 4883 741 1041253 151 151 151 0 8000 8000 8000 0 128 128 128 0 1 1 1.0
235000 236000 1 1 76 4721 717 1006596 145 145 145 0 0 0 0 0 0 0 0 0 0 0 0.0
236000 237000 1 1 92 5691 890 1255281 195 195 195 0 8000 8000 8000 0 128 128 128 0 1 1 1.0
237000 238000 1 1 50 3147 492 694111 108 108 108 0 0 0 0 0 0 0 0 0 0 0 0.0
238000 239000 1 1 100 6209 1095 1545412 194 194 194 0 8000 8000 8000 0 128 128 128 0 1 1 1.0
239000 240000 1 1 48 2957 522 736114 92 92 92 0 0 0 0 0 0 0 0 0 0 0 0.0
240000 241000 1 1 62 3854 599 845658 135 135 135 0 8000 8000 8000 0 128 128 128 0 1 1 1.0
241000 242000 1 1 98 5998 932 1316295 211 211 211 0 0 0 0 0 0 0 0 0 0 0 0.0
242000 243000 0 0 0 0 0 0 0 0 0 0 0 0 0 0 0 0 0 0 0 0 
243000 244000 1 1 122 7812 1165 1633160 451 451 451 0 8000 8000 8000 0 128 128 128 0 1 1 1.0
244000 245000 1 1 71 4018 682 961125 197 197 197 0 8000 8000 8000 0 128 128 128 0 1 1 0.0
245000 246000 1 1 84 4755 807 1137210 233 233 233 0 0 0 0 0 0 0 0 0 0 0 0.0
246000 247000 1 1 57 3590 541 760510 149 149 149 0 8000 8000 8000 0 128 128 128 0 1 1 1.0
247000 248000 1 1 95 5956 899 1261693 248 248 248 0 0 0 0 0 0 0 0 0 0 0 0.0
248000 249000 1 1 152 9940 1453 2048693 607 607 607 0 8000 8000 8000 0 128 128 128 0 1 1 1.0
249000 250000 0 0 0 0 0 0 0 0 0 0 0 0 0 0 0 0 0 0 0 0 
250000 251000 1 1 146 9278 1429 2008584 635 635 635 0 8000 8000 8000 0 128 128 128 0 1 1 1.0
251000 252000 0 0 0 0 0 0 0 0 0 0 0 0 0 0 0 0 0 0 0 0 
252000 253000 1 1 159 9519 1485 2099446 624 624 624 0 8000 8000 8000 0 128 128 128 0 1 1 1.0
253000 254000 0 0 0 0 0 0 0 0 0 0 0 0 0 0 0 0 0 0 0 0 
254000 255000 1 1 59 3737 522 737581 150 150 150 0 8000 8000 8000 0 128 128 128 0 1 1 1.0
255000 256000 1 1 116 7396 1034 1459851 297 297 297 0 0 0 0 0 0 0 0 0 0 0 0.0
256000 257000 1 1 27 2023 238 336428 152 152 152 0 8000 8000 8000 0 128 128 128 0 1 1 1.0
257000 258000 2 1 171 12154 1501 2114803 839 140 490 494 8000 8000 8000 0 128 128 128 0 1 1 0.0
258000 259000 2 1 118 6423 1135 1601334 847 109 478 522 0 0 0 0 0 0 0 0 0 0 1.0
259000 260000 2 1 16 2042 93 126572 858 45 452 574 8000 8000 8000 0 128 128 128 0 1 1 0.0
260000 261000 1 1 139 7638 1318 1861058 918 918 918 0 0 0 0 0 0 0 0 0 0 0 1.0
261000 262000 1 1 128 7407 1189 1680733 192 192 192 0 8000 8000 8000 0 128 128 128 0 1 1 0.0
262000 263000 2 1 31 2099 282 399059 153 45 99 76 0 0 0 0 0 0 0 0 0 0 1.0
263000 264000 2 1 23 2934 183 255060 826 135 481 488 8000 8000 8000 0 128 128 128 0 1 1 0.0
264000 265000 2 1 124 7040 1124 1583308 850 106 478 525 0 0 0 0 0 0 0 0 0 0 1.0
265000 266000 2 1 20 2866 144 198795 891 85 488 570 8000 8000 8000 0 128 128 128 0 1 1 0.0
266000 267000 2 1 125 6755 1230 1736703 894 75 484 578 0 0 0 0 0 0 0 0 0 0 1.0
267000 268000 2 1 18 2188 139 190450 878 60 469 578 8000 8000 8000 0 128 128 128 0 1 1 0.0
268000 269000 1 1 144 7840 1322 1858728 925 925 925 0 0 0 0 0 0 0 0 0 0 0 1.0
269000 270000 1 1 164 9483 1490 2099957 316 316 316 0 8000 8000 8000 0 128 128 128 0 1 1 0.0
270000 271000 1 1 0 346 0 560 152 152 152 0 0 0 0 0 0 0 0 0 0 0 1.0
271000 272000 2 1 25 3011 215 301006 814 143 479 474 8000 8000 8000 0 128 128 128 0 1 1 0.0
272000 273000 2 1 155 8264 1469 2075373 846 105 476 524 0 0 0 0 0 0 0 0 0 0 1.0
273000 274000 1 1 138 7966 1269 1784818 597 597 597 0 8000 8000 8000 0 128 128 128 0 1 1 0.0
274000 275000 1 1 29 1870 260 364807 151 151 151 0 0 0 0 0 0 0 0 0 0 0 1.0
275000 276000 1 1 122 7639 1063 1490081 617 617 617 0 8000 8000 8000 0 128 128 128 0 1 1 0.0
276000 277000 1 1 38 2474 344 485837 148 148 148 0 8000 8000 8000 0 128 128 128 0 1 1 1.0
277000 278000 1 1 115 7344 1023 1442088 440 440 440 0 0 0 0 0 0 0 0 0 0 0 0.0
278000 279000 1 1 45 3023 408 576173 148 148 148 0 8000 8000 8000 0 128 128 128 0 1 1 1.0
279000 280000 1 1 112 7569 1023 1442706 371 371 371 0 0 0 0 0 0 0 0 0 0 0 0.0
280000 281000 1 1 68 4100 643 907817 147 147 147 0 8000 8000 8000 0 128 128 128 0 1 1 1.0
281000 282000 1 1 103 6122 959 1355325 220 220 220 0 0 0 0 0 0 0 0 0 0 0 0.0
282000 283000 1 1 63 3894 565 796698 150 150 150 0 8000 8000 8000 0 128 128 128 0 1 1 1.0
283000 284000 1 1 97 6054 878 1238813 234 234 234 0 0 0 0 0 0 0 0 0 0 0 0.0
284000 285000 1 1 60 3789 551 775208 151 151 151 0 8000 8000 8000 0 128 128 128 0 1 1 1.0
285000 286000 1 1 75 4798 698 981827 191 191 191 0 0 0 0 0 0 0 0 0 0 0 0.0
286000 287000 1 1 79 4704 725 1019539 150 150 150 0 8000 8000 8000 0 128 128 128 0 1 1 1.0
287000 288000 1 1 99 5950 916 1289363 190 190 190 0 0 0 0 0 0 0 0 0 0 0 0.0
288000 289000 1 1 51 3254 442 619890 147 147 147 0 8000 8000 8000 0 128 128 128 0 1 1 1.0
289000 290000 1 1 107 6708 910 1277601 304 304 304 0 0 0 0 0 0 0 0 0 0 0 0.0
290000 291000 1 1 72 4493 656 924508 150 150 150 0 8000 8000 8000 0 128 128 128 0 1 1 1.0
291000 292000 1 1 76 4712 687 969573 158 158 158 0 0 0 0 0 0 0 0 0 0 0 0.0
292000 293000 1 1 57 3550 541 763964 151 151 151 0 8000 8000 8000 0 128 128 128 0 1 1 1.0
293000 294000 1 1 97 5950 906 1280455 254 254 254 0 0 0 0 0 0 0 0 0 0 0 0.0
294000 295000 1 1 152 9431 1423 2008087 612 612 612 0 8000 8000 8000 0 128 128 128 0 1 1 1.0
295000 296000 0 0 0 0 0 0 0 0 0 0 0 0 0 0 0 0 0 0 0 0 
296000 297000 1 1 140 9467 1279 1798197 627 627 627 0 8000 8000 8000 0 128 128 128 0 1 1 1.0
297000 298000 0 0 0 0 0 0 0 0 0 0 0 0 0 0 0 0 0 0 0 0 
298000 299000 1 1 163 10656 1461 2064775 613 613 613 0 8000 8000 8000 0 128 128 128 0 1 1 1.0
299000 300000 0 0 0 0 0 0 0 0 0 0 0 0 0 0 0 0 0 0 0 0 
300000 301000 0 0 0 0 0 0 0 0 0 0 0 0 0 0 0 0 0 0 0 0 
