ts te nbins ncons c_pkts_all c_bytes_all s_pkts_all s_bytes_all max_bin min_bin avg_bin std_bin max_vid min_vid avg_vid std_vid max_aud min_aud avg_aud std_aud num_vid num_aud num_mfs
0 1000 0 0 0 0 0 0 0 0 0 0 0 0 0 0 0 0 0 0 0 0 
1000 2000 0 0 0 0 0 0 0 0 0 0 0 0 0 0 0 0 0 0 0 0 
2000 3000 0 0 0 0 0 0 0 0 0 0 0 0 0 0 0 0 0 0 0 0 
3000 4000 0 0 0 0 0 0 0 0 0 0 0 0 0 0 0 0 0 0 0 0 
4000 5000 0 0 0 0 0 0 0 0 0 0 0 0 0 0 0 0 0 0 0 0 
5000 6000 0 0 0 0 0 0 0 0 0 0 0 0 0 0 0 0 0 0 0 0 
6000 7000 1 1 51 7180 80 108065 816 816 816 0 0 0 0 0 0 0 0 0 0 0 1.0
7000 8000 2 1 540 32263 4302 5390578 793 156 475 450 4400 4400 4400 0 128 128 128 0 6 6 0.0
8000 9000 2 1 221 12443 1923 2349311 750 185 468 399 4400 4400 4400 0 128 128 128 0 2 2 0.0
9000 10000 1 1 57 4466 493 588697 656 656 656 0 0 0 0 0 0 0 0 0 0 0 1.0
10000 11000 2 1 150 9516 1351 1599555 656 343 499 221 4400 4400 4400 0 128 128 128 0 2 2 0.0
11000 12000 1 1 28 1719 261 309316 157 157 157 0 0 0 0 0 0 0 0 0 0 0 1.0
12000 13000 0 0 0 0 0 0 0 0 0 0 0 0 0 0 0 0 0 0 0 0 
13000 14000 1 1 3 794 5 3583 81 81 81 0 0 0 0 0 0 0 0 0 0 0 1.0
14000 15000 0 0 0 0 0 0 0 0 0 0 0 0 0 0 0 0 0 0 0 0 
15000 16000 1 1 351 21706 3301 3938298 744 744 744 0 8000 8000 8000 0 128 128 128 0 3 3 1.0
16000 17000 1 1 161 9189 1567 1870776 872 872 872 0 8000 8000 8000 0 128 128 128 0 1 1 0.0
17000 18000 2 1 21 1180 198 234712 107 28 67 56 0 0 0 0 0 0 0 0 0 0 1.0
18000 19000 0 0 0 0 0 0 0 0 0 0 0 0 0 0 0 0 0 0 0 0 
19000 20000 1 1 187 12488 1723 2049688 618 618 618 0 8000 8000 8000 0 128 128 128 0 1 1 1.0
20000 21000 1 1 145 8504 1413 1687130 872 872 872 0 8000 8000 8000 0 128 128 128 0 1 1 0.0
21000 22000 2 1 20 1176 192 227653 115 25 70 64 0 0 0 0 0 0 0 0 0 0 1.0
22000 23000 0 0 0 0 0 0 0 0 0 0 0 0 0 0 0 0 0 0 0 0 
23000 24000 1 1 181 13738 1729 2054880 588 588 588 0 8000 8000 8000 0 128 128 128 0 1 1 1.0
24000 25000 1 1 72 5300 653 776569 871 871 871 0 8000 8000 8000 0 128 128 128 0 1 1 0.0
25000 26000 2 1 12 1897 92 106985 749 116 433 447 0 0 0 0 0 0 0 0 0 0 1.0
26000 27000 2 1 48 4736 404 472826 607 191 399 293 8000 8000 8000 0 128 128 128 0 1 1 0.0
27000 28000 2 1 265 15250 2536 3019328 604 330 467 194 8000 8000 8000 0 128 128 128 0 3 3 1.0
28000 29000 1 1 2 114 20 24734 5 5 5 0 0 0 0 0 0 0 0 0 0 0 0.0
29000 30000 1 1 2 751 7 4731 130 130 130 0 0 0 0 0 0 0 0 0 0 0 1.0
30000 31000 0 0 0 0 0 0 0 0 0 0 0 0 0 0 0 0 0 0 0 0 
31000 32000 1 1 201 12368 1927 2293967 618 618 618 0 8000 8000 8000 0 128 128 128 0 1 1 1.0
32000 33000 0 0 0 0 0 0 0 0 0 0 0 0 0 0 0 0 0 0 0 0 
33000 34000 1 1 366 21032 3539 4240606 872 872 872 0 8000 8000 8000 0 128 128 128 0 2 2 1.0
34000 35000 0 0 0 0 0 0 0 0 0 0 0 0 0 0 0 0 0 0 0 0 
35000 36000 1 1 2 751 7 4747 102 102 102 0 0 0 0 0 0 0 0 0 0 0 1.0
36000 37000 0 0 0 0 0 0 0 0 0 0 0 0 0 0 0 0 0 0 0 0 
37000 38000 1 1 365 21506 3483 4160005 817 817 817 0 8000 8000 8000 0 128 128 128 0 2 2 1.0
38000 39000 0 0 0 0 0 0 0 0 0 0 0 0 0 0 0 0 0 0 0 0 
39000 40000 1 1 170 10672 1680 2005503 923 923 923 0 8000 8000 8000 0 128 128 128 0 1 1 1.0
40000 41000 0 0 0 0 0 0 0 0 0 0 0 0 0 0 0 0 0 0 0 0 
41000 42000 1 1 178 10667 1696 2023863 578 578 578 0 8000 8000 8000 0 128 128 128 0 1 1 1.0
42000 43000 0 0 0 0 0 0 0 0 0 0 0 0 0 0 0 0 0 0 0 0 
43000 44000 1 1 183 10779 1687 2003621 770 770 770 0 8000 8000 8000 0 128 128 128 0 1 1 1.0
44000 45000 0 0 0 0 0 0 0 0 0 0 0 0 0 0 0 0 0 0 0 0 
45000 46000 1 1 178 10510 1735 2070220 588 588 588 0 8000 8000 8000 0 128 128 128 0 1 1 1.0
46000 47000 0 0 0 0 0 0 0 0 0 0 0 0 0 0 0 0 0 0 0 0 
47000 48000 1 1 180 10795 1685 2004321 592 592 592 0 8000 8000 8000 0 128 128 128 0 1 1 1.0
48000 49000 0 0 0 0 0 0 0 0 0 0 0 0 0 0 0 0 0 0 0 0 
49000 50000 1 1 181 10742 1658 1968693 562 562 562 0 8000 8000 8000 0 128 128 128 0 1 1 1.0
50000 51000 0 0 0 0 0 0 0 0 0 0 0 0 0 0 0 0 0 0 0 0 
51000 52000 1 1 2 751 7 4769 102 102 102 0 0 0 0 0 0 0 0 0 0 0 1.0
52000 53000 0 0 0 0 0 0 0 0 0 0 0 0 0 0 0 0 0 0 0 0 
53000 54000 1 1 372 21403 3538 4214594 847 847 847 0 8000 8000 8000 0 128 128 128 0 2 2 1.0
54000 55000 0 0 0 0 0 0 0 0 0 0 0 0 0 0 0 0 0 0 0 0 
55000 56000 1 1 167 9988 1593 1893757 486 486 486 0 8000 8000 8000 0 128 128 128 0 1 1 1.0
56000 57000 0 0 0 0 0 0 0 0 0 0 0 0 0 0 0 0 0 0 0 0 
57000 58000 1 1 191 11530 1774 2108062 494 494 494 0 8000 8000 8000 0 128 128 128 0 1 1 1.0
58000 59000 1 1 79 4999 751 893439 375 375 375 0 8000 8000 8000 0 128 128 128 0 1 1 0.0
59000 60000 1 1 101 6325 951 1130239 475 475 475 0 0 0 0 0 0 0 0 0 0 0 1.0
60000 61000 1 1 111 6577 1044 1244520 373 373 373 0 8000 8000 8000 0 128 128 128 0 1 1 0.0
61000 62000 1 1 76 4486 712 848845 254 254 254 0 0 0 0 0 0 0 0 0 0 0 1.0
62000 63000 1 1 116 7043 1107 1318253 368 368 368 0 8000 8000 8000 0 128 128 128 0 1 1 0.0
63000 64000 1 1 48 2939 462 550097 153 153 153 0 0 0 0 0 0 0 0 0 0 0 1.0
64000 65000 1 1 103 6167 981 1169301 371 371 371 0 8000 8000 8000 0 128 128 128 0 1 1 0.0
65000 66000 1 1 68 4066 647 770970 245 245 245 0 0 0 0 0 0 0 0 0 0 0 1.0
66000 67000 1 1 183 10594 1547 1848870 871 871 871 0 8000 8000 8000 0 128 128 128 0 1 1 0.0
67000 68000 2 1 29 2693 211 250709 779 112 446 471 0 0 0 0 0 0 0 0 0 0 1.0
68000 69000 2 1 114 6468 1081 1524271 740 209 474 375 8000 8000 8000 0 128 128 128 0 1 1 0.0
69000 70000 1 1 29 1603 282 398935 194 194 194 0 0 0 0 0 0 0 0 0 0 0 1.0
70000 71000 0 0 0 0 0 0 0 0 0 0 0 0 0 0 0 0 0 0 0 0 
71000 72000 1 1 150 9170 1436 2022378 541 541 541 0 8000 8000 8000 0 128 128 128 0 1 1 1.0
72000 73000 1 1 136 8334 1284 1809445 870 870 870 0 8000 8000 8000 0 128 128 128 0 1 1 0.0
73000 74000 2 1 20 2302 174 242234 787 114 450 475 0 0 0 0 0 0 0 0 0 0 1.0
74000 75000 2 1 106 6051 995 1395035 681 186 433 349 8000 8000 8000 0 128 128 128 0 1 1 0.0
75000 76000 1 1 41 2252 388 544696 266 266 266 0 0 0 0 0 0 0 0 0 0 0 1.0
76000 77000 1 1 132 8093 1259 1773513 864 864 864 0 8000 8000 8000 0 128 128 128 0 1 1 0.0
77000 78000 2 1 152 8725 1418 1995018 770 109 440 467 8000 8000 8000 0 128 128 128 0 1 1 1.0
78000 79000 1 1 14 817 133 187973 81 81 81 0 0 0 0 0 0 0 0 0 0 0 0.0
79000 80000 1 1 163 10130 1450 2037150 909 909 909 0 8000 8000 8000 0 128 128 128 0 1 1 1.0
80000 81000 0 0 0 0 0 0 0 0 0 0 0 0 0 0 0 0 0 0 0 0 
81000 82000 1 1 154 9392 1387 1955222 941 941 941 0 8000 8000 8000 0 128 128 128 0 1 1 1.0
82000 83000 1 1 2 134 19 27976 13 13 13 0 0 0 0 0 0 0 0 0 0 0 0.0
83000 84000 1 1 134 8486 1236 1734599 942 942 942 0 8000 8000 8000 0 128 128 128 0 1 1 1.0
84000 85000 2 1 24 1334 209 286716 57 46 51 7 0 0 0 0 0 0 0 0 0 0 0.0
85000 86000 1 1 145 8932 1360 1912612 586 586 586 0 8000 8000 8000 0 128 128 128 0 1 1 1.0
86000 87000 0 0 0 0 0 0 0 0 0 0 0 0 0 0 0 0 0 0 0 0 
87000 88000 1 1 165 10019 1482 2078235 658 658 658 0 8000 8000 8000 0 128 128 128 0 1 1 1.0
88000 89000 0 0 0 0 0 0 0 0 0 0 0 0 0 0 0 0 0 0 0 0 
89000 90000 1 1 4 849 6 3613 105 105 105 0 0 0 0 0 0 0 0 0 0 0 1.0
90000 91000 0 0 0 0 0 0 0 0 0 0 0 0 0 0 0 0 0 0 0 0 
91000 92000 1 1 313 18411 2903 4089665 738 738 738 0 8000 8000 8000 0 128 128 128 0 2 2 1.0
92000 93000 0 0 0 0 0 0 0 0 0 0 0 0 0 0 0 0 0 0 0 0 
93000 94000 1 1 152 9280 1370 1925139 568 568 568 0 8000 8000 8000 0 128 128 128 0 1 1 1.0
94000 95000 0 0 0 0 0 0 0 0 0 0 0 0 0 0 0 0 0 0 0 0 
95000 96000 1 1 158 9972 1511 2128027 485 485 485 0 8000 8000 8000 0 128 128 128 0 1 1 1.0
96000 97000 0 0 0 0 0 0 0 0 0 0 0 0 0 0 0 0 0 0 0 0 
97000 98000 1 1 146 8987 1367 1925448 405 405 405 0 8000 8000 8000 0 128 128 128 0 1 1 1.0
98000 99000 0 0 0 0 0 0 0 0 0 0 0 0 0 0 0 0 0 0 0 0 
99000 100000 1 1 152 9439 1427 2008567 537 537 537 0 8000 8000 8000 0 128 128 128 0 1 1 1.0
100000 101000 0 0 0 0 0 0 0 0 0 0 0 0 0 0 0 0 0 0 0 0 
101000 102000 1 1 161 9929 1508 2124463 561 561 561 0 8000 8000 8000 0 128 128 128 0 1 1 1.0
102000 103000 1 1 85 5296 775 1093041 369 369 369 0 8000 8000 8000 0 128 128 128 0 1 1 0.0
103000 104000 1 1 65 4084 598 842740 284 284 284 0 0 0 0 0 0 0 0 0 0 0 1.0
104000 105000 0 0 0 0 0 0 0 0 0 0 0 0 0 0 0 0 0 0 0 0 
105000 106000 1 1 2 751 6 3662 96 96 96 0 0 0 0 0 0 0 0 0 0 0 1.0
106000 107000 0 0 0 0 0 0 0 0 0 0 0 0 0 0 0 0 0 0 0 0 
107000 108000 1 1 299 18355 2841 4009068 754 754 754 0 8000 8000 8000 0 128 128 128 0 2 2 1.0
108000 109000 1 1 93 5725 841 1167258 371 371 371 0 8000 8000 8000 0 128 128 128 0 1 1 0.0
109000 110000 1 1 61 3773 554 769138 244 244 244 0 0 0 0 0 0 0 0 0 0 0 1.0
110000 111000 1 1 107 6641 981 1379989 375 375 375 0 8000 8000 8000 0 128 128 128 0 1 1 0.0
111000 112000 1 1 56 3526 521 732738 199 199 199 0 0 0 0 0 0 0 0 0 0 0 1.0
112000 113000 0 0 0 0 0 0 0 0 0 0 0 0 0 0 0 0 0 0 0 0 
113000 114000 1 1 157 9501 1481 2083598 438 438 438 0 8000 8000 8000 0 128 128 128 0 1 1 1.0
114000 115000 0 0 0 0 0 0 0 0 0 0 0 0 0 0 0 0 0 0 0 0 
115000 116000 1 1 141 9768 1293 1817958 509 509 509 0 8000 8000 8000 0 128 128 128 0 1 1 1.0
116000 117000 0 0 0 0 0 0 0 0 0 0 0 0 0 0 0 0 0 0 0 0 
117000 118000 1 1 156 9649 1421 1999290 365 365 365 0 8000 8000 8000 0 128 128 128 0 1 1 1.0
118000 119000 0 0 0 0 0 0 0 0 0 0 0 0 0 0 0 0 0 0 0 0 
119000 120000 1 1 160 9715 1489 2096004 500 500 500 0 8000 8000 8000 0 128 128 128 0 1 1 1.0
120000 121000 1 1 131 8134 1276 1800561 870 870 870 0 8000 8000 8000 0 128 128 128 0 1 1 0.0
121000 122000 2 1 19 1164 180 251045 119 24 72 67 0 0 0 0 0 0 0 0 0 0 1.0
122000 123000 0 0 0 0 0 0 0 0 0 0 0 0 0 0 0 0 0 0 0 0 
123000 124000 1 1 231 13923 2164 3051205 614 614 614 0 8000 8000 8000 0 128 128 128 0 2 2 1.0
124000 125000 1 1 61 3690 573 808817 162 162 162 0 0 0 0 0 0 0 0 0 0 0 0.0
125000 126000 1 1 158 9546 1483 2064401 936 936 936 0 8000 8000 8000 0 128 128 128 0 1 1 1.0
126000 127000 1 1 2 148 23 32218 14 14 14 0 0 0 0 0 0 0 0 0 0 0 0.0
127000 128000 1 1 151 9481 1388 1951550 938 938 938 0 8000 8000 8000 0 128 128 128 0 1 1 1.0
128000 129000 1 1 1 105 15 21726 10 10 10 0 0 0 0 0 0 0 0 0 0 0 0.0
129000 130000 1 1 136 8411 1255 1760551 942 942 942 0 8000 8000 8000 0 128 128 128 0 1 1 1.0
130000 131000 2 1 8 1139 65 89260 932 47 490 625 0 0 0 0 0 0 0 0 0 0 0.0
131000 132000 2 1 1 91 6 3664 58 57 57 0 0 0 0 0 0 0 0 0 0 0 1.0
132000 133000 0 0 0 0 0 0 0 0 0 0 0 0 0 0 0 0 0 0 0 0 
133000 134000 1 1 303 17841 2896 4072323 802 802 802 0 8000 8000 8000 0 128 128 128 0 2 2 1.0
134000 135000 0 0 0 0 0 0 0 0 0 0 0 0 0 0 0 0 0 0 0 0 
135000 136000 1 1 89 6311 792 1115629 941 941 941 0 8000 8000 8000 0 128 128 128 0 1 1 1.0
136000 137000 2 1 61 3882 586 820169 941 55 498 626 0 0 0 0 0 0 0 0 0 0 0.0
137000 138000 2 1 5 311 39 50281 58 48 53 6 0 0 0 0 0 0 0 0 0 0 1.0
138000 139000 0 0 0 0 0 0 0 0 0 0 0 0 0 0 0 0 0 0 0 0 
139000 140000 1 1 122 9055 1133 1600422 940 940 940 0 8000 8000 8000 0 128 128 128 0 1 1 1.0
140000 141000 2 1 168 8994 1586 2229785 940 59 499 622 8000 8000 8000 0 128 128 128 0 1 1 0.0
141000 142000 2 1 119 7097 1129 1589020 315 57 186 182 8000 8000 8000 0 128 128 128 0 1 1 1.0
142000 143000 1 1 12 1800 86 117556 365 365 365 0 8000 8000 8000 0 128 128 128 0 2 2 0.0
143000 144000 2 1 76 7081 642 891559 627 310 468 223 8000 8000 8000 0 128 128 128 0 1 1 1.0
144000 145000 0 0 0 0 0 0 0 0 0 0 0 0 0 0 0 0 0 0 0 0 
145000 146000 1 1 189 11251 1780 2504477 602 602 602 0 8000 8000 8000 0 128 128 128 0 1 1 1.0
146000 147000 0 0 0 0 0 0 0 0 0 0 0 0 0 0 0 0 0 0 0 0 
147000 148000 1 1 175 10344 1630 2247506 921 921 921 0 8000 8000 8000 0 128 128 128 0 1 1 1.0
148000 149000 0 0 0 0 0 0 0 0 0 0 0 0 0 0 0 0 0 0 0 0 
149000 150000 1 1 142 8874 1293 1815112 620 620 620 0 8000 8000 8000 0 128 128 128 0 1 1 1.0
150000 151000 1 1 101 6235 978 1376433 376 376 376 0 8000 8000 8000 0 128 128 128 0 1 1 0.0
151000 152000 1 1 43 2656 416 586478 160 160 160 0 0 0 0 0 0 0 0 0 0 0 1.0
152000 153000 0 0 0 0 0 0 0 0 0 0 0 0 0 0 0 0 0 0 0 0 
153000 154000 1 1 148 9047 1406 1974218 624 624 624 0 8000 8000 8000 0 128 128 128 0 1 1 1.0
154000 155000 1 1 98 6107 930 1305693 371 371 371 0 8000 8000 8000 0 128 128 128 0 1 1 0.0
155000 156000 1 1 66 4090 622 874550 248 248 248 0 0 0 0 0 0 0 0 0 0 0 1.0
156000 157000 1 1 104 6433 993 1399649 371 371 371 0 8000 8000 8000 0 128 128 128 0 1 1 0.0
157000 158000 1 1 45 2797 432 608489 161 161 161 0 0 0 0 0 0 0 0 0 0 0 1.0
158000 159000 0 0 0 0 0 0 0 0 0 0 0 0 0 0 0 0 0 0 0 0 
159000 160000 1 1 138 8584 1320 1726860 502 502 502 0 8000 8000 8000 0 128 128 128 0 1 1 1.0
160000 161000 0 0 0 0 0 0 0 0 0 0 0 0 0 0 0 0 0 0 0 0 
161000 162000 1 1 170 10508 1601 2249823 408 408 408 0 8000 8000 8000 0 128 128 128 0 1 1 1.0
162000 163000 0 0 0 0 0 0 0 0 0 0 0 0 0 0 0 0 0 0 0 0 
163000 164000 1 1 149 9186 1424 2003662 420 420 420 0 8000 8000 8000 0 128 128 128 0 1 1 1.0
164000 165000 1 1 139 8355 1337 1888438 867 867 867 0 8000 8000 8000 0 128 128 128 0 1 1 0.0
165000 166000 2 1 18 1108 175 244519 110 31 70 55 0 0 0 0 0 0 0 0 0 0 1.0
166000 167000 0 0 0 0 0 0 0 0 0 0 0 0 0 0 0 0 0 0 0 0 
167000 168000 2 2 297 21882 2761 3885657 940 458 699 340 8000 8000 8000 0 128 128 128 0 2 2 1.0
168000 169000 3 2 11 2028 74 99801 555 23 240 279 0 0 0 0 0 0 0 0 0 0 0.0
169000 170000 1 1 1 226 2 1214 190 190 190 0 0 0 0 0 0 0 0 0 0 0 1.0
170000 171000 0 0 0 0 0 0 0 0 0 0 0 0 0 0 0 0 0 0 0 0 
171000 172000 1 1 145 9805 1360 1912799 483 483 483 0 8000 8000 8000 0 128 128 128 0 1 1 1.0
172000 173000 1 1 131 8141 1247 1756428 872 872 872 0 8000 8000 8000 0 128 128 128 0 1 1 0.0
173000 174000 2 1 179 10195 1637 2300072 791 117 454 476 8000 8000 8000 0 128 128 128 0 1 1 1.0
174000 175000 1 1 8 496 80 112700 43 43 43 0 0 0 0 0 0 0 0 0 0 0 0.0
175000 176000 1 1 3 798 7 4771 119 119 119 0 0 0 0 0 0 0 0 0 0 0 1.0
176000 177000 0 0 0 0 0 0 0 0 0 0 0 0 0 0 0 0 0 0 0 0 
177000 178000 1 1 300 17942 2847 4012865 882 882 882 0 8000 8000 8000 0 128 128 128 0 2 2 1.0
178000 179000 0 0 0 0 0 0 0 0 0 0 0 0 0 0 0 0 0 0 0 0 
179000 180000 1 1 2 751 7 4696 111 111 111 0 0 0 0 0 0 0 0 0 0 0 1.0
180000 181000 0 0 0 0 0 0 0 0 0 0 0 0 0 0 0 0 0 0 0 0 
181000 182000 1 1 131 8529 1231 1729645 303 303 303 0 8000 8000 8000 0 128 128 128 0 1 1 1.0
182000 183000 0 0 0 0 0 0 0 0 0 0 0 0 0 0 0 0 0 0 0 0 
183000 184000 1 1 319 18619 3047 4296426 683 683 683 0 8000 8000 8000 0 128 128 128 0 2 2 1.0
184000 185000 0 0 0 0 0 0 0 0 0 0 0 0 0 0 0 0 0 0 0 0 
185000 186000 1 1 3 798 8 4669 93 93 93 0 0 0 0 0 0 0 0 0 0 0 1.0
186000 187000 0 0 0 0 0 0 0 0 0 0 0 0 0 0 0 0 0 0 0 0 
187000 188000 1 1 278 16738 2652 3739333 410 410 410 0 8000 8000 8000 0 128 128 128 0 2 2 1.0
188000 189000 0 0 0 0 0 0 0 0 0 0 0 0 0 0 0 0 0 0 0 0 
189000 190000 1 1 150 9145 1427 2008913 410 410 410 0 8000 8000 8000 0 128 128 128 0 1 1 1.0
190000 191000 0 0 0 0 0 0 0 0 0 0 0 0 0 0 0 0 0 0 0 0 
191000 192000 1 1 154 9501 1457 2049475 614 614 614 0 8000 8000 8000 0 128 128 128 0 1 1 1.0
192000 193000 0 0 0 0 0 0 0 0 0 0 0 0 0 0 0 0 0 0 0 0 
193000 194000 1 1 3 799 6 4651 70 70 70 0 0 0 0 0 0 0 0 0 0 0 1.0
194000 195000 0 0 0 0 0 0 0 0 0 0 0 0 0 0 0 0 0 0 0 0 
195000 196000 1 1 317 22159 3002 4234049 582 582 582 0 8000 8000 8000 0 128 128 128 0 2 2 1.0
196000 197000 0 0 0 0 0 0 0 0 0 0 0 0 0 0 0 0 0 0 0 0 
197000 198000 1 1 2 753 7 4650 96 96 96 0 0 0 0 0 0 0 0 0 0 0 1.0
198000 199000 0 0 0 0 0 0 0 0 0 0 0 0 0 0 0 0 0 0 0 0 
199000 200000 1 1 262 17276 2407 3367907 384 384 384 0 8000 8000 8000 0 128 128 128 0 2 2 1.0
200000 201000 0 0 0 0 0 0 0 0 0 0 0 0 0 0 0 0 0 0 0 0 
201000 202000 1 1 158 9600 1542 2166933 376 376 376 0 8000 8000 8000 0 128 128 128 0 1 1 1.0
202000 203000 1 1 120 7367 1104 1533827 373 373 373 0 8000 8000 8000 0 128 128 128 0 1 1 0.0
203000 204000 1 1 45 2749 412 572283 139 139 139 0 0 0 0 0 0 0 0 0 0 0 1.0
204000 205000 0 0 0 0 0 0 0 0 0 0 0 0 0 0 0 0 0 0 0 0 
205000 206000 1 1 163 10170 1469 2064420 463 463 463 0 8000 8000 8000 0 128 128 128 0 1 1 1.0
206000 207000 1 1 115 7132 1079 1519237 367 367 367 0 8000 8000 8000 0 128 128 128 0 1 1 0.0
207000 208000 1 1 37 2326 352 495476 119 119 119 0 0 0 0 0 0 0 0 0 0 0 1.0
208000 209000 0 0 0 0 0 0 0 0 0 0 0 0 0 0 0 0 0 0 0 0 
209000 210000 1 1 163 9821 1456 2043556 594 594 594 0 8000 8000 8000 0 128 128 128 0 1 1 1.0
210000 211000 1 1 139 8785 1278 1789337 857 857 857 0 8000 8000 8000 0 128 128 128 0 1 1 0.0
211000 212000 2 1 20 2334 167 229807 805 108 456 492 0 0 0 0 0 0 0 0 0 0 1.0
212000 213000 2 1 117 6341 1106 1555350 764 178 471 414 8000 8000 8000 0 128 128 128 0 1 1 0.0
213000 214000 1 1 35 1849 336 473719 232 232 232 0 0 0 0 0 0 0 0 0 0 0 1.0
214000 215000 1 1 142 8628 1282 1801086 874 874 874 0 8000 8000 8000 0 128 128 128 0 1 1 0.0
215000 216000 2 1 20 2307 163 226058 777 108 442 472 0 0 0 0 0 0 0 0 0 0 1.0
216000 217000 2 1 115 6467 1093 1534290 611 187 399 299 8000 8000 8000 0 128 128 128 0 1 1 0.0
217000 218000 1 1 51 2748 486 683433 272 272 272 0 0 0 0 0 0 0 0 0 0 0 1.0
218000 219000 1 1 127 7844 1209 1699473 872 872 872 0 8000 8000 8000 0 128 128 128 0 1 1 0.0
219000 220000 2 1 17 1085 165 228572 115 25 70 63 0 0 0 0 0 0 0 0 0 0 1.0
220000 221000 0 0 0 0 0 0 0 0 0 0 0 0 0 0 0 0 0 0 0 0 
221000 222000 1 1 153 9576 1415 1948181 516 516 516 0 8000 8000 8000 0 128 128 128 0 1 1 1.0
222000 223000 1 1 126 7947 1196 1685187 875 875 875 0 8000 8000 8000 0 128 128 128 0 1 1 0.0
223000 224000 2 1 124 7223 1148 1623133 785 104 444 481 8000 8000 8000 0 128 128 128 0 1 1 1.0
224000 225000 2 1 60 3747 538 748399 782 212 497 403 0 0 0 0 0 0 0 0 0 0 0.0
225000 226000 2 1 140 8041 1321 1855144 774 115 444 466 8000 8000 8000 0 128 128 128 0 1 1 1.0
226000 227000 1 1 9 532 88 123931 53 53 53 0 0 0 0 0 0 0 0 0 0 0 0.0
227000 228000 1 1 2 751 6 3632 125 125 125 0 0 0 0 0 0 0 0 0 0 0 1.0
228000 229000 0 0 0 0 0 0 0 0 0 0 0 0 0 0 0 0 0 0 0 0 
229000 230000 1 1 297 17937 2808 3954595 709 709 709 0 8000 8000 8000 0 128 128 128 0 2 2 1.0
230000 231000 0 0 0 0 0 0 0 0 0 0 0 0 0 0 0 0 0 0 0 0 
231000 232000 1 1 126 8095 1409 1989583 942 942 942 0 8000 8000 8000 0 128 128 128 0 1 1 1.0
232000 233000 2 1 21 1157 205 286556 57 31 44 17 0 0 0 0 0 0 0 0 0 0 0.0
233000 234000 1 1 157 9579 1470 2037616 502 502 502 0 8000 8000 8000 0 128 128 128 0 1 1 1.0
234000 235000 0 0 0 0 0 0 0 0 0 0 0 0 0 0 0 0 0 0 0 0 
235000 236000 1 1 148 9154 1326 1863196 579 579 579 0 8000 8000 8000 0 128 128 128 0 1 1 1.0
236000 237000 0 0 0 0 0 0 0 0 0 0 0 0 0 0 0 0 0 0 0 0 
237000 238000 1 1 151 9139 1428 2015003 502 502 502 0 8000 8000 8000 0 128 128 128 0 1 1 1.0
238000 239000 0 0 0 0 0 0 0 0 0 0 0 0 0 0 0 0 0 0 0 0 
239000 240000 1 1 159 10001 1423 1997929 681 681 681 0 8000 8000 8000 0 128 128 128 0 1 1 1.0
240000 241000 0 0 0 0 0 0 0 0 0 0 0 0 0 0 0 0 0 0 0 0 
241000 242000 1 1 3 801 6 3596 108 108 108 0 0 0 0 0 0 0 0 0 0 0 1.0
242000 243000 0 0 0 0 0 0 0 0 0 0 0 0 0 0 0 0 0 0 0 0 
243000 244000 1 1 298 17749 2793 3941659 755 755 755 0 8000 8000 8000 0 128 128 128 0 2 2 1.0
244000 245000 0 0 0 0 0 0 0 0 0 0 0 0 0 0 0 0 0 0 0 0 
245000 246000 1 1 161 9904 1504 2117772 432 432 432 0 8000 8000 8000 0 128 128 128 0 1 1 1.0
246000 247000 1 1 96 6046 890 1250142 363 363 363 0 8000 8000 8000 0 128 128 128 0 1 1 0.0
247000 248000 1 1 70 4376 644 904999 263 263 263 0 0 0 0 0 0 0 0 0 0 0 1.0
248000 249000 1 1 85 5330 754 1060306 372 372 372 0 8000 8000 8000 0 128 128 128 0 1 1 0.0
249000 250000 1 1 65 4065 574 808578 283 283 283 0 0 0 0 0 0 0 0 0 0 0 1.0
250000 251000 1 1 95 5887 910 1279841 369 369 369 0 8000 8000 8000 0 128 128 128 0 1 1 0.0
251000 252000 1 1 50 3096 478 673195 194 194 194 0 0 0 0 0 0 0 0 0 0 0 1.0
252000 253000 1 1 103 6387 966 1359455 370 370 370 0 8000 8000 8000 0 128 128 128 0 1 1 0.0
253000 254000 1 1 60 3726 563 793207 216 216 216 0 0 0 0 0 0 0 0 0 0 0 1.0
254000 255000 1 1 84 5201 797 1119548 370 370 370 0 8000 8000 8000 0 128 128 128 0 1 1 0.0
255000 256000 1 1 59 3675 563 791206 261 261 261 0 0 0 0 0 0 0 0 0 0 0 1.0
256000 257000 0 0 0 0 0 0 0 0 0 0 0 0 0 0 0 0 0 0 0 0 
257000 258000 1 1 147 9333 1353 1904922 417 417 417 0 8000 8000 8000 0 128 128 128 0 1 1 1.0
258000 259000 0 0 0 0 0 0 0 0 0 0 0 0 0 0 0 0 0 0 0 0 
259000 260000 1 1 171 10131 1621 2287977 378 378 378 0 8000 8000 8000 0 128 128 128 0 1 1 1.0
260000 261000 1 1 136 8545 1209 1688590 876 876 876 0 8000 8000 8000 0 128 128 128 0 1 1 0.0
261000 262000 2 1 20 2318 173 238216 788 113 450 477 0 0 0 0 0 0 0 0 0 0 1.0
262000 263000 2 1 123 6708 1134 1557602 788 211 499 407 8000 8000 8000 0 128 128 128 0 1 1 0.0
263000 264000 2 1 37 2985 319 436444 784 210 497 406 0 0 0 0 0 0 0 0 0 0 1.0
264000 265000 2 1 137 7527 1249 1760660 783 215 499 401 8000 8000 8000 0 128 128 128 0 1 1 0.0
265000 266000 1 1 21 1124 195 274954 122 122 122 0 0 0 0 0 0 0 0 0 0 0 1.0
266000 267000 1 1 129 8772 1161 1631772 873 873 873 0 8000 8000 8000 0 128 128 128 0 1 1 0.0
267000 268000 2 1 18 1261 166 234689 125 0 62 88 0 0 0 0 0 0 0 0 0 0 1.0
268000 269000 0 0 0 0 0 0 0 0 0 0 0 0 0 0 0 0 0 0 0 0 
269000 270000 1 1 308 18062 2880 4061812 776 776 776 0 8000 8000 8000 0 128 128 128 0 2 2 1.0
270000 271000 0 0 0 0 0 0 0 0 0 0 0 0 0 0 0 0 0 0 0 0 
271000 272000 1 1 147 9086 1386 1941749 940 940 940 0 8000 8000 8000 0 128 128 128 0 1 1 1.0
272000 273000 1 1 1 68 10 14700 7 7 7 0 0 0 0 0 0 0 0 0 0 0 0.0
273000 274000 1 1 145 9695 1345 1887515 941 941 941 0 8000 8000 8000 0 128 128 128 0 1 1 1.0
274000 275000 1 1 5 372 51 72458 36 36 36 0 0 0 0 0 0 0 0 0 0 0 0.0
275000 276000 1 1 146 8967 1382 1940567 940 940 940 0 8000 8000 8000 0 128 128 128 0 1 1 1.0
276000 277000 0 0 0 0 0 0 0 0 0 0 0 0 0 0 0 0 0 0 0 0 
277000 278000 1 1 148 9206 1382 1947910 936 936 936 0 8000 8000 8000 0 128 128 128 0 1 1 1.0
278000 279000 2 1 12 1365 93 129737 933 62 498 616 0 0 0 0 0 0 0 0 0 0 0.0
279000 280000 2 1 138 8012 1314 1846881 831 57 444 547 8000 8000 8000 0 128 128 128 0 1 1 1.0
280000 281000 0 0 0 0 0 0 0 0 0 0 0 0 0 0 0 0 0 0 0 0 
281000 282000 1 1 5 897 5 3536 148 148 148 0 0 0 0 0 0 0 0 0 0 0 1.0
282000 283000 0 0 0 0 0 0 0 0 0 0 0 0 0 0 0 0 0 0 0 0 
283000 284000 1 1 304 18961 2845 4017181 654 654 654 0 8000 8000 8000 0 128 128 128 0 2 2 1.0
284000 285000 0 0 0 0 0 0 0 0 0 0 0 0 0 0 0 0 0 0 0 0 
285000 286000 1 1 143 9515 1325 1832178 490 490 490 0 8000 8000 8000 0 128 128 128 0 1 1 1.0
286000 287000 0 0 0 0 0 0 0 0 0 0 0 0 0 0 0 0 0 0 0 0 
287000 288000 1 1 151 9530 1431 2010966 505 505 505 0 8000 8000 8000 0 128 128 128 0 1 1 1.0
288000 289000 0 0 0 0 0 0 0 0 0 0 0 0 0 0 0 0 0 0 0 0 
289000 290000 1 1 2 751 5 3598 65 65 65 0 0 0 0 0 0 0 0 0 0 0 1.0
290000 291000 0 0 0 0 0 0 0 0 0 0 0 0 0 0 0 0 0 0 0 0 
291000 292000 1 1 5 897 5 3581 66 66 66 0 0 0 0 0 0 0 0 0 0 0 1.0
292000 293000 0 0 0 0 0 0 0 0 0 0 0 0 0 0 0 0 0 0 0 0 
293000 294000 1 1 482 30030 4591 6477275 919 919 919 0 8000 8000 8000 0 128 128 128 0 3 3 1.0
294000 295000 0 0 0 0 0 0 0 0 0 0 0 0 0 0 0 0 0 0 0 0 
295000 296000 1 1 160 9718 1483 2086347 459 459 459 0 8000 8000 8000 0 128 128 128 0 1 1 1.0
296000 297000 0 0 0 0 0 0 0 0 0 0 0 0 0 0 0 0 0 0 0 0 
297000 298000 1 1 2 751 5 3580 76 76 76 0 0 0 0 0 0 0 0 0 0 0 1.0
298000 299000 0 0 0 0 0 0 0 0 0 0 0 0 0 0 0 0 0 0 0 0 
299000 300000 1 1 280 17351 2637 3720784 531 531 531 0 8000 8000 8000 0 128 128 128 0 2 2 1.0
300000 301000 0 0 0 0 0 0 0 0 0 0 0 0 0 0 0 0 0 0 0 0 
