ts te nbins ncons c_tcp_packs c_tcp_bytes c_udp_packs c_udp_bytes s_tcp_packs s_tcp_bytes s_udp_packs s_udp_bytes max_bins_span min_bins_span avg_bins_span std_bins_span max_video_rate min_video_rate avg_video_rate std_video_rate max_audio_rate min_audio_rate avg_audio_rate std_audio_rate video_requests audio_requests
0 1000 0 0 0 0 0 0 0 0 0 0 0 0 0 0 0 0 0 0 0 0 0 0 0 0
1000 2000 0 0 0 0 0 0 0 0 0 0 0 0 0 0 0 0 0 0 0 0 0 0 0 0
2000 3000 0 0 0 0 0 0 0 0 0 0 0 0 0 0 0 0 0 0 0 0 0 0 0 0
3000 4000 0 0 0 0 0 0 0 0 0 0 0 0 0 0 0 0 0 0 0 0 0 0 0 0
4000 5000 0 0 0 0 0 0 0 0 0 0 0 0 0 0 0 0 0 0 0 0 0 0 0 0
5000 6000 0 0 0 0 0 0 0 0 0 0 0 0 0 0 0 0 0 0 0 0 0 0 0 0
6000 7000 0 0 0 0 0 0 0 0 0 0 0 0 0 0 0 0 0 0 0 0 0 0 0 0
7000 8000 0 0 0 0 0 0 0 0 0 0 0 0 0 0 0 0 0 0 0 0 0 0 0 0
8000 9000 0 0 0 0 0 0 0 0 0 0 0 0 0 0 0 0 0 0 0 0 0 0 0 0
9000 10000 0 0 0 0 0 0 0 0 0 0 0 0 0 0 0 0 0 0 0 0 0 0 0 0
10000 11000 0 0 0 0 0 0 0 0 0 0 0 0 0 0 0 0 0 0 0 0 0 0 0 0
11000 12000 0 0 0 0 0 0 0 0 0 0 0 0 0 0 0 0 0 0 0 0 0 0 0 0
12000 13000 0 0 0 0 0 0 0 0 0 0 0 0 0 0 0 0 0 0 0 0 0 0 0 0
13000 14000 0 0 0 0 0 0 0 0 0 0 0 0 0 0 0 0 0 0 0 0 0 0 0 0
14000 15000 0 0 0 0 0 0 0 0 0 0 0 0 0 0 0 0 0 0 0 0 0 0 0 0
15000 16000 0 0 0 0 0 0 0 0 0 0 0 0 0 0 0 0 0 0 0 0 0 0 0 0
16000 17000 0 0 0 0 0 0 0 0 0 0 0 0 0 0 0 0 0 0 0 0 0 0 0 0
17000 18000 0 0 0 0 0 0 0 0 0 0 0 0 0 0 0 0 0 0 0 0 0 0 0 0
18000 19000 1 1 2 0 0 0 2 24 0 0 102 102 102 0 0 0 0 0 0 0 0 0 0 0
19000 20000 0 0 0 0 0 0 0 0 0 0 0 0 0 0 0 0 0 0 0 0 0 0 0 0
20000 21000 1 1 0 0 0 0 0 0 0 0 0 0 0 0 0 0 0 0 0 0 0 0 0 0
21000 22000 0 0 0 0 0 0 0 0 0 0 0 0 0 0 0 0 0 0 0 0 0 0 0 0
22000 23000 0 0 0 0 0 0 0 0 0 0 0 0 0 0 0 0 0 0 0 0 0 0 0 0
23000 24000 0 0 0 0 0 0 0 0 0 0 0 0 0 0 0 0 0 0 0 0 0 0 0 0
24000 25000 0 0 0 0 0 0 0 0 0 0 0 0 0 0 0 0 0 0 0 0 0 0 0 0
25000 26000 0 0 0 0 0 0 0 0 0 0 0 0 0 0 0 0 0 0 0 0 0 0 0 0
26000 27000 0 0 0 0 0 0 0 0 0 0 0 0 0 0 0 0 0 0 0 0 0 0 0 0
27000 28000 0 0 0 0 0 0 0 0 0 0 0 0 0 0 0 0 0 0 0 0 0 0 0 0
28000 29000 0 0 0 0 0 0 0 0 0 0 0 0 0 0 0 0 0 0 0 0 0 0 0 0
29000 30000 0 0 0 0 0 0 0 0 0 0 0 0 0 0 0 0 0 0 0 0 0 0 0 0
30000 31000 0 0 0 0 0 0 0 0 0 0 0 0 0 0 0 0 0 0 0 0 0 0 0 0
31000 32000 0 0 0 0 0 0 0 0 0 0 0 0 0 0 0 0 0 0 0 0 0 0 0 0
32000 33000 0 0 0 0 0 0 0 0 0 0 0 0 0 0 0 0 0 0 0 0 0 0 0 0
33000 34000 0 0 0 0 0 0 0 0 0 0 0 0 0 0 0 0 0 0 0 0 0 0 0 0
34000 35000 0 0 0 0 0 0 0 0 0 0 0 0 0 0 0 0 0 0 0 0 0 0 0 0
35000 36000 0 0 0 0 0 0 0 0 0 0 0 0 0 0 0 0 0 0 0 0 0 0 0 0
36000 37000 0 0 0 0 0 0 0 0 0 0 0 0 0 0 0 0 0 0 0 0 0 0 0 0
37000 38000 0 0 0 0 0 0 0 0 0 0 0 0 0 0 0 0 0 0 0 0 0 0 0 0
38000 39000 0 0 0 0 0 0 0 0 0 0 0 0 0 0 0 0 0 0 0 0 0 0 0 0
39000 40000 3 3 12 2793 465 31080 12 9930 3424 4334328 726 124 452 304 4400 4400 4400 0 128 128 128 0 6 5
40000 41000 3 2 0 0 283 17169 0 7 2397 2920274 717 196 377 294 4400 4400 4400 0 128 128 128 0 2 3
41000 42000 2 1 0 0 157 8616 0 0 1479 1757262 320 261 290 42 4400 4400 4400 0 0 0 0 0 1 0
42000 43000 0 0 0 0 0 0 0 0 0 0 0 0 0 0 0 0 0 0 0 0 0 0 0 0
43000 44000 1 1 0 0 3 795 0 0 5 3581 76 76 76 0 0 0 0 0 0 0 0 0 0 0
44000 45000 0 0 0 0 0 0 0 0 0 0 0 0 0 0 0 0 0 0 0 0 0 0 0 0
45000 46000 1 1 0 0 2 750 0 0 5 3525 70 70 70 0 0 0 0 0 0 0 0 0 0 0
46000 47000 0 0 0 0 0 0 0 0 0 0 0 0 0 0 0 0 0 0 0 0 0 0 0 0
47000 48000 1 1 0 0 2 750 0 0 5 3526 66 66 66 0 0 0 0 0 0 0 0 0 0 0
48000 49000 0 0 0 0 0 0 0 0 0 0 0 0 0 0 0 0 0 0 0 0 0 0 0 0
49000 50000 1 1 0 0 2 750 0 0 5 3525 80 80 80 0 0 0 0 0 0 0 0 0 0 0
50000 51000 1 1 0 0 3 857 0 0 18 19805 363 363 363 0 0 0 0 0 128 128 128 0 0 1
51000 52000 1 1 0 0 3 792 0 0 17 18292 335 335 335 0 0 0 0 0 0 0 0 0 0 0
52000 53000 1 1 0 0 94 6310 0 0 908 1077484 212 212 212 0 4400 4400 4400 0 128 128 128 0 1 1
53000 54000 1 1 0 0 14 3155 0 0 99 114674 740 740 740 0 0 0 0 0 0 0 0 0 0 0
54000 55000 2 1 0 0 166 8965 0 0 1573 1869287 259 201 230 41 8000 8000 8000 0 128 128 128 0 2 2
55000 56000 1 1 0 0 3 1759 0 0 11 11955 740 740 740 0 0 0 0 0 0 0 0 0 0 0
56000 57000 2 1 0 0 114 6086 0 0 1085 1286423 598 201 400 280 8000 8000 8000 0 128 128 128 0 1 1
57000 58000 1 1 0 0 61 3074 0 0 593 703558 328 328 328 0 0 0 0 0 0 0 0 0 0 0
58000 59000 1 1 0 0 186 10304 0 0 1779 2109723 259 259 259 0 8000 8000 8000 0 128 128 128 0 1 1
59000 60000 1 1 0 0 13 2110 0 0 84 98583 739 739 739 0 0 0 0 0 0 0 0 0 0 0
60000 61000 2 1 0 0 106 6082 0 0 1037 1232004 734 257 496 337 8000 8000 8000 0 128 128 128 0 1 1
61000 62000 2 1 0 0 222 12255 0 0 2100 2490614 640 263 452 266 8000 8000 8000 0 128 128 128 0 1 1
62000 63000 0 0 0 0 0 0 0 0 0 0 0 0 0 0 0 0 0 0 0 0 0 0 0 0
63000 64000 1 1 0 0 182 10715 0 0 1737 2057150 696 696 696 0 8000 8000 8000 0 128 128 128 0 1 1
64000 65000 0 0 0 0 0 0 0 0 0 0 0 0 0 0 0 0 0 0 0 0 0 0 0 0
65000 66000 1 1 0 0 180 10964 0 0 1699 2011609 715 715 715 0 8000 8000 8000 0 128 128 128 0 1 1
66000 67000 0 0 0 0 0 0 0 0 0 0 0 0 0 0 0 0 0 0 0 0 0 0 0 0
67000 68000 1 1 0 0 191 11536 0 0 1887 2222745 617 617 617 0 8000 8000 8000 0 128 128 128 0 1 1
68000 69000 0 0 0 0 0 0 0 0 0 0 0 0 0 0 0 0 0 0 0 0 0 0 0 0
69000 70000 1 1 0 0 173 10629 0 0 1661 1977408 631 631 631 0 8000 8000 8000 0 128 128 128 0 1 1
70000 71000 0 0 0 0 0 0 0 0 0 0 0 0 0 0 0 0 0 0 0 0 0 0 0 0
71000 72000 1 1 0 0 175 10534 0 0 1688 2010197 272 272 272 0 8000 8000 8000 0 128 128 128 0 1 1
72000 73000 0 0 0 0 0 0 0 0 0 0 0 0 0 0 0 0 0 0 0 0 0 0 0 0
73000 74000 1 1 0 0 184 11238 0 0 1748 2082155 213 213 213 0 8000 8000 8000 0 128 128 128 0 1 1
74000 75000 0 0 0 0 0 0 0 0 0 0 0 0 0 0 0 0 0 0 0 0 0 0 0 0
75000 76000 1 1 0 0 177 10474 0 0 1695 2013038 577 577 577 0 8000 8000 8000 0 128 128 128 0 1 1
76000 77000 0 0 0 0 0 0 0 0 0 0 0 0 0 0 0 0 0 0 0 0 0 0 0 0
77000 78000 1 1 0 0 177 11572 0 0 1675 1992457 435 435 435 0 8000 8000 8000 0 128 128 128 0 1 1
78000 79000 0 0 0 0 0 0 0 0 0 0 0 0 0 0 0 0 0 0 0 0 0 0 0 0
79000 80000 1 1 0 0 181 11503 0 0 1688 2008025 577 577 577 0 8000 8000 8000 0 128 128 128 0 1 1
80000 81000 0 0 0 0 0 0 0 0 0 0 0 0 0 0 0 0 0 0 0 0 0 0 0 0
81000 82000 1 1 0 0 175 10391 0 0 1692 2018094 231 231 231 0 8000 8000 8000 0 128 128 128 0 1 1
82000 83000 0 0 0 0 0 0 0 0 0 0 0 0 0 0 0 0 0 0 0 0 0 0 0 0
83000 84000 1 1 0 0 175 10397 0 0 1701 2028366 295 295 295 0 8000 8000 8000 0 128 128 128 0 1 1
84000 85000 1 1 1 0 0 0 1 0 0 0 19 19 19 0 0 0 0 0 0 0 0 0 0 0
85000 86000 1 1 0 0 182 11111 0 0 1724 2036159 316 316 316 0 8000 8000 8000 0 128 128 128 0 1 1
86000 87000 1 1 0 0 90 5368 0 0 860 1022809 355 355 355 0 8000 8000 8000 0 128 128 128 0 1 1
87000 88000 1 1 0 0 86 5110 0 0 818 973695 338 338 338 0 0 0 0 0 0 0 0 0 0 0
88000 89000 1 1 0 0 89 5313 0 0 860 1023964 356 356 356 0 8000 8000 8000 0 128 128 128 0 1 1
89000 90000 1 1 0 0 85 5055 0 0 819 974317 339 339 339 0 0 0 0 0 0 0 0 0 0 0
90000 91000 1 1 0 0 90 5544 0 0 864 1027503 359 359 359 0 8000 8000 8000 0 128 128 128 0 1 1
91000 92000 1 1 0 0 81 4977 0 0 775 922329 322 322 322 0 0 0 0 0 0 0 0 0 0 0
92000 93000 1 1 0 0 94 5636 0 0 889 1055885 360 360 360 0 8000 8000 8000 0 128 128 128 0 1 1
93000 94000 1 1 0 0 84 5057 0 0 797 947427 323 323 323 0 0 0 0 0 0 0 0 0 0 0
94000 95000 1 1 0 0 100 5998 0 0 941 1119191 354 354 354 0 8000 8000 8000 0 128 128 128 0 1 1
95000 96000 1 1 0 0 91 5436 0 0 853 1014420 321 321 321 0 0 0 0 0 0 0 0 0 0 0
96000 97000 1 1 0 0 94 5799 0 0 868 1027451 356 356 356 0 8000 8000 8000 0 128 128 128 0 1 1
97000 98000 1 1 0 0 86 5316 0 0 796 941845 327 327 327 0 0 0 0 0 0 0 0 0 0 0
98000 99000 1 1 0 0 177 10500 0 0 1704 2027732 585 585 585 0 8000 8000 8000 0 128 128 128 0 1 1
99000 100000 1 1 0 0 5 893 0 0 8 7705 473 473 473 0 0 0 0 0 0 0 0 0 0 0
100000 101000 1 1 0 0 81 5098 0 0 757 1065561 356 356 356 0 8000 8000 8000 0 128 128 128 0 1 1
101000 102000 1 1 0 0 75 4757 0 0 707 994216 332 332 332 0 0 0 0 0 0 0 0 0 0 0
102000 103000 1 1 0 0 132 7969 0 0 1239 1747161 281 281 281 0 8000 8000 8000 0 128 128 128 0 1 1
103000 104000 1 1 0 0 3 1834 0 0 4 3003 742 742 742 0 0 0 0 0 0 0 0 0 0 0
104000 105000 2 1 0 0 102 6322 0 0 936 1314123 667 146 407 368 8000 8000 8000 0 128 128 128 0 1 1
105000 106000 1 1 0 0 48 2825 0 0 443 622670 316 316 316 0 0 0 0 0 0 0 0 0 0 0
106000 107000 1 1 0 0 154 9393 0 0 1500 2111396 518 518 518 0 8000 8000 8000 0 128 128 128 0 1 1
107000 108000 1 1 0 0 117 7270 0 0 1070 1488714 739 739 739 0 8000 8000 8000 0 128 128 128 0 1 1
108000 109000 1 1 0 0 30 1899 0 0 279 388918 193 193 193 0 0 0 0 0 0 0 0 0 0 0
109000 110000 1 1 0 0 3 1827 0 0 4 2978 740 740 740 0 0 0 0 0 0 0 0 0 0 0
110000 111000 2 1 0 0 97 5808 0 0 926 1300374 534 149 341 271 8000 8000 8000 0 128 128 128 0 1 1
111000 112000 1 1 0 0 57 3254 0 0 553 777714 319 319 319 0 0 0 0 0 0 0 0 0 0 0
112000 113000 1 1 0 0 147 8377 0 0 1398 1972360 242 242 242 0 8000 8000 8000 0 128 128 128 0 1 1
113000 114000 1 1 0 0 166 10327 0 0 1514 2109011 682 682 682 0 8000 8000 8000 0 128 128 128 0 1 1
114000 115000 0 0 0 0 0 0 0 0 0 0 0 0 0 0 0 0 0 0 0 0 0 0 0 0
115000 116000 1 1 0 0 162 10067 0 0 1510 2116093 716 716 716 0 8000 8000 8000 0 128 128 128 0 1 1
116000 117000 0 0 0 0 0 0 0 0 0 0 0 0 0 0 0 0 0 0 0 0 0 0 0 0
117000 118000 1 1 0 0 129 8159 0 0 1229 1724856 324 324 324 0 8000 8000 8000 0 128 128 128 0 1 1
118000 119000 0 0 0 0 0 0 0 0 0 0 0 0 0 0 0 0 0 0 0 0 0 0 0 0
119000 120000 1 1 0 0 133 8347 0 0 1274 1759430 661 661 661 0 8000 8000 8000 0 128 128 128 0 1 1
120000 121000 0 0 0 0 0 0 0 0 0 0 0 0 0 0 0 0 0 0 0 0 0 0 0 0
121000 122000 1 1 0 0 142 9463 0 0 1350 1895503 566 566 566 0 8000 8000 8000 0 128 128 128 0 1 1
122000 123000 0 0 0 0 0 0 0 0 0 0 0 0 0 0 0 0 0 0 0 0 0 0 0 0
123000 124000 1 1 0 0 164 10926 0 0 1525 2147047 554 554 554 0 8000 8000 8000 0 128 128 128 0 1 1
124000 125000 0 0 0 0 0 0 0 0 0 0 0 0 0 0 0 0 0 0 0 0 0 0 0 0
125000 126000 1 1 0 0 148 9174 0 0 1399 1968365 200 200 200 0 8000 8000 8000 0 128 128 128 0 1 1
126000 127000 0 0 0 0 0 0 0 0 0 0 0 0 0 0 0 0 0 0 0 0 0 0 0 0
127000 128000 1 1 0 0 162 10442 0 0 1463 2057358 619 619 619 0 8000 8000 8000 0 128 128 128 0 1 1
128000 129000 0 0 0 0 0 0 0 0 0 0 0 0 0 0 0 0 0 0 0 0 0 0 0 0
129000 130000 2 2 1 0 151 9240 1 0 1388 1950802 468 16 242 319 8000 8000 8000 0 128 128 128 0 1 1
130000 131000 0 0 0 0 0 0 0 0 0 0 0 0 0 0 0 0 0 0 0 0 0 0 0 0
131000 132000 1 1 0 0 171 10984 0 0 1605 2258610 588 588 588 0 8000 8000 8000 0 128 128 128 0 1 1
132000 133000 0 0 0 0 0 0 0 0 0 0 0 0 0 0 0 0 0 0 0 0 0 0 0 0
133000 134000 1 1 0 0 148 9081 0 0 1420 1997225 571 571 571 0 8000 8000 8000 0 128 128 128 0 1 1
134000 135000 1 1 0 0 82 4976 0 0 783 1100902 352 352 352 0 8000 8000 8000 0 128 128 128 0 1 1
135000 136000 1 1 0 0 76 4631 0 0 729 1024584 328 328 328 0 0 0 0 0 0 0 0 0 0 0
136000 137000 1 1 0 0 117 6918 0 0 1127 1579357 346 346 346 0 8000 8000 8000 0 128 128 128 0 1 1
137000 138000 0 0 0 0 0 0 0 0 0 0 0 0 0 0 0 0 0 0 0 0 0 0 0 0
138000 139000 1 1 0 0 153 9317 0 0 1459 2046886 410 410 410 0 8000 8000 8000 0 128 128 128 0 1 1
139000 140000 0 0 0 0 0 0 0 0 0 0 0 0 0 0 0 0 0 0 0 0 0 0 0 0
140000 141000 1 1 0 0 77 4919 0 0 726 1019292 359 359 359 0 8000 8000 8000 0 128 128 128 0 1 1
141000 142000 1 1 0 0 72 4620 0 0 681 957157 337 337 337 0 0 0 0 0 0 0 0 0 0 0
142000 143000 1 1 0 0 78 4833 0 0 750 1054909 356 356 356 0 8000 8000 8000 0 128 128 128 0 1 1
143000 144000 1 1 0 0 79 4862 0 0 755 1061291 358 358 358 0 0 0 0 0 0 0 0 0 0 0
144000 145000 1 1 0 0 82 4978 0 0 771 1074127 354 354 354 0 8000 8000 8000 0 128 128 128 0 1 1
145000 146000 1 1 0 0 74 4530 0 0 702 977279 322 322 322 0 0 0 0 0 0 0 0 0 0 0
146000 147000 1 1 0 0 150 8519 0 0 1458 2057269 254 254 254 0 8000 8000 8000 0 128 128 128 0 1 1
147000 148000 1 1 0 0 3 1842 0 0 4 2994 739 739 739 0 0 0 0 0 0 0 0 0 0 0
148000 149000 2 1 0 0 116 7445 0 0 1028 1442313 664 142 403 368 8000 8000 8000 0 128 128 128 0 1 1
149000 150000 1 1 0 0 56 3451 0 0 500 701913 323 323 323 0 0 0 0 0 0 0 0 0 0 0
150000 151000 1 1 0 0 145 8376 0 0 1394 1961890 241 241 241 0 8000 8000 8000 0 128 128 128 0 1 1
151000 152000 1 1 0 0 7 1832 0 0 48 62714 740 740 740 0 0 0 0 0 0 0 0 0 0 0
152000 153000 2 1 0 0 110 6310 0 0 1061 1473010 740 259 499 340 8000 8000 8000 0 128 128 128 0 1 1
153000 154000 2 1 0 0 41 3581 0 0 367 507622 699 257 478 312 0 0 0 0 0 0 0 0 0 0
154000 155000 2 1 0 0 80 4820 0 0 757 1063015 489 283 386 145 8000 8000 8000 0 128 128 128 0 1 1
155000 156000 1 1 0 0 51 2741 0 0 497 698736 321 321 321 0 0 0 0 0 0 0 0 0 0 0
156000 157000 1 1 0 0 174 10083 0 0 1651 2311085 329 329 329 0 8000 8000 8000 0 128 128 128 0 1 1
157000 158000 1 1 0 0 111 7754 0 0 1033 1449849 742 742 742 0 8000 8000 8000 0 128 128 128 0 1 1
158000 159000 1 1 0 0 22 1577 0 0 210 294991 151 151 151 0 0 0 0 0 0 0 0 0 0 0
159000 160000 1 1 0 0 18 2359 0 0 144 200650 739 739 739 0 0 0 0 0 0 0 0 0 0 0
160000 161000 2 1 0 0 102 5922 0 0 978 1379291 735 259 497 336 8000 8000 8000 0 128 128 128 0 1 1
161000 162000 2 1 0 0 182 10256 0 0 1758 2473169 683 258 470 300 8000 8000 8000 0 128 128 128 0 1 1
162000 163000 0 0 0 0 0 0 0 0 0 0 0 0 0 0 0 0 0 0 0 0 0 0 0 0
163000 164000 1 1 0 0 162 9717 0 0 1527 2146568 742 742 742 0 8000 8000 8000 0 128 128 128 0 1 1
164000 165000 1 1 0 0 4 279 0 0 43 61692 21 21 21 0 0 0 0 0 0 0 0 0 0 0
165000 166000 1 1 0 0 149 9127 0 0 1423 2001375 664 664 664 0 8000 8000 8000 0 128 128 128 0 1 1
166000 167000 0 0 0 0 0 0 0 0 0 0 0 0 0 0 0 0 0 0 0 0 0 0 0 0
167000 168000 1 1 0 0 140 9303 0 0 1298 1824113 742 742 742 0 8000 8000 8000 0 128 128 128 0 1 1
168000 169000 1 1 0 0 18 1216 0 0 169 238621 97 97 97 0 0 0 0 0 0 0 0 0 0 0
169000 170000 1 1 0 0 157 9638 0 0 1467 2065070 272 272 272 0 8000 8000 8000 0 128 128 128 0 1 1
170000 171000 0 0 0 0 0 0 0 0 0 0 0 0 0 0 0 0 0 0 0 0 0 0 0 0
171000 172000 1 1 0 0 151 9882 0 0 1461 2056757 478 478 478 0 8000 8000 8000 0 128 128 128 0 1 1
172000 173000 0 0 0 0 0 0 0 0 0 0 0 0 0 0 0 0 0 0 0 0 0 0 0 0
173000 174000 1 1 0 0 141 8740 0 0 1359 1914265 326 326 326 0 8000 8000 8000 0 128 128 128 0 1 1
174000 175000 1 1 1 0 0 0 1 0 0 0 18 18 18 0 0 0 0 0 0 0 0 0 0 0
175000 176000 1 1 0 0 155 10308 0 0 1425 2001252 553 553 553 0 8000 8000 8000 0 128 128 128 0 1 1
176000 177000 0 0 0 0 0 0 0 0 0 0 0 0 0 0 0 0 0 0 0 0 0 0 0 0
177000 178000 1 1 0 0 152 10238 0 0 1423 1994136 522 522 522 0 8000 8000 8000 0 128 128 128 0 1 1
178000 179000 0 0 0 0 0 0 0 0 0 0 0 0 0 0 0 0 0 0 0 0 0 0 0 0
179000 180000 1 1 0 0 161 10687 0 0 1522 2133535 546 546 546 0 8000 8000 8000 0 128 128 128 0 1 1
180000 181000 0 0 0 0 0 0 0 0 0 0 0 0 0 0 0 0 0 0 0 0 0 0 0 0
181000 182000 1 1 0 0 148 10042 0 0 1367 1913864 479 479 479 0 8000 8000 8000 0 128 128 128 0 1 1
182000 183000 1 1 0 0 72 4523 0 0 693 974540 355 355 355 0 8000 8000 8000 0 128 128 128 0 1 1
183000 184000 1 1 0 0 68 4217 0 0 646 908759 331 331 331 0 0 0 0 0 0 0 0 0 0 0
184000 185000 1 1 0 0 77 4721 0 0 736 1031615 357 357 357 0 8000 8000 8000 0 128 128 128 0 1 1
185000 186000 1 1 0 0 71 4406 0 0 687 962701 333 333 333 0 0 0 0 0 0 0 0 0 0 0
186000 187000 1 1 0 0 77 5104 0 0 737 1036585 356 356 356 0 8000 8000 8000 0 128 128 128 0 1 1
187000 188000 1 1 0 0 68 4553 0 0 658 924623 317 317 317 0 0 0 0 0 0 0 0 0 0 0
188000 189000 1 1 0 0 76 4729 0 0 737 1035274 358 358 358 0 8000 8000 8000 0 128 128 128 0 1 1
189000 190000 1 1 0 0 69 4253 0 0 662 931249 322 322 322 0 0 0 0 0 0 0 0 0 0 0
190000 191000 1 1 0 0 82 5185 0 0 751 1050266 361 361 361 0 8000 8000 8000 0 128 128 128 0 1 1
191000 192000 1 1 0 0 73 4609 0 0 668 933528 321 321 321 0 0 0 0 0 0 0 0 0 0 0
192000 193000 1 1 0 0 75 4664 0 0 714 1004816 356 356 356 0 8000 8000 8000 0 128 128 128 0 1 1
193000 194000 1 1 0 0 70 4321 0 0 662 930852 330 330 330 0 0 0 0 0 0 0 0 0 0 0
194000 195000 1 1 0 0 78 4783 0 0 757 1064910 355 355 355 0 8000 8000 8000 0 128 128 128 0 1 1
195000 196000 1 1 0 0 76 4630 0 0 733 1030822 344 344 344 0 0 0 0 0 0 0 0 0 0 0
196000 197000 1 1 0 0 141 8082 0 0 1380 1939350 268 268 268 0 8000 8000 8000 0 128 128 128 0 1 1
197000 198000 1 1 0 0 32 3026 0 0 295 413285 741 741 741 0 0 0 0 0 0 0 0 0 0 0
198000 199000 2 1 0 0 94 5539 0 0 903 1273628 741 258 499 341 8000 8000 8000 0 128 128 128 0 1 1
199000 200000 2 1 0 0 56 3802 0 0 525 738667 704 257 480 315 0 0 0 0 0 0 0 0 0 0
200000 201000 2 1 0 0 86 5120 0 0 797 1120193 702 294 498 287 8000 8000 8000 0 128 128 128 0 1 1
201000 202000 2 1 0 0 107 6327 0 0 1039 1465921 697 297 497 283 0 0 0 0 0 0 0 0 0 0
202000 203000 2 1 0 0 57 3615 0 0 553 772945 697 302 499 279 8000 8000 8000 0 128 128 128 0 1 1
203000 204000 2 1 0 0 57 3841 0 0 550 770771 695 257 476 309 0 0 0 0 0 0 0 0 0 0
204000 205000 2 1 0 0 79 4661 0 0 775 1087413 695 304 499 276 8000 8000 8000 0 128 128 128 0 1 1
205000 206000 2 1 0 0 31 2648 0 0 269 375934 690 304 497 273 0 0 0 0 0 0 0 0 0 0
206000 207000 2 1 0 0 99 5736 0 0 941 1324940 685 309 497 265 8000 8000 8000 0 128 128 128 0 1 1
207000 208000 2 1 0 0 161 9558 0 0 1533 2157366 660 310 485 247 8000 8000 8000 0 128 128 128 0 1 1
208000 209000 1 1 0 0 31 1936 0 0 298 419553 177 177 177 0 0 0 0 0 0 0 0 0 0 0
209000 210000 1 1 0 0 153 9546 0 0 1430 2007374 663 663 663 0 8000 8000 8000 0 128 128 128 0 1 1
210000 211000 0 0 0 0 0 0 0 0 0 0 0 0 0 0 0 0 0 0 0 0 0 0 0 0
211000 212000 1 1 0 0 152 9692 0 0 1463 2058427 358 358 358 0 8000 8000 8000 0 128 128 128 0 1 1
212000 213000 0 0 0 0 0 0 0 0 0 0 0 0 0 0 0 0 0 0 0 0 0 0 0 0
213000 214000 1 1 0 0 156 10434 0 0 1434 2010761 706 706 706 0 8000 8000 8000 0 128 128 128 0 1 1
214000 215000 0 0 0 0 0 0 0 0 0 0 0 0 0 0 0 0 0 0 0 0 0 0 0 0
215000 216000 1 1 0 0 150 9173 0 0 1423 1996592 534 534 534 0 8000 8000 8000 0 128 128 128 0 1 1
216000 217000 0 0 0 0 0 0 0 0 0 0 0 0 0 0 0 0 0 0 0 0 0 0 0 0
217000 218000 1 1 0 0 148 9122 0 0 1391 1954842 339 339 339 0 8000 8000 8000 0 128 128 128 0 1 1
218000 219000 0 0 0 0 0 0 0 0 0 0 0 0 0 0 0 0 0 0 0 0 0 0 0 0
219000 220000 2 2 1 0 168 13452 1 0 1552 2181717 581 18 300 398 8000 8000 8000 0 128 128 128 0 1 1
220000 221000 0 0 0 0 0 0 0 0 0 0 0 0 0 0 0 0 0 0 0 0 0 0 0 0
221000 222000 1 1 0 0 157 12597 0 0 1494 2093886 561 561 561 0 8000 8000 8000 0 128 128 128 0 1 1
222000 223000 0 0 0 0 0 0 0 0 0 0 0 0 0 0 0 0 0 0 0 0 0 0 0 0
223000 224000 1 1 0 0 131 8917 0 0 1269 1784514 523 523 523 0 8000 8000 8000 0 128 128 128 0 1 1
224000 225000 0 0 0 0 0 0 0 0 0 0 0 0 0 0 0 0 0 0 0 0 0 0 0 0
225000 226000 1 1 0 0 154 9375 0 0 1501 2104251 277 277 277 0 8000 8000 8000 0 128 128 128 0 1 1
226000 227000 0 0 0 0 0 0 0 0 0 0 0 0 0 0 0 0 0 0 0 0 0 0 0 0
227000 228000 1 1 0 0 162 10796 0 0 1514 2129463 528 528 528 0 8000 8000 8000 0 128 128 128 0 1 1
228000 229000 1 1 0 0 80 4964 0 0 761 1073226 355 355 355 0 8000 8000 8000 0 128 128 128 0 1 1
229000 230000 1 1 0 0 72 4496 0 0 690 971913 321 321 321 0 0 0 0 0 0 0 0 0 0 0
230000 231000 0 0 0 0 0 0 0 0 0 0 0 0 0 0 0 0 0 0 0 0 0 0 0 0
231000 232000 1 1 0 0 151 9225 0 0 1443 1998750 305 305 305 0 8000 8000 8000 0 128 128 128 0 1 1
232000 233000 1 1 0 0 59 3888 0 0 553 774406 358 358 358 0 8000 8000 8000 0 128 128 128 0 1 1
233000 234000 1 1 0 0 53 3494 0 0 497 695798 322 322 322 0 0 0 0 0 0 0 0 0 0 0
234000 235000 1 1 0 0 72 4850 0 0 679 953498 350 350 350 0 8000 8000 8000 0 128 128 128 0 1 1
235000 236000 1 1 0 0 66 4470 0 0 625 878818 323 323 323 0 0 0 0 0 0 0 0 0 0 0
236000 237000 1 1 0 0 76 4722 0 0 740 1034360 359 359 359 0 8000 8000 8000 0 128 128 128 0 1 1
237000 238000 1 1 0 0 68 4213 0 0 660 923039 320 320 320 0 0 0 0 0 0 0 0 0 0 0
238000 239000 1 1 0 0 84 5139 0 0 766 1069570 355 355 355 0 8000 8000 8000 0 128 128 128 0 1 1
239000 240000 1 1 0 0 77 4748 0 0 707 988123 328 328 328 0 0 0 0 0 0 0 0 0 0 0
240000 241000 1 1 0 0 84 5229 0 0 787 1103854 357 357 357 0 8000 8000 8000 0 128 128 128 0 1 1
241000 242000 1 1 0 0 80 4992 0 0 751 1053830 341 341 341 0 0 0 0 0 0 0 0 0 0 0
242000 243000 1 1 0 0 89 5493 0 0 856 1202722 357 357 357 0 8000 8000 8000 0 128 128 128 0 1 1
243000 244000 1 1 0 0 80 4936 0 0 769 1080742 321 321 321 0 0 0 0 0 0 0 0 0 0 0
244000 245000 1 1 0 0 150 9417 0 0 1431 2014140 535 535 535 0 8000 8000 8000 0 128 128 128 0 1 1
245000 246000 1 1 0 0 9 1942 0 0 77 106053 742 742 742 0 0 0 0 0 0 0 0 0 0 0
246000 247000 2 1 0 0 152 7846 0 0 1460 2060132 256 199 228 40 8000 8000 8000 0 128 128 128 0 1 1
247000 248000 1 1 0 0 7 1945 0 0 5 5087 741 741 741 0 0 0 0 0 0 0 0 0 0 0
248000 249000 2 1 0 0 100 5725 0 0 961 1334372 710 187 448 369 8000 8000 8000 0 128 128 128 0 1 1
249000 250000 2 1 0 0 38 3140 0 0 352 486758 702 257 480 314 0 0 0 0 0 0 0 0 0 0
250000 251000 2 1 0 0 100 5915 0 0 951 1332346 676 141 409 377 8000 8000 8000 0 128 128 128 0 1 1
251000 252000 1 1 0 0 47 2692 0 0 451 633075 321 321 321 0 0 0 0 0 0 0 0 0 0 0
252000 253000 1 1 0 0 161 9843 0 0 1516 2132172 533 533 533 0 8000 8000 8000 0 128 128 128 0 1 1
253000 254000 1 1 0 0 141 8847 0 0 1279 1797187 709 709 709 0 8000 8000 8000 0 128 128 128 0 1 1
254000 255000 0 0 0 0 0 0 0 0 0 0 0 0 0 0 0 0 0 0 0 0 0 0 0 0
255000 256000 1 1 0 0 140 8691 0 0 1338 1882400 699 699 699 0 8000 8000 8000 0 128 128 128 0 1 1
256000 257000 0 0 0 0 0 0 0 0 0 0 0 0 0 0 0 0 0 0 0 0 0 0 0 0
257000 258000 1 1 0 0 176 10778 0 0 1624 2285325 444 444 444 0 8000 8000 8000 0 128 128 128 0 1 1
258000 259000 0 0 0 0 0 0 0 0 0 0 0 0 0 0 0 0 0 0 0 0 0 0 0 0
259000 260000 1 1 0 0 98 5967 0 0 912 1281648 360 360 360 0 8000 8000 8000 0 128 128 128 0 1 1
260000 261000 1 1 0 0 57 3514 0 0 537 754754 212 212 212 0 0 0 0 0 0 0 0 0 0 0
261000 262000 1 1 0 0 152 9227 0 0 1460 2056420 739 739 739 0 8000 8000 8000 0 128 128 128 0 1 1
262000 263000 1 1 0 0 5 328 0 0 51 73188 26 26 26 0 0 0 0 0 0 0 0 0 0 0
263000 264000 1 1 0 0 139 9317 0 0 1307 1821994 625 625 625 0 8000 8000 8000 0 128 128 128 0 1 1
264000 265000 0 0 0 0 0 0 0 0 0 0 0 0 0 0 0 0 0 0 0 0 0 0 0 0
265000 266000 2 2 1 0 136 8489 1 0 1272 1785204 665 20 342 456 8000 8000 8000 0 128 128 128 0 1 1
266000 267000 0 0 0 0 0 0 0 0 0 0 0 0 0 0 0 0 0 0 0 0 0 0 0 0
267000 268000 1 1 0 0 164 9852 0 0 1594 2243475 281 281 281 0 8000 8000 8000 0 128 128 128 0 1 1
268000 269000 0 0 0 0 0 0 0 0 0 0 0 0 0 0 0 0 0 0 0 0 0 0 0 0
269000 270000 1 1 0 0 156 9456 0 0 1440 2017625 653 653 653 0 8000 8000 8000 0 128 128 128 0 1 1
270000 271000 0 0 0 0 0 0 0 0 0 0 0 0 0 0 0 0 0 0 0 0 0 0 0 0
271000 272000 1 1 0 0 160 10520 0 0 1488 2059272 492 492 492 0 8000 8000 8000 0 128 128 128 0 1 1
272000 273000 0 0 0 0 0 0 0 0 0 0 0 0 0 0 0 0 0 0 0 0 0 0 0 0
273000 274000 1 1 0 0 150 9830 0 0 1403 1970968 542 542 542 0 8000 8000 8000 0 128 128 128 0 1 1
274000 275000 0 0 0 0 0 0 0 0 0 0 0 0 0 0 0 0 0 0 0 0 0 0 0 0
275000 276000 1 1 0 0 145 8950 0 0 1396 1955994 371 371 371 0 8000 8000 8000 0 128 128 128 0 1 1
276000 277000 1 1 0 0 79 4870 0 0 730 1027374 358 358 358 0 8000 8000 8000 0 128 128 128 0 1 1
277000 278000 1 1 0 0 75 4653 0 0 697 981716 342 342 342 0 0 0 0 0 0 0 0 0 0 0
278000 279000 0 0 0 0 0 0 0 0 0 0 0 0 0 0 0 0 0 0 0 0 0 0 0 0
279000 280000 2 2 1 0 159 9991 1 24 1479 2079784 496 27 262 331 8000 8000 8000 0 128 128 128 0 1 1
280000 281000 1 1 0 0 76 4718 0 0 723 1018254 361 361 361 0 8000 8000 8000 0 128 128 128 0 1 1
281000 282000 1 1 0 0 69 4256 0 0 652 918496 325 325 325 0 0 0 0 0 0 0 0 0 0 0
282000 283000 1 1 0 0 74 4569 0 0 703 988826 352 352 352 0 8000 8000 8000 0 128 128 128 0 1 1
283000 284000 1 1 0 0 74 4560 0 0 701 986746 351 351 351 0 0 0 0 0 0 0 0 0 0 0
284000 285000 1 1 0 0 87 6111 0 0 809 1129328 357 357 357 0 8000 8000 8000 0 128 128 128 0 1 1
285000 286000 1 1 0 0 81 5687 0 0 752 1050910 332 332 332 0 0 0 0 0 0 0 0 0 0 0
286000 287000 1 1 0 0 77 5126 0 0 728 1021533 353 353 353 0 8000 8000 8000 0 128 128 128 0 1 1
287000 288000 1 1 0 0 71 4678 0 0 665 932076 322 322 322 0 0 0 0 0 0 0 0 0 0 0
288000 289000 1 1 0 0 75 4676 0 0 722 1015774 358 358 358 0 8000 8000 8000 0 128 128 128 0 1 1
289000 290000 1 1 0 0 68 4207 0 0 650 913977 322 322 322 0 0 0 0 0 0 0 0 0 0 0
290000 291000 1 1 0 0 79 4835 0 0 735 1022694 353 353 353 0 8000 8000 8000 0 128 128 128 0 1 1
291000 292000 1 1 0 0 71 4382 0 0 666 926983 320 320 320 0 0 0 0 0 0 0 0 0 0 0
292000 293000 1 1 0 0 155 8956 0 0 1451 2044536 316 316 316 0 8000 8000 8000 0 128 128 128 0 1 1
293000 294000 1 1 0 0 5 1848 0 0 13 15376 740 740 740 0 0 0 0 0 0 0 0 0 0 0
294000 295000 2 1 0 0 93 5289 0 0 897 1260521 609 196 402 292 8000 8000 8000 0 128 128 128 0 1 1
295000 296000 1 1 0 0 49 2582 0 0 481 676065 327 327 327 0 0 0 0 0 0 0 0 0 0 0
296000 297000 1 1 0 0 152 8615 0 0 1460 2056218 486 486 486 0 8000 8000 8000 0 128 128 128 0 1 1
297000 298000 1 1 0 0 6 1873 0 0 33 43456 742 742 742 0 0 0 0 0 0 0 0 0 0 0
298000 299000 2 1 0 0 106 6016 0 0 1041 1464306 729 219 474 360 8000 8000 8000 0 128 128 128 0 1 1
299000 300000 2 1 0 0 43 3231 0 0 386 540269 698 258 478 311 0 0 0 0 0 0 0 0 0 0
300000 301000 1 1 0 0 2 540 0 0 8 11017 290 290 290 0 0 0 0 0 0 0 0 0 0 0
