ts te nbins ncons c_pkts_all c_bytes_all s_pkts_all s_bytes_all max_bin min_bin avg_bin std_bin max_vid min_vid avg_vid std_vid max_aud min_aud avg_aud std_aud num_vid num_aud num_mfs
0 10000 4 4 31 14597 34 12166 132 110 126 10 4400 4400 4400 0 128 128 128 0 4 4 2.0
10000 20000 6 4 90 23795 129 101187 999 104 348 340 8000 3000 5500 2611 128 128 128 0 12 10 5.0
20000 30000 0 0 0 0 0 0 0 0 0 0 0 0 0 0 0 0 0 0 0 0 
30000 40000 0 0 0 0 0 0 0 0 0 0 0 0 0 0 0 0 0 0 0 0 
40000 50000 2 2 12 5437 16 8026 111 111 111 0 8000 8000 8000 0 128 128 128 0 5 5 5.0
50000 60000 0 0 0 0 0 0 0 0 0 0 0 0 0 0 0 0 0 0 0 0 
60000 70000 0 0 0 0 0 0 0 0 0 0 0 0 0 0 0 0 0 0 0 0 
70000 80000 0 0 0 0 0 0 0 0 0 0 0 0 0 0 0 0 0 0 0 0 
80000 90000 0 0 0 0 0 0 0 0 0 0 0 0 0 0 0 0 0 0 0 0 
90000 100000 0 0 0 0 0 0 0 0 0 0 0 0 0 0 0 0 0 0 0 0 
100000 110000 2 2 12 5438 16 8023 70 65 67 4 8000 8000 8000 0 128 128 128 0 6 6 5.0
110000 120000 0 0 0 0 0 0 0 0 0 0 0 0 0 0 0 0 0 0 0 0 
120000 130000 4 4 35 17138 46 18997 151 100 127 24 8000 8000 8000 0 128 128 128 0 5 5 5.0
130000 140000 0 0 0 0 0 0 0 0 0 0 0 0 0 0 0 0 0 0 0 0 
140000 150000 0 0 0 0 0 0 0 0 0 0 0 0 0 0 0 0 0 0 0 0 
150000 160000 0 0 0 0 0 0 0 0 0 0 0 0 0 0 0 0 0 0 0 0 
160000 170000 2 2 16 9173 18 9314 112 107 109 3 8000 8000 8000 0 128 128 128 0 5 5 5.0
170000 180000 0 0 0 0 0 0 0 0 0 0 0 0 0 0 0 0 0 0 0 0 
180000 190000 0 0 0 0 0 0 0 0 0 0 0 0 0 0 0 0 0 0 0 0 
190000 200000 0 0 0 0 0 0 0 0 0 0 0 0 0 0 0 0 0 0 0 0 
200000 210000 0 0 0 0 0 0 0 0 0 0 0 0 0 0 0 0 0 0 0 0 
210000 220000 0 0 0 0 0 0 0 0 0 0 0 0 0 0 0 0 0 0 0 0 
220000 230000 2 2 14 7935 20 10598 83 78 81 3 8000 8000 8000 0 128 128 128 0 5 5 5.0
230000 240000 0 0 0 0 0 0 0 0 0 0 0 0 0 0 0 0 0 0 0 0 
240000 250000 4 4 34 17097 47 19237 139 75 109 25 8000 8000 8000 0 128 128 128 0 5 5 5.0
250000 260000 0 0 0 0 0 0 0 0 0 0 0 0 0 0 0 0 0 0 0 0 
260000 270000 0 0 0 0 0 0 0 0 0 0 0 0 0 0 0 0 0 0 0 0 
270000 280000 0 0 0 0 0 0 0 0 0 0 0 0 0 0 0 0 0 0 0 0 
280000 290000 2 2 15 6750 18 9306 112 109 110 2 8000 8000 8000 0 128 128 128 0 5 5 5.0
290000 300000 0 0 0 0 0 0 0 0 0 0 0 0 0 0 0 0 0 0 0 0 
300000 310000 0 0 0 0 0 0 0 0 0 0 0 0 0 0 0 0 0 0 0 0 
