ts te nbins ncons c_pkts_all c_bytes_all s_pkts_all s_bytes_all max_bin min_bin avg_bin std_bin max_vid min_vid avg_vid std_vid max_aud min_aud avg_aud std_aud num_vid num_aud num_mfs
0 10000 9 9 100 57014 118 53320 591 70 183 160 4400 4400 4400 0 128 128 128 0 9 9 2.0
10000 20000 12 6 218 175191 179 99841 996 69 233 256 8000 8000 8000 0 128 128 128 0 6 6 5.0
20000 30000 2 1 48 53101 12 435 103 77 90 18 8000 8000 8000 0 128 128 128 0 5 5 5.0
30000 40000 2 2 14 7887 18 9307 108 74 91 24 8000 8000 8000 0 128 128 128 0 6 6 5.0
40000 50000 0 0 0 0 0 0 0 0 0 0 0 0 0 0 0 0 0 0 0 0 
50000 60000 0 0 0 0 0 0 0 0 0 0 0 0 0 0 0 0 0 0 0 0 
60000 70000 0 0 0 0 0 0 0 0 0 0 0 0 0 0 0 0 0 0 0 0 
70000 80000 0 0 0 0 0 0 0 0 0 0 0 0 0 0 0 0 0 0 0 0 
80000 90000 0 0 0 0 0 0 0 0 0 0 0 0 0 0 0 0 0 0 0 0 
90000 100000 2 2 12 5439 16 8018 72 66 69 4 8000 8000 8000 0 128 128 128 0 6 6 5.0
100000 110000 0 0 0 0 0 0 0 0 0 0 0 0 0 0 0 0 0 0 0 0 
110000 120000 0 0 0 0 0 0 0 0 0 0 0 0 0 0 0 0 0 0 0 0 
120000 130000 0 0 0 0 0 0 0 0 0 0 0 0 0 0 0 0 0 0 0 0 
130000 140000 0 0 0 0 0 0 0 0 0 0 0 0 0 0 0 0 0 0 0 0 
140000 150000 0 0 0 0 0 0 0 0 0 0 0 0 0 0 0 0 0 0 0 0 
150000 160000 0 0 0 0 0 0 0 0 0 0 0 0 0 0 0 0 0 0 0 0 
160000 170000 0 0 0 0 0 0 0 0 0 0 0 0 0 0 0 0 0 0 0 0 
170000 180000 0 0 0 0 0 0 0 0 0 0 0 0 0 0 0 0 0 0 0 0 
180000 190000 0 0 0 0 0 0 0 0 0 0 0 0 0 0 0 0 0 0 0 0 
190000 200000 0 0 0 0 0 0 0 0 0 0 0 0 0 0 0 0 0 0 0 0 
200000 210000 0 0 0 0 0 0 0 0 0 0 0 0 0 0 0 0 0 0 0 0 
210000 220000 0 0 0 0 0 0 0 0 0 0 0 0 0 0 0 0 0 0 0 0 
220000 230000 0 0 0 0 0 0 0 0 0 0 0 0 0 0 0 0 0 0 0 0 
230000 240000 0 0 0 0 0 0 0 0 0 0 0 0 0 0 0 0 0 0 0 0 
240000 250000 0 0 0 0 0 0 0 0 0 0 0 0 0 0 0 0 0 0 0 0 
250000 260000 0 0 0 0 0 0 0 0 0 0 0 0 0 0 0 0 0 0 0 0 
260000 270000 1 1 26 27462 18 3725 183 183 183 0 8000 8000 8000 0 128 128 128 0 5 5 5.0
270000 280000 1 1 8 7126 6 210 98 98 98 0 8000 8000 8000 0 128 128 128 0 6 6 5.0
280000 290000 1 1 5 3458 4 170 94 94 94 0 8000 8000 8000 0 128 128 128 0 5 5 5.0
290000 300000 1 1 3 2667 3 147 343 343 343 0 8000 8000 8000 0 128 128 128 0 5 5 5.0
300000 310000 1 1 4 2926 4 162 376 376 376 0 0 0 0 0 0 0 0 0 0 0 0.0
