ts te nbins ncons c_tcp_packs c_tcp_bytes c_udp_packs c_udp_bytes s_tcp_packs s_tcp_bytes s_udp_packs s_udp_bytes max_bins_span min_bins_span avg_bins_span std_bins_span max_video_rate min_video_rate avg_video_rate std_video_rate max_audio_rate min_audio_rate avg_audio_rate std_audio_rate video_requests audio_requests
0 10000 55 45 312 92580 117 66656 412 127532 138 55257 920 18 223 222 4400 4400 4400 0 128 128 128 0 9 9
10000 20000 12 8 61 74010 75 20752 89 16750 112 87543 994 20 201 256 8000 4400 7400 1469 128 128 128 0 6 6
20000 30000 5 5 31 24049 0 0 42 10750 0 0 224 76 148 52 8000 8000 8000 0 128 128 128 0 5 5
30000 40000 10 10 72 135214 13 6693 113 5159 18 9315 266 16 84 78 8000 8000 8000 0 128 128 128 0 6 6
40000 50000 34 34 58 15737 0 0 72 10458 0 0 201 14 38 47 8000 8000 8000 0 128 128 128 0 5 5
50000 60000 12 12 19 5176 0 0 25 4447 0 0 117 1 30 34 8000 8000 8000 0 128 128 128 0 5 5
60000 70000 21 21 106 135590 0 0 175 16474 0 0 209 1 45 56 8000 8000 8000 0 128 128 128 0 5 5
70000 80000 4 4 6 0 0 0 7 154 0 0 129 1 69 69 8000 8000 8000 0 128 128 128 0 6 6
80000 90000 6 6 38 66358 0 0 51 3105 0 0 231 0 121 97 8000 8000 8000 0 128 128 128 0 4 4
90000 100000 30 30 34 9678 14 6681 39 911 16 8032 154 0 35 38 8000 8000 8000 0 128 128 128 0 6 6
100000 110000 2 2 8 11530 0 0 12 756 0 0 160 153 156 4 8000 8000 8000 0 128 128 128 0 5 5
110000 120000 4 4 10 10378 0 0 11 772 0 0 146 15 80 75 8000 8000 8000 0 128 128 128 0 4 4
120000 130000 15 12 167 144942 0 0 305 197724 0 0 996 17 221 287 8000 8000 8000 0 128 128 128 0 7 7
130000 140000 17 17 23 8930 0 0 27 532 0 0 153 0 27 33 8000 8000 8000 0 128 128 128 0 4 4
140000 150000 8 8 11 4287 0 0 11 378 0 0 157 15 40 48 8000 8000 8000 0 128 128 128 0 6 6
150000 160000 6 6 9 5705 0 0 14 502 0 0 153 16 41 55 8000 8000 8000 0 128 128 128 0 5 5
160000 170000 4 4 12 9137 0 0 15 886 0 0 235 15 127 91 8000 8000 8000 0 128 128 128 0 5 5
170000 180000 5 5 23 40022 0 0 28 756 0 0 253 18 124 107 8000 8000 8000 0 128 128 128 0 6 6
180000 190000 28 28 102 129226 0 0 156 12705 0 0 421 0 56 100 8000 8000 8000 0 128 128 128 0 5 5
190000 200000 2 2 12 11987 0 0 15 852 0 0 363 19 191 242 8000 8000 8000 0 128 128 128 0 5 5
200000 210000 2 2 14 14666 0 0 19 1264 0 0 357 119 238 168 8000 8000 8000 0 128 128 128 0 5 5
210000 220000 8 8 16 10867 0 0 21 899 0 0 148 15 49 60 8000 8000 8000 0 128 128 128 0 5 5
220000 230000 14 14 21 10374 0 0 23 1134 0 0 801 0 86 206 8000 8000 8000 0 128 128 128 0 5 5
230000 240000 12 12 21 10374 0 0 25 834 0 0 456 15 55 126 8000 8000 8000 0 128 128 128 0 6 6
240000 250000 26 25 194 143937 0 0 333 192896 0 0 984 15 131 241 8000 8000 8000 0 128 128 128 0 4 4
250000 260000 4 4 25 23664 0 0 33 5197 0 0 512 16 188 222 8000 8000 8000 0 128 128 128 0 5 5
260000 270000 3 3 15 12384 0 0 16 1292 0 0 553 22 224 287 8000 8000 8000 0 128 128 128 0 6 6
270000 280000 10 10 17 11684 0 0 22 880 0 0 506 15 68 154 8000 8000 8000 0 128 128 128 0 5 5
280000 290000 4 4 16 14671 0 0 23 1264 0 0 464 23 160 208 8000 8000 8000 0 128 128 128 0 6 6
290000 300000 3 3 10 11898 0 0 13 772 0 0 380 32 150 199 8000 8000 8000 0 128 128 128 0 5 5
300000 310000 0 0 0 0 0 0 0 0 0 0 0 0 0 0 0 0 0 0 0 0 0 0 0 0
