ts te nbins ncons c_tcp_packs c_tcp_bytes c_udp_packs c_udp_bytes s_tcp_packs s_tcp_bytes s_udp_packs s_udp_bytes max_bins_span min_bins_span avg_bins_span std_bins_span max_video_rate min_video_rate avg_video_rate std_video_rate max_audio_rate min_audio_rate avg_audio_rate std_audio_rate video_requests audio_requests
0 10000 67 49 3546 146511 319 77986 7164 10674592 421 389645 999 0 422 290 4400 2300 2766 926 128 128 128 0 9 9
10000 20000 11 7 26 35190 92 33162 48 5685 127 95686 669 44 254 211 8000 2300 6387 2317 128 128 128 0 8 8
20000 30000 5 5 30 22754 0 0 48 10706 0 0 646 33 327 229 8000 8000 8000 0 128 128 128 0 6 6
30000 40000 10 10 59 104084 16 8006 109 5918 19 10557 632 79 312 180 8000 8000 8000 0 128 128 128 0 5 5
40000 50000 37 37 65 27405 0 0 83 11234 0 0 435 16 77 113 8000 8000 8000 0 128 128 128 0 5 5
50000 60000 14 14 27 17209 0 0 39 5131 0 0 338 17 109 123 8000 8000 8000 0 128 128 128 0 6 6
60000 70000 26 26 118 149741 0 0 194 17351 0 0 473 19 152 144 8000 8000 8000 0 128 128 128 0 5 5
70000 80000 4 4 14 12563 0 0 20 852 0 0 280 18 130 126 8000 8000 8000 0 128 128 128 0 6 6
80000 90000 5 5 14 14993 0 0 22 1281 0 0 338 18 186 154 8000 8000 8000 0 128 128 128 0 5 5
90000 100000 29 29 33 10850 14 6724 47 880 18 9292 323 15 75 104 8000 8000 8000 0 128 128 128 0 5 5
100000 110000 2 2 8 10951 0 0 14 756 0 0 265 254 259 7 8000 8000 8000 0 128 128 128 0 5 5
110000 120000 22 22 29 10968 0 0 50 756 0 0 336 18 68 96 8000 8000 8000 0 128 128 128 0 5 5
120000 130000 34 20 209 157006 0 0 341 205885 0 0 980 0 298 329 8000 8000 8000 0 128 128 128 0 6 6
130000 140000 7 7 16 19467 0 0 26 910 0 0 285 0 90 131 8000 8000 8000 0 128 128 128 0 5 5
140000 150000 2 2 8 10372 0 0 14 756 0 0 274 252 263 15 8000 8000 8000 0 128 128 128 0 5 5
150000 160000 6 6 12 10781 0 0 26 880 0 0 284 264 271 6 8000 8000 8000 0 128 128 128 0 5 5
160000 170000 5 5 14 15946 0 0 22 1281 0 0 275 26 171 131 8000 8000 8000 0 128 128 128 0 6 6
170000 180000 4 4 10 10724 0 0 16 756 0 0 297 16 171 133 8000 8000 8000 0 128 128 128 0 5 5
180000 190000 9 9 79 126958 0 0 147 11356 0 0 432 160 300 92 8000 8000 8000 0 128 128 128 0 5 5
190000 200000 4 4 15 14064 0 0 22 1293 0 0 343 9 160 170 8000 8000 8000 0 128 128 128 0 5 5
200000 210000 3 3 12 15630 0 0 20 1281 0 0 268 262 265 2 8000 8000 8000 0 128 128 128 0 5 5
210000 220000 8 8 13 11437 0 0 26 864 0 0 294 18 202 115 8000 8000 8000 0 128 128 128 0 6 6
220000 230000 3 3 8 10390 0 0 15 771 0 0 261 218 246 24 8000 8000 8000 0 128 128 128 0 5 5
230000 240000 6 6 12 10368 0 0 20 756 0 0 273 18 110 126 8000 8000 8000 0 128 128 128 0 5 5
240000 250000 13 13 170 147058 0 0 302 191395 0 0 698 185 354 145 8000 8000 8000 0 128 128 128 0 5 5
250000 260000 5 5 18 19468 0 0 28 937 0 0 261 21 111 105 8000 8000 8000 0 128 128 128 0 5 5
260000 270000 2 2 13 12975 0 0 19 1215 0 0 337 284 311 36 8000 8000 8000 0 128 128 128 0 6 6
270000 280000 6 6 11 10496 0 0 24 866 0 0 275 154 246 45 8000 8000 8000 0 128 128 128 0 5 5
280000 290000 6 6 15 16325 0 0 24 1294 0 0 290 16 165 125 8000 8000 8000 0 128 128 128 0 5 5
290000 300000 4 4 10 10728 0 0 16 756 0 0 288 27 154 143 8000 8000 8000 0 128 128 128 0 5 5
300000 310000 0 0 0 0 0 0 0 0 0 0 0 0 0 0 0 0 0 0 0 0 0 0 0 0
