ts te nbins ncons c_pkts_all c_ack_cnt c_ack_cnt_p c_bytes_all c_bytes_uniq s_pkts_all s_ack_cnt s_ack_cnt_p s_bytes_all s_bytes_uniq c_pkts_retx s_pkts_retx c_pkts_data s_pkts_data max_bin_duration min_bin_duration avg_bin_duration std_bin_duration max_video_rate min_video_rate avg_video_rate std_video_rate max_audio_rate min_audio_rate avg_audio_rate std_audio_rate video_reqs audio_reqs media_reqs
0.0 2000.0 0 0 0.0 0.0 0.0 0.0 0.0 0.0 0.0 0.0 0.0 0.0 0.0 0.0 0.0 0.0 0.0 0.0 0.0 0.0 0.0 0.0 0.0 0.0 0.0 0.0 0.0 0.0 0  
2000.0 4000.0 0 0 0.0 0.0 0.0 0.0 0.0 0.0 0.0 0.0 0.0 0.0 0.0 0.0 0.0 0.0 0.0 0.0 0.0 0.0 0.0 0.0 0.0 0.0 0.0 0.0 0.0 0.0 0  
4000.0 6000.0 1 1 8.0 7.0 4.0 2686.0 2686.0 10.0 10.0 4.0 6439.0 6439.0 0.0 0.0 3.0 5.0 166.33899999999994 166.33899999999994 166.33899999999994 0.0 0.0 0.0 0.0 0.0 0.0 0.0 0.0 0.0 0 0.0 1.0
6000.0 8000.0 6 4 208.94022305629684 205.94022305629684 195.61125461287014 9789.750696892392 9789.750696892392 242.73237741178264 242.73237741178264 13.32896844342672 453509.54833854735 407309.54833854735 0.0 31.0 10.32896844342672 226.4034089683559 998.137999999999 17.943115234375 257.2508496093748 366.8422460842409 1500.0 1500.0 1500.0 0.0 128.0 128.0 128.0 0.0 3 3.0 0.0
8000.0 10000.0 6 4 253.59989753280027 253.59989753280027 244.42521864994544 7683.678027036842 7683.678027036842 375.82233248244074 375.82233248244074 9.174678882854835 620482.1088918333 591231.1088918333 0.0 19.0 9.174678882854835 366.6476535995859 953.0460000000021 45.05399999999645 594.4629869791667 397.80910748428215 1500.0 840.0 1170.0 381.051177665153 128.0 128.0 128.0 0.0 4 3.0 1.0
10000.0 12000.0 7 3 457.89260489054664 457.89260489054664 449.7459235070204 6825.172556664193 6825.172556664193 586.4673279823897 586.4673279823897 7.794009482768555 859165.8026430388 722900.200078664 0.0 98.00900183169625 8.146681383526207 578.6733184996212 997.5350000000035 121.34098046874715 721.9334391741057 305.9932923901537 840.0 840.0 840.0 0.0 128.0 128.0 128.0 0.0 3 3.0 1.0
12000.0 14000.0 5 2 227.56727452035625 227.56727452035625 223.21760323016403 3635.3987194065744 3635.3987194065744 341.9779621233869 341.9779621233869 4.702343190949888 539891.5401265805 531504.1426909553 0.0 5.9909981683037525 4.349671290192235 337.27561893243694 994.2330000000002 257.88700000000244 546.737781250001 341.18452724043203 840.0 840.0 840.0 0.0 128.0 128.0 128.0 0.0 2 2.0 1.0
14000.0 16000.0 3 3 166.8340664388776 166.8340664388776 162.88000191042326 3293.322332958557 3293.322332958557 280.8271000404011 280.8271000404011 3.9540645284543436 431828.6502516439 430492.95991180785 0.0 0.9540645284543436 3.9540645284543436 276.8730355119467 948.508056640625 32.64400000000023 437.1966855468757 467.17213665449657 2300.0 2300.0 2300.0 0.0 128.0 128.0 128.0 0.0 2 1.0 1.0
16000.0 18000.0 4 2 360.20434515173184 360.20434515173184 357.1741302691123 2527.440931165622 2527.440931165622 416.069826249873 416.069826249873 3.0302148826195032 663266.7112238684 617178.4721596774 0.0 30.935891349062587 3.0302148826195032 413.03961136725354 983.424072265625 45.667943359374476 517.2015039062499 537.7533000954478 2300.0 2300.0 2300.0 0.0 128.0 128.0 128.0 0.0 1 1.0 1.0
18000.0 20000.0 4 2 258.24125639196944 258.24125639196944 255.26651343729588 2480.7335678351587 2480.7335678351587 394.7522690217647 394.7522690217647 2.9747429546735855 630342.3957552445 622110.5372869931 0.0 5.8641783169676645 2.9747429546735855 391.77752606709106 996.163999999997 15.706927734376222 536.042958496093 513.4149195116433 2300.0 2300.0 2300.0 0.0 128.0 128.0 128.0 0.0 1 1.0 1.0
20000.0 22000.0 4 2 232.43669249561722 232.43669249561722 229.45157446295775 2489.4693834992813 2489.4693834992813 309.10660628172366 309.10660628172366 2.985118032659479 481298.70304036466 480954.4909126431 0.0 0.24586580551540616 2.985118032659479 306.1214882490642 990.8569999999963 40.91809374999866 520.2800083007787 517.3528765984938 2300.0 2300.0 2300.0 0.0 128.0 128.0 128.0 0.0 1 1.0 1.0
22000.0 24000.0 4 2 253.21379344407262 253.21379344407262 250.18249261110137 2528.3553013617825 2528.3553013617825 345.70082621119525 345.70082621119525 3.0313008329712385 593410.5884351602 564526.3225762191 0.0 19.656177239294095 3.0313008329712385 342.6695253782241 986.0849999999991 55.85206054687296 519.0505830078091 531.2494497829204 2300.0 2300.0 2300.0 0.0 128.0 128.0 128.0 0.0 1 1.0 1.0
24000.0 26000.0 4 2 294.7684938330541 294.7684938330541 291.7575525333356 2511.212574362922 2511.212574362922 463.97559534234745 463.97559534234745 3.010941299718435 768380.5517474107 723331.7199968587 0.0 32.153178196058086 3.010941299718435 460.96465404262904 984.0420000000013 24.47472851562634 520.6774545898443 535.4268161065518 2300.0 2300.0 2300.0 0.0 128.0 128.0 128.0 0.0 1 1.0 1.0
26000.0 28000.0 4 2 184.4517142635783 184.4517142635783 181.48376104788224 2475.016607616107 2475.016607616107 317.0557714738875 317.0557714738875 2.9679532156960895 488202.48324474035 479855.2306266847 0.0 5.962323298611188 2.9679532156960895 314.0878182581914 985.5760000000009 13.577910156251164 512.2794760742199 528.4162976362538 2300.0 2300.0 2300.0 0.0 128.0 128.0 128.0 0.0 1 1.0 1.0
28000.0 30000.0 4 2 222.24150266214411 222.24150266214411 219.27559882486878 2473.291030985832 2473.291030985832 398.25884933378194 398.25884933378194 2.9659038372753352 629398.2562171209 627678.6064446697 0.0 1.2283212660366305 2.9659038372753352 395.29294549650655 990.8929999999964 45.5510058593718 523.962493164061 500.4737299413255 2300.0 2300.0 2300.0 0.0 128.0 128.0 128.0 0.0 1 1.0 1.0
30000.0 32000.0 4 2 242.86922878972027 242.86922878972027 239.82536918082792 2538.929790687346 2538.929790687346 394.77534298655644 394.77534298655644 3.0438596088923355 613129.276608369 597729.276608369 0.0 11.0 3.0438596088923355 391.73148337766406 974.7350000000006 63.47899999999936 520.49753222656 518.3989678351 2300.0 2300.0 2300.0 0.0 128.0 128.0 128.0 0.0 1 1.0 1.0
32000.0 34000.0 4 2 223.36421503604953 223.36421503604953 220.5707911277563 2328.54788458038 2328.54788458038 393.25234048444764 393.25234048444764 2.743629974715405 619186.5175296995 600311.2147397778 0.0 12.724836034404769 2.793423908293215 390.5087105097322 994.2130000000034 35.89890429688239 660.6175146484402 439.6950425329666 2300.0 2300.0 2300.0 0.0 128.0 128.0 128.0 0.0 1 1.0 1.0
34000.0 36000.0 5 2 231.74274072549986 231.74274072549986 228.5002638267534 2705.68059494701 2705.68059494701 380.1195587305725 380.1195587305725 3.29227083232425 590180.0525351767 581288.2967814846 0.0 7.045920068176507 3.2424768987464403 376.82728789824824 976.3790000000008 49.28289843750099 534.4884328124987 397.4657305926111 2300.0 2300.0 2300.0 0.0 128.0 128.0 128.0 0.0 1 1.0 1.0
36000.0 38000.0 4 2 184.23087066175185 184.23087066175185 181.23087066175185 2502.0 2502.0 293.68600995197994 293.68600995197994 3.0 481946.30880024366 472718.77268425305 0.0 6.591097225707615 3.0 290.68600995197994 733.6840000000011 109.4076816406232 391.02823779296887 320.3653534214413 2300.0 2300.0 2300.0 0.0 128.0 128.0 128.0 0.0 1 1.0 1.0
38000.0 40000.0 4 2 254.1959036023472 254.1959036023472 251.1959036023472 2502.0 2502.0 396.53906796976776 396.53906796976776 3.0 655502.5783195544 644936.6991017121 0.0 7.5470565841731325 3.0 393.53906796976776 995.3070000000007 176.56299999999464 541.2739394531236 346.6907420983934 2300.0 2300.0 2300.0 0.0 128.0 128.0 128.0 0.0 1 1.0 1.0
40000.0 42000.0 7 4 300.20517650358613 300.20517650358613 297.20517650358613 2502.0 2502.0 499.8808359217013 499.8808359217013 3.0 769250.9262914029 743923.4001688496 0.0 17.091090087537978 3.0 496.8808359217013 999.3129999999946 0.0 401.74271037946164 360.38343937621767 2300.0 2300.0 2300.0 0.0 128.0 128.0 128.0 0.0 1 1.0 1.0
42000.0 44000.0 2 2 7.0 7.0 6.0 820.0 820.0 7.0 7.0 1.0 7113.0 2913.0 0.0 3.0 1.0 6.0 992.4489999999932 93.36500000000524 542.9069999999992 635.7483932563174 0.0 0.0 0.0 0.0 0.0 0.0 0.0 0.0 0 0.0 1.0
44000.0 46000.0 3 2 7.635655799511819 7.635655799511819 6.423770533007879 820.0 820.0 7.635655799511819 7.635655799511819 1.2118852665039397 7709.278746211031 2916.0 0.0 3.4237705330078794 1.0 6.423770533007879 973.8659999999945 98.36999999999534 426.87130989582994 476.89393936193613 0.0 0.0 0.0 0.0 0.0 0.0 0.0 0.0 0 0.0 1.0
46000.0 48000.0 6 3 156.28920869057276 155.28920869057276 143.5019978632583 9212.740266854356 9212.740266854356 242.7073842982771 242.7073842982771 11.78721082731445 356119.32292259316 352512.6016688042 0.0 2.5762294669921206 10.999096093818391 230.92017347096265 999.4949999999953 0.043000000005122274 494.37051757812395 442.0714807979716 288.0 288.0 288.0 0.0 128.0 128.0 128.0 0.0 6 5.0 1.0
48000.0 50000.0 3 2 96.07513550991543 96.07513550991543 90.07423160373381 5023.259733145644 5023.259733145644 175.6569599022111 175.6569599022111 6.000903906181611 253671.39833119579 253671.39833119579 0.0 0.0 6.000903906181611 169.65605599602947 566.9790000000066 427.98591210937593 485.01565494791913 72.77384839247264 288.0 288.0 288.0 0.0 128.0 128.0 128.0 0.0 2 2.0 1.0
50000.0 52000.0 3 3 64.0 64.0 60.0 3330.0 3330.0 79.0 79.0 4.0 142632.0 142632.0 0.0 0.0 4.0 75.0 550.0850000000064 25.96700000000419 265.7653333333389 264.8802207080285 480.0 480.0 480.0 0.0 128.0 128.0 128.0 0.0 2 1.0 1.0
52000.0 54000.0 2 2 132.73096627691086 132.73096627691086 129.77311854669557 2466.5077888412716 2466.5077888412716 241.17852114016188 241.17852114016188 2.957847730215287 397410.7809819506 397410.7809819506 0.0 0.0 2.957847730215287 238.22067340994658 957.589111328125 275.4579999999987 616.5235556640619 482.3395344784339 1500.0 1500.0 1500.0 0.0 128.0 128.0 128.0 0.0 1 1.0 1.0
54000.0 56000.0 4 2 253.64705776107903 253.64705776107903 250.64861732652892 2500.686845891187 2500.686845891187 328.57679278375144 328.57679278375144 2.9984404345501035 536305.0609211493 489446.9408476452 0.0 32.51379760202328 2.9984404345501035 325.5783523492014 991.8080000000045 42.140888671870925 529.9855507812499 513.784828878646 2300.0 2300.0 2300.0 0.0 128.0 128.0 128.0 0.0 1 1.0 1.0
56000.0 58000.0 4 2 263.71775114397263 263.71775114397263 260.69437381299866 2521.683712680106 2521.683712680106 375.69697570416974 375.69697570416974 3.023377330973998 584857.5679495517 560714.244306564 0.0 17.201519338328158 3.023377330973998 372.6735983731957 994.9429999999993 43.67568554687023 530.3189931640627 527.6396873510836 2300.0 2300.0 2300.0 0.0 128.0 128.0 128.0 0.0 1 1.0 1.0
58000.0 60000.0 4 2 333.90422481803745 333.90422481803745 330.8838903137768 2519.121652587435 2519.121652587435 390.54771037191693 390.54771037191693 3.0203345042606116 629015.5901473482 621617.0338638403 0.0 5.284683059648563 3.0203345042606116 387.52737586765636 999.676999999996 20.310712890626746 518.5764282226555 554.2479259165649 2300.0 2300.0 2300.0 0.0 128.0 128.0 128.0 0.0 1 1.0 1.0
60000.0 62000.0 3 2 229.34172479275907 229.34172479275907 226.3612709339888 2485.542149084582 2485.542149084582 338.01573398642324 338.01573398642324 2.9804538587702876 543761.6206835207 542388.9852812423 0.0 0.9804538587702873 2.9804538587702876 335.035280127653 998.9959999999992 106.89500000000407 694.7920358072928 509.2370447167362 2300.0 2300.0 2300.0 0.0 128.0 128.0 128.0 0.0 1 1.0 1.0
62000.0 64000.0 4 2 291.45161456753743 291.45161456753743 288.46598460466674 2489.90042873711 2489.90042873711 447.06325658196727 447.06325658196727 2.9856299628706773 699377.798926499 649757.6393737224 0.0 35.44297110912611 2.9856299628706773 444.07762661909663 986.4030000000057 19.50689257812337 538.2104990234402 509.8387528205203 2300.0 2300.0 2300.0 0.0 128.0 128.0 128.0 0.0 1 1.0 1.0
64000.0 66000.0 4 2 221.74602161124068 221.74602161124068 218.75401913528873 2495.2660847515344 2495.2660847515344 368.7601068757818 368.7601068757818 2.9920024759519412 559657.3372275734 553426.169732738 0.0 4.450833924882319 2.9920024759519412 365.76810439982984 998.7250000000058 33.89589648437686 528.4280019531216 520.9935262312656 2300.0 2300.0 2300.0 0.0 128.0 128.0 128.0 0.0 1 1.0 1.0
66000.0 68000.0 4 2 241.4309102591543 241.4309102591543 238.40621092475465 2522.7968395645134 2522.7968395645134 365.63352376987234 365.63352376987234 3.0246993343996595 613784.405373393 587466.2700122809 0.0 17.81588248308746 3.0246993343996595 362.6088244354727 998.5679999999993 41.90288867187337 532.2929560546872 529.1525654266014 2300.0 2300.0 2300.0 0.0 128.0 128.0 128.0 0.0 1 1.0 1.0
68000.0 70000.0 4 2 188.29969784986096 188.29969784986096 185.33055513127815 2476.0181690467257 2476.0181690467257 334.740320039005 334.740320039005 2.9691427185828094 603292.2373008095 602834.3351118118 0.0 0.3098586241338256 2.9691427185828094 331.77117732042217 992.0910000000003 17.188064453119296 529.0535332031213 514.5144372934232 2300.0 2300.0 2300.0 0.0 128.0 128.0 128.0 0.0 1 1.0 1.0
70000.0 72000.0 5 3 189.92846712825974 189.92846712825974 185.9159241123976 3342.561219355907 3342.561219355907 315.0062879967621 315.0062879967621 4.012543015862122 483861.83865434094 469861.83865434094 0.0 10.0 4.012543015862122 310.99374498090003 985.1369999999879 34.6310000000085 422.8160433593759 502.27499500241976 3000.0 3000.0 3000.0 0.0 128.0 128.0 128.0 0.0 2 1.0 1.0
72000.0 74000.0 5 2 389.68830704723626 389.68830704723626 386.7520185154862 2448.553423937111 2448.553423937111 562.7106067724395 562.7106067724395 2.936288531749983 900784.1617845406 866715.0360620382 0.0 23.890343939027247 2.936288531749983 559.7743182406896 998.6889999999985 35.3627148437663 534.4243898437533 455.3161396696723 2300.0 2300.0 2300.0 0.0 128.0 128.0 128.0 0.0 1 1.0 1.0
74000.0 76000.0 5 2 274.5021084110601 274.5021084110601 271.33188106850196 2643.57122293395 2643.57122293395 388.00837768213955 388.00837768213955 3.09924010181252 627209.9910718593 553257.5633682639 0.0 50.884337079614006 3.1702273425581704 384.909137580327 999.4560000000201 70.743896484375 407.88473242188337 394.0069927149759 2300.0 2300.0 2300.0 0.0 128.0 128.0 128.0 0.0 1 1.0 1.0
76000.0 78000.0 4 2 263.91763931571387 263.91763931571387 260.9591043155414 2467.998700141374 2467.998700141374 411.9329560470884 411.9329560470884 3.0295222409180567 625909.4045969378 564319.3484536182 0.0 43.99289724522823 2.9585350001724064 408.9034338061703 998.849000000002 29.064941406235448 544.8817612304665 489.5903403928133 2300.0 2300.0 2300.0 0.0 128.0 128.0 128.0 0.0 1 1.0 1.0
78000.0 80000.0 3 2 290.8473589189527 290.8473589189527 288.23554426754913 2176.3517889567497 2176.3517889567497 471.53810386391655 471.53810386391655 2.6118146514035816 716238.3501958363 672733.4189459368 0.0 31.07495089278537 2.6118146514035816 468.9262892125129 955.4450585937448 677.3979492187646 849.6743131510448 150.48188171988264 2300.0 2300.0 2300.0 0.0 128.0 128.0 128.0 0.0 1 1.0 1.0
80000.0 82000.0 6 2 206.83615912962225 206.83615912962225 203.77293194228156 2555.273800406816 2555.273800406816 360.10691311857727 360.10691311857727 3.0632271873407095 566309.5885277531 553020.9816312512 0.0 9.082103716231561 3.0632271873407095 357.04368593123655 999.8050000000076 81.27406835935835 468.8691861979144 344.78214932266474 2300.0 2300.0 2300.0 0.0 128.0 128.0 128.0 0.0 1 1.0 1.0
82000.0 84000.0 5 2 234.85096217216804 234.85096217216804 231.55552625183037 2750.1661730836277 2750.1661730836277 396.30300603987405 396.30300603987405 3.2954359203376518 615316.5026633013 570053.9226094915 0.0 24.62874410541968 3.2954359203376518 393.0075701195364 997.9930000000022 234.3570000000036 478.4135914062499 306.851308370543 2300.0 2300.0 2300.0 0.0 128.0 128.0 128.0 0.0 1 1.0 1.0
84000.0 86000.0 4 2 167.63090867874573 167.63090867874573 164.45255608062848 2631.8161824184926 1811.8161824184926 270.26094222186737 270.26094222186737 3.1783525981172533 419522.8752293332 402462.9487352126 1.0 12.109054938674873 3.1783525981172533 267.08258962375015 868.3220000000001 175.697998046875 455.5390366210959 293.0685643069392 2300.0 2300.0 2300.0 0.0 128.0 128.0 128.0 0.0 1 1.0 1.0
86000.0 88000.0 6 3 150.782131777702 150.782131777702 148.96048437581928 1510.1838175815074 1510.1838175815074 253.17387666429855 253.17387666429855 1.8216474018827469 414963.5040883204 388871.54202805116 0.0 18.59157974303215 1.8216474018827469 251.35222926241582 809.4180019531195 68.12599999998929 386.8814667968715 317.5643621439358 0.0 0.0 0.0 0.0 0.0 0.0 0.0 0.0 0 0.0 1.0
88000.0 90000.0 3 2 8.565890029398346 8.565890029398346 7.5658900293983455 820.0 820.0 8.565890029398346 8.565890029398346 1.0 9304.246041157683 2912.0 0.0 4.5658900293983455 1.0 7.5658900293983455 901.5930976562377 129.98600000000442 545.8710110677057 389.30587126292306 0.0 0.0 0.0 0.0 0.0 0.0 0.0 0.0 0 0.0 1.0
90000.0 92000.0 4 2 7.609809315213429 7.609809315213429 6.609809315213429 820.0 820.0 7.609809315213429 7.609809315213429 1.0 7966.7330412988 2913.0 0.0 3.6098093152134285 1.0 6.609809315213429 502.2639999999956 75.92899999998917 269.6620229492182 210.6706844031197 0.0 0.0 0.0 0.0 0.0 0.0 0.0 0.0 0 0.0 1.0
92000.0 94000.0 5 3 74.72459924587774 73.72459924587774 68.56150649162434 3479.1989162707678 3479.1989162707678 113.80092422019958 113.80092422019958 5.163092754253399 178979.03028227162 173441.85525719565 0.0 3.9551250179113944 4.163092754253399 108.63783146594619 999.4790000000212 66.89208984376455 427.61179414063224 362.7168023685634 288.0 288.0 288.0 0.0 128.0 128.0 128.0 0.0 2 1.0 1.0
94000.0 96000.0 6 3 253.84568974949738 252.84568974949738 239.00878250375078 12064.801083729233 12064.801083729233 373.7693647751755 373.7693647751755 14.836907245746602 543920.3743112535 531859.1447428043 0.0 8.615163977463721 13.836907245746602 357.9324575294289 999.8669999999984 144.43300000000454 612.7888336588512 359.5018847595882 288.0 288.0 288.0 0.0 128.0 128.0 128.0 0.0 5 6.0 1.0
96000.0 98000.0 2 2 42.0 42.0 39.0 2501.0 2501.0 72.0 72.0 3.0 108598.0 108598.0 0.0 0.0 3.0 69.0 323.96600000000035 185.84799999999814 254.90699999999924 97.66417440392513 288.0 288.0 288.0 0.0 128.0 128.0 128.0 0.0 1 1.0 1.0
98000.0 100000.0 2 2 171.0 171.0 168.0 2502.0 2502.0 298.0 298.0 3.0 435761.0 389561.0 0.0 33.0 3.0 295.0 828.205999999991 219.58800000001793 523.8970000000045 430.3579149521752 1500.0 1500.0 1500.0 0.0 128.0 128.0 128.0 0.0 1 1.0 1.0
100000.0 102000.0 2 2 145.0 145.0 142.0 2502.0 2502.0 278.0 278.0 3.0 416274.0 416274.0 0.0 0.0 3.0 275.0 908.3249999999971 233.0240000000049 570.674500000001 477.50991644205124 1500.0 1500.0 1500.0 0.0 128.0 128.0 128.0 0.0 1 1.0 1.0
102000.0 104000.0 2 2 149.0 149.0 146.0 2502.0 2502.0 272.0 272.0 3.0 409650.0 405450.0 0.0 3.0 3.0 269.0 926.7249999999913 217.28399999999965 572.0044999999955 501.6505419517595 1500.0 1500.0 1500.0 0.0 128.0 128.0 128.0 0.0 1 1.0 1.0
104000.0 106000.0 2 2 135.0 135.0 132.0 2502.0 2502.0 256.0 256.0 3.0 385958.0 385958.0 0.0 0.0 3.0 253.0 878.1210000000137 337.51699999999255 607.8190000000031 382.2647543365873 1500.0 1500.0 1500.0 0.0 128.0 128.0 128.0 0.0 1 1.0 1.0
106000.0 108000.0 2 2 154.99399137592766 154.99399137592766 152.01531058602745 2484.049225095965 2484.049225095965 312.8174290710569 312.8174290710569 2.978680789900196 461785.6159225454 461785.6159225454 0.0 0.0 2.978680789900196 309.8387482811567 975.68994140625 201.8740000000107 588.7819707031304 547.170499558604 2300.0 2300.0 2300.0 0.0 128.0 128.0 128.0 0.0 1 1.0 1.0
108000.0 110000.0 4 2 190.20383113134312 190.20383113134312 187.19681491721735 2507.907652293892 2507.907652293892 367.33506501192596 367.33506501192596 3.0070162141257626 588118.714464175 588118.714464175 0.0 0.0 3.0070162141257626 364.3280487978002 989.7209999999905 21.25405859373859 521.4229999999952 537.9530011067222 2300.0 2300.0 2300.0 0.0 128.0 128.0 128.0 0.0 1 1.0 1.0
110000.0 112000.0 4 2 213.4661634414138 213.4661634414138 210.49525780195563 2477.5025484237894 2477.5025484237894 323.6075905794097 323.6075905794097 2.9709056394581825 500003.1243634519 488985.3932608185 0.0 7.869807930452423 2.9709056394581825 320.6366849399515 996.060999999987 14.272058593749534 517.0705014648411 531.7398581922955 2300.0 2300.0 2300.0 0.0 128.0 128.0 128.0 0.0 1 1.0 1.0
112000.0 114000.0 4 2 292.0744111231804 292.0744111231804 289.09573562257344 2484.0447715111254 2484.0447715111254 483.5644711413257 483.5644711413257 2.978675500607037 757069.8888458669 717778.2305467726 0.0 28.065470213638754 2.978675500607037 480.58579564071863 999.9290000000037 43.39705273436266 539.3947558593718 497.4533969500776 2300.0 2300.0 2300.0 0.0 128.0 128.0 128.0 0.0 1 1.0 1.0
114000.0 116000.0 4 2 182.52421308000658 182.52421308000658 179.48780478355326 2532.6557856136815 2532.6557856136815 369.6060797514591 369.6060797514591 3.0364082964533035 565639.3766840773 561428.0440522805 0.0 3.0080947369977853 3.0364082964533035 366.56967145500585 975.2179999999935 58.83199999999488 517.5834877929665 526.3896194084142 2300.0 2300.0 2300.0 0.0 128.0 128.0 128.0 0.0 1 1.0 1.0
116000.0 118000.0 4 2 284.9036533292302 284.9036533292302 281.9013276005214 2503.9582635727706 2503.9582635727706 415.6752951136177 415.6752951136177 3.0023257287087537 610189.455247469 576837.6239484028 0.0 23.822736642190158 3.0023257287087537 412.672969384909 993.2880000000005 28.31307812500745 520.5297739257803 535.1880407608431 2300.0 2300.0 2300.0 0.0 128.0 128.0 128.0 0.0 1 1.0 1.0
118000.0 120000.0 4 2 229.30998266233937 229.30998266233937 226.47601512270913 2362.200668368654 2362.200668368654 374.5236370472636 374.5236370472636 2.83396753963023 578135.538640439 560034.0328637875 0.0 12.92964698332247 2.8339675396302306 371.68966950763337 895.9919999999984 25.979982421878958 501.7304721679684 418.4034480770872 2300.0 2300.0 2300.0 0.0 128.0 128.0 128.0 0.0 1 1.0 1.0
120000.0 122000.0 4 2 246.4233341195747 246.4233341195747 243.28040728140957 2622.344397735027 2622.344397735027 411.8787981927869 411.8787981927869 3.142926838165115 599777.4972606435 585901.4030429416 0.0 9.911495869787059 3.142926838165115 408.73587135462185 946.04931640625 111.36100000000442 532.5906025390577 441.9618719557642 3000.0 3000.0 3000.0 0.0 128.0 128.0 128.0 0.0 1 1.0 1.0
122000.0 124000.0 2 1 191.1004197369841 191.1004197369841 191.05132628403268 41.33668738509459 41.33668738509459 204.99163409115434 204.99163409115434 0.04909345295141876 290229.7885713319 242079.941898276 0.0 34.39274762361135 0.04909345295141876 204.94254063820293 776.81700000001 48.84268359374255 412.8298417968763 514.755575660513 0.0 0.0 0.0 0.0 0.0 0.0 0.0 0.0 0 0.0 0.0
124000.0 126000.0 4 2 267.75532301439097 267.75532301439097 261.75532301439097 5004.0 5004.0 466.9611189582899 466.9611189582899 6.0 718795.7614738424 699195.7614738424 0.0 14.0 6.0 460.9611189582899 997.9780000000028 430.632080078125 700.0297700195297 296.11292005754825 1500.0 1500.0 1500.0 0.0 128.0 128.0 128.0 0.0 2 2.0 2.0
126000.0 128000.0 4 2 212.98379506387627 212.98379506387627 209.90988325604957 2562.6076824179145 2562.6076824179145 344.334528273017 344.334528273017 3.0 510634.07597196766 500101.07597196766 0.0 8.0 3.073911807826725 341.334528273017 997.8729999999923 73.866943359375 443.6319658203138 411.9497508614453 1500.0 1500.0 1500.0 0.0 128.0 128.0 128.0 0.0 1 1.0 1.0
128000.0 130000.0 3 2 110.68075699258222 110.68075699258222 107.65110551340133 2511.3393523592986 1825.9047093850518 183.32196562225477 183.32196562225477 2.939459193073779 268220.6080999678 259810.3518542326 0.8358959060661549 6.283042817338398 3.029651479180899 180.38250642918098 925.5260566406359 177.632080078125 645.9183535156286 408.08828973152015 1500.0 1500.0 1500.0 0.0 128.0 128.0 128.0 0.0 1 1.0 1.0
130000.0 132000.0 5 2 236.6692419134303 236.6692419134303 232.77280520043792 3252.052965222787 3117.4876081970338 350.84521772600084 350.84521772600084 4.060540806926221 522938.00606748526 515522.1927690162 0.1641040939338451 5.659863999950357 3.8964367129923763 346.7846769190746 856.9010000000126 163.84907617187127 499.1799933593778 301.32473192097524 1500.0 1500.0 1500.0 0.0 128.0 128.0 128.0 0.0 1 1.0 1.0
132000.0 134000.0 5 3 192.2239537932026 192.2239537932026 188.77817363609893 2876.8845423572393 2779.7910583047496 339.14454265392254 339.14454265392254 3.4457801571036804 522553.14951151947 454481.0425389085 0.11558748101486872 44.40832835679105 3.4457801571036804 335.69876249681886 997.7870000000112 21.377029296883848 377.19905312500197 410.0627501682364 1500.0 1500.0 1500.0 0.0 128.0 128.0 128.0 0.0 2 1.0 1.0
134000.0 136000.0 6 3 177.3558278516894 177.3558278516894 172.8016080087931 3809.1154576427607 3066.2089416952504 279.9569090160725 279.9569090160725 4.55421984289632 404044.4701019259 348288.9548085482 0.8844125189851313 39.03997326177225 4.55421984289632 275.4026891731761 999.9429999999993 41.39900000000489 567.0547903645833 426.8555823090681 1500.0 1500.0 1500.0 0.0 128.0 128.0 128.0 0.0 1 1.0 1.0
136000.0 138000.0 5 3 155.3436323718568 155.3436323718568 154.3436323718568 820.0 820.0 228.44824875147103 228.44824875147103 1.0 368430.47217473155 338160.6205834844 0.0 21.621322565176538 1.0 227.44824875147103 923.6520214843622 4.174072265625 341.35821875000255 390.5552917057859 0.0 0.0 0.0 0.0 0.0 0.0 0.0 0.0 0 0.0 1.0
138000.0 140000.0 5 3 134.9874689989714 134.9874689989714 131.9874689989714 2504.0 2504.0 245.9874689989714 245.9874689989714 3.0 375939.45659856 368957.0 0.0 4.987468998971404 3.0 242.9874689989714 995.1249277343741 0.0530000000144355 546.888185546879 498.91140072476054 1500.0 1500.0 1500.0 0.0 0.0 0.0 0.0 0.0 2 0.0 1.0
140000.0 142000.0 5 3 226.33275261433255 226.33275261433255 223.68219746078918 1662.0 1662.0 351.7384886340174 351.7384886340174 2.216851717847785 565819.5890794022 509742.8115210192 0.4337034356955699 39.029804861628264 2.0 349.5216369161696 939.8589999999967 45.29399999999441 342.7042398437508 369.0342384899472 1500.0 1500.0 1500.0 0.0 0.0 0.0 0.0 0.0 1 0.0 1.0
142000.0 144000.0 7 3 283.7284243840888 282.7284243840888 272.30823440440406 6760.011009247032 6760.011009247032 538.4030016324389 538.4030016324389 8.783148282152215 801881.4972936364 756232.1884789808 1.5662965643044302 32.11168540482792 8.070745133228089 529.6198533502866 998.8699999999953 0.08499999999185093 503.3362544642878 412.4975263063741 1500.0 1500.0 1500.0 0.0 128.0 128.0 128.0 0.0 1 6.0 1.0
144000.0 146000.0 3 2 167.1669493805797 167.1669493805797 164.2431687948078 2439.3796461509737 2439.3796461509737 244.65964219454543 244.65964219454543 2.9945257190000074 380294.8010763539 372123.54342299246 0.0 5.836612609543852 2.923780585771919 241.66511647554543 984.31591796875 262.70900000000256 724.2656458333367 400.7901570594683 1500.0 1500.0 1500.0 0.0 128.0 128.0 128.0 0.0 1 1.0 1.0
146000.0 148000.0 3 2 172.1164307547831 172.1164307547831 169.1755349153965 2452.234296763486 2452.234296763486 256.506306226935 256.506306226935 2.940895839386563 400419.5928929195 374197.13328449556 0.0 18.73032829173138 2.940895839386563 253.5654103875484 925.89990234375 5.41808203124674 399.66899479166995 474.22118747516885 3000.0 3000.0 3000.0 0.0 128.0 128.0 128.0 0.0 1 1.0 1.0
148000.0 150000.0 4 2 340.3551684971378 340.3551684971378 337.2905900555244 2556.3750478385077 2556.3750478385077 558.2507862832848 558.2507862832848 3.0645784416134294 859849.9826849324 822649.2140507993 0.0 26.571977595809436 3.0645784416134294 555.1862078416714 980.6719999999914 63.921097656246275 476.48150732421345 410.4293535104138 3000.0 3000.0 3000.0 0.0 128.0 128.0 128.0 0.0 1 1.0 1.0
150000.0 152000.0 3 2 370.83796365635556 370.83796365635556 367.88911128182974 2458.933699350744 2458.933699350744 547.7624065176901 547.7624065176901 2.948852374525824 889711.4138417371 762402.8801098189 0.0 88.08810982779268 2.948852374525824 544.8135541431643 947.52587890625 371.0790683593659 733.9003157552021 315.8595344379709 3000.0 3000.0 3000.0 0.0 128.0 128.0 128.0 0.0 1 1.0 1.0
152000.0 154000.0 5 2 404.7558826892125 404.7558826892125 401.7047350637383 2545.066300649256 2545.066300649256 577.4316548828764 577.4316548828764 3.051147625474176 964316.6441435718 884788.7613845346 0.0 54.65218766574687 3.051147625474176 574.3805072574022 999.3229999999749 51.076121093763504 433.174286718748 511.55142712571745 3000.0 3000.0 3000.0 0.0 128.0 128.0 128.0 0.0 1 1.0 1.0
154000.0 156000.0 3 2 165.70642802351003 165.70642802351003 164.70642802351003 820.0 820.0 198.247713628212 198.247713628212 1.0 303225.4789874465 245854.46774735907 0.0 40.9792937429196 1.0 197.247713628212 929.0406875000044 16.55299999998533 321.5148958333205 526.1341352318562 0.0 0.0 0.0 0.0 0.0 0.0 0.0 0.0 0 0.0 1.0
156000.0 158000.0 1 1 3.0 3.0 2.0 820.0 820.0 4.0 4.0 1.0 4316.0 2916.0 0.0 1.0 1.0 3.0 638.5580000000191 638.5580000000191 638.5580000000191 0.0 0.0 0.0 0.0 0.0 0.0 0.0 0.0 0.0 0 0.0 1.0
158000.0 160000.0 2 1 24.09753293478324 24.09753293478324 22.906127859213875 980.9716685538352 980.9716685538352 32.136546108696535 32.136546108696535 1.1914050755693641 49564.47939746316 40721.564906158535 0.0 5.933557342650289 1.1914050755693641 30.945141033127168 881.070000000007 191.3068847655959 536.1884423828014 487.7361761946101 840.0 840.0 840.0 0.0 0.0 0.0 0.0 0.0 1 0.0 1.0
160000.0 162000.0 6 3 215.28766884495093 214.28766884495093 206.3902791981364 7041.704692971012 6201.704692971012 349.4495031695827 349.4495031695827 8.89738964681452 551713.2683995819 502545.8453588671 1.0 33.14721914782806 7.897389646814521 339.55211352276814 997.6850000000268 75.14208984375 643.6253873698103 365.66070626986084 840.0 840.0 840.0 0.0 128.0 128.0 128.0 0.0 2 1.0 1.0
162000.0 164000.0 5 3 338.6147982202658 338.6147982202658 331.7035929426497 5787.323638475153 5787.323638475153 454.41395072172077 454.41395072172077 6.911205277616116 671496.252202955 626696.5897349743 0.0 28.919223509521643 6.911205277616116 447.5027454441047 904.6039999999921 205.2368808593892 615.7949582031346 277.98233240413447 840.0 840.0 840.0 0.0 128.0 128.0 128.0 0.0 2 4.0 1.0
164000.0 166000.0 2 1 4.297281003776738 4.297281003776738 3.260120878304646 851.2330854592935 851.2330854592935 4.557401882081384 4.557401882081384 1.0371601254720924 3764.3995012655923 3738.387413435128 0.0 0.018580062736046142 1.0371601254720924 3.520241756609292 904.8269999999902 18.5419921875 461.6844960937451 626.6981390881841 0.0 0.0 0.0 0.0 0.0 0.0 0.0 0.0 0 0.0 1.0
166000.0 168000.0 6 4 339.97177082884986 338.97177082884986 330.01705260062613 7930.9284883526125 7930.9284883526125 549.0862831851257 549.0862831851257 9.954718228223758 828902.7459126734 737625.7580005039 0.0 65.98141993726395 8.954718228223758 538.131564956902 999.0739999999932 345.43700000000536 757.9426601562494 296.0218810086056 3000.0 840.0 1560.0 1247.0765814495917 128.0 128.0 128.0 0.0 3 3.0 1.0
168000.0 170000.0 4 2 189.73094816737338 189.73094816737338 188.72282652106924 826.8384261880933 826.8384261880933 330.3563149327928 330.3563149327928 1.008121646304149 519348.85458606103 475626.85458606103 0.0 33.0 1.008121646304149 329.3481932864887 981.1750000000466 8.096046874998137 428.146261718779 426.74436909976333 0.0 0.0 0.0 0.0 0.0 0.0 0.0 0.0 0 0.0 1.0
170000.0 172000.0 2 2 181.7903134446335 181.7903134446335 178.93572420007354 2379.564143919492 2379.564143919492 320.2695216395086 320.2695216395086 2.8545892445599668 466505.97925822315 464113.12937345525 0.0 1.709178489119933 2.8545892445599668 317.4149323949486 854.490966796875 742.6140000000014 798.5524833984382 79.10896188065155 3000.0 3000.0 3000.0 0.0 128.0 128.0 128.0 0.0 1 1.0 1.0
172000.0 174000.0 6 3 182.57690548917353 182.57690548917353 178.56528335965282 2511.785833056418 2511.785833056418 314.66901386137965 314.66901386137965 3.0116221295206866 505470.105222427 505062.9551071949 0.0 1.290821510880067 3.0116221295206866 309.657391731859 985.5570000000007 0.0 503.38848893230414 464.5962572548161 3000.0 3000.0 3000.0 0.0 128.0 128.0 128.0 0.0 1 1.0 1.0
174000.0 176000.0 4 2 195.11839829082516 195.11839829082516 193.9846096649058 932.6500230240898 932.6500230240898 338.7585879440382 338.7585879440382 1.1337886259193466 562295.8883422469 551404.9155193499 0.0 8.69712344492644 1.1337886259193466 337.62479931811885 996.3979999999865 133.77109960935195 666.4440361328161 379.4017750831952 0.0 0.0 0.0 0.0 0.0 0.0 0.0 0.0 0 0.0 1.0
176000.0 178000.0 4 2 26.7734920491268 26.7734920491268 25.171644884321832 1326.7553127657839 1326.7553127657839 46.0247894322015 46.0247894322015 1.6018471648049688 66162.15395926058 59367.264058706074 0.0 5.108418049488466 1.6018471648049688 44.42294226739653 696.5450000000128 97.07395507811452 392.18846826172376 300.6946927104612 0.0 0.0 0.0 0.0 0.0 0.0 0.0 0.0 0 0.0 1.0
178000.0 180000.0 4 2 291.79938620787937 291.79938620787937 287.4668656414311 3621.982316949419 3621.982316949419 477.4953106860462 477.4953106860462 4.332520566448241 739632.2599815377 700396.1227049893 0.0 28.194458505585093 4.332520566448241 473.1627901195979 970.9720000000088 397.88408203129075 785.0413486328252 261.7189151800998 1500.0 1500.0 1500.0 0.0 128.0 128.0 128.0 0.0 2 2.0 1.0
180000.0 182000.0 5 2 243.48010437383726 243.48010437383726 238.4144721050905 4239.262370284798 4239.262370284798 419.9249023950548 419.9249023950548 5.06563226874679 658178.2189790208 651178.2189790208 0.0 5.0 5.06563226874679 414.85927012630805 999.9990000000398 63.600687500002095 547.697191015631 399.49381403750573 1500.0 1500.0 1500.0 0.0 128.0 128.0 128.0 0.0 2 2.0 1.0
182000.0 184000.0 3 2 227.4614001445243 227.4614001445243 224.4614001445243 2502.0 2502.0 381.8578740417711 381.8578740417711 3.0 578818.394257284 571818.394257284 0.0 4.0 3.0 378.8578740417711 990.2369999999937 445.39273242186755 657.0155774739493 292.0675940787589 1500.0 1500.0 1500.0 0.0 128.0 128.0 128.0 0.0 1 1.0 1.0
184000.0 186000.0 3 2 167.06171591722554 167.06171591722554 164.03085795861278 2527.303526062472 2527.303526062472 262.0308579586128 262.0308579586128 3.030857958612771 429614.0 389014.0 0.0 26.0 3.030857958612771 259.0 997.3179999999993 30.552001953125 409.8660006510424 515.8974648427256 1500.0 1500.0 1500.0 0.0 128.0 128.0 128.0 0.0 1 1.0 1.0
186000.0 188000.0 4 2 169.69464990841627 169.69464990841627 166.37153880236357 2775.345759075633 2775.345759075633 262.2979111218428 262.2979111218428 3.3231111060526843 392588.0919430056 385577.10515929374 0.0 5.008795055805225 3.3231111060526843 258.97480001579015 996.8999999999942 1.7561035155958962 658.1927832031142 460.69014376371007 1500.0 1500.0 1500.0 0.0 128.0 128.0 128.0 0.0 2 1.0 1.0
188000.0 190000.0 5 2 359.3381110224168 359.3381110224168 354.6920800870822 3885.3507148618955 3885.3507148618955 549.3490911590095 549.3490911590095 4.6460309353345455 823179.5869843842 786703.8648202238 0.0 25.700779226834978 4.6460309353345455 544.7030602236748 996.590896484413 151.7510000000184 607.226988671883 382.09698377491304 1500.0 1500.0 1500.0 0.0 128.0 128.0 128.0 0.0 1 2.0 1.0
190000.0 192000.0 3 2 159.90552315194134 159.90552315194134 156.90552315194134 2502.0 2502.0 262.322139760535 262.322139760535 3.0 441483.32107261015 431124.03002048243 0.0 7.290425717359796 3.0 259.322139760535 852.8649999999907 70.58492187500815 394.26864062499953 408.21758365865986 1500.0 1500.0 1500.0 0.0 128.0 128.0 128.0 0.0 1 1.0 1.0
192000.0 194000.0 2 2 163.99532773988744 163.99532773988744 161.04663974155483 2458.795294596059 2458.795294596059 336.2209754547641 336.2209754547641 2.9486879983326117 532633.0359269555 532633.0359269555 0.0 0.0 2.9486879983326117 333.27228745643146 945.9130859375 285.0599999999977 615.4865429687488 467.29369843446415 3000.0 3000.0 3000.0 0.0 128.0 128.0 128.0 0.0 1 1.0 1.0
194000.0 196000.0 4 2 292.1029200669458 292.1029200669458 289.0766192972859 2524.145248053643 2524.145248053643 511.45028428674533 511.45028428674533 3.026300769659909 805815.972920255 770815.972920255 0.0 22.0 3.026300769659909 508.42398351708545 989.7200000000594 51.16191406251164 542.6197270508055 508.3343701272158 3000.0 3000.0 3000.0 0.0 128.0 128.0 128.0 0.0 1 1.0 1.0
196000.0 198000.0 4 2 334.48958166039654 334.48958166039654 331.5174477909327 2478.5367180885414 2478.5367180885414 447.41732402118043 447.41732402118043 2.972133869463826 752900.5081198162 717462.8761181106 0.0 24.365471649476163 2.972133869463826 444.4451901517166 946.221923828125 24.953005859366385 509.6092324218698 497.8042056438069 3000.0 3000.0 3000.0 0.0 128.0 128.0 128.0 0.0 1 1.0 1.0
198000.0 200000.0 4 2 292.18577918133735 292.18577918133735 289.14147798209046 2539.3016097659065 2539.3016097659065 537.3471434115869 537.3471434115869 3.0443011992469193 810584.3221043441 769021.9541060496 0.0 29.634528350523837 3.0443011992469193 534.30284221234 987.7912597655959 52.82707617187407 518.8205839843722 534.4621489805198 3000.0 3000.0 3000.0 0.0 128.0 128.0 128.0 0.0 1 1.0 1.0
200000.0 202000.0 4 2 249.7200768859168 249.7200768859168 246.7365638672752 2488.1179616962045 2488.1179616962045 421.4012650267602 421.4012650267602 2.9835130186415726 684630.502311909 649630.502311909 0.0 25.0 2.9835130186415726 418.4177520081186 990.6540000000386 8.544740234414348 523.4106616211138 531.5877810436042 3000.0 3000.0 3000.0 0.0 128.0 128.0 128.0 0.0 1 1.0 1.0
202000.0 204000.0 4 2 323.61549938451134 323.61549938451134 320.6548624360953 2468.8563105662683 2468.8563105662683 506.79596603762934 506.79596603762934 2.960636948415996 820089.9497877855 779670.3431372552 0.0 28.87114760752167 2.960636948415996 503.83532908921336 989.0900000000256 25.023093750001863 557.76502490235 478.8137944523446 3000.0 3000.0 3000.0 0.0 128.0 128.0 128.0 0.0 1 1.0 1.0
204000.0 206000.0 5 3 378.96700457084864 378.96700457084864 375.9728164752081 2497.106376529293 2497.106376529293 580.4527543745473 580.4527543745473 2.99418809564049 910958.7061497171 844144.9796170103 0.0 45.72409038050483 2.99418809564049 577.4585662789068 997.1040000000212 64.36299414065434 499.55381132813056 434.8905670752059 3000.0 3000.0 3000.0 0.0 128.0 128.0 128.0 0.0 1 1.0 1.0
206000.0 208000.0 4 2 296.1025164967195 296.1025164967195 293.0543668008228 2542.5420439450454 2542.5420439450454 438.1331471432891 438.1331471432891 3.048149695896729 708643.5319084295 696938.712624832 0.0 8.360585202569604 3.048149695896729 435.08499744739237 977.9029999999912 70.19293749998906 543.2272597656192 500.3848002882276 3000.0 3000.0 3000.0 0.0 128.0 128.0 128.0 0.0 1 1.0 1.0
208000.0 210000.0 4 2 336.431526004216 336.431526004216 333.4113389068761 2518.997535960191 2518.997535960191 540.14420227721 540.14420227721 3.0201870973398943 888818.0042723352 834217.3788362278 0.0 38.002348047438744 3.0201870973398943 537.1240151798701 997.247314453125 21.98489843751304 548.2468032226607 520.8340317352629 3000.0 3000.0 3000.0 0.0 128.0 128.0 128.0 0.0 1 1.0 1.0
210000.0 212000.0 4 2 310.3897680092207 310.3897680092207 306.3878667018586 3343.6009007988478 3343.6009007988478 544.6369379662874 544.6369379662874 4.001901307362052 827486.4664984529 784025.2444013949 0.0 30.041828761965146 4.001901307362052 540.6350366589254 997.6059999999998 1.899685546872206 699.443421386728 473.6993818751002 3000.0 3000.0 3000.0 0.0 128.0 128.0 128.0 0.0 1 2.0 1.0
212000.0 214000.0 4 2 286.51895458864567 286.51895458864567 283.51895458864567 2502.0 2502.0 471.6401988062512 471.6401988062512 3.0 845131.1066660392 815565.8706760764 0.0 18.118025707116374 3.0 468.6401988062512 996.5229999999865 457.3739999999816 759.1329824218701 277.4541397157573 3000.0 3000.0 3000.0 0.0 128.0 128.0 128.0 0.0 1 1.0 1.0
214000.0 216000.0 4 2 389.48104541135433 389.48104541135433 385.48104541135433 3344.0 3344.0 571.3598011937488 571.3598011937488 4.0 933715.8933339608 891881.1293239237 0.0 29.881974292883626 4.0 567.3598011937488 999.9379999999946 269.4080703124928 679.9975175781365 307.88166133210916 3000.0 3000.0 3000.0 0.0 128.0 128.0 128.0 0.0 2 1.0 1.0
216000.0 218000.0 3 2 329.0 329.0 326.0 2502.0 2502.0 529.0 529.0 3.0 820286.0 726486.0 0.0 67.0 3.0 526.0 996.3369999999995 822.1749999999884 880.5639999999936 100.26361829198578 3000.0 3000.0 3000.0 0.0 128.0 128.0 128.0 0.0 1 1.0 1.0
218000.0 220000.0 5 3 351.77360168624494 351.77360168624494 349.0220946283349 2292.7689427602554 2292.7689427602554 599.3670392766676 599.3670392766676 2.7515070579100422 942021.5032034456 926411.4710907754 0.0 11.150022937621491 2.7515070579100422 596.6155322187576 999.1879999999946 59.847900390654104 629.7025640625158 405.9578881074356 3000.0 3000.0 3000.0 0.0 128.0 128.0 128.0 0.0 1 1.0 1.0
220000.0 222000.0 6 3 239.8836364818249 239.8836364818249 236.02078966898773 3206.7424501351434 2386.7424501351434 418.9077771414271 418.9077771414271 2.975563675961193 638734.2675127464 571681.3482434498 1.0 45.263171020733004 3.8628468128371676 415.9322134654659 998.5620000000054 241.75108007813105 715.528343098956 257.801106086023 3000.0 3000.0 3000.0 0.0 0.0 0.0 0.0 0.0 1 0.0 1.0
222000.0 224000.0 6 2 405.3234276580259 405.3234276580259 401.55390976623096 3132.6376570647494 2481.0460419698966 658.784369730197 658.784369730197 4.45142494951829 1031759.1187380974 975305.5966308778 0.7946239208473813 39.38142996249289 3.7695178917949344 654.3329447806788 999.9869999999937 111.78807617188431 583.1720354817759 341.4894365296307 3000.0 3000.0 3000.0 0.0 128.0 128.0 128.0 0.0 1 2.0 1.0
224000.0 226000.0 4 2 240.13154516364474 240.13154516364474 237.51541692618687 2173.8509500398523 2005.4425651347046 397.83034972802625 397.83034972802625 2.8215043166104747 630474.5308179248 599852.5840348969 0.2053760791526187 20.09491195547054 2.6161282374578563 395.0088454114157 995.4590000000317 205.3619082031655 600.7757475586113 358.2044155647035 0.0 0.0 0.0 0.0 128.0 128.0 128.0 0.0 0 1.0 1.0
226000.0 228000.0 5 2 348.7286012012715 348.7286012012715 344.7286012012715 3344.0 3344.0 568.4146768440389 568.4146768440389 4.0 846852.3126380639 805424.5159160049 0.0 29.983576341965136 4.0 564.4146768440389 999.4139999999898 71.9873046875 533.4742445312673 457.3816496551426 3000.0 3000.0 3000.0 0.0 128.0 128.0 128.0 0.0 2 1.0 1.0
228000.0 230000.0 4 3 446.05792674949953 446.05792674949953 443.11741211590146 2451.913321489612 2451.913321489612 721.0141530072094 721.0141530072094 2.9405146335981143 1100123.711771286 1046029.8853562977 0.0 37.71049021690374 2.9405146335981143 718.0736383736113 927.2426953125105 453.09700000000885 685.4296889648467 235.28305006352667 3000.0 3000.0 3000.0 0.0 128.0 128.0 128.0 0.0 1 1.0 1.0
230000.0 232000.0 4 2 348.602136474517 348.602136474517 345.5426511081151 2552.086678510388 2552.086678510388 554.5192886835845 554.5192886835845 3.0594853664018857 859387.0271021496 812414.6023492503 0.0 34.06244625207085 3.0594853664018857 551.4598033171826 869.2969999999914 53.40393945315736 611.6518076171851 378.5971718776359 3000.0 3000.0 3000.0 0.0 128.0 128.0 128.0 0.0 1 1.0 1.0
232000.0 234000.0 3 2 287.46802289143545 287.46802289143545 284.4822263997819 2490.040645972326 2490.040645972326 478.867131652483 478.867131652483 2.985796491653594 742483.2567963996 730907.0344286702 0.0 8.268730262663919 2.985796491653594 475.8813351608294 985.62890625 293.3547089844069 701.7828717447992 362.56229955743476 3000.0 3000.0 3000.0 0.0 128.0 128.0 128.0 0.0 1 1.0 1.0
234000.0 236000.0 4 2 347.44171835989346 347.44171835989346 344.437032117018 2505.9458165011647 2505.9458165011647 551.8016903829869 551.8016903829869 3.0046862428754926 849584.3715787842 820198.3038252672 0.0 19.9900483953693 3.004686242875492 548.7970041401113 990.2172851562791 14.201093749987194 641.6715947265693 461.661179863988 3000.0 3000.0 3000.0 0.0 128.0 128.0 128.0 0.0 1 1.0 1.0
236000.0 238000.0 4 2 273.6785367825073 273.6785367825073 270.69058134334114 2491.858479777947 2491.858479777947 437.5343035032971 437.5343035032971 2.987955439166208 722664.4622820566 651916.071042955 0.0 49.556126997091496 2.987955439166208 434.5463480641309 985.6649999999208 9.51471484376816 543.9571674804465 507.4985690103382 3000.0 3000.0 3000.0 0.0 128.0 128.0 128.0 0.0 1 1.0 1.0
238000.0 240000.0 4 2 266.91084655113525 266.91084655113525 265.8892847248306 838.1550577485623 838.1550577485623 352.9592200500823 352.9592200500823 1.0215618263047057 522772.43755904585 401587.5870815546 0.0 86.53904565761765 1.0215618263047057 351.93765822377765 998.1460000000079 21.366044921858702 333.54301123046025 447.7440671562565 0.0 0.0 0.0 0.0 0.0 0.0 0.0 0.0 0 0.0 1.0
240000.0 242000.0 3 2 202.4097799338894 202.4097799338894 198.44266358133711 3314.3119688490287 3314.3119688490287 371.7403019963147 371.7403019963147 3.967116352552291 545993.5693470243 508653.94041129225 0.0 26.671163525522907 3.967116352552291 367.7731856437624 971.7449999999953 10.300999999977648 649.617302734366 553.6696667358801 3000.0 3000.0 3000.0 0.0 128.0 128.0 128.0 0.0 1 2.0 1.0
242000.0 244000.0 5 3 362.39825355947966 362.39825355947966 360.36647316781716 1688.7590897798032 1688.7590897798032 582.90665615241 582.90665615241 2.0317803916624744 862873.4689925085 777986.3652768366 0.0 59.32221693976568 2.0317803916624744 580.8748757607475 998.789999999979 32.873091796878725 609.6560375000117 465.87166294728 3000.0 3000.0 3000.0 0.0 0.0 0.0 0.0 0.0 1 0.0 1.0
244000.0 246000.0 6 3 399.7082062260529 399.7082062260529 396.70710297026767 2502.928941371168 2502.928941371168 588.4408563497183 588.4408563497183 3.0011032557852353 905766.4898864126 808687.4785952327 0.0 68.06086015243426 3.0011032557852353 585.439753093933 999.7750000000233 1.101904296898283 628.3961308593765 400.5277879415243 3000.0 3000.0 3000.0 0.0 128.0 128.0 128.0 0.0 1 1.0 1.0
246000.0 248000.0 5 2 282.7028601701241 282.7028601701241 279.60403484616603 2585.0132721247965 2585.0132721247965 451.3925210817201 451.3925210817201 3.0988253239580907 753895.7218419579 719589.9585499715 0.0 23.70112169268461 3.0988253239580907 448.29369575776195 998.570000000007 57.970056640624534 410.0880164062488 385.5321222579163 3000.0 3000.0 3000.0 0.0 128.0 128.0 128.0 0.0 1 1.0 1.0
248000.0 250000.0 5 3 384.8866043845446 384.8866043845446 381.64030098494453 2708.894855664024 2708.894855664024 548.7756463598105 548.7756463598105 3.246303399600029 932748.5216009665 821467.145427835 0.0 80.42156854296435 3.246303399600029 545.5293429602104 998.13400000002 276.2041015625 802.1704277343699 297.8174716839037 3000.0 3000.0 3000.0 0.0 128.0 128.0 128.0 0.0 1 1.0 1.0
250000.0 252000.0 4 2 304.29840133659957 304.29840133659957 301.6435300601577 2212.0918722111796 2212.0918722111796 472.9967036817404 472.9967036817404 2.6548712764418805 809883.9458056056 786756.2183310359 0.0 15.001810503120938 2.6548712764418805 470.34183240529853 997.4830000000075 121.57000000000698 623.3309458007861 388.6146930085867 3000.0 3000.0 3000.0 0.0 128.0 128.0 128.0 0.0 1 1.0 1.0
252000.0 254000.0 6 3 309.29241942159473 309.29241942159473 304.29241942159473 4184.0 2502.0 496.1911370517517 496.1911370517517 5.0 885042.6010347208 852482.5269087222 2.0 21.288164601492056 5.0 491.1911370517517 999.4110000000219 134.82411523442715 637.1100260416861 334.82841982552753 3000.0 3000.0 3000.0 0.0 128.0 128.0 128.0 0.0 1 1.0 1.0
254000.0 256000.0 7 3 405.77463492522446 405.77463492522446 403.3914622373291 1984.6314032079056 1984.6314032079056 651.176332952535 651.176332952535 2.383172687895375 1033320.8710459879 967946.1965717735 0.0 46.52835081521828 2.383172687895375 648.7931602646395 999.7679999999818 83.61705664062174 624.25127706473 337.45567186093905 3000.0 3000.0 3000.0 0.0 0.0 0.0 0.0 0.0 2 0.0 1.0
256000.0 258000.0 6 3 342.1331916859777 342.1331916859777 339.51636437387305 2181.3685967920946 2181.3685967920946 594.0268247710327 594.0268247710327 2.6168273121046255 961929.0678827704 929565.1449560713 0.0 23.11708780478507 2.6168273121046255 591.409997458928 998.7820000000065 49.614988281275146 503.3311865234379 395.3722274731319 3000.0 3000.0 3000.0 0.0 0.0 0.0 0.0 0.0 1 0.0 1.0
258000.0 260000.0 7 4 371.7632613615502 370.64072369320445 366.5181860248588 3767.0 3767.0 574.7206326080038 574.7206326080038 5.122537668345683 921081.8480334135 877496.024971229 0.0 31.13273075870323 4.0 568.5980949396582 998.7260000000242 0.0 483.6825555245658 417.7528632644466 3000.0 3000.0 3000.0 0.0 0.0 0.0 0.0 0.0 1 0.0 1.0
260000.0 262000.0 6 4 353.9413823959421 353.0639200642878 344.1864577326335 6702.0 6702.0 536.1228778751097 536.1228778751097 8.877462331654318 767463.4254864035 709454.4372243865 0.0 40.43499161572649 8.0 527.2454155434552 996.005999999994 245.78700000001118 698.5420553385435 303.73768564289014 3000.0 3000.0 3000.0 0.0 128.0 128.0 128.0 0.0 1 6.0 1.0
262000.0 264000.0 5 3 353.2003669182495 353.2003669182495 349.85265870568537 2794.0748985538294 2794.0748985538294 624.3584463185679 624.3584463185679 3.3477082125640827 919969.3474722377 873321.4412056226 0.0 33.31993304758214 3.3477082125640827 621.0107381060038 995.4349999999977 124.35999999998603 442.0503550781403 370.2352889909797 3000.0 3000.0 3000.0 0.0 128.0 128.0 128.0 0.0 1 1.0 1.0
264000.0 266000.0 5 2 440.61594078941107 440.61594078941107 435.96364900197517 3891.9251014461706 3891.9251014461706 723.5845170663351 723.5845170663351 4.652291787435917 1085789.1605651767 1065349.5570635682 0.0 14.599716786863231 4.652291787435917 718.9322252788992 999.4930000000168 71.919921875 628.2127652343712 390.48690211169173 3000.0 3000.0 3000.0 0.0 128.0 128.0 128.0 0.0 2 2.0 1.0
266000.0 268000.0 4 2 311.3630685450395 311.3630685450395 308.3630685450395 2502.0 2502.0 469.4048500926931 469.4048500926931 3.0 714862.7796620872 661045.4758989648 0.0 38.969502687944626 3.0 466.4048500926931 999.7110000000102 65.373291015625 717.3485922851687 437.2478742630132 3000.0 3000.0 3000.0 0.0 128.0 128.0 128.0 0.0 1 1.0 1.0
268000.0 270000.0 4 3 435.17802508032304 435.17802508032304 432.5239383032758 2210.7410662737257 2210.7410662737257 652.3059932154678 652.3059932154678 2.6540867770471803 1071067.094656515 1004223.8002609967 0.0 46.43703672841883 2.6540867770471803 649.6519064384206 934.4607089843485 514.1109999999753 655.9709252929606 196.35314643270772 3000.0 3000.0 3000.0 0.0 128.0 128.0 128.0 0.0 1 1.0 1.0
270000.0 272000.0 3 2 333.60513185520875 333.60513185520875 330.28166631291555 2774.3579866108935 2774.3579866108935 441.21917815993476 441.21917815993476 3.3234655422932224 686559.4049246105 630999.60658486 0.0 38.99374379677331 3.3234655422932224 437.8957126176415 977.47998046875 345.5590078125242 742.7776627604229 345.88972060907247 3000.0 3000.0 3000.0 0.0 128.0 128.0 128.0 0.0 1 1.0 1.0
272000.0 274000.0 4 2 375.93543352636533 375.93543352636533 372.93685796437603 2500.8006231949985 2500.8006231949985 613.6923667179532 613.6923667179532 2.9985755619893095 927931.1402648259 913931.1402648259 0.0 10.0 2.9985755619893095 610.6937911559638 989.9770000000135 22.44601953122765 622.2882416992215 459.85208322303805 3000.0 3000.0 3000.0 0.0 128.0 128.0 128.0 0.0 1 1.0 1.0
274000.0 276000.0 4 2 282.80772091488575 282.80772091488575 279.8123153459979 2498.13148900359 2498.13148900359 441.393180341331 441.393180341331 2.995405568887874 701564.4393085625 654482.5305146024 0.0 30.629934852828626 2.995405568887874 438.3977747724431 997.6579999999958 23.85605273442343 596.596019042976 471.57208135797265 3000.0 3000.0 3000.0 0.0 128.0 128.0 128.0 0.0 1 1.0 1.0
276000.0 278000.0 4 2 320.6517775985893 320.6517775985893 317.6407255217244 2511.3058487202343 2511.3058487202343 601.4311221698177 601.4311221698177 3.0110520768648867 993046.9117690475 991128.8205630076 0.0 1.3700651471713718 3.0110520768648867 598.420070092953 992.8699999999953 28.37397656252142 516.2207705078181 543.2758562687354 3000.0 3000.0 3000.0 0.0 128.0 128.0 128.0 0.0 1 1.0 1.0
278000.0 280000.0 4 2 309.07406506283485 309.07406506283485 306.1006474039059 2479.617668818183 2479.617668818183 457.37270570280515 457.37270570280515 2.9734176589289585 752404.4489751989 701897.9553064628 0.0 31.208057348205777 2.9734176589289585 454.3992880438762 960.8099999999977 17.371894531243015 556.7953032226651 463.7888780926523 3000.0 3000.0 3000.0 0.0 128.0 128.0 128.0 0.0 1 1.0 1.0
280000.0 282000.0 4 2 322.28694744802965 322.28694744802965 319.2429506340411 2539.0453173783744 2539.0453173783744 486.7245479534445 486.7245479534445 3.043996813988568 766454.2955595921 701083.7612212237 0.0 46.56124837115442 3.043996813988568 483.68055113945593 955.804999999993 42.62068164063385 496.9426425781421 391.43824207672975 3000.0 3000.0 3000.0 0.0 128.0 128.0 128.0 0.0 1 1.0 1.0
282000.0 284000.0 3 2 365.5172873989195 365.5172873989195 362.55438647628256 2470.762576860342 2470.762576860342 562.8574541840371 562.8574541840371 2.962900922636986 914493.9979340521 864134.596899314 0.0 35.9710007390987 2.962900922636986 559.8945532614001 961.73388671875 358.8271113281371 728.7329993489548 323.93113366180023 3000.0 3000.0 3000.0 0.0 128.0 128.0 128.0 0.0 1 1.0 1.0
284000.0 286000.0 4 2 308.96754315169494 308.96754315169494 305.9986828519793 2475.780372360569 2475.780372360569 462.5123792350221 462.5123792350221 2.9688602997156397 756429.0640998224 743248.1645851966 0.0 9.918499653304227 2.9688602997156397 459.54351893530645 996.9639999999781 37.054113281250466 659.9097641601547 437.9930693727994 3000.0 3000.0 3000.0 0.0 128.0 128.0 128.0 0.0 1 1.0 1.0
286000.0 288000.0 3 2 284.26025279810534 284.26025279810534 281.2280653550191 2529.1018270786158 2529.1018270786158 447.96439633321097 447.96439633321097 3.032187443086242 734328.8233348241 705157.7580486906 0.0 18.908577873503283 3.032187443086242 444.93220889012474 996.6080000000075 68.21905664063524 676.0143736979226 526.6309105222253 3000.0 3000.0 3000.0 0.0 128.0 128.0 128.0 0.0 1 1.0 1.0
288000.0 290000.0 4 2 358.3694095267946 358.3694095267946 355.3917347190322 2483.202188135916 2483.202188135916 522.4824943124404 522.4824943124404 2.9776748077623707 799852.1538342093 732343.544702213 0.0 47.14833242516083 2.9776748077623707 519.504819504678 981.0040000000154 36.02393554686569 703.6974711914081 448.0647228246562 3000.0 3000.0 3000.0 0.0 128.0 128.0 128.0 0.0 1 1.0 1.0
290000.0 292000.0 5 2 284.00138234381285 284.00138234381285 281.0119334508655 2493.1159678616395 2493.1159678616395 429.14573862940557 429.14573862940557 2.989448892947315 680499.7742116994 650009.7588097858 0.0 22.319296715652506 2.989448892947315 426.15628973645823 916.798095703125 58.28505078126909 487.03442929690937 422.12459176640454 3000.0 3000.0 3000.0 0.0 128.0 128.0 128.0 0.0 1 1.0 1.0
292000.0 294000.0 4 2 176.16196255440866 176.16196255440866 174.94570916003732 1000.7171735278877 1000.7171735278877 295.9437625337333 295.9437625337333 1.1592457055057799 468703.69817502785 431420.02583345363 0.0 26.631194529695893 1.2162533943713314 294.78451682822754 874.6460000000079 33.24609375 257.9475244140631 411.3833257846776 3000.0 3000.0 3000.0 0.0 128.0 128.0 128.0 0.0 1 1.0 1.0
294000.0 296000.0 4 2 310.69468908634815 310.69468908634815 307.84201484686804 2379.31989417503 2379.31989417503 488.11637615365373 488.11637615365373 1.9096819283456665 723201.934294739 669534.625012825 0.0 38.33379234422436 2.8526742394801152 486.206694225308 964.823906250007 0.0 666.9679516601609 452.03641425375884 0.0 0.0 0.0 0.0 0.0 0.0 0.0 0.0 0 0.0 1.0
296000.0 298000.0 1 1 2.0 2.0 1.0 820.0 820.0 2.0 2.0 1.0 2915.0 2915.0 0.0 0.0 1.0 1.0 893.1610000000219 893.1610000000219 893.1610000000219 0.0 0.0 0.0 0.0 0.0 0.0 0.0 0.0 0.0 0 0.0 1.0
298000.0 300000.0 3 2 65.62145722235866 65.07502828361046 61.98217040611409 2120.0931664259742 2120.0931664259742 118.80006170969557 118.80006170969557 2.5464289387481878 173230.47832143813 164815.47266471604 0.0 6.010718326230067 2.5464289387481878 116.25363277094738 682.5659999999916 120.88000000000466 427.2299654947904 284.2966874855455 1500.0 1500.0 1500.0 0.0 128.0 128.0 128.0 0.0 1 1.0 1.0
300000.0 302000.0 1 1 35.37854277764135 34.924971716389535 34.017829593885914 381.9068335740259 381.9068335740259 76.19993829030444 76.19993829030444 0.4535710612518122 114352.52167856188 107367.52733528397 0.0 4.989281673769934 0.4535710612518122 75.74636722905264 396.9731035156292 396.9731035156292 396.9731035156292 0.0 0.0 0.0 0.0 0.0 0.0 0.0 0.0 0.0 0 0.0 0.0
