ts te nbins ncons c_tcp_packs c_tcp_bytes c_udp_packs c_udp_bytes s_tcp_packs s_tcp_bytes s_udp_packs s_udp_bytes max_bins_span min_bins_span avg_bins_span std_bins_span max_video_rate min_video_rate avg_video_rate std_video_rate max_audio_rate min_audio_rate avg_audio_rate std_audio_rate video_requests audio_requests
0 2000 4 4 112 11096 0 0 132 195965 0 0 526 101 292 221 840 840 840 0 128 128 128 0 2 2
2000 4000 5 4 85 4472 0 0 97 185205 0 0 983 259 587 258 480 480 480 0 128 128 128 0 2 1
4000 6000 7 3 197 6969 0 0 254 430717 0 0 996 192 512 337 288 288 288 0 128 128 128 0 5 3
6000 8000 5 3 67 2455 0 0 81 121878 0 0 970 0 410 372 0 0 0 0 128 128 128 0 0 1
8000 10000 6 3 170 6457 0 0 206 350723 0 0 997 148 525 333 288 288 288 0 128 128 128 0 4 4
10000 12000 4 2 82 3185 0 0 89 163967 0 0 844 31 415 435 288 288 288 0 128 128 128 0 1 1
12000 14000 5 4 142 3332 0 0 243 382981 0 0 999 40 306 394 1500 1500 1500 0 128 128 128 0 2 1
14000 16000 3 2 123 3139 0 0 212 322469 0 0 777 4 512 440 1500 1500 1500 0 128 128 128 0 1 2
16000 18000 6 3 310 2613 0 0 346 525643 0 0 998 105 439 316 1500 1500 1500 0 128 128 128 0 2 1
18000 20000 7 3 335 3434 0 0 404 637939 0 0 945 65 500 339 840 840 840 0 128 128 128 0 1 1
20000 22000 3 2 157 2287 0 0 190 294230 0 0 744 95 387 329 1500 1500 1500 0 128 128 128 0 1 1
22000 24000 5 3 251 2716 0 0 329 498090 0 0 997 213 488 358 1500 1500 1500 0 128 128 128 0 1 1
24000 26000 4 2 230 2705 0 0 254 376515 0 0 996 205 576 413 1500 1500 1500 0 128 128 128 0 1 1
26000 28000 4 2 236 2608 0 0 351 512988 0 0 999 251 707 321 1500 1500 1500 0 128 128 128 0 1 1
28000 30000 4 2 230 2192 0 0 271 418214 0 0 998 22 495 400 1500 1500 1500 0 128 128 128 0 1 1
30000 32000 1 1 4 820 0 0 4 2914 0 0 33 33 33 0 0 0 0 0 0 0 0 0 0 0
32000 34000 1 1 2 820 0 0 4 2914 0 0 40 40 40 0 0 0 0 0 0 0 0 0 0 0
34000 36000 4 3 178 2870 0 0 279 425578 0 0 998 127 543 396 1500 1500 1500 0 128 128 128 0 2 1
36000 38000 6 3 385 4167 0 0 563 861835 0 0 999 305 683 245 1500 1500 1500 0 128 128 128 0 1 2
38000 40000 7 3 305 4740 0 0 455 709193 0 0 998 163 532 330 840 840 840 0 128 128 128 0 3 3
40000 42000 3 1 45 1589 0 0 60 105600 0 0 998 0 487 499 0 0 0 0 0 0 0 0 0 0
42000 44000 1 1 2 820 0 0 2 2912 0 0 26 26 26 0 0 0 0 0 0 0 0 0 0 0
44000 46000 1 1 10 748 0 0 35 49306 0 0 450 450 450 0 0 0 0 0 0 0 0 0 0 0
46000 48000 6 3 239 4407 0 0 428 633973 0 0 999 37 502 341 1500 1500 1500 0 128 128 128 0 2 2
48000 50000 6 3 263 3562 0 0 449 673244 0 0 998 265 579 254 1500 1500 1500 0 128 128 128 0 2 2
50000 52000 5 2 252 3431 0 0 383 579742 0 0 996 86 601 373 1500 1500 1500 0 128 128 128 0 1 1
52000 54000 4 2 216 2111 0 0 350 527981 0 0 910 512 686 195 1500 1500 1500 0 128 128 128 0 2 1
54000 56000 5 2 189 3704 0 0 322 482052 0 0 997 154 467 334 1500 1500 1500 0 128 128 128 0 1 2
56000 58000 6 3 304 3552 0 0 459 694070 0 0 998 134 533 385 1500 1500 1500 0 128 128 128 0 2 1
58000 60000 6 3 187 3844 0 0 306 449142 0 0 928 72 406 306 2300 2300 2300 0 128 128 128 0 2 2
60000 62000 4 2 227 3030 0 0 398 600653 0 0 963 229 517 347 2300 2300 2300 0 128 128 128 0 1 1
62000 64000 4 2 222 1985 0 0 359 546415 0 0 997 40 548 422 2300 2300 2300 0 128 128 128 0 1 1
64000 66000 4 2 198 1336 0 0 341 500331 0 0 993 105 499 390 0 0 0 0 0 0 0 0 0 0
66000 68000 2 2 55 1653 0 0 105 151931 0 0 530 382 456 104 2300 2300 2300 0 128 128 128 0 1 1
68000 70000 6 2 335 4281 0 0 487 713984 0 0 999 343 656 276 840 840 840 0 128 128 128 0 2 2
70000 72000 5 2 132 2825 0 0 197 277105 0 0 970 239 463 300 840 840 840 0 128 128 128 0 1 1
72000 74000 3 2 88 2416 0 0 170 244216 0 0 406 385 395 10 2300 2300 2300 0 128 128 128 0 1 1
74000 76000 2 1 194 1330 0 0 314 454458 0 0 960 603 782 252 0 0 0 0 0 0 0 0 0 0
76000 78000 2 2 54 1672 0 0 113 167308 0 0 532 387 459 102 2300 2300 2300 0 128 128 128 0 1 1
78000 80000 5 2 295 3696 0 0 428 626516 0 0 962 427 649 226 1500 1500 1500 0 128 128 128 0 1 1
80000 82000 6 3 311 3291 0 0 524 774358 0 0 998 191 575 345 1500 1500 1500 0 128 128 128 0 2 2
82000 84000 5 3 229 3386 0 0 418 592492 0 0 999 178 592 354 1500 1500 1500 0 128 128 128 0 1 1
84000 86000 4 2 267 2946 0 0 422 620022 0 0 998 398 669 262 2300 2300 2300 0 128 128 128 0 1 1
86000 88000 5 2 265 2417 0 0 409 621055 0 0 998 194 535 296 2300 2300 2300 0 128 128 128 0 1 1
88000 90000 5 2 265 2510 0 0 423 608130 0 0 996 240 523 285 2300 2300 2300 0 128 128 128 0 1 1
90000 92000 5 2 247 2496 0 0 422 594708 0 0 998 227 550 281 2300 2300 2300 0 128 128 128 0 1 1
92000 94000 5 2 224 2197 0 0 375 539225 0 0 999 277 501 295 2300 2300 2300 0 128 128 128 0 1 1
94000 96000 6 3 258 2617 0 0 446 634986 0 0 997 159 418 313 2300 2300 2300 0 128 128 128 0 1 1
96000 98000 5 2 275 2417 0 0 470 679114 0 0 999 287 562 292 2300 2300 2300 0 128 128 128 0 2 1
98000 100000 5 2 314 3722 0 0 432 619870 0 0 999 383 571 244 2300 2300 2300 0 128 128 128 0 1 2
100000 102000 4 2 172 1415 0 0 334 496298 0 0 997 8 474 411 0 0 0 0 0 0 0 0 0 0
102000 104000 5 2 304 2045 0 0 426 663025 0 0 994 272 560 282 2300 2300 2300 0 128 128 128 0 1 2
104000 106000 5 3 305 3508 0 0 484 696379 0 0 998 352 637 294 2300 2300 2300 0 0 0 0 0 1 0
106000 108000 5 2 284 1441 0 0 434 625854 0 0 996 76 469 354 2300 2300 2300 0 128 128 128 0 1 1
108000 110000 5 2 263 3021 0 0 396 588354 0 0 998 349 695 299 2300 2300 2300 0 128 128 128 0 1 2
110000 112000 7 3 298 2603 0 0 511 746222 0 0 998 153 454 298 2300 2300 2300 0 128 128 128 0 2 1
112000 114000 5 3 247 3492 0 0 404 571555 0 0 889 64 461 392 2300 2300 2300 0 128 128 128 0 1 1
114000 116000 3 2 211 2435 0 0 414 604774 0 0 996 394 770 327 2300 2300 2300 0 128 128 128 0 1 1
116000 118000 4 2 232 2498 0 0 416 602310 0 0 999 79 575 451 2300 2300 2300 0 128 128 128 0 1 1
118000 120000 4 2 285 2497 0 0 450 646727 0 0 998 83 569 453 2300 2300 2300 0 128 128 128 0 1 1
120000 122000 4 2 269 2505 0 0 441 630440 0 0 999 89 584 440 2300 2300 2300 0 128 128 128 0 1 1
122000 124000 4 2 316 1803 0 0 480 690547 0 0 996 85 563 375 2300 2300 2300 0 128 128 128 0 1 1
124000 126000 4 2 289 2878 0 0 446 634930 0 0 998 272 566 308 2300 2300 2300 0 128 128 128 0 1 1
126000 128000 4 2 221 2072 0 0 401 574540 0 0 993 459 604 259 2300 2300 2300 0 128 128 128 0 1 1
128000 130000 7 3 312 2578 0 0 430 603405 0 0 995 18 551 343 2300 2300 2300 0 128 128 128 0 1 1
130000 132000 6 3 321 2501 0 0 498 702447 0 0 995 7 499 424 2300 2300 2300 0 128 128 128 0 1 1
132000 134000 5 2 277 2929 0 0 446 638051 0 0 998 452 603 223 2300 2300 2300 0 128 128 128 0 1 1
134000 136000 7 3 308 3271 0 0 489 707709 0 0 999 215 595 288 2300 2300 2300 0 128 128 128 0 1 1
136000 138000 7 3 295 1924 0 0 442 636262 0 0 981 65 600 319 2300 2300 2300 0 128 128 128 0 1 1
138000 140000 8 3 320 2707 0 0 483 699902 0 0 999 0 513 439 2300 2300 2300 0 128 128 128 0 1 1
140000 142000 6 3 315 3290 0 0 501 717828 0 0 998 288 689 307 2300 2300 2300 0 128 128 128 0 1 2
142000 144000 5 2 272 1637 0 0 429 625254 0 0 998 485 711 231 2300 2300 2300 0 0 0 0 0 1 0
144000 146000 6 3 338 2682 0 0 522 750674 0 0 997 180 582 263 2300 2300 2300 0 128 128 128 0 1 2
146000 148000 6 3 291 2761 0 0 520 760481 0 0 994 147 527 311 2300 2300 2300 0 128 128 128 0 2 1
148000 150000 5 3 251 3512 0 0 382 573806 0 0 947 34 522 388 2300 2300 2300 0 128 128 128 0 1 1
150000 152000 4 2 260 2483 0 0 430 613803 0 0 999 86 630 413 2300 2300 2300 0 128 128 128 0 1 1
152000 154000 5 2 271 2668 0 0 464 719878 0 0 999 60 504 437 2300 2300 2300 0 128 128 128 0 1 1
154000 156000 4 2 298 2498 0 0 424 615451 0 0 996 98 560 452 2300 2300 2300 0 128 128 128 0 1 1
156000 158000 4 2 251 2076 0 0 433 628901 0 0 999 102 571 402 2300 2300 2300 0 128 128 128 0 1 1
158000 160000 4 2 269 2151 0 0 404 577418 0 0 998 146 512 375 0 0 0 0 0 0 0 0 0 0
160000 162000 1 1 3 820 0 0 3 4318 0 0 26 26 26 0 0 0 0 0 0 0 0 0 0 0
162000 164000 1 1 1 334 0 0 1 1174 0 0 191 191 191 0 0 0 0 0 0 0 0 0 0 0
164000 166000 6 3 192 6593 0 0 297 413016 0 0 998 125 647 398 1500 1500 1500 0 128 128 128 0 3 3
166000 168000 6 2 244 2621 0 0 479 702325 0 0 997 54 618 409 1500 1500 1500 0 128 128 128 0 2 1
168000 170000 4 2 211 3317 0 0 375 531061 0 0 944 232 618 355 1500 1500 1500 0 128 128 128 0 1 2
170000 172000 4 2 181 2498 0 0 283 402507 0 0 978 194 541 334 2300 2300 2300 0 128 128 128 0 1 1
172000 174000 4 2 257 2506 0 0 418 590332 0 0 987 159 537 350 2300 2300 2300 0 128 128 128 0 1 1
174000 176000 4 2 248 2488 0 0 425 605358 0 0 873 280 533 261 2300 2300 2300 0 128 128 128 0 1 1
176000 178000 4 2 216 2533 0 0 415 601497 0 0 981 127 536 357 2300 2300 2300 0 128 128 128 0 1 1
178000 180000 4 2 248 2987 0 0 415 594677 0 0 974 234 549 316 2300 2300 2300 0 128 128 128 0 1 1
180000 182000 4 2 241 2000 0 0 416 640981 0 0 971 259 554 308 2300 2300 2300 0 128 128 128 0 1 1
182000 184000 4 2 250 2550 0 0 412 603561 0 0 997 73 530 381 2300 2300 2300 0 128 128 128 0 1 1
184000 186000 4 2 265 2474 0 0 407 596925 0 0 995 162 530 347 2300 2300 2300 0 128 128 128 0 1 1
186000 188000 4 2 194 2476 0 0 378 536836 0 0 991 164 531 349 2300 2300 2300 0 128 128 128 0 1 1
188000 190000 4 2 244 3008 0 0 404 575465 0 0 992 314 569 307 2300 2300 2300 0 128 128 128 0 1 1
190000 192000 4 2 242 1966 0 0 435 611464 0 0 998 317 576 312 2300 2300 2300 0 128 128 128 0 1 1
192000 194000 4 2 201 2516 0 0 373 541158 0 0 980 114 527 369 2300 2300 2300 0 128 128 128 0 1 1
194000 196000 4 2 299 2526 0 0 435 653130 0 0 998 89 529 381 2300 2300 2300 0 128 128 128 0 1 1
196000 198000 4 2 274 2497 0 0 390 587614 0 0 979 155 531 347 2300 2300 2300 0 128 128 128 0 1 1
198000 200000 3 2 207 3003 0 0 337 502869 0 0 994 272 619 361 2300 2300 2300 0 128 128 128 0 1 1
200000 202000 3 2 217 1956 0 0 409 614070 0 0 998 351 714 330 2300 2300 2300 0 128 128 128 0 1 1
202000 204000 6 3 315 2666 0 0 507 723188 0 0 999 3 531 368 1500 1500 1500 0 128 128 128 0 1 1
204000 206000 6 3 324 3794 0 0 501 713821 0 0 996 218 498 268 1500 1500 1500 0 128 128 128 0 2 2
206000 208000 4 2 143 2664 0 0 272 381361 0 0 994 277 530 318 2300 2300 2300 0 128 128 128 0 1 1
208000 210000 4 2 262 2341 0 0 424 614616 0 0 999 62 579 393 2300 2300 2300 0 128 128 128 0 1 1
210000 212000 4 2 231 2876 0 0 424 612790 0 0 997 348 584 285 2300 2300 2300 0 128 128 128 0 1 1
212000 214000 4 2 253 2437 0 0 390 557804 0 0 989 202 528 330 2300 2300 2300 0 128 128 128 0 1 1
214000 216000 4 2 266 2488 0 0 453 640468 0 0 970 353 576 274 2300 2300 2300 0 128 128 128 0 1 1
216000 218000 4 2 209 2430 0 0 361 513887 0 0 945 161 504 335 2300 2300 2300 0 128 128 128 0 1 1
218000 220000 3 2 198 3045 0 0 364 521345 0 0 996 305 648 345 2300 2300 2300 0 128 128 128 0 1 1
220000 222000 3 2 259 2476 0 0 414 613578 0 0 997 455 806 304 2300 2300 2300 0 128 128 128 0 1 1
222000 224000 4 2 266 2012 0 0 459 659005 0 0 999 30 528 415 2300 2300 2300 0 128 128 128 0 1 1
224000 226000 4 2 275 2500 0 0 433 625663 0 0 993 322 578 303 2300 2300 2300 0 128 128 128 0 1 1
226000 228000 4 2 228 2433 0 0 399 582973 0 0 899 303 544 271 2300 2300 2300 0 128 128 128 0 1 1
228000 230000 3 2 265 3087 0 0 382 555163 0 0 941 280 638 334 2300 2300 2300 0 128 128 128 0 1 1
230000 232000 3 2 264 2491 0 0 434 624537 0 0 998 325 769 384 2300 2300 2300 0 128 128 128 0 1 1
232000 234000 4 2 258 1988 0 0 447 651309 0 0 997 12 533 430 2300 2300 2300 0 128 128 128 0 1 1
234000 236000 4 2 212 2493 0 0 423 622069 0 0 996 367 596 289 2300 2300 2300 0 128 128 128 0 1 1
236000 238000 4 2 270 3034 0 0 415 588921 0 0 953 286 547 312 2300 2300 2300 0 128 128 128 0 1 1
238000 240000 4 2 270 1915 0 0 425 604600 0 0 989 303 573 327 2300 2300 2300 0 128 128 128 0 1 1
240000 242000 3 2 224 2634 0 0 386 564824 0 0 987 460 714 263 2300 2300 2300 0 128 128 128 0 1 1
242000 244000 4 2 163 2113 0 0 295 444145 0 0 990 252 559 311 0 0 0 0 128 128 128 0 0 1
244000 246000 3 2 8 820 0 0 9 10845 0 0 500 149 383 202 0 0 0 0 0 0 0 0 0 0
246000 248000 3 2 89 2562 0 0 180 262186 0 0 994 499 676 276 840 840 840 0 128 128 128 0 2 1
248000 250000 7 3 220 6269 0 0 360 508211 0 0 994 4 564 416 840 840 840 0 128 128 128 0 3 3
250000 252000 5 3 93 2359 0 0 173 252041 0 0 993 0 421 360 1500 1500 1500 0 128 128 128 0 1 1
252000 254000 4 2 146 2524 0 0 268 380959 0 0 990 85 525 378 1500 1500 1500 0 128 128 128 0 1 1
254000 256000 4 2 129 2498 0 0 237 343295 0 0 977 137 527 352 1500 1500 1500 0 128 128 128 0 1 1
256000 258000 4 2 163 2492 0 0 253 374557 0 0 980 187 538 336 1500 1500 1500 0 128 128 128 0 1 1
258000 260000 4 2 165 2486 0 0 254 381289 0 0 985 185 537 343 1500 1500 1500 0 128 128 128 0 1 1
260000 262000 4 2 163 2515 0 0 242 378939 0 0 981 104 524 370 1500 1500 1500 0 128 128 128 0 1 1
262000 264000 4 2 148 2548 0 0 249 380377 0 0 999 137 545 358 1500 1500 1500 0 128 128 128 0 1 1
264000 266000 3 2 120 2503 0 0 236 335801 0 0 540 214 402 168 1500 1500 1500 0 128 128 128 0 1 1
266000 268000 4 2 141 2506 0 0 260 370833 0 0 990 149 535 347 1500 1500 1500 0 128 128 128 0 1 1
268000 270000 4 2 133 2499 0 0 236 356458 0 0 998 157 538 348 1500 1500 1500 0 128 128 128 0 1 1
270000 272000 4 2 161 2432 0 0 240 361036 0 0 941 197 514 318 1500 1500 1500 0 128 128 128 0 1 1
272000 274000 4 2 165 2524 0 0 289 420779 0 0 988 188 550 342 1500 1500 1500 0 128 128 128 0 1 1
274000 276000 4 2 161 2495 0 0 257 371625 0 0 975 190 539 335 2300 2300 2300 0 128 128 128 0 1 1
276000 278000 4 2 253 2488 0 0 410 585147 0 0 864 339 546 242 2300 2300 2300 0 128 128 128 0 1 1
278000 280000 4 2 198 2501 0 0 380 570178 0 0 997 126 530 371 2300 2300 2300 0 128 128 128 0 1 1
280000 282000 4 2 234 2805 0 0 391 568713 0 0 954 281 574 289 2300 2300 2300 0 128 128 128 0 1 1
282000 284000 5 2 320 3099 0 0 514 745641 0 0 999 424 728 260 2300 2300 2300 0 128 128 128 0 1 1
284000 286000 7 3 307 4342 0 0 429 619180 0 0 999 0 525 362 2300 2300 2300 0 128 128 128 0 1 1
286000 288000 7 3 369 2856 0 0 446 662350 0 0 996 168 609 296 2300 2300 2300 0 128 128 128 0 1 1
288000 290000 8 3 398 3968 0 0 569 835788 0 0 998 82 544 340 2300 2300 2300 0 128 128 128 0 2 2
290000 292000 6 3 256 3126 0 0 384 567672 0 0 853 73 380 333 2300 2300 2300 0 128 128 128 0 1 1
292000 294000 3 2 198 2032 0 0 381 541964 0 0 922 440 725 253 2300 2300 2300 0 128 128 128 0 1 1
294000 296000 4 2 226 2550 0 0 390 553184 0 0 985 250 561 309 2300 2300 2300 0 128 128 128 0 1 1
296000 298000 1 1 33 421 0 0 75 110755 0 0 453 453 453 0 0 0 0 0 0 0 0 0 0 0
