ts te nbins ncons c_tcp_packs c_tcp_bytes c_udp_packs c_udp_bytes s_tcp_packs s_tcp_bytes s_udp_packs s_udp_bytes max_bins_span min_bins_span avg_bins_span std_bins_span max_video_rate min_video_rate avg_video_rate std_video_rate max_audio_rate min_audio_rate avg_audio_rate std_audio_rate video_requests audio_requests
0 1000 8 8 55 28433 0 0 112 52619 0 0 663 22 289 215 0 0 0 0 0 0 0 0 0 0
1000 2000 20 20 85 10805 0 301 124 34111 0 445 929 0 430 275 0 0 0 0 0 0 0 0 0 0
2000 3000 10 9 46 1627 7 4147 57 50789 7 6142 374 85 224 109 0 0 0 0 0 0 0 0 0 0
3000 4000 3 3 2 34 0 0 3 216 0 0 33 23 29 5 0 0 0 0 0 0 0 0 0 0
4000 5000 4 4 7 1703 0 0 12 1508 0 0 624 135 322 222 0 0 0 0 0 0 0 0 0 0
5000 6000 10 9 58 22108 0 0 80 15557 0 0 794 175 384 178 0 0 0 0 0 0 0 0 0 0
6000 7000 4 3 6 5163 0 0 9 1761 0 0 557 0 181 263 1500 1500 1500 0 128 128 128 0 2 2
7000 8000 3 3 21 8828 0 0 28 2326 0 0 514 22 328 267 1500 1500 1500 0 128 128 128 0 1 2
8000 9000 3 3 6 2045 18 8784 7 442 24 9748 269 112 170 85 1500 1500 1500 0 0 0 0 0 1 0
9000 10000 14 14 47 21728 53 30414 60 21131 71 35355 512 0 285 152 1500 1500 1500 0 128 128 128 0 1 1
10000 11000 13 12 61 44823 25 10630 90 20873 38 33596 766 28 350 230 1500 1500 1500 0 128 128 128 0 1 2
11000 12000 7 5 9 8048 48 13509 11 1751 77 76343 783 8 340 257 1500 1500 1500 0 128 128 128 0 1 1
12000 13000 5 5 0 0 115 78680 0 0 113 68807 674 0 334 282 1500 1500 1500 0 128 128 128 0 1 1
13000 14000 2 2 0 0 35 25583 0 0 35 28219 307 120 214 132 1500 1500 1500 0 128 128 128 0 1 1
14000 15000 2 2 0 0 18 17737 0 0 13 711 281 161 221 84 1500 1500 1500 0 128 128 128 0 2 1
15000 16000 2 2 0 0 37 43625 0 0 9 322 243 12 128 163 1500 1500 1500 0 128 128 128 0 1 1
16000 17000 0 0 0 0 0 0 0 0 0 0 0 0 0 0 0 0 0 0 0 0 0 0 0 0
17000 18000 2 2 10 5175 0 0 15 4370 0 0 442 340 391 72 0 0 0 0 0 0 0 0 0 0
18000 19000 0 0 0 0 0 0 0 0 0 0 0 0 0 0 0 0 0 0 0 0 0 0 0 0
19000 20000 0 0 0 0 0 0 0 0 0 0 0 0 0 0 0 0 0 0 0 0 0 0 0 0
20000 21000 3 3 10 16381 40 45833 17 718 10 320 762 164 403 316 3000 3000 3000 0 128 128 128 0 1 1
21000 22000 1 1 0 1059 0 0 1 37 0 0 83 83 83 0 0 0 0 0 128 128 128 0 0 1
22000 23000 0 0 0 0 0 0 0 0 0 0 0 0 0 0 0 0 0 0 0 0 0 0 0 0
23000 24000 0 0 0 0 0 0 0 0 0 0 0 0 0 0 0 0 0 0 0 0 0 0 0 0
24000 25000 0 0 0 0 0 0 0 0 0 0 0 0 0 0 0 0 0 0 0 0 0 0 0 0
25000 26000 0 0 0 0 0 0 0 0 0 0 0 0 0 0 0 0 0 0 0 0 0 0 0 0
26000 27000 0 0 0 0 0 0 0 0 0 0 0 0 0 0 0 0 0 0 0 0 0 0 0 0
27000 28000 2 2 9 5173 0 0 15 4370 0 0 331 329 330 1 3000 3000 3000 0 128 128 128 0 1 1
28000 29000 0 0 0 0 0 0 0 0 0 0 0 0 0 0 0 0 0 0 0 0 0 0 0 0
29000 30000 0 0 0 0 0 0 0 0 0 0 0 0 0 0 0 0 0 0 0 0 0 0 0 0
30000 31000 4 4 50 118073 0 0 95 1363 0 0 798 193 387 277 3000 3000 3000 0 128 128 128 0 1 1
31000 32000 3 3 12 26380 0 0 22 88 0 0 286 0 162 146 0 0 0 0 128 128 128 0 0 1
32000 33000 0 0 0 0 0 0 0 0 0 0 0 0 0 0 0 0 0 0 0 0 0 0 0 0
33000 34000 0 0 0 0 0 0 0 0 0 0 0 0 0 0 0 0 0 0 0 0 0 0 0 0
34000 35000 0 0 0 0 0 0 0 0 0 0 0 0 0 0 0 0 0 0 0 0 0 0 0 0
35000 36000 1 1 2 35 0 0 3 31 0 0 290 290 290 0 0 0 0 0 0 0 0 0 0 0
36000 37000 2 2 0 0 13 6692 0 0 16 8019 73 67 70 3 3000 3000 3000 0 128 128 128 0 1 1
37000 38000 4 4 21 9354 0 0 33 9982 0 0 469 78 294 163 0 0 0 0 128 128 128 0 0 1
38000 39000 0 0 0 0 0 0 0 0 0 0 0 0 0 0 0 0 0 0 0 0 0 0 0 0
39000 40000 13 13 14 35 0 0 15 31 0 0 285 16 40 73 3000 3000 3000 0 128 128 128 0 1 1
40000 41000 2 2 8 11365 0 0 14 756 0 0 618 263 441 250 0 0 0 0 128 128 128 0 0 1
41000 42000 0 0 0 0 0 0 0 0 0 0 0 0 0 0 0 0 0 0 0 0 0 0 0 0
42000 43000 0 0 0 0 0 0 0 0 0 0 0 0 0 0 0 0 0 0 0 0 0 0 0 0
43000 44000 1 1 1 0 0 0 1 0 0 0 17 17 17 0 3000 3000 3000 0 0 0 0 0 1 0
44000 45000 0 0 0 0 0 0 0 0 0 0 0 0 0 0 0 0 0 0 0 0 0 0 0 0
45000 46000 2 2 2 0 0 0 2 0 0 0 24 17 20 4 0 0 0 0 0 0 0 0 0 0
46000 47000 7 7 11 6873 0 0 14 523 0 0 354 18 69 125 3000 3000 3000 0 128 128 128 0 1 1
47000 48000 9 9 17 5472 0 0 22 4373 0 0 455 18 156 167 0 0 0 0 0 0 0 0 0 0
48000 49000 1 1 1 0 0 0 1 0 0 0 55 55 55 0 3000 3000 3000 0 128 128 128 0 1 1
49000 50000 1 1 1 0 0 0 1 0 0 0 17 17 17 0 0 0 0 0 0 0 0 0 0 0
50000 51000 5 5 13 10685 0 0 18 775 0 0 553 17 163 233 3000 3000 3000 0 128 128 128 0 1 1
51000 52000 3 3 3 0 0 0 3 0 0 0 25 16 21 4 0 0 0 0 0 0 0 0 0 0
52000 53000 0 0 0 0 0 0 0 0 0 0 0 0 0 0 0 0 0 0 0 0 0 0 0 0
53000 54000 1 1 1 0 0 0 1 0 0 0 18 18 18 0 0 0 0 0 0 0 0 0 0 0
54000 55000 1 1 1 0 0 0 1 0 0 0 19 19 19 0 3000 3000 3000 0 128 128 128 0 1 1
55000 56000 2 2 1 0 15 11177 1 0 13 4838 199 16 108 129 0 0 0 0 0 0 0 0 0 0
56000 57000 0 0 0 0 0 0 0 0 0 0 0 0 0 0 0 0 0 0 0 0 0 0 0 0
57000 58000 3 3 10 5178 0 0 16 4370 0 0 439 47 283 207 0 0 0 0 0 0 0 0 0 0
58000 59000 0 0 0 0 0 0 0 0 0 0 0 0 0 0 0 0 0 0 0 0 0 0 0 0
59000 60000 0 0 0 0 0 0 0 0 0 0 0 0 0 0 0 0 0 0 0 0 0 0 0 0
60000 61000 15 15 36 12208 0 0 29 833 0 0 509 26 109 115 0 0 0 0 128 128 128 0 0 1
61000 62000 4 4 5 35 0 0 10 185 0 0 302 0 102 135 0 0 0 0 0 0 0 0 0 0
62000 63000 0 0 0 0 0 0 0 0 0 0 0 0 0 0 0 0 0 0 0 0 0 0 0 0
63000 64000 0 0 0 0 0 0 0 0 0 0 0 0 0 0 0 0 0 0 0 0 0 0 0 0
64000 65000 0 0 0 0 0 0 0 0 0 0 0 0 0 0 0 0 0 0 0 0 0 0 0 0
65000 66000 4 4 39 75923 5 2601 73 3825 4 174 480 46 233 185 0 0 0 0 0 0 0 0 0 0
66000 67000 1 1 23 51390 0 0 45 2517 0 0 325 325 325 0 3000 3000 3000 0 128 128 128 0 1 1
67000 68000 4 4 20 8777 0 0 32 9062 0 0 478 121 341 164 0 0 0 0 0 0 0 0 0 0
68000 69000 1 1 2 672 0 0 2 921 0 0 89 89 89 0 3000 3000 3000 0 128 128 128 0 1 1
69000 70000 1 1 0 31 0 0 2 27 0 0 297 297 297 0 0 0 0 0 128 128 128 0 0 1
70000 71000 5 5 11 10906 0 0 14 662 0 0 732 38 279 305 3000 3000 3000 0 0 0 0 0 1 0
71000 72000 1 1 1 1591 0 0 1 97 0 0 254 254 254 0 3000 3000 3000 0 128 128 128 0 1 1
72000 73000 0 0 0 0 0 0 0 0 0 0 0 0 0 0 0 0 0 0 0 0 0 0 0 0
73000 74000 0 0 0 0 0 0 0 0 0 0 0 0 0 0 0 0 0 0 0 0 0 0 0 0
74000 75000 0 0 0 0 0 0 0 0 0 0 0 0 0 0 0 0 0 0 0 0 0 0 0 0
75000 76000 0 0 0 0 0 0 0 0 0 0 0 0 0 0 0 0 0 0 0 0 0 0 0 0
76000 77000 1 1 1 0 0 0 1 0 0 0 31 31 31 0 3000 3000 3000 0 128 128 128 0 1 1
77000 78000 1 1 2 0 0 0 3 77 0 0 74 74 74 0 0 0 0 0 128 128 128 0 0 1
78000 79000 0 0 0 0 0 0 0 0 0 0 0 0 0 0 0 0 0 0 0 0 0 0 0 0
79000 80000 0 0 0 0 0 0 0 0 0 0 0 0 0 0 0 0 0 0 0 0 0 0 0 0
80000 81000 2 2 7 10230 0 0 13 708 0 0 741 423 582 224 3000 3000 3000 0 0 0 0 0 1 0
81000 82000 1 1 0 699 0 0 0 47 0 0 107 107 107 0 3000 3000 3000 0 128 128 128 0 1 1
82000 83000 0 0 0 0 0 0 0 0 0 0 0 0 0 0 0 0 0 0 0 0 0 0 0 0
83000 84000 0 0 0 0 0 0 0 0 0 0 0 0 0 0 0 0 0 0 0 0 0 0 0 0
84000 85000 0 0 0 0 0 0 0 0 0 0 0 0 0 0 0 0 0 0 0 0 0 0 0 0
85000 86000 0 0 0 0 0 0 0 0 0 0 0 0 0 0 0 0 0 0 0 0 0 0 0 0
86000 87000 1 1 5 5852 0 0 7 523 0 0 368 368 368 0 3000 3000 3000 0 128 128 128 0 1 1
87000 88000 0 0 0 0 0 0 0 0 0 0 0 0 0 0 0 0 0 0 0 0 0 0 0 0
88000 89000 1 1 1 0 0 0 1 0 0 0 137 137 137 0 0 0 0 0 0 0 0 0 0 0
89000 90000 0 0 0 0 0 0 0 0 0 0 0 0 0 0 0 0 0 0 0 0 0 0 0 0
90000 91000 2 2 7 10349 0 0 13 730 0 0 720 583 652 96 3000 3000 3000 0 128 128 128 0 1 1
91000 92000 2 2 1 380 0 0 3 56 0 0 323 51 187 192 0 0 0 0 0 0 0 0 0 0
92000 93000 12 12 12 0 0 0 12 0 0 0 166 155 164 4 3000 3000 3000 0 128 128 128 0 1 1
93000 94000 0 0 0 0 0 0 0 0 0 0 0 0 0 0 0 0 0 0 0 0 0 0 0 0
94000 95000 1 1 1 0 0 0 1 0 0 0 31 31 31 0 3000 3000 3000 0 128 128 128 0 1 1
95000 96000 1 1 1 35 0 0 3 31 0 0 309 309 309 0 0 0 0 0 0 0 0 0 0 0
96000 97000 7 7 5 0 15 9140 5 0 18 9325 122 19 44 43 0 0 0 0 0 0 0 0 0 0
97000 98000 1 1 1 35 0 0 3 31 0 0 274 274 274 0 0 0 0 0 0 0 0 0 0 0
98000 99000 2 2 2 0 0 0 2 0 0 0 18 17 18 0 3000 3000 3000 0 128 128 128 0 1 2
99000 100000 1 1 0 25 0 0 2 22 0 0 200 200 200 0 0 0 0 0 0 0 0 0 0 0
100000 101000 3 3 8 9770 0 0 12 764 0 0 669 78 365 295 3000 3000 3000 0 128 128 128 0 1 1
101000 102000 0 0 0 0 0 0 0 0 0 0 0 0 0 0 0 0 0 0 0 0 0 0 0 0
102000 103000 1 1 1 0 0 0 1 0 0 0 17 17 17 0 3000 3000 3000 0 128 128 128 0 1 1
103000 104000 0 0 0 0 0 0 0 0 0 0 0 0 0 0 0 0 0 0 0 0 0 0 0 0
104000 105000 0 0 0 0 0 0 0 0 0 0 0 0 0 0 0 0 0 0 0 0 0 0 0 0
105000 106000 0 0 0 0 0 0 0 0 0 0 0 0 0 0 0 0 0 0 0 0 0 0 0 0
106000 107000 0 0 0 0 0 0 0 0 0 0 0 0 0 0 0 0 0 0 0 0 0 0 0 0
107000 108000 0 0 0 0 0 0 0 0 0 0 0 0 0 0 0 0 0 0 0 0 0 0 0 0
108000 109000 0 0 0 0 0 0 0 0 0 0 0 0 0 0 0 0 0 0 0 0 0 0 0 0
109000 110000 1 1 1 0 0 0 2 0 0 0 45 45 45 0 0 0 0 0 0 0 0 0 0 0
110000 111000 2 2 8 10948 0 0 14 756 0 0 629 340 485 204 3000 3000 3000 0 128 128 128 0 1 1
111000 112000 1 1 1 0 0 0 1 0 0 0 16 16 16 0 0 0 0 0 0 0 0 0 0 0
112000 113000 2 2 1 0 0 0 3 0 0 0 91 63 77 19 3000 3000 3000 0 128 128 128 0 1 1
113000 114000 4 4 3 0 0 0 5 0 0 0 65 8 35 26 0 0 0 0 0 0 0 0 0 0
114000 115000 0 0 0 0 0 0 0 0 0 0 0 0 0 0 0 0 0 0 0 0 0 0 0 0
115000 116000 4 4 4 0 0 0 8 0 0 0 56 28 36 13 3000 3000 3000 0 128 128 128 0 1 1
116000 117000 3 3 3 0 0 0 6 0 0 0 82 71 74 6 0 0 0 0 0 0 0 0 0 0
117000 118000 0 0 0 0 0 0 0 0 0 0 0 0 0 0 0 0 0 0 0 0 0 0 0 0
118000 119000 6 6 7 0 0 0 12 0 0 0 319 63 110 102 0 0 0 0 0 0 0 0 0 0
119000 120000 0 0 0 0 0 0 0 0 0 0 0 0 0 0 0 0 0 0 0 0 0 0 0 0
120000 121000 4 4 10 10948 0 0 17 756 0 0 561 20 232 254 3000 3000 3000 0 128 128 128 0 1 1
121000 122000 2 2 3 30 0 0 5 54 0 0 598 34 316 398 0 0 0 0 128 128 128 0 0 1
122000 123000 4 4 31 4598 0 0 48 56237 0 0 654 92 364 244 3000 3000 3000 0 0 0 0 0 1 0
123000 124000 3 2 62 5233 0 0 103 169393 0 0 743 247 414 284 0 0 0 0 128 128 128 0 0 1
124000 125000 3 3 12 64 0 0 8 10825 0 0 238 0 98 124 3000 3000 3000 0 0 0 0 0 1 0
125000 126000 4 4 42 84999 0 0 80 1922 0 0 580 64 251 231 0 0 0 0 128 128 128 0 0 1
126000 127000 5 5 25 32116 0 0 41 5856 0 0 421 0 209 198 3000 3000 3000 0 0 0 0 0 1 0
127000 128000 4 4 19 7532 0 0 29 9452 0 0 481 9 296 216 0 0 0 0 128 128 128 0 0 1
128000 129000 1 1 1 380 0 0 1 521 0 0 43 43 43 0 3000 3000 3000 0 0 0 0 0 1 0
129000 130000 2 2 0 18 0 0 1 16 0 0 138 0 69 98 0 0 0 0 0 0 0 0 0 0
130000 131000 3 3 11 19438 0 0 21 770 0 0 516 126 304 197 3000 3000 3000 0 128 128 128 0 1 1
131000 132000 1 1 0 0 0 0 0 0 0 0 0 0 0 0 0 0 0 0 128 128 128 0 0 1
132000 133000 0 0 0 0 0 0 0 0 0 0 0 0 0 0 0 0 0 0 0 0 0 0 0 0
133000 134000 0 0 0 0 0 0 0 0 0 0 0 0 0 0 0 0 0 0 0 0 0 0 0 0
134000 135000 0 0 0 0 0 0 0 0 0 0 0 0 0 0 0 0 0 0 0 0 0 0 0 0
135000 136000 0 0 0 0 0 0 0 0 0 0 0 0 0 0 0 0 0 0 0 0 0 0 0 0
136000 137000 1 1 3 0 0 0 3 77 0 0 97 97 97 0 3000 3000 3000 0 128 128 128 0 1 1
137000 138000 1 1 2 0 0 0 3 77 0 0 83 83 83 0 0 0 0 0 0 0 0 0 0 0
138000 139000 0 0 0 0 0 0 0 0 0 0 0 0 0 0 0 0 0 0 0 0 0 0 0 0
139000 140000 0 0 0 0 0 0 0 0 0 0 0 0 0 0 0 0 0 0 0 0 0 0 0 0
140000 141000 2 2 8 11530 0 0 14 756 0 0 482 418 450 45 3000 3000 3000 0 128 128 128 0 1 1
141000 142000 0 0 0 0 0 0 0 0 0 0 0 0 0 0 0 0 0 0 0 0 0 0 0 0
142000 143000 0 0 0 0 0 0 0 0 0 0 0 0 0 0 0 0 0 0 0 0 0 0 0 0
143000 144000 0 0 0 0 0 0 0 0 0 0 0 0 0 0 0 0 0 0 0 0 0 0 0 0
144000 145000 0 0 0 0 0 0 0 0 0 0 0 0 0 0 0 0 0 0 0 0 0 0 0 0
145000 146000 0 0 0 0 0 0 0 0 0 0 0 0 0 0 0 0 0 0 0 0 0 0 0 0
146000 147000 1 1 0 0 0 0 0 0 0 0 77 77 77 0 3000 3000 3000 0 128 128 128 0 1 1
147000 148000 1 1 0 0 0 0 0 0 0 0 45 45 45 0 0 0 0 0 0 0 0 0 0 0
148000 149000 0 0 0 0 0 0 0 0 0 0 0 0 0 0 0 0 0 0 0 0 0 0 0 0
149000 150000 0 0 0 0 0 0 0 0 0 0 0 0 0 0 0 0 0 0 0 0 0 0 0 0
150000 151000 3 3 12 10040 0 0 14 775 0 0 708 166 378 289 3000 3000 3000 0 128 128 128 0 1 1
151000 152000 2 2 1 13 0 0 1 11 0 0 285 125 205 113 0 0 0 0 0 0 0 0 0 0
152000 153000 2 2 0 21 0 0 1 19 0 0 203 0 101 143 3000 3000 3000 0 128 128 128 0 1 1
153000 154000 0 0 0 0 0 0 0 0 0 0 0 0 0 0 0 0 0 0 0 0 0 0 0 0
154000 155000 1 1 0 0 0 0 0 0 0 0 0 0 0 0 3000 3000 3000 0 128 128 128 0 1 1
155000 156000 1 1 0 22 0 0 1 19 0 0 176 176 176 0 0 0 0 0 0 0 0 0 0 0
156000 157000 1 1 0 12 0 0 1 11 0 0 97 97 97 0 3000 3000 3000 0 128 128 128 0 1 1
157000 158000 1 1 0 30 0 0 2 27 0 0 264 264 264 0 0 0 0 0 0 0 0 0 0 0
158000 159000 2 2 0 4 0 0 0 3 0 0 35 0 17 25 3000 3000 3000 0 128 128 128 0 1 1
159000 160000 2 2 0 14 0 0 1 13 0 0 106 0 53 75 0 0 0 0 0 0 0 0 0 0
160000 161000 3 3 10 12023 0 0 16 773 0 0 495 21 219 246 3000 3000 3000 0 128 128 128 0 1 1
161000 162000 1 1 5 2108 0 0 5 459 0 0 279 279 279 0 3000 3000 3000 0 128 128 128 0 1 1
162000 163000 1 1 0 0 0 0 0 0 0 0 0 0 0 0 0 0 0 0 0 0 0 0 0 0
163000 164000 0 0 0 0 0 0 0 0 0 0 0 0 0 0 0 0 0 0 0 0 0 0 0 0
164000 165000 0 0 0 0 0 0 0 0 0 0 0 0 0 0 0 0 0 0 0 0 0 0 0 0
165000 166000 0 0 0 0 0 0 0 0 0 0 0 0 0 0 0 0 0 0 0 0 0 0 0 0
166000 167000 1 1 3 4650 0 0 5 522 0 0 413 413 413 0 0 0 0 0 0 0 0 0 0 0
167000 168000 1 1 0 8 0 0 0 0 0 0 0 0 0 0 3000 3000 3000 0 128 128 128 0 1 1
168000 169000 1 1 1 0 0 0 1 0 0 0 15 15 15 0 0 0 0 0 0 0 0 0 0 0
169000 170000 1 1 1 0 0 0 1 0 0 0 17 17 17 0 3000 3000 3000 0 128 128 128 0 1 1
170000 171000 2 2 8 10712 0 0 13 756 0 0 286 252 269 24 0 0 0 0 0 0 0 0 0 0
171000 172000 2 2 1 0 0 0 1 0 0 0 93 0 46 65 3000 3000 3000 0 128 128 128 0 1 1
172000 173000 1 1 1 0 0 0 1 0 0 0 17 17 17 0 0 0 0 0 0 0 0 0 0 0
173000 174000 0 0 0 0 0 0 0 0 0 0 0 0 0 0 0 0 0 0 0 0 0 0 0 0
174000 175000 0 0 0 0 0 0 0 0 0 0 0 0 0 0 0 0 0 0 0 0 0 0 0 0
175000 176000 0 0 0 0 0 0 0 0 0 0 0 0 0 0 0 0 0 0 0 0 0 0 0 0
176000 177000 0 0 0 0 0 0 0 0 0 0 0 0 0 0 0 0 0 0 0 0 0 0 0 0
177000 178000 0 0 0 0 0 0 0 0 0 0 0 0 0 0 0 0 0 0 0 0 0 0 0 0
178000 179000 0 0 0 0 0 0 0 0 0 0 0 0 0 0 0 0 0 0 0 0 0 0 0 0
179000 180000 0 0 0 0 0 0 0 0 0 0 0 0 0 0 0 0 0 0 0 0 0 0 0 0
180000 181000 2 2 8 10359 0 0 13 756 0 0 331 152 242 126 0 0 0 0 128 128 128 0 0 1
181000 182000 2 2 0 2 0 0 0 2 0 0 24 0 12 17 3000 3000 3000 0 0 0 0 0 1 0
182000 183000 1 1 0 32 0 0 2 28 0 0 316 316 316 0 0 0 0 0 0 0 0 0 0 0
183000 184000 0 0 0 0 0 0 0 0 0 0 0 0 0 0 0 0 0 0 0 0 0 0 0 0
184000 185000 0 0 0 0 0 0 0 0 0 0 0 0 0 0 0 0 0 0 0 0 0 0 0 0
185000 186000 2 2 49 103003 0 0 92 588 0 0 579 135 357 314 3000 3000 3000 0 128 128 128 0 1 1
186000 187000 2 2 3 6740 0 0 7 51 0 0 113 37 75 53 3000 3000 3000 0 128 128 128 0 1 1
187000 188000 4 4 11 4345 0 0 18 4127 0 0 680 20 263 288 0 0 0 0 0 0 0 0 0 0
188000 189000 3 3 7 2875 0 0 9 2839 0 0 365 184 251 99 3000 3000 3000 0 128 128 128 0 1 1
189000 190000 3 3 14 4726 0 0 19 8508 0 0 955 74 457 451 0 0 0 0 0 0 0 0 0 0
190000 191000 4 4 8 12584 0 0 15 780 0 0 276 0 173 131 3000 3000 3000 0 128 128 128 0 1 1
191000 192000 1 1 0 0 0 0 0 0 0 0 0 0 0 0 0 0 0 0 0 0 0 0 0 0
192000 193000 0 0 0 0 0 0 0 0 0 0 0 0 0 0 0 0 0 0 0 0 0 0 0 0
193000 194000 0 0 0 0 0 0 0 0 0 0 0 0 0 0 0 0 0 0 0 0 0 0 0 0
194000 195000 0 0 0 0 0 0 0 0 0 0 0 0 0 0 0 0 0 0 0 0 0 0 0 0
195000 196000 0 0 0 0 0 0 0 0 0 0 0 0 0 0 0 0 0 0 0 0 0 0 0 0
196000 197000 0 0 0 0 0 0 0 0 0 0 0 0 0 0 0 0 0 0 0 0 0 0 0 0
197000 198000 0 0 0 0 0 0 0 0 0 0 0 0 0 0 0 0 0 0 0 0 0 0 0 0
198000 199000 0 0 0 0 0 0 0 0 0 0 0 0 0 0 0 0 0 0 0 0 0 0 0 0
199000 200000 2 2 4 0 0 0 4 133 0 0 224 122 173 71 0 0 0 0 0 0 0 0 0 0
200000 201000 3 3 8 8546 0 0 11 681 0 0 680 81 338 308 3000 3000 3000 0 128 128 128 0 1 1
201000 202000 1 1 1 1230 0 0 1 95 0 0 228 228 228 0 0 0 0 0 0 0 0 0 0 0
202000 203000 0 0 0 0 0 0 0 0 0 0 0 0 0 0 0 0 0 0 0 0 0 0 0 0
203000 204000 0 0 0 0 0 0 0 0 0 0 0 0 0 0 0 0 0 0 0 0 0 0 0 0
204000 205000 0 0 0 0 0 0 0 0 0 0 0 0 0 0 0 0 0 0 0 0 0 0 0 0
205000 206000 0 0 0 0 0 0 0 0 0 0 0 0 0 0 0 0 0 0 0 0 0 0 0 0
206000 207000 1 1 4 4670 0 0 6 523 0 0 409 409 409 0 3000 3000 3000 0 128 128 128 0 1 1
207000 208000 0 0 0 0 0 0 0 0 0 0 0 0 0 0 0 0 0 0 0 0 0 0 0 0
208000 209000 0 0 0 0 0 0 0 0 0 0 0 0 0 0 0 0 0 0 0 0 0 0 0 0
209000 210000 0 0 0 0 0 0 0 0 0 0 0 0 0 0 0 0 0 0 0 0 0 0 0 0
210000 211000 2 2 9 11400 0 0 16 987 0 0 649 262 455 273 3000 3000 3000 0 128 128 128 0 1 1
211000 212000 1 1 1 1150 0 0 1 147 0 0 157 157 157 0 0 0 0 0 0 0 0 0 0 0
212000 213000 1 1 1 35 0 0 3 31 0 0 250 250 250 0 3000 3000 3000 0 128 128 128 0 1 1
213000 214000 1 1 1 0 0 0 1 0 0 0 17 17 17 0 0 0 0 0 128 128 128 0 0 1
214000 215000 0 0 0 0 0 0 0 0 0 0 0 0 0 0 0 0 0 0 0 0 0 0 0 0
215000 216000 2 2 1 10 0 0 1 9 0 0 100 17 58 59 3000 3000 3000 0 128 128 128 0 1 1
216000 217000 1 1 0 24 0 0 2 21 0 0 225 225 225 0 0 0 0 0 0 0 0 0 0 0
217000 218000 1 1 0 10 0 0 0 9 0 0 98 98 98 0 3000 3000 3000 0 128 128 128 0 1 1
218000 219000 1 1 0 24 0 0 2 21 0 0 225 225 225 0 0 0 0 0 0 0 0 0 0 0
219000 220000 0 0 0 0 0 0 0 0 0 0 0 0 0 0 0 0 0 0 0 0 0 0 0 0
220000 221000 3 3 8 10641 0 0 16 763 0 0 671 279 429 211 0 0 0 0 0 0 0 0 0 0
221000 222000 1 1 0 342 0 0 0 23 0 0 44 44 44 0 3000 3000 3000 0 128 128 128 0 1 1
222000 223000 0 0 0 0 0 0 0 0 0 0 0 0 0 0 0 0 0 0 0 0 0 0 0 0
223000 224000 0 0 0 0 0 0 0 0 0 0 0 0 0 0 0 0 0 0 0 0 0 0 0 0
224000 225000 0 0 0 0 0 0 0 0 0 0 0 0 0 0 0 0 0 0 0 0 0 0 0 0
225000 226000 0 0 0 0 0 0 0 0 0 0 0 0 0 0 0 0 0 0 0 0 0 0 0 0
226000 227000 0 0 0 0 0 0 0 0 0 0 0 0 0 0 0 0 0 0 0 0 0 0 0 0
227000 228000 0 0 0 0 0 0 0 0 0 0 0 0 0 0 0 0 0 0 0 0 0 0 0 0
228000 229000 0 0 0 0 0 0 0 0 0 0 0 0 0 0 0 0 0 0 0 0 0 0 0 0
229000 230000 0 0 0 0 0 0 0 0 0 0 0 0 0 0 0 0 0 0 0 0 0 0 0 0
230000 231000 2 2 8 10359 0 0 14 756 0 0 595 291 443 214 0 0 0 0 0 0 0 0 0 0
231000 232000 1 1 1 0 0 0 1 0 0 0 32 32 32 0 3000 3000 3000 0 128 128 128 0 1 1
232000 233000 0 0 0 0 0 0 0 0 0 0 0 0 0 0 0 0 0 0 0 0 0 0 0 0
233000 234000 1 1 1 0 0 0 1 0 0 0 16 16 16 0 0 0 0 0 0 0 0 0 0 0
234000 235000 0 0 0 0 0 0 0 0 0 0 0 0 0 0 0 0 0 0 0 0 0 0 0 0
235000 236000 1 1 1 0 0 0 2 0 0 0 20 20 20 0 3000 3000 3000 0 128 128 128 0 1 1
236000 237000 1 1 1 0 0 0 2 0 0 0 26 26 26 0 3000 3000 3000 0 128 128 128 0 1 1
237000 238000 0 0 0 0 0 0 0 0 0 0 0 0 0 0 0 0 0 0 0 0 0 0 0 0
238000 239000 0 0 0 0 0 0 0 0 0 0 0 0 0 0 0 0 0 0 0 0 0 0 0 0
239000 240000 0 0 0 0 0 0 0 0 0 0 0 0 0 0 0 0 0 0 0 0 0 0 0 0
240000 241000 2 2 8 10629 0 0 14 756 0 0 507 286 396 156 3000 3000 3000 0 128 128 128 0 1 1
241000 242000 0 0 0 0 0 0 0 0 0 0 0 0 0 0 0 0 0 0 0 0 0 0 0 0
242000 243000 3 3 83 9472 0 0 106 137176 0 0 577 329 421 135 3000 3000 3000 0 128 128 128 0 1 1
243000 244000 2 1 33 3216 0 0 42 65353 0 0 279 0 139 197 0 0 0 0 0 0 0 0 0 0
244000 245000 1 1 1 0 0 0 1 0 0 0 18 18 18 0 3000 3000 3000 0 128 128 128 0 1 1
245000 246000 2 2 39 96337 0 0 81 464 0 0 581 12 296 402 0 0 0 0 0 0 0 0 0 0
246000 247000 4 4 20 21217 0 0 34 1827 0 0 419 72 299 159 3000 3000 3000 0 128 128 128 0 1 1
247000 248000 3 3 17 7061 0 0 25 7653 0 0 548 29 344 276 0 0 0 0 0 0 0 0 0 0
248000 249000 2 2 5 2222 0 0 10 2315 0 0 350 294 322 39 3000 3000 3000 0 128 128 128 0 1 1
249000 250000 0 0 0 0 0 0 0 0 0 0 0 0 0 0 0 0 0 0 0 0 0 0 0 0
250000 251000 3 3 12 19185 0 0 23 787 0 0 503 275 362 123 3000 3000 3000 0 128 128 128 0 1 1
251000 252000 0 0 0 0 0 0 0 0 0 0 0 0 0 0 0 0 0 0 0 0 0 0 0 0
252000 253000 0 0 0 0 0 0 0 0 0 0 0 0 0 0 0 0 0 0 0 0 0 0 0 0
253000 254000 0 0 0 0 0 0 0 0 0 0 0 0 0 0 0 0 0 0 0 0 0 0 0 0
254000 255000 0 0 0 0 0 0 0 0 0 0 0 0 0 0 0 0 0 0 0 0 0 0 0 0
255000 256000 0 0 0 0 0 0 0 0 0 0 0 0 0 0 0 0 0 0 0 0 0 0 0 0
256000 257000 1 1 1 0 0 0 3 77 0 0 101 101 101 0 3000 3000 3000 0 128 128 128 0 1 1
257000 258000 0 0 0 0 0 0 0 0 0 0 0 0 0 0 0 0 0 0 0 0 0 0 0 0
258000 259000 1 1 3 0 0 0 3 77 0 0 95 95 95 0 0 0 0 0 0 0 0 0 0 0
259000 260000 0 0 0 0 0 0 0 0 0 0 0 0 0 0 0 0 0 0 0 0 0 0 0 0
260000 261000 2 2 8 11535 0 0 14 756 0 0 434 273 354 113 3000 3000 3000 0 128 128 128 0 1 1
261000 262000 0 0 0 0 0 0 0 0 0 0 0 0 0 0 0 0 0 0 0 0 0 0 0 0
262000 263000 0 0 0 0 0 0 0 0 0 0 0 0 0 0 0 0 0 0 0 0 0 0 0 0
263000 264000 0 0 0 0 0 0 0 0 0 0 0 0 0 0 0 0 0 0 0 0 0 0 0 0
264000 265000 0 0 0 0 0 0 0 0 0 0 0 0 0 0 0 0 0 0 0 0 0 0 0 0
265000 266000 0 0 0 0 0 0 0 0 0 0 0 0 0 0 0 0 0 0 0 0 0 0 0 0
266000 267000 0 0 0 0 0 0 0 0 0 0 0 0 0 0 0 0 0 0 0 0 0 0 0 0
267000 268000 0 0 0 0 0 0 0 0 0 0 0 0 0 0 0 0 0 0 0 0 0 0 0 0
268000 269000 0 0 0 0 0 0 0 0 0 0 0 0 0 0 0 0 0 0 0 0 0 0 0 0
269000 270000 0 0 0 0 0 0 0 0 0 0 0 0 0 0 0 0 0 0 0 0 0 0 0 0
270000 271000 3 3 8 10323 30 29887 14 756 21 5020 398 193 287 103 3000 3000 3000 0 128 128 128 0 1 1
271000 272000 0 0 0 0 0 0 0 0 0 0 0 0 0 0 0 0 0 0 0 0 0 0 0 0
272000 273000 1 1 1 35 0 0 3 31 0 0 352 352 352 0 3000 3000 3000 0 0 0 0 0 1 0
273000 274000 0 0 0 0 0 0 0 0 0 0 0 0 0 0 0 0 0 0 0 0 0 0 0 0
274000 275000 0 0 0 0 0 0 0 0 0 0 0 0 0 0 0 0 0 0 0 0 0 0 0 0
275000 276000 1 1 0 0 8 3822 0 0 8 325 282 282 282 0 3000 3000 3000 0 128 128 128 0 1 1
276000 277000 1 1 1 35 0 0 3 31 0 0 342 342 342 0 0 0 0 0 0 0 0 0 0 0
277000 278000 0 0 0 0 0 0 0 0 0 0 0 0 0 0 0 0 0 0 0 0 0 0 0 0
278000 279000 1 1 1 35 0 0 3 31 0 0 334 334 334 0 0 0 0 0 0 0 0 0 0 0
279000 280000 0 0 0 0 0 0 0 0 0 0 0 0 0 0 0 0 0 0 0 0 0 0 0 0
280000 281000 3 3 10 12231 0 0 18 787 0 0 358 269 321 46 0 0 0 0 0 0 0 0 0 0
281000 282000 0 0 0 0 0 0 0 0 0 0 0 0 0 0 0 0 0 0 0 0 0 0 0 0
282000 283000 0 0 0 0 0 0 0 0 0 0 0 0 0 0 0 0 0 0 0 0 0 0 0 0
283000 284000 0 0 0 0 0 0 0 0 0 0 0 0 0 0 0 0 0 0 0 0 0 0 0 0
284000 285000 0 0 0 0 0 0 0 0 0 0 0 0 0 0 0 0 0 0 0 0 0 0 0 0
285000 286000 0 0 0 0 0 0 0 0 0 0 0 0 0 0 0 0 0 0 0 0 0 0 0 0
286000 287000 1 1 3 4488 0 0 5 502 0 0 414 414 414 0 3000 3000 3000 0 128 128 128 0 1 1
287000 288000 1 1 0 181 0 0 0 20 0 0 16 16 16 0 0 0 0 0 0 0 0 0 0 0
288000 289000 0 0 0 0 0 0 0 0 0 0 0 0 0 0 0 0 0 0 0 0 0 0 0 0
289000 290000 2 2 2 0 0 0 2 0 0 0 19 19 19 0 0 0 0 0 0 0 0 0 0 0
290000 291000 2 2 8 11303 0 0 14 756 0 0 325 262 293 44 3000 3000 3000 0 128 128 128 0 1 1
291000 292000 1 1 1 0 0 0 1 0 0 0 18 18 18 0 0 0 0 0 0 0 0 0 0 0
292000 293000 1 1 1 0 0 0 1 0 0 0 104 104 104 0 3000 3000 3000 0 128 128 128 0 1 1
293000 294000 0 0 0 0 0 0 0 0 0 0 0 0 0 0 0 0 0 0 0 0 0 0 0 0
294000 295000 0 0 0 0 0 0 0 0 0 0 0 0 0 0 0 0 0 0 0 0 0 0 0 0
295000 296000 0 0 0 0 0 0 0 0 0 0 0 0 0 0 0 0 0 0 0 0 0 0 0 0
296000 297000 0 0 0 0 0 0 0 0 0 0 0 0 0 0 0 0 0 0 0 0 0 0 0 0
297000 298000 0 0 0 0 0 0 0 0 0 0 0 0 0 0 0 0 0 0 0 0 0 0 0 0
298000 299000 0 0 0 0 0 0 0 0 0 0 0 0 0 0 0 0 0 0 0 0 0 0 0 0
299000 300000 0 0 0 0 0 0 0 0 0 0 0 0 0 0 0 0 0 0 0 0 0 0 0 0
300000 301000 0 0 0 0 0 0 0 0 0 0 0 0 0 0 0 0 0 0 0 0 0 0 0 0
