ts te nbins ncons c_tcp_packs c_tcp_bytes c_udp_packs c_udp_bytes s_tcp_packs s_tcp_bytes s_udp_packs s_udp_bytes max_bins_span min_bins_span avg_bins_span std_bins_span max_video_rate min_video_rate avg_video_rate std_video_rate max_audio_rate min_audio_rate avg_audio_rate std_audio_rate video_requests audio_requests
0 2000 27 25 217 33336 7 3206 302 209456 9 5941 933 3 257 232 0 0 0 0 0 0 0 0 0 0
2000 4000 8 7 28 3943 0 0 40 6223 0 0 492 1 168 167 0 0 0 0 0 0 0 0 0 0
4000 6000 11 11 66 28487 0 0 81 16685 0 0 424 33 229 134 1500 1500 1500 0 128 128 128 0 2 2
6000 8000 5 5 19 6881 0 0 23 1429 0 0 259 21 161 94 1500 1500 1500 0 128 128 128 0 3 3
8000 10000 10 10 31 11224 100 53945 41 12630 108 53588 878 123 399 256 1500 1500 1500 0 128 128 128 0 2 2
10000 12000 9 6 19 27859 113 31324 26 7067 182 165695 745 62 319 222 1500 1500 1500 0 128 128 128 0 2 2
12000 14000 3 3 0 0 54 64125 0 0 24 689 258 1 112 132 1500 1500 1500 0 128 128 128 0 2 2
14000 16000 5 5 0 0 63 51460 0 0 50 18005 472 100 232 154 1500 1500 1500 0 128 128 128 0 2 2
16000 18000 2 2 10 5167 0 0 15 4365 0 0 152 83 118 49 3000 3000 3000 0 128 128 128 0 2 2
18000 20000 1 1 0 0 36 40513 0 0 15 436 220 220 220 0 3000 3000 3000 0 128 128 128 0 1 1
20000 22000 2 2 10 15875 0 0 15 756 0 0 261 223 242 26 3000 3000 3000 0 128 128 128 0 1 1
22000 24000 0 0 0 0 0 0 0 0 0 0 0 0 0 0 0 0 0 0 0 0 0 0 0 0
24000 26000 1 1 0 0 40 47720 0 0 14 419 187 187 187 0 3000 3000 3000 0 128 128 128 0 1 1
26000 28000 4 4 25 7989 0 0 35 12033 0 0 769 24 317 319 3000 3000 3000 0 128 128 128 0 1 1
28000 30000 1 1 0 0 5 2869 0 0 3 146 155 155 155 0 3000 3000 3000 0 128 128 128 0 1 1
30000 32000 7 7 70 149151 23 9818 109 2198 28 27794 805 81 365 283 3000 3000 3000 0 128 128 128 0 1 1
32000 34000 0 0 0 0 0 0 0 0 0 0 0 0 0 0 0 0 0 0 0 0 0 0 0 0
34000 36000 1 1 2 35 0 0 2 31 0 0 98 98 98 0 3000 3000 3000 0 128 128 128 0 1 1
36000 38000 10 10 33 8003 0 0 38 11244 0 0 993 16 149 303 3000 3000 3000 0 128 128 128 0 1 1
38000 40000 6 6 6 0 0 0 6 0 0 0 20 19 19 0 3000 3000 3000 0 128 128 128 0 1 1
40000 42000 3 3 9 10790 0 0 12 756 0 0 217 19 149 111 3000 3000 3000 0 128 128 128 0 1 2
42000 44000 0 0 0 0 0 0 0 0 0 0 0 0 0 0 0 0 0 0 0 0 0 0 0 0
44000 46000 4 4 8 6871 0 0 10 526 0 0 244 15 77 111 3000 3000 3000 0 128 128 128 0 3 2
46000 48000 12 12 19 5179 0 0 24 4374 0 0 143 16 40 36 3000 3000 3000 0 128 128 128 0 1 2
48000 50000 7 7 7 0 0 0 7 0 0 0 17 14 16 1 3000 3000 3000 0 128 128 128 0 1 1
50000 52000 6 6 15 13003 0 0 19 1153 0 0 384 17 116 155 3000 3000 3000 0 128 128 128 0 1 1
52000 54000 2 2 2 0 0 0 2 0 0 0 16 14 15 1 3000 3000 3000 0 128 128 128 0 2 1
54000 56000 1 1 1 0 0 0 1 0 0 0 15 15 15 0 3000 3000 3000 0 128 128 128 0 1 1
56000 58000 14 14 37 7894 0 0 54 6800 0 0 910 21 205 234 3000 3000 3000 0 128 128 128 0 1 1
58000 60000 1 1 1 0 0 0 1 0 0 0 16 16 16 0 3000 3000 3000 0 128 128 128 0 1 1
60000 62000 6 6 16 11555 0 0 21 1018 0 0 223 69 136 71 3000 3000 3000 0 128 128 128 0 1 1
62000 64000 0 0 0 0 0 0 0 0 0 0 0 0 0 0 0 0 0 0 0 0 0 0 0 0
64000 66000 3 3 62 130549 0 0 119 6343 0 0 417 40 180 206 3000 3000 3000 0 128 128 128 0 1 1
66000 68000 7 6 30 7718 0 0 40 13695 0 0 821 34 259 287 3000 3000 3000 0 128 128 128 0 1 1
68000 70000 0 0 0 0 0 0 0 0 0 0 0 0 0 0 0 0 0 0 0 0 0 0 0 0
70000 72000 3 3 9 11965 0 0 14 756 0 0 228 21 151 113 3000 3000 3000 0 128 128 128 0 1 1
72000 74000 0 0 0 0 0 0 0 0 0 0 0 0 0 0 0 0 0 0 0 0 0 0 0 0
74000 76000 0 0 0 0 0 0 0 0 0 0 0 0 0 0 0 0 0 0 0 0 0 0 0 0
76000 78000 2 2 3 0 0 0 3 77 0 0 31 2 16 20 3000 3000 3000 0 128 128 128 0 1 1
78000 80000 0 0 0 0 0 0 0 0 0 0 0 0 0 0 0 0 0 0 0 0 0 0 0 0
80000 82000 3 3 10 10355 0 0 12 756 0 0 219 79 165 75 3000 3000 3000 0 128 128 128 0 1 1
82000 84000 0 0 0 0 0 0 0 0 0 0 0 0 0 0 0 0 0 0 0 0 0 0 0 0
84000 86000 1 1 4 4633 0 0 5 526 0 0 304 304 304 0 3000 3000 3000 0 128 128 128 0 1 2
86000 88000 1 1 1 0 0 0 1 0 0 0 19 19 19 0 3000 3000 3000 0 128 128 128 0 2 1
88000 90000 0 0 0 0 0 0 0 0 0 0 0 0 0 0 0 0 0 0 0 0 0 0 0 0
90000 92000 10 10 15 12678 19 9424 21 1165 23 13620 442 16 166 185 3000 3000 3000 0 128 128 128 0 1 1
92000 94000 9 9 9 0 0 0 9 0 0 0 23 20 22 1 3000 3000 3000 0 128 128 128 0 1 1
94000 96000 6 6 6 35 0 0 7 31 0 0 93 14 29 31 0 0 0 0 0 0 0 0 0 0
96000 98000 4 4 4 70 0 0 6 62 0 0 96 18 51 32 3000 3000 3000 0 128 128 128 0 1 2
98000 100000 0 0 0 0 0 0 0 0 0 0 0 0 0 0 0 0 0 0 0 0 0 0 0 0
100000 102000 3 3 10 9771 0 0 12 1158 0 0 378 100 238 138 3000 3000 3000 0 0 0 0 0 1 0
102000 104000 0 0 0 0 0 0 0 0 0 0 0 0 0 0 0 0 0 0 0 0 0 0 0 0
104000 106000 0 0 0 0 0 0 0 0 0 0 0 0 0 0 0 0 0 0 0 0 0 0 0 0
106000 108000 0 0 0 0 0 0 0 0 0 0 0 0 0 0 0 0 0 0 0 0 0 0 0 0
108000 110000 1 1 1 0 0 0 1 0 0 0 25 25 25 0 3000 3000 3000 0 128 128 128 0 1 1
110000 112000 2 2 8 10950 0 0 11 756 0 0 234 218 226 11 3000 3000 3000 0 128 128 128 0 1 1
112000 114000 1 1 1 0 0 0 1 0 0 0 19 19 19 0 3000 3000 3000 0 128 128 128 0 1 1
114000 116000 0 0 0 0 0 0 0 0 0 0 0 0 0 0 0 0 0 0 0 0 0 0 0 0
116000 118000 0 0 0 0 0 0 0 0 0 0 0 0 0 0 0 0 0 0 0 0 0 0 0 0
118000 120000 0 0 0 0 0 0 0 0 0 0 0 0 0 0 0 0 0 0 0 0 0 0 0 0
120000 122000 5 5 46 11358 0 0 60 55777 0 0 340 51 214 103 3000 3000 3000 0 128 128 128 0 1 1
122000 124000 2 1 112 2391 0 0 142 193988 0 0 784 59 422 512 3000 3000 3000 0 128 128 128 0 1 1
124000 126000 4 4 63 117609 0 0 114 7752 0 0 389 16 247 161 3000 3000 3000 0 128 128 128 0 1 1
126000 128000 4 4 21 7845 0 0 28 9964 0 0 224 25 110 86 3000 3000 3000 0 128 128 128 0 1 1
128000 130000 0 0 0 0 0 0 0 0 0 0 0 0 0 0 0 0 0 0 0 0 0 0 0 0
130000 132000 2 2 11 17952 0 0 12 756 0 0 314 220 267 66 3000 3000 3000 0 128 128 128 0 1 1
132000 134000 1 1 1 0 0 0 1 0 0 0 15 15 15 0 3000 3000 3000 0 128 128 128 0 2 2
134000 136000 1 1 2 0 0 0 3 77 0 0 117 117 117 0 3000 3000 3000 0 128 128 128 0 1 1
136000 138000 6 6 8 0 0 0 8 77 0 0 179 16 45 65 3000 3000 3000 0 128 128 128 0 1 1
138000 140000 7 7 7 0 0 0 7 0 0 0 24 16 20 2 3000 3000 3000 0 128 128 128 0 1 1
140000 142000 7 7 13 12565 0 0 16 756 0 0 228 15 75 101 3000 3000 3000 0 128 128 128 0 1 1
142000 144000 2 2 2 0 0 0 2 0 0 0 26 18 22 5 0 0 0 0 0 0 0 0 0 0
144000 146000 0 0 0 0 0 0 0 0 0 0 0 0 0 0 0 0 0 0 0 0 0 0 0 0
146000 148000 0 0 0 0 0 0 0 0 0 0 0 0 0 0 0 0 0 0 0 0 0 0 0 0
148000 150000 0 0 0 0 0 0 0 0 0 0 0 0 0 0 0 0 0 0 0 0 0 0 0 0
150000 152000 3 3 9 9809 0 0 10 787 0 0 226 89 179 78 3000 3000 3000 0 0 0 0 0 1 0
152000 154000 0 0 0 0 0 0 0 0 0 0 0 0 0 0 0 0 0 0 0 0 0 0 0 0
154000 156000 1 1 1 35 0 0 2 31 0 0 17 17 17 0 3000 3000 3000 0 0 0 0 0 1 0
156000 158000 2 2 1 54 0 0 3 65 0 0 114 30 72 59 3000 3000 3000 0 128 128 128 0 1 2
158000 160000 1 1 0 15 0 0 1 27 0 0 89 89 89 0 3000 3000 3000 0 128 128 128 0 1 1
160000 162000 2 2 8 10366 0 0 11 756 0 0 230 218 224 8 3000 3000 3000 0 128 128 128 0 1 1
162000 164000 0 0 0 0 0 0 0 0 0 0 0 0 0 0 0 0 0 0 0 0 0 0 0 0
164000 166000 1 1 4 4663 0 0 5 526 0 0 304 304 304 0 3000 3000 3000 0 128 128 128 0 1 1
166000 168000 0 0 0 0 0 0 0 0 0 0 0 0 0 0 0 0 0 0 0 0 0 0 0 0
168000 170000 3 3 3 0 0 0 3 0 0 0 21 20 20 0 3000 3000 3000 0 128 128 128 0 1 1
170000 172000 3 3 9 11889 0 0 11 756 0 0 162 17 108 79 3000 3000 3000 0 128 128 128 0 1 1
172000 174000 0 0 0 0 0 0 0 0 0 0 0 0 0 0 0 0 0 0 0 0 0 0 0 0
174000 176000 0 0 0 0 0 0 0 0 0 0 0 0 0 0 0 0 0 0 0 0 0 0 0 0
176000 178000 0 0 0 0 0 0 0 0 0 0 0 0 0 0 0 0 0 0 0 0 0 0 0 0
178000 180000 1 1 1 0 0 0 1 0 0 0 14 14 14 0 3000 3000 3000 0 0 0 0 0 1 0
180000 182000 8 8 14 10398 0 0 17 787 0 0 171 24 62 60 3000 3000 3000 0 128 128 128 0 1 2
182000 184000 5 5 5 0 0 0 5 0 0 0 17 16 17 0 3000 3000 3000 0 128 128 128 0 1 1
184000 186000 9 9 55 108515 0 0 100 724 0 0 439 14 67 140 3000 3000 3000 0 128 128 128 0 2 1
186000 188000 5 5 22 7781 0 0 31 4765 0 0 616 20 204 252 3000 3000 3000 0 128 128 128 0 1 1
188000 190000 1 1 1 35 0 0 2 31 0 0 91 91 91 0 3000 3000 3000 0 128 128 128 0 1 1
190000 192000 2 2 8 11524 0 0 11 756 0 0 228 222 225 3 3000 3000 3000 0 128 128 128 0 1 1
192000 194000 0 0 0 0 0 0 0 0 0 0 0 0 0 0 0 0 0 0 0 0 0 0 0 0
194000 196000 0 0 0 0 0 0 0 0 0 0 0 0 0 0 0 0 0 0 0 0 0 0 0 0
196000 198000 1 1 3 0 0 0 2 77 0 0 67 67 67 0 3000 3000 3000 0 128 128 128 0 1 1
198000 200000 0 0 0 0 0 0 0 0 0 0 0 0 0 0 0 0 0 0 0 0 0 0 0 0
200000 202000 2 2 8 11392 0 0 12 756 0 0 217 206 212 7 3000 3000 3000 0 128 128 128 0 1 1
202000 204000 0 0 0 0 0 0 0 0 0 0 0 0 0 0 0 0 0 0 0 0 0 0 0 0
204000 206000 1 1 4 4674 0 0 5 526 0 0 297 297 297 0 3000 3000 3000 0 128 128 128 0 1 1
206000 208000 0 0 0 0 0 0 0 0 0 0 0 0 0 0 0 0 0 0 0 0 0 0 0 0
208000 210000 0 0 0 0 0 0 0 0 0 0 0 0 0 0 0 0 0 0 0 0 0 0 0 0
210000 212000 3 3 9 10752 0 0 13 787 0 0 214 44 153 94 3000 3000 3000 0 128 128 128 0 1 1
212000 214000 2 2 0 0 0 0 0 0 0 0 5 5 5 0 3000 3000 3000 0 128 128 128 0 1 1
214000 216000 3 3 2 35 0 0 3 31 0 0 19 19 19 0 3000 3000 3000 0 128 128 128 0 1 1
216000 218000 1 1 1 35 0 0 2 31 0 0 35 35 35 0 3000 3000 3000 0 128 128 128 0 1 1
218000 220000 1 1 1 35 0 0 2 31 0 0 17 17 17 0 3000 3000 3000 0 128 128 128 0 1 1
220000 222000 2 2 8 10952 0 0 12 756 0 0 161 153 157 5 3000 3000 3000 0 128 128 128 0 1 1
222000 224000 0 0 0 0 0 0 0 0 0 0 0 0 0 0 0 0 0 0 0 0 0 0 0 0
224000 226000 1 1 1 0 0 0 1 0 0 0 16 16 16 0 3000 3000 3000 0 128 128 128 0 1 1
226000 228000 0 0 0 0 0 0 0 0 0 0 0 0 0 0 0 0 0 0 0 0 0 0 0 0
228000 230000 11 11 11 0 0 0 11 0 0 0 19 15 17 1 3000 3000 3000 0 128 128 128 0 1 1
230000 232000 8 8 16 10045 0 0 15 775 0 0 246 14 73 96 3000 3000 3000 0 128 128 128 0 2 1
232000 234000 4 4 4 0 0 0 4 0 0 0 17 15 16 0 3000 3000 3000 0 128 128 128 0 1 1
234000 236000 1 1 2 0 0 0 3 39 0 0 61 61 61 0 3000 3000 3000 0 128 128 128 0 1 1
236000 238000 0 0 0 0 0 0 0 0 0 0 0 0 0 0 0 0 0 0 0 0 0 0 0 0
238000 240000 0 0 0 0 0 0 0 0 0 0 0 0 0 0 0 0 0 0 0 0 0 0 0 0
240000 242000 13 13 104 16430 0 0 165 152351 0 0 579 16 200 206 0 0 0 0 0 0 0 0 0 0
242000 244000 2 2 4 0 0 0 6 78 0 0 175 168 172 4 3000 3000 3000 0 128 128 128 0 1 1
244000 246000 7 7 59 114642 0 0 112 4368 0 0 312 18 132 137 3000 3000 3000 0 128 128 128 0 1 2
246000 248000 5 5 28 10536 0 0 39 9550 0 0 470 55 267 162 3000 3000 3000 0 128 128 128 0 1 1
248000 250000 1 1 1 35 0 0 2 31 0 0 107 107 107 0 3000 3000 3000 0 128 128 128 0 2 1
250000 252000 2 2 11 17949 0 0 15 756 0 0 289 217 253 50 3000 3000 3000 0 128 128 128 0 1 1
252000 254000 0 0 0 0 0 0 0 0 0 0 0 0 0 0 0 0 0 0 0 0 0 0 0 0
254000 256000 0 0 0 0 0 0 0 0 0 0 0 0 0 0 0 0 0 0 0 0 0 0 0 0
256000 258000 2 2 4 0 0 0 7 231 0 0 297 119 208 126 3000 3000 3000 0 128 128 128 0 1 1
258000 260000 0 0 0 0 0 0 0 0 0 0 0 0 0 0 0 0 0 0 0 0 0 0 0 0
260000 262000 2 2 8 11398 0 0 12 756 0 0 238 194 216 30 3000 3000 3000 0 128 128 128 0 1 1
262000 264000 0 0 0 0 0 0 0 0 0 0 0 0 0 0 0 0 0 0 0 0 0 0 0 0
264000 266000 0 0 0 0 0 0 0 0 0 0 0 0 0 0 0 0 0 0 0 0 0 0 0 0
266000 268000 0 0 0 0 0 0 0 0 0 0 0 0 0 0 0 0 0 0 0 0 0 0 0 0
268000 270000 1 1 0 0 15 15923 0 0 12 4238 140 140 140 0 3000 3000 3000 0 128 128 128 0 1 1
270000 272000 4 4 9 11533 13 13242 13 787 9 3524 202 44 129 66 3000 3000 3000 0 128 128 128 0 1 1
272000 274000 2 2 2 0 0 0 2 0 0 0 15 14 15 0 3000 3000 3000 0 128 128 128 0 1 1
274000 276000 5 5 4 35 10 7373 5 31 7 303 229 14 76 91 3000 3000 3000 0 128 128 128 0 1 1
276000 278000 1 1 1 35 0 0 2 31 0 0 91 91 91 0 3000 3000 3000 0 128 128 128 0 1 2
278000 280000 1 1 1 35 0 0 2 31 0 0 58 58 58 0 3000 3000 3000 0 128 128 128 0 2 1
280000 282000 2 2 8 11495 0 0 11 756 0 0 236 219 228 12 3000 3000 3000 0 128 128 128 0 1 1
282000 284000 0 0 0 0 0 0 0 0 0 0 0 0 0 0 0 0 0 0 0 0 0 0 0 0
284000 286000 2 2 4 4674 3 2457 5 526 3 143 233 175 204 41 0 0 0 0 0 0 0 0 0 0
286000 288000 2 2 2 0 0 0 2 0 0 0 17 16 17 0 3000 3000 3000 0 128 128 128 0 1 2
288000 290000 1 1 1 0 0 0 1 0 0 0 16 16 16 0 3000 3000 3000 0 128 128 128 0 1 1
290000 292000 3 3 9 10676 0 0 13 756 0 0 229 19 158 120 3000 3000 3000 0 0 0 0 0 1 0
292000 294000 0 0 0 0 0 0 0 0 0 0 0 0 0 0 0 0 0 0 0 0 0 0 0 0
294000 296000 0 0 0 0 0 0 0 0 0 0 0 0 0 0 0 0 0 0 0 0 0 0 0 0
296000 298000 0 0 0 0 0 0 0 0 0 0 0 0 0 0 0 0 0 0 0 0 0 0 0 0
298000 300000 0 0 0 0 0 0 0 0 0 0 0 0 0 0 0 0 0 0 0 0 0 0 0 0
300000 302000 0 0 0 0 0 0 0 0 0 0 0 0 0 0 0 0 0 0 0 0 0 0 0 0
