ts te nbins ncons c_tcp_packs c_tcp_bytes c_udp_packs c_udp_bytes s_tcp_packs s_tcp_bytes s_udp_packs s_udp_bytes max_bins_span min_bins_span avg_bins_span std_bins_span max_video_rate min_video_rate avg_video_rate std_video_rate max_audio_rate min_audio_rate avg_audio_rate std_audio_rate video_requests audio_requests
0 2000 28 25 137 61609 0 0 197 77013 0 0 758 0 215 203 0 0 0 0 0 0 0 0 0 0
2000 4000 13 12 56 8851 7 4290 74 26110 10 5982 754 46 327 230 0 0 0 0 0 0 0 0 0 0
4000 6000 4 4 8 1543 0 0 10 1003 0 0 195 15 110 74 0 0 0 0 0 0 0 0 0 0
6000 8000 8 7 37 9230 0 0 40 23902 0 0 978 19 282 332 0 0 0 0 0 0 0 0 0 0
8000 10000 25 23 141 32417 196 53056 197 128735 351 341070 987 24 300 306 0 0 0 0 0 0 0 0 0 0
10000 12000 17 12 191 38312 64 11897 281 321788 105 97862 995 32 317 274 1500 1500 1500 0 128 128 128 0 3 3
12000 14000 13 8 239 11138 28 9095 349 451152 40 11337 999 21 452 388 1500 1500 1500 0 128 128 128 0 1 1
14000 16000 12 7 396 10598 21 8550 505 661307 22 1076 999 106 513 345 1500 1500 1500 0 128 128 128 0 1 1
16000 18000 5 3 328 1942 0 0 469 644497 0 0 996 59 536 431 1500 1500 1500 0 128 128 128 0 2 2
18000 20000 3 1 439 77 0 0 577 824719 0 0 996 104 662 486 1500 1500 1500 0 0 0 0 0 1 0
20000 22000 8 6 384 23775 0 0 523 685104 0 0 996 102 435 344 840 840 840 0 128 128 128 0 2 2
22000 24000 3 1 314 7 0 0 478 663522 0 0 997 100 664 490 840 840 840 0 128 128 128 0 1 2
24000 26000 3 1 274 62 0 0 440 610691 0 0 996 91 661 496 840 840 840 0 128 128 128 0 2 2
26000 28000 3 1 281 0 0 0 395 549391 0 0 995 87 662 499 840 840 840 0 128 128 128 0 3 2
28000 30000 3 1 232 37 0 0 336 467482 0 0 992 84 662 502 840 840 840 0 128 128 128 0 2 3
30000 32000 10 8 416 147582 0 0 645 731884 0 0 998 78 475 351 1500 1500 1500 0 128 128 128 0 2 2
32000 34000 9 6 310 6173 17 10481 397 530145 22 13356 998 75 360 349 1500 1500 1500 0 128 128 128 0 1 1
34000 36000 3 1 260 67 0 0 404 589684 0 0 999 72 664 514 1500 1500 1500 0 128 128 128 0 1 1
36000 38000 8 6 402 0 0 0 576 797755 0 0 995 15 260 432 1500 1500 1500 0 128 128 128 0 1 1
38000 40000 10 8 260 71 0 0 372 503530 0 0 999 17 213 396 1500 1500 1500 0 128 128 128 0 1 1
40000 42000 8 6 409 18858 0 0 622 829896 0 0 998 52 432 351 1500 1500 1500 0 128 128 128 0 1 1
42000 44000 6 4 285 1063 0 0 433 584215 0 0 998 17 456 460 1500 1500 1500 0 128 128 128 0 1 1
44000 46000 5 3 414 68 0 0 613 848717 0 0 997 17 406 521 1500 1500 1500 0 128 128 128 0 1 1
46000 48000 10 10 135 0 0 0 150 196499 0 0 679 14 87 208 1500 1500 1500 0 128 128 128 0 1 1
48000 50000 8 6 26 10076 0 0 32 8944 0 0 294 17 125 124 8000 8000 8000 0 128 128 128 0 3 2
50000 52000 7 7 19 18351 0 0 25 1376 0 0 339 16 136 126 2300 2300 2300 0 128 128 128 0 2 1
52000 54000 5 5 13 4999 0 0 16 4281 0 0 285 16 89 115 2300 2300 2300 0 128 128 128 0 1 3
54000 56000 10 10 10 0 0 0 10 0 0 0 25 19 22 1 2300 2300 2300 0 128 128 128 0 2 2
56000 58000 2 2 2 0 0 0 2 0 0 0 15 15 15 0 2300 2300 2300 0 128 128 128 0 2 1
58000 60000 1 1 1 0 0 0 1 0 0 0 25 25 25 0 3000 3000 3000 0 128 128 128 0 2 3
60000 62000 14 14 34 19004 0 0 48 1392 0 0 280 15 106 105 3000 3000 3000 0 128 128 128 0 1 1
62000 64000 4 4 22 9283 0 0 31 9948 0 0 291 67 167 112 3000 3000 3000 0 128 128 128 0 1 1
64000 66000 0 0 0 0 0 0 0 0 0 0 0 0 0 0 0 0 0 0 0 0 0 0 0 0
66000 68000 1 1 2 0 0 0 3 77 0 0 171 171 171 0 3000 3000 3000 0 128 128 128 0 1 1
68000 70000 3 3 53 108265 0 0 93 1064 0 0 559 17 225 292 3000 3000 3000 0 128 128 128 0 1 1
70000 72000 4 4 23 41228 0 0 37 1604 0 0 270 143 223 57 3000 3000 3000 0 128 128 128 0 1 1
72000 74000 5 5 26 9282 0 0 35 10632 0 0 506 20 166 201 3000 3000 3000 0 128 128 128 0 1 1
74000 76000 1 1 1 0 0 0 1 0 0 0 15 15 15 0 3000 3000 3000 0 128 128 128 0 1 1
76000 78000 0 0 0 0 0 0 0 0 0 0 0 0 0 0 0 0 0 0 0 0 0 0 0 0
78000 80000 0 0 0 0 0 0 0 0 0 0 0 0 0 0 0 0 0 0 0 0 0 0 0 0
80000 82000 3 3 10 12492 0 0 14 1339 0 0 197 169 180 15 3000 3000 3000 0 128 128 128 0 1 1
82000 84000 3 3 10 5155 0 0 16 4357 0 0 164 15 86 75 3000 3000 3000 0 128 128 128 0 1 1
84000 86000 0 0 0 0 0 0 0 0 0 0 0 0 0 0 0 0 0 0 0 0 0 0 0 0
86000 88000 2 2 3 0 0 0 5 39 0 0 312 15 163 209 3000 3000 3000 0 128 128 128 0 1 1
88000 90000 1 1 1 0 0 0 1 0 0 0 16 16 16 0 3000 3000 3000 0 128 128 128 0 1 1
90000 92000 7 7 16 15425 0 0 19 1376 0 0 352 68 151 107 3000 3000 3000 0 128 128 128 0 1 1
92000 94000 13 13 12 35 20 8234 14 108 23 12213 799 22 152 209 3000 3000 3000 0 128 128 128 0 2 1
94000 96000 1 1 1 0 0 0 1 0 0 0 50 50 50 0 0 0 0 0 128 128 128 0 0 1
96000 98000 2 2 1 0 0 0 1 0 0 0 56 44 50 8 3000 3000 3000 0 128 128 128 0 1 1
98000 100000 3 3 1 35 0 0 2 31 0 0 39 16 29 11 3000 3000 3000 0 128 128 128 0 1 1
100000 102000 9 9 15 10649 0 0 19 844 0 0 180 39 72 60 3000 3000 3000 0 128 128 128 0 1 1
102000 104000 5 5 4 32 0 0 5 29 0 0 62 50 59 5 3000 3000 3000 0 128 128 128 0 2 2
104000 106000 1 1 0 2 0 0 0 1 0 0 3 3 3 0 3000 3000 3000 0 0 0 0 0 1 0
106000 108000 1 1 1 0 0 0 1 0 0 0 24 24 24 0 3000 3000 3000 0 128 128 128 0 3 4
108000 110000 0 0 0 0 0 0 0 0 0 0 0 0 0 0 0 0 0 0 0 0 0 0 0 0
110000 112000 2 2 12 13632 0 0 16 844 0 0 259 236 247 16 3000 3000 3000 0 128 128 128 0 1 1
112000 114000 0 0 0 0 0 0 0 0 0 0 0 0 0 0 0 0 0 0 0 0 0 0 0 0
114000 116000 0 0 0 0 0 0 0 0 0 0 0 0 0 0 0 0 0 0 0 0 0 0 0 0
116000 118000 1 1 1 0 0 0 1 0 0 0 15 15 15 0 3000 3000 3000 0 128 128 128 0 1 1
118000 120000 0 0 0 0 0 0 0 0 0 0 0 0 0 0 0 0 0 0 0 0 0 0 0 0
120000 122000 4 4 11 11578 0 0 14 1339 0 0 241 15 175 107 3000 3000 3000 0 128 128 128 0 1 1
122000 124000 8 8 97 4929 34 17430 149 179396 39 17190 399 96 225 102 3000 3000 3000 0 128 128 128 0 1 1
124000 126000 5 4 26 12748 21 10471 40 10368 26 10256 990 163 481 367 3000 3000 3000 0 128 128 128 0 1 1
126000 128000 0 0 0 0 0 0 0 0 0 0 0 0 0 0 0 0 0 0 0 0 0 0 0 0
128000 130000 3 3 44 93907 0 0 79 687 0 0 658 15 230 370 3000 3000 3000 0 128 128 128 0 1 1
130000 132000 6 6 42 48443 0 0 59 8011 0 0 529 120 234 147 3000 3000 3000 0 128 128 128 0 1 1
132000 134000 1 1 1 0 0 0 1 0 0 0 27 27 27 0 3000 3000 3000 0 128 128 128 0 1 1
134000 136000 3 3 4 35 0 0 5 108 0 0 62 2 28 31 3000 3000 3000 0 128 128 128 0 1 1
136000 138000 4 4 4 0 0 0 4 0 0 0 18 15 16 1 3000 3000 3000 0 128 128 128 0 1 1
138000 140000 6 6 6 0 0 0 6 0 0 0 17 14 15 1 3000 3000 3000 0 128 128 128 0 1 1
140000 142000 4 4 13 14220 0 0 19 998 0 0 309 17 213 132 3000 3000 3000 0 128 128 128 0 1 1
142000 144000 4 4 16 6006 0 0 23 4947 0 0 645 16 223 296 3000 3000 3000 0 128 128 128 0 1 1
144000 146000 8 8 10 1543 0 0 11 235 0 0 129 14 30 40 3000 3000 3000 0 128 128 128 0 1 1
146000 148000 4 4 4 0 0 0 4 0 0 0 18 16 17 1 3000 3000 3000 0 128 128 128 0 1 1
148000 150000 0 0 0 0 0 0 0 0 0 0 0 0 0 0 0 0 0 0 0 0 0 0 0 0
150000 152000 3 3 9 10315 0 0 13 844 0 0 266 26 179 132 0 0 0 0 0 0 0 0 0 0
152000 154000 3 3 1 35 17 8041 2 31 18 9570 371 78 228 146 3000 3000 3000 0 128 128 128 0 2 2
154000 156000 1 1 2 0 0 0 3 77 0 0 181 181 181 0 3000 3000 3000 0 128 128 128 0 1 1
156000 158000 0 0 0 0 0 0 0 0 0 0 0 0 0 0 0 0 0 0 0 0 0 0 0 0
158000 160000 1 1 1 35 0 0 2 31 0 0 99 99 99 0 3000 3000 3000 0 128 128 128 0 1 1
160000 162000 3 3 10 11577 0 0 12 1339 0 0 267 197 241 38 3000 3000 3000 0 128 128 128 0 1 1
162000 164000 0 0 0 0 0 0 0 0 0 0 0 0 0 0 0 0 0 0 0 0 0 0 0 0
164000 166000 2 2 2 35 0 0 3 31 0 0 100 15 58 59 3000 3000 3000 0 128 128 128 0 1 1
166000 168000 0 0 0 0 0 0 0 0 0 0 0 0 0 0 0 0 0 0 0 0 0 0 0 0
168000 170000 3 3 3 0 0 0 3 0 0 0 25 24 25 0 3000 3000 3000 0 128 128 128 0 1 1
170000 172000 3 3 12 15317 0 0 17 1376 0 0 212 179 195 16 3000 3000 3000 0 128 128 128 0 1 1
172000 174000 1 1 1 0 0 0 1 0 0 0 14 14 14 0 3000 3000 3000 0 128 128 128 0 1 1
174000 176000 1 1 1 0 0 0 1 0 0 0 20 20 20 0 3000 3000 3000 0 128 128 128 0 1 1
176000 178000 1 1 1 0 0 0 1 0 0 0 19 19 19 0 3000 3000 3000 0 128 128 128 0 1 1
178000 180000 1 1 1 0 0 0 1 0 0 0 55 55 55 0 3000 3000 3000 0 128 128 128 0 1 1
180000 182000 6 6 9 11253 0 0 13 844 0 0 183 0 66 89 3000 3000 3000 0 128 128 128 0 1 1
182000 184000 4 4 3 35 0 0 4 31 0 0 89 20 71 34 3000 3000 3000 0 128 128 128 0 1 1
184000 186000 0 0 0 0 0 0 0 0 0 0 0 0 0 0 0 0 0 0 0 0 0 0 0 0
186000 188000 7 7 7 0 0 0 7 0 0 0 34 25 32 3 3000 3000 3000 0 128 128 128 0 1 1
188000 190000 5 5 50 110079 0 0 94 1047 0 0 380 16 140 150 3000 3000 3000 0 128 128 128 0 1 1
190000 192000 10 10 17 12857 0 0 19 844 0 0 250 50 94 81 3000 3000 3000 0 128 128 128 0 1 1
192000 194000 4 4 4 0 0 0 4 0 0 0 27 19 25 3 3000 3000 3000 0 128 128 128 0 1 1
194000 196000 1 1 1 35 0 0 2 31 0 0 17 17 17 0 3000 3000 3000 0 128 128 128 0 1 1
196000 198000 1 1 1 0 0 0 1 0 0 0 71 71 71 0 3000 3000 3000 0 128 128 128 0 1 1
198000 200000 0 0 0 0 0 0 0 0 0 0 0 0 0 0 0 0 0 0 0 0 0 0 0 0
200000 202000 3 3 10 11572 0 0 13 1339 0 0 266 242 253 12 3000 3000 3000 0 128 128 128 0 1 1
202000 204000 2 2 20 7648 0 0 27 9912 0 0 191 135 163 39 3000 3000 3000 0 128 128 128 0 1 1
204000 206000 0 0 0 0 0 0 0 0 0 0 0 0 0 0 0 0 0 0 0 0 0 0 0 0
206000 208000 0 0 0 0 0 0 0 0 0 0 0 0 0 0 0 0 0 0 0 0 0 0 0 0
208000 210000 0 0 0 0 0 0 0 0 0 0 0 0 0 0 0 0 0 0 0 0 0 0 0 0
210000 212000 4 4 15 16741 0 0 18 1376 0 0 601 24 271 240 3000 3000 3000 0 128 128 128 0 1 1
212000 214000 4 4 2 35 15 6756 4 108 16 8026 121 43 94 35 3000 3000 3000 0 128 128 128 0 1 1
214000 216000 3 3 3 0 0 0 3 0 0 0 23 17 21 3 3000 3000 3000 0 128 128 128 0 1 1
216000 218000 0 0 0 0 0 0 0 0 0 0 0 0 0 0 0 0 0 0 0 0 0 0 0 0
218000 220000 2 2 2 35 0 0 3 31 0 0 26 25 26 0 3000 3000 3000 0 128 128 128 0 1 1
220000 222000 2 2 8 10666 0 0 12 844 0 0 244 212 228 22 3000 3000 3000 0 128 128 128 0 3 3
222000 224000 1 1 1 0 0 0 1 0 0 0 20 20 20 0 3000 3000 3000 0 128 128 128 0 1 1
224000 226000 1 1 1 35 0 0 2 31 0 0 25 25 25 0 3000 3000 3000 0 128 128 128 0 1 1
226000 228000 2 2 2 0 0 0 2 0 0 0 18 17 18 0 3000 3000 3000 0 128 128 128 0 1 1
228000 230000 3 3 3 0 0 0 3 0 0 0 25 25 25 0 3000 3000 3000 0 128 128 128 0 1 1
230000 232000 10 10 19 12631 0 0 22 883 0 0 207 15 67 82 3000 3000 3000 0 128 128 128 0 1 1
232000 234000 0 0 0 0 0 0 0 0 0 0 0 0 0 0 0 0 0 0 0 0 0 0 0 0
234000 236000 10 10 10 0 0 0 10 0 0 0 16 14 15 0 3000 3000 3000 0 128 128 128 0 1 1
236000 238000 4 4 5 0 0 0 6 39 0 0 175 23 61 75 3000 3000 3000 0 128 128 128 0 2 1
238000 240000 1 1 1 0 0 0 1 0 0 0 15 15 15 0 0 0 0 0 128 128 128 0 0 1
240000 242000 8 8 17 12753 0 0 22 1462 0 0 256 4 133 101 3000 3000 3000 0 128 128 128 0 1 1
242000 244000 8 8 119 4375 0 0 185 211490 0 0 858 17 270 300 3000 3000 3000 0 128 128 128 0 1 1
244000 246000 8 8 13 535 55 29218 16 11782 72 32209 467 14 232 161 3000 3000 3000 0 128 128 128 0 2 1
246000 248000 1 1 1 0 0 0 1 21 0 0 16 16 16 0 0 0 0 0 128 128 128 0 0 1
248000 250000 5 5 56 112039 0 0 92 1296 0 0 453 17 161 176 3000 3000 3000 0 128 128 128 0 1 2
250000 252000 8 8 38 30624 0 0 49 7778 0 0 724 115 282 195 3000 3000 3000 0 128 128 128 0 2 1
252000 254000 0 0 0 0 0 0 0 0 0 0 0 0 0 0 0 0 0 0 0 0 0 0 0 0
254000 256000 1 1 1 35 0 0 2 31 0 0 97 97 97 0 3000 3000 3000 0 128 128 128 0 1 1
256000 258000 1 1 1 0 0 0 1 0 0 0 15 15 15 0 3000 3000 3000 0 128 128 128 0 1 1
258000 260000 0 0 0 0 0 0 0 0 0 0 0 0 0 0 0 0 0 0 0 0 0 0 0 0
260000 262000 3 3 12 12429 0 0 15 921 0 0 336 68 216 136 3000 3000 3000 0 128 128 128 0 1 1
262000 264000 2 2 19 7704 0 0 28 10395 0 0 620 129 375 347 3000 3000 3000 0 128 128 128 0 1 1
264000 266000 0 0 0 0 0 0 0 0 0 0 0 0 0 0 0 0 0 0 0 0 0 0 0 0
266000 268000 0 0 0 0 0 0 0 0 0 0 0 0 0 0 0 0 0 0 0 0 0 0 0 0
268000 270000 0 0 0 0 0 0 0 0 0 0 0 0 0 0 0 0 0 0 0 0 0 0 0 0
270000 272000 2 2 10 10317 0 0 13 863 0 0 251 244 247 5 3000 3000 3000 0 128 128 128 0 1 1
272000 274000 5 5 3 35 21 13163 4 97 27 14983 892 51 310 354 3000 3000 3000 0 128 128 128 0 1 1
274000 276000 3 3 2 0 0 0 2 10 0 0 17 9 14 4 3000 3000 3000 0 128 128 128 0 1 1
276000 278000 2 2 2 0 0 0 2 0 0 0 34 30 32 2 3000 3000 3000 0 128 128 128 0 1 1
278000 280000 1 1 1 35 0 0 2 31 0 0 15 15 15 0 3000 3000 3000 0 128 128 128 0 1 1
280000 282000 10 10 17 11841 0 0 20 1295 0 0 283 15 83 102 3000 3000 3000 0 128 128 128 0 1 1
282000 284000 1 1 1 0 0 0 1 0 0 0 24 24 24 0 3000 3000 3000 0 128 128 128 0 1 1
284000 286000 2 2 4 35 0 0 5 70 0 0 170 17 93 108 3000 3000 3000 0 128 128 128 0 1 1
286000 288000 0 0 0 0 0 0 0 0 0 0 0 0 0 0 0 0 0 0 0 0 0 0 0 0
288000 290000 1 1 1 0 0 0 1 0 0 0 55 55 55 0 3000 3000 3000 0 128 128 128 0 1 1
290000 292000 5 5 14 16229 0 0 18 1388 0 0 274 104 190 80 3000 3000 3000 0 128 128 128 0 1 1
292000 294000 0 0 0 0 0 0 0 0 0 0 0 0 0 0 0 0 0 0 0 0 0 0 0 0
294000 296000 1 1 1 0 0 0 1 0 0 0 15 15 15 0 3000 3000 3000 0 128 128 128 0 2 1
296000 298000 0 0 0 0 0 0 0 0 0 0 0 0 0 0 0 0 0 0 0 0 0 0 0 0
298000 300000 0 0 0 0 0 0 0 0 0 0 0 0 0 0 0 0 0 0 0 0 0 0 0 0
300000 302000 0 0 0 0 0 0 0 0 0 0 0 0 0 0 0 0 0 0 0 0 0 0 0 0
