ts te nbins ncons c_pkts_all c_bytes_all s_pkts_all s_bytes_all max_bin_duration min_bin_duration avg_bin_duration std_bin_duration max_video_rate min_video_rate avg_video_rate std_video_rate max_audio_rate min_audio_rate avg_audio_rate std_audio_rate video_reqs audio_reqs media_reqs
0.0 1000.0 0 0 0.0 0.0 0.0 0.0 0.0 0.0 0.0 0.0 0.0 0.0 0.0 0.0 0.0 0.0 0.0 0.0 0 0 
1000.0 2000.0 0 0 0.0 0.0 0.0 0.0 0.0 0.0 0.0 0.0 0.0 0.0 0.0 0.0 0.0 0.0 0.0 0.0 0 0 
2000.0 3000.0 0 0 0.0 0.0 0.0 0.0 0.0 0.0 0.0 0.0 0.0 0.0 0.0 0.0 0.0 0.0 0.0 0.0 0 0 
3000.0 4000.0 0 0 0.0 0.0 0.0 0.0 0.0 0.0 0.0 0.0 0.0 0.0 0.0 0.0 0.0 0.0 0.0 0.0 0 0 
4000.0 5000.0 0 0 0.0 0.0 0.0 0.0 0.0 0.0 0.0 0.0 0.0 0.0 0.0 0.0 0.0 0.0 0.0 0.0 0 0 
5000.0 6000.0 1 1 350.0458604993941 27194.794831561143 1458.8481755551886 2080852.474090764 388.501953125 388.501953125 388.501953125 0.0 4400.0 4400.0 4400.0 0.0 128.0 128.0 128.0 0.0 2 3 1.0
6000.0 7000.0 2 1 710.4397713144913 52900.240518575934 3194.5875503296993 4557567.327330462 611.4820468749967 388.466064453125 499.97405566406087 157.6961134834854 4400.0 4400.0 4400.0 0.0 128.0 128.0 128.0 0.0 6 5 0.0
7000.0 8000.0 2 1 190.4574065095288 12149.730258764974 1143.0325718490458 1636332.4823707405 342.25693554687314 218.427978515625 280.34245703124907 87.56029522405318 4400.0 4400.0 4400.0 0.0 128.0 128.0 128.0 0.0 1 1 1.0
8000.0 9000.0 1 1 57.05696167658578 3717.234391097939 401.53170226606625 578607.716208034 249.54102148441598 249.54102148441598 249.54102148441598 0.0 0.0 0.0 0.0 0.0 0.0 0.0 0.0 0.0 0 0 0.0
9000.0 10000.0 1 1 76.64259629176807 5106.90836533962 616.604842482925 887484.8923011121 218.986083984375 218.986083984375 218.986083984375 0.0 8000.0 8000.0 8000.0 0.0 128.0 128.0 128.0 0.0 2 2 1.0
10000.0 11000.0 1 1 100.35740370823191 6687.09163466038 807.3951575170748 1162091.1076988878 286.74491601565387 286.74491601565387 286.74491601565387 0.0 0.0 0.0 0.0 0.0 0.0 0.0 0.0 0.0 0 0 0.0
11000.0 12000.0 1 1 89.71070227478967 5129.426444582732 798.2323240041769 1138647.7831511279 219.116943359375 219.116943359375 219.116943359375 0.0 8000.0 8000.0 8000.0 0.0 128.0 128.0 128.0 0.0 1 1 1.0
12000.0 13000.0 1 1 96.28929772521035 5505.573555417269 856.7676759958232 1222146.2168488721 235.18505664065015 235.18505664065015 235.18505664065015 0.0 0.0 0.0 0.0 0.0 0.0 0.0 0.0 0.0 0 0 0.0
13000.0 14000.0 1 1 98.66970219443539 6103.525833616067 925.8157163350213 1334608.4912372988 219.535888671875 219.535888671875 219.535888671875 0.0 8000.0 8000.0 8000.0 0.0 128.0 128.0 128.0 0.0 1 1 1.0
14000.0 15000.0 1 1 42.33029780556461 2618.4741663839327 397.1842836649786 572560.5087627011 94.18311132810777 94.18311132810777 94.18311132810777 0.0 0.0 0.0 0.0 0.0 0.0 0.0 0.0 0.0 0 0 0.0
15000.0 16000.0 1 1 75.854351004195 4502.854007308233 693.1690364791241 994716.5309352941 217.381103515625 217.381103515625 217.381103515625 0.0 8000.0 8000.0 8000.0 0.0 128.0 128.0 128.0 0.0 1 1 1.0
16000.0 17000.0 1 1 76.145648995805 4520.145992691767 695.830963520876 998536.469064706 218.21589648438385 218.21589648438385 218.21589648438385 0.0 0.0 0.0 0.0 0.0 0.0 0.0 0.0 0.0 0 0 0.0
17000.0 18000.0 1 1 96.36169810527134 5784.052171635922 898.9841347625924 1294758.0808781793 217.971923828125 217.971923828125 217.971923828125 0.0 8000.0 8000.0 8000.0 0.0 128.0 128.0 128.0 0.0 1 1 1.0
18000.0 19000.0 1 1 67.63830189472866 4059.9478283640788 631.0158652374076 908817.9191218207 152.99907617189456 152.99907617189456 152.99907617189456 0.0 0.0 0.0 0.0 0.0 0.0 0.0 0.0 0.0 0 0 0.0
19000.0 20000.0 1 1 97.1563072729275 6122.319423456144 858.9500802083818 1232660.3440684357 218.8740234375 218.8740234375 218.8740234375 0.0 8000.0 8000.0 8000.0 0.0 128.0 128.0 128.0 0.0 1 1 1.0
20000.0 21000.0 1 1 34.843692727072494 2195.680576543856 308.0499197916182 442075.6559315642 78.49597656249534 78.49597656249534 78.49597656249534 0.0 0.0 0.0 0.0 0.0 0.0 0.0 0.0 0.0 0 0 0.0
21000.0 22000.0 1 1 87.24982336007183 5513.934092346729 764.8688894558121 1095052.1534714766 219.402099609375 219.402099609375 219.402099609375 0.0 8000.0 8000.0 8000.0 0.0 128.0 128.0 128.0 0.0 1 1 1.0
22000.0 23000.0 1 1 49.75017663992818 3144.065907653271 436.1311105441879 624402.8465285234 125.10390039061895 125.10390039061895 125.10390039061895 0.0 0.0 0.0 0.0 0.0 0.0 0.0 0.0 0.0 0 0 0.0
23000.0 24000.0 1 1 84.07608975152132 5270.149823086558 795.1703418048812 1142688.2012602908 218.924072265625 218.924072265625 218.924072265625 0.0 8000.0 8000.0 8000.0 0.0 128.0 128.0 128.0 0.0 1 1 1.0
24000.0 25000.0 1 1 57.92391024847869 3630.8501769134423 547.8296581951189 787250.7987397093 150.8269277344225 150.8269277344225 150.8269277344225 0.0 0.0 0.0 0.0 0.0 0.0 0.0 0.0 0.0 0 0 0.0
25000.0 26000.0 1 1 79.75255219854972 4925.273935428491 726.6343644756753 1039699.131270906 218.556884765625 218.556884765625 218.556884765625 0.0 8000.0 8000.0 8000.0 0.0 128.0 128.0 128.0 0.0 1 1 1.0
26000.0 27000.0 1 1 64.24744780145026 3967.7260645715082 585.3656355243246 837565.8687290939 176.06611523439642 176.06611523439642 176.06611523439642 0.0 0.0 0.0 0.0 0.0 0.0 0.0 0.0 0.0 0 0 0.0
27000.0 28000.0 1 1 4.0 848.0 5.0 3539.0 53.570999999996275 53.570999999996275 53.570999999996275 0.0 0.0 0.0 0.0 0.0 0.0 0.0 0.0 0.0 0 0 1.0
28000.0 29000.0 0 0 0.0 0.0 0.0 0.0 0.0 0.0 0.0 0.0 0.0 0.0 0.0 0.0 0.0 0.0 0.0 0.0 0 0 
29000.0 30000.0 1 1 237.20796012142264 16812.581854915217 1095.4966991096617 1558484.7330213576 218.783935546875 218.783935546875 218.783935546875 0.0 8000.0 8000.0 8000.0 0.0 128.0 128.0 128.0 0.0 2 2 1.0
30000.0 31000.0 1 1 396.7920398785774 28123.418145084783 1832.5033008903383 2606971.2669786424 365.97306445310824 365.97306445310824 365.97306445310824 0.0 0.0 0.0 0.0 0.0 0.0 0.0 0.0 0.0 0 0 0.0
31000.0 32000.0 1 1 74.85791423165522 4625.486224831507 645.4532045288873 933581.3164065282 218.513916015625 218.513916015625 218.513916015625 0.0 8000.0 8000.0 8000.0 0.0 128.0 128.0 128.0 0.0 1 1 1.0
32000.0 33000.0 1 1 68.14208576834478 4210.513775168493 587.5467954711128 849825.6835934719 198.91008398437407 198.91008398437407 198.91008398437407 0.0 0.0 0.0 0.0 0.0 0.0 0.0 0.0 0.0 0 0 0.0
33000.0 34000.0 1 1 115.23799642996282 7235.2999187098085 1003.5836502279728 1447020.7268420788 219.320068359375 219.320068359375 219.320068359375 0.0 8000.0 8000.0 8000.0 0.0 128.0 128.0 128.0 0.0 1 1 1.0
34000.0 35000.0 1 1 66.7620035700372 4191.700081290192 581.4163497720272 838317.2731579212 127.06093164061895 127.06093164061895 127.06093164061895 0.0 0.0 0.0 0.0 0.0 0.0 0.0 0.0 0.0 0 0 0.0
35000.0 36000.0 1 1 106.73247967710239 6561.66811365218 959.2326676712833 1378604.975063958 217.537109375 217.537109375 217.537109375 0.0 8000.0 8000.0 8000.0 0.0 128.0 128.0 128.0 0.0 1 1 1.0
36000.0 37000.0 1 1 50.2675203228976 3090.33188634782 451.7673323287167 649278.0249360418 102.45289062499069 102.45289062499069 102.45289062499069 0.0 0.0 0.0 0.0 0.0 0.0 0.0 0.0 0.0 0 0 0.0
37000.0 38000.0 1 1 101.39779056416472 6386.871388644265 836.7547878227552 1186524.8309256067 220.095947265625 220.095947265625 220.095947265625 0.0 8000.0 8000.0 8000.0 0.0 128.0 128.0 128.0 0.0 2 2 1.0
38000.0 39000.0 1 1 239.60220943583525 15092.128611355734 1977.2452121772446 2803749.1690743933 520.0850527344155 520.0850527344155 520.0850527344155 0.0 0.0 0.0 0.0 0.0 0.0 0.0 0.0 0.0 0 0 0.0
39000.0 40000.0 1 1 84.51679578721942 5190.967070285993 747.5646904792118 1074447.3025623641 217.7392578125 217.7392578125 217.7392578125 0.0 8000.0 8000.0 8000.0 0.0 128.0 128.0 128.0 0.0 1 1 1.0
40000.0 41000.0 1 1 70.48320421278056 4329.032929714007 623.4353095207881 896040.6974376359 181.58474218752235 181.58474218752235 181.58474218752235 0.0 0.0 0.0 0.0 0.0 0.0 0.0 0.0 0.0 0 0 0.0
41000.0 42000.0 1 1 87.26329037464255 5544.475031714229 808.813482427657 1162410.8472115577 219.572021484375 219.572021484375 219.572021484375 0.0 8000.0 8000.0 8000.0 0.0 128.0 128.0 128.0 0.0 1 1 1.0
42000.0 43000.0 1 1 46.73670962535744 2969.5249682857702 433.18651757234284 622567.1527884423 117.59897851559799 117.59897851559799 117.59897851559799 0.0 0.0 0.0 0.0 0.0 0.0 0.0 0.0 0.0 0 0 0.0
43000.0 44000.0 1 1 2.0 753.0 5.0 3560.0 48.93300000001909 48.93300000001909 48.93300000001909 0.0 0.0 0.0 0.0 0.0 0.0 0.0 0.0 0.0 0 0 1.0
44000.0 45000.0 0 0 0.0 0.0 0.0 0.0 0.0 0.0 0.0 0.0 0.0 0.0 0.0 0.0 0.0 0.0 0.0 0.0 0 0 
45000.0 46000.0 1 1 212.36045682972733 14401.655256197178 1091.8097400050112 1563501.939854005 219.123291015625 219.123291015625 219.123291015625 0.0 8000.0 8000.0 8000.0 0.0 128.0 128.0 128.0 0.0 2 2 1.0
46000.0 47000.0 1 1 339.63954317027265 23033.34474380282 1746.1902599949888 2500593.060145995 350.455708984402 350.455708984402 350.455708984402 0.0 0.0 0.0 0.0 0.0 0.0 0.0 0.0 0.0 0 0 0.0
47000.0 48000.0 1 1 71.62264213920791 4291.646293089838 638.012738565214 921023.6770416752 218.7548828125 218.7548828125 218.7548828125 0.0 8000.0 8000.0 8000.0 0.0 128.0 128.0 128.0 0.0 1 1 1.0
48000.0 49000.0 1 1 91.3773578607921 5475.353706910162 813.9872614347861 1175057.322958325 279.09111718751956 279.09111718751956 279.09111718751956 0.0 0.0 0.0 0.0 0.0 0.0 0.0 0.0 0.0 0 0 0.0
49000.0 50000.0 1 1 84.84061057991038 5203.875203996974 777.3878418867068 1120230.6557706995 217.8940429686918 217.8940429686918 217.8940429686918 0.0 8000.0 8000.0 8000.0 0.0 128.0 128.0 128.0 0.0 1 1 1.0
50000.0 51000.0 1 1 93.15938942008962 5714.124796003025 853.612158113293 1230071.3442293005 239.25895703118294 239.25895703118294 239.25895703118294 0.0 0.0 0.0 0.0 0.0 0.0 0.0 0.0 0.0 0 0 0.0
51000.0 52000.0 1 1 91.54917584982799 5651.675420807239 848.316064530549 1219485.5527089767 218.282958984375 218.282958984375 218.282958984375 0.0 8000.0 8000.0 8000.0 0.0 128.0 128.0 128.0 0.0 1 1 1.0
52000.0 53000.0 1 1 62.450824150172004 3855.3245791927616 578.683935469451 831879.4472910233 148.90304101561196 148.90304101561196 148.90304101561196 0.0 0.0 0.0 0.0 0.0 0.0 0.0 0.0 0.0 0 0 0.0
53000.0 54000.0 1 1 60.56351548426983 3926.7086203206327 541.9390437299318 773185.1646284736 218.830078125 218.830078125 218.830078125 0.0 8000.0 8000.0 8000.0 0.0 128.0 128.0 128.0 0.0 1 1 1.0
54000.0 55000.0 1 1 55.43648451573017 3594.2913796793673 496.06095627006823 707730.8353715264 200.3049218750093 200.3049218750093 200.3049218750093 0.0 0.0 0.0 0.0 0.0 0.0 0.0 0.0 0.0 0 0 0.0
55000.0 56000.0 1 1 84.70923096490188 5203.935987630405 738.1066527368585 1057478.0151443728 219.741943359375 219.741943359375 219.741943359375 0.0 8000.0 8000.0 8000.0 0.0 128.0 128.0 128.0 0.0 1 1 1.0
56000.0 57000.0 1 1 79.29076903509812 4871.064012369595 690.8933472631415 989835.9848556273 205.68605664063944 205.68605664063944 205.68605664063944 0.0 0.0 0.0 0.0 0.0 0.0 0.0 0.0 0.0 0 0 0.0
57000.0 58000.0 1 1 82.03538093828523 5068.409724403846 776.7545859471203 1114046.7835558318 219.2260742186918 219.2260742186918 219.2260742186918 0.0 8000.0 8000.0 8000.0 0.0 128.0 128.0 128.0 0.0 1 1 1.0
58000.0 59000.0 1 1 60.96461906171477 3766.590275596154 577.2454140528797 827904.2164441682 162.91792578122113 162.91792578122113 162.91792578122113 0.0 0.0 0.0 0.0 0.0 0.0 0.0 0.0 0.0 0 0 0.0
59000.0 60000.0 1 1 91.47748472324704 5532.100888638364 764.408731718633 1080548.0581108206 219.1240234375 219.1240234375 219.1240234375 0.0 8000.0 8000.0 8000.0 0.0 128.0 128.0 128.0 0.0 1 1 1.0
60000.0 61000.0 1 1 68.52251527675296 4143.899111361636 572.591268281367 809399.9418891794 164.1379765624879 164.1379765624879 164.1379765624879 0.0 0.0 0.0 0.0 0.0 0.0 0.0 0.0 0.0 0 0 0.0
61000.0 62000.0 1 1 2.0 753.0 5.0 3542.0 61.2050000000163 61.2050000000163 61.2050000000163 0.0 0.0 0.0 0.0 0.0 0.0 0.0 0.0 0.0 0 0 1.0
62000.0 63000.0 0 0 0.0 0.0 0.0 0.0 0.0 0.0 0.0 0.0 0.0 0.0 0.0 0.0 0.0 0.0 0.0 0.0 0 0 
63000.0 64000.0 1 1 239.76678778039445 16344.425488176938 1113.6179561690371 1601045.6304939042 220.3081054686918 220.3081054686918 220.3081054686918 0.0 8000.0 8000.0 8000.0 0.0 128.0 128.0 128.0 0.0 2 2 1.0
64000.0 65000.0 1 1 379.2332122196056 25851.574511823066 1761.382043830963 2532334.369506096 348.4558945312747 348.4558945312747 348.4558945312747 0.0 0.0 0.0 0.0 0.0 0.0 0.0 0.0 0.0 0 0 0.0
65000.0 66000.0 1 1 2.0 753.0 5.0 3525.0 71.8180000000284 71.8180000000284 71.8180000000284 0.0 0.0 0.0 0.0 0.0 0.0 0.0 0.0 0.0 0 0 1.0
66000.0 67000.0 0 0 0.0 0.0 0.0 0.0 0.0 0.0 0.0 0.0 0.0 0.0 0.0 0.0 0.0 0.0 0.0 0.0 0 0 
67000.0 68000.0 1 1 169.5383054142013 11337.161513556379 894.802171230351 1293629.4821070675 214.2373046875 214.2373046875 214.2373046875 0.0 8000.0 8000.0 8000.0 0.0 128.0 128.0 128.0 0.0 2 2 1.0
68000.0 69000.0 1 1 395.46169458579874 26444.838486443623 2087.1978287696493 3017494.5178929325 499.7256953124888 499.7256953124888 499.7256953124888 0.0 0.0 0.0 0.0 0.0 0.0 0.0 0.0 0.0 0 0 0.0
69000.0 70000.0 1 1 57.47133152931149 3793.8690906236884 444.1658536073279 641559.3247489064 219.347900390625 219.347900390625 219.347900390625 0.0 8000.0 8000.0 8000.0 0.0 128.0 128.0 128.0 0.0 1 1 1.0
70000.0 71000.0 1 1 93.5286684706885 6174.130909376311 722.8341463926721 1044071.6752510936 356.96609960938804 356.96609960938804 356.96609960938804 0.0 0.0 0.0 0.0 0.0 0.0 0.0 0.0 0.0 0 0 0.0
71000.0 72000.0 1 1 123.61088260001395 7689.692184022388 1049.9101547418907 1514628.3972660762 216.840087890625 216.840087890625 216.840087890625 0.0 8000.0 8000.0 8000.0 0.0 128.0 128.0 128.0 0.0 1 1 1.0
72000.0 73000.0 1 1 34.38911739998604 2139.307815977613 292.0898452581093 421376.60273392394 60.32591210940154 60.32591210940154 60.32591210940154 0.0 0.0 0.0 0.0 0.0 0.0 0.0 0.0 0.0 0 0 0.0
73000.0 74000.0 1 1 110.6620172677762 6847.689309897392 974.3345428404203 1405747.237215821 218.906005859375 218.906005859375 218.906005859375 0.0 8000.0 8000.0 8000.0 0.0 128.0 128.0 128.0 0.0 1 1 1.0
74000.0 75000.0 1 1 63.3379827322238 3919.310690102607 557.6654571595797 804586.7627841791 125.29199414059985 125.29199414059985 125.29199414059985 0.0 0.0 0.0 0.0 0.0 0.0 0.0 0.0 0.0 0 0 0.0
75000.0 76000.0 1 1 116.66435240495613 7437.352465815954 1062.9418774673782 1534180.9554602618 218.013916015625 218.013916015625 218.013916015625 0.0 8000.0 8000.0 8000.0 0.0 128.0 128.0 128.0 0.0 1 1 1.0
76000.0 77000.0 1 1 63.33564759504386 4037.6475341840464 577.0581225326218 832888.0445397382 118.35708398441784 118.35708398441784 118.35708398441784 0.0 0.0 0.0 0.0 0.0 0.0 0.0 0.0 0.0 0 0 0.0
77000.0 78000.0 1 1 61.449068008038765 4534.29438669844 517.4658358571686 745340.002080558 219.179931640625 219.179931640625 219.179931640625 0.0 8000.0 8000.0 8000.0 0.0 128.0 128.0 128.0 0.0 1 1 1.0
78000.0 79000.0 1 1 90.55093199196125 6681.705613301561 762.5341641428315 1098327.9979194421 322.9820683593862 322.9820683593862 322.9820683593862 0.0 0.0 0.0 0.0 0.0 0.0 0.0 0.0 0.0 0 0 0.0
79000.0 80000.0 1 1 54.6822923003702 3549.7921418323654 433.81285224960357 621405.9242152536 218.470947265625 218.470947265625 218.470947265625 0.0 8000.0 8000.0 8000.0 0.0 128.0 128.0 128.0 0.0 1 1 1.0
80000.0 81000.0 1 1 125.3177076996298 8135.207858167635 994.1871477503965 1424102.0757847466 500.6790527343983 500.6790527343983 500.6790527343983 0.0 0.0 0.0 0.0 0.0 0.0 0.0 0.0 0.0 0 0 0.0
81000.0 82000.0 1 1 104.84228946112341 6530.975684831581 930.3005818183684 1341942.1639809809 219.1259765625 219.1259765625 219.1259765625 0.0 8000.0 8000.0 8000.0 0.0 128.0 128.0 128.0 0.0 1 1 1.0
82000.0 83000.0 1 1 45.15771053887658 2813.0243151684185 400.69941818163153 578001.836019019 94.38202343747253 94.38202343747253 94.38202343747253 0.0 0.0 0.0 0.0 0.0 0.0 0.0 0.0 0.0 0 0 0.0
83000.0 84000.0 1 1 210.1076111769106 14472.38441307774 1106.0972379834755 1572214.9088208422 219.200927734375 219.200927734375 219.200927734375 0.0 8000.0 8000.0 8000.0 0.0 128.0 128.0 128.0 0.0 2 2 1.0
84000.0 85000.0 1 1 326.8923888230894 22516.615586922257 1720.9027620165245 2446104.0911791576 341.040072265605 341.040072265605 341.040072265605 0.0 0.0 0.0 0.0 0.0 0.0 0.0 0.0 0.0 0 0 0.0
85000.0 86000.0 1 1 2.0 753.0 5.0 3569.0 64.19499999994878 64.19499999994878 64.19499999994878 0.0 0.0 0.0 0.0 0.0 0.0 0.0 0.0 0.0 0 0 1.0
86000.0 87000.0 0 0 0.0 0.0 0.0 0.0 0.0 0.0 0.0 0.0 0.0 0.0 0.0 0.0 0.0 0.0 0.0 0.0 0 0 
87000.0 88000.0 1 1 178.18452726763974 12589.85050475417 1026.788338379774 1477622.2912637577 217.25 217.25 217.25 0.0 8000.0 8000.0 8000.0 0.0 128.0 128.0 128.0 0.0 2 2 1.0
88000.0 89000.0 1 1 301.81547273236026 21325.14949524583 1739.211661620226 2502850.7087362423 367.9859999999753 367.9859999999753 367.9859999999753 0.0 0.0 0.0 0.0 0.0 0.0 0.0 0.0 0.0 0 0 0.0
89000.0 90000.0 1 1 49.285535556471054 3071.2496486029113 422.069418590987 608025.067347178 219.489990234375 219.489990234375 219.489990234375 0.0 8000.0 8000.0 8000.0 0.0 128.0 128.0 128.0 0.0 1 1 1.0
90000.0 91000.0 1 1 99.71446444352894 6213.750351397089 853.9305814090129 1230155.932652822 444.07200976560125 444.07200976560125 444.07200976560125 0.0 0.0 0.0 0.0 0.0 0.0 0.0 0.0 0.0 0 0 0.0
91000.0 92000.0 1 1 95.32627589970207 6164.432508180734 871.1762436389439 1253218.0075142882 217.7299804686918 217.7299804686918 217.7299804686918 0.0 8000.0 8000.0 8000.0 0.0 128.0 128.0 128.0 0.0 1 1 1.0
92000.0 93000.0 1 1 84.67372410029795 5475.567491819267 773.8237563610562 1113172.992485712 193.39901953126537 193.39901953126537 193.39901953126537 0.0 0.0 0.0 0.0 0.0 0.0 0.0 0.0 0.0 0 0 0.0
93000.0 94000.0 1 1 60.46675277422432 3711.728362602385 534.5105902285599 764998.6111896051 220.1059570311918 220.1059570311918 220.1059570311918 0.0 8000.0 8000.0 8000.0 0.0 128.0 128.0 128.0 0.0 1 1 1.0
94000.0 95000.0 1 1 95.5332472257757 5864.271637397615 844.4894097714403 1208644.388810395 347.75204296881566 347.75204296881566 347.75204296881566 0.0 0.0 0.0 0.0 0.0 0.0 0.0 0.0 0.0 0 0 0.0
95000.0 96000.0 1 1 74.84809461064732 4748.637213713534 652.5488811829675 930924.2309184418 217.800048828125 217.800048828125 217.800048828125 0.0 8000.0 8000.0 8000.0 0.0 128.0 128.0 128.0 0.0 1 1 1.0
96000.0 97000.0 1 1 67.15190538935268 4260.362786286466 585.4511188170325 835202.7690815582 195.4049511718913 195.4049511718913 195.4049511718913 0.0 0.0 0.0 0.0 0.0 0.0 0.0 0.0 0.0 0 0 0.0
97000.0 98000.0 1 1 107.18507213337641 6577.265790002643 855.6535587920106 1221907.9953022161 218.85791015625 218.85791015625 218.85791015625 0.0 8000.0 8000.0 8000.0 0.0 128.0 128.0 128.0 0.0 1 1 1.0
98000.0 99000.0 1 1 68.81492786662358 4222.734209997356 549.3464412079893 784489.0046977837 140.51108984375605 140.51108984375605 140.51108984375605 0.0 0.0 0.0 0.0 0.0 0.0 0.0 0.0 0.0 0 0 0.0
99000.0 100000.0 1 1 119.96039957939087 6961.03540892632 803.6236027378637 1085679.381504466 219.152099609375 219.152099609375 219.152099609375 0.0 8000.0 8000.0 8000.0 0.0 128.0 128.0 128.0 0.0 1 1 1.0
100000.0 101000.0 1 1 96.03960042060913 5572.96459107368 643.3763972621363 869188.618495534 175.45190039061708 175.45190039061708 175.45190039061708 0.0 0.0 0.0 0.0 0.0 0.0 0.0 0.0 0.0 0 0 0.0
101000.0 102000.0 1 1 77.0059972896514 4827.983602223334 683.7937607429171 984245.3310414638 218.702880859375 218.702880859375 218.702880859375 0.0 8000.0 8000.0 8000.0 0.0 128.0 128.0 128.0 0.0 1 1 1.0
102000.0 103000.0 1 1 80.99400271034861 5078.016397776667 719.2062392570829 1035217.6689585363 230.02911914064316 230.02911914064316 230.02911914064316 0.0 0.0 0.0 0.0 0.0 0.0 0.0 0.0 0.0 0 0 0.0
103000.0 104000.0 1 1 61.629789621971334 3795.6480129604406 548.6918845737932 789485.4488488592 217.007080078125 217.007080078125 217.007080078125 0.0 8000.0 8000.0 8000.0 0.0 128.0 128.0 128.0 0.0 1 1 1.0
104000.0 105000.0 1 1 103.37021037802867 6366.35198703956 920.3081154262068 1324185.5511511408 363.9809199218871 363.9809199218871 363.9809199218871 0.0 0.0 0.0 0.0 0.0 0.0 0.0 0.0 0.0 0 0 0.0
105000.0 106000.0 1 1 106.79321621524603 6329.437043729303 891.3355588021093 1260321.6326895922 220.1533203125 220.1533203125 220.1533203125 0.0 8000.0 8000.0 8000.0 0.0 128.0 128.0 128.0 0.0 1 1 1.0
106000.0 107000.0 1 1 72.20678378475397 4279.562956270697 602.6644411978907 852149.3673104078 148.85367968748324 148.85367968748324 148.85367968748324 0.0 0.0 0.0 0.0 0.0 0.0 0.0 0.0 0.0 0 0 0.0
107000.0 108000.0 1 1 89.78473240235766 5465.645584993523 717.8102304042657 1019038.4752429903 220.7451171875 220.7451171875 220.7451171875 0.0 8000.0 8000.0 8000.0 0.0 128.0 128.0 128.0 0.0 1 1 1.0
108000.0 109000.0 1 1 102.21526759764232 6222.354415006476 817.1897695957342 1160122.5247570097 251.30688281252515 251.30688281252515 251.30688281252515 0.0 0.0 0.0 0.0 0.0 0.0 0.0 0.0 0.0 0 0 0.0
109000.0 110000.0 1 1 48.82367428046655 3137.0142474708928 420.40537853714704 604453.8590833409 216.769287109375 216.769287109375 216.769287109375 0.0 8000.0 8000.0 8000.0 0.0 128.0 128.0 128.0 0.0 1 1 1.0
110000.0 111000.0 1 1 82.17632571953347 5279.985752529108 707.594621462853 1017371.1409166591 364.84971289057285 364.84971289057285 364.84971289057285 0.0 0.0 0.0 0.0 0.0 0.0 0.0 0.0 0.0 0 0 0.0
111000.0 112000.0 1 1 79.20615539560944 4844.446479383963 721.7660910424911 1038415.4690061162 220.264892578125 220.264892578125 220.264892578125 0.0 8000.0 8000.0 8000.0 0.0 128.0 128.0 128.0 0.0 1 1 1.0
112000.0 113000.0 1 1 80.79384460439056 4941.553520616037 736.2339089575089 1059230.530993884 224.68010742188198 224.68010742188198 224.68010742188198 0.0 0.0 0.0 0.0 0.0 0.0 0.0 0.0 0.0 0 0 0.0
113000.0 114000.0 1 1 103.6795598596463 6453.227127060278 961.5123513098408 1385907.7899215678 218.318115234375 218.318115234375 218.318115234375 0.0 8000.0 8000.0 8000.0 0.0 128.0 128.0 128.0 0.0 1 1 1.0
114000.0 115000.0 1 1 53.32044014035369 3318.7728729397213 494.48764869015906 712746.210078432 112.27688476559706 112.27688476559706 112.27688476559706 0.0 0.0 0.0 0.0 0.0 0.0 0.0 0.0 0.0 0 0 0.0
115000.0 116000.0 1 1 69.10734741488322 4314.127790826166 641.275532629284 921993.1348243626 217.552978515625 217.552978515625 217.552978515625 0.0 8000.0 8000.0 8000.0 0.0 128.0 128.0 128.0 0.0 1 1 1.0
116000.0 117000.0 1 1 66.89265258511678 4175.872209173834 620.724467370716 892445.8651756374 210.58102148439502 210.58102148439502 210.58102148439502 0.0 0.0 0.0 0.0 0.0 0.0 0.0 0.0 0.0 0 0 0.0
117000.0 118000.0 1 1 4.0 847.0 5.0 3592.0 54.25099999998929 54.25099999998929 54.25099999998929 0.0 0.0 0.0 0.0 0.0 0.0 0.0 0.0 0.0 0 0 1.0
118000.0 119000.0 0 0 0.0 0.0 0.0 0.0 0.0 0.0 0.0 0.0 0.0 0.0 0.0 0.0 0.0 0.0 0.0 0.0 0 0 
119000.0 120000.0 1 1 143.0234295727087 8757.30815326229 1124.871053852022 1609678.970429979 217.908935546875 217.908935546875 217.908935546875 0.0 8000.0 8000.0 8000.0 0.0 128.0 128.0 128.0 0.0 2 2 1.0
120000.0 121000.0 1 1 204.9765704272913 12550.69184673771 1612.128946147978 2306940.0295700207 312.30006445309846 312.30006445309846 312.30006445309846 0.0 0.0 0.0 0.0 0.0 0.0 0.0 0.0 0.0 0 0 0.0
121000.0 122000.0 1 1 113.1930067700157 6862.671136062599 1000.1016268887363 1444472.5242224294 219.8291015625 219.8291015625 219.8291015625 0.0 8000.0 8000.0 8000.0 0.0 128.0 128.0 128.0 0.0 1 1 1.0
122000.0 123000.0 1 1 50.8069932299843 3080.328863937402 448.8983731112637 648355.4757775706 98.6708984375 98.6708984375 98.6708984375 0.0 0.0 0.0 0.0 0.0 0.0 0.0 0.0 0.0 0 0 0.0
123000.0 124000.0 1 1 106.04956734789957 6994.6605942071155 951.1526413066272 1371066.7716545563 216.04931640625 216.04931640625 216.04931640625 0.0 8000.0 8000.0 8000.0 0.0 128.0 128.0 128.0 0.0 1 1 1.0
124000.0 125000.0 1 1 54.95043265210043 3624.339405792885 492.8473586933728 710429.2283454437 111.94768359372392 111.94768359372392 111.94768359372392 0.0 0.0 0.0 0.0 0.0 0.0 0.0 0.0 0.0 0 0 0.0
125000.0 126000.0 1 1 87.51008509448363 5308.033599012273 765.1663065448912 1093471.8764755153 220.572998046875 220.572998046875 220.572998046875 0.0 8000.0 8000.0 8000.0 0.0 128.0 128.0 128.0 0.0 1 1 1.0
126000.0 127000.0 1 1 72.48991490551637 4396.966400987727 633.8336934551088 905789.1235244848 182.71400195313618 182.71400195313618 182.71400195313618 0.0 0.0 0.0 0.0 0.0 0.0 0.0 0.0 0.0 0 0 0.0
127000.0 128000.0 1 1 107.32924207788182 6818.6924609886955 979.8356657722271 1408088.1032337574 220.427978515625 220.427978515625 220.427978515625 0.0 8000.0 8000.0 8000.0 0.0 128.0 128.0 128.0 0.0 1 1 1.0
128000.0 129000.0 1 1 39.670757922118185 2520.3075390113045 362.1643342277728 520453.8967662425 81.47402148437686 81.47402148437686 81.47402148437686 0.0 0.0 0.0 0.0 0.0 0.0 0.0 0.0 0.0 0 0 0.0
129000.0 130000.0 1 1 115.4598956703394 7136.191285064778 1067.6191686317384 1536675.7645251302 220.138916015625 220.138916015625 220.138916015625 0.0 8000.0 8000.0 8000.0 0.0 128.0 128.0 128.0 0.0 1 1 1.0
130000.0 131000.0 1 1 34.540104329660586 2134.808714935222 319.3808313682615 459700.23547486984 65.85508398438105 65.85508398438105 65.85508398438105 0.0 0.0 0.0 0.0 0.0 0.0 0.0 0.0 0.0 0 0 0.0
131000.0 132000.0 1 1 118.08671743925107 7079.210586067102 995.8059007936844 1430297.6939163047 219.238037109375 219.238037109375 219.238037109375 0.0 8000.0 8000.0 8000.0 0.0 128.0 128.0 128.0 0.0 1 2 1.0
132000.0 133000.0 1 1 216.91328256074894 13003.789413932898 1829.1940992063155 2627311.306083695 402.7179628905724 402.7179628905724 402.7179628905724 0.0 8000.0 8000.0 8000.0 0.0 0.0 0.0 0.0 0.0 1 0 0.0
133000.0 134000.0 1 1 2.0 753.0 5.0 3628.0 68.37099999998463 68.37099999998463 68.37099999998463 0.0 0.0 0.0 0.0 0.0 0.0 0.0 0.0 0.0 0 0 1.0
134000.0 135000.0 0 0 0.0 0.0 0.0 0.0 0.0 0.0 0.0 0.0 0.0 0.0 0.0 0.0 0.0 0.0 0.0 0.0 0 0 
135000.0 136000.0 1 1 85.27070426099614 5341.246888193622 775.6883419871261 1115048.6908050384 219.6259765625 219.6259765625 219.6259765625 0.0 8000.0 8000.0 8000.0 0.0 128.0 128.0 128.0 0.0 1 1 1.0
136000.0 137000.0 1 1 69.72929573900386 4367.753111806378 634.3116580128739 911820.3091949614 179.59702343749814 179.59702343749814 179.59702343749814 0.0 0.0 0.0 0.0 0.0 0.0 0.0 0.0 0.0 0 0 0.0
137000.0 138000.0 1 1 95.74202837374746 6491.823574899131 843.6864647968483 1212185.3232923748 220.4379882811918 220.4379882811918 220.4379882811918 0.0 8000.0 8000.0 8000.0 0.0 128.0 128.0 128.0 0.0 1 1 1.0
138000.0 139000.0 1 1 53.25797162625255 3611.176425100869 469.3135352031516 674296.6767076253 122.62201171880588 122.62201171880588 122.62201171880588 0.0 0.0 0.0 0.0 0.0 0.0 0.0 0.0 0.0 0 0 0.0
139000.0 140000.0 1 1 102.72980572453523 6244.372801854833 835.9868621535531 1193257.7508190703 220.03125 220.03125 220.03125 0.0 8000.0 8000.0 8000.0 0.0 128.0 128.0 128.0 0.0 1 1 1.0
140000.0 141000.0 1 1 64.27019427546476 3906.6271981451664 523.0131378464467 746530.2491809295 137.65675000002375 137.65675000002375 137.65675000002375 0.0 0.0 0.0 0.0 0.0 0.0 0.0 0.0 0.0 0 0 0.0
141000.0 142000.0 1 1 114.61850744005137 6878.451013741563 1037.599119983623 1491174.046405353 218.2309570311918 218.2309570311918 218.2309570311918 0.0 8000.0 8000.0 8000.0 0.0 128.0 128.0 128.0 0.0 1 1 1.0
142000.0 143000.0 1 1 56.38149255994862 3383.5489862584373 510.40088001637696 733516.9535946471 107.3490429688245 107.3490429688245 107.3490429688245 0.0 0.0 0.0 0.0 0.0 0.0 0.0 0.0 0.0 0 0 0.0
143000.0 144000.0 1 1 117.9954450354608 7373.587969700037 1037.9089783055501 1485516.8076324568 220.138916015625 220.138916015625 220.138916015625 0.0 8000.0 8000.0 8000.0 0.0 128.0 128.0 128.0 0.0 1 1 1.0
144000.0 145000.0 1 1 39.0045549645392 2437.4120302999627 343.0910216944499 491052.19236754323 72.76908398442902 72.76908398442902 72.76908398442902 0.0 0.0 0.0 0.0 0.0 0.0 0.0 0.0 0.0 0 0 0.0
145000.0 146000.0 1 1 101.73405927310566 6358.058786143717 914.3268597564024 1313811.556884708 220.4033203125 220.4033203125 220.4033203125 0.0 8000.0 8000.0 8000.0 0.0 128.0 128.0 128.0 0.0 1 1 1.0
146000.0 147000.0 1 1 57.26594072689433 3578.9412138562825 514.6731402435975 739542.4431152917 124.06467968749348 124.06467968749348 124.06467968749348 0.0 0.0 0.0 0.0 0.0 0.0 0.0 0.0 0.0 0 0 0.0
147000.0 148000.0 1 1 111.60843022353508 6688.533782681852 923.4268929209152 1307275.522231314 219.289306640625 219.289306640625 219.289306640625 0.0 8000.0 8000.0 8000.0 0.0 128.0 128.0 128.0 0.0 1 1 1.0
148000.0 149000.0 1 1 56.39156977646492 3379.4662173181473 466.5731070790847 660517.4777686859 110.79869335936382 110.79869335936382 110.79869335936382 0.0 0.0 0.0 0.0 0.0 0.0 0.0 0.0 0.0 0 0 0.0
149000.0 150000.0 1 1 100.47885002013139 6427.486689023624 921.0561251845377 1330544.0916788445 220.0869140625 220.0869140625 220.0869140625 0.0 8000.0 8000.0 8000.0 0.0 128.0 128.0 128.0 0.0 2 2 1.0
150000.0 151000.0 1 1 217.52114997986862 13914.513310976376 1993.9438748154623 2880421.9083211552 476.45408593752654 476.45408593752654 476.45408593752654 0.0 0.0 0.0 0.0 0.0 0.0 0.0 0.0 0.0 0 0 0.0
151000.0 152000.0 1 1 157.9039605278387 9365.224437163655 997.6359012428303 1364686.6305769142 219.847900390625 219.847900390625 219.847900390625 0.0 8000.0 8000.0 8000.0 0.0 128.0 128.0 128.0 0.0 1 1 1.0
152000.0 153000.0 1 1 81.0960394721613 4809.775562836345 512.3640987571697 700873.3694230857 112.90909960935824 112.90909960935824 112.90909960935824 0.0 0.0 0.0 0.0 0.0 0.0 0.0 0.0 0.0 0 0 0.0
153000.0 154000.0 1 1 130.4430227187281 7825.289848047261 933.1196427156539 1305379.4907684517 217.919921875 217.919921875 217.919921875 0.0 8000.0 8000.0 8000.0 0.0 128.0 128.0 128.0 0.0 1 1 1.0
154000.0 155000.0 1 1 71.55697728127191 4292.710151952738 511.8803572843461 716090.5092315482 119.54407812497811 119.54407812497811 119.54407812497811 0.0 0.0 0.0 0.0 0.0 0.0 0.0 0.0 0.0 0 0 0.0
155000.0 156000.0 1 1 92.80890205338618 5689.944510795021 839.3660449859706 1207858.2454029687 219.4130859375 219.4130859375 219.4130859375 0.0 8000.0 8000.0 8000.0 0.0 128.0 128.0 128.0 0.0 1 1 1.0
156000.0 157000.0 1 1 66.19109794661384 4058.055489204979 598.6339550140295 861441.7545970315 156.4849140624865 156.4849140624865 156.4849140624865 0.0 0.0 0.0 0.0 0.0 0.0 0.0 0.0 0.0 0 0 0.0
157000.0 158000.0 1 1 58.941108418086785 3933.336635100325 511.94562740281094 734632.9938207986 213.033935546875 213.033935546875 213.033935546875 0.0 8000.0 8000.0 8000.0 0.0 128.0 128.0 128.0 0.0 1 1 1.0
158000.0 159000.0 1 1 46.058891581913215 3073.663364899675 400.05437259718906 574071.0061792014 166.47306445310824 166.47306445310824 166.47306445310824 0.0 0.0 0.0 0.0 0.0 0.0 0.0 0.0 0.0 0 0 0.0
159000.0 160000.0 1 1 74.28011292156715 4548.504294004102 684.9138688009331 987818.9483155488 219.02490234375 219.02490234375 219.02490234375 0.0 8000.0 8000.0 8000.0 0.0 128.0 128.0 128.0 0.0 1 1 1.0
160000.0 161000.0 1 1 70.71988707843285 4330.495705995898 652.0861311990669 940473.0516844512 208.52709765627515 208.52709765627515 208.52709765627515 0.0 0.0 0.0 0.0 0.0 0.0 0.0 0.0 0.0 0 0 0.0
161000.0 162000.0 1 1 88.74036983220854 5249.067239013542 827.9129475965825 1194712.0948072795 219.092041015625 219.092041015625 219.092041015625 0.0 8000.0 8000.0 8000.0 0.0 128.0 128.0 128.0 0.0 1 1 1.0
162000.0 163000.0 1 1 90.25963016779144 5338.932760986458 842.0870524034175 1215165.9051927202 222.84295898437267 222.84295898437267 222.84295898437267 0.0 0.0 0.0 0.0 0.0 0.0 0.0 0.0 0.0 0 0 0.0
163000.0 164000.0 1 1 75.57041347145336 4730.608448558412 677.6478523788877 973960.9351217748 219.4599609375 219.4599609375 219.4599609375 0.0 8000.0 8000.0 8000.0 0.0 128.0 128.0 128.0 0.0 1 1 1.0
164000.0 165000.0 1 1 76.42958652854664 4784.391551441588 685.3521476211123 985034.0648782252 221.95503906247905 221.95503906247905 221.95503906247905 0.0 0.0 0.0 0.0 0.0 0.0 0.0 0.0 0.0 0 0 0.0
165000.0 166000.0 1 1 73.7531482713767 4537.8392528888835 700.6549085780787 1009792.7450332035 219.464111328125 219.464111328125 219.464111328125 0.0 8000.0 8000.0 8000.0 0.0 128.0 128.0 128.0 0.0 1 1 1.0
166000.0 167000.0 1 1 72.2468517286233 4445.1607471111165 686.3450914219213 989169.2549667965 214.98188867187127 214.98188867187127 214.98188867187127 0.0 0.0 0.0 0.0 0.0 0.0 0.0 0.0 0.0 0 0 0.0
167000.0 168000.0 1 1 106.54916122340708 6721.729942322367 966.5531053837643 1390829.5821790593 220.3588867186918 220.3588867186918 220.3588867186918 0.0 8000.0 8000.0 8000.0 0.0 128.0 128.0 128.0 0.0 1 1 1.0
168000.0 169000.0 1 1 33.450838776592924 2110.2700576776333 303.4468946162358 436647.4178209407 69.18111328122905 69.18111328122905 69.18111328122905 0.0 0.0 0.0 0.0 0.0 0.0 0.0 0.0 0.0 0 0 0.0
169000.0 170000.0 1 1 112.62329127901577 6886.41529776311 1017.8864553571806 1466561.2532830362 218.04296875 218.04296875 218.04296875 0.0 8000.0 8000.0 8000.0 0.0 128.0 128.0 128.0 0.0 1 1 1.0
170000.0 171000.0 1 1 45.376708720984226 2774.58470223689 410.1135446428194 590887.7467169637 87.85103124997113 87.85103124997113 87.85103124997113 0.0 0.0 0.0 0.0 0.0 0.0 0.0 0.0 0.0 0 0 0.0
171000.0 172000.0 1 1 2.0 753.0 5.0 3534.0 63.42399999999907 63.42399999999907 63.42399999999907 0.0 0.0 0.0 0.0 0.0 0.0 0.0 0.0 0.0 0 0 1.0
172000.0 173000.0 0 0 0.0 0.0 0.0 0.0 0.0 0.0 0.0 0.0 0.0 0.0 0.0 0.0 0.0 0.0 0.0 0.0 0 0 
173000.0 174000.0 1 1 126.08728887222277 8121.828948421413 950.0633130057346 1366275.4696820332 219.448974609375 219.448974609375 219.448974609375 0.0 8000.0 8000.0 8000.0 0.0 128.0 128.0 128.0 0.0 2 2 1.0
174000.0 175000.0 2 1 446.1204179453253 28869.812064767502 3360.1443938118136 4831896.461711122 776.0900253906148 204.830078125 490.4600517578074 403.94178253178575 8000.0 8000.0 8000.0 0.0 128.0 128.0 128.0 0.0 1 1 0.0
175000.0 176000.0 2 1 1.7922931824519646 606.358986811087 5.792293182451965 3628.0686068454343 781.3199218750233 32.14199999999255 406.7309609375079 529.7487888730798 0.0 0.0 0.0 0.0 0.0 0.0 0.0 0.0 0 0 1.0
176000.0 177000.0 0 0 0.0 0.0 0.0 0.0 0.0 0.0 0.0 0.0 0.0 0.0 0.0 0.0 0.0 0.0 0.0 0.0 0 0 
177000.0 178000.0 1 1 2.0 753.0 5.0 3584.0 63.246999999915715 63.246999999915715 63.246999999915715 0.0 0.0 0.0 0.0 0.0 0.0 0.0 0.0 0.0 0 0 1.0
178000.0 179000.0 0 0 0.0 0.0 0.0 0.0 0.0 0.0 0.0 0.0 0.0 0.0 0.0 0.0 0.0 0.0 0.0 0.0 0 0 
179000.0 180000.0 1 1 222.69309457363238 15540.355636669765 1142.2797364913674 1632134.9786883255 219.784912109375 219.784912109375 219.784912109375 0.0 8000.0 8000.0 8000.0 0.0 128.0 128.0 128.0 0.0 2 2 1.0
180000.0 181000.0 1 1 318.3069054263676 22212.644363330233 1632.7202635086326 2332896.0213116743 314.1500878906227 314.1500878906227 314.1500878906227 0.0 0.0 0.0 0.0 0.0 0.0 0.0 0.0 0.0 0 0 0.0
181000.0 182000.0 1 1 75.52342874507791 4753.119198801961 645.4703331331739 935416.1895940521 217.946044921875 217.946044921875 217.946044921875 0.0 8000.0 8000.0 8000.0 0.0 128.0 128.0 128.0 0.0 2 2 1.0
182000.0 183000.0 1 1 235.47657125492208 14819.880801198038 2012.5296668668261 2916559.8104059477 679.5399550781003 679.5399550781003 679.5399550781003 0.0 0.0 0.0 0.0 0.0 0.0 0.0 0.0 0.0 0 0 0.0
183000.0 184000.0 1 1 71.8774852698911 4514.26772267379 627.4588022302444 904915.3886247955 218.550048828125 218.550048828125 218.550048828125 0.0 8000.0 8000.0 8000.0 0.0 128.0 128.0 128.0 0.0 1 1 1.0
184000.0 185000.0 1 1 87.12251473010889 5471.732277326209 760.5411977697556 1096845.6113752043 264.903951171902 264.903951171902 264.903951171902 0.0 0.0 0.0 0.0 0.0 0.0 0.0 0.0 0.0 0 0 0.0
185000.0 186000.0 1 1 83.01470044022655 5288.473337518432 759.3660492900723 1095116.3837037126 218.513916015625 218.513916015625 218.513916015625 0.0 8000.0 8000.0 8000.0 0.0 128.0 128.0 128.0 0.0 1 1 1.0
186000.0 187000.0 1 1 106.98529955977347 6815.526662481569 978.6339507099278 1411332.6162962876 281.6100839843857 281.6100839843857 281.6100839843857 0.0 0.0 0.0 0.0 0.0 0.0 0.0 0.0 0.0 0 0 0.0
187000.0 188000.0 1 1 72.18009526617192 4502.9649972470625 668.1535845584832 960651.2280409851 219.014892578125 219.014892578125 219.014892578125 0.0 8000.0 8000.0 8000.0 0.0 128.0 128.0 128.0 0.0 1 1 1.0
188000.0 189000.0 1 1 75.81990473382808 4730.0350027529375 701.8464154415168 1009093.7719590149 230.05910742189735 230.05910742189735 230.05910742189735 0.0 0.0 0.0 0.0 0.0 0.0 0.0 0.0 0.0 0 0 0.0
189000.0 190000.0 1 1 77.27632207926239 4809.531093218855 701.2694806376601 1008856.5783549483 219.092041015625 219.092041015625 219.092041015625 0.0 8000.0 8000.0 8000.0 0.0 128.0 128.0 128.0 0.0 1 1 1.0
190000.0 191000.0 1 1 69.72367792073761 4339.468906781146 632.73051936234 910255.4216450518 197.67895898438292 197.67895898438292 197.67895898438292 0.0 0.0 0.0 0.0 0.0 0.0 0.0 0.0 0.0 0 0 0.0
191000.0 192000.0 1 1 2.0 753.0 5.0 3564.0 56.63900000002468 56.63900000002468 56.63900000002468 0.0 0.0 0.0 0.0 0.0 0.0 0.0 0.0 0.0 0 0 1.0
192000.0 193000.0 0 0 0.0 0.0 0.0 0.0 0.0 0.0 0.0 0.0 0.0 0.0 0.0 0.0 0.0 0.0 0.0 0.0 0 0 
193000.0 194000.0 1 1 145.3024500020708 8823.70495644928 1142.7610332515803 1646456.6771453763 219.552001953125 219.552001953125 219.552001953125 0.0 8000.0 8000.0 8000.0 0.0 128.0 128.0 128.0 0.0 2 2 1.0
194000.0 195000.0 1 1 194.6975499979292 11823.29504355072 1531.2389667484197 2206164.3228546237 294.1879980468657 294.1879980468657 294.1879980468657 0.0 0.0 0.0 0.0 0.0 0.0 0.0 0.0 0.0 0 0 0.0
195000.0 196000.0 1 1 74.76663420390108 4666.230203560025 683.7928598383271 983480.3063181147 219.64208984375 219.64208984375 219.64208984375 0.0 8000.0 8000.0 8000.0 0.0 128.0 128.0 128.0 0.0 1 1 1.0
196000.0 197000.0 1 1 76.23336579609894 4757.769796439976 697.207140161673 1002773.6936818854 223.95091015618527 223.95091015618527 223.95091015618527 0.0 0.0 0.0 0.0 0.0 0.0 0.0 0.0 0.0 0 0 0.0
197000.0 198000.0 1 1 2.0 753.0 5.0 3527.0 51.29700000002049 51.29700000002049 51.29700000002049 0.0 0.0 0.0 0.0 0.0 0.0 0.0 0.0 0.0 0 0 1.0
198000.0 199000.0 0 0 0.0 0.0 0.0 0.0 0.0 0.0 0.0 0.0 0.0 0.0 0.0 0.0 0.0 0.0 0.0 0.0 0 0 
199000.0 200000.0 1 1 230.8280328709693 16423.333261293104 1159.0168129366277 1660916.2019375688 219.037109375 219.037109375 219.037109375 0.0 8000.0 8000.0 8000.0 0.0 128.0 128.0 128.0 0.0 2 2 1.0
200000.0 201000.0 1 1 337.1719671290307 23989.666738706896 1692.9831870633723 2426110.798062431 319.9488906250335 319.9488906250335 319.9488906250335 0.0 0.0 0.0 0.0 0.0 0.0 0.0 0.0 0.0 0 0 0.0
201000.0 202000.0 1 1 57.603291922110344 3491.890352652591 496.87256713182296 715538.5506068725 219.0791015625 219.0791015625 219.0791015625 0.0 8000.0 8000.0 8000.0 0.0 128.0 128.0 128.0 0.0 1 1 1.0
202000.0 203000.0 1 1 105.39670807788967 6389.10964734741 909.1274328681772 1309220.4493931276 400.8488984374562 400.8488984374562 400.8488984374562 0.0 0.0 0.0 0.0 0.0 0.0 0.0 0.0 0.0 0 0 0.0
203000.0 204000.0 1 1 2.0 753.0 5.0 3527.0 50.22199999995064 50.22199999995064 50.22199999995064 0.0 0.0 0.0 0.0 0.0 0.0 0.0 0.0 0.0 0 0 1.0
204000.0 205000.0 0 0 0.0 0.0 0.0 0.0 0.0 0.0 0.0 0.0 0.0 0.0 0.0 0.0 0.0 0.0 0.0 0.0 0 0 
205000.0 206000.0 1 1 278.2452406820357 22377.16052659613 1091.0142332006137 1558028.4444807624 217.837890625 217.837890625 217.837890625 0.0 8000.0 8000.0 8000.0 0.0 128.0 128.0 128.0 0.0 2 2 1.0
206000.0 207000.0 1 1 443.7547593179642 35687.83947340387 1739.985766799386 2484795.555519237 347.4151093750261 347.4151093750261 347.4151093750261 0.0 0.0 0.0 0.0 0.0 0.0 0.0 0.0 0.0 0 0 0.0
207000.0 208000.0 1 1 2.0 753.0 5.0 3539.0 56.71699999994598 56.71699999994598 56.71699999994598 0.0 0.0 0.0 0.0 0.0 0.0 0.0 0.0 0.0 0 0 1.0
208000.0 209000.0 0 0 0.0 0.0 0.0 0.0 0.0 0.0 0.0 0.0 0.0 0.0 0.0 0.0 0.0 0.0 0.0 0.0 0 0 
209000.0 210000.0 1 1 197.50835650567439 15984.89415122971 789.4559162083534 1137444.5612631282 219.076904296875 219.076904296875 219.076904296875 0.0 8000.0 8000.0 8000.0 0.0 128.0 128.0 128.0 0.0 2 2 1.0
210000.0 211000.0 1 1 486.4916434943256 39373.10584877029 1944.5440837916467 2801690.438736872 539.6180957030738 539.6180957030738 539.6180957030738 0.0 0.0 0.0 0.0 0.0 0.0 0.0 0.0 0.0 0 0 0.0
211000.0 212000.0 1 1 39.49329880447726 2403.4841537860575 313.2647466898351 451383.2953982809 219.23193359375 219.23193359375 219.23193359375 0.0 8000.0 8000.0 8000.0 0.0 128.0 128.0 128.0 0.0 1 1 1.0
212000.0 213000.0 1 1 122.50670119552274 7455.5158462139425 971.7352533101649 1400173.704601719 680.049066406209 680.049066406209 680.049066406209 0.0 0.0 0.0 0.0 0.0 0.0 0.0 0.0 0.0 0 0 0.0
213000.0 214000.0 1 1 102.61219713017948 6391.642769668538 922.8644144412368 1330254.843199691 217.97412109375 217.97412109375 217.97412109375 0.0 8000.0 8000.0 8000.0 0.0 128.0 128.0 128.0 0.0 1 1 1.0
214000.0 215000.0 1 1 56.387802869820526 3512.3572303314622 507.13558555876324 731006.156800309 119.78187890630215 119.78187890630215 119.78187890630215 0.0 0.0 0.0 0.0 0.0 0.0 0.0 0.0 0.0 0 0 0.0
215000.0 216000.0 1 1 5.0 902.0 5.0 3586.0 64.08600000001024 64.08600000001024 64.08600000001024 0.0 0.0 0.0 0.0 0.0 0.0 0.0 0.0 0.0 0 0 1.0
216000.0 217000.0 0 0 0.0 0.0 0.0 0.0 0.0 0.0 0.0 0.0 0.0 0.0 0.0 0.0 0.0 0.0 0.0 0.0 0 0 
217000.0 218000.0 1 1 196.38720237519067 12826.19501867688 1257.2451740841645 1790948.962423118 218.846923828125 218.846923828125 218.846923828125 0.0 8000.0 8000.0 8000.0 0.0 128.0 128.0 128.0 0.0 2 2 1.0
218000.0 219000.0 1 1 231.6127976248093 15126.80498132312 1482.7548259158352 2112188.0375768817 258.10107617184985 258.10107617184985 258.10107617184985 0.0 0.0 0.0 0.0 0.0 0.0 0.0 0.0 0.0 0 0 0.0
219000.0 220000.0 1 1 5.0 899.0 5.0 3580.0 64.68799999996554 64.68799999996554 64.68799999996554 0.0 0.0 0.0 0.0 0.0 0.0 0.0 0.0 0.0 0 0 1.0
220000.0 221000.0 0 0 0.0 0.0 0.0 0.0 0.0 0.0 0.0 0.0 0.0 0.0 0.0 0.0 0.0 0.0 0.0 0.0 0 0 
221000.0 222000.0 1 1 167.74836115714342 12067.794043450926 1026.6660866696648 1218985.5475523844 219.727294921875 219.727294921875 219.727294921875 0.0 8000.0 8000.0 8000.0 0.0 128.0 128.0 128.0 0.0 2 2 1.0
222000.0 223000.0 2 2 417.2516388428566 33551.20595654908 2535.3339133303352 3010263.452447616 604.7989999999991 542.6127050780924 573.7058525390457 43.97235083614677 0.0 0.0 0.0 0.0 0.0 0.0 0.0 0.0 0 0 0.0
223000.0 224000.0 1 1 137.64868181641455 8987.915572552069 1259.6665553067937 1507880.6352088102 905.510986328125 905.510986328125 905.510986328125 0.0 8000.0 8000.0 8000.0 0.0 128.0 128.0 128.0 0.0 1 1 1.0
224000.0 225000.0 2 1 229.35131818358545 11861.084427447931 2124.3334446932063 2540461.36479119 427.954000000027 94.40901367191691 261.18150683597196 235.85192166338092 8000.0 8000.0 8000.0 0.0 128.0 128.0 128.0 0.0 1 1 0.0
225000.0 226000.0 1 1 3.0 800.0 5.0 3600.0 61.01100000005681 61.01100000005681 61.01100000005681 0.0 0.0 0.0 0.0 0.0 0.0 0.0 0.0 0.0 0 0 1.0
226000.0 227000.0 0 0 0.0 0.0 0.0 0.0 0.0 0.0 0.0 0.0 0.0 0.0 0.0 0.0 0.0 0.0 0.0 0.0 0 0 
227000.0 228000.0 1 1 235.2842345766707 16937.21398472476 1357.659115234295 1607036.0220995995 218.666015625 218.666015625 218.666015625 0.0 8000.0 8000.0 8000.0 0.0 128.0 128.0 128.0 0.0 2 2 1.0
228000.0 229000.0 1 1 343.7157654233293 24742.78601527524 1983.340884765705 2347643.9779004003 319.4389843749814 319.4389843749814 319.4389843749814 0.0 0.0 0.0 0.0 0.0 0.0 0.0 0.0 0.0 0 0 0.0
229000.0 230000.0 1 1 77.59292996950272 4565.1198691148065 657.25775974167 784779.4580015487 215.300048828125 215.300048828125 215.300048828125 0.0 8000.0 8000.0 8000.0 0.0 128.0 128.0 128.0 0.0 1 1 1.0
230000.0 231000.0 1 1 109.40707003049728 6436.8801308851935 926.74224025833 1106549.5419984513 303.5759511719225 303.5759511719225 303.5759511719225 0.0 0.0 0.0 0.0 0.0 0.0 0.0 0.0 0.0 0 0 0.0
231000.0 232000.0 1 1 99.73590289637964 5916.9953245962715 900.1290532758685 1072754.3596990425 219.749267578125 219.749267578125 219.749267578125 0.0 8000.0 8000.0 8000.0 0.0 128.0 128.0 128.0 0.0 1 1 1.0
232000.0 233000.0 1 1 99.26409710362037 5889.004675403729 895.8709467241316 1067679.6403009577 218.70973242190666 218.70973242190666 218.70973242190666 0.0 0.0 0.0 0.0 0.0 0.0 0.0 0.0 0.0 0 0 0.0
233000.0 234000.0 1 1 63.44937387570962 3895.8632501763395 585.741677474065 695587.9579075888 219.5029296875 219.5029296875 219.5029296875 0.0 8000.0 8000.0 8000.0 0.0 128.0 128.0 128.0 0.0 1 1 1.0
234000.0 235000.0 1 1 113.55062612429039 6972.136749823661 1048.258322525935 1244842.0420924113 392.8280703125056 392.8280703125056 392.8280703125056 0.0 0.0 0.0 0.0 0.0 0.0 0.0 0.0 0.0 0 0 0.0
235000.0 236000.0 1 1 112.94830291749814 6654.032460168903 965.2947644461304 1090467.3795432898 219.297119140625 219.297119140625 219.297119140625 0.0 8000.0 8000.0 8000.0 0.0 128.0 128.0 128.0 0.0 1 1 1.0
236000.0 237000.0 1 1 92.05169708250187 5422.967539831098 786.7052355538697 888719.6204567105 178.7248808593722 178.7248808593722 178.7248808593722 0.0 0.0 0.0 0.0 0.0 0.0 0.0 0.0 0.0 0 0 0.0
237000.0 238000.0 1 1 100.71799944081029 5996.594735937474 975.2213984316919 1161093.5610728003 217.999267578125 217.999267578125 217.999267578125 0.0 8000.0 8000.0 8000.0 0.0 128.0 128.0 128.0 0.0 1 1 1.0
238000.0 239000.0 1 1 107.28200055918971 6387.405264062526 1038.778601568308 1236764.4389271997 232.2067324218806 232.2067324218806 232.2067324218806 0.0 0.0 0.0 0.0 0.0 0.0 0.0 0.0 0.0 0 0 0.0
239000.0 240000.0 1 1 4.0 851.0 5.0 3570.0 56.08700000005774 56.08700000005774 56.08700000005774 0.0 0.0 0.0 0.0 0.0 0.0 0.0 0.0 0.0 0 0 1.0
240000.0 241000.0 0 0 0.0 0.0 0.0 0.0 0.0 0.0 0.0 0.0 0.0 0.0 0.0 0.0 0.0 0.0 0.0 0.0 0 0 
241000.0 242000.0 1 1 182.65008839020166 12304.193856093056 1199.8280853609656 1422495.1162735415 219.53125 219.53125 219.53125 0.0 8000.0 8000.0 8000.0 0.0 128.0 128.0 128.0 0.0 2 2 1.0
242000.0 243000.0 1 1 346.3499116097983 23331.806143906942 2275.171914639034 2697403.883726458 416.2857500000391 416.2857500000391 416.2857500000391 0.0 0.0 0.0 0.0 0.0 0.0 0.0 0.0 0.0 0 0 0.0
243000.0 244000.0 1 1 66.83050476354417 4000.754538252169 606.4249506321601 724446.384442639 219.112060546875 219.112060546875 219.112060546875 0.0 8000.0 8000.0 8000.0 0.0 128.0 128.0 128.0 0.0 1 1 1.0
244000.0 245000.0 1 1 95.16949523645583 5697.2454617478315 863.5750493678399 1031642.615557361 312.0249394531129 312.0249394531129 312.0249394531129 0.0 0.0 0.0 0.0 0.0 0.0 0.0 0.0 0.0 0 0 0.0
245000.0 246000.0 1 1 87.33103824153183 5333.431264036408 821.007727644291 980050.5039855959 220.393310546875 220.393310546875 220.393310546875 0.0 8000.0 8000.0 8000.0 0.0 128.0 128.0 128.0 0.0 1 1 1.0
246000.0 247000.0 1 1 94.66896175846817 5781.568735963592 889.992272355709 1062398.496014404 238.91168945317622 238.91168945317622 238.91168945317622 0.0 0.0 0.0 0.0 0.0 0.0 0.0 0.0 0.0 0 0 0.0
247000.0 248000.0 1 1 82.3743741460614 4968.29583237162 780.3631538925698 930384.4364165077 220.2880859375 220.2880859375 220.2880859375 0.0 8000.0 8000.0 8000.0 0.0 128.0 128.0 128.0 0.0 1 1 1.0
248000.0 249000.0 1 1 86.6256258539386 5224.70416762838 820.6368461074302 978400.5635834923 231.65691406244878 231.65691406244878 231.65691406244878 0.0 0.0 0.0 0.0 0.0 0.0 0.0 0.0 0.0 0 0 0.0
249000.0 250000.0 1 1 72.2192023269073 4254.636904264158 665.1573711750025 791899.8491294225 219.241943359375 219.241943359375 219.241943359375 0.0 8000.0 8000.0 8000.0 0.0 128.0 128.0 128.0 0.0 1 1 1.0
250000.0 251000.0 1 1 122.7807976730927 7233.363095735841 1130.8426288249973 1346319.1508705774 372.7360566406278 372.7360566406278 372.7360566406278 0.0 0.0 0.0 0.0 0.0 0.0 0.0 0.0 0.0 0 0 0.0
251000.0 252000.0 1 1 90.54628733219432 5492.035281379431 849.5232821952474 1012646.9224353455 219.39697265625 219.39697265625 219.39697265625 0.0 8000.0 8000.0 8000.0 0.0 128.0 128.0 128.0 0.0 1 1 1.0
252000.0 253000.0 1 1 100.45371266780568 6092.964718620569 942.4767178047528 1123449.0775646546 243.40302734379657 243.40302734379657 243.40302734379657 0.0 0.0 0.0 0.0 0.0 0.0 0.0 0.0 0.0 0 0 0.0
253000.0 254000.0 1 1 93.6619947555696 5604.293003845023 889.2379972675843 1059035.0727954048 220.1552734375 220.1552734375 220.1552734375 0.0 8000.0 8000.0 8000.0 0.0 128.0 128.0 128.0 0.0 1 1 1.0
254000.0 255000.0 1 1 76.3380052444304 4567.706996154978 724.7620027324158 863152.9272045953 179.4347265624674 179.4347265624674 179.4347265624674 0.0 0.0 0.0 0.0 0.0 0.0 0.0 0.0 0.0 0 0 0.0
255000.0 256000.0 1 1 2.0 753.0 5.0 3546.0 59.817000000039116 59.817000000039116 59.817000000039116 0.0 0.0 0.0 0.0 0.0 0.0 0.0 0.0 0.0 0 0 1.0
256000.0 257000.0 0 0 0.0 0.0 0.0 0.0 0.0 0.0 0.0 0.0 0.0 0.0 0.0 0.0 0.0 0.0 0.0 0.0 0 0 
257000.0 258000.0 1 1 245.4064226119131 17830.48412317172 1385.4741237750238 1638663.2656050127 220.409912109375 220.409912109375 220.409912109375 0.0 8000.0 8000.0 8000.0 0.0 128.0 128.0 128.0 0.0 2 2 1.0
258000.0 259000.0 1 1 372.5935773880869 27071.51587682828 2103.525876224976 2487935.734394987 334.64208789065015 334.64208789065015 334.64208789065015 0.0 0.0 0.0 0.0 0.0 0.0 0.0 0.0 0.0 0 0 0.0
259000.0 260000.0 1 1 3.0 800.0 5.0 3598.0 58.16299999994226 58.16299999994226 58.16299999994226 0.0 0.0 0.0 0.0 0.0 0.0 0.0 0.0 0.0 0 0 1.0
260000.0 261000.0 0 0 0.0 0.0 0.0 0.0 0.0 0.0 0.0 0.0 0.0 0.0 0.0 0.0 0.0 0.0 0.0 0.0 0 0 
261000.0 262000.0 1 1 211.8095437897602 14242.57412986298 1360.5851346494983 1610320.6655296136 220.38330078125 220.38330078125 220.38330078125 0.0 8000.0 8000.0 8000.0 0.0 128.0 128.0 128.0 0.0 2 2 1.0
262000.0 263000.0 1 1 279.1904562102398 18773.42587013702 1793.4148653505017 2122596.334470386 290.49169921875 290.49169921875 290.49169921875 0.0 0.0 0.0 0.0 0.0 0.0 0.0 0.0 0.0 0 0 0.0
263000.0 264000.0 1 1 2.0 753.0 5.0 3563.0 50.71699999994598 50.71699999994598 50.71699999994598 0.0 0.0 0.0 0.0 0.0 0.0 0.0 0.0 0.0 0 0 1.0
264000.0 265000.0 0 0 0.0 0.0 0.0 0.0 0.0 0.0 0.0 0.0 0.0 0.0 0.0 0.0 0.0 0.0 0.0 0.0 0 0 
265000.0 266000.0 1 1 418.002938149636 37823.97472610979 1311.8338140301869 1566521.9460094736 218.951904296875 218.951904296875 218.951904296875 0.0 8000.0 8000.0 8000.0 0.0 128.0 128.0 128.0 0.0 2 2 1.0
266000.0 267000.0 1 1 687.997061850364 62255.02527389022 2159.1661859698133 2578361.0539905266 360.3760957031045 360.3760957031045 360.3760957031045 0.0 0.0 0.0 0.0 0.0 0.0 0.0 0.0 0.0 0 0 0.0
267000.0 268000.0 1 1 3.0 800.0 5.0 3604.0 69.89399999997113 69.89399999997113 69.89399999997113 0.0 0.0 0.0 0.0 0.0 0.0 0.0 0.0 0.0 0 0 1.0
268000.0 269000.0 0 0 0.0 0.0 0.0 0.0 0.0 0.0 0.0 0.0 0.0 0.0 0.0 0.0 0.0 0.0 0.0 0.0 0 0 
269000.0 270000.0 1 1 176.4651576098358 11037.571819215213 1329.9644676741295 1581267.4463111367 218.99609375 218.99609375 218.99609375 0.0 8000.0 8000.0 8000.0 0.0 128.0 128.0 128.0 0.0 2 2 1.0
270000.0 271000.0 1 1 259.5348423901642 16233.42818078479 1956.0355323258705 2325637.5536888633 322.08690624998417 322.08690624998417 322.08690624998417 0.0 0.0 0.0 0.0 0.0 0.0 0.0 0.0 0.0 0 0 0.0
271000.0 272000.0 1 1 120.64915256672619 7611.179209933868 1137.9408707998039 1360884.0525859457 220.52197265625 220.52197265625 220.52197265625 0.0 8000.0 8000.0 8000.0 0.0 128.0 128.0 128.0 0.0 1 1 1.0
272000.0 273000.0 1 1 55.35084743327381 3491.8207900661314 522.0591292001961 624339.9474140544 101.17002734378912 101.17002734378912 101.17002734378912 0.0 0.0 0.0 0.0 0.0 0.0 0.0 0.0 0.0 0 0 0.0
273000.0 274000.0 1 1 154.33545031664366 9498.940821067532 1433.6951042572425 1711472.1091963565 219.2919921875 219.2919921875 219.2919921875 0.0 8000.0 8000.0 8000.0 0.0 128.0 128.0 128.0 0.0 1 1 1.0
274000.0 275000.0 1 1 35.66454968335635 2195.0591789324694 331.30489574275765 395494.89080364356 50.67500781244598 50.67500781244598 50.67500781244598 0.0 0.0 0.0 0.0 0.0 0.0 0.0 0.0 0.0 0 0 0.0
275000.0 276000.0 1 1 228.47892991468805 15259.791945115141 1277.2529447913782 1521574.19504485 218.993896484375 218.993896484375 218.993896484375 0.0 8000.0 8000.0 8000.0 0.0 128.0 128.0 128.0 0.0 2 2 1.0
276000.0 277000.0 1 1 386.5210700853119 25815.208054884857 2160.747055208622 2574068.80495515 370.475103515666 370.475103515666 370.475103515666 0.0 0.0 0.0 0.0 0.0 0.0 0.0 0.0 0.0 0 0 0.0
277000.0 278000.0 1 1 54.53630199538501 3595.3697617494427 428.6040915207775 538268.9085090545 218.498046875 218.498046875 218.498046875 0.0 8000.0 8000.0 8000.0 0.0 128.0 128.0 128.0 0.0 1 1 1.0
278000.0 279000.0 1 1 94.46369800461498 6227.630238250557 742.3959084792225 932349.0914909455 378.4659531250363 378.4659531250363 378.4659531250363 0.0 0.0 0.0 0.0 0.0 0.0 0.0 0.0 0.0 0 0 0.0
279000.0 280000.0 1 1 84.95670831764157 5136.399020909215 720.50716562284 1017448.5024766916 218.52490234375 218.52490234375 218.52490234375 0.0 8000.0 8000.0 8000.0 0.0 128.0 128.0 128.0 0.0 1 1 1.0
280000.0 281000.0 1 1 98.04329168235843 5927.600979090785 831.49283437716 1174174.4975233083 252.18609765626024 252.18609765626024 252.18609765626024 0.0 0.0 0.0 0.0 0.0 0.0 0.0 0.0 0.0 0 0 0.0
281000.0 282000.0 1 1 71.42857757509093 4320.463692244689 635.5212902086469 896062.6253698712 219.0849609375 219.0849609375 219.0849609375 0.0 8000.0 8000.0 8000.0 0.0 128.0 128.0 128.0 0.0 1 1 1.0
282000.0 283000.0 1 1 113.57142242490909 6869.536307755312 1010.4787097913533 1424739.374630129 348.3450390625512 348.3450390625512 348.3450390625512 0.0 0.0 0.0 0.0 0.0 0.0 0.0 0.0 0.0 0 0 0.0
283000.0 284000.0 1 1 72.4986394630874 4633.322140231859 626.5953839309697 881776.4717294537 217.944091796875 217.944091796875 217.944091796875 0.0 8000.0 8000.0 8000.0 0.0 128.0 128.0 128.0 0.0 1 1 1.0
284000.0 285000.0 1 1 81.5013605369126 5208.677859768141 704.4046160690303 991273.5282705463 245.00790820317343 245.00790820317343 245.00790820317343 0.0 0.0 0.0 0.0 0.0 0.0 0.0 0.0 0.0 0 0 0.0
285000.0 286000.0 1 1 2.0 753.0 5.0 3586.0 48.65700000000652 48.65700000000652 48.65700000000652 0.0 0.0 0.0 0.0 0.0 0.0 0.0 0.0 0.0 0 0 1.0
286000.0 287000.0 0 0 0.0 0.0 0.0 0.0 0.0 0.0 0.0 0.0 0.0 0.0 0.0 0.0 0.0 0.0 0.0 0.0 0 0 
287000.0 288000.0 1 1 196.97921620162137 14086.960228743728 1188.1887336264467 1658482.5048484735 219.614990234375 219.614990234375 219.614990234375 0.0 8000.0 8000.0 8000.0 0.0 128.0 128.0 128.0 0.0 2 2 1.0
288000.0 289000.0 1 1 271.0207837983786 19382.03977125627 1634.811266373553 2281881.4951515263 302.16500976565294 302.16500976565294 302.16500976565294 0.0 0.0 0.0 0.0 0.0 0.0 0.0 0.0 0.0 0 0 0.0
289000.0 290000.0 1 1 83.4958233099585 5033.232598903435 740.5035829801943 1046112.386214826 219.532958984375 219.532958984375 219.532958984375 0.0 8000.0 8000.0 8000.0 0.0 128.0 128.0 128.0 0.0 1 1 1.0
290000.0 291000.0 1 1 76.50417669004152 4611.767401096565 678.4964170198057 958514.6137851741 201.15004101558588 201.15004101558588 201.15004101558588 0.0 0.0 0.0 0.0 0.0 0.0 0.0 0.0 0.0 0 0 0.0
291000.0 292000.0 1 1 73.72084050871042 4615.586213131889 671.9938154063219 947048.6341917728 218.949951171875 218.949951171875 218.949951171875 0.0 8000.0 8000.0 8000.0 0.0 128.0 128.0 128.0 0.0 1 1 1.0
292000.0 293000.0 1 1 82.27915949128956 5151.41378686811 750.006184593678 1056992.365808227 244.3680488280952 244.3680488280952 244.3680488280952 0.0 0.0 0.0 0.0 0.0 0.0 0.0 0.0 0.0 0 0 0.0
293000.0 294000.0 1 1 81.88039640681836 5113.271248340079 736.9235676613653 1037628.79177452 219.143310546875 219.143310546875 219.143310546875 0.0 8000.0 8000.0 8000.0 0.0 128.0 128.0 128.0 0.0 1 1 1.0
294000.0 295000.0 1 1 72.11960359318164 4503.728751659921 649.0764323386347 913935.20822548 193.01968945306726 193.01968945306726 193.01968945306726 0.0 0.0 0.0 0.0 0.0 0.0 0.0 0.0 0.0 0 0 0.0
295000.0 296000.0 1 1 79.90179861894312 4885.295280532217 732.2074427114449 1032908.6076507204 219.31689453125 219.31689453125 219.31689453125 0.0 8000.0 8000.0 8000.0 0.0 128.0 128.0 128.0 0.0 1 1 1.0
296000.0 297000.0 1 1 97.0982013810569 5936.704719467783 889.7925572885553 1255210.3923492797 266.51810546871275 266.51810546871275 266.51810546871275 0.0 0.0 0.0 0.0 0.0 0.0 0.0 0.0 0.0 0 0 0.0
297000.0 298000.0 1 1 2.0 753.0 5.0 3622.0 57.38899999996647 57.38899999996647 57.38899999996647 0.0 0.0 0.0 0.0 0.0 0.0 0.0 0.0 0.0 0 0 1.0
298000.0 299000.0 0 0 0.0 0.0 0.0 0.0 0.0 0.0 0.0 0.0 0.0 0.0 0.0 0.0 0.0 0.0 0.0 0.0 0 0 
299000.0 300000.0 1 1 108.9061050467134 7293.381351586704 877.9042134598952 1240658.953726076 220.43896484375 220.43896484375 220.43896484375 0.0 8000.0 8000.0 8000.0 0.0 128.0 128.0 128.0 0.0 2 2 1.0
300000.0 301000.0 1 1 251.0938949532866 16815.618648413296 2024.0957865401047 2860463.046273924 508.2440351562109 508.2440351562109 508.2440351562109 0.0 0.0 0.0 0.0 0.0 0.0 0.0 0.0 0.0 0 0 0.0
