ts te nbins ncons c_pkts_all c_ack_cnt c_ack_cnt_p c_bytes_all c_bytes_uniq s_pkts_all s_ack_cnt s_ack_cnt_p s_bytes_all s_bytes_uniq c_pkts_retx s_pkts_retx c_pkts_data s_pkts_data max_bin min_bin avg_bin std_bin max_vid min_vid avg_vid std_vid max_aud min_aud avg_aud std_aud num_vid num_aud num_mfs
0 2000 0 0 0 0 0 0 0 0 0 0 0 0 0 0 0 0 0 0 0 0 0 0 0 0 0 0 0 0 0  
2000 4000 0 0 0 0 0 0 0 0 0 0 0 0 0 0 0 0 0 0 0 0 0 0 0 0 0 0 0 0 0  
4000 6000 4 4 115 113 103 8635 8635 135 135 11 208780 200194 0 6 9 121 405 133 283 112 2300 2300 2300 0 128 128 128 0 2 2.0 1.0
6000 8000 6 3 580 579 570 8230 8230 762 762 10 1410251 1363320 0 32 9 750 998 76 612 362 2300 2300 2300 0 128 128 128 0 2 2.0 1.0
8000 10000 5 2 691 691 685 4674 4674 978 978 5 1640649 1519465 0 84 5 973 998 51 540 427 2300 2300 2300 0 128 128 128 0 3 3.0 1.0
10000 12000 7 3 556 556 548 5454 5454 888 888 7 1438953 1410615 0 20 6 879 996 5 602 363 2300 2300 2300 0 128 128 128 0 3 2.0 1.0
12000 14000 5 2 546 546 541 4795 4795 872 872 5 1495382 1484615 0 7 5 866 977 119 501 411 2300 2300 2300 0 128 128 128 0 2 3.0 1.0
14000 16000 4 3 209 209 205 2931 2931 304 304 3 545703 530350 0 10 3 300 600 32 295 236 4400 4400 4400 0 128 128 128 0 2 1.0 1.0
16000 18000 5 2 562 562 558 2866 2866 712 712 3 1268578 1210483 0 36 3 708 988 87 451 401 4400 4400 4400 0 128 128 128 0 1 1.0 1.0
18000 20000 4 2 356 356 353 2502 2502 572 572 3 1033153 1020541 0 8 3 569 997 134 532 412 4400 4400 4400 0 128 128 128 0 1 1.0 1.0
20000 22000 4 2 407 407 404 2505 2505 675 675 3 1202514 1192262 0 7 3 672 992 119 529 414 4400 4400 4400 0 128 128 128 0 1 1.0 1.0
22000 24000 4 2 364 364 361 2500 2500 602 602 2 1066610 1062105 0 3 2 599 998 118 528 416 4400 4400 4400 0 128 128 128 0 1 1.0 1.0
24000 26000 4 2 432 432 429 2491 2491 679 679 2 1177529 1141798 0 20 2 676 985 90 515 424 4400 4400 4400 0 128 128 128 0 1 1.0 1.0
26000 28000 3 1 368 368 365 2309 2309 570 570 2 1008933 990711 0 13 2 568 994 138 633 443 4400 4400 4400 0 0 0 0 0 1 0.0 1.0
28000 30000 4 2 349 349 346 2502 2502 541 541 3 979666 951458 0 19 3 538 902 50 626 394 4400 4400 4400 0 128 128 128 0 1 1.0 1.0
30000 32000 4 2 401 401 399 1377 1377 647 647 1 1139952 1109298 0 22 1 645 948 62 558 435 4400 4400 4400 0 128 128 128 0 1 1.0 1.0
32000 34000 4 2 325 325 321 2784 2784 489 489 2 869896 854907 0 10 3 486 999 0 456 463 0 0 0 0 128 128 128 0 0 1.0 1.0
34000 36000 3 2 320 320 317 2686 2686 517 517 3 919507 878638 0 23 3 514 998 189 608 405 4400 4400 4400 0 128 128 128 0 1 1.0 1.0
36000 38000 4 2 506 506 501 3638 3638 795 795 4 1435842 1402136 0 22 4 791 998 675 827 143 4400 4400 4400 0 128 128 128 0 2 1.0 1.0
38000 40000 6 2 457 457 455 1837 1837 710 710 2 1283276 1212092 0 49 2 707 998 111 600 398 4400 4400 4400 0 128 128 128 0 1 1.0 1.0
40000 42000 6 2 481 481 478 2059 2059 710 710 2 1268030 1222384 0 33 2 707 996 111 490 399 4400 4400 4400 0 128 128 128 0 1 1.0 1.0
42000 44000 4 2 389 389 386 2498 2498 634 634 2 1119460 1080581 0 26 2 631 981 248 626 311 4400 4400 4400 0 128 128 128 0 1 1.0 1.0
44000 46000 4 2 420 420 417 2499 2499 624 624 2 1147370 1106685 0 28 2 621 998 246 704 322 4400 4400 4400 0 128 128 128 0 1 1.0 1.0
46000 48000 7 3 537 537 533 3316 3316 845 845 3 1621409 1573125 0 34 3 841 999 54 664 388 4400 4400 4400 0 128 128 128 0 1 1.0 1.0
48000 50000 7 3 610 610 606 3060 3060 941 941 3 1639932 1565562 0 52 3 938 998 213 534 284 4400 4400 4400 0 128 128 128 0 1 2.0 1.0
50000 52000 5 2 484 484 480 2773 2773 699 699 3 1242611 1207889 0 25 3 695 920 200 697 295 4400 4400 4400 0 128 128 128 0 2 1.0 1.0
52000 54000 3 2 384 384 380 3174 3174 570 570 3 990109 945872 0 32 3 566 994 663 818 166 4400 4400 4400 0 128 128 128 0 1 1.0 1.0
54000 56000 3 2 442 442 439 2455 2455 696 696 2 1225372 1197492 0 19 2 693 998 950 972 24 4400 4400 4400 0 128 128 128 0 1 1.0 1.0
56000 58000 5 2 404 404 400 3136 3136 618 618 3 1108656 1056475 0 37 3 614 999 28 734 406 4400 4400 4400 0 128 128 128 0 1 1.0 1.0
58000 60000 5 2 349 349 347 1858 1858 553 553 2 976954 958164 0 13 2 551 998 4 447 496 4400 4400 4400 0 128 128 128 0 1 1.0 1.0
60000 62000 4 2 431 431 428 2492 2492 705 705 2 1322330 1287368 0 23 2 702 999 33 580 477 4400 4400 4400 0 128 128 128 0 1 1.0 1.0
62000 64000 4 2 419 419 416 2164 2164 685 685 2 1238057 1206563 0 21 2 683 984 39 549 412 4400 4400 4400 0 128 128 128 0 1 1.0 1.0
64000 66000 4 2 425 425 423 1781 1781 614 614 2 1071642 989536 0 55 2 612 795 241 502 263 4400 4400 4400 0 128 128 128 0 1 1.0 1.0
66000 68000 4 2 433 433 430 3023 3023 655 655 2 1171925 1109012 0 44 3 652 997 286 593 314 4400 4400 4400 0 128 128 128 0 1 1.0 1.0
68000 70000 4 2 359 359 355 2868 2868 557 557 4 965048 934061 0 22 3 553 857 368 694 226 4400 4400 4400 0 128 128 128 0 1 1.0 1.0
70000 72000 4 2 382 382 379 2736 2736 647 647 3 1088117 1082025 0 3 3 643 999 78 466 437 4400 4400 4400 0 128 128 128 0 1 1.0 1.0
72000 74000 3 2 447 447 444 2116 2116 769 769 2 1376721 1364121 0 9 2 766 999 100 622 466 4400 4400 4400 0 128 128 128 0 1 1.0 1.0
74000 76000 4 2 411 411 409 1764 1764 597 597 2 1033602 994262 0 28 2 595 824 231 453 260 4400 4400 4400 0 128 128 128 0 1 1.0 1.0
76000 78000 4 2 391 391 388 2501 2501 630 630 2 1122384 1110773 0 7 2 627 675 211 470 238 4400 4400 4400 0 128 128 128 0 1 1.0 1.0
78000 80000 4 2 441 441 438 2499 2499 658 658 2 1137840 1115863 0 15 2 655 675 138 442 256 4400 4400 4400 0 128 128 128 0 1 1.0 1.0
80000 82000 4 2 392 392 388 3024 3024 624 624 2 1077647 1063520 0 10 3 621 996 144 525 386 4400 4400 4400 0 128 128 128 0 1 1.0 1.0
82000 84000 4 2 411 411 408 2483 2483 628 628 3 1122317 1105911 0 12 2 625 999 262 574 346 4400 4400 4400 0 128 128 128 0 1 1.0 1.0
84000 86000 4 2 404 404 400 3122 3122 643 643 2 1141269 1123223 0 12 3 640 991 248 578 347 4400 4400 4400 0 128 128 128 0 1 1.0 1.0
86000 88000 4 2 392 392 389 2502 2502 615 615 2 1114143 1073923 0 26 3 612 993 228 550 384 4400 4400 4400 0 128 128 128 0 1 1.0 1.0
88000 90000 4 2 390 390 387 2502 2502 593 593 2 1076321 1044649 0 21 3 590 982 215 558 376 4400 4400 4400 0 128 128 128 0 1 1.0 1.0
90000 92000 4 2 439 439 436 2502 2502 641 641 2 1140682 1119794 0 14 3 638 976 182 539 401 4400 4400 4400 0 128 128 128 0 1 1.0 1.0
92000 94000 6 3 352 352 349 2502 2502 595 595 3 1028830 1019981 0 6 3 590 989 0 347 426 4400 4400 4400 0 128 128 128 0 1 1.0 1.0
94000 96000 5 3 649 648 642 5479 5479 1033 1033 7 1793079 1750129 0 30 6 1025 944 143 740 336 4400 4400 4400 0 128 128 128 0 1 2.0 1.0
96000 98000 5 2 647 647 643 3054 3054 1012 1012 3 1775911 1745166 0 21 3 1008 999 157 570 341 4400 4400 4400 0 128 128 128 0 2 2.0 1.0
98000 100000 3 1 383 383 381 2202 2202 586 586 1 1094212 1074724 0 13 2 584 992 300 657 346 4400 4400 4400 0 0 0 0 0 1 0.0 1.0
100000 102000 6 3 428 428 424 2474 2474 648 648 4 1098466 1066359 0 22 2 642 999 17 499 404 4400 4400 4400 0 128 128 128 0 1 1.0 1.0
102000 104000 4 2 421 421 418 2491 2491 663 663 2 1129331 1102165 0 15 2 660 993 255 581 343 4400 4400 4400 0 128 128 128 0 1 1.0 1.0
104000 106000 4 2 414 414 411 2472 2472 626 626 2 1100569 1067674 0 22 2 623 966 220 562 352 4400 4400 4400 0 128 128 128 0 1 1.0 1.0
106000 108000 5 2 412 412 407 3876 3876 597 597 3 1049977 1027953 0 14 4 593 998 62 699 365 4400 4400 4400 0 128 128 128 0 1 1.0 1.0
108000 110000 5 2 419 419 417 1783 1783 675 675 3 1194877 1151213 0 27 2 672 999 59 480 451 4400 4400 4400 0 128 128 128 0 1 1.0 1.0
110000 112000 4 2 399 399 396 2502 2502 615 615 3 1059834 994694 0 47 3 612 939 0 502 455 4400 4400 4400 0 128 128 128 0 1 1.0 1.0
112000 114000 3 2 394 394 391 2502 2502 642 642 3 1124569 1099377 0 15 3 639 999 373 789 360 4400 4400 4400 0 128 128 128 0 1 1.0 1.0
114000 116000 3 2 452 452 449 2496 2496 704 704 2 1310309 1286509 0 17 2 701 999 373 789 360 4400 4400 4400 0 128 128 128 0 1 1.0 1.0
116000 118000 5 2 406 406 403 2497 2497 618 618 2 1135506 1097355 0 25 2 615 999 3 731 418 4400 4400 4400 0 128 128 128 0 1 1.0 1.0
118000 120000 5 2 435 435 432 2501 2501 663 663 2 1127519 1074140 0 37 2 660 999 5 565 470 4400 4400 4400 0 128 128 128 0 1 1.0 1.0
120000 122000 4 2 361 361 360 850 850 577 577 1 947868 916976 0 23 1 576 997 6 372 464 0 0 0 0 128 128 128 0 0 1.0 0.0
122000 124000 3 3 271 270 267 2446 2446 422 422 2 733526 723105 0 6 2 418 928 29 438 455 4400 4400 4400 0 128 128 128 0 1 1.0 2.0
124000 126000 6 3 508 507 501 5299 5299 878 878 6 1513732 1507033 1 5 5 871 983 69 426 340 4400 4400 4400 0 128 128 128 0 2 1.0 1.0
126000 128000 4 2 401 401 397 3034 3034 656 656 2 1175618 1152533 0 16 3 653 999 181 539 372 4400 4400 4400 0 128 128 128 0 1 1.0 1.0
128000 130000 5 3 394 394 390 2496 2496 628 628 3 1108749 1070815 0 27 2 624 973 261 572 297 4400 4400 4400 0 128 128 128 0 1 1.0 1.0
130000 132000 5 3 414 414 410 2493 2493 681 681 3 1173148 1136376 0 26 2 677 971 164 482 341 4400 4400 4400 0 128 128 128 0 1 1.0 1.0
132000 134000 4 2 399 399 396 2489 2489 663 663 3 1121836 1090292 0 21 2 659 985 223 548 366 4400 4400 4400 0 128 128 128 0 1 1.0 1.0
134000 136000 4 2 425 425 422 2496 2496 677 677 2 1142494 1114463 0 20 2 674 971 202 541 371 4400 4400 4400 0 128 128 128 0 1 1.0 1.0
136000 138000 4 2 429 429 426 2489 2489 673 673 2 1117422 1075114 0 30 2 670 967 247 551 359 4400 4400 4400 0 128 128 128 0 1 1.0 1.0
138000 140000 5 2 666 666 661 4159 4159 1056 1056 4 1779119 1740074 0 26 4 1051 998 217 763 321 4400 4400 4400 0 128 128 128 0 1 2.0 1.0
140000 142000 5 2 573 573 569 3160 3160 879 879 2 1535446 1501488 0 24 3 876 983 142 509 364 4400 4400 4400 0 128 128 128 0 2 1.0 1.0
142000 144000 3 2 351 351 349 1660 1660 578 578 2 998107 969258 0 20 2 575 907 316 672 313 0 0 0 0 128 128 128 0 0 1.0 1.0
144000 146000 5 3 464 463 457 5844 5844 756 756 7 1299145 1286947 0 8 6 748 998 116 474 417 6500 4400 5800 1212 128 128 128 0 3 2.0 1.0
146000 148000 4 2 571 571 568 2650 2650 894 894 3 1620434 1600432 0 14 3 891 999 209 573 370 6500 6500 6500 0 128 128 128 0 1 1.0 1.0
148000 150000 5 3 584 584 581 1994 1994 897 897 2 1582619 1530255 0 37 2 895 998 135 491 344 6500 6500 6500 0 128 128 128 0 1 1.0 1.0
150000 152000 5 3 563 563 560 2494 2494 870 870 2 1513052 1446558 0 46 2 867 879 28 496 367 0 0 0 0 0 0 0 0 0 0.0 1.0
152000 154000 4 2 489 489 485 3027 3027 788 788 3 1342991 1331117 0 8 3 784 998 300 627 368 4400 4400 4400 0 128 128 128 0 2 2.0 1.0
154000 156000 3 1 447 447 444 2170 2170 751 751 2 1283353 1235776 0 25 2 749 997 276 644 360 4400 4400 4400 0 0 0 0 0 1 0.0 1.0
156000 158000 3 2 315 315 312 2268 2268 486 486 2 826728 794505 0 21 2 483 993 524 746 235 0 0 0 0 128 128 128 0 0 1.0 1.0
158000 160000 2 1 19 19 17 1662 1662 27 27 2 42170 41557 0 0 2 25 938 39 489 635 4400 4400 4400 0 0 0 0 0 1 0.0 1.0
160000 162000 5 3 638 638 634 3342 3342 1006 1006 4 1738993 1706124 0 20 4 1002 958 264 689 276 4400 4400 4400 0 128 128 128 0 1 2.0 1.0
162000 164000 5 2 591 591 587 3737 3737 919 919 4 1617025 1586612 0 21 4 914 999 209 507 322 4400 4400 4400 0 128 128 128 0 2 2.0 1.0
164000 166000 6 3 572 572 569 2571 2571 913 913 3 1625016 1597097 0 18 3 910 987 35 451 383 4400 4400 4400 0 128 128 128 0 1 1.0 1.0
166000 168000 7 3 621 621 618 2893 2893 962 962 3 1748677 1716794 0 20 3 958 999 111 416 333 4400 4400 4400 0 128 128 128 0 2 1.0 1.0
168000 170000 5 2 519 519 515 3526 3526 756 756 4 1301057 1272966 0 20 4 752 996 236 480 343 4400 4400 4400 0 128 128 128 0 1 2.0 1.0
170000 172000 4 2 377 377 374 2455 2455 626 626 2 1059200 1050506 0 6 2 623 943 121 502 412 6500 6500 6500 0 128 128 128 0 1 1.0 1.0
172000 174000 4 2 617 617 614 2550 2550 952 952 3 1633000 1601138 0 22 3 949 997 77 532 443 6500 6500 6500 0 128 128 128 0 1 1.0 1.0
174000 176000 4 2 540 540 538 2182 2182 827 827 2 1454369 1428290 0 18 2 824 997 237 579 360 0 0 0 0 128 128 128 0 0 1.0 1.0
176000 178000 6 3 215 215 207 6747 6747 346 346 7 592447 585429 0 5 8 339 985 24 507 376 840 840 840 0 128 128 128 0 4 3.0 1.0
178000 180000 4 2 100 100 98 2243 2243 153 153 3 278865 278865 0 0 2 150 307 29 190 118 840 840 840 0 128 128 128 0 1 1.0 1.0
180000 182000 4 3 93 93 89 2978 2978 147 147 3 258451 252844 0 4 3 143 266 35 162 97 3000 3000 3000 0 128 128 128 0 2 1.0 1.0
182000 184000 4 2 321 321 318 2508 2508 462 462 3 793410 765893 0 19 3 459 989 90 521 439 3000 3000 3000 0 128 128 128 0 1 1.0 1.0
184000 186000 4 2 295 295 292 2534 2534 469 469 3 815429 802425 0 9 3 466 995 42 515 450 3000 3000 3000 0 128 128 128 0 1 1.0 1.0
186000 188000 3 2 257 257 254 2502 2502 429 429 3 733272 720254 0 8 3 426 716 172 378 294 3000 3000 3000 0 128 128 128 0 1 1.0 1.0
188000 190000 4 2 261 261 258 2489 2489 446 446 2 797144 795440 0 1 2 443 991 158 533 404 4400 4400 4400 0 128 128 128 0 1 1.0 1.0
190000 192000 4 2 398 398 395 2511 2511 593 593 3 1117572 1073498 0 30 3 590 987 73 517 430 4400 4400 4400 0 128 128 128 0 1 1.0 1.0
192000 194000 4 2 390 390 387 2502 2502 643 643 3 1117927 1108767 0 6 3 640 998 126 531 414 4400 4400 4400 0 128 128 128 0 1 1.0 1.0
194000 196000 4 2 380 380 377 2485 2485 628 628 2 1081008 1077491 0 2 2 625 993 163 534 405 4400 4400 4400 0 128 128 128 0 1 1.0 1.0
196000 198000 4 2 414 414 411 2489 2489 665 665 2 1133988 1129125 0 3 2 662 998 110 523 430 4400 4400 4400 0 128 128 128 0 1 1.0 1.0
198000 200000 4 2 409 409 406 2536 2536 668 668 3 1142016 1132170 0 7 3 665 980 42 515 441 4400 4400 4400 0 128 128 128 0 1 1.0 1.0
200000 202000 4 2 390 390 387 2486 2486 636 636 2 1109061 1100496 0 6 2 633 995 169 536 401 4400 4400 4400 0 128 128 128 0 1 1.0 1.0
202000 204000 4 2 329 329 326 2515 2515 533 533 3 937857 926509 0 8 3 530 980 105 525 415 4400 4400 4400 0 128 128 128 0 1 1.0 1.0
204000 206000 3 1 316 316 314 1453 1453 477 477 1 821676 805898 0 11 1 475 947 5 568 496 0 0 0 0 0 0 0 0 0 0.0 1.0
206000 208000 1 1 104 104 104 538 538 152 152 0 255880 246354 0 6 0 151 323 323 323 0 4400 4400 4400 0 0 0 0 0 1 0.0 1.0
208000 210000 5 2 654 654 648 4719 4719 1010 1010 4 1756333 1721084 0 24 5 1005 998 300 764 290 4400 4400 4400 0 128 128 128 0 1 2.0 1.0
210000 212000 6 2 553 553 549 3340 3340 885 885 4 1673740 1641240 0 22 3 880 999 145 466 321 4400 4400 4400 0 128 128 128 0 2 2.0 1.0
212000 214000 3 1 372 372 370 1610 1610 541 541 1 981095 963233 0 12 1 539 999 238 645 383 4400 4400 4400 0 0 0 0 0 1 0.0 1.0
214000 216000 4 2 451 451 449 2397 2397 645 645 2 1129960 1110210 0 13 2 642 935 114 484 425 4400 4400 4400 0 128 128 128 0 1 1.0 1.0
216000 218000 4 2 398 398 394 3247 3247 598 598 3 1054701 1023642 0 20 3 594 999 112 531 476 4400 4400 4400 0 128 128 128 0 1 1.0 1.0
218000 220000 4 2 395 395 392 2502 2502 620 620 3 1106767 1066066 0 27 3 617 992 110 585 422 4400 4400 4400 0 128 128 128 0 1 1.0 1.0
220000 222000 4 2 421 421 418 2502 2502 640 640 3 1131733 1073636 0 42 3 637 927 79 688 407 4400 4400 4400 0 128 128 128 0 1 1.0 1.0
222000 224000 4 2 414 414 411 2502 2502 648 648 3 1134879 1095736 0 27 3 645 920 56 530 426 4400 4400 4400 0 128 128 128 0 1 1.0 1.0
224000 226000 3 2 392 392 389 2502 2502 617 617 3 1053369 1018320 0 25 3 614 943 440 741 265 4400 4400 4400 0 128 128 128 0 1 1.0 1.0
226000 228000 4 3 419 419 415 2384 2384 661 661 2 1121595 1108856 0 10 2 656 997 335 773 299 4400 4400 4400 0 128 128 128 0 1 1.0 1.0
228000 230000 4 2 476 476 473 2495 2495 765 765 2 1333316 1309023 0 14 2 762 998 70 587 447 4400 4400 4400 0 128 128 128 0 1 1.0 1.0
230000 232000 4 2 461 461 460 1504 1504 684 684 1 1148651 1091119 0 40 1 683 989 74 449 387 4400 4400 4400 0 128 128 128 0 1 1.0 1.0
232000 234000 5 2 428 428 424 3219 3219 653 653 2 1122668 1097922 0 18 3 650 855 323 652 222 4400 4400 4400 0 128 128 128 0 1 1.0 1.0
234000 236000 5 2 407 407 404 2302 2302 649 649 2 1153007 1118770 0 21 2 646 998 140 452 373 4400 4400 4400 0 128 128 128 0 1 1.0 1.0
236000 238000 6 3 624 623 616 6368 6368 999 999 8 1744138 1702288 0 27 6 990 988 124 640 363 4400 4400 4400 0 128 128 128 0 1 2.0 1.0
238000 240000 5 2 596 596 594 1996 1996 895 895 2 1604163 1559058 0 32 2 893 953 210 518 312 4400 4400 4400 0 128 128 128 0 2 1.0 1.0
240000 242000 3 2 375 375 373 1964 1964 551 551 2 961002 906929 0 38 2 548 676 416 525 134 0 0 0 0 128 128 128 0 0 1.0 0.0
242000 244000 4 3 455 455 449 4379 4379 688 688 6 1171902 1129267 0 30 5 681 999 372 661 314 4400 4400 4400 0 128 128 128 0 2 1.0 2.0
244000 246000 4 2 437 437 435 2044 2044 733 733 2 1274286 1253089 0 15 2 731 996 140 541 445 4400 4400 4400 0 128 128 128 0 1 1.0 1.0
246000 248000 4 2 378 378 376 1902 1902 578 578 2 1012260 952962 0 39 2 575 995 145 535 363 0 0 0 0 128 128 128 0 0 1.0 1.0
248000 250000 1 1 67 67 67 537 537 109 109 0 200282 197564 0 1 0 108 323 323 323 0 4400 4400 4400 0 0 0 0 0 1 0.0 1.0
250000 252000 6 3 607 606 598 6764 6764 959 959 7 1666582 1637268 0 20 7 950 999 196 643 325 4400 4400 4400 0 128 128 128 0 1 2.0 1.0
252000 254000 8 3 548 548 546 2377 2377 840 840 3 1508519 1482540 0 18 2 836 999 48 516 409 4400 4400 4400 0 128 128 128 0 1 1.0 1.0
254000 256000 4 2 391 391 388 2497 2497 595 595 3 1024570 1010993 0 9 3 592 999 145 489 367 4400 4400 4400 0 128 128 128 0 1 1.0 1.0
256000 258000 1 1 4 4 3 820 820 4 4 1 2912 2912 0 0 1 3 907 907 907 0 0 0 0 0 0 0 0 0 0 0.0 1.0
258000 260000 1 1 4 4 3 820 820 4 4 1 2912 2912 0 0 1 3 696 696 696 0 0 0 0 0 0 0 0 0 0 0.0 1.0
260000 262000 1 1 4 4 3 820 820 4 4 1 2912 2912 0 0 1 3 444 444 444 0 0 0 0 0 0 0 0 0 0 0.0 1.0
262000 264000 5 3 626 626 621 3995 3634 913 913 4 1539227 1427994 0 77 4 909 999 324 674 328 4400 4400 4400 0 128 128 128 0 2 2.0 1.0
264000 266000 7 3 954 954 950 3675 3217 1255 1255 4 2083203 1930655 0 105 4 1251 996 84 462 296 4400 4400 4400 0 128 128 128 0 1 1.0 1.0
266000 268000 6 3 732 732 727 4102 4102 1033 1033 4 1832364 1774965 0 41 4 1028 981 117 516 345 4400 4400 4400 0 128 128 128 0 2 2.0 1.0
268000 270000 7 3 738 738 734 3144 3144 1118 1118 3 1876645 1755357 0 83 3 1115 999 155 505 340 4400 4400 4400 0 128 128 128 0 2 2.0 1.0
270000 272000 6 2 520 520 516 3676 3676 857 857 4 1431461 1399783 0 22 4 852 999 15 510 445 4400 4400 4400 0 128 128 128 0 1 1.0 1.0
272000 274000 6 3 712 712 709 2403 2403 1139 1139 2 1924014 1856226 0 47 2 1137 999 252 597 283 4400 4400 4400 0 128 128 128 0 2 2.0 1.0
274000 276000 5 2 633 633 627 4294 4294 940 940 4 1663170 1618871 0 29 5 935 998 276 638 341 4400 4400 4400 0 128 128 128 0 1 1.0 1.0
276000 278000 5 2 567 567 562 3943 3943 886 886 5 1548357 1518712 0 21 4 880 996 58 568 384 4400 4400 4400 0 128 128 128 0 2 2.0 1.0
278000 280000 3 2 346 346 345 829 829 556 556 1 1077251 1063251 0 9 1 555 996 1 545 503 0 0 0 0 0 0 0 0 0 0.0 1.0
280000 282000 2 2 86 86 83 1867 1867 139 139 2 243705 237508 0 4 2 137 245 193 219 36 4400 4400 4400 0 128 128 128 0 1 1.0 1.0
282000 284000 3 1 390 390 388 1661 1661 616 616 1 1080320 1047747 0 23 1 614 982 244 660 377 4400 4400 4400 0 0 0 0 0 1 0.0 1.0
284000 286000 5 2 620 620 615 4108 4108 980 980 4 1727927 1682676 0 30 4 975 985 155 745 343 4400 4400 4400 0 128 128 128 0 1 2.0 1.0
286000 288000 5 2 589 589 585 4053 4053 827 827 4 1504363 1452473 0 36 4 822 988 145 551 366 4400 4400 4400 0 128 128 128 0 2 2.0 1.0
288000 290000 2 1 391 391 390 820 820 618 618 1 1120544 1074344 0 32 1 617 999 691 845 217 0 0 0 0 0 0 0 0 0 0.0 1.0
290000 292000 1 1 4 4 3 820 820 4 4 1 2915 2915 0 0 1 3 883 883 883 0 0 0 0 0 0 0 0 0 0 0.0 1.0
292000 294000 1 1 4 4 3 820 820 4 4 1 2915 2915 0 0 1 3 648 648 648 0 0 0 0 0 0 0 0 0 0 0.0 1.0
294000 296000 1 1 141 141 140 781 781 186 186 0 309984 288931 0 14 0 185 469 469 469 0 4400 4400 4400 0 0 0 0 0 1 0.0 1.0
296000 298000 5 2 618 618 614 3940 3940 934 934 4 1621457 1543748 0 54 4 930 816 323 620 197 4400 4400 4400 0 128 128 128 0 1 2.0 1.0
298000 300000 7 3 676 675 670 3953 3953 1041 1041 4 1782515 1722775 0 40 4 1036 998 111 411 317 4400 4400 4400 0 128 128 128 0 2 2.0 1.0
300000 302000 1 1 107 107 105 512 512 186 186 0 328126 310229 0 12 0 186 456 456 456 0 0 0 0 0 0 0 0 0 0 0.0 0.0
