ts te nbins ncons c_pkts_all c_bytes_all s_pkts_all s_bytes_all max_bin_duration min_bin_duration avg_bin_duration std_bin_duration max_video_rate min_video_rate avg_video_rate std_video_rate max_audio_rate min_audio_rate avg_audio_rate std_audio_rate video_reqs audio_reqs media_reqs
0.0 10000.0 5 1 475.6046885672182 28658.66375870351 1534.9859148092626 1853074.407352975 999.5900000000001 85.89892578125 814.0229851562501 407.0391912079569 2300.0 840.0 1257.142857142857 712.4070532524293 128.0 128.0 128.0 0.0 7 6 2
10000.0 20000.0 10 1 1004.6733509895423 44011.20526986435 2503.9733457333828 3023870.1970777474 997.0789999999979 757.148000000001 934.3254976562508 88.72111085953115 2300.0 840.0 1311.111111111111 626.187760269323 128.0 128.0 128.0 0.0 9 8 5
20000.0 30000.0 8 1 464.7219604432395 20930.130971432136 1568.0407394573542 1865533.3955692775 999.413999999997 15.065000000002328 615.4632622070312 443.98396194526686 1500.0 840.0 1104.0 361.4968879534096 128.0 128.0 128.0 0.0 5 5 5
30000.0 40000.0 7 1 711.4785036314055 28186.288220565286 2866.087846648487 3471093.4245074843 998.9229999999952 798.9719238281177 956.6978462611587 73.68394972607936 3000.0 2300.0 2766.6666666666665 361.4784456460256 128.0 128.0 128.0 0.0 6 5 5
40000.0 50000.0 11 1 1072.714260723602 44014.4736908461 3887.911391184126 4752719.023030258 999.6910000000062 177.1350761718786 887.9045797230118 251.72515457761355 3000.0 3000.0 3000.0 0.0 128.0 128.0 128.0 0.0 6 6 5
50000.0 60000.0 11 1 841.9268689126504 33049.9220809163 3179.6749322896508 3871386.7732886407 999.744000000006 270.7529296875 846.4708753551121 283.8013430938015 4400.0 3000.0 3840.0 766.8115805072325 128.0 128.0 128.0 0.0 5 4 5
60000.0 70000.0 10 1 1083.0480310832688 43895.31749084989 4259.117745965468 5245187.120488424 999.5369999999966 678.2360000000044 917.398806835938 131.5458442161755 4400.0 3000.0 3233.3333333333335 571.5476066494082 128.0 128.0 128.0 0.0 6 6 5
70000.0 80000.0 9 1 674.8997065033836 28275.25466749401 2546.220192622541 3110039.816859293 999.6879999999946 152.83599999998114 791.3501141493002 353.44474386985144 3000.0 3000.0 3000.0 0.0 128.0 128.0 128.0 0.0 4 4 5
80000.0 90000.0 9 1 777.98100327823 31807.55313144618 3169.5602285866357 3889787.6669170116 999.9660000000003 185.3060000000114 795.0962124565963 346.8871808123473 3000.0 3000.0 3000.0 0.0 128.0 128.0 128.0 0.0 5 5 5
90000.0 100000.0 9 1 956.1865055504143 40444.04444886841 3731.796898290577 4578306.075515373 998.5580000000045 166.38800000002084 793.3495583767394 349.6801357797903 3000.0 3000.0 3000.0 0.0 128.0 128.0 128.0 0.0 7 6 5
100000.0 110000.0 11 1 1113.9511729723756 46310.61459019523 4131.038502448221 5037045.072759226 999.7039999999979 177.58603710935859 894.2788302556794 249.6063588832966 3000.0 3000.0 3000.0 0.0 128.0 128.0 128.0 0.0 5 6 5
110000.0 120000.0 10 1 911.39364391279 38684.63179077843 3331.9883723391804 4068144.2508265977 999.8440000000119 220.70990429687663 893.1444898437534 247.55300120496292 3000.0 3000.0 3000.0 0.0 128.0 128.0 128.0 0.0 5 5 5
120000.0 130000.0 10 1 712.4264863852039 30405.859768844723 2817.3027279562566 3432548.8476342154 999.9439999999886 193.71900000001187 761.3265062499995 329.66848337359255 3000.0 3000.0 3000.0 0.0 128.0 128.0 128.0 0.0 5 5 5
130000.0 140000.0 11 1 835.2613738711274 34208.928611721974 3296.2678317343516 4021805.0966593553 999.9010000000126 204.13594335937523 892.1211122159121 244.72625890592013 3000.0 3000.0 3000.0 0.0 128.0 128.0 128.0 0.0 5 5 5
140000.0 150000.0 9 1 862.1408688303691 36069.64554276035 3194.536133908819 3910894.6387663893 999.9869999999937 221.15570898438455 875.3326640625019 256.4100115731422 3000.0 3000.0 3000.0 0.0 128.0 128.0 128.0 0.0 5 5 5
150000.0 160000.0 10 1 989.3664151540129 41317.95831965451 3740.686725130441 4580790.288833513 999.4489999999932 0.0 798.0782624999993 374.5912431187644 3000.0 3000.0 3000.0 0.0 128.0 128.0 128.0 0.0 6 6 5
160000.0 170000.0 9 1 912.5184538443862 38577.883153144976 3412.926262477049 4180038.160995103 999.762000000017 24.332999999984168 774.2196733940995 381.2761876505507 3000.0 3000.0 3000.0 0.0 128.0 128.0 128.0 0.0 5 5 5
170000.0 180000.0 11 1 854.3208774777709 35371.285867317456 3263.046936833319 3971187.303138033 999.6889999999839 176.08104687501327 896.4870268110826 251.27820132931586 3000.0 3000.0 3000.0 0.0 128.0 128.0 128.0 0.0 5 5 5
180000.0 190000.0 9 1 608.9559031594716 25402.62562826216 2543.847236056835 3094402.345872657 999.5599999999977 32.69200000001001 778.989532769095 378.64031679118943 3000.0 3000.0 3000.0 0.0 128.0 128.0 128.0 0.0 4 4 5
190000.0 200000.0 11 1 1083.8246631498712 44374.42851669397 4432.555007577823 5439119.6731104 999.9159999999974 176.5369570312905 900.9809934304001 249.26513329646303 3000.0 3000.0 3000.0 0.0 128.0 128.0 128.0 0.0 7 7 5
200000.0 210000.0 10 1 795.1614261100696 32724.601788444663 3304.1175153662534 4026270.824140909 999.9180000000342 0.0 795.5968115234427 372.950217765084 6500.0 3000.0 4166.666666666667 1807.3922282301278 128.0 128.0 128.0 0.0 6 4 5
210000.0 220000.0 11 1 974.0855507394239 40623.714801355636 3726.886716522052 4561376.958945452 999.4109999999928 175.9729140624986 903.07134730113 249.7349330880188 3000.0 3000.0 3000.0 0.0 128.0 128.0 128.0 0.0 6 6 5
220000.0 230000.0 9 1 778.3582847101734 32484.96788983973 2891.4307960619135 3530959.6377116637 999.9350000000268 30.159000000043306 796.640677083345 385.0636424259314 3000.0 3000.0 3000.0 0.0 128.0 128.0 128.0 0.0 4 4 5
230000.0 240000.0 9 1 947.4356658731075 39278.01360212838 3700.2787271356474 4526255.452850494 999.2850000000035 82.83200000002398 872.9366621093844 304.45604914421165 3000.0 3000.0 3000.0 0.0 128.0 128.0 128.0 0.0 6 6 5
240000.0 250000.0 11 1 1145.9979782266842 48057.19583975047 4292.419737387595 5262057.991636616 999.3570000000764 208.20804101563408 901.1543027343815 241.19506825963688 4400.0 3000.0 3233.3333333333335 571.5476066494082 128.0 128.0 128.0 0.0 6 6 5
250000.0 260000.0 11 1 1106.7426323104783 43999.19306701069 4620.824323775955 5664182.957479876 999.99099999998 213.14671093749348 888.1167998934662 254.39068137854355 4400.0 4400.0 4400.0 0.0 128.0 128.0 128.0 0.0 5 5 5
260000.0 270000.0 11 1 1268.1106162418728 49706.7498819547 5151.074516880344 6337387.555015278 999.4089999999851 315.44991210929584 875.1779098011267 265.3256267664249 6500.0 4400.0 4820.0 939.1485505499116 128.0 128.0 128.0 0.0 5 5 5
270000.0 280000.0 9 1 817.7131073478572 32759.847609155753 3354.4026948204582 4124093.0430177366 999.085000000021 272.90600000001723 873.8135449218745 254.89351650999006 4400.0 3000.0 3280.0 626.0990336999411 128.0 128.0 128.0 0.0 5 5 5
280000.0 290000.0 9 1 938.5250248141222 38864.33804467324 3787.944372209226 4654590.869405426 999.5329999999958 145.32500000001164 879.921773003479 284.5191226590559 3000.0 3000.0 3000.0 0.0 128.0 128.0 128.0 0.0 6 6 5
290000.0 300000.0 11 1 1096.058039784593 43781.7710101849 4275.596353886277 5238572.621310982 999.9130000000005 212.7700429687393 895.2436296164789 246.315592195351 4400.0 3000.0 4120.0 626.0990336999411 128.0 128.0 128.0 0.0 5 5 5
300000.0 310000.0 1 1 18.416935401284867 698.890945141862 64.45927390449704 78522.50928359196 312.7821171875112 312.7821171875112 312.7821171875112 0.0 0.0 0.0 0.0 0.0 0.0 0.0 0.0 0.0 0 0 0
