ts te nbins ncons c_pkts_all c_bytes_all s_pkts_all s_bytes_all max_bin_duration min_bin_duration avg_bin_duration std_bin_duration max_video_rate min_video_rate avg_video_rate std_video_rate max_audio_rate min_audio_rate avg_audio_rate std_audio_rate video_reqs audio_reqs media_reqs
0.0 10000.0 3 1 101.21756575843277 23960.680950400965 184.62925483604465 228076.17604225443 985.3869999999879 964.240966796875 976.0243222656233 10.7788422651551 3000.0 288.0 1372.8 1485.4235759540104 128.0 128.0 128.0 0.0 5 6 2
10000.0 20000.0 11 1 940.9765296965998 65494.60555286839 1734.6360791225784 2377647.4933258444 999.8890000000247 32.24003320315387 846.5058481889268 295.65359129344193 1500.0 288.0 728.7272727272727 611.4842746807298 128.0 128.0 128.0 0.0 11 10 5
20000.0 30000.0 9 1 833.7469779639888 50717.96875299168 2106.2279481611167 3013905.300328249 998.969000000041 339.47670312499395 772.2466315104199 238.01280123241523 3000.0 1500.0 2175.0 629.6257391725433 128.0 128.0 128.0 0.0 8 8 5
30000.0 40000.0 11 1 1070.5539276619759 63204.93907189858 3143.3289172232894 4520806.86374973 998.6830000000191 328.91301953123184 893.1337199928874 218.86804847046253 4400.0 3000.0 3700.0 766.8115805072325 128.0 128.0 128.0 0.0 6 6 5
40000.0 50000.0 11 1 1413.3676155945254 77159.59899640364 4307.44530713825 6234937.732566139 999.8640000000014 301.466064453125 836.8312876420518 281.16068588041503 4400.0 4400.0 4400.0 0.0 128.0 128.0 128.0 0.0 5 5 5
50000.0 60000.0 10 1 1383.8598918965954 74455.48639817434 4175.466351950944 6036330.309564033 999.13400000002 357.053955078125 894.0045890624984 211.31078766624472 4400.0 4400.0 4400.0 0.0 128.0 128.0 128.0 0.0 5 5 5
60000.0 70000.0 10 1 1482.3620942365274 83563.07804805861 4254.167823371093 6140685.460429471 999.9710000000196 394.5590000000084 868.673401562497 205.46831552082574 4400.0 4400.0 4400.0 0.0 128.0 128.0 128.0 0.0 6 6 5
70000.0 80000.0 11 1 1370.9722523727935 76558.61271491503 4117.666212073272 5930387.081523257 999.2999999999884 154.52102929685498 821.9830317826603 276.0278950348106 4400.0 4400.0 4400.0 0.0 128.0 128.0 128.0 0.0 5 5 5
80000.0 90000.0 11 1 1411.5999433089055 80840.43888306804 4134.205407321391 5968856.415810488 999.2310000000289 395.9976796875126 901.0262341974462 212.0136013887225 4400.0 4400.0 4400.0 0.0 128.0 128.0 128.0 0.0 5 5 5
90000.0 100000.0 11 1 1686.2505307950305 94462.12080334847 5204.495022015457 7531026.891412841 999.74099999998 303.735107421875 882.019200994321 254.62968401150937 6500.0 4400.0 5800.0 1084.4353369380767 128.0 128.0 128.0 0.0 6 6 5
100000.0 110000.0 11 1 1849.1309836680948 99523.7375350354 5872.502263229644 8509099.913299942 999.9550000000163 288.490966796875 900.8311690340898 229.6868923973058 6500.0 6500.0 6500.0 0.0 128.0 128.0 128.0 0.0 5 5 5
110000.0 120000.0 11 1 1856.170326848288 100252.91475812293 5972.31374549523 8657600.433378851 999.8570000000182 270.673095703125 905.5182844460148 228.00448994575183 6500.0 6500.0 6500.0 0.0 128.0 128.0 128.0 0.0 6 6 5
120000.0 130000.0 11 1 1761.5486188347545 99741.92581728703 5298.469988738495 7655621.587518297 999.7679999999818 251.4272460936918 905.5050136718729 231.47331055073394 6500.0 4400.0 5600.0 1122.4972160321825 128.0 128.0 128.0 0.0 7 7 4
130000.0 140000.0 10 1 1781.4016043172558 99840.76125907688 5442.615514210802 7874028.958214164 999.9079999999958 748.0857539062272 934.4700648437371 93.43906140796615 6500.0 4400.0 5900.0 1024.6950765959598 128.0 128.0 128.0 0.0 7 7 5
140000.0 150000.0 11 1 1824.5442884720358 97815.35547407051 5828.251146765765 8450942.648197133 999.5279999999912 149.06210546882357 891.5115633877947 259.7592250600095 6500.0 6500.0 6500.0 0.0 128.0 128.0 128.0 0.0 5 5 5
150000.0 160000.0 11 1 1935.5678636915934 105319.80307948988 6037.251462368922 8743287.797318583 999.9419999999809 280.0659082031343 906.3955648082509 225.41558789838732 6500.0 6500.0 6500.0 0.0 128.0 128.0 128.0 0.0 5 5 5
160000.0 170000.0 11 1 1883.7797609487304 102012.57045919617 5951.166101017226 8626006.77516316 999.6680000000051 282.6956953125191 904.0203410866511 227.00859634965147 6500.0 6500.0 6500.0 0.0 128.0 128.0 128.0 0.0 5 6 5
170000.0 180000.0 11 1 1945.911440830182 105102.03729291366 6102.430812089891 8845927.2354627 999.8989999999758 299.0919433593517 899.1601860795319 228.76550826329603 6500.0 6500.0 6500.0 0.0 128.0 128.0 128.0 0.0 6 5 5
180000.0 190000.0 11 1 1977.5701891078522 106163.97547396026 6046.609018023866 8738448.327417418 999.8229999999749 376.12689648440573 906.5599080255647 210.80511716268558 6500.0 6500.0 6500.0 0.0 128.0 128.0 128.0 0.0 5 5 5
190000.0 200000.0 11 1 1855.7447173313435 99674.63571545926 5943.057786707184 8612023.906298831 999.664999999979 386.4099082031171 905.2931795099284 210.04889068398586 6500.0 6500.0 6500.0 0.0 128.0 128.0 128.0 0.0 5 5 5
200000.0 210000.0 11 1 1954.9937432018953 106200.6757736874 6070.002151807198 8802883.246605871 999.9429999999702 403.2179335937835 902.8680030184755 208.80047888028128 6500.0 6500.0 6500.0 0.0 128.0 128.0 128.0 0.0 5 5 5
210000.0 220000.0 11 1 2038.9529664890938 110655.06377056618 6060.63400167639 8781182.886295918 999.8429999999935 423.69690039067063 905.0967226562577 209.02282120931017 6500.0 6500.0 6500.0 0.0 128.0 128.0 128.0 0.0 6 6 5
220000.0 230000.0 11 1 1845.6095302557346 99886.13146531368 5901.8637395197175 8550704.711739007 999.9780000000028 450.107951171929 906.6855443891942 206.82297396269257 6500.0 6500.0 6500.0 0.0 128.0 128.0 128.0 0.0 5 5 5
230000.0 240000.0 11 1 1911.6928186587995 103042.12438990662 5949.98201381124 8624375.884053921 999.6600000000326 467.511962890625 906.0830047940307 205.57503487225657 6500.0 6500.0 6500.0 0.0 128.0 128.0 128.0 0.0 5 5 5
240000.0 250000.0 11 1 1664.8000027408339 94197.52538518296 5160.053089309048 7473314.326035618 999.6570000000065 348.93896484375 835.6939886363689 281.53666048464834 6500.0 4400.0 5600.0 1122.4972160321825 128.0 128.0 128.0 0.0 7 7 5
250000.0 260000.0 11 1 1777.0435175552932 95095.63034127046 5910.767027974407 8562395.037608705 999.9939999999478 321.041259765625 903.0990268110658 219.4814966783681 6500.0 6500.0 6500.0 0.0 128.0 128.0 128.0 0.0 6 5 5
260000.0 270000.0 11 1 1771.695269686672 94936.31591814346 5941.066806717319 8610367.84151481 999.8519999999553 306.365966796875 906.0955188210038 220.77102841475892 6500.0 6500.0 6500.0 0.0 128.0 128.0 128.0 0.0 5 6 5
270000.0 280000.0 11 1 1853.9722380049486 99728.97999400609 5893.762394418936 8538138.605186285 999.9740000000456 278.16796875 899.5596365411977 225.25158521901483 6500.0 6500.0 6500.0 0.0 128.0 128.0 128.0 0.0 5 5 5
280000.0 290000.0 11 1 1830.1430609761337 98335.13654905191 5819.5744442043615 8431185.092984734 999.685999999987 123.92724609375 880.0210252130637 266.5497712445508 6500.0 6500.0 6500.0 0.0 128.0 128.0 128.0 0.0 5 5 5
290000.0 300000.0 11 1 1850.6372385283694 99016.93832606779 5910.629625856903 8560383.410590172 999.920999999973 112.10888671875 906.7574218749916 266.14643700098225 6500.0 6500.0 6500.0 0.0 128.0 128.0 128.0 0.0 5 5 5
300000.0 310000.0 1 1 193.18249056672033 10670.231050063667 484.7285428440184 701328.6503635652 872.6691132812994 872.6691132812994 872.6691132812994 0.0 0.0 0.0 0.0 0.0 128.0 128.0 128.0 0.0 0 1 0
