ts te nbins ncons c_pkts_all c_ack_cnt c_ack_cnt_p c_bytes_all c_bytes_uniq s_pkts_all s_ack_cnt s_ack_cnt_p s_bytes_all s_bytes_uniq c_pkts_retx s_pkts_retx c_pkts_data s_pkts_data max_bin min_bin avg_bin std_bin max_vid min_vid avg_vid std_vid max_aud min_aud avg_aud std_aud num_vid num_aud num_mfs
0 5000 34 26 237 235 90 65689 65689 340 340 160 172659 170155 0 1 144 176 985 28 263 241 0 0 0 0 0 0 0 0 0 0.0 0.0
5000 10000 17 15 128 119 49 44256 43550 153 153 83 54011 54011 1 1 68 57 844 4 267 230 1500 840 1311 322 128 128 128 0 7 6.0 2.0
10000 15000 12 7 86 79 37 51825 50893 112 112 54 56391 44796 2 10 40 53 986 0 373 393 840 840 840 0 128 128 128 0 5 5.0 3.0
15000 20000 3 3 10 10 4 5313 5313 15 15 8 4462 4462 0 0 6 6 234 55 161 93 2300 2300 2300 0 128 128 128 0 4 3.0 2.0
20000 25000 4 4 11 11 3 12821 12821 13 13 11 756 756 0 0 7 2 169 27 95 76 2300 2300 2300 0 128 128 128 0 2 2.0 3.0
25000 30000 3 3 23 22 11 9620 9620 31 31 16 10053 10053 0 0 10 13 381 209 279 90 2300 2300 2300 0 128 128 128 0 3 3.0 2.0
30000 35000 8 8 72 71 10 134765 134765 122 122 109 6390 6390 0 0 60 11 494 17 187 151 2300 2300 2300 0 128 128 128 0 2 2.0 3.0
35000 40000 15 15 22 22 14 5384 5384 29 29 21 4558 4558 0 0 8 8 284 18 64 78 2300 2300 2300 0 128 128 128 0 3 3.0 2.0
40000 45000 5 5 9 9 5 5799 5444 10 10 9 378 378 1 0 4 1 142 29 52 49 2300 2300 2300 0 128 128 128 0 1 1.0 3.0
45000 50000 24 24 34 34 25 11333 11333 41 41 35 5013 5013 0 0 9 6 137 15 34 35 288 288 288 0 128 128 128 0 8 7.0 2.0
50000 55000 18 18 31 31 18 7971 7971 34 34 24 378 378 0 0 4 1 386 23 84 103 1500 480 820 588 128 128 128 0 3 2.0 3.0
55000 60000 9 9 31 30 16 7839 7839 40 40 20 10693 10029 0 2 9 14 672 17 181 248 2300 2300 2300 0 128 128 128 0 3 3.0 2.0
60000 65000 10 10 28 26 8 18941 18941 34 34 21 927 927 0 0 11 8 169 0 55 61 2300 2300 2300 0 128 128 128 0 2 2.0 3.0
65000 70000 7 7 85 83 12 139270 139270 137 137 110 12527 11139 0 1 70 25 544 0 231 236 2300 2300 2300 0 128 128 128 0 3 3.0 2.0
70000 75000 5 5 11 11 4 7243 7243 13 13 9 762 762 0 0 5 2 157 22 77 69 3000 2300 2766 404 128 128 128 0 3 2.0 3.0
75000 80000 3 3 4 4 3 0 0 6 6 3 77 77 0 1 0 1 381 31 148 201 2300 2300 2300 0 128 128 128 0 3 3.0 2.0
80000 85000 3 3 9 9 3 8817 8817 9 9 7 756 756 0 0 6 2 157 15 105 78 2300 2300 2300 0 128 128 128 0 2 2.0 3.0
85000 90000 1 1 5 5 1 5221 4317 6 6 5 533 533 1 0 4 1 145 145 145 0 2300 2300 2300 0 128 128 128 0 1 1.0 2.0
90000 95000 18 18 28 27 18 10767 10767 30 30 24 1494 1494 0 0 9 5 201 15 44 58 288 288 288 0 128 128 128 0 5 5.0 3.0
95000 100000 9 9 8 8 6 70 70 10 10 8 62 62 0 0 2 2 29 0 16 7 1500 288 591 606 128 128 128 0 4 4.0 2.0
100000 105000 3 3 12 11 2 11923 11923 15 15 11 806 806 0 0 8 4 158 17 110 80 1500 1500 1500 0 128 128 128 0 2 2.0 3.0
105000 110000 1 1 1 1 1 0 0 1 1 1 0 0 0 0 0 0 23 23 23 0 2300 1500 2033 461 128 128 128 0 3 3.0 2.0
110000 115000 3 3 6 6 3 5968 5968 8 8 7 378 378 0 0 3 1 169 15 67 88 2300 2300 2300 0 128 128 128 0 2 2.0 3.0
115000 120000 0 0 0 0 0 0 0 0 0 0 0 0 0 0 0 0 0 0 0 0 0 0 0 0 0 0 0 0 0  
120000 125000 6 6 150 150 128 8557 8557 192 192 14 242565 178717 0 46 22 178 987 15 221 380 3000 1500 2250 1060 128 128 128 0 2 2.0 3.0
125000 130000 8 8 89 87 20 134041 134041 151 151 114 18015 17843 0 1 67 35 395 15 149 135 1500 1500 1500 0 128 128 128 0 3 3.0 2.0
130000 135000 3 3 11 11 2 15688 15688 16 16 13 787 787 0 0 9 3 155 108 140 26 1500 1500 1500 0 128 128 128 0 3 3.0 3.0
135000 140000 13 13 16 15 13 0 0 16 16 12 154 154 0 0 0 3 32 2 24 8 1500 1500 1500 0 0 0 0 0 3 0.0 2.0
140000 145000 9 9 14 14 9 7281 7281 16 16 14 756 756 0 0 5 2 385 40 140 145 1500 1500 1500 0 128 128 128 0 2 6.0 3.0
145000 150000 1 1 1 1 1 0 0 1 1 1 0 0 0 0 0 0 24 24 24 0 3000 1500 2500 866 128 128 128 0 3 3.0 2.0
150000 155000 4 4 11 11 4 7651 7651 13 13 9 428 428 0 0 5 3 203 20 74 87 3000 3000 3000 0 128 128 128 0 2 2.0 3.0
155000 160000 2 2 2 2 0 70 70 4 4 2 62 62 0 0 2 2 26 17 21 6 840 840 840 0 0 0 0 0 1 0.0 2.0
160000 165000 2 2 6 6 2 4068 4068 8 8 5 440 409 0 1 4 3 230 185 208 31 840 840 840 0 128 128 128 0 4 5.0 3.0
165000 170000 4 4 7 7 4 3771 3771 8 8 7 533 533 0 0 3 1 126 15 43 55 3000 840 1560 1247 128 128 128 0 3 3.0 2.0
170000 175000 4 4 8 8 4 8027 8027 11 11 10 378 378 0 0 4 1 163 16 57 70 3000 3000 3000 0 128 128 128 0 2 2.0 3.0
175000 180000 0 0 0 0 0 0 0 0 0 0 0 0 0 0 0 0 0 0 0 0 0 0 0 0 0 0 0 0 0  
180000 185000 13 13 16 16 12 5391 5391 19 19 17 409 409 0 0 4 2 344 15 49 92 1500 1500 1500 0 128 128 128 0 3 3.0 3.0
185000 190000 11 11 74 73 17 120680 120680 127 127 104 10638 10638 0 0 56 22 353 21 114 143 1500 1500 1500 0 128 128 128 0 4 4.0 2.0
190000 195000 4 4 10 10 4 8021 8021 12 12 9 787 787 0 0 6 3 165 16 88 83 3000 1500 2250 1060 128 128 128 0 2 2.0 3.0
195000 200000 2 2 3 2 1 0 0 3 3 1 77 77 0 0 0 2 45 15 30 20 3000 3000 3000 0 128 128 128 0 3 3.0 2.0
200000 205000 2 2 7 7 2 8029 8029 9 9 7 756 756 0 0 5 2 149 137 143 8 3000 3000 3000 0 128 128 128 0 2 2.0 3.0
205000 210000 1 1 4 4 1 4021 4021 5 5 4 533 533 0 0 3 1 150 150 150 0 3000 3000 3000 0 128 128 128 0 3 3.0 2.0
210000 215000 4 4 7 7 3 5726 5726 10 10 8 409 409 0 0 4 2 146 23 54 61 3000 3000 3000 0 128 128 128 0 3 3.0 3.0
215000 220000 3 3 3 3 1 70 70 5 5 3 62 62 0 0 2 2 44 24 36 10 3000 3000 3000 0 128 128 128 0 3 3.0 2.0
220000 225000 2 2 9 9 2 6706 5423 11 11 7 818 409 3 2 7 4 524 396 460 90 3000 3000 3000 0 128 128 128 0 2 2.0 3.0
225000 230000 11 11 11 11 11 0 0 11 11 11 0 0 0 0 0 0 30 18 23 5 3000 3000 3000 0 128 128 128 0 3 3.0 2.0
230000 235000 10 10 14 14 10 5388 5388 17 17 14 417 417 0 0 3 2 242 13 41 70 3000 3000 3000 0 128 128 128 0 2 2.0 3.0
235000 240000 1 1 1 1 1 0 0 1 1 1 0 0 0 0 0 0 100 100 100 0 3000 3000 3000 0 128 128 128 0 2 2.0 2.0
240000 245000 15 14 170 170 135 8072 8072 230 230 24 254053 179101 1 54 25 197 997 15 221 269 3000 3000 3000 0 128 128 128 0 3 3.0 3.0
245000 250000 13 12 99 98 28 121504 120725 159 159 112 18112 14779 3 6 65 40 841 29 264 256 3000 3000 3000 0 128 128 128 0 2 2.0 2.0
250000 255000 4 4 18 17 6 16761 16761 22 22 14 4583 4002 0 0 11 7 424 15 184 172 3000 3000 3000 0 128 128 128 0 3 2.0 3.0
255000 260000 1 1 4 4 3 0 0 4 4 1 154 77 0 1 0 2 184 184 184 0 3000 3000 3000 0 0 0 0 0 3 0.0 2.0
260000 265000 3 3 9 9 3 7071 7071 12 12 8 833 833 0 0 5 3 161 54 120 57 3000 3000 3000 0 128 128 128 0 3 8.0 3.0
265000 270000 1 1 5 4 2 1820 1820 5 5 2 670 670 0 0 1 1 196 196 196 0 3000 3000 3000 0 128 128 128 0 3 3.0 2.0
270000 275000 7 7 13 13 5 10109 9273 14 14 11 914 914 1 0 8 3 208 17 78 85 3000 3000 3000 0 128 128 128 0 2 2.0 3.0
275000 280000 4 4 4 4 2 70 70 6 6 4 62 62 0 0 2 2 26 15 20 4 3000 3000 3000 0 128 128 128 0 3 3.0 2.0
280000 285000 2 2 5 5 1 5373 5373 8 8 6 409 409 0 0 4 2 169 29 99 98 3000 3000 3000 0 128 128 128 0 2 2.0 3.0
285000 290000 4 4 7 7 4 4515 3270 8 8 7 533 533 1 0 3 1 123 15 45 51 3000 3000 3000 0 128 128 128 0 3 3.0 2.0
290000 295000 3 3 6 6 3 5411 5411 8 8 7 378 378 0 0 3 1 170 15 67 89 3000 3000 3000 0 128 128 128 0 2 2.0 3.0
295000 300000 0 0 0 0 0 0 0 0 0 0 0 0 0 0 0 0 0 0 0 0 0 0 0 0 0 0 0 0 0  
300000 305000 0 0 0 0 0 0 0 0 0 0 0 0 0 0 0 0 0 0 0 0 0 0 0 0 0 0 0 0 0  
