ts te nbins ncons c_pkts_all c_ack_cnt c_ack_cnt_p c_bytes_all c_bytes_uniq s_pkts_all s_ack_cnt s_ack_cnt_p s_bytes_all s_bytes_uniq c_pkts_retx s_pkts_retx c_pkts_data s_pkts_data max_bin min_bin avg_bin std_bin max_vid min_vid avg_vid std_vid max_aud min_aud avg_aud std_aud num_vid num_aud num_mfs
0 2000 0 0 0 0 0 0 0 0 0 0 0 0 0 0 0 0 0 0 0 0 0 0 0 0 0 0 0 0 0  
2000 4000 0 0 0 0 0 0 0 0 0 0 0 0 0 0 0 0 0 0 0 0 0 0 0 0 0 0 0 0 0  
4000 6000 0 0 0 0 0 0 0 0 0 0 0 0 0 0 0 0 0 0 0 0 0 0 0 0 0 0 0 0 0  
6000 8000 5 4 19 18 11 6341 5431 29 29 9 24111 20049 0 2 6 18 891 9 317 334 480 480 480 0 128 128 128 0 2 2.0 1.0
8000 10000 11 4 109 107 95 11056 8348 185 185 18 261664 151483 2 73 11 165 884 1 511 335 288 288 288 0 128 128 128 0 2 1.0 1.0
10000 12000 8 4 90 90 83 5504 3825 149 149 10 234961 174981 1 36 6 138 998 151 552 394 288 288 288 0 128 128 128 0 1 1.0 1.0
12000 14000 10 4 137 137 131 4719 4719 213 213 10 342277 213718 0 83 5 202 998 0 509 393 288 288 288 0 128 128 128 0 2 2.0 1.0
14000 16000 8 4 101 101 94 5754 4913 184 184 11 322807 281160 1 27 6 172 937 224 547 293 288 288 288 0 128 128 128 0 3 2.0 1.0
16000 18000 9 4 118 118 112 5549 5549 169 169 12 334181 266592 0 36 6 157 976 47 548 313 288 288 288 0 128 128 128 0 3 2.0 1.0
18000 20000 7 3 81 81 75 4850 2917 131 131 9 252492 212672 2 25 5 121 996 27 532 394 288 288 288 0 128 128 128 0 1 3.0 1.0
20000 22000 6 3 59 59 52 5365 3424 76 76 7 163691 150598 2 9 6 69 739 210 585 206 840 840 840 0 128 128 128 0 2 1.0 1.0
22000 24000 7 3 115 115 112 3024 2747 148 148 7 294200 273867 0 11 3 141 973 102 489 324 840 840 840 0 128 128 128 0 1 1.0 1.0
24000 26000 6 2 98 98 94 3592 2533 132 132 6 236900 230763 1 5 4 126 961 244 490 251 840 840 840 0 128 128 128 0 1 1.0 1.0
26000 28000 7 3 131 131 127 3458 2835 171 171 7 366617 338870 0 13 4 164 975 15 503 356 840 840 840 0 128 128 128 0 1 1.0 1.0
28000 30000 6 3 97 97 93 3560 3355 128 128 7 256615 238708 0 7 4 120 960 181 473 330 840 840 840 0 128 128 128 0 2 2.0 1.0
30000 32000 6 3 132 132 127 3859 3223 207 207 8 384440 310890 0 35 4 198 977 96 598 359 840 840 840 0 128 128 128 0 1 1.0 1.0
32000 34000 5 2 140 140 136 2768 2768 189 189 6 338203 299711 0 21 3 183 999 79 588 417 840 840 840 0 128 128 128 0 1 1.0 1.0
34000 36000 5 2 117 117 113 3409 1822 144 144 4 241825 209756 1 21 4 139 884 44 548 381 840 840 840 0 128 128 128 0 1 1.0 1.0
36000 38000 5 2 146 146 142 3166 3072 189 189 5 339548 310843 0 21 3 183 992 52 680 389 840 840 840 0 128 128 128 0 1 1.0 1.0
38000 40000 5 3 29 29 24 3739 1239 21 21 3 34288 33936 3 2 4 17 728 102 391 292 0 0 0 0 0 0 0 0 0 0.0 1.0
40000 42000 7 4 77 76 70 4007 3115 182 182 10 292744 187060 1 61 4 171 996 61 486 365 288 288 288 0 128 128 128 0 2 2.0 1.0
42000 44000 7 3 101 101 96 4646 3858 142 142 9 244028 175360 0 41 5 133 951 98 558 351 288 288 288 0 128 128 128 0 1 1.0 1.0
44000 46000 2 1 3 3 2 535 535 6 6 1 11399 9222 0 1 0 5 244 41 143 142 0 0 0 0 0 0 0 0 0 0.0 1.0
46000 48000 6 3 65 65 58 5330 4199 107 107 8 180205 113562 1 39 6 99 965 147 654 365 288 288 288 0 128 128 128 0 2 2.0 1.0
48000 50000 5 3 69 69 64 3737 2642 102 102 6 214901 194224 1 10 4 95 788 38 522 318 288 288 288 0 128 128 128 0 1 1.0 1.0
50000 52000 6 3 118 118 113 4225 3150 163 163 7 391144 391144 1 0 5 155 990 224 517 342 4400 4400 4400 0 128 128 128 0 2 1.0 1.0
52000 54000 9 4 304 303 301 2117 2117 475 475 5 902429 757941 0 95 2 469 999 27 562 380 4400 4400 4400 0 128 128 128 0 1 1.0 1.0
54000 56000 9 4 356 355 353 1725 1725 454 454 3 819222 661374 1 103 2 450 999 22 534 375 4400 4400 4400 0 0 0 0 0 1 0.0 1.0
56000 58000 10 5 316 315 310 5361 4521 437 437 6 836622 739582 1 55 4 428 994 22 600 425 0 0 0 0 128 128 128 0 0 1.0 1.0
58000 60000 9 5 282 281 275 5377 4619 355 355 9 776281 722401 1 35 5 345 995 49 605 345 4400 4400 4400 0 128 128 128 0 1 1.0 1.0
60000 62000 10 5 371 371 369 1672 871 467 467 3 799364 680844 1 76 2 463 995 0 413 404 0 0 0 0 0 0 0 0 0 0.0 1.0
62000 64000 9 5 298 298 292 3212 2372 409 409 8 818391 736356 1 45 4 401 995 373 761 211 4400 4400 4400 0 128 128 128 0 1 1.0 1.0
64000 66000 8 3 278 278 275 2581 2581 365 365 5 733719 698855 0 18 3 359 990 201 583 292 4400 4400 4400 0 128 128 128 0 1 1.0 1.0
66000 68000 9 6 262 259 253 3856 3381 345 345 7 606922 540282 0 42 4 337 745 55 372 233 840 840 840 0 128 128 128 0 2 1.0 1.0
68000 70000 9 4 174 173 163 8929 6883 251 251 14 525360 493534 2 15 10 235 999 59 421 318 840 840 840 0 128 128 128 0 1 2.0 1.0
70000 72000 7 3 256 256 248 7077 6237 399 399 14 766166 662501 1 53 8 385 999 62 749 319 840 840 840 0 128 128 128 0 3 3.0 1.0
72000 74000 9 4 240 240 232 6211 5466 304 304 13 664724 655197 0 4 7 290 998 55 636 373 840 840 840 0 128 128 128 0 3 2.0 1.0
74000 76000 6 3 130 130 124 5036 3261 162 162 7 326604 326604 2 0 6 154 994 20 596 379 840 840 840 0 128 128 128 0 1 2.0 1.0
76000 78000 4 2 80 80 77 2274 2274 100 100 7 252331 252331 0 0 2 92 990 250 736 339 840 840 840 0 128 128 128 0 1 1.0 1.0
78000 80000 6 3 129 129 125 3314 2927 201 201 6 403476 403476 0 0 3 194 996 29 416 339 3000 3000 3000 0 128 128 128 0 2 1.0 1.0
80000 82000 7 3 250 250 245 3914 2660 337 337 6 759855 704872 1 27 4 331 999 161 606 337 3000 3000 3000 0 128 128 128 0 1 1.0 1.0
82000 84000 3 2 137 137 136 1090 1090 155 155 0 416189 416189 0 0 1 154 932 86 616 462 0 0 0 0 0 0 0 0 0 0.0 1.0
84000 86000 4 2 194 194 191 2940 2120 279 279 5 631193 627588 1 2 3 274 998 221 594 356 3000 3000 3000 0 128 128 128 0 1 1.0 1.0
86000 88000 6 4 240 239 231 7228 6398 379 379 11 783213 689983 1 44 8 367 998 222 610 274 1500 1500 1500 0 128 128 128 0 3 1.0 1.0
88000 90000 4 2 203 203 201 1550 1550 356 356 3 690652 297951 0 193 1 353 988 195 577 427 840 840 840 0 128 128 128 0 1 1.0 1.0
90000 92000 5 3 193 193 185 6798 5278 277 277 10 525951 479843 1 25 8 267 734 121 576 259 840 840 840 0 128 128 128 0 2 3.0 1.0
92000 94000 5 3 84 84 81 2510 2350 123 123 5 243865 243865 0 0 3 118 618 118 248 212 2300 2300 2300 0 128 128 128 0 2 1.0 1.0
94000 96000 6 3 190 190 186 3771 3771 244 244 6 594414 594414 0 0 4 238 983 107 434 395 2300 2300 2300 0 128 128 128 0 1 1.0 1.0
96000 98000 5 2 172 172 170 1807 1807 236 236 4 560519 556666 0 2 2 231 978 120 442 441 2300 2300 2300 0 128 128 128 0 1 1.0 1.0
98000 100000 5 2 238 238 235 2631 2631 323 323 5 609806 583686 0 15 3 318 993 97 523 420 2300 2300 2300 0 128 128 128 0 1 1.0 1.0
100000 102000 5 2 184 184 182 2178 2178 260 260 4 657676 657676 0 0 2 255 992 96 477 428 2300 2300 2300 0 128 128 128 0 1 1.0 1.0
102000 104000 5 2 191 191 187 2658 2658 254 254 4 572301 557883 0 10 3 249 971 85 458 440 2300 2300 2300 0 128 128 128 0 1 1.0 1.0
104000 106000 5 2 186 186 182 3238 3238 255 255 6 555452 555452 0 0 3 248 961 65 500 420 2300 2300 2300 0 128 128 128 0 1 1.0 1.0
106000 108000 5 2 160 160 158 1301 1301 206 206 3 522634 520459 0 1 1 202 989 123 467 420 0 0 0 0 128 128 128 0 0 1.0 1.0
108000 110000 5 3 234 234 231 2662 2662 316 316 5 669300 661988 0 4 3 311 999 222 526 343 2300 2300 2300 0 0 0 0 0 1 0.0 1.0
110000 112000 5 3 41 41 39 1686 1686 69 69 4 136007 136007 0 0 2 65 456 18 201 184 840 840 840 0 128 128 128 0 1 1.0 1.0
112000 114000 7 3 160 160 156 3445 3188 226 226 8 410583 382054 0 21 4 217 804 116 521 261 840 840 840 0 128 128 128 0 2 2.0 1.0
114000 116000 5 2 94 94 89 4240 3657 114 114 8 236811 236810 0 0 5 105 988 104 520 411 2300 2300 2300 0 128 128 128 0 1 1.0 1.0
116000 118000 5 2 170 170 167 1751 1751 202 202 4 436883 436883 0 0 2 197 989 63 456 440 0 0 0 0 128 128 128 0 0 1.0 1.0
118000 120000 5 3 226 226 222 3136 3136 312 312 5 690589 690589 0 0 3 306 999 149 574 373 2300 2300 2300 0 128 128 128 0 2 1.0 1.0
120000 122000 4 2 174 174 171 2818 2447 246 246 5 585848 585848 0 0 3 241 994 116 547 430 2300 2300 2300 0 128 128 128 0 1 1.0 1.0
122000 124000 5 2 94 94 89 4109 1955 110 110 4 198531 198531 2 0 4 105 998 74 371 372 0 0 0 0 128 128 128 0 0 1.0 1.0
124000 126000 4 2 232 232 229 2123 2123 317 317 3 673236 607821 0 33 2 313 922 131 645 359 840 840 840 0 0 0 0 0 1 0.0 1.0
126000 128000 3 2 18 18 17 810 810 30 30 2 54152 39853 0 7 0 27 860 145 409 392 0 0 0 0 0 0 0 0 0 0.0 1.0
128000 130000 3 2 3 3 2 980 980 4 4 1 2922 2922 0 0 1 2 880 54 357 454 0 0 0 0 0 0 0 0 0 0.0 1.0
130000 132000 8 5 176 175 165 7265 7265 297 297 16 534960 503270 0 17 8 279 975 204 522 317 480 480 480 0 128 128 128 0 4 3.0 1.0
132000 134000 6 3 148 148 142 4787 4787 188 188 10 351340 270425 0 47 5 177 981 123 497 331 480 480 480 0 128 128 128 0 1 2.0 1.0
134000 136000 3 2 16 16 15 982 982 21 21 1 38200 37593 0 0 1 19 225 43 127 91 480 480 480 0 128 128 128 0 1 1.0 1.0
136000 138000 4 2 65 65 62 2477 2477 87 87 5 156226 153642 0 1 2 82 398 110 269 126 1500 1500 1500 0 128 128 128 0 1 1.0 1.0
138000 140000 6 2 233 233 228 4227 4227 325 325 8 681422 676280 0 3 5 317 995 46 584 437 1500 1500 1500 0 128 128 128 0 1 2.0 1.0
140000 142000 5 3 183 183 179 3238 3238 244 244 5 551168 533945 0 10 3 238 992 89 627 363 2300 1500 1900 565 128 128 128 0 2 1.0 1.0
142000 144000 6 2 177 177 174 2638 2638 253 253 3 554627 554627 0 0 3 249 983 0 355 458 2300 2300 2300 0 128 128 128 0 1 1.0 1.0
144000 146000 3 2 161 161 159 1574 1574 224 224 4 538290 538290 0 0 1 219 914 182 663 416 0 0 0 0 0 0 0 0 0 0.0 1.0
146000 148000 2 1 1 1 1 709 709 3 3 2 2913 2913 0 0 0 1 873 229 551 455 0 0 0 0 0 0 0 0 0 0.0 1.0
148000 150000 3 1 15 15 13 1772 1772 22 22 1 34759 30433 0 2 2 20 984 35 367 534 1500 1500 1500 0 0 0 0 0 1 0.0 1.0
150000 152000 5 3 293 293 289 3165 3165 430 430 9 772440 681952 0 53 3 421 999 345 766 255 1500 1500 1500 0 128 128 128 0 1 2.0 1.0
152000 154000 7 3 237 237 233 3752 3752 317 317 9 680124 669789 0 8 4 308 997 50 458 337 1500 1500 1500 0 128 128 128 0 2 2.0 1.0
154000 156000 7 3 214 214 210 3775 3775 319 319 8 682916 678583 0 3 4 311 999 22 419 316 1500 1500 1500 0 128 128 128 0 2 2.0 1.0
156000 158000 5 2 119 119 117 2080 2080 165 165 4 313330 313330 0 0 2 161 537 107 286 194 2300 2300 2300 0 128 128 128 0 1 1.0 1.0
158000 160000 5 2 206 206 202 3189 3189 268 268 4 617365 617365 0 0 3 263 995 85 446 454 2300 2300 2300 0 128 128 128 0 1 1.0 1.0
160000 162000 5 2 189 189 186 2646 2646 256 256 5 612382 611966 0 0 3 251 981 99 471 428 2300 2300 2300 0 128 128 128 0 1 1.0 1.0
162000 164000 5 2 205 205 202 2378 2378 277 277 5 588017 574931 0 9 2 271 987 63 442 457 2300 2300 2300 0 128 128 128 0 1 1.0 1.0
164000 166000 5 2 203 203 200 2501 2501 292 292 4 607529 601608 0 3 2 287 992 111 448 440 2300 2300 2300 0 128 128 128 0 1 1.0 1.0
166000 168000 5 2 191 191 189 1823 1823 267 267 4 615783 615113 0 0 2 262 908 120 451 400 2300 2300 2300 0 128 128 128 0 1 1.0 1.0
168000 170000 4 2 192 192 189 3177 3177 262 262 4 556517 547050 0 4 3 257 986 128 536 459 2300 2300 2300 0 128 128 128 0 1 1.0 1.0
170000 172000 5 2 247 247 245 1850 1850 346 346 5 696521 665387 0 21 2 340 970 121 472 413 2300 2300 2300 0 128 128 128 0 1 1.0 1.0
172000 174000 5 2 178 178 175 2687 2687 249 249 5 550380 550380 0 0 3 244 981 112 447 440 2300 2300 2300 0 128 128 128 0 1 1.0 1.0
174000 176000 5 2 189 189 186 2964 2964 232 232 4 543708 542529 0 0 3 227 985 88 442 449 2300 2300 2300 0 128 128 128 0 1 1.0 1.0
176000 178000 5 2 257 257 255 1582 1582 336 336 4 659602 650478 0 5 1 331 999 115 472 428 2300 2300 2300 0 128 128 128 0 1 1.0 1.0
178000 180000 5 2 228 228 224 3692 3692 301 301 7 705845 693183 0 6 4 294 964 1 560 386 2300 2300 2300 0 128 128 128 0 1 1.0 1.0
180000 182000 5 2 266 266 263 2724 2724 357 357 7 704265 694240 0 8 3 350 855 235 611 235 2300 2300 2300 0 128 128 128 0 1 1.0 1.0
182000 184000 4 2 103 103 101 1065 1065 119 119 1 285693 285693 0 0 1 117 914 41 467 439 0 0 0 0 0 0 0 0 0 0.0 1.0
184000 186000 5 3 144 144 140 3258 3258 219 219 8 422330 390429 0 18 3 210 988 117 654 439 2300 2300 2300 0 128 128 128 0 1 2.0 1.0
186000 188000 8 3 245 245 243 2021 2021 305 305 3 713090 684680 0 16 2 301 998 15 500 469 1500 1500 1500 0 128 128 128 0 2 1.0 1.0
188000 190000 5 3 195 195 190 3681 3681 268 268 8 619688 619688 0 0 4 260 850 250 621 264 1500 1500 1500 0 128 128 128 0 1 1.0 1.0
190000 192000 6 2 210 210 205 3855 3855 270 270 8 595809 582721 0 6 4 262 998 34 586 408 2300 1500 1900 565 128 128 128 0 2 2.0 1.0
192000 194000 5 2 174 174 172 1972 1972 227 227 3 562901 562259 0 0 2 223 999 103 447 400 2300 2300 2300 0 128 128 128 0 1 1.0 1.0
194000 196000 5 2 201 201 198 2330 2330 262 262 3 623715 619784 0 1 2 259 980 93 476 424 2300 2300 2300 0 128 128 128 0 1 1.0 1.0
196000 198000 4 2 181 181 179 2074 2074 250 250 5 557434 538351 0 7 2 245 950 125 673 379 0 0 0 0 0 0 0 0 0 0.0 1.0
198000 200000 3 2 18 18 17 878 878 27 27 1 51890 51890 0 0 1 26 229 0 111 114 2300 2300 2300 0 128 128 128 0 1 1.0 1.0
200000 202000 4 2 246 246 242 3716 3716 342 342 7 735464 735464 0 0 4 335 891 497 696 223 1500 1500 1500 0 128 128 128 0 1 1.0 1.0
202000 204000 5 2 245 245 241 3293 3293 354 354 7 698804 683670 0 8 3 346 991 232 693 326 1500 1500 1500 0 128 128 128 0 2 2.0 1.0
204000 206000 6 2 121 121 117 2752 2752 159 159 5 354701 354570 0 0 3 153 995 30 368 406 2300 2300 2300 0 128 128 128 0 1 1.0 1.0
206000 208000 5 2 192 192 189 2828 2828 258 258 5 600362 600362 0 0 3 253 985 121 448 438 2300 2300 2300 0 128 128 128 0 1 1.0 1.0
208000 210000 5 2 184 184 181 2008 2008 252 252 4 564847 563402 0 1 2 247 992 120 442 442 2300 2300 2300 0 128 128 128 0 1 1.0 1.0
210000 212000 5 2 218 218 215 2326 2326 287 287 4 623663 611198 0 8 2 282 977 112 471 419 2300 2300 2300 0 128 128 128 0 1 1.0 1.0
212000 214000 5 2 206 206 202 3269 3269 271 271 4 631150 615057 0 8 3 266 973 109 450 439 2300 2300 2300 0 128 128 128 0 1 1.0 1.0
214000 216000 7 3 221 221 218 2699 2699 332 332 6 687403 678002 0 4 3 325 989 0 553 445 2300 2300 2300 0 128 128 128 0 1 1.0 1.0
216000 218000 5 3 245 245 241 2632 2632 317 317 6 672179 639321 0 21 3 310 971 619 790 167 2300 2300 2300 0 128 128 128 0 1 1.0 1.0
218000 220000 5 2 215 215 212 2340 2340 304 304 6 662126 656780 0 2 2 298 994 232 702 377 2300 2300 2300 0 128 128 128 0 1 1.0 1.0
220000 222000 7 3 235 235 232 2503 2503 298 298 6 658688 657094 0 1 3 292 998 36 492 392 2300 2300 2300 0 128 128 128 0 1 1.0 1.0
222000 224000 8 3 314 314 310 3283 3283 442 442 7 800612 707776 0 55 3 435 991 151 618 377 2300 2300 2300 0 128 128 128 0 1 1.0 1.0
224000 226000 5 2 214 214 212 2039 2039 281 281 5 663022 663022 0 0 2 276 994 201 596 357 2300 2300 2300 0 128 128 128 0 1 1.0 1.0
226000 228000 5 2 230 230 227 2566 2566 298 298 6 643366 640590 0 2 3 292 997 196 547 351 2300 2300 2300 0 128 128 128 0 1 1.0 1.0
228000 230000 5 2 215 215 212 2332 2332 315 315 5 675691 671934 0 2 2 309 994 192 524 355 2300 2300 2300 0 128 128 128 0 2 2.0 1.0
230000 232000 6 2 222 222 218 3096 3096 294 294 5 620938 576548 0 24 3 289 984 152 633 374 0 0 0 0 0 0 0 0 0 0.0 1.0
232000 234000 5 2 178 178 175 2161 2161 255 255 6 586518 585293 0 0 2 248 996 146 550 371 2300 2300 2300 0 128 128 128 0 1 1.0 1.0
234000 236000 5 2 217 217 214 2587 2587 274 274 5 646945 639795 0 4 3 269 998 137 504 392 2300 2300 2300 0 128 128 128 0 2 2.0 1.0
236000 238000 4 2 183 183 180 2405 2405 239 239 4 521420 521420 0 0 2 234 960 125 546 424 0 0 0 0 0 0 0 0 0 0.0 1.0
238000 240000 3 2 12 12 11 668 668 20 20 1 35341 35155 0 0 0 18 226 59 134 84 2300 2300 2300 0 128 128 128 0 1 1.0 1.0
240000 242000 7 3 209 209 204 4221 4221 294 294 8 609699 599314 0 8 5 285 993 51 550 419 1500 1500 1500 0 128 128 128 0 1 1.0 1.0
242000 244000 4 2 278 278 275 2616 2616 370 370 6 655411 605123 0 30 3 364 984 35 714 454 1500 1500 1500 0 128 128 128 0 1 1.0 1.0
244000 246000 4 2 196 196 193 2502 2502 250 250 5 553431 526812 0 17 3 244 988 767 870 96 1500 1500 1500 0 128 128 128 0 1 1.0 1.0
246000 248000 5 2 173 173 169 3466 3466 219 219 7 459606 449941 0 8 4 212 996 6 587 473 2300 1500 1900 565 128 128 128 0 2 2.0 1.0
248000 250000 3 2 186 186 184 1537 1537 248 248 3 528853 528853 0 0 1 244 997 147 665 454 0 0 0 0 0 0 0 0 0 0.0 1.0
250000 252000 3 2 17 17 16 711 711 28 28 1 51354 50555 0 0 0 26 236 0 120 118 2300 2300 2300 0 128 128 128 0 1 1.0 1.0
252000 254000 6 3 221 221 216 3870 3870 322 322 7 638190 621688 0 11 4 314 919 134 632 352 1500 1500 1500 0 128 128 128 0 1 1.0 1.0
254000 256000 5 3 217 217 214 2484 2484 352 352 7 701567 701567 0 0 2 345 995 228 615 347 1500 1500 1500 0 128 128 128 0 1 1.0 1.0
256000 258000 6 3 186 186 182 3568 3568 229 229 7 475118 475118 0 0 4 222 992 132 456 343 1500 1500 1500 0 128 128 128 0 2 2.0 1.0
258000 260000 5 2 124 124 121 2361 2361 170 170 5 377351 377184 0 0 2 165 978 118 443 439 1500 1500 1500 0 128 128 128 0 1 1.0 1.0
260000 262000 5 2 129 129 126 2288 2288 184 184 4 406154 402862 0 1 2 179 979 99 440 444 2300 2300 2300 0 128 128 128 0 1 1.0 1.0
262000 264000 6 3 240 240 236 3481 3481 340 340 7 677090 646984 0 18 4 333 993 72 666 404 2300 2300 2300 0 128 128 128 0 1 1.0 1.0
264000 266000 6 2 232 232 228 3099 3099 330 330 7 653916 645673 0 5 3 323 997 57 652 419 2300 2300 2300 0 128 128 128 0 1 1.0 1.0
266000 268000 6 3 222 222 220 2281 2281 323 323 6 666421 652689 0 9 2 317 941 23 645 374 2300 2300 2300 0 128 128 128 0 1 1.0 1.0
268000 270000 7 3 244 244 241 2553 2553 364 364 6 702546 695356 0 4 3 358 999 62 560 463 2300 2300 2300 0 128 128 128 0 1 1.0 1.0
270000 272000 5 3 258 258 256 2113 2113 358 358 6 710291 706409 0 2 2 352 997 231 664 379 2300 2300 2300 0 128 128 128 0 1 1.0 1.0
272000 274000 6 3 253 253 249 3349 3349 341 341 7 699081 685315 0 7 4 334 996 32 526 346 2300 2300 2300 0 128 128 128 0 1 1.0 1.0
274000 276000 4 2 217 217 214 2369 2369 303 303 5 556187 549046 0 5 2 297 998 170 559 353 2300 2300 2300 0 128 128 128 0 1 1.0 1.0
276000 278000 5 2 220 220 218 1741 1741 291 291 4 610687 594617 0 9 2 286 998 231 604 328 2300 2300 2300 0 128 128 128 0 1 1.0 1.0
278000 280000 6 2 226 226 223 3203 3203 310 310 6 669410 643648 0 16 3 304 996 205 657 353 2300 2300 2300 0 128 128 128 0 1 1.0 1.0
280000 282000 6 3 228 228 224 3245 3245 356 356 6 671289 631509 0 23 3 349 997 150 484 350 2300 2300 2300 0 128 128 128 0 2 2.0 1.0
282000 284000 4 2 188 188 186 1812 1812 283 283 3 578654 569759 0 2 2 279 996 156 555 422 2300 2300 2300 0 128 128 128 0 1 1.0 1.0
284000 286000 6 2 284 284 280 3144 3144 382 382 5 702531 647499 0 31 3 376 997 160 639 376 2300 2300 2300 0 128 128 128 0 1 1.0 1.0
286000 288000 5 2 205 205 202 2189 2189 274 274 5 585539 579467 0 2 2 269 993 111 510 393 2300 2300 2300 0 128 128 128 0 1 1.0 1.0
288000 290000 5 2 210 210 206 2832 2832 289 289 4 621728 621472 0 0 3 284 985 91 472 426 2300 2300 2300 0 128 128 128 0 1 1.0 1.0
290000 292000 5 2 203 203 200 2471 2471 284 284 5 607238 604717 0 0 2 279 992 37 445 460 2300 2300 2300 0 128 128 128 0 1 1.0 1.0
292000 294000 5 2 185 185 182 1942 1942 272 272 4 557656 534957 0 12 2 267 994 107 443 447 2300 2300 2300 0 128 128 128 0 1 1.0 1.0
294000 296000 5 2 262 262 259 3157 3157 330 330 5 631322 618033 0 9 3 325 988 83 476 426 2300 2300 2300 0 128 128 128 0 1 1.0 1.0
296000 298000 4 2 207 207 204 2396 2396 282 282 5 579230 569608 0 5 2 276 975 120 538 471 2300 2300 2300 0 128 128 128 0 1 1.0 1.0
298000 300000 5 2 230 230 228 1206 1206 322 322 3 633559 616482 0 10 1 319 996 109 519 396 2300 2300 2300 0 128 128 128 0 1 1.0 1.0
