ts te nbins ncons c_pkts_all c_ack_cnt c_ack_cnt_p c_bytes_all c_bytes_uniq s_pkts_all s_ack_cnt s_ack_cnt_p s_bytes_all s_bytes_uniq c_pkts_retx s_pkts_retx c_pkts_data s_pkts_data max_bin min_bin avg_bin std_bin max_vid min_vid avg_vid std_vid max_aud min_aud avg_aud std_aud num_vid num_aud num_mfs
0 2000 0 0 0 0 0 0 0 0 0 0 0 0 0 0 0 0 0 0 0 0 0 0 0 0 0 0 0 0 0  
2000 4000 0 0 0 0 0 0 0 0 0 0 0 0 0 0 0 0 0 0 0 0 0 0 0 0 0 0 0 0 0  
4000 6000 4 4 112 108 96 11096 11096 132 132 15 195965 185647 0 7 12 113 526 101 292 221 840 840 840 0 128 128 128 0 2 2.0 1.0
6000 8000 5 4 85 85 80 4472 4472 97 97 5 185205 174779 0 8 5 91 983 259 587 258 480 480 480 0 128 128 128 0 2 1.0 1.0
8000 10000 7 3 197 197 189 6969 6969 254 254 8 430717 404485 0 17 8 246 996 192 512 337 288 288 288 0 128 128 128 0 5 3.0 1.0
10000 12000 5 3 67 67 64 2455 2455 81 81 2 121878 83262 0 26 2 78 970 0 410 372 0 0 0 0 128 128 128 0 0 1.0 1.0
12000 14000 6 3 170 170 163 6457 6457 206 206 7 350723 350063 0 1 7 198 997 148 525 333 288 288 288 0 128 128 128 0 4 4.0 1.0
14000 16000 4 2 82 82 78 3185 3185 89 89 3 163967 163967 0 0 3 85 844 31 415 435 288 288 288 0 128 128 128 0 1 1.0 1.0
16000 18000 5 4 142 142 138 3332 3332 243 243 4 382981 382981 0 0 4 239 999 40 306 394 1500 1500 1500 0 128 128 128 0 2 1.0 1.0
18000 20000 3 2 123 123 119 3139 3139 212 212 3 322469 309717 0 9 3 208 777 4 512 440 1500 1500 1500 0 128 128 128 0 1 2.0 1.0
20000 22000 6 3 310 310 307 2613 2613 346 346 3 525643 459405 0 47 3 343 998 105 439 316 1500 1500 1500 0 128 128 128 0 2 1.0 1.0
22000 24000 7 3 335 335 331 3434 3434 404 404 4 637939 609994 0 18 4 400 945 65 500 339 840 840 840 0 128 128 128 0 1 1.0 1.0
24000 26000 3 2 157 157 154 2287 2287 190 190 2 294230 294230 0 0 2 187 744 95 387 329 1500 1500 1500 0 128 128 128 0 1 1.0 1.0
26000 28000 5 3 251 251 247 2716 2716 329 329 3 498090 478368 0 14 3 326 997 213 488 358 1500 1500 1500 0 128 128 128 0 1 1.0 1.0
28000 30000 4 2 230 230 226 2705 2705 254 254 3 376515 367642 0 6 3 251 996 205 576 413 1500 1500 1500 0 128 128 128 0 1 1.0 1.0
30000 32000 4 2 236 236 233 2608 2608 351 351 3 512988 502383 0 7 3 347 999 251 707 321 1500 1500 1500 0 128 128 128 0 1 1.0 1.0
32000 34000 4 2 230 230 227 2192 2192 271 271 2 418214 416814 0 1 2 268 998 22 495 400 1500 1500 1500 0 128 128 128 0 1 1.0 1.0
34000 36000 1 1 4 4 3 820 820 4 4 1 2914 2914 0 0 1 3 33 33 33 0 0 0 0 0 0 0 0 0 0 0.0 1.0
36000 38000 1 1 2 2 1 820 820 4 4 1 2914 2914 0 0 1 3 40 40 40 0 0 0 0 0 0 0 0 0 0 0.0 1.0
38000 40000 4 3 178 178 175 2870 2870 279 279 3 425578 367340 0 40 3 276 998 127 543 396 1500 1500 1500 0 128 128 128 0 2 1.0 1.0
40000 42000 6 3 385 385 380 4167 4167 563 563 4 861835 776542 0 58 4 558 999 305 683 245 1500 1500 1500 0 128 128 128 0 1 2.0 1.0
42000 44000 7 3 305 305 300 4740 4740 455 455 5 709193 664955 0 31 5 450 998 163 532 330 840 840 840 0 128 128 128 0 3 3.0 1.0
44000 46000 3 1 45 45 43 1589 1589 60 60 0 105600 94569 0 7 1 59 998 0 487 499 0 0 0 0 0 0 0 0 0 0.0 1.0
46000 48000 1 1 2 2 1 820 820 2 2 1 2912 2912 0 0 1 1 26 26 26 0 0 0 0 0 0 0 0 0 0 0.0 1.0
48000 50000 1 1 10 10 9 748 748 35 35 0 49306 49306 0 0 0 34 450 450 450 0 0 0 0 0 0 0 0 0 0 0.0 1.0
50000 52000 6 3 239 239 234 4407 4407 428 428 5 633973 632573 0 1 5 423 999 37 502 341 1500 1500 1500 0 128 128 128 0 2 2.0 1.0
52000 54000 6 3 263 263 258 3562 3562 449 449 4 673244 665163 0 5 4 445 998 265 579 254 1500 1500 1500 0 128 128 128 0 2 2.0 1.0
54000 56000 5 2 252 252 248 3431 3431 383 383 4 579742 575525 0 2 4 379 996 86 601 373 1500 1500 1500 0 128 128 128 0 1 1.0 1.0
56000 58000 4 2 216 216 214 2111 2111 350 350 2 527981 512278 0 11 2 347 910 512 686 195 1500 1500 1500 0 128 128 128 0 2 1.0 1.0
58000 60000 5 2 189 189 184 3704 3704 322 322 3 482052 482052 0 0 4 318 997 154 467 334 1500 1500 1500 0 128 128 128 0 1 2.0 1.0
60000 62000 6 3 304 304 299 3552 3552 459 459 4 694070 669347 0 17 4 454 998 134 533 385 1500 1500 1500 0 128 128 128 0 2 1.0 1.0
62000 64000 6 3 187 187 183 3844 3844 306 306 4 449142 446224 0 2 4 302 928 72 406 306 2300 2300 2300 0 128 128 128 0 2 2.0 1.0
64000 66000 4 2 227 227 223 3030 3030 398 398 3 600653 590495 0 7 3 395 963 229 517 347 2300 2300 2300 0 128 128 128 0 1 1.0 1.0
66000 68000 4 2 222 222 219 1985 1985 359 359 2 546415 528360 0 12 2 357 997 40 548 422 2300 2300 2300 0 128 128 128 0 1 1.0 1.0
68000 70000 4 2 198 198 196 1336 1336 341 341 1 500331 474986 0 18 1 340 993 105 499 390 0 0 0 0 0 0 0 0 0 0.0 1.0
70000 72000 2 2 55 55 53 1653 1653 105 105 1 151931 141738 0 7 1 103 530 382 456 104 2300 2300 2300 0 128 128 128 0 1 1.0 1.0
72000 74000 6 2 335 335 329 4281 4281 487 487 5 713984 662261 0 36 5 482 999 343 656 276 840 840 840 0 128 128 128 0 2 2.0 1.0
74000 76000 5 2 132 132 128 2825 2825 197 197 3 277105 269652 0 5 3 194 970 239 463 300 840 840 840 0 128 128 128 0 1 1.0 1.0
76000 78000 3 2 88 88 85 2416 2416 170 170 2 244216 244216 0 0 2 167 406 385 395 10 2300 2300 2300 0 128 128 128 0 1 1.0 1.0
78000 80000 2 1 194 194 193 1330 1330 314 314 1 454458 446058 0 6 1 313 960 603 782 252 0 0 0 0 0 0 0 0 0 0.0 1.0
80000 82000 2 2 54 54 52 1672 1672 113 113 2 167308 161871 0 3 2 111 532 387 459 102 2300 2300 2300 0 128 128 128 0 1 1.0 1.0
82000 84000 5 2 295 295 291 3696 3696 428 428 4 626516 601154 0 18 4 423 962 427 649 226 1500 1500 1500 0 128 128 128 0 1 1.0 1.0
84000 86000 6 3 311 311 308 3291 3291 524 524 3 774358 735158 0 28 3 520 998 191 575 345 1500 1500 1500 0 128 128 128 0 2 2.0 1.0
86000 88000 5 3 229 229 225 3386 3386 418 418 4 592492 592492 0 0 4 414 999 178 592 354 1500 1500 1500 0 128 128 128 0 1 1.0 1.0
88000 90000 4 2 267 267 264 2946 2946 422 422 3 620022 607223 0 9 3 419 998 398 669 262 2300 2300 2300 0 128 128 128 0 1 1.0 1.0
90000 92000 5 2 265 265 262 2417 2417 409 409 2 621055 600526 0 15 2 406 998 194 535 296 2300 2300 2300 0 128 128 128 0 1 1.0 1.0
92000 94000 5 2 265 265 262 2510 2510 423 423 3 608130 593797 0 11 3 420 996 240 523 285 2300 2300 2300 0 128 128 128 0 1 1.0 1.0
94000 96000 5 2 247 247 244 2496 2496 422 422 2 594708 584965 0 7 2 419 998 227 550 281 2300 2300 2300 0 128 128 128 0 1 1.0 1.0
96000 98000 5 2 224 224 221 2197 2197 375 375 2 539225 531316 0 5 2 373 999 277 501 295 2300 2300 2300 0 128 128 128 0 1 1.0 1.0
98000 100000 6 3 258 258 255 2617 2617 446 446 3 634986 626841 0 6 3 442 997 159 418 313 2300 2300 2300 0 128 128 128 0 1 1.0 1.0
100000 102000 5 2 275 275 273 2417 2417 470 470 2 679114 664439 0 10 2 467 999 287 562 292 2300 2300 2300 0 128 128 128 0 2 1.0 1.0
102000 104000 5 2 314 314 310 3722 3722 432 432 4 619870 593028 0 19 4 427 999 383 571 244 2300 2300 2300 0 128 128 128 0 1 2.0 1.0
104000 106000 4 2 172 172 170 1415 1415 334 334 1 496298 490689 0 4 1 332 997 8 474 411 0 0 0 0 0 0 0 0 0 0.0 1.0
106000 108000 5 2 304 304 302 2045 2045 426 426 2 663025 590365 0 52 2 424 994 272 560 282 2300 2300 2300 0 128 128 128 0 1 2.0 1.0
108000 110000 5 3 305 305 300 3508 3508 484 484 4 696379 664150 0 23 4 480 998 352 637 294 2300 2300 2300 0 0 0 0 0 1 0.0 1.0
110000 112000 5 2 284 284 282 1441 1441 434 434 1 625854 579238 0 33 1 432 996 76 469 354 2300 2300 2300 0 128 128 128 0 1 1.0 1.0
112000 114000 5 2 263 263 259 3021 3021 396 396 2 588354 510305 0 55 3 393 998 349 695 299 2300 2300 2300 0 128 128 128 0 1 2.0 1.0
114000 116000 7 3 298 298 295 2603 2603 511 511 3 746222 707447 0 26 3 507 998 153 454 298 2300 2300 2300 0 128 128 128 0 2 1.0 1.0
116000 118000 5 3 247 247 243 3492 3492 404 404 4 571555 561063 0 7 4 400 889 64 461 392 2300 2300 2300 0 128 128 128 0 1 1.0 1.0
118000 120000 3 2 211 211 208 2435 2435 414 414 2 604774 604774 0 0 2 411 996 394 770 327 2300 2300 2300 0 128 128 128 0 1 1.0 1.0
120000 122000 4 2 232 232 229 2498 2498 416 416 2 602310 599744 0 1 2 413 999 79 575 451 2300 2300 2300 0 128 128 128 0 1 1.0 1.0
122000 124000 4 2 285 285 282 2497 2497 450 450 2 646727 588045 0 41 2 447 998 83 569 453 2300 2300 2300 0 128 128 128 0 1 1.0 1.0
124000 126000 4 2 269 269 266 2505 2505 441 441 3 630440 621008 0 6 3 438 999 89 584 440 2300 2300 2300 0 128 128 128 0 1 1.0 1.0
126000 128000 4 2 316 316 314 1803 1803 480 480 2 690547 649227 0 29 2 478 996 85 563 375 2300 2300 2300 0 128 128 128 0 1 1.0 1.0
128000 130000 4 2 289 289 285 2878 2878 446 446 3 634930 612530 0 16 3 443 998 272 566 308 2300 2300 2300 0 128 128 128 0 1 1.0 1.0
130000 132000 4 2 221 221 219 2072 2072 401 401 2 574540 531931 0 29 2 399 993 459 604 259 2300 2300 2300 0 128 128 128 0 1 1.0 1.0
132000 134000 7 3 312 312 309 2578 2578 430 430 3 603405 495807 0 76 3 427 995 18 551 343 2300 2300 2300 0 128 128 128 0 1 1.0 1.0
134000 136000 6 3 321 321 318 2501 2501 498 498 2 702447 660155 0 30 2 495 995 7 499 424 2300 2300 2300 0 128 128 128 0 1 1.0 1.0
136000 138000 5 2 277 277 274 2929 2929 446 446 3 638051 616438 0 14 3 442 998 452 603 223 2300 2300 2300 0 128 128 128 0 1 1.0 1.0
138000 140000 7 3 308 308 304 3271 3271 489 489 3 707709 690027 0 12 3 486 999 215 595 288 2300 2300 2300 0 128 128 128 0 1 1.0 1.0
140000 142000 7 3 295 295 293 1924 1924 442 442 2 636262 582836 0 38 2 439 981 65 600 319 2300 2300 2300 0 128 128 128 0 1 1.0 1.0
142000 144000 8 3 320 320 316 2707 2707 483 483 3 699902 673119 0 19 3 480 999 0 513 439 2300 2300 2300 0 128 128 128 0 1 1.0 1.0
144000 146000 6 3 315 315 311 3290 3290 501 501 2 717828 647058 0 50 3 498 998 288 689 307 2300 2300 2300 0 128 128 128 0 1 2.0 1.0
146000 148000 5 2 272 272 270 1637 1637 429 429 2 625254 584163 0 28 1 426 998 485 711 231 2300 2300 2300 0 0 0 0 0 1 0.0 1.0
148000 150000 6 3 338 338 335 2682 2682 522 522 3 750674 679477 0 48 3 519 997 180 582 263 2300 2300 2300 0 128 128 128 0 1 2.0 1.0
150000 152000 6 3 291 291 287 2761 2761 520 520 3 760481 746639 0 9 3 517 994 147 527 311 2300 2300 2300 0 128 128 128 0 2 1.0 1.0
152000 154000 5 3 251 251 247 3512 3512 382 382 4 573806 554206 0 13 4 378 947 34 522 388 2300 2300 2300 0 128 128 128 0 1 1.0 1.0
154000 156000 4 2 260 260 257 2483 2483 430 430 2 613803 601470 0 8 2 427 999 86 630 413 2300 2300 2300 0 128 128 128 0 1 1.0 1.0
156000 158000 5 2 271 271 268 2668 2668 464 464 3 719878 712612 0 5 3 461 999 60 504 437 2300 2300 2300 0 128 128 128 0 1 1.0 1.0
158000 160000 4 2 298 298 295 2498 2498 424 424 2 615451 571225 0 31 2 421 996 98 560 452 2300 2300 2300 0 128 128 128 0 1 1.0 1.0
160000 162000 4 2 251 251 249 2076 2076 433 433 2 628901 621327 0 5 2 430 999 102 571 402 2300 2300 2300 0 128 128 128 0 1 1.0 1.0
162000 164000 4 2 269 269 266 2151 1331 404 404 2 577418 557818 1 14 2 402 998 146 512 375 0 0 0 0 0 0 0 0 0 0.0 1.0
164000 166000 1 1 3 3 2 820 820 3 3 1 4318 2918 0 1 1 2 26 26 26 0 0 0 0 0 0 0 0 0 0 0.0 1.0
166000 168000 1 1 1 1 0 334 334 1 1 0 1174 1174 0 0 0 1 191 191 191 0 0 0 0 0 0 0 0 0 0 0.0 1.0
168000 170000 6 3 192 192 184 6593 6593 297 297 7 413016 407416 0 4 7 289 998 125 647 398 1500 1500 1500 0 128 128 128 0 3 3.0 1.0
170000 172000 6 2 244 244 240 2621 2621 479 479 3 702325 702325 0 0 3 475 997 54 618 409 1500 1500 1500 0 128 128 128 0 2 1.0 1.0
172000 174000 4 2 211 211 207 3317 3317 375 375 3 531061 524892 0 4 3 371 944 232 618 355 1500 1500 1500 0 128 128 128 0 1 2.0 1.0
174000 176000 4 2 181 181 178 2498 2498 283 283 2 402507 387676 0 10 2 280 978 194 541 334 2300 2300 2300 0 128 128 128 0 1 1.0 1.0
176000 178000 4 2 257 257 254 2506 2506 418 418 3 590332 581932 0 6 3 415 987 159 537 350 2300 2300 2300 0 128 128 128 0 1 1.0 1.0
178000 180000 4 2 248 248 245 2488 2488 425 425 2 605358 601158 0 3 2 422 873 280 533 261 2300 2300 2300 0 128 128 128 0 1 1.0 1.0
180000 182000 4 2 216 216 213 2533 2533 415 415 3 601497 601497 0 0 3 412 981 127 536 357 2300 2300 2300 0 128 128 128 0 1 1.0 1.0
182000 184000 4 2 248 248 244 2987 2987 415 415 2 594677 570877 0 17 3 412 974 234 549 316 2300 2300 2300 0 128 128 128 0 1 1.0 1.0
184000 186000 4 2 241 241 238 2000 2000 416 416 2 640981 639581 0 1 2 413 971 259 554 308 2300 2300 2300 0 128 128 128 0 1 1.0 1.0
186000 188000 4 2 250 250 247 2550 2550 412 412 3 603561 577954 0 18 3 409 997 73 530 381 2300 2300 2300 0 128 128 128 0 1 1.0 1.0
188000 190000 4 2 265 265 262 2474 2474 407 407 2 596925 549732 0 31 2 404 995 162 530 347 2300 2300 2300 0 128 128 128 0 1 1.0 1.0
190000 192000 4 2 194 194 191 2476 2476 378 378 2 536836 536836 0 0 2 375 991 164 531 349 2300 2300 2300 0 128 128 128 0 1 1.0 1.0
192000 194000 4 2 244 244 240 3008 3008 404 404 2 575465 565665 0 7 3 401 992 314 569 307 2300 2300 2300 0 128 128 128 0 1 1.0 1.0
194000 196000 4 2 242 242 240 1966 1966 435 435 2 611464 606244 0 3 2 432 998 317 576 312 2300 2300 2300 0 128 128 128 0 1 1.0 1.0
196000 198000 4 2 201 201 198 2516 2516 373 373 3 541158 524443 0 11 3 370 980 114 527 369 2300 2300 2300 0 128 128 128 0 1 1.0 1.0
198000 200000 4 2 299 299 296 2526 2526 435 435 3 653130 573111 0 57 3 432 998 89 529 381 2300 2300 2300 0 128 128 128 0 1 1.0 1.0
200000 202000 4 2 274 274 271 2497 2497 390 390 2 587614 538367 0 35 2 387 979 155 531 347 2300 2300 2300 0 128 128 128 0 1 1.0 1.0
202000 204000 3 2 207 207 204 3003 3003 337 337 3 502869 460869 0 30 3 333 994 272 619 361 2300 2300 2300 0 128 128 128 0 1 1.0 1.0
204000 206000 3 2 217 217 214 1956 1956 409 409 2 614070 604718 0 6 2 407 998 351 714 330 2300 2300 2300 0 128 128 128 0 1 1.0 1.0
206000 208000 6 3 315 315 311 2666 2666 507 507 3 723188 660555 0 44 3 504 999 3 531 368 1500 1500 1500 0 128 128 128 0 1 1.0 1.0
208000 210000 6 3 324 324 319 3794 3794 501 501 4 713821 675206 0 27 4 497 996 218 498 268 1500 1500 1500 0 128 128 128 0 2 2.0 1.0
210000 212000 4 2 143 143 140 2664 2664 272 272 3 381361 381361 0 0 3 269 994 277 530 318 2300 2300 2300 0 128 128 128 0 1 1.0 1.0
212000 214000 4 2 262 262 259 2341 2341 424 424 2 614616 597816 0 12 2 421 999 62 579 393 2300 2300 2300 0 128 128 128 0 1 1.0 1.0
214000 216000 4 2 231 231 227 2876 2876 424 424 3 612790 609990 0 2 3 420 997 348 584 285 2300 2300 2300 0 128 128 128 0 1 1.0 1.0
216000 218000 4 2 253 253 250 2437 2437 390 390 2 557804 553604 0 3 2 387 989 202 528 330 2300 2300 2300 0 128 128 128 0 1 1.0 1.0
218000 220000 4 2 266 266 263 2488 2488 453 453 2 640468 630053 0 7 2 450 970 353 576 274 2300 2300 2300 0 128 128 128 0 1 1.0 1.0
220000 222000 4 2 209 209 206 2430 2430 361 361 2 513887 510303 0 2 2 358 945 161 504 335 2300 2300 2300 0 128 128 128 0 1 1.0 1.0
222000 224000 3 2 198 198 194 3045 3045 364 364 3 521345 517145 0 3 3 360 996 305 648 345 2300 2300 2300 0 128 128 128 0 1 1.0 1.0
224000 226000 3 2 259 259 256 2476 2476 414 414 2 613578 578578 0 25 2 411 997 455 806 304 2300 2300 2300 0 128 128 128 0 1 1.0 1.0
226000 228000 4 2 266 266 263 2012 2012 459 459 2 659005 650605 0 6 2 456 999 30 528 415 2300 2300 2300 0 128 128 128 0 1 1.0 1.0
228000 230000 4 2 275 275 272 2500 2500 433 433 2 625663 600463 0 18 2 430 993 322 578 303 2300 2300 2300 0 128 128 128 0 1 1.0 1.0
230000 232000 4 2 228 228 225 2433 2433 399 399 2 582973 567257 0 11 2 396 899 303 544 271 2300 2300 2300 0 128 128 128 0 1 1.0 1.0
232000 234000 3 2 265 265 261 3087 3087 382 382 3 555163 524679 0 21 3 378 941 280 638 334 2300 2300 2300 0 128 128 128 0 1 1.0 1.0
234000 236000 3 2 264 264 261 2491 2491 434 434 2 624537 620337 0 3 2 431 998 325 769 384 2300 2300 2300 0 128 128 128 0 1 1.0 1.0
236000 238000 4 2 258 258 256 1988 1988 447 447 2 651309 638709 0 9 2 444 997 12 533 430 2300 2300 2300 0 128 128 128 0 1 1.0 1.0
238000 240000 4 2 212 212 209 2493 2493 423 423 2 622069 622069 0 0 2 420 996 367 596 289 2300 2300 2300 0 128 128 128 0 1 1.0 1.0
240000 242000 4 2 270 270 267 3034 3034 415 415 3 588921 557064 0 22 3 411 953 286 547 312 2300 2300 2300 0 128 128 128 0 1 1.0 1.0
242000 244000 4 2 270 270 268 1915 1915 425 425 2 604600 560857 0 31 2 423 989 303 573 327 2300 2300 2300 0 128 128 128 0 1 1.0 1.0
244000 246000 3 2 224 224 221 2634 2634 386 386 3 564824 560624 0 3 3 383 987 460 714 263 2300 2300 2300 0 128 128 128 0 1 1.0 1.0
246000 248000 4 2 163 163 161 2113 2113 295 295 2 444145 432480 0 7 2 292 990 252 559 311 0 0 0 0 128 128 128 0 0 1.0 1.0
248000 250000 3 2 8 8 7 820 820 9 9 1 10845 2911 0 5 1 8 500 149 383 202 0 0 0 0 0 0 0 0 0 0.0 1.0
250000 252000 3 2 89 89 86 2562 2562 180 180 3 262186 258101 0 2 3 176 994 499 676 276 840 840 840 0 128 128 128 0 2 1.0 1.0
252000 254000 7 3 220 220 212 6269 6269 360 360 7 508211 508204 0 0 7 351 994 4 564 416 840 840 840 0 128 128 128 0 3 3.0 1.0
254000 256000 5 3 93 93 90 2359 2359 173 173 2 252041 252041 0 0 2 170 993 0 421 360 1500 1500 1500 0 128 128 128 0 1 1.0 1.0
256000 258000 4 2 146 146 143 2524 2524 268 268 3 380959 380959 0 0 3 265 990 85 525 378 1500 1500 1500 0 128 128 128 0 1 1.0 1.0
258000 260000 4 2 129 129 126 2498 2498 237 237 2 343295 340998 0 1 2 234 977 137 527 352 1500 1500 1500 0 128 128 128 0 1 1.0 1.0
260000 262000 4 2 163 163 161 2492 2492 253 253 2 374557 360914 0 9 2 250 980 187 538 336 1500 1500 1500 0 128 128 128 0 1 1.0 1.0
262000 264000 4 2 165 165 162 2486 2486 254 254 2 381289 364045 0 12 2 251 985 185 537 343 1500 1500 1500 0 128 128 128 0 1 1.0 1.0
264000 266000 4 2 163 163 160 2515 2515 242 242 3 378939 349123 0 21 3 239 981 104 524 370 1500 1500 1500 0 128 128 128 0 1 1.0 1.0
266000 268000 4 2 148 148 145 2548 2548 249 249 3 380377 360777 0 14 3 246 999 137 545 358 1500 1500 1500 0 128 128 128 0 1 1.0 1.0
268000 270000 3 2 120 120 117 2503 2503 236 236 3 335801 335801 0 0 3 233 540 214 402 168 1500 1500 1500 0 128 128 128 0 1 1.0 1.0
270000 272000 4 2 141 141 138 2506 2506 260 260 3 370833 370833 0 0 3 257 990 149 535 347 1500 1500 1500 0 128 128 128 0 1 1.0 1.0
272000 274000 4 2 133 133 130 2499 2499 236 236 2 356458 338602 0 12 2 233 998 157 538 348 1500 1500 1500 0 128 128 128 0 1 1.0 1.0
274000 276000 4 2 161 161 158 2432 2432 240 240 2 361036 338292 0 15 2 238 941 197 514 318 1500 1500 1500 0 128 128 128 0 1 1.0 1.0
276000 278000 4 2 165 165 162 2524 2524 289 289 3 420779 416863 0 2 3 286 988 188 550 342 1500 1500 1500 0 128 128 128 0 1 1.0 1.0
278000 280000 4 2 161 161 158 2495 2495 257 257 2 371625 360141 0 8 2 254 975 190 539 335 2300 2300 2300 0 128 128 128 0 1 1.0 1.0
280000 282000 4 2 253 253 250 2488 2488 410 410 2 585147 569747 0 11 2 407 864 339 546 242 2300 2300 2300 0 128 128 128 0 1 1.0 1.0
282000 284000 4 2 198 198 195 2501 2501 380 380 2 570178 570178 0 0 2 377 997 126 530 371 2300 2300 2300 0 128 128 128 0 1 1.0 1.0
284000 286000 4 2 234 234 231 2805 2805 391 391 3 568713 553952 0 10 3 388 954 281 574 289 2300 2300 2300 0 128 128 128 0 1 1.0 1.0
286000 288000 5 2 320 320 316 3099 3099 514 514 3 745641 668462 0 55 3 510 999 424 728 260 2300 2300 2300 0 128 128 128 0 1 1.0 1.0
288000 290000 7 3 307 306 302 4342 4342 429 429 5 619180 552634 0 47 4 422 999 0 525 362 2300 2300 2300 0 128 128 128 0 1 1.0 1.0
290000 292000 7 3 369 369 366 2856 2856 446 446 2 662350 591002 0 51 3 443 996 168 609 296 2300 2300 2300 0 128 128 128 0 1 1.0 1.0
292000 294000 8 3 398 398 394 3968 3126 569 569 5 835788 746598 1 63 4 564 998 82 544 340 2300 2300 2300 0 128 128 128 0 2 2.0 1.0
294000 296000 6 3 256 256 252 3126 3126 384 384 3 567672 527233 0 29 3 381 853 73 380 333 2300 2300 2300 0 128 128 128 0 1 1.0 1.0
296000 298000 3 2 198 198 196 2032 2032 381 381 2 541964 541964 0 0 2 378 922 440 725 253 2300 2300 2300 0 128 128 128 0 1 1.0 1.0
298000 300000 4 2 226 226 222 2550 2550 390 390 3 553184 536384 0 12 3 387 985 250 561 309 2300 2300 2300 0 128 128 128 0 1 1.0 1.0
300000 302000 1 1 33 33 32 421 421 75 75 0 110755 110755 0 0 0 75 453 453 453 0 0 0 0 0 0 0 0 0 0 0.0 0.0
