ts te nbins ncons c_tcp_packs c_tcp_bytes c_udp_packs c_udp_bytes s_tcp_packs s_tcp_bytes s_udp_packs s_udp_bytes max_bins_span min_bins_span avg_bins_span std_bins_span max_video_rate min_video_rate avg_video_rate std_video_rate max_audio_rate min_audio_rate avg_audio_rate std_audio_rate video_requests audio_requests
0 10000 131 54 1298 86768 52 19093 1802 1997936 53 25745 999 0 515 369 0 0 0 0 0 0 0 0 0 0
10000 20000 138 43 1145 119807 271 48256 1641 2015077 513 542944 999 0 574 378 288 288 288 0 128 128 128 0 1 2
20000 30000 57 19 940 48727 12 1787 1210 1530771 18 4530 999 0 740 350 288 288 288 0 128 128 128 0 5 3
30000 40000 60 24 854 167109 11 7946 1173 1404516 16 8515 999 12 655 399 288 288 288 0 128 128 128 0 4 5
40000 50000 75 35 960 29436 19 12133 1231 1580845 23 12997 999 0 555 424 288 288 288 0 128 128 128 0 4 4
50000 60000 88 41 914 51581 30 16835 1173 1452839 42 17760 999 0 530 432 288 288 288 0 128 128 128 0 5 4
60000 70000 69 31 948 43996 0 0 1276 1627073 0 0 999 0 580 394 288 288 288 0 128 128 128 0 3 3
70000 80000 71 21 1104 129533 26 9861 1400 1700460 30 7861 999 0 653 358 288 288 288 0 128 128 128 0 3 4
80000 90000 61 16 957 42729 0 0 1271 1639913 0 0 999 0 709 342 288 288 288 0 128 128 128 0 4 4
90000 100000 63 25 974 47852 9 4297 1315 1702925 12 3907 998 0 623 411 288 288 288 0 128 128 128 0 3 3
100000 110000 63 24 902 34626 16 8054 1159 1510184 19 10082 999 0 598 410 288 288 288 0 128 128 128 0 5 4
110000 120000 53 13 885 28938 4 1531 1216 1598793 4 145 999 0 708 353 288 288 288 0 128 128 128 0 3 4
120000 130000 56 15 830 37905 22 12752 1242 1620072 28 14506 999 0 773 285 288 288 288 0 128 128 128 0 5 4
130000 140000 70 19 960 143813 22 10766 1255 1492641 27 8867 998 0 700 352 288 288 288 0 128 128 128 0 4 5
140000 150000 68 29 1008 42806 0 0 1330 1717652 0 0 999 0 562 419 288 288 288 0 128 128 128 0 3 3
150000 160000 54 16 904 28296 18 8659 1141 1518809 22 4112 999 14 671 362 288 288 288 0 128 128 128 0 5 4
160000 170000 63 13 842 62544 19 9439 1076 1323378 22 10294 998 156 786 249 288 288 288 0 128 128 128 0 5 6
170000 180000 50 15 686 45768 0 0 976 1239962 0 0 999 16 703 358 288 288 288 0 128 128 128 0 7 6
180000 190000 47 18 700 31879 0 0 967 1253913 0 0 999 20 597 423 288 288 288 0 128 128 128 0 7 7
190000 200000 49 21 839 134848 0 0 1207 1471551 0 0 996 14 563 441 288 288 288 0 128 128 128 0 4 5
200000 210000 37 10 721 26916 0 0 1043 1378604 0 0 999 15 774 314 288 288 288 0 128 128 128 0 5 5
210000 220000 35 10 771 22058 3 2100 1078 1443645 4 2844 998 25 713 344 288 288 288 0 128 128 128 0 5 5
220000 230000 40 12 772 19405 14 8525 1089 1456133 19 11866 998 15 700 360 288 288 288 0 128 128 128 0 4 4
230000 240000 54 26 685 26147 0 0 854 1080072 0 0 999 0 466 423 288 288 288 0 128 128 128 0 8 7
240000 250000 45 24 816 34622 0 0 1139 1428604 0 0 999 15 557 383 288 288 288 0 128 128 128 0 5 6
250000 260000 42 19 700 144479 31 15201 1037 1241589 36 13608 999 15 553 347 288 288 288 0 128 128 128 0 5 5
260000 270000 29 11 772 35423 10 4693 1034 1350288 15 6007 999 19 631 349 288 288 288 0 128 128 128 0 5 5
270000 280000 26 9 685 18753 0 317 991 1324529 0 318 996 3 564 410 288 288 288 0 128 128 128 0 6 5
280000 290000 20 14 55 27478 15 7685 57 7177 15 7705 882 16 216 274 288 288 288 0 128 128 128 0 5 6
290000 300000 16 11 49 27436 0 0 53 6398 0 0 900 0 240 289 480 288 384 105 128 128 128 0 6 5
300000 310000 1 1 3 56 0 0 3 74 0 0 704 704 704 0 0 0 0 0 0 0 0 0 0 0
