ts te nbins ncons c_pkts_all c_ack_cnt c_ack_cnt_p c_bytes_all c_bytes_uniq s_pkts_all s_ack_cnt s_ack_cnt_p s_bytes_all s_bytes_uniq c_pkts_retx s_pkts_retx c_pkts_data s_pkts_data max_bin min_bin avg_bin std_bin max_vid min_vid avg_vid std_vid max_aud min_aud avg_aud std_aud num_vid num_aud num_mfs
0 10000 70 22 1221 1218 1105 53444 50567 2847 2847 167 4036784 1697112 20 1552 113 2675 999 0 637 352 0 0 0 0 0 0 0 0 0 0.0 0.0
10000 20000 82 28 1276 1262 1141 45548 37992 2297 2297 179 2870152 1512551 22 1023 119 2101 999 0 657 372 0 0 0 0 0 0 0 0 0 0.0 0.0
20000 30000 58 23 881 865 761 63529 57636 1228 1228 157 1677427 1403870 8 229 102 1055 999 0 682 326 0 0 0 0 0 0 0 0 0 0.0 1.0
30000 40000 57 27 763 754 643 176960 176551 1061 1061 205 1407991 1205480 3 163 108 845 999 0 539 410 288 288 288 0 128 128 128 0 6 6.0 4.0
40000 50000 33 21 504 504 476 14038 14038 651 651 33 1209309 1083498 1 80 16 605 999 0 523 390 288 288 288 0 128 128 128 0 7 7.0 5.0
50000 60000 28 16 466 466 449 12144 12144 595 595 35 1136019 1071117 1 45 15 559 993 0 473 460 288 288 288 0 128 128 128 0 7 7.0 5.0
60000 70000 44 29 537 535 504 20745 20745 668 668 59 995770 852873 1 103 25 602 999 0 406 406 288 288 288 0 128 128 128 0 7 7.0 5.0
70000 80000 17 17 37 36 19 17858 17858 52 52 37 5562 5561 0 1 14 12 989 0 214 317 480 288 397 102 128 128 128 0 7 6.0 5.0
80000 90000 20 15 104 102 29 137719 137371 170 170 127 19193 16861 1 8 67 36 950 0 262 333 840 480 720 185 128 128 128 0 6 5.0 5.0
90000 100000 19 16 36 36 17 17048 17048 50 50 36 5838 5837 0 1 17 11 780 0 218 280 840 840 840 0 128 128 128 0 5 5.0 5.0
100000 110000 13 13 17 17 12 5624 5624 23 23 18 499 499 0 1 3 2 617 17 94 184 480 480 480 0 128 128 128 0 5 5.0 5.0
110000 120000 13 12 20 20 9 9627 9627 31 31 22 961 960 0 2 8 5 998 0 239 362 480 480 480 0 128 128 128 0 6 6.0 5.0
120000 130000 19 18 35 34 12 9172 9172 57 57 33 1596 1525 0 3 12 13 776 0 177 217 840 480 696 197 128 128 128 0 5 5.0 5.0
130000 140000 13 11 136 134 96 22459 17825 187 187 50 213758 174312 5 28 33 130 968 18 302 330 840 288 619 302 128 128 128 0 5 5.0 5.0
140000 150000 11 8 75 74 13 129069 129069 132 132 109 8070 8070 1 0 57 19 982 0 413 381 840 480 768 160 128 128 128 0 5 5.0 5.0
150000 160000 14 12 42 41 15 22703 22665 69 69 46 8524 6335 1 5 24 20 917 0 346 336 480 480 480 0 128 128 128 0 5 5.0 5.0
160000 170000 6 5 16 16 8 6026 6026 22 22 15 718 717 0 1 7 6 697 18 179 273 480 480 480 0 128 128 128 0 6 6.0 5.0
170000 180000 5 5 10 10 3 7973 7973 17 17 13 875 875 0 0 6 3 813 17 303 326 840 480 768 160 128 128 128 0 5 5.0 5.0
180000 190000 7 7 15 15 4 9831 7914 24 24 18 937 937 2 0 10 5 928 17 318 304 840 840 840 0 128 128 128 0 5 5.0 5.0
190000 200000 4 4 14 14 6 9302 8734 20 20 16 929 929 1 0 8 4 991 20 330 456 840 480 624 197 128 128 128 0 5 5.0 5.0
200000 210000 3 3 50 50 3 116027 116027 103 103 91 974 974 0 0 47 12 952 288 651 336 480 480 480 0 128 128 128 0 6 6.0 5.0
210000 220000 8 8 41 40 16 18376 17402 63 63 41 11225 11185 2 2 24 21 816 248 493 262 840 480 696 197 128 128 128 0 5 5.0 5.0
220000 230000 5 5 15 15 7 8710 8413 19 19 14 922 921 1 1 7 4 427 19 222 197 840 840 840 0 128 128 128 0 5 5.0 5.0
230000 240000 3 3 11 11 3 9016 9016 19 19 15 960 960 0 0 8 4 916 297 608 309 840 288 508 302 128 128 128 0 5 4.0 5.0
240000 250000 6 6 11 11 2 7357 7357 22 22 16 937 937 0 0 8 5 644 19 296 199 288 288 288 0 128 128 128 0 5 6.0 5.0
250000 260000 7 6 122 121 95 14626 14434 177 177 36 210883 173352 2 28 26 140 997 17 353 392 840 288 380 225 128 128 128 0 6 6.0 5.0
260000 270000 6 5 72 71 12 129852 129852 130 130 107 8071 8070 0 1 59 22 873 0 412 297 840 840 840 0 128 128 128 0 3 3.0 5.0
270000 280000 9 9 37 36 12 21731 20824 61 61 41 11535 11533 1 2 23 18 690 215 434 145 480 480 480 0 128 128 128 0 7 7.0 5.0
280000 290000 4 4 19 19 8 10590 10590 24 24 16 1131 1131 0 0 10 8 413 185 297 93 480 480 480 0 128 128 128 0 6 5.0 5.0
290000 300000 5 5 10 10 3 8477 8477 16 16 13 875 875 0 0 7 3 506 0 219 208 840 480 750 180 128 128 128 0 4 5.0 5.0
300000 310000 0 0 0 0 0 0 0 0 0 0 0 0 0 0 0 0 0 0 0 0 0 0 0 0 0 0 0 0 0  
