ts te nbins ncons c_tcp_packs c_tcp_bytes c_udp_packs c_udp_bytes s_tcp_packs s_tcp_bytes s_udp_packs s_udp_bytes max_bins_span min_bins_span avg_bins_span std_bins_span max_video_rate min_video_rate avg_video_rate std_video_rate max_audio_rate min_audio_rate avg_audio_rate std_audio_rate video_requests audio_requests
0 1000 0 0 0 0 0 0 0 0 0 0 0 0 0 0 0 0 0 0 0 0 0 0 0 0
1000 2000 0 0 0 0 0 0 0 0 0 0 0 0 0 0 0 0 0 0 0 0 0 0 0 0
2000 3000 0 0 0 0 0 0 0 0 0 0 0 0 0 0 0 0 0 0 0 0 0 0 0 0
3000 4000 0 0 0 0 0 0 0 0 0 0 0 0 0 0 0 0 0 0 0 0 0 0 0 0
4000 5000 0 0 0 0 0 0 0 0 0 0 0 0 0 0 0 0 0 0 0 0 0 0 0 0
5000 6000 1 1 3 0 0 0 2 24 0 0 259 259 259 0 0 0 0 0 0 0 0 0 0 0
6000 7000 2 2 10 1832 122 10365 10 6132 706 1015299 595 358 476 167 4400 4400 4400 0 128 128 128 0 2 2
7000 8000 1 1 0 0 27 2300 0 0 156 225351 132 132 132 0 0 0 0 0 0 0 0 0 0 0
8000 9000 1 1 0 0 451 28222 0 0 3213 3910884 777 777 777 0 4400 4400 4400 0 128 128 128 0 3 4
9000 10000 1 1 0 0 230 13256 0 0 2143 2555911 544 544 544 0 4400 4400 4400 0 128 128 128 0 2 1
10000 11000 2 1 0 0 135 8149 0 0 1250 1488817 252 185 219 47 4400 4400 4400 0 128 128 128 0 2 3
11000 12000 1 1 0 0 130 8314 0 0 1190 1414712 577 577 577 0 4400 4400 4400 0 0 0 0 0 1 0
12000 13000 1 1 0 0 3 793 0 0 5 3580 92 92 92 0 0 0 0 0 0 0 0 0 0 0
13000 14000 0 0 0 0 0 0 0 0 0 0 0 0 0 0 0 0 0 0 0 0 0 0 0 0
14000 15000 1 1 0 0 111 6869 0 0 1054 1255069 253 253 253 0 8000 8000 8000 0 128 128 128 0 2 2
15000 16000 1 1 0 0 226 14042 0 0 2154 2565683 518 518 518 0 8000 8000 8000 0 128 128 128 0 1 1
16000 17000 1 1 0 0 2 748 0 0 6 3605 116 116 116 0 0 0 0 0 0 0 0 0 0 0
17000 18000 0 0 0 0 0 0 0 0 0 0 0 0 0 0 0 0 0 0 0 0 0 0 0 0
18000 19000 1 1 0 0 138 7811 0 0 1326 1581113 254 254 254 0 8000 8000 8000 0 128 128 128 0 1 2
19000 20000 1 1 0 0 221 12432 0 0 2111 2516407 404 404 404 0 8000 8000 8000 0 0 0 0 0 1 0
20000 21000 1 1 0 0 2 748 0 0 6 3622 100 100 100 0 0 0 0 0 0 0 0 0 0 0
21000 22000 0 0 0 0 0 0 0 0 0 0 0 0 0 0 0 0 0 0 0 0 0 0 0 0
22000 23000 1 1 0 0 133 7670 0 0 1285 1532360 254 254 254 0 8000 8000 8000 0 128 128 128 0 1 1
23000 24000 1 1 0 0 231 13253 0 0 2220 2647887 438 438 438 0 8000 8000 8000 0 128 128 128 0 1 1
24000 25000 1 1 0 0 2 750 0 0 5 3573 94 94 94 0 0 0 0 0 0 0 0 0 0 0
25000 26000 0 0 0 0 0 0 0 0 0 0 0 0 0 0 0 0 0 0 0 0 0 0 0 0
26000 27000 1 1 0 0 128 7669 0 0 1210 1442146 254 254 254 0 8000 8000 8000 0 128 128 128 0 1 1
27000 28000 1 1 0 0 49 2926 0 0 462 550309 97 97 97 0 0 0 0 0 0 0 0 0 0 0
28000 29000 1 1 0 0 122 7156 0 0 1171 1395825 254 254 254 0 8000 8000 8000 0 128 128 128 0 1 2
29000 30000 1 1 0 0 226 13203 0 0 2162 2575404 469 469 469 0 8000 8000 8000 0 0 0 0 0 1 0
30000 31000 1 1 0 0 2 750 0 0 6 3639 125 125 125 0 0 0 0 0 0 0 0 0 0 0
31000 32000 0 0 0 0 0 0 0 0 0 0 0 0 0 0 0 0 0 0 0 0 0 0 0 0
32000 33000 1 1 0 0 98 5632 0 0 916 1090995 254 254 254 0 8000 8000 8000 0 128 128 128 0 1 1
33000 34000 1 1 0 0 266 15334 0 0 2493 2970400 692 692 692 0 8000 8000 8000 0 128 128 128 0 1 1
34000 35000 1 1 0 0 84 5028 0 0 811 964199 252 252 252 0 8000 8000 8000 0 128 128 128 0 1 1
35000 36000 1 1 0 0 89 5289 0 0 853 1014381 265 265 265 0 0 0 0 0 0 0 0 0 0 0
36000 37000 2 2 2 0 61 3658 2 24 563 670474 254 64 159 134 8000 8000 8000 0 128 128 128 0 1 1
37000 38000 3 3 7 0 118 6963 6 72 1073 1276387 484 303 413 96 0 0 0 0 0 0 0 0 0 0
38000 39000 1 1 0 0 52 3019 0 0 454 541016 253 253 253 0 8000 8000 8000 0 128 128 128 0 1 1
39000 40000 1 1 0 0 135 7889 0 0 1186 1413471 663 663 663 0 0 0 0 0 0 0 0 0 0 0
40000 41000 4 4 1 0 76 4475 1 0 695 830480 252 0 67 123 8000 8000 8000 0 128 128 128 0 1 1
41000 42000 1 1 0 0 109 6416 0 0 996 1190726 361 361 361 0 0 0 0 0 0 0 0 0 0 0
42000 43000 1 1 0 0 2 750 0 0 6 3629 117 117 117 0 0 0 0 0 0 0 0 0 0 0
43000 44000 0 0 0 0 0 0 0 0 0 0 0 0 0 0 0 0 0 0 0 0 0 0 0 0
44000 45000 1 1 0 0 91 5429 0 0 842 1005391 253 253 253 0 8000 8000 8000 0 128 128 128 0 1 1
45000 46000 1 1 0 0 84 4996 0 0 775 925315 233 233 233 0 0 0 0 0 0 0 0 0 0 0
46000 47000 1 1 0 0 156 9037 0 0 1503 1797507 251 251 251 0 8000 8000 8000 0 128 128 128 0 1 2
47000 48000 1 1 0 0 202 11651 0 0 1937 2317367 324 324 324 0 8000 8000 8000 0 0 0 0 0 1 0
48000 49000 1 1 0 0 81 4826 0 0 767 913984 253 253 253 0 8000 8000 8000 0 128 128 128 0 1 1
49000 50000 1 1 0 0 104 6199 0 0 985 1173893 325 325 325 0 0 0 0 0 0 0 0 0 0 0
50000 51000 1 1 0 0 95 5874 0 0 899 1069186 253 253 253 0 8000 8000 8000 0 128 128 128 0 1 1
51000 52000 1 1 0 0 158 9679 0 0 1483 1761854 417 417 417 0 8000 8000 8000 0 128 128 128 0 1 1
52000 53000 1 1 0 0 1 585 0 0 3 3043 252 252 252 0 0 0 0 0 0 0 0 0 0 0
53000 54000 2 1 0 0 215 12187 0 0 2057 2446953 747 186 466 396 8000 8000 8000 0 128 128 128 0 1 1
54000 55000 1 1 0 0 38 2353 0 0 348 416790 251 251 251 0 0 0 0 0 0 0 0 0 0 0
55000 56000 2 1 0 0 121 7525 0 0 1107 1321879 744 250 497 349 8000 8000 8000 0 128 128 128 0 1 1
56000 57000 2 1 0 0 25 1735 0 0 232 269726 747 25 386 510 0 0 0 0 0 0 0 0 0 0
57000 58000 0 0 0 0 0 0 0 0 0 0 0 0 0 0 0 0 0 0 0 0 0 0 0 0
58000 59000 1 1 0 0 139 8062 0 0 1277 1527598 254 254 254 0 8000 8000 8000 0 128 128 128 0 1 2
59000 60000 1 1 0 0 234 13584 0 0 2153 2573780 428 428 428 0 8000 8000 8000 0 0 0 0 0 1 0
60000 61000 1 1 0 0 71 4227 0 0 681 811084 254 254 254 0 8000 8000 8000 0 128 128 128 0 1 1
61000 62000 1 1 0 0 107 6342 0 0 1021 1217096 382 382 382 0 0 0 0 0 0 0 0 0 0 0
62000 63000 1 1 0 0 125 7598 0 0 1195 1418384 255 255 255 0 8000 8000 8000 0 128 128 128 0 1 1
63000 64000 1 1 0 0 52 3166 0 0 497 591026 106 106 106 0 0 0 0 0 0 0 0 0 0 0
64000 65000 1 1 0 0 82 4998 0 0 781 930368 254 254 254 0 8000 8000 8000 0 128 128 128 0 1 1
65000 66000 1 1 0 0 82 5054 0 0 789 940845 257 257 257 0 0 0 0 0 0 0 0 0 0 0
66000 67000 1 1 0 0 71 4215 0 0 680 802881 253 253 253 0 8000 8000 8000 0 128 128 128 0 1 1
67000 68000 1 1 0 0 117 6865 0 0 1108 1307604 412 412 412 0 0 0 0 0 0 0 0 0 0 0
68000 69000 1 1 0 0 116 7226 0 0 1082 1511345 742 742 742 0 8000 8000 8000 0 128 128 128 0 1 1
69000 70000 2 1 0 0 40 2514 0 0 371 515907 253 5 129 175 0 0 0 0 0 0 0 0 0 0
70000 71000 1 1 0 0 2 750 0 0 6 3595 101 101 101 0 0 0 0 0 0 0 0 0 0 0
71000 72000 0 0 0 0 0 0 0 0 0 0 0 0 0 0 0 0 0 0 0 0 0 0 0 0
72000 73000 1 1 0 0 121 7201 0 0 1141 1609890 253 253 253 0 8000 8000 8000 0 128 128 128 0 1 2
73000 74000 1 1 0 0 172 10274 0 0 1627 2296735 361 361 361 0 8000 8000 8000 0 0 0 0 0 1 0
74000 75000 1 1 0 0 2 750 0 0 5 3566 78 78 78 0 0 0 0 0 0 0 0 0 0 0
75000 76000 0 0 0 0 0 0 0 0 0 0 0 0 0 0 0 0 0 0 0 0 0 0 0 0
76000 77000 1 1 0 0 105 6378 0 0 976 1372817 251 251 251 0 8000 8000 8000 0 128 128 128 0 1 2
77000 78000 1 1 0 0 190 11592 0 0 1773 2494905 457 457 457 0 8000 8000 8000 0 0 0 0 0 1 0
78000 79000 1 1 0 0 69 4343 0 0 643 904906 254 254 254 0 8000 8000 8000 0 128 128 128 0 1 1
79000 80000 1 1 0 0 76 4824 0 0 715 1005320 283 283 283 0 0 0 0 0 0 0 0 0 0 0
80000 81000 1 1 0 0 3 797 0 0 5 3603 81 81 81 0 0 0 0 0 0 0 0 0 0 0
81000 82000 0 0 0 0 0 0 0 0 0 0 0 0 0 0 0 0 0 0 0 0 0 0 0 0
82000 83000 1 1 0 0 117 7018 0 0 1101 1552346 253 253 253 0 8000 8000 8000 0 128 128 128 0 1 2
83000 84000 1 1 0 0 177 10651 0 0 1671 2355857 384 384 384 0 8000 8000 8000 0 0 0 0 0 1 0
84000 85000 1 1 0 0 86 5411 0 0 773 1082635 252 252 252 0 8000 8000 8000 0 128 128 128 0 1 1
85000 86000 1 1 0 0 74 4617 0 0 659 923942 215 215 215 0 0 0 0 0 0 0 0 0 0 0
86000 87000 1 1 0 0 71 4344 0 0 651 913890 254 254 254 0 8000 8000 8000 0 128 128 128 0 1 1
87000 88000 1 1 0 0 87 5297 0 0 794 1114546 310 310 310 0 0 0 0 0 0 0 0 0 0 0
88000 89000 1 1 0 0 3 797 0 0 5 3603 81 81 81 0 0 0 0 0 0 0 0 0 0 0
89000 90000 0 0 0 0 0 0 0 0 0 0 0 0 0 0 0 0 0 0 0 0 0 0 0 0
90000 91000 1 1 0 0 122 7253 0 0 1166 1632588 252 252 252 0 8000 8000 8000 0 128 128 128 0 1 2
91000 92000 1 1 0 0 175 10439 0 0 1678 2349901 362 362 362 0 8000 8000 8000 0 0 0 0 0 1 0
92000 93000 1 1 0 0 69 4277 0 0 638 897430 249 249 249 0 8000 8000 8000 0 128 128 128 0 1 1
93000 94000 1 1 0 0 104 6482 0 0 968 1359793 378 378 378 0 0 0 0 0 0 0 0 0 0 0
94000 95000 1 1 0 0 3 797 0 0 6 3646 117 117 117 0 0 0 0 0 0 0 0 0 0 0
95000 96000 0 0 0 0 0 0 0 0 0 0 0 0 0 0 0 0 0 0 0 0 0 0 0 0
96000 97000 1 1 0 0 106 6534 0 0 1002 1413581 253 253 253 0 8000 8000 8000 0 128 128 128 0 1 1
97000 98000 1 1 0 0 48 2942 0 0 451 636438 114 114 114 0 0 0 0 0 0 0 0 0 0 0
98000 99000 1 1 0 0 140 8372 0 0 1336 1885181 253 253 253 0 8000 8000 8000 0 128 128 128 0 1 2
99000 100000 1 1 0 0 154 9196 0 0 1467 2070850 277 277 277 0 8000 8000 8000 0 0 0 0 0 1 0
100000 101000 1 1 0 0 2 750 0 0 5 3606 84 84 84 0 0 0 0 0 0 0 0 0 0 0
101000 102000 0 0 0 0 0 0 0 0 0 0 0 0 0 0 0 0 0 0 0 0 0 0 0 0
102000 103000 1 1 0 0 124 7478 0 0 1177 1661674 254 254 254 0 8000 8000 8000 0 128 128 128 0 1 2
103000 104000 1 1 0 0 176 10671 0 0 1679 2370921 362 362 362 0 8000 8000 8000 0 0 0 0 0 1 0
104000 105000 1 1 0 0 104 6269 0 0 999 1409122 252 252 252 0 8000 8000 8000 0 128 128 128 0 1 2
105000 106000 1 1 0 0 189 11336 0 0 1807 2547786 456 456 456 0 8000 8000 8000 0 0 0 0 0 1 0
106000 107000 1 1 0 0 82 5090 0 0 768 1079368 252 252 252 0 8000 8000 8000 0 128 128 128 0 1 1
107000 108000 1 1 0 0 67 4149 0 0 625 879658 206 206 206 0 0 0 0 0 0 0 0 0 0 0
108000 109000 1 1 0 0 53 3323 0 0 477 669337 249 249 249 0 8000 8000 8000 0 128 128 128 0 1 1
109000 110000 1 1 0 0 100 6329 0 0 908 1274487 475 475 475 0 0 0 0 0 0 0 0 0 0 0
110000 111000 1 1 0 0 61 3723 0 0 580 813950 251 251 251 0 8000 8000 8000 0 128 128 128 0 1 1
111000 112000 1 1 0 0 98 5904 0 0 919 1290953 398 398 398 0 0 0 0 0 0 0 0 0 0 0
112000 113000 1 1 0 0 3 797 0 0 5 3542 76 76 76 0 0 0 0 0 0 0 0 0 0 0
113000 114000 0 0 0 0 0 0 0 0 0 0 0 0 0 0 0 0 0 0 0 0 0 0 0 0
114000 115000 1 1 0 0 109 6418 0 0 1015 1429324 251 251 251 0 8000 8000 8000 0 128 128 128 0 1 2
115000 116000 1 1 0 0 212 12461 0 0 1971 2775039 487 487 487 0 8000 8000 8000 0 0 0 0 0 1 0
116000 117000 1 1 0 0 64 3943 0 0 588 827654 252 252 252 0 8000 8000 8000 0 128 128 128 0 1 1
117000 118000 1 1 0 0 90 5485 0 0 819 1151359 351 351 351 0 0 0 0 0 0 0 0 0 0 0
118000 119000 1 1 0 0 79 4860 0 0 726 1021446 254 254 254 0 8000 8000 8000 0 128 128 128 0 1 1
119000 120000 1 1 0 0 73 4549 0 0 679 956177 237 237 237 0 0 0 0 0 0 0 0 0 0 0
120000 121000 1 1 0 0 3 797 0 0 6 3628 116 116 116 0 0 0 0 0 0 0 0 0 0 0
121000 122000 0 0 0 0 0 0 0 0 0 0 0 0 0 0 0 0 0 0 0 0 0 0 0 0
122000 123000 1 1 0 0 72 4517 0 0 658 924506 251 251 251 0 8000 8000 8000 0 128 128 128 0 1 1
123000 124000 1 1 0 0 76 4745 0 0 692 971044 264 264 264 0 0 0 0 0 0 0 0 0 0 0
124000 125000 1 1 0 0 89 5386 0 0 818 1151082 253 253 253 0 8000 8000 8000 0 128 128 128 0 1 1
125000 126000 1 1 0 0 75 4594 0 0 697 981759 216 216 216 0 0 0 0 0 0 0 0 0 0 0
126000 127000 1 1 0 0 91 5637 0 0 856 1207715 255 255 255 0 8000 8000 8000 0 128 128 128 0 1 1
127000 128000 1 1 0 0 207 12835 0 0 1949 2749505 581 581 581 0 8000 8000 8000 0 128 128 128 0 1 1
128000 129000 1 1 0 0 3 797 0 0 5 3562 77 77 77 0 0 0 0 0 0 0 0 0 0 0
129000 130000 0 0 0 0 0 0 0 0 0 0 0 0 0 0 0 0 0 0 0 0 0 0 0 0
130000 131000 1 1 0 0 100 6007 0 0 954 1331628 251 251 251 0 8000 8000 8000 0 128 128 128 0 1 1
131000 132000 1 1 0 0 198 11899 0 0 1890 2637525 497 497 497 0 8000 8000 8000 0 128 128 128 0 1 1
132000 133000 1 1 0 0 80 4882 0 0 731 1024717 253 253 253 0 8000 8000 8000 0 128 128 128 0 1 1
133000 134000 1 1 0 0 80 4896 0 0 732 1027480 254 254 254 0 0 0 0 0 0 0 0 0 0 0
134000 135000 1 1 0 0 2 750 0 0 5 3565 82 82 82 0 0 0 0 0 0 0 0 0 0 0
135000 136000 0 0 0 0 0 0 0 0 0 0 0 0 0 0 0 0 0 0 0 0 0 0 0 0
136000 137000 1 1 0 0 110 6648 0 0 1032 1443767 253 253 253 0 8000 8000 8000 0 128 128 128 0 1 1
137000 138000 1 1 0 0 195 11705 0 0 1816 2541899 446 446 446 0 8000 8000 8000 0 128 128 128 0 1 1
138000 139000 1 1 0 0 48 2975 0 0 447 626930 253 253 253 0 8000 8000 8000 0 128 128 128 0 1 1
139000 140000 1 1 0 0 96 5939 0 0 892 1251512 507 507 507 0 0 0 0 0 0 0 0 0 0 0
140000 141000 1 1 0 0 2 750 0 0 5 3545 66 66 66 0 0 0 0 0 0 0 0 0 0 0
141000 142000 0 0 0 0 0 0 0 0 0 0 0 0 0 0 0 0 0 0 0 0 0 0 0 0
142000 143000 1 1 0 0 121 7278 0 0 1131 1582077 253 253 253 0 8000 8000 8000 0 128 128 128 0 1 1
143000 144000 1 1 0 0 181 10862 0 0 1689 2361153 377 377 377 0 8000 8000 8000 0 128 128 128 0 1 1
144000 145000 1 1 0 0 93 5469 0 0 885 1244962 249 249 249 0 8000 8000 8000 0 128 128 128 0 1 1
145000 146000 1 1 0 0 220 12899 0 0 2089 2936314 589 589 589 0 8000 8000 8000 0 128 128 128 0 1 1
146000 147000 1 1 0 0 2 750 0 0 5 3569 72 72 72 0 0 0 0 0 0 0 0 0 0 0
147000 148000 0 0 0 0 0 0 0 0 0 0 0 0 0 0 0 0 0 0 0 0 0 0 0 0
148000 149000 1 1 0 0 85 5077 0 0 782 1100213 252 252 252 0 8000 8000 8000 0 128 128 128 0 1 1
149000 150000 1 1 0 0 219 13122 0 0 2021 2843776 652 652 652 0 8000 8000 8000 0 128 128 128 0 1 1
150000 151000 1 1 0 0 46 2792 0 0 423 595053 252 252 252 0 0 0 0 0 0 0 0 0 0 0
151000 152000 1 1 0 0 121 7249 0 0 1099 1544976 656 656 656 0 8000 8000 8000 0 128 128 128 0 1 1
152000 153000 1 1 0 0 64 3948 0 0 587 824043 254 254 254 0 8000 8000 8000 0 128 128 128 0 1 1
153000 154000 1 1 0 0 90 5523 0 0 822 1152728 355 355 355 0 0 0 0 0 0 0 0 0 0 0
154000 155000 1 1 0 0 2 750 0 0 6 3634 116 116 116 0 0 0 0 0 0 0 0 0 0 0
155000 156000 0 0 0 0 0 0 0 0 0 0 0 0 0 0 0 0 0 0 0 0 0 0 0 0
156000 157000 1 1 0 0 85 5059 0 0 785 1095697 252 252 252 0 8000 8000 8000 0 128 128 128 0 1 1
157000 158000 1 1 0 0 215 12830 0 0 1993 2778536 640 640 640 0 8000 8000 8000 0 128 128 128 0 1 1
158000 159000 1 1 0 0 61 3907 0 0 555 780292 254 254 254 0 8000 8000 8000 0 128 128 128 0 1 1
159000 160000 1 1 0 0 89 5670 0 0 806 1132407 369 369 369 0 0 0 0 0 0 0 0 0 0 0
160000 161000 1 1 0 0 65 4011 0 0 612 859067 253 253 253 0 8000 8000 8000 0 128 128 128 0 1 1
161000 162000 1 1 0 0 78 4856 0 0 740 1039794 306 306 306 0 0 0 0 0 0 0 0 0 0 0
162000 163000 1 1 0 0 2 750 0 0 6 3590 108 108 108 0 0 0 0 0 0 0 0 0 0 0
163000 164000 0 0 0 0 0 0 0 0 0 0 0 0 0 0 0 0 0 0 0 0 0 0 0 0
164000 165000 1 1 0 0 127 7687 0 0 1217 1717084 255 255 255 0 8000 8000 8000 0 128 128 128 0 1 2
165000 166000 1 1 0 0 182 10930 0 0 1731 2441600 362 362 362 0 8000 8000 8000 0 0 0 0 0 1 0
166000 167000 1 1 0 0 2 750 0 0 6 3588 136 136 136 0 0 0 0 0 0 0 0 0 0 0
167000 168000 0 0 0 0 0 0 0 0 0 0 0 0 0 0 0 0 0 0 0 0 0 0 0 0
168000 169000 1 1 0 0 89 5657 0 0 826 1161732 252 252 252 0 8000 8000 8000 0 128 128 128 0 1 1
169000 170000 1 1 0 0 60 3808 0 0 555 781944 169 169 169 0 0 0 0 0 0 0 0 0 0 0
170000 171000 1 1 0 0 102 6135 0 0 956 1347240 254 254 254 0 8000 8000 8000 0 128 128 128 0 1 1
171000 172000 1 1 0 0 201 12070 0 0 1882 2650276 500 500 500 0 8000 8000 8000 0 128 128 128 0 1 1
172000 173000 1 1 0 0 80 5039 0 0 754 1049690 253 253 253 0 8000 8000 8000 0 128 128 128 0 1 1
173000 174000 1 1 0 0 77 4821 0 0 721 1004484 242 242 242 0 0 0 0 0 0 0 0 0 0 0
174000 175000 1 1 0 0 58 3557 0 0 543 760048 254 254 254 0 8000 8000 8000 0 128 128 128 0 1 1
175000 176000 1 1 0 0 90 5563 0 0 849 1188440 398 398 398 0 0 0 0 0 0 0 0 0 0 0
176000 177000 1 1 0 0 2 750 0 0 6 3642 100 100 100 0 0 0 0 0 0 0 0 0 0 0
177000 178000 0 0 0 0 0 0 0 0 0 0 0 0 0 0 0 0 0 0 0 0 0 0 0 0
178000 179000 1 1 0 0 103 6256 0 0 967 1363767 251 251 251 0 8000 8000 8000 0 128 128 128 0 1 2
179000 180000 1 1 0 0 189 11479 0 0 1775 2502237 461 461 461 0 8000 8000 8000 0 128 128 128 0 1 1
180000 181000 1 1 0 0 55 3314 0 0 515 707038 255 255 255 0 8000 8000 8000 0 128 128 128 0 1 1
181000 182000 1 1 0 0 108 6520 0 0 1015 1391195 502 502 502 0 0 0 0 0 0 0 0 0 0 0
182000 183000 1 1 0 0 2 750 0 0 5 3526 81 81 81 0 0 0 0 0 0 0 0 0 0 0
183000 184000 0 0 0 0 0 0 0 0 0 0 0 0 0 0 0 0 0 0 0 0 0 0 0 0
184000 185000 1 1 0 0 63 4222 0 0 571 803663 252 252 252 0 8000 8000 8000 0 128 128 128 0 1 1
185000 186000 1 1 0 0 92 6190 0 0 837 1178070 370 370 370 0 0 0 0 0 0 0 0 0 0 0
186000 187000 1 1 0 0 142 8498 0 0 1358 1903482 253 253 253 0 8000 8000 8000 0 128 128 128 0 1 2
187000 188000 1 1 0 0 149 8938 0 0 1429 2002048 266 266 266 0 8000 8000 8000 0 0 0 0 0 1 0
188000 189000 1 1 0 0 2 750 0 0 5 3558 81 81 81 0 0 0 0 0 0 0 0 0 0 0
189000 190000 0 0 0 0 0 0 0 0 0 0 0 0 0 0 0 0 0 0 0 0 0 0 0 0
190000 191000 1 1 0 0 4 848 0 0 6 3610 109 109 109 0 0 0 0 0 0 0 0 0 0 0
191000 192000 0 0 0 0 0 0 0 0 0 0 0 0 0 0 0 0 0 0 0 0 0 0 0 0
192000 193000 1 1 0 0 118 7219 0 0 1126 1586781 254 254 254 0 8000 8000 8000 0 128 128 128 0 1 2
193000 194000 2 1 0 0 378 22833 0 0 3588 5053555 744 253 499 346 8000 8000 8000 0 128 128 128 0 3 2
194000 195000 2 1 0 0 132 7355 0 0 1222 1713729 744 205 475 380 0 0 0 0 0 0 0 0 0 0
195000 196000 1 1 0 0 113 6714 0 0 1040 1462005 626 626 626 0 8000 8000 8000 0 128 128 128 0 1 1
196000 197000 1 1 0 0 2 750 0 0 6 3577 114 114 114 0 0 0 0 0 0 0 0 0 0 0
197000 198000 0 0 0 0 0 0 0 0 0 0 0 0 0 0 0 0 0 0 0 0 0 0 0 0
198000 199000 1 1 0 0 99 6012 0 0 966 1358937 254 254 254 0 8000 8000 8000 0 128 128 128 0 1 1
199000 200000 1 1 0 0 61 3683 0 0 591 832386 155 155 155 0 0 0 0 0 0 0 0 0 0 0
200000 201000 1 1 0 0 103 6289 0 0 994 1399759 253 253 253 0 8000 8000 8000 0 128 128 128 0 1 1
201000 202000 1 1 0 0 47 2924 0 0 462 650721 117 117 117 0 0 0 0 0 0 0 0 0 0 0
202000 203000 1 1 0 0 106 6805 0 0 1002 1407988 254 254 254 0 8000 8000 8000 0 128 128 128 0 1 1
203000 204000 1 1 0 0 42 2679 0 0 394 554226 100 100 100 0 0 0 0 0 0 0 0 0 0 0
204000 205000 1 1 0 0 110 6657 0 0 1033 1453373 254 254 254 0 8000 8000 8000 0 128 128 128 0 1 2
205000 206000 1 1 0 0 194 11663 0 0 1810 2546403 445 445 445 0 8000 8000 8000 0 0 0 0 0 1 0
206000 207000 1 1 0 0 73 4586 0 0 711 993605 253 253 253 0 8000 8000 8000 0 128 128 128 0 1 1
207000 208000 1 1 0 0 73 4544 0 0 704 984496 250 250 250 0 0 0 0 0 0 0 0 0 0 0
208000 209000 1 1 0 0 2 750 0 0 6 3590 104 104 104 0 0 0 0 0 0 0 0 0 0 0
209000 210000 0 0 0 0 0 0 0 0 0 0 0 0 0 0 0 0 0 0 0 0 0 0 0 0
210000 211000 1 1 0 0 120 7026 0 0 1137 1604040 253 253 253 0 8000 8000 8000 0 128 128 128 0 1 2
211000 212000 1 1 0 0 195 11453 0 0 1853 2614861 413 413 413 0 8000 8000 8000 0 0 0 0 0 1 0
212000 213000 1 1 0 0 2 750 0 0 5 3549 71 71 71 0 0 0 0 0 0 0 0 0 0 0
213000 214000 0 0 0 0 0 0 0 0 0 0 0 0 0 0 0 0 0 0 0 0 0 0 0 0
214000 215000 1 1 0 0 81 5348 0 0 760 1070539 253 253 253 0 8000 8000 8000 0 128 128 128 0 1 1
215000 216000 1 1 0 0 235 15350 0 0 2183 3072401 727 727 727 0 8000 8000 8000 0 128 128 128 0 1 1
216000 217000 1 1 0 0 67 4162 0 0 636 893836 254 254 254 0 8000 8000 8000 0 128 128 128 0 1 1
217000 218000 1 1 0 0 74 4622 0 0 706 992562 282 282 282 0 0 0 0 0 0 0 0 0 0 0
218000 219000 1 1 0 0 70 4457 0 0 628 881689 253 253 253 0 8000 8000 8000 0 128 128 128 0 1 1
219000 220000 1 1 0 0 75 4785 0 0 675 946725 272 272 272 0 0 0 0 0 0 0 0 0 0 0
220000 221000 1 1 0 0 65 3875 0 0 606 848071 254 254 254 0 8000 8000 8000 0 128 128 128 0 1 1
221000 222000 1 1 0 0 106 6356 0 0 993 1390883 416 416 416 0 0 0 0 0 0 0 0 0 0 0
222000 223000 1 1 0 0 69 4440 0 0 644 905344 255 255 255 0 8000 8000 8000 0 128 128 128 0 1 1
223000 224000 1 1 0 0 67 4303 0 0 624 877559 247 247 247 0 0 0 0 0 0 0 0 0 0 0
224000 225000 1 1 0 0 2 750 0 0 6 3615 119 119 119 0 0 0 0 0 0 0 0 0 0 0
225000 226000 0 0 0 0 0 0 0 0 0 0 0 0 0 0 0 0 0 0 0 0 0 0 0 0
226000 227000 1 1 0 0 73 4476 0 0 673 947829 254 254 254 0 8000 8000 8000 0 128 128 128 0 1 1
227000 228000 1 1 0 0 93 5638 0 0 848 1193632 320 320 320 0 0 0 0 0 0 0 0 0 0 0
228000 229000 1 1 0 0 102 6238 0 0 957 1348649 252 252 252 0 8000 8000 8000 0 128 128 128 0 1 1
229000 230000 1 1 0 0 47 2931 0 0 450 633636 118 118 118 0 0 0 0 0 0 0 0 0 0 0
230000 231000 1 1 0 0 114 6868 0 0 1056 1487127 254 254 254 0 8000 8000 8000 0 128 128 128 0 1 1
231000 232000 1 1 0 0 190 11395 0 0 1752 2467397 421 421 421 0 8000 8000 8000 0 128 128 128 0 1 1
232000 233000 1 1 0 0 71 4438 0 0 656 923833 241 241 241 0 8000 8000 8000 0 128 128 128 0 1 1
233000 234000 1 1 0 0 83 5191 0 0 768 1080777 282 282 282 0 0 0 0 0 0 0 0 0 0 0
234000 235000 1 1 0 0 2 750 0 0 6 3631 146 146 146 0 0 0 0 0 0 0 0 0 0 0
235000 236000 0 0 0 0 0 0 0 0 0 0 0 0 0 0 0 0 0 0 0 0 0 0 0 0
236000 237000 1 1 0 0 123 7678 0 0 1110 1555857 252 252 252 0 8000 8000 8000 0 128 128 128 0 1 1
237000 238000 1 1 0 0 42 2679 0 0 387 542888 88 88 88 0 0 0 0 0 0 0 0 0 0 0
238000 239000 1 1 0 0 106 6392 0 0 997 1387998 254 254 254 0 8000 8000 8000 0 128 128 128 0 1 2
239000 240000 1 1 0 0 186 11226 0 0 1752 2437694 446 446 446 0 8000 8000 8000 0 0 0 0 0 1 0
240000 241000 1 1 0 0 2 750 0 0 5 3589 77 77 77 0 0 0 0 0 0 0 0 0 0 0
241000 242000 0 0 0 0 0 0 0 0 0 0 0 0 0 0 0 0 0 0 0 0 0 0 0 0
242000 243000 1 1 0 0 131 7776 0 0 1260 1773378 255 255 255 0 8000 8000 8000 0 128 128 128 0 1 2
243000 244000 1 1 0 0 161 9568 0 0 1550 2181920 313 313 313 0 8000 8000 8000 0 0 0 0 0 1 0
244000 245000 1 1 0 0 110 6738 0 0 1059 1490556 255 255 255 0 8000 8000 8000 0 128 128 128 0 1 1
245000 246000 1 1 0 0 42 2574 0 0 404 569420 97 97 97 0 0 0 0 0 0 0 0 0 0 0
246000 247000 1 1 0 0 3 797 0 0 6 3626 132 132 132 0 0 0 0 0 0 0 0 0 0 0
247000 248000 0 0 0 0 0 0 0 0 0 0 0 0 0 0 0 0 0 0 0 0 0 0 0 0
248000 249000 1 1 0 0 138 8291 0 0 1337 1885446 254 254 254 0 8000 8000 8000 0 128 128 128 0 1 1
249000 250000 1 1 0 0 309 18531 0 0 2987 4213692 569 569 569 0 8000 8000 8000 0 128 128 128 0 2 2
250000 251000 1 1 0 0 2 750 0 0 6 3623 108 108 108 0 0 0 0 0 0 0 0 0 0 0
251000 252000 0 0 0 0 0 0 0 0 0 0 0 0 0 0 0 0 0 0 0 0 0 0 0 0
252000 253000 1 1 0 0 111 6660 0 0 1044 1460050 254 254 254 0 8000 8000 8000 0 128 128 128 0 1 2
253000 254000 1 1 0 0 191 11514 0 0 1806 2524327 439 439 439 0 8000 8000 8000 0 0 0 0 0 1 0
254000 255000 1 1 0 0 2 750 0 0 5 3599 60 60 60 0 0 0 0 0 0 0 0 0 0 0
255000 256000 0 0 0 0 0 0 0 0 0 0 0 0 0 0 0 0 0 0 0 0 0 0 0 0
256000 257000 1 1 0 0 83 5242 0 0 791 1113645 255 255 255 0 8000 8000 8000 0 128 128 128 0 1 1
257000 258000 1 1 0 0 207 12965 0 0 1957 2754094 631 631 631 0 8000 8000 8000 0 128 128 128 0 1 1
258000 259000 1 1 0 0 84 5119 0 0 825 1156896 253 253 253 0 8000 8000 8000 0 128 128 128 0 1 1
259000 260000 1 1 0 0 74 4559 0 0 734 1030388 225 225 225 0 0 0 0 0 0 0 0 0 0 0
260000 261000 1 1 0 0 78 4723 0 0 759 1046706 255 255 255 0 8000 8000 8000 0 128 128 128 0 1 1
261000 262000 1 1 0 0 84 5028 0 0 809 1114251 272 272 272 0 0 0 0 0 0 0 0 0 0 0
262000 263000 1 1 0 0 55 3457 0 0 508 712262 255 255 255 0 8000 8000 8000 0 128 128 128 0 1 1
263000 264000 1 1 0 0 109 6781 0 0 998 1397229 500 500 500 0 0 0 0 0 0 0 0 0 0 0
264000 265000 1 1 0 0 2 750 0 0 6 3603 115 115 115 0 0 0 0 0 0 0 0 0 0 0
265000 266000 0 0 0 0 0 0 0 0 0 0 0 0 0 0 0 0 0 0 0 0 0 0 0 0
266000 267000 1 1 0 0 71 4373 0 0 679 953042 253 253 253 0 8000 8000 8000 0 128 128 128 0 1 1
267000 268000 1 1 0 0 181 11058 0 0 1717 2409976 640 640 640 0 8000 8000 8000 0 128 128 128 0 1 1
268000 269000 1 1 0 0 84 4979 0 0 794 1115114 254 254 254 0 8000 8000 8000 0 128 128 128 0 1 1
269000 270000 1 1 0 0 94 5594 0 0 892 1252908 286 286 286 0 0 0 0 0 0 0 0 0 0 0
270000 271000 1 1 0 0 68 4134 0 0 633 866309 255 255 255 0 8000 8000 8000 0 128 128 128 0 1 1
271000 272000 1 1 0 0 83 5105 0 0 781 1069656 314 314 314 0 0 0 0 0 0 0 0 0 0 0
272000 273000 1 1 0 0 2 750 0 0 6 3594 91 91 91 0 0 0 0 0 0 0 0 0 0 0
273000 274000 0 0 0 0 0 0 0 0 0 0 0 0 0 0 0 0 0 0 0 0 0 0 0 0
274000 275000 1 1 0 0 109 6576 0 0 1029 1447331 254 254 254 0 8000 8000 8000 0 128 128 128 0 1 1
275000 276000 1 1 0 0 186 11255 0 0 1760 2476828 436 436 436 0 8000 8000 8000 0 128 128 128 0 1 1
276000 277000 1 1 0 0 3 797 0 0 6 3583 110 110 110 0 0 0 0 0 0 0 0 0 0 0
277000 278000 0 0 0 0 0 0 0 0 0 0 0 0 0 0 0 0 0 0 0 0 0 0 0 0
278000 279000 1 1 0 0 99 6141 0 0 937 1317440 253 253 253 0 8000 8000 8000 0 128 128 128 0 1 1
279000 280000 1 1 0 0 45 2790 0 0 426 598717 115 115 115 0 0 0 0 0 0 0 0 0 0 0
280000 281000 1 1 0 0 110 6598 0 0 1044 1460567 253 253 253 0 8000 8000 8000 0 128 128 128 0 1 2
281000 282000 1 1 0 0 190 11314 0 0 1790 2504463 435 435 435 0 8000 8000 8000 0 0 0 0 0 1 0
282000 283000 1 1 0 0 2 750 0 0 5 3550 80 80 80 0 0 0 0 0 0 0 0 0 0 0
283000 284000 0 0 0 0 0 0 0 0 0 0 0 0 0 0 0 0 0 0 0 0 0 0 0 0
284000 285000 1 1 0 0 117 6908 0 0 1099 1545137 256 256 256 0 8000 8000 8000 0 128 128 128 0 1 2
285000 286000 1 1 0 0 200 11782 0 0 1875 2634983 436 436 436 0 8000 8000 8000 0 0 0 0 0 1 0
286000 287000 1 1 0 0 74 4642 0 0 696 977646 255 255 255 0 8000 8000 8000 0 128 128 128 0 1 1
287000 288000 1 1 0 0 76 4769 0 0 715 1004181 262 262 262 0 0 0 0 0 0 0 0 0 0 0
288000 289000 1 1 0 0 2 750 0 0 5 3584 73 73 73 0 0 0 0 0 0 0 0 0 0 0
289000 290000 0 0 0 0 0 0 0 0 0 0 0 0 0 0 0 0 0 0 0 0 0 0 0 0
290000 291000 1 1 0 0 124 7411 0 0 1164 1630233 254 254 254 0 8000 8000 8000 0 128 128 128 0 1 2
291000 292000 1 1 0 0 303 18088 0 0 2843 3978652 621 621 621 0 8000 8000 8000 0 128 128 128 0 2 1
292000 293000 1 1 0 0 2 750 0 0 6 3568 112 112 112 0 0 0 0 0 0 0 0 0 0 0
293000 294000 0 0 0 0 0 0 0 0 0 0 0 0 0 0 0 0 0 0 0 0 0 0 0 0
294000 295000 1 1 0 0 108 6400 0 0 1024 1413981 254 254 254 0 8000 8000 8000 0 128 128 128 0 1 2
295000 296000 1 1 0 0 210 12492 0 0 1998 2759923 497 497 497 0 8000 8000 8000 0 0 0 0 0 1 0
296000 297000 1 1 0 0 57 3465 0 0 498 701664 252 252 252 0 8000 8000 8000 0 128 128 128 0 1 1
297000 298000 1 1 0 0 115 6999 0 0 1008 1417426 510 510 510 0 0 0 0 0 0 0 0 0 0 0
298000 299000 1 1 0 0 2 750 0 0 5 3548 76 76 76 0 0 0 0 0 0 0 0 0 0 0
299000 300000 0 0 0 0 0 0 0 0 0 0 0 0 0 0 0 0 0 0 0 0 0 0 0 0
300000 301000 0 0 0 0 0 0 0 0 0 0 0 0 0 0 0 0 0 0 0 0 0 0 0 0
