ts te nbins ncons c_pkts_all c_ack_cnt c_ack_cnt_p c_bytes_all c_bytes_uniq s_pkts_all s_ack_cnt s_ack_cnt_p s_bytes_all s_bytes_uniq c_pkts_retx s_pkts_retx c_pkts_data s_pkts_data max_bin_duration min_bin_duration avg_bin_duration std_bin_duration max_video_rate min_video_rate avg_video_rate std_video_rate max_audio_rate min_audio_rate avg_audio_rate std_audio_rate video_reqs audio_reqs media_reqs
0.0 5000.0 0 0 0.0 0.0 0.0 0.0 0.0 0.0 0.0 0.0 0.0 0.0 0.0 0.0 0.0 0.0 0.0 0.0 0.0 0.0 0.0 0.0 0.0 0.0 0.0 0.0 0.0 0.0 0  
5000.0 10000.0 7 4 1379.0544215491045 1375.0544215491045 1354.252131146307 18632.365770672113 18632.365770672113 3186.747355472821 3186.747355472821 24.802290402797475 4987752.990034774 4987752.990034774 0.0 0.0 20.802290402797475 3157.9450650700237 999.9530000000013 73.35599999999977 346.9028635602689 336.7967299552842 4400.0 4400.0 4400.0 0.0 128.0 128.0 128.0 0.0 7 6.0 1.0
10000.0 15000.0 11 4 1834.9455784508955 1834.9455784508955 1819.747868853693 11866.634229327883 11866.634229327883 5345.25264452718 5345.25264452718 15.197709597202525 8665080.009965226 8663680.009965226 0.0 1.0 14.197709597202525 5329.054934929976 783.1990000000005 24.099999999998545 275.017450461647 192.46930516037293 8000.0 4400.0 7280.0 1609.9689437998486 128.0 128.0 128.0 0.0 5 5.0 3.0
15000.0 20000.0 6 2 757.9185905096253 757.9185905096253 750.4321050478168 6248.269418762866 6248.269418762866 2652.9183251180275 2652.9183251180275 7.4864854618085035 4447334.566575408 4446994.026752141 0.0 0.2432427309042516 7.4864854618085035 2645.431839656219 701.9360000000015 33.77599999999802 232.9042190755184 245.67439409412086 8000.0 8000.0 8000.0 0.0 128.0 128.0 128.0 0.0 3 3.0 2.0
20000.0 25000.0 8 2 1523.0814094903747 1523.0814094903747 1513.5678949521832 7943.730581237134 7943.730581237134 4349.0816748819725 4349.0816748819725 9.513514538191497 7389404.433424592 7388344.973247858 0.0 0.7567572690957484 9.513514538191497 4339.568160343781 949.1900000000023 107.41700000000128 443.24583569335937 341.45009036853435 8000.0 8000.0 8000.0 0.0 128.0 128.0 128.0 0.0 3 3.0 3.0
25000.0 30000.0 6 2 768.7556551179134 768.7556551179134 761.8242451534292 5782.347012890714 5782.347012890714 2678.152804980987 2678.152804980987 6.931409964484371 4389583.646235136 4389583.646235136 0.0 0.0 6.931409964484371 2671.2213950165033 427.6270000000004 174.333984375 268.1155501302067 115.13113034852209 8000.0 8000.0 8000.0 0.0 128.0 128.0 128.0 0.0 3 3.0 2.0
30000.0 35000.0 6 2 837.2443448820866 837.2443448820866 829.175754846571 6727.652987109286 6727.652987109286 3076.8471950190124 3076.8471950190124 8.06859003551563 5470841.353764864 5470841.353764864 0.0 0.0 8.06859003551563 3068.7786049834967 708.4190000000017 149.64199999999983 423.64394986979215 261.88059500520137 8000.0 8000.0 8000.0 0.0 128.0 128.0 128.0 0.0 2 2.0 3.0
35000.0 40000.0 6 2 715.5996842546773 715.5996842546773 708.1007774600978 6258.591546295541 6258.591546295541 2520.656936059363 2520.656936059363 7.498906794579471 4437772.622364646 4437772.622364646 0.0 0.0 7.498906794579471 2513.1580292647836 724.461000000003 58.199999999989814 386.3336575520807 317.02399878881664 8000.0 8000.0 8000.0 0.0 128.0 128.0 128.0 0.0 3 3.0 2.0
40000.0 45000.0 6 2 880.0230795186199 880.0230795186199 872.3744623338087 6383.853356598697 6383.853356598697 3045.5395897036296 3045.5395897036296 7.648617184811177 5393065.564255468 5393065.564255468 0.0 0.0 7.648617184811177 3037.890972518818 945.9369999999981 106.99300000000221 458.24832617187593 291.65874995378846 8000.0 8000.0 8000.0 0.0 128.0 128.0 128.0 0.0 2 2.0 3.0
45000.0 50000.0 6 2 992.3772362267028 992.3772362267028 984.5247602060936 6553.555097105762 6553.555097105762 3434.8034742370073 3434.8034742370073 7.852476020609352 5926750.813379887 5926750.813379887 0.0 0.0 7.852476020609352 3426.950998216398 992.403999999995 250.18499999999767 538.8595162760394 348.3559629177243 8000.0 8000.0 8000.0 0.0 128.0 128.0 128.0 0.0 3 3.0 2.0
50000.0 55000.0 6 2 1074.373319011533 1074.373319011533 1065.554061343585 7354.176441076435 7354.176441076435 3541.373319011533 3541.373319011533 8.819257667948138 5862436.095833795 5861036.095833795 0.0 1.0 8.819257667948138 3532.554061343585 942.0090000000055 181.539306640625 432.821717773438 291.4048384129788 8000.0 8000.0 8000.0 0.0 128.0 128.0 128.0 0.0 3 3.0 3.0
55000.0 60000.0 6 3 832.6632036536801 832.6632036536801 825.8036204332238 5155.823558923565 5155.823558923565 2545.9843627652754 2545.9843627652754 6.180742332051862 3961219.1963475263 3961219.1963475263 0.0 0.0 6.180742332051862 2539.1247795448194 645.173095703125 40.05069335937151 417.45279817708314 212.09152350316253 8000.0 8000.0 8000.0 0.0 128.0 128.0 128.0 0.0 2 2.0 2.0
60000.0 65000.0 7 3 1177.9634773347866 1177.9634773347866 1168.642318223191 7506.0 7506.0 3975.642318223191 3975.642318223191 9.0 5933091.707818679 5933091.707818679 0.0 0.0 9.0 3966.3211591115955 306.3819999999978 195.2280000000028 259.7161291852681 40.24533472556284 8000.0 8000.0 8000.0 0.0 128.0 128.0 128.0 0.0 3 3.0 3.0
65000.0 70000.0 4 2 803.0 803.0 797.0 5004.0 5004.0 2485.0 2485.0 6.0 3914564.0 3913164.0 0.0 1.0 6.0 2479.0 361.88600000001315 233.27099999999336 294.7707500000033 69.38374990047258 8000.0 8000.0 8000.0 0.0 128.0 128.0 128.0 0.0 2 2.0 2.0
70000.0 75000.0 4 3 704.0 703.0 695.0 7173.0 7173.0 2502.0 2502.0 9.0 3988220.0 3988220.0 0.0 0.0 8.0 2492.0 663.0650000000023 206.95799999999872 337.5609999999979 217.56931573332645 8000.0 8000.0 8000.0 0.0 128.0 128.0 128.0 0.0 2 2.0 3.0
75000.0 80000.0 8 3 1872.9678180982874 1872.9678180982874 1862.48725516176 8745.347800254338 8745.347800254338 3825.980858067391 3825.980858067391 10.480562936527484 6366582.683461547 6366582.683461547 0.0 0.0 10.480562936527484 3815.5002951308634 993.8540000000066 44.92900000001828 370.0647622070319 388.58315250109774 8000.0 8000.0 8000.0 0.0 128.0 128.0 128.0 0.0 4 4.0 2.0
80000.0 85000.0 5 2 1042.0321819017126 1042.0321819017126 1034.51274483824 6266.652199745661 6266.652199745661 3574.019141932609 3574.019141932609 7.519437063472517 5490440.316538452 5489040.316538452 0.0 1.0 7.519437063472517 3566.4997048691366 715.8579999999783 142.69700000000012 528.8235804687487 231.83976912885336 8000.0 8000.0 8000.0 0.0 128.0 128.0 128.0 0.0 2 2.0 3.0
85000.0 90000.0 5 2 1077.260375639974 1077.260375639974 1068.6965281727012 7148.354923163562 7148.354923163562 3231.3897552635462 3231.3897552635462 8.0 5140953.345541791 5140953.345541791 0.0 0.0 8.563847467272636 3223.3897552635462 999.8589999999967 62.50500000000466 661.9662542968756 378.8219893056626 8000.0 8000.0 8000.0 0.0 128.0 128.0 128.0 0.0 3 3.0 2.0
90000.0 95000.0 6 2 752.2932295146887 752.2932295146887 745.6614955386602 5533.977674776444 5533.977674776444 2797.957222056068 2797.957222056068 7.1955814433012115 4635507.013227321 4635507.013227321 0.0 0.0 6.631733976028576 2790.761640612767 965.3429999999789 277.79099999999744 579.7247832031231 307.431640502667 8000.0 8000.0 8000.0 0.0 128.0 128.0 128.0 0.0 2 2.0 3.0
95000.0 100000.0 6 3 696.4463948453373 696.4463948453373 690.6419762886385 4831.667402059995 4831.667402059995 2240.653022680385 2240.653022680385 5.8044185566987885 3802398.6412308877 3802398.6412308877 0.0 0.0 5.8044185566987885 2234.8486041236865 918.375 56.26799999999639 336.73533821614063 307.94185968052955 8000.0 8000.0 8000.0 0.0 128.0 128.0 128.0 0.0 2 2.0 2.0
100000.0 105000.0 8 3 1005.0 1005.0 994.0 9146.0 7506.0 3545.0 3545.0 11.0 5884573.0 5880373.0 2.0 3.0 11.0 3534.0 690.976999999999 51.71600000000035 386.79462499999863 195.03477044578378 8000.0 8000.0 8000.0 0.0 128.0 128.0 128.0 0.0 3 3.0 3.0
105000.0 110000.0 6 2 1134.0 1134.0 1126.0 6686.0 6686.0 3536.0 3536.0 8.0 5835753.0 5835753.0 0.0 0.0 8.0 3528.0 949.8730000000069 45.97900000002119 402.25650000000314 354.50891934773534 8000.0 8000.0 8000.0 0.0 128.0 128.0 128.0 0.0 3 3.0 2.0
110000.0 115000.0 6 2 804.0 804.0 795.0 7506.0 7506.0 3707.0 3707.0 9.0 6137594.0 6137594.0 0.0 0.0 9.0 3698.0 620.1639999999898 287.2280000000028 435.59199999999447 125.21752263640872 8000.0 8000.0 8000.0 0.0 128.0 128.0 128.0 0.0 3 3.0 3.0
115000.0 120000.0 6 3 701.0 701.0 695.0 5004.0 5004.0 2176.0 2176.0 6.0 3902620.0 3902620.0 0.0 0.0 6.0 2170.0 278.0100000000093 101.83499999999185 174.40433333332962 75.52465212808029 8000.0 8000.0 8000.0 0.0 128.0 128.0 128.0 0.0 2 2.0 2.0
120000.0 125000.0 4 3 302.0 302.0 298.0 3322.0 3322.0 1038.0 1038.0 4.0 1801069.0 1801069.0 0.0 0.0 4.0 1034.0 231.7619999999879 114.79199999998673 172.90699999999197 65.27053986293835 8000.0 8000.0 8000.0 0.0 128.0 128.0 128.0 0.0 1 1.0 3.0
125000.0 130000.0 9 4 1264.8945358696396 1263.8945358696396 1249.4713932479863 12548.631518593844 12548.631518593844 4904.169731273658 4904.169731273658 15.423142621653241 8231708.537582756 8223308.537582756 0.0 6.0 14.423142621653241 4887.746588652004 999.9929999999877 0.0 522.2891024305524 422.30123192032005 8000.0 8000.0 8000.0 0.0 128.0 128.0 128.0 0.0 5 5.0 2.0
130000.0 135000.0 6 3 921.1054641303605 921.1054641303605 912.5286067520137 6314.368481406156 6314.368481406156 3164.830268726342 3164.830268726342 8.576857378346759 5313837.462417244 5313837.462417244 0.0 0.0 7.576857378346758 3155.2534113479956 877.8509999999951 168.07300000000396 405.049513020834 285.1019731256774 8000.0 8000.0 8000.0 0.0 128.0 128.0 128.0 0.0 2 2.0 3.0
135000.0 140000.0 5 2 1073.2399376749413 1073.2399376749413 1064.678119807896 7146.69065097703 7146.69065097703 3279.601547791791 3279.601547791791 8.0 5212622.541605379 5212622.541605379 0.0 0.0 8.561817867045157 3271.601547791791 998.2520000000077 268.00800000000163 625.2901789062482 288.4977402937248 8000.0 8000.0 8000.0 0.0 128.0 128.0 128.0 0.0 3 3.0 2.0
140000.0 145000.0 8 2 650.683034687341 650.683034687341 644.0950659899354 5497.632197517107 5497.632197517107 2064.321424570491 2064.321424570491 7.149786564450767 4228325.358309425 4226925.358309425 0.0 1.0 6.587968697405609 2057.1716380060407 912.2250000000058 4.36699999999837 485.8180095214848 329.6360060356865 8000.0 8000.0 8000.0 0.0 128.0 128.0 128.0 0.0 2 2.0 3.0
145000.0 150000.0 7 2 986.0770276377177 986.0770276377177 978.2268142021685 6551.6771515058645 6551.6771515058645 3371.077027637718 3371.077027637718 7.850213435549234 5797086.100085195 5797086.100085195 0.0 0.0 7.850213435549234 3363.2268142021685 940.2080000000133 8.978999999992084 387.2731470424083 299.01198368986906 8000.0 8000.0 8000.0 0.0 128.0 128.0 128.0 0.0 3 3.0 2.0
150000.0 155000.0 6 2 1077.0 1077.0 1068.0 7506.0 7506.0 3610.0 3610.0 9.0 5785145.0 5785145.0 0.0 0.0 9.0 3601.0 746.7669999999925 169.1820000000007 480.23833333333215 209.57155480233087 8000.0 8000.0 8000.0 0.0 128.0 128.0 128.0 0.0 3 3.0 3.0
155000.0 160000.0 4 2 668.0 668.0 662.0 5004.0 5004.0 2323.0 2323.0 6.0 4139053.0 4139053.0 0.0 0.0 6.0 2317.0 514.6820000000007 203.34799999999814 393.421500000004 133.18409918730552 8000.0 8000.0 8000.0 0.0 128.0 128.0 128.0 0.0 2 2.0 2.0
160000.0 165000.0 6 2 840.0 840.0 831.0 7506.0 7506.0 2799.0 2799.0 9.0 5796779.0 5796779.0 0.0 0.0 9.0 2790.0 413.9070000000065 193.64400000005844 283.90733333335083 100.66265953700857 8000.0 8000.0 8000.0 0.0 128.0 128.0 128.0 0.0 3 3.0 3.0
165000.0 170000.0 4 2 712.0 712.0 706.0 5004.0 5004.0 2537.0 2537.0 6.0 3924657.0 3923257.0 0.0 1.0 6.0 2531.0 525.5890000000072 171.92499999995925 288.47674999999435 161.83014204278203 8000.0 8000.0 8000.0 0.0 128.0 128.0 128.0 0.0 2 2.0 2.0
170000.0 175000.0 7 3 938.0 938.0 928.0 7506.0 7506.0 3615.0 3615.0 9.0 5760053.0 5760053.0 0.0 0.0 9.0 3605.0 835.0149999999849 168.04799999998068 440.7301428571435 231.81526970803625 8000.0 8000.0 8000.0 0.0 128.0 128.0 128.0 0.0 3 3.0 3.0
175000.0 180000.0 5 2 695.0 695.0 689.0 5004.0 5004.0 2290.0 2290.0 6.0 3936845.0 3936845.0 0.0 0.0 6.0 2284.0 724.4079999999958 43.226000000024214 248.471800000011 279.2980131028454 8000.0 8000.0 8000.0 0.0 128.0 128.0 128.0 0.0 2 2.0 2.0
180000.0 185000.0 6 2 1018.0 1018.0 1009.0 7506.0 7506.0 3709.0 3709.0 9.0 5972332.0 5972332.0 0.0 0.0 9.0 3700.0 990.1119999999937 165.63500000006752 332.5353333333478 324.2908218390691 8000.0 8000.0 8000.0 0.0 128.0 128.0 128.0 0.0 3 3.0 3.0
185000.0 190000.0 6 2 638.3511833044909 638.3511833044909 629.8746436602001 7060.004444405503 6240.004444405503 2492.0432918525685 2492.0432918525685 8.476539644290618 4339531.785112785 4336731.785112785 1.0 2.0 8.476539644290618 2483.566752208278 540.0789999999979 52.04199999998673 301.9266725260386 196.55352744012217 8000.0 8000.0 8000.0 0.0 128.0 128.0 128.0 0.0 3 3.0 2.0
190000.0 195000.0 6 2 798.1101107798772 798.1101107798772 790.3560033819838 6471.4326006072315 6471.4326006072315 3306.4180022317996 3306.4180022317996 7.754107397893401 5313582.652304156 5312182.652304156 0.0 1.0 7.754107397893401 3298.663894833906 709.8450000000303 81.97700000004261 438.66481119793025 219.20407733656455 8000.0 8000.0 8000.0 0.0 128.0 128.0 128.0 0.0 2 2.0 3.0
195000.0 200000.0 7 2 991.5387059156319 991.5387059156319 983.769352957816 6484.562954987265 6484.562954987265 3634.538705915632 3634.538705915632 7.769352957815981 6024323.562583059 6024323.562583059 0.0 0.0 7.769352957815981 3626.769352957816 786.7430000000459 100.44800000000396 489.28329966518294 219.64703041975963 8000.0 8000.0 8000.0 0.0 128.0 128.0 128.0 0.0 3 3.0 2.0
200000.0 205000.0 6 2 796.4942532146067 796.4942532146067 787.6862902746273 7344.304795462734 7344.304795462734 3132.5227497149613 3132.5227497149613 8.807962939979493 5513770.703940052 5513770.703940052 0.0 0.0 8.807962939979493 3123.714786774982 648.5270000000019 373.57300000000396 455.194148763015 98.47858310823665 8000.0 8000.0 8000.0 0.0 128.0 128.0 128.0 0.0 3 3.0 3.0
205000.0 210000.0 6 3 695.5057467853933 694.5057467853933 686.3137097253727 7270.695204537266 7270.695204537266 2632.4772502850387 2632.4772502850387 9.192037060020507 4091207.296059949 4091207.296059949 0.0 0.0 8.192037060020507 2622.285213225018 442.5370000000112 97.60110742188408 269.81618457031436 128.00536297319013 8000.0 8000.0 8000.0 0.0 128.0 128.0 128.0 0.0 2 2.0 2.0
210000.0 215000.0 7 3 987.0 987.0 978.0 7506.0 7506.0 3612.0 3612.0 9.0 5872148.0 5870748.0 0.0 1.0 9.0 3603.0 472.719000000041 244.66499999997905 380.5885714285708 97.846213500003 8000.0 8000.0 8000.0 0.0 128.0 128.0 128.0 0.0 3 3.0 3.0
215000.0 220000.0 7 3 648.8791857995375 648.8791857995375 641.3896426653469 6250.810344512359 6250.810344512359 2756.529129622812 2756.529129622812 7.489543134190564 4509184.282194103 4508841.602000169 0.0 0.24477156709528203 7.489543134190564 2749.0395864886214 310.38300000000163 72.38800000003539 197.62799693080265 90.31160071442356 8000.0 8000.0 8000.0 0.0 128.0 128.0 128.0 0.0 3 3.0 2.0
220000.0 225000.0 5 2 871.1208142004625 871.1208142004625 863.6103573346531 6259.189655487641 6259.189655487641 3280.470870377188 3280.470870377188 7.510456865809436 5434808.717805897 5433751.397999831 0.0 0.755228432904718 7.510456865809436 3272.9604135113786 703.9079999999958 67.59400000004098 403.7764042968862 311.83691313069284 8000.0 8000.0 8000.0 0.0 128.0 128.0 128.0 0.0 2 2.0 3.0
225000.0 230000.0 5 2 932.0 932.0 924.0 6686.0 6686.0 3379.0 3379.0 8.0 5763784.0 5763784.0 0.0 0.0 8.0 3371.0 729.3910000000324 61.02700000000186 432.3034000000218 336.5513772818506 8000.0 8000.0 8000.0 0.0 128.0 128.0 128.0 0.0 3 3.0 2.0
230000.0 235000.0 6 2 694.465105058951 694.465105058951 687.2325525294755 6027.01859946467 6027.01859946467 2254.465105058951 2254.465105058951 7.232552529475506 4053612.67786424 4053612.67786424 0.0 0.0 7.232552529475506 2247.2325525294755 728.252999999997 104.90499999999884 323.5787194010433 258.1162468036705 8000.0 8000.0 8000.0 0.0 128.0 128.0 128.0 0.0 2 2.0 3.0
235000.0 240000.0 9 2 894.5348949410491 894.5348949410491 886.7674474705245 6482.981400535329 6482.981400535329 3267.534894941049 3267.534894941049 7.767447470524494 5651326.3221357595 5651326.3221357595 0.0 0.0 7.767447470524494 3259.7674474705245 939.972000000038 10.853999999992084 422.4842981770796 372.2872078057746 8000.0 8000.0 8000.0 0.0 128.0 128.0 128.0 0.0 3 3.0 2.0
240000.0 245000.0 7 2 867.0907881638689 867.0907881638689 858.9067641310255 6819.419703585758 6819.419703585758 3096.4763711308196 3096.4763711308196 8.184024032843283 4906674.791803985 4906674.791803985 0.0 0.0 8.184024032843283 3088.2923470979767 974.1329999999725 54.493000000016764 436.0957304687555 369.35735572488716 8000.0 8000.0 8000.0 0.0 128.0 128.0 128.0 0.0 3 3.0 3.0
245000.0 250000.0 6 3 1036.9092118361311 1036.9092118361311 1030.0932358689745 5690.580296414242 5690.580296414242 3157.5236288691804 3157.5236288691804 6.815975967156717 5079405.208196015 5079405.208196015 0.0 0.0 6.815975967156717 3150.7076529020237 759.0040000000154 55.56391015625559 282.5451477864699 246.9753309186204 8000.0 8000.0 8000.0 0.0 128.0 128.0 128.0 0.0 2 2.0 2.0
250000.0 255000.0 5 2 1170.0 1170.0 1163.0 5824.0 5824.0 2257.0 2257.0 7.0 3972175.0 3972175.0 0.0 0.0 7.0 2250.0 601.6209999999846 27.493000000016764 398.1958000000101 222.88659051902795 8000.0 8000.0 8000.0 0.0 128.0 128.0 128.0 0.0 2 2.0 3.0
255000.0 260000.0 6 3 850.7402487053396 850.7402487053396 843.5424148268895 6005.751673210084 6005.751673210084 2704.7190471684985 2704.7190471684985 7.197833878450122 4310912.876668577 4310568.415637287 0.0 0.24604359377883006 7.197833878450122 2697.5212132900483 719.4850000000442 171.971923828125 359.35836328126607 218.29876674591895 8000.0 8000.0 8000.0 0.0 128.0 128.0 128.0 0.0 3 3.0 2.0
260000.0 265000.0 8 2 841.426924354297 841.426924354297 833.4277425000529 6677.771384926134 6677.771384926134 3081.0466337574853 3081.0466337574853 7.9991818542441155 5436173.61984094 5435118.080872231 0.0 0.7539564062211699 7.9991818542441155 3073.0474519032414 942.6840000000084 25.213999999978114 447.7467175292986 290.36336940711556 8000.0 8000.0 8000.0 0.0 128.0 128.0 128.0 0.0 2 2.0 3.0
265000.0 270000.0 6 2 1021.8328269403634 1021.8328269403634 1014.0298426730576 6512.4769418637825 6512.4769418637825 3439.234319074016 3439.234319074016 7.802984267305762 5884065.5034904815 5884065.5034904815 0.0 0.0 7.802984267305762 3431.4313348067108 377.5840800781152 177.37400000006892 258.4903466796968 84.23873830835551 8000.0 8000.0 8000.0 0.0 128.0 128.0 128.0 0.0 3 3.0 2.0
270000.0 275000.0 8 3 1034.0 1034.0 1025.0 7506.0 7506.0 3556.0 3556.0 9.0 6077520.0 6077520.0 0.0 0.0 9.0 3547.0 651.8950000000186 55.95899999997346 265.590500000013 186.07567197706996 8000.0 8000.0 8000.0 0.0 128.0 128.0 128.0 0.0 3 3.0 3.0
275000.0 280000.0 4 2 627.0 627.0 621.0 5004.0 5004.0 2121.0 2121.0 6.0 3518244.0 3518244.0 0.0 0.0 6.0 2115.0 709.9309999999823 69.85499999998137 425.3492499999993 329.45301048695626 8000.0 8000.0 8000.0 0.0 128.0 128.0 128.0 0.0 2 2.0 2.0
280000.0 285000.0 6 2 933.9792704134809 933.9792704134809 924.7993367395281 7665.344949380831 7665.344949380831 3324.5692372504573 3324.5692372504573 9.17993367395281 5733937.92511833 5733937.92511833 0.0 0.0 9.17993367395281 3315.3893035765045 998.50900000002 275.54100000002654 775.0157080078206 292.97281598717524 8000.0 8000.0 8000.0 0.0 128.0 128.0 128.0 0.0 3 3.0 3.0
285000.0 290000.0 7 2 912.0207295865191 912.0207295865191 904.2006632604719 6526.655050619169 6526.655050619169 3298.4307627495427 3298.4307627495427 7.820066326047191 5969337.07488167 5969337.07488167 0.0 0.0 7.820066326047191 3290.6106964234955 963.2330000000075 52.30999999999767 454.645393136157 360.8457548613581 8000.0 8000.0 8000.0 0.0 128.0 128.0 128.0 0.0 3 3.0 2.0
290000.0 295000.0 6 2 860.0 860.0 851.0 7506.0 7506.0 3292.0 3292.0 9.0 5824038.0 5824038.0 0.0 0.0 9.0 3283.0 436.1740000000573 72.08100000000559 296.2611666666926 154.6068827464491 8000.0 8000.0 8000.0 0.0 128.0 128.0 128.0 0.0 3 3.0 3.0
295000.0 300000.0 4 2 648.0 648.0 642.0 5004.0 5004.0 1982.0 1982.0 6.0 3874064.0 3874064.0 0.0 0.0 6.0 1976.0 919.5040000000154 312.8850000000093 500.230750000017 286.53817270115354 8000.0 8000.0 8000.0 0.0 128.0 128.0 128.0 0.0 2 2.0 2.0
300000.0 305000.0 0 0 0.0 0.0 0.0 0.0 0.0 0.0 0.0 0.0 0.0 0.0 0.0 0.0 0.0 0.0 0.0 0.0 0.0 0.0 0.0 0.0 0.0 0.0 0.0 0.0 0.0 0.0 0  
