ts te nbins ncons c_pkts_all c_bytes_all s_pkts_all s_bytes_all max_bin_duration min_bin_duration avg_bin_duration std_bin_duration max_video_rate min_video_rate avg_video_rate std_video_rate max_audio_rate min_audio_rate avg_audio_rate std_audio_rate video_reqs audio_reqs media_reqs
0.0 1000.0 0 0 0.0 0.0 0.0 0.0 0.0 0.0 0.0 0.0 0.0 0.0 0.0 0.0 0.0 0.0 0.0 0.0 0 0 
1000.0 2000.0 0 0 0.0 0.0 0.0 0.0 0.0 0.0 0.0 0.0 0.0 0.0 0.0 0.0 0.0 0.0 0.0 0.0 0 0 
2000.0 3000.0 0 0 0.0 0.0 0.0 0.0 0.0 0.0 0.0 0.0 0.0 0.0 0.0 0.0 0.0 0.0 0.0 0.0 0 0 
3000.0 4000.0 0 0 0.0 0.0 0.0 0.0 0.0 0.0 0.0 0.0 0.0 0.0 0.0 0.0 0.0 0.0 0.0 0.0 0 0 
4000.0 5000.0 0 0 0.0 0.0 0.0 0.0 0.0 0.0 0.0 0.0 0.0 0.0 0.0 0.0 0.0 0.0 0.0 0.0 0 0 
5000.0 6000.0 0 0 0.0 0.0 0.0 0.0 0.0 0.0 0.0 0.0 0.0 0.0 0.0 0.0 0.0 0.0 0.0 0.0 0 0 
6000.0 7000.0 1 1 68.8260768382813 6486.622036265415 180.07918734399624 255127.89578683447 471.39404296875 471.39404296875 471.39404296875 0.0 1500.0 1500.0 1500.0 0.0 128.0 128.0 128.0 0.0 2 2 1.0
7000.0 8000.0 2 1 181.1670787500215 15062.067529271622 430.9330623941787 589774.7386767425 528.5689570312388 469.14892578125 498.8589414062444 42.016307035183665 840.0 840.0 840.0 0.0 128.0 128.0 128.0 0.0 2 3 0.0
8000.0 9000.0 2 1 145.32892814804836 10637.23206036662 336.6979290283399 457531.7845534985 438.72412109375 356.42707421875093 397.57559765625047 58.19279991693901 840.0 840.0 840.0 0.0 128.0 128.0 128.0 0.0 1 1 1.0
9000.0 10000.0 2 1 147.01089032531704 10070.411350710396 347.6798180893736 489223.6129099147 553.5338789062225 435.491943359375 494.51291113279876 83.46825308956126 840.0 840.0 840.0 0.0 128.0 128.0 128.0 0.0 2 2 0.0
10000.0 11000.0 2 1 118.11957921044585 8480.208952897494 257.8169865909151 365915.08326516196 561.5610566406394 432.997314453125 497.2791855468822 90.90829391551048 840.0 840.0 840.0 0.0 128.0 128.0 128.0 0.0 2 2 1.0
11000.0 12000.0 2 1 110.29959781965795 7895.195657600085 228.7005994603906 323554.1720454425 564.7866855468601 425.6640625 495.22537402343005 98.37455017289464 840.0 840.0 840.0 0.0 128.0 128.0 128.0 0.0 1 1 0.0
12000.0 13000.0 2 1 137.27011514853388 8341.5729296914 291.9739939468019 416400.7639195662 571.4749375000247 421.884033203125 496.67948535157484 105.77674283216561 840.0 840.0 840.0 0.0 128.0 128.0 128.0 0.0 1 1 1.0
13000.0 14000.0 1 1 66.9777337596941 4167.689483196966 145.1184231460039 207457.9488428392 532.9239667968941 532.9239667968941 532.9239667968941 0.0 840.0 840.0 840.0 0.0 0.0 0.0 0.0 0.0 1 0 0.0
14000.0 15000.0 1 1 65.88701051779154 4524.548554438551 173.70211863781404 251816.00746407153 460.41796875 460.41796875 460.41796875 0.0 3000.0 3000.0 3000.0 0.0 128.0 128.0 128.0 0.0 2 2 1.0
15000.0 16000.0 2 1 135.14835601735115 8559.710514089671 338.71373661085215 488466.536535737 538.8650312499958 460.196044921875 499.5305380859354 55.62737370168602 0.0 0.0 0.0 0.0 0.0 0.0 0.0 0.0 0 0 0.0
16000.0 17000.0 2 1 140.93751062760924 7459.911066785041 332.06683385523456 478790.32057905535 538.9309550781036 457.519287109375 498.2251210937393 57.56674248839562 3000.0 3000.0 3000.0 0.0 128.0 128.0 128.0 0.0 1 1 1.0
17000.0 18000.0 2 1 133.6052092677022 7053.763620057176 319.3451925695991 459821.6701621823 539.3657128906343 456.842041015625 498.10387695312966 58.35304799123266 3000.0 3000.0 3000.0 0.0 0.0 0.0 0.0 0.0 1 0 0.0
18000.0 19000.0 2 1 128.63972433151514 6860.789849118593 307.5751501982626 442012.6675367529 541.7599589843885 456.03125 498.89560449219425 60.619351465229215 0.0 0.0 0.0 0.0 128.0 128.0 128.0 0.0 0 1 1.0
19000.0 20000.0 2 1 101.68280522752127 5576.207645836581 233.58098685127683 336518.2734405426 541.6857500000042 453.48193359375 497.5838417968771 62.36951670739559 0.0 0.0 0.0 0.0 0.0 0.0 0.0 0.0 0 0 0.0
20000.0 21000.0 2 1 90.66260858690862 5167.229978494344 219.0004289280066 313311.30282766814 544.7100664062309 452.818115234375 498.76409082030295 64.97742181008242 3000.0 3000.0 3000.0 0.0 128.0 128.0 128.0 0.0 1 1 1.0
21000.0 22000.0 2 1 154.73008476566525 7415.980973104508 359.4233259488713 517789.7756537924 546.9308847656357 452.251953125 499.59141894531786 66.94811459859109 0.0 0.0 0.0 0.0 0.0 0.0 0.0 0.0 0 0 0.0
22000.0 23000.0 2 1 32.904155170185255 1985.6370853151896 73.82191116656335 105516.27343274411 244.77294921875 44.413046874979045 144.59299804686452 141.6758456251549 3000.0 3000.0 3000.0 0.0 128.0 128.0 128.0 0.0 1 1 1.0
23000.0 24000.0 2 1 104.25161385589486 6405.107220505853 241.70613759086422 345869.4710782225 754.9690507812775 244.256103515625 499.61257714845124 361.12858825131053 0.0 0.0 0.0 0.0 0.0 0.0 0.0 0.0 0 0 0.0
24000.0 25000.0 2 1 92.24447549584428 5108.757465511624 222.19218298077783 319025.94282211247 755.7228964844253 210.885986328125 483.30444140627515 385.2578738122457 3000.0 3000.0 3000.0 0.0 128.0 128.0 128.0 0.0 1 1 1.0
25000.0 26000.0 2 1 101.25988842125028 6386.150671000591 248.1662292535179 352697.0431222464 784.9930136718904 208.576904296875 496.7849589843827 407.58773972424 0.0 0.0 0.0 0.0 0.0 0.0 0.0 0.0 0 0 0.0
26000.0 27000.0 2 1 131.77518992009072 6852.835807699024 311.169724848173 445757.05282166845 791.2750957031385 189.802978515625 490.53903710938175 425.30501275792057 3000.0 3000.0 3000.0 0.0 128.0 128.0 128.0 0.0 1 1 1.0
27000.0 28000.0 2 1 135.13645781716033 8169.351708445563 327.11890520879587 470999.98199298483 806.1070214843494 187.998046875 497.0525341796747 437.0690474585345 0.0 0.0 0.0 0.0 0.0 0.0 0.0 0.0 0 0 0.0
28000.0 29000.0 2 1 143.4003778480231 8150.911915519914 316.82540925889 460030.4942439082 807.7739531249972 187.56591796875 497.6699355468736 438.5533074053671 3000.0 3000.0 3000.0 0.0 128.0 128.0 128.0 0.0 1 1 1.0
29000.0 30000.0 2 1 148.8765680760396 6925.471199519188 316.82350420168626 459048.0376772699 812.3060820312239 185.80908203125 499.05758203123696 443.00027709301 0.0 0.0 0.0 0.0 0.0 0.0 0.0 0.0 0 0 0.0
30000.0 31000.0 2 1 67.06621428346587 3992.595029988042 130.06825444341922 183812.70956758864 810.1009179687244 173.970947265625 492.0359326171747 449.8118160001614 3000.0 3000.0 3000.0 0.0 128.0 128.0 128.0 0.0 1 1 1.0
31000.0 32000.0 2 1 159.65858972080883 9355.061381435096 345.74703694829157 498355.783956754 823.5010527343838 173.741943359375 498.6214980468794 459.44907237680036 0.0 0.0 0.0 0.0 128.0 128.0 128.0 0.0 0 1 0.0
32000.0 33000.0 2 1 174.2984128577844 9213.328498128427 368.80378533252446 535503.0963028255 822.548056640604 173.572021484375 498.0600390624895 458.8953552865288 3000.0 3000.0 3000.0 0.0 0.0 0.0 0.0 0.0 1 0 1.0
33000.0 34000.0 2 1 165.006622191388 8341.513096257022 346.81711391657905 503334.4428964561 824.7739785157028 172.93896484375 498.8564716797264 460.9169583822637 3000.0 3000.0 3000.0 0.0 128.0 128.0 128.0 0.0 1 1 0.0
34000.0 35000.0 2 1 178.24798812268216 9280.424019578015 333.08213293526495 481709.923514384 825.68603515625 170.718017578125 498.2020263671875 463.132326689802 0.0 0.0 0.0 0.0 0.0 0.0 0.0 0.0 0 0 1.0
35000.0 36000.0 1 1 105.58013687731786 4881.712699171985 207.24989831473505 298198.1923710326 612.6619824218797 612.6619824218797 612.6619824218797 0.0 0.0 0.0 0.0 0.0 0.0 0.0 0.0 0.0 0 0 0.0
36000.0 37000.0 1 1 28.031792325618664 2118.6133568204423 62.45680044479948 89076.42975878631 245.8798828125 245.8798828125 245.8798828125 0.0 3000.0 3000.0 3000.0 0.0 128.0 128.0 128.0 0.0 1 1 1.0
37000.0 38000.0 2 1 129.86316914603904 8671.290740644617 282.2758014798561 404924.30823581363 754.0671171874856 245.089111328125 499.5781142578053 359.90179941796015 0.0 0.0 0.0 0.0 128.0 128.0 128.0 0.0 0 1 0.0
38000.0 39000.0 2 1 160.52558786944556 8180.642322579974 327.66421316706027 474956.4465098105 754.3638886719127 243.48291015625 498.92339941408136 361.24740428764403 3000.0 3000.0 3000.0 0.0 0.0 0.0 0.0 0.0 1 0 1.0
39000.0 40000.0 2 1 121.71113829208718 6888.9709334078525 247.56328902434382 356915.090712602 752.649089843675 243.27490234375 497.9619960937125 360.18194214258494 0.0 0.0 0.0 0.0 128.0 128.0 128.0 0.0 0 1 0.0
40000.0 41000.0 2 1 176.11695395215028 9014.738304959905 387.8087541997021 562984.1070574737 755.0550976562663 239.948974609375 497.50203613282065 364.235032637169 3000.0 3000.0 3000.0 0.0 0.0 0.0 0.0 0.0 1 0 1.0
41000.0 42000.0 2 1 132.2146087715595 6174.23160024636 261.4627668626883 379317.57760818716 748.2750253906124 228.302978515625 488.2890019531187 367.67576037275296 0.0 0.0 0.0 0.0 0.0 0.0 0.0 0.0 0 0 0.0
42000.0 43000.0 2 1 31.174126730275045 2331.7173169424436 63.08285997920053 89536.01908873153 757.3540214843815 189.221923828125 473.28797265625326 401.7300588624768 3000.0 3000.0 3000.0 0.0 128.0 128.0 128.0 0.0 1 1 1.0
43000.0 44000.0 2 1 157.03145568968887 9137.85435330673 327.40180796122416 470175.58106765774 806.7710761718918 188.760986328125 497.7660312500084 436.99912537023494 0.0 0.0 0.0 0.0 128.0 128.0 128.0 0.0 0 1 0.0
44000.0 45000.0 2 1 160.62508205886596 8387.171742785249 332.0728303150904 477701.24718705495 808.3190136718913 187.3349609375 497.82698730469565 439.1020346971927 3000.0 3000.0 3000.0 0.0 0.0 0.0 0.0 0.0 1 0 1.0
45000.0 46000.0 2 1 132.33115133708372 6091.086255267675 301.64847582525556 436972.07488128805 810.2870390624739 185.783935546875 498.03548730467446 441.59037936792447 0.0 0.0 0.0 0.0 0.0 0.0 0.0 0.0 0 0 0.0
46000.0 47000.0 2 1 48.50554861911236 3063.263184750399 85.13499309614039 118609.29746787233 805.0520644531352 155.2319335936918 480.1419990234135 459.49222108224217 3000.0 3000.0 3000.0 0.0 128.0 128.0 128.0 0.0 1 1 1.0
47000.0 48000.0 2 1 154.9700744874342 9071.778154823984 315.466475579054 454348.5558333163 841.8810664063203 153.3740234375 497.62754492191016 486.8479989779505 0.0 0.0 0.0 0.0 128.0 128.0 128.0 0.0 0 1 0.0
48000.0 49000.0 2 1 160.3545214278404 8433.870876763678 343.22902873473816 495269.5409550165 845.7559765625047 150.75927734375 498.2576269531273 491.4368789198487 3000.0 3000.0 3000.0 0.0 0.0 0.0 0.0 0.0 1 0 1.0
49000.0 50000.0 2 1 157.38740751448603 7277.227594833103 320.17296749394126 464105.98772607575 848.6207226562547 148.1298828125 498.3753027343773 495.3218230125787 0.0 0.0 0.0 0.0 0.0 0.0 0.0 0.0 0 0 0.0
50000.0 51000.0 2 1 31.790114897368472 2385.6407561112765 53.86794303624803 73098.91471432327 841.9671171875088 138.247314453125 490.1072158203169 497.60504456874236 3000.0 3000.0 3000.0 0.0 128.0 128.0 128.0 0.0 1 1 1.0
51000.0 52000.0 2 1 115.56998842000054 7693.766801529649 248.72781019914083 356249.08269782097 861.0626855468727 134.929931640625 497.99630859374884 513.4533943287703 0.0 0.0 0.0 0.0 0.0 0.0 0.0 0.0 0 0 0.0
52000.0 53000.0 2 1 131.40146425440847 6754.510315713565 257.2848390247197 367929.8531152393 850.9490683593904 129.7080078125 490.3285380859452 509.9944447828835 3000.0 3000.0 3000.0 0.0 128.0 128.0 128.0 0.0 1 1 1.0
53000.0 54000.0 2 1 131.3768225063444 7618.511170014463 281.56441126214844 404909.3577857062 870.1979921875172 128.643310546875 499.4206513671961 524.3583440087295 0.0 0.0 0.0 0.0 0.0 0.0 0.0 0.0 0 0 0.0
54000.0 55000.0 2 1 142.2662704447404 9429.71317819015 272.74483309299734 389109.5955273865 862.8516894531203 49.535888671875 456.1937890624977 575.1011179785858 2300.0 2300.0 2300.0 0.0 128.0 128.0 128.0 0.0 2 2 1.0
55000.0 56000.0 2 1 161.21342222763766 7446.897791661519 362.41241285964884 525754.647448152 947.5151113281026 49.072998046875 498.2940546874888 635.2945108047284 0.0 0.0 0.0 0.0 0.0 0.0 0.0 0.0 0 0 0.0
56000.0 57000.0 2 1 70.61559692066176 5174.3547983947155 125.65014568091061 173848.18755274045 900.9920019531273 44.988037109375 472.99001953125116 605.2862082635883 2300.0 2300.0 2300.0 0.0 128.0 128.0 128.0 0.0 1 1 1.0
57000.0 58000.0 2 1 157.077816749882 7932.604306517923 325.7025505143162 472840.9252927044 953.1499628906022 42.52001953119179 497.834991210897 643.9126081009608 0.0 0.0 0.0 0.0 128.0 128.0 128.0 0.0 0 1 0.0
58000.0 59000.0 2 1 161.71988562689663 9319.849660290489 327.1104493854722 473122.7814226705 926.2599804687779 37.39208984375 481.82603515626397 628.5245130399397 2300.0 2300.0 2300.0 0.0 128.0 128.0 128.0 0.0 1 1 1.0
59000.0 60000.0 2 1 156.3134873877608 7759.846799720247 357.4889438284653 515834.3385974326 962.0219101561815 35.951904296875 498.9869072265283 654.8303809965814 2300.0 2300.0 2300.0 0.0 0.0 0.0 0.0 0.0 1 0 0.0
60000.0 61000.0 1 1 117.81251234261205 6021.847683723593 227.00459695283786 324265.0517561375 816.5000957031152 816.5000957031152 816.5000957031152 0.0 0.0 0.0 0.0 0.0 0.0 0.0 0.0 0.0 0 0 1.0
61000.0 62000.0 0 0 0.0 0.0 0.0 0.0 0.0 0.0 0.0 0.0 0.0 0.0 0.0 0.0 0.0 0.0 0.0 0.0 0 0 
62000.0 63000.0 1 1 28.727396419637806 2308.1732665642885 57.94169786333727 82207.09664247403 243.322021484375 243.322021484375 243.322021484375 0.0 2300.0 2300.0 2300.0 0.0 128.0 128.0 128.0 0.0 1 1 1.0
63000.0 64000.0 2 1 131.0558208218496 9402.465653477151 266.026070943861 380290.1036655778 756.1419785156031 240.112060546875 498.12701953123906 364.8882542908255 0.0 0.0 0.0 0.0 128.0 128.0 128.0 0.0 0 1 0.0
64000.0 65000.0 2 1 174.8207624368685 8997.621540617802 355.8658686244054 515548.38044533203 759.7989394532051 239.1069335936918 499.45293652344844 368.1848482528874 2300.0 2300.0 2300.0 0.0 0.0 0.0 0.0 0.0 1 0 1.0
65000.0 66000.0 1 1 81.3960203216441 3710.7395393407587 160.16636256839644 230328.41924661622 456.82006640627515 456.82006640627515 456.82006640627515 0.0 0.0 0.0 0.0 0.0 0.0 0.0 0.0 0.0 0 0 0.0
66000.0 67000.0 1 1 38.147368899272344 2418.9344432795 83.14170144713204 119466.06627496799 243.47802734375 243.47802734375 243.47802734375 0.0 2300.0 2300.0 2300.0 0.0 128.0 128.0 128.0 0.0 1 1 1.0
67000.0 68000.0 2 1 152.81048671437748 9470.002922567819 327.497275758381 471185.52602199616 752.2019726561848 240.782958984375 496.4924658202799 361.6278525950724 0.0 0.0 0.0 0.0 128.0 128.0 128.0 0.0 0 1 0.0
68000.0 69000.0 2 1 148.39729413249677 8432.767219018799 302.8594852246711 437404.27461685205 757.9490410157014 236.7109375 497.3299892578507 368.57099760876804 2300.0 2300.0 2300.0 0.0 128.0 128.0 128.0 0.0 1 1 1.0
69000.0 70000.0 2 1 163.67645218213266 9008.259494656237 335.5849915270717 483608.7685457841 763.0810625000158 231.7548828125 497.4179726562579 375.7043446789845 2300.0 2300.0 2300.0 0.0 0.0 0.0 0.0 0.0 1 0 0.0
70000.0 71000.0 2 1 149.6491798789107 8246.200452483545 291.04361522018263 418034.332452172 758.2151171874721 190.0849609375 474.15003906248603 401.72868608092807 2300.0 2300.0 2300.0 0.0 128.0 128.0 128.0 0.0 1 1 1.0
71000.0 72000.0 2 1 98.32305722864939 7034.242614285809 215.28028560701154 303418.60337854753 807.1070390624809 189.643310546875 498.37517480467795 436.61278957011433 0.0 0.0 0.0 0.0 0.0 0.0 0.0 0.0 0 0 0.0
72000.0 73000.0 2 1 104.02610823816244 5935.519737672137 208.2367555661713 298791.3872187782 758.3816894532065 187.714111328125 473.04790039066575 403.522914295549 3000.0 3000.0 3000.0 0.0 128.0 128.0 128.0 0.0 2 2 1.0
73000.0 74000.0 2 1 146.12579354338823 9243.316367721742 317.85143014788355 454368.88621439785 810.1258886719006 187.361083984375 498.7434863281378 440.3612164788652 0.0 0.0 0.0 0.0 0.0 0.0 0.0 0.0 0 0 0.0
74000.0 75000.0 2 1 136.00935469553963 7277.285208930849 267.4197096640813 383312.8462113274 810.6769160156255 175.9809570311918 493.32893652340863 448.7978165895919 3000.0 3000.0 3000.0 0.0 128.0 128.0 128.0 0.0 1 1 1.0
75000.0 76000.0 2 1 158.66048580665887 9093.038619016555 354.30970495942745 510711.94390234066 821.6620429687318 174.660888671875 498.1614658203034 457.4989036388312 0.0 0.0 0.0 0.0 0.0 0.0 0.0 0.0 0 0 0.0
76000.0 77000.0 2 1 171.65101510066611 9958.81393264816 346.7577745147509 503237.9984747785 824.1671113281045 172.7319335936918 498.44952246089815 460.63423167946706 3000.0 3000.0 3000.0 0.0 128.0 128.0 128.0 0.0 1 1 1.0
77000.0 78000.0 2 1 117.39574314174618 6364.016825252702 220.82344954370419 318487.17682642484 784.3610664062435 144.4951171875 464.42809179687174 452.4535517429406 0.0 0.0 0.0 0.0 128.0 128.0 128.0 0.0 0 1 0.0
78000.0 79000.0 2 1 141.2211122099315 8214.953460020095 304.94230933223554 436918.9951820795 851.6548828125233 142.1479492186918 496.90141601560754 501.6971640430717 3000.0 3000.0 3000.0 0.0 0.0 0.0 0.0 0.0 1 0 1.0
79000.0 80000.0 2 1 129.20783453322255 7473.933167739132 256.90383923558176 372651.5904241012 648.4330507812556 111.971923828125 380.2024873046903 379.335300711536 3000.0 3000.0 3000.0 0.0 128.0 128.0 128.0 0.0 1 1 0.0
80000.0 81000.0 2 1 170.15398759412233 10117.148735923041 382.1482815552854 551679.6002247788 885.8460761719034 111.072021484375 498.4590488281392 547.8479879569484 0.0 0.0 0.0 0.0 0.0 0.0 0.0 0.0 0 0 1.0
81000.0 82000.0 2 1 157.31102284197303 9372.902091265818 330.3859582921036 477717.90017959353 887.9559785156162 108.626953125 498.2914658203081 551.0688386292078 3000.0 3000.0 3000.0 0.0 128.0 128.0 128.0 0.0 1 1 0.0
82000.0 83000.0 2 1 152.56519948301778 8077.612647241263 309.41388916818414 448877.1039116947 887.9900468750275 106.134033203125 497.06204003907624 552.8556891788843 0.0 0.0 0.0 0.0 0.0 0.0 0.0 0.0 0 0 1.0
83000.0 84000.0 2 1 81.1460694658977 5187.350867335415 154.20615289800918 220611.19716841803 892.740966796875 105.822998046875 499.281982421875 556.4350319406686 3000.0 3000.0 3000.0 0.0 128.0 128.0 128.0 0.0 1 1 0.0
84000.0 85000.0 2 1 176.99022442429575 9236.030244525447 364.9466118593424 529603.6439430523 888.4290019531036 105.68408203119179 497.0565419921477 553.484240816105 0.0 0.0 0.0 0.0 0.0 0.0 0.0 0.0 0 0 1.0
85000.0 86000.0 2 1 131.91679653651016 7513.101460002227 298.09330620457064 430312.3170857495 890.9069179688231 103.68896484375 497.29794140628655 556.6471529265328 3000.0 3000.0 3000.0 0.0 128.0 128.0 128.0 0.0 1 1 0.0
86000.0 87000.0 2 1 173.4430341082322 8834.75678477791 356.25431720077756 514987.5497027014 894.5900351561722 103.3798828125 498.9849589843361 559.470064065852 0.0 0.0 0.0 0.0 0.0 0.0 0.0 0.0 0 0 1.0
87000.0 88000.0 1 1 11.172379240796278 523.8127036357947 15.899155073440857 21357.292039463715 77.89511718752328 77.89511718752328 77.89511718752328 0.0 0.0 0.0 0.0 0.0 0.0 0.0 0.0 0.0 0 0 0.0
88000.0 89000.0 1 1 35.92077024354672 2363.9287845991225 81.1271817745409 116894.49457786349 243.9799804686918 243.9799804686918 243.9799804686918 0.0 3000.0 3000.0 3000.0 0.0 128.0 128.0 128.0 0.0 1 1 1.0
89000.0 90000.0 2 1 152.93040393501246 9632.448510858496 337.2362239002893 486444.627690711 754.4690195312724 240.719970703125 497.5944951171987 363.2754362545217 0.0 0.0 0.0 0.0 128.0 128.0 128.0 0.0 0 1 0.0
90000.0 91000.0 2 1 177.39403789415096 9862.778231502785 357.58722744104665 517019.87136062677 754.3430292968987 240.618896484375 497.4809628906369 363.2578179709141 3000.0 3000.0 3000.0 0.0 0.0 0.0 0.0 0.0 1 0 1.0
91000.0 92000.0 2 1 199.72879119928444 11155.690378594541 375.25062301911294 542212.230278804 758.3781035155989 239.887939453125 499.13302148436196 366.62791098710085 3000.0 3000.0 3000.0 0.0 128.0 128.0 128.0 0.0 1 1 0.0
92000.0 93000.0 2 1 212.94397534335252 11535.710378080741 392.30194862002986 568232.2815372255 755.682060546882 239.180908203125 497.4314843750035 365.2214673129366 0.0 0.0 0.0 0.0 0.0 0.0 0.0 0.0 0 0 1.0
93000.0 94000.0 1 1 44.082021384652926 2116.4437163643133 75.49679524498029 108193.49455476942 245.66809179686243 245.66809179686243 245.66809179686243 0.0 0.0 0.0 0.0 0.0 0.0 0.0 0.0 0.0 0 0 0.0
94000.0 95000.0 1 1 41.12086957241714 2714.466925941108 87.87138200296282 126689.97241348619 243.912109375 243.912109375 243.912109375 0.0 3000.0 3000.0 3000.0 0.0 128.0 128.0 128.0 0.0 1 1 1.0
95000.0 96000.0 2 1 175.41820994841538 11213.982530217427 364.82594562929097 526952.5473085463 752.5948906249832 241.4140625 497.0044765624916 361.45942997973066 0.0 0.0 0.0 0.0 128.0 128.0 128.0 0.0 0 1 0.0
96000.0 97000.0 2 1 191.81560733142194 11045.982921123874 373.25201367501273 541623.809503833 758.2799375000177 239.6489257811918 498.96443164060474 366.7275053200216 3000.0 3000.0 3000.0 0.0 128.0 128.0 128.0 0.0 1 1 1.0
97000.0 98000.0 2 1 174.4038168938239 9689.060709553069 344.3047475194395 498356.04212365835 759.0230742188287 238.9951171875 499.00909570316435 367.7152948234391 3000.0 3000.0 3000.0 0.0 0.0 0.0 0.0 0.0 1 0 0.0
98000.0 99000.0 2 1 196.3903070173162 11544.766721252996 375.1015867553078 541718.867759372 760.0498828124837 235.450927734375 497.75040527342935 370.9474785391077 0.0 0.0 0.0 0.0 128.0 128.0 128.0 0.0 0 1 1.0
99000.0 100000.0 2 1 172.02824407415662 9712.76889153577 338.65974211068306 487425.1473809 764.3980722656124 233.764892578125 499.0814824218687 375.2143196796021 3000.0 3000.0 3000.0 0.0 0.0 0.0 0.0 0.0 1 0 0.0
100000.0 101000.0 2 1 198.81854279378547 10891.409807164175 388.6016234594287 563253.7535843137 765.7891074218787 228.89697265625 497.34304003906436 379.6400692584978 3000.0 3000.0 3000.0 0.0 128.0 128.0 128.0 0.0 1 1 1.0
101000.0 102000.0 2 1 174.48596338642392 9952.255026785524 336.86849384248796 484902.35355753603 770.5410273437737 226.095947265625 498.3184873046994 384.98080810691187 0.0 0.0 0.0 0.0 0.0 0.0 0.0 0.0 0 0 0.0
102000.0 103000.0 2 1 155.18121805403257 8569.334405722206 289.9202469005122 416921.8971356981 771.7080527343787 181.3081054686918 476.50807910153526 417.4758063237473 3000.0 3000.0 3000.0 0.0 128.0 128.0 128.0 0.0 1 1 1.0
103000.0 104000.0 2 1 153.33266030942463 9000.068880703184 322.71971498193284 461577.03707943443 817.9838945312658 180.43994140625 499.2119179687579 450.8116525591771 0.0 0.0 0.0 0.0 0.0 0.0 0.0 0.0 0 0 0.0
104000.0 105000.0 2 1 70.00456061878234 4039.9031800006715 109.87450312294143 145363.57215322182 818.2980585937621 33.05800000001909 425.6780292968906 555.2485702909576 0.0 0.0 0.0 0.0 0.0 0.0 0.0 0.0 0 0 1.0
105000.0 106000.0 0 0 0.0 0.0 0.0 0.0 0.0 0.0 0.0 0.0 0.0 0.0 0.0 0.0 0.0 0.0 0.0 0.0 0 0 
106000.0 107000.0 1 1 24.207253362077196 1855.3130612506307 42.73321256774852 60667.082117206584 244.842041015625 244.842041015625 244.842041015625 0.0 3000.0 3000.0 3000.0 0.0 128.0 128.0 128.0 0.0 1 1 1.0
107000.0 108000.0 2 1 121.47850560338162 8572.821726009475 232.28109765686486 333060.69632893207 746.3699589843745 237.2309570311918 491.80045800778316 360.0156408476464 0.0 0.0 0.0 0.0 128.0 128.0 128.0 0.0 0 1 0.0
108000.0 109000.0 2 1 195.53609416175374 11396.974911651827 412.1921946077487 598209.6484113593 762.7200429688091 236.7509765625 499.73550976565457 371.91629355025873 1500.0 1500.0 1500.0 0.0 0.0 0.0 0.0 0.0 2 0 1.0
109000.0 110000.0 2 1 136.48490921113955 6678.831432874198 271.2646700598726 392268.8336628682 761.3500234375242 233.0400390625 497.1950312500121 373.5715725201386 0.0 0.0 0.0 0.0 0.0 0.0 0.0 0.0 0 0 0.0
110000.0 111000.0 2 1 35.20878169711518 2908.4451402044424 69.62995069838725 96883.21803388812 756.1469609374763 189.050048828125 472.5985048828006 400.9980721424738 1500.0 1500.0 1500.0 0.0 128.0 128.0 128.0 0.0 1 2 1.0
111000.0 112000.0 2 1 153.4562010949412 10554.300438735178 311.58119620775517 442671.3623434972 810.3169511719025 187.340087890625 498.82851953126374 440.511164548516 1500.0 1500.0 1500.0 0.0 128.0 128.0 128.0 0.0 1 1 0.0
112000.0 113000.0 2 1 82.61464554414479 4758.819638164345 144.44332736164915 205057.27665175044 812.0699121093494 164.570068359375 488.3199902343622 457.85153033283683 1500.0 1500.0 1500.0 0.0 128.0 128.0 128.0 0.0 1 1 1.0
113000.0 114000.0 2 1 150.27733664025865 8686.417045692986 301.83258722886086 433092.6973642928 834.6689316406264 163.1220703125 498.8955009765632 474.8553395296602 0.0 0.0 0.0 0.0 0.0 0.0 0.0 0.0 0 0 0.0
114000.0 115000.0 2 1 43.072886124878366 3217.5029794433494 62.714990490493456 85229.79989497407 836.4839296875289 150.347900390625 493.41591503907694 485.1714391322524 3000.0 3000.0 3000.0 0.0 128.0 128.0 128.0 0.0 2 2 1.0
115000.0 116000.0 2 1 165.31630529536898 10987.166400500386 324.8402910307173 468548.8278103134 848.6750996093615 144.747314453125 496.71120703124325 497.75211034960194 0.0 0.0 0.0 0.0 0.0 0.0 0.0 0.0 0 0 0.0
116000.0 117000.0 2 1 121.69822995024049 7576.289657382844 213.17556094335765 302583.7767531516 854.8336855468806 142.110107421875 498.4718964843778 503.97167520373154 3000.0 3000.0 3000.0 0.0 128.0 128.0 128.0 0.0 1 1 1.0
117000.0 118000.0 2 1 159.65657616350148 8542.422429229686 339.35460744290486 490072.4803236076 855.9588925780845 141.60400390625 498.78144824216724 505.12518595361536 0.0 0.0 0.0 0.0 0.0 0.0 0.0 0.0 0 0 0.0
118000.0 119000.0 2 1 136.2941088568332 7658.303118991647 253.57217728094002 362307.5748056965 856.6709960937733 138.965087890625 497.81804199219914 507.4947145880959 3000.0 3000.0 3000.0 0.0 128.0 128.0 128.0 0.0 1 1 1.0
119000.0 120000.0 2 1 148.04148916834706 8509.048056505062 323.125842166598 466076.974318051 859.1489121093764 138.218017578125 498.6834648437507 509.77512428993157 0.0 0.0 0.0 0.0 0.0 0.0 0.0 0.0 0 0 0.0
120000.0 121000.0 2 1 123.11625878450832 6801.594693274825 227.11631686960533 321966.7080688173 842.8119824219029 136.4951171875 489.65354980470147 499.44144507367116 3000.0 3000.0 3000.0 0.0 128.0 128.0 128.0 0.0 1 1 1.0
121000.0 122000.0 2 1 173.99822420727241 10062.127687706059 377.01188247891537 544754.8781791131 858.4358828124823 136.302978515625 497.36943066405365 510.6250735462439 0.0 0.0 0.0 0.0 0.0 0.0 0.0 0.0 0 0 0.0
122000.0 123000.0 2 1 191.55471504090534 11423.984741264008 365.8382790298297 526499.801586368 863.1290214844048 134.652099609375 498.8905605468899 515.1109713957363 3000.0 3000.0 3000.0 0.0 128.0 128.0 128.0 0.0 1 1 1.0
123000.0 124000.0 2 1 157.26910060901466 8884.723044064318 285.5928967876994 411750.42637054215 863.4969003906008 125.906982421875 494.7019414062379 521.5548327305153 0.0 0.0 0.0 0.0 0.0 0.0 0.0 0.0 0 0 0.0
124000.0 125000.0 2 1 46.7447949180938 4046.6056549625437 89.78346220551504 124002.69357922315 871.6430175781134 125.5029296875 498.5729736328067 527.6007158625792 3000.0 3000.0 3000.0 0.0 128.0 128.0 128.0 0.0 1 1 1.0
125000.0 126000.0 2 1 178.53467420438201 9169.292490347703 388.64470938661077 563368.8838301195 872.1930703124963 124.662109375 498.42758984374814 528.5842116257998 0.0 0.0 0.0 0.0 0.0 0.0 0.0 0.0 0 0 0.0
126000.0 127000.0 2 1 84.19619642788071 5953.226460497321 145.41492108431262 204536.60251553074 867.3648906250019 20.279296875 443.82209375000093 598.9799675860593 3000.0 3000.0 3000.0 0.0 128.0 128.0 128.0 0.0 1 1 1.0
127000.0 128000.0 2 1 184.5770975843289 10471.59227549683 399.6796833725052 578202.1431657132 978.2257031250047 19.382080078125 498.8038916015648 678.0048279539263 0.0 0.0 0.0 0.0 128.0 128.0 128.0 0.0 0 1 0.0
128000.0 129000.0 2 1 171.3364447395535 9579.236993058385 350.1920909197405 505692.5919937171 980.4179199218634 14.419921875 497.4189208984317 683.0637350315664 3000.0 3000.0 3000.0 0.0 0.0 0.0 0.0 0.0 1 0 1.0
129000.0 130000.0 1 1 161.32917061007888 7854.959922691951 302.98405212136765 436177.0218912668 871.0230781250284 871.0230781250284 871.0230781250284 0.0 0.0 0.0 0.0 0.0 0.0 0.0 0.0 0.0 0 0 0.0
130000.0 131000.0 1 1 36.21662344953391 2429.4305461616877 77.78066781107955 111513.41424698403 242.763916015625 242.763916015625 242.763916015625 0.0 3000.0 3000.0 3000.0 0.0 128.0 128.0 128.0 0.0 1 1 1.0
131000.0 132000.0 2 1 155.08521081573397 9923.95646248048 324.4330665801756 465954.34403724736 755.9990839844104 237.5200195311918 496.7595517578011 366.6200623781279 0.0 0.0 0.0 0.0 128.0 128.0 128.0 0.0 0 1 0.0
132000.0 133000.0 2 1 166.49338029392123 9171.140060750888 332.4624854003139 480546.1128531268 756.314980468771 181.193115234375 468.754047851573 406.6725709158971 3000.0 3000.0 3000.0 0.0 0.0 0.0 0.0 0.0 1 0 1.0
133000.0 134000.0 2 1 175.0455401056291 9239.056358262605 387.4326909013888 562099.9837418731 816.0888847655733 180.4741210936918 498.28150292963255 449.44750961467224 0.0 0.0 0.0 0.0 128.0 128.0 128.0 0.0 0 1 0.0
134000.0 135000.0 2 1 176.4001736445 9631.213913822368 377.91029473083404 546678.0313961145 817.0978789062356 179.096923828125 498.0974013671803 451.13480173922585 3000.0 3000.0 3000.0 0.0 0.0 0.0 0.0 0.0 1 0 1.0
135000.0 136000.0 2 1 178.82000280156657 9434.753152414185 363.829968531284 527835.256827707 820.7950761719258 177.435302734375 499.1151894531504 454.924058540333 3000.0 3000.0 3000.0 0.0 128.0 128.0 128.0 0.0 1 1 0.0
136000.0 137000.0 2 1 176.84165065160346 9556.788191046242 354.5046986886566 510860.05273904896 822.250697265612 175.351318359375 498.8010078124935 457.426937569966 0.0 0.0 0.0 0.0 0.0 0.0 0.0 0.0 0 0 1.0
137000.0 138000.0 1 1 33.09741823751167 1583.661315061543 49.6461273562675 70260.80415789825 176.38968164060498 176.38968164060498 176.38968164060498 0.0 0.0 0.0 0.0 0.0 0.0 0.0 0.0 0.0 0 0 0.0
138000.0 139000.0 1 1 27.77238231941102 2007.9678190229029 60.21445724120088 86057.27342264999 244.8759765625 244.8759765625 244.8759765625 0.0 3000.0 3000.0 3000.0 0.0 128.0 128.0 128.0 0.0 1 1 1.0
139000.0 140000.0 2 1 133.68267980829228 8888.485954536403 275.08815854224616 395090.4764846679 751.4730234374874 244.465087890625 497.9690556640562 358.50874934057845 0.0 0.0 0.0 0.0 128.0 128.0 128.0 0.0 0 1 0.0
140000.0 141000.0 2 1 190.3933593044512 10586.480822471545 366.8819175436158 532001.6311553546 754.4829121093499 239.50390625 496.9934091796749 364.1451472118531 3000.0 3000.0 3000.0 0.0 0.0 0.0 0.0 0.0 1 0 1.0
141000.0 142000.0 2 1 169.37740151237182 9139.943411645374 362.8374518765927 524902.187022208 757.24609375 237.743896484375 497.4949951171875 367.34352652783497 0.0 0.0 0.0 0.0 128.0 128.0 128.0 0.0 0 1 0.0
142000.0 143000.0 2 1 170.94624745490688 9305.555858662145 349.9587389375873 504307.0718133523 761.085103515652 234.837890625 497.961497070326 372.11297281550077 3000.0 3000.0 3000.0 0.0 0.0 0.0 0.0 0.0 1 0 1.0
143000.0 144000.0 1 1 120.82792960056678 5814.56613366163 232.01927585875706 333865.36010176735 672.8381093749776 672.8381093749776 672.8381093749776 0.0 0.0 0.0 0.0 0.0 0.0 0.0 0.0 0.0 0 0 0.0
144000.0 145000.0 1 1 33.03578742796316 2072.200355111052 76.59408492557384 109958.27255152458 243.3168945311918 243.3168945311918 243.3168945311918 0.0 3000.0 3000.0 3000.0 0.0 128.0 128.0 128.0 0.0 1 1 1.0
145000.0 146000.0 2 1 120.6669371833124 7440.237512791349 268.95351374859405 385923.635949679 750.9921054688166 242.074951171875 496.5335283203458 359.8587708655279 0.0 0.0 0.0 0.0 0.0 0.0 0.0 0.0 0 0 0.0
146000.0 147000.0 2 1 88.91459154925397 5126.728683436968 167.757417214877 240347.20431660122 754.559048828145 194.63525390625 474.5971513671975 395.9259123369777 3000.0 3000.0 3000.0 0.0 128.0 128.0 128.0 0.0 1 1 1.0
147000.0 148000.0 2 1 157.80877757350058 9498.641254542259 334.05607878302516 480213.3064568157 803.4187460937537 191.22509765625 497.32192187500186 432.88628020949216 0.0 0.0 0.0 0.0 128.0 128.0 128.0 0.0 0 1 0.0
148000.0 149000.0 2 1 166.0422071988112 9074.737142938462 330.56413658700427 476900.0165135553 806.7009023437276 191.1772460936918 498.9390742187097 435.2409513151378 3000.0 3000.0 3000.0 0.0 0.0 0.0 0.0 0.0 1 0 1.0
149000.0 150000.0 2 1 150.07186011183933 7258.317325830535 333.2207755600271 482944.9733000947 808.4557539062225 188.999267578125 498.72751074217376 438.0218821325896 0.0 0.0 0.0 0.0 0.0 0.0 0.0 0.0 0 0 0.0
150000.0 151000.0 2 1 54.332845905645726 3662.187549664724 83.17431012242294 116008.78319701678 806.8797324218904 169.466064453125 488.1728984375077 450.71952704170445 3000.0 3000.0 3000.0 0.0 128.0 128.0 128.0 0.0 1 1 1.0
151000.0 152000.0 2 1 117.28823811980934 8291.955299231588 214.86607036600267 306788.47298925085 826.1099355468759 168.757080078125 497.43350781250047 464.81866173429427 0.0 0.0 0.0 0.0 128.0 128.0 128.0 0.0 0 1 0.0
152000.0 153000.0 2 1 175.4637349090421 10260.129366322497 363.9143274358049 525486.6719461697 827.181919921888 167.25 497.215959960944 466.6423356982247 2300.0 2300.0 2300.0 0.0 128.0 128.0 128.0 0.0 2 2 1.0
153000.0 154000.0 2 1 166.8041342263517 9284.864273694002 352.5966988360029 510797.3072964863 831.710000000021 160.751953125 496.2309765625105 474.4389848370087 2300.0 2300.0 2300.0 0.0 0.0 0.0 0.0 0.0 1 0 0.0
154000.0 155000.0 2 1 175.83791242295598 9876.93069237117 351.31722298616455 509466.5436148126 838.8570468749967 159.7739257811918 499.31548632809427 480.1842799147549 0.0 0.0 0.0 0.0 128.0 128.0 128.0 0.0 0 1 1.0
155000.0 156000.0 2 1 127.54178469069349 7917.04460226845 255.18310294169908 366168.0725202243 837.6010742188082 159.196044921875 498.3985595703416 479.7047966069199 2300.0 2300.0 2300.0 0.0 0.0 0.0 0.0 0.0 1 0 0.0
156000.0 157000.0 1 1 56.191188680821085 3223.025941796947 99.80226049280164 139865.73934776915 827.6039550781134 827.6039550781134 827.6039550781134 0.0 0.0 0.0 0.0 0.0 0.0 0.0 0.0 0.0 0 0 1.0
157000.0 158000.0 0 0 0.0 0.0 0.0 0.0 0.0 0.0 0.0 0.0 0.0 0.0 0.0 0.0 0.0 0.0 0.0 0.0 0 0 
158000.0 159000.0 1 1 32.79613749459493 2408.9132871029915 65.3456874892305 93280.35242212664 246.479248046875 246.479248046875 246.479248046875 0.0 2300.0 2300.0 2300.0 0.0 128.0 128.0 128.0 0.0 1 1 1.0
159000.0 160000.0 2 1 147.17610040492784 10109.675159525845 292.3755529478483 419365.55367751716 753.081751953112 244.4809570311918 498.7813544921519 359.63507100615834 0.0 0.0 0.0 0.0 128.0 128.0 128.0 0.0 0 1 0.0
160000.0 161000.0 2 1 186.07301132307649 10440.07686296004 366.3373149772979 527669.3881841891 754.8400429688045 240.278076171875 497.55905957033974 363.85025606279595 1500.0 1500.0 1500.0 0.0 0.0 0.0 0.0 0.0 2 0 1.0
161000.0 162000.0 1 1 59.95475077740075 2849.3346904111245 116.94144458562324 164806.7057161671 350.9739238281036 350.9739238281036 350.9739238281036 0.0 0.0 0.0 0.0 0.0 0.0 0.0 0.0 0.0 0 0 0.0
162000.0 163000.0 1 1 35.00424798522844 2672.0725245227527 64.86801200059816 92117.47273986829 244.491943359375 244.491943359375 244.491943359375 0.0 1500.0 1500.0 1500.0 0.0 128.0 128.0 128.0 0.0 1 2 1.0
163000.0 164000.0 2 1 145.3773819148268 10195.101961633072 270.49740898774115 385246.2945018732 754.3110566406394 244.112060546875 499.2115585937572 360.7651698924697 1500.0 1500.0 1500.0 0.0 128.0 128.0 128.0 0.0 1 1 0.0
164000.0 165000.0 2 1 117.61837009994476 6131.8255138441755 223.63457901166072 316155.2327582585 755.018939453119 44.40999999997439 399.71446972654667 502.4763998590993 0.0 0.0 0.0 0.0 0.0 0.0 0.0 0.0 0 0 1.0
165000.0 166000.0 0 0 0.0 0.0 0.0 0.0 0.0 0.0 0.0 0.0 0.0 0.0 0.0 0.0 0.0 0.0 0.0 0.0 0 0 
166000.0 167000.0 1 1 22.653308207150815 2072.896928892232 40.299043021141976 56339.73133468754 237.977294921875 237.977294921875 237.977294921875 0.0 1500.0 1500.0 1500.0 0.0 128.0 128.0 128.0 0.0 1 1 1.0
167000.0 168000.0 2 1 113.6015755194983 8921.129775516558 206.4687837739207 292490.6108461125 760.0157050780836 236.8212890625 498.4184970702918 369.95431944355477 0.0 0.0 0.0 0.0 128.0 128.0 128.0 0.0 0 1 0.0
168000.0 169000.0 2 1 171.45184780352307 9761.543669096634 327.88165292095346 474149.6550367137 762.0157109374995 235.791259765625 498.90348535156227 372.09687784980173 1500.0 1500.0 1500.0 0.0 128.0 128.0 128.0 0.0 2 1 1.0
169000.0 170000.0 2 1 170.18864172711267 10103.013456335724 338.33530596997326 488159.2766615149 763.2537402344169 233.31494140625 498.28434082033345 374.72331826525044 1500.0 1500.0 1500.0 0.0 0.0 0.0 0.0 0.0 1 0 0.0
170000.0 171000.0 2 1 155.9059609576548 9141.142660570911 302.8494968021777 435780.1221883029 764.4820585937705 230.089111328125 497.28558496094774 377.87287682980303 0.0 0.0 0.0 0.0 128.0 128.0 128.0 0.0 0 1 1.0
171000.0 172000.0 2 1 71.11058238664705 5607.14409279123 145.75297378763833 204653.300045138 763.3268886719015 229.893310546875 496.61009960938827 377.19450040481024 3000.0 3000.0 3000.0 0.0 128.0 128.0 128.0 0.0 2 2 0.0
172000.0 173000.0 2 1 148.9414132280321 7901.243319053567 308.027437212111 446773.4458604995 768.4046894531348 226.027099609375 497.2158945312549 383.51887174213846 0.0 0.0 0.0 0.0 0.0 0.0 0.0 0.0 0 0 1.0
173000.0 174000.0 2 1 66.42614661494781 4338.964242082125 136.1668328763368 196071.63430792664 769.6499003906501 222.5380859375 496.0939931640751 386.86647406709864 3000.0 3000.0 3000.0 0.0 128.0 128.0 128.0 0.0 1 1 0.0
174000.0 175000.0 2 1 165.55668724689448 8419.550701387012 328.6544540443805 476447.16410991567 777.3029140625149 220.618896484375 498.96090527344495 393.6350438076739 0.0 0.0 0.0 0.0 0.0 0.0 0.0 0.0 0 0 1.0
175000.0 176000.0 1 1 69.16383630853888 3299.371154274003 132.5640195913662 191131.05960918847 392.9031035156222 392.9031035156222 392.9031035156222 0.0 0.0 0.0 0.0 0.0 0.0 0.0 0.0 0.0 0 0 0.0
176000.0 177000.0 1 1 2.0 751.0 5.0 3568.0 72.77899999992223 72.77899999992223 72.77899999992223 0.0 0.0 0.0 0.0 0.0 0.0 0.0 0.0 0.0 0 0 1.0
177000.0 178000.0 0 0 0.0 0.0 0.0 0.0 0.0 0.0 0.0 0.0 0.0 0.0 0.0 0.0 0.0 0.0 0.0 0.0 0 0 
178000.0 179000.0 1 1 27.229069414547773 1983.1028501291623 51.05450515227707 72081.6677742792 242.824951171875 242.824951171875 242.824951171875 0.0 3000.0 3000.0 3000.0 0.0 128.0 128.0 128.0 0.0 1 1 1.0
179000.0 180000.0 2 1 132.3936130072543 9307.761220668814 253.2189682133311 361021.52891161456 755.9750488281134 242.5600585936918 499.2675537109026 363.03922115758456 0.0 0.0 0.0 0.0 128.0 128.0 128.0 0.0 0 1 0.0
180000.0 181000.0 2 1 188.67837876538744 11685.393066393697 374.5685362777422 543026.401316251 755.7409414062276 238.802978515625 497.2719599609263 365.530339012705 2300.0 2300.0 2300.0 0.0 128.0 128.0 128.0 0.0 2 2 1.0
181000.0 182000.0 2 1 173.04771406387061 8748.99993675212 349.0036407390832 506536.8056207661 756.6770214844146 238.455078125 497.5660498047073 366.438250309113 2300.0 2300.0 2300.0 0.0 128.0 128.0 128.0 0.0 1 1 0.0
182000.0 183000.0 2 1 178.02803937902604 10391.691455951825 369.2542746172621 534889.1745643506 760.6119218749809 233.966064453125 497.28899316405295 372.39485706679795 2300.0 2300.0 2300.0 0.0 0.0 0.0 0.0 0.0 1 0 1.0
183000.0 184000.0 2 1 153.79543963627262 8687.023210779349 324.3064895713392 468687.1372762335 761.4309355468722 231.3491210936918 496.390028320282 374.8244455835131 0.0 0.0 0.0 0.0 128.0 128.0 128.0 0.0 0 1 0.0
184000.0 185000.0 2 1 185.3986763231717 10454.62407729289 358.19148417968665 517895.28156591323 767.3408789063105 226.930908203125 497.13589355471777 382.127554905046 2300.0 2300.0 2300.0 0.0 0.0 0.0 0.0 0.0 1 0 1.0
185000.0 186000.0 2 1 145.26726111714316 8726.066869061655 290.69858512336606 417934.1853164182 768.2980917968671 225.979248046875 497.13866992187104 383.4773319808671 2300.0 2300.0 2300.0 0.0 128.0 128.0 128.0 0.0 1 1 0.0
186000.0 187000.0 2 1 106.98754287201521 6151.145742640398 211.89379306626512 305152.7945231292 756.6107519532088 195.157958984375 475.8843554687919 397.00707722438915 0.0 0.0 0.0 0.0 0.0 0.0 0.0 0.0 0 0 1.0
187000.0 188000.0 2 1 131.8000237653818 8639.655105380061 277.38471586319093 397651.9126817897 804.1510410155752 195.1279296875 499.6394853515376 430.64437191941164 3000.0 3000.0 3000.0 0.0 128.0 128.0 128.0 0.0 2 2 0.0
188000.0 189000.0 2 1 170.43175149043654 9055.31834901314 360.40420549373425 523163.62494575157 802.9760703124921 194.979248046875 498.97765917968354 429.91867596388994 3000.0 3000.0 3000.0 0.0 128.0 128.0 128.0 0.0 1 1 1.0
189000.0 190000.0 2 1 148.30384642526334 8812.180959194002 316.458397106609 458536.23750918923 802.4967519532074 194.7509765625 498.6238642578537 429.7411590162456 0.0 0.0 0.0 0.0 0.0 0.0 0.0 0.0 0 0 0.0
190000.0 191000.0 2 1 69.63864374022948 3896.0371567428892 120.56240459611315 169823.24799431395 805.1100234374753 36.70599999994738 420.90801171871135 543.3436956637028 0.0 0.0 0.0 0.0 0.0 0.0 0.0 0.0 0 0 1.0
191000.0 192000.0 0 0 0.0 0.0 0.0 0.0 0.0 0.0 0.0 0.0 0.0 0.0 0.0 0.0 0.0 0.0 0.0 0.0 0 0 
192000.0 193000.0 1 1 34.057501202128144 2293.6134442670614 68.60503839277611 98367.37415552796 243.947265625 243.947265625 243.947265625 0.0 3000.0 3000.0 3000.0 0.0 128.0 128.0 128.0 0.0 1 1 1.0
193000.0 194000.0 2 1 149.87956443760163 9555.685476886409 302.24070511673165 435010.6454202774 751.6827343750047 242.56396484375 497.1233496093773 360.0013343649012 0.0 0.0 0.0 0.0 128.0 128.0 128.0 0.0 0 1 0.0
194000.0 195000.0 2 1 178.62569959402524 9737.731403749156 369.62107791524727 536689.805132939 756.0400351561839 238.787109375 497.41357226559194 365.7530514084571 3000.0 3000.0 3000.0 0.0 128.0 128.0 128.0 0.0 1 1 1.0
195000.0 196000.0 2 1 146.21407587166914 7744.070287761409 323.5134712524187 468724.62476443296 758.151890625013 237.51708984375 497.8344902343815 368.14439815413834 3000.0 3000.0 3000.0 0.0 0.0 0.0 0.0 0.0 1 0 0.0
196000.0 197000.0 2 1 117.35114633579903 6603.434417149327 242.40237130899132 348160.04598339787 761.4259101562202 236.18408203125 498.8049960937351 371.4020584299855 0.0 0.0 0.0 0.0 0.0 0.0 0.0 0.0 0 0 1.0
197000.0 198000.0 2 1 130.1027032539864 6324.871219614168 269.8480267090445 389763.4242433189 745.8109179687453 226.67529296875 486.2431054687477 367.0843207930133 0.0 0.0 0.0 0.0 0.0 0.0 0.0 0.0 0 0 0.0
198000.0 199000.0 2 1 29.420927904926113 2308.8863044907735 57.88280068651784 81995.30458671131 755.918707031291 189.26708984375 472.5928984375205 400.68320108363383 3000.0 3000.0 3000.0 0.0 128.0 128.0 128.0 0.0 1 1 1.0
199000.0 200000.0 2 1 156.25873231629646 9547.607593452403 312.08609705355514 449021.5781214249 808.2099101562053 188.13330078125 498.17160546872765 438.4603753441928 0.0 0.0 0.0 0.0 128.0 128.0 128.0 0.0 0 1 0.0
200000.0 201000.0 2 1 177.6417499484112 10495.974148543655 361.4205116802784 524782.5829597643 804.9516992187127 187.789306640625 496.3705029296689 436.39971288528005 2300.0 2300.0 2300.0 0.0 128.0 128.0 128.0 0.0 2 2 1.0
201000.0 202000.0 2 1 172.74618312295388 10004.486256338456 370.20393578869437 537127.9988761824 810.2276933593675 186.4619140625 498.3448037109338 441.06901241292644 2300.0 2300.0 2300.0 0.0 0.0 0.0 0.0 0.0 1 0 0.0
202000.0 203000.0 2 1 164.99136657694197 8898.538544951847 352.3815782934579 508856.8259084637 812.2880859375 186.4580078125 499.373046875 442.52869211269433 0.0 0.0 0.0 0.0 128.0 128.0 128.0 0.0 0 1 1.0
203000.0 204000.0 2 1 137.48613363696072 8986.782912828667 261.31252113522044 374182.8043505132 811.4789921875345 185.3759765625 498.42748437501723 442.7216880698088 2300.0 2300.0 2300.0 0.0 0.0 0.0 0.0 0.0 1 0 0.0
204000.0 205000.0 2 1 165.12566411135282 8759.798653410213 283.8280953951029 408306.7121249449 800.5490234375466 183.93798828125 492.2435058593983 436.00984431347393 2300.0 2300.0 2300.0 0.0 128.0 128.0 128.0 0.0 1 1 1.0
205000.0 206000.0 2 1 126.41921651816268 7246.717256860506 274.89684100073873 395961.115450396 811.5170117187081 183.720947265625 497.61897949216655 443.91885437700194 0.0 0.0 0.0 0.0 0.0 0.0 0.0 0.0 0 0 0.0
206000.0 207000.0 2 1 36.71221370518695 3037.0489416443565 65.2095805188064 87101.66896518886 812.1570527344011 183.041259765625 497.59915625001304 444.8520433597737 3000.0 3000.0 3000.0 0.0 128.0 128.0 128.0 0.0 2 2 1.0
207000.0 208000.0 2 1 124.65505506054102 9548.06937521172 259.19701267155835 369217.78064486757 813.8757402343908 181.43310546875 497.6544228515704 447.2044757542716 0.0 0.0 0.0 0.0 0.0 0.0 0.0 0.0 0 0 0.0
208000.0 209000.0 2 1 140.43681687608762 7913.2248667155 277.599836026922 397109.15704493853 817.9198945312528 179.103271484375 498.5115830078139 451.71156609113785 3000.0 3000.0 3000.0 0.0 128.0 128.0 128.0 0.0 1 1 1.0
209000.0 210000.0 2 1 122.20683515112115 6806.366661853335 242.45103829126776 347251.3481495022 817.6577285156818 176.278076171875 496.9679023437784 453.5239014873761 0.0 0.0 0.0 0.0 0.0 0.0 0.0 0.0 0 0 0.0
210000.0 211000.0 2 1 151.6396703872139 8929.418232633256 297.2170778296472 425010.38203283335 811.7109238280682 70.758056640625 441.2344902343466 523.9327969278564 3000.0 3000.0 3000.0 0.0 128.0 128.0 128.0 0.0 1 1 1.0
211000.0 212000.0 2 1 163.1191649664022 8448.28878379094 365.1898463225624 526270.1669339569 928.1439433593769 65.10205078125 496.62299707031343 610.2627746900654 0.0 0.0 0.0 0.0 0.0 0.0 0.0 0.0 0 0 0.0
212000.0 213000.0 1 1 76.90957902223171 4263.385217846845 152.89253661046064 215765.65415041806 822.1059492187342 822.1059492187342 822.1059492187342 0.0 0.0 0.0 0.0 0.0 0.0 0.0 0.0 0.0 0 0 1.0
213000.0 214000.0 0 0 0.0 0.0 0.0 0.0 0.0 0.0 0.0 0.0 0.0 0.0 0.0 0.0 0.0 0.0 0.0 0.0 0 0 
214000.0 215000.0 1 1 34.836886622470914 2315.671639644387 77.2790090568897 110789.39535564442 243.797119140625 243.797119140625 243.797119140625 0.0 3000.0 3000.0 3000.0 0.0 128.0 128.0 128.0 0.0 1 1 1.0
215000.0 216000.0 2 1 150.64045702879193 10021.655100613394 330.29353725675423 475218.94189176656 749.9538808594225 243.51611328125 496.73499707033625 358.1055797035024 2300.0 2300.0 2300.0 0.0 128.0 128.0 128.0 0.0 2 1 0.0
216000.0 217000.0 2 1 176.8794406934245 11139.24508340242 377.19199156782895 547360.3761179327 753.4598867187742 240.59912109375 497.0295039062621 362.6473251779792 0.0 0.0 0.0 0.0 128.0 128.0 128.0 0.0 0 2 1.0
217000.0 218000.0 2 1 160.33271167744113 8932.278591817414 337.2066718999903 487589.971884522 753.4528789062751 239.1630859375 496.3079824218876 363.65780010324653 2300.0 2300.0 2300.0 0.0 0.0 0.0 0.0 0.0 1 0 0.0
218000.0 219000.0 2 1 128.35875016299428 8839.86592180031 252.3904839898717 362801.5577463375 754.1289140625158 230.393310546875 492.2611123046954 370.33699679473864 2300.0 2300.0 2300.0 0.0 128.0 128.0 128.0 0.0 1 1 1.0
219000.0 220000.0 2 1 163.8886645716084 8634.383192135541 344.18603181207476 498048.57018975576 757.4496894531185 188.989990234375 473.21983984374674 401.9617081488387 2300.0 2300.0 2300.0 0.0 0.0 0.0 0.0 0.0 1 0 0.0
220000.0 221000.0 2 1 157.92401408573878 8796.780404522637 333.78527035766797 482405.8696813001 810.2690097655868 187.6240234375 498.9465166015434 440.27649210439534 0.0 0.0 0.0 0.0 128.0 128.0 128.0 0.0 0 1 1.0
221000.0 222000.0 1 1 72.13907515753002 3468.1200660638956 130.6670040589223 187368.3171327409 399.72397656249814 399.72397656249814 399.72397656249814 0.0 0.0 0.0 0.0 0.0 0.0 0.0 0.0 0.0 0 0 0.0
222000.0 223000.0 1 1 35.86472878751905 2515.410570063411 83.92834491773165 120060.7172935494 243.19189453125 243.19189453125 243.19189453125 0.0 3000.0 3000.0 3000.0 0.0 128.0 128.0 128.0 0.0 2 2 1.0
223000.0 224000.0 2 1 155.2718793029077 9924.895211797548 341.99428017097415 490218.87775399233 753.5871054687304 242.853271484375 498.2201884765527 361.1433573917421 0.0 0.0 0.0 0.0 0.0 0.0 0.0 0.0 0 0 0.0
224000.0 225000.0 2 1 96.86339190957322 5329.694218139041 181.07737491129419 257608.40495245825 521.9677285156213 65.84999999997672 293.908864257799 322.52393885281697 0.0 0.0 0.0 0.0 0.0 0.0 0.0 0.0 0 0 1.0
225000.0 226000.0 0 0 0.0 0.0 0.0 0.0 0.0 0.0 0.0 0.0 0.0 0.0 0.0 0.0 0.0 0.0 0.0 0.0 0 0 
226000.0 227000.0 1 1 39.181070134441306 2557.653189331585 80.05514947222267 115351.73091882901 241.787109375 241.787109375 241.787109375 0.0 3000.0 3000.0 3000.0 0.0 128.0 128.0 128.0 0.0 1 1 1.0
227000.0 228000.0 2 1 162.969697931358 10770.198872664834 330.04426785501073 475624.3460671934 757.9178906249581 239.9140625 498.91597656247905 366.2840195477487 0.0 0.0 0.0 0.0 128.0 128.0 128.0 0.0 0 1 0.0
228000.0 229000.0 2 1 170.98127887899508 11002.928756334288 337.92740749275976 487396.5897807876 757.9659375000047 237.01708984375 497.4915136718773 368.36646282905537 2300.0 2300.0 2300.0 0.0 128.0 128.0 128.0 0.0 2 2 1.0
229000.0 230000.0 2 1 174.36555998626335 9129.136546391888 345.12188332553336 497908.00364899996 761.9209101562155 234.89697265625 498.40894140623277 372.66220005386083 2300.0 2300.0 2300.0 0.0 0.0 0.0 0.0 0.0 1 0 0.0
230000.0 231000.0 2 1 134.9365446547597 7361.96356379422 269.0023071665524 386080.03867768974 755.3570273437072 192.50390625 473.9304667968536 397.99725873737333 2300.0 2300.0 2300.0 0.0 128.0 128.0 128.0 0.0 1 1 1.0
231000.0 232000.0 2 1 162.32390798102122 9670.25174635694 362.6296729521855 520122.33848618873 806.887093749945 192.02099609375 499.4540449218475 434.7759871744055 2300.0 2300.0 2300.0 0.0 128.0 128.0 128.0 0.0 1 1 0.0
232000.0 233000.0 2 1 175.3853195655846 10003.349782862066 368.42921719148535 531470.9963228363 807.9140039063059 186.687255859375 497.30062988284044 439.2736461984516 0.0 0.0 0.0 0.0 0.0 0.0 0.0 0.0 0 0 1.0
233000.0 234000.0 2 1 161.7896007505211 9586.373434432757 340.6560543101391 488051.51689104794 812.6207441405859 184.60009765625 498.61042089841794 444.0776578542334 3000.0 3000.0 3000.0 0.0 128.0 128.0 128.0 0.0 2 1 0.0
234000.0 235000.0 2 1 163.9715895193976 8945.610512584448 328.1265969906904 471286.57996473316 814.1529023437761 183.212890625 498.68289648438804 446.14196080826633 0.0 0.0 0.0 0.0 0.0 0.0 0.0 0.0 0 0 1.0
235000.0 236000.0 2 1 79.04727493375822 5671.752765317673 158.54705020378685 219418.36854814575 815.6691093749832 181.950927734375 498.8100185546791 448.1064235992823 3000.0 3000.0 3000.0 0.0 128.0 128.0 128.0 0.0 1 2 0.0
236000.0 237000.0 2 1 187.40211709865807 9643.981574062016 359.8125728778569 520535.55624825845 817.5550722656772 181.91796875 499.7365205078386 449.46330626971076 0.0 0.0 0.0 0.0 0.0 0.0 0.0 0.0 0 0 1.0
237000.0 238000.0 1 1 19.646038565241714 965.7992558672827 30.647820161777073 43262.934445290084 117.74303124996368 117.74303124996368 117.74303124996368 0.0 0.0 0.0 0.0 0.0 0.0 0.0 0.0 0.0 0 0 0.0
238000.0 239000.0 1 1 39.26111035475005 2514.674118221741 89.56440799677355 129150.64942164888 245.1201171875 245.1201171875 245.1201171875 0.0 3000.0 3000.0 3000.0 0.0 128.0 128.0 128.0 0.0 1 2 1.0
239000.0 240000.0 2 1 164.4134338305313 10172.141225487128 367.34411081071414 530386.0298038732 753.8128828124609 239.958984375 496.88593359373044 363.34957612427206 0.0 0.0 0.0 0.0 0.0 0.0 0.0 0.0 0 0 0.0
240000.0 241000.0 2 1 185.42526195158794 10231.288112546015 382.88804213273716 554916.8942203969 759.995015625027 239.85888671875 499.9269511718885 367.7917838897487 3000.0 3000.0 3000.0 0.0 128.0 128.0 128.0 0.0 1 1 1.0
241000.0 242000.0 2 1 189.0558681583353 10206.40421309361 373.86109384145135 541293.7776651471 758.28411328129 238.048095703125 498.1661044922075 367.86241584700446 3000.0 3000.0 3000.0 0.0 0.0 0.0 0.0 0.0 1 0 0.0
242000.0 243000.0 2 1 173.19527292115998 9552.982712438734 341.62491759748895 491784.76440950437 757.8779042968526 237.735107421875 497.8065058593638 367.7964988556337 0.0 0.0 0.0 0.0 0.0 0.0 0.0 0.0 0 0 1.0
243000.0 244000.0 1 1 54.649052783635476 2762.509618212773 90.7174276208349 129178.8844794297 286.47689257818274 286.47689257818274 286.47689257818274 0.0 0.0 0.0 0.0 0.0 0.0 0.0 0.0 0.0 0 0 0.0
244000.0 245000.0 1 1 40.59756240853181 2485.689075612202 89.70359598052836 129358.17668497219 242.59912109375 242.59912109375 242.59912109375 0.0 3000.0 3000.0 3000.0 0.0 128.0 128.0 128.0 0.0 1 1 1.0
245000.0 246000.0 2 1 151.18154464851222 9200.075371478782 323.80256718018177 466707.83510120667 755.3438789062202 239.264892578125 497.3043857421726 364.9229508604757 0.0 0.0 0.0 0.0 0.0 0.0 0.0 0.0 0 0 0.0
246000.0 247000.0 2 1 112.95332197483762 6689.599297298933 219.05528345902218 315167.40311735513 755.2941074218834 206.666015625 480.9800615234417 387.93864405901195 3000.0 3000.0 3000.0 0.0 128.0 128.0 128.0 0.0 1 2 1.0
247000.0 248000.0 2 1 170.02563496736875 10015.534831478575 378.46528299667443 546072.7963802188 792.9729843749665 206.156982421875 499.56498339842074 414.9415742898093 0.0 0.0 0.0 0.0 0.0 0.0 0.0 0.0 0 0 0.0
248000.0 249000.0 2 1 177.22275271327499 9559.514138260705 365.51828179063864 527977.9263837573 792.1530175781809 204.81005859375 498.48153808596544 415.3141891800633 3000.0 3000.0 3000.0 0.0 0.0 0.0 0.0 0.0 1 0 1.0
249000.0 250000.0 1 1 98.01918328747458 4678.587285870801 189.45498859295458 273232.86233249004 557.9449414062547 557.9449414062547 557.9449414062547 0.0 0.0 0.0 0.0 0.0 0.0 0.0 0.0 0.0 0 0 0.0
250000.0 251000.0 1 1 38.97230198891127 2530.748541103829 86.76852140927416 124743.72072843139 244.570068359375 244.570068359375 244.570068359375 0.0 3000.0 3000.0 3000.0 0.0 128.0 128.0 128.0 0.0 1 1 1.0
251000.0 252000.0 2 1 164.40803014324723 10248.825212974783 348.9205514713473 502075.3653574553 753.2319316406501 243.302978515625 498.2674550781376 360.57422067806243 0.0 0.0 0.0 0.0 128.0 128.0 128.0 0.0 0 1 0.0
252000.0 253000.0 2 1 183.22818872754112 9994.776330632536 347.6986146739441 502608.83624334255 754.462021484389 243.247314453125 498.854667968757 361.48338598410095 3000.0 3000.0 3000.0 0.0 128.0 128.0 128.0 0.0 1 1 1.0
253000.0 254000.0 2 1 184.16935442751156 9743.86361718133 383.2722413211718 556511.2943983414 754.0936855468899 242.77294921875 498.43331738281995 361.5583600189264 3000.0 3000.0 3000.0 0.0 0.0 0.0 0.0 0.0 1 0 0.0
254000.0 255000.0 2 1 173.01666118897447 9560.163901170363 366.0044881735928 530493.7561759324 756.0620507812127 239.635986328125 497.8490185546689 365.1683721562594 0.0 0.0 0.0 0.0 128.0 128.0 128.0 0.0 0 1 1.0
255000.0 256000.0 2 1 170.33875384585045 9341.401533225318 354.5512666124203 511812.1997733587 759.9880136718275 236.4951171875 498.24156542966375 370.1653770070553 3000.0 3000.0 3000.0 0.0 0.0 0.0 0.0 0.0 1 0 0.0
256000.0 257000.0 2 1 158.86670967796385 8154.220863711839 300.7843163382495 434035.8273231383 760.2148828124627 108.9429999999702 434.5789414062165 460.518764732844 0.0 0.0 0.0 0.0 0.0 0.0 0.0 0.0 0 0 1.0
257000.0 258000.0 0 0 0.0 0.0 0.0 0.0 0.0 0.0 0.0 0.0 0.0 0.0 0.0 0.0 0.0 0.0 0.0 0.0 0 0 
258000.0 259000.0 1 1 40.52546579592973 2597.805161960902 87.43676256576354 125711.2229433921 245.446044921875 245.446044921875 245.446044921875 0.0 3000.0 3000.0 3000.0 0.0 128.0 128.0 128.0 0.0 1 2 1.0
259000.0 260000.0 2 1 166.67122439551076 10302.665161951787 361.1548319114545 520426.196978205 753.8909550781827 241.02001953125 497.45548730471637 362.65451639872487 0.0 0.0 0.0 0.0 0.0 0.0 0.0 0.0 0 0 0.0
260000.0 261000.0 2 1 176.8064589104755 9584.582986819572 381.5787930267082 553609.9827341038 758.5489804687677 240.407958984375 499.47846972657135 366.38102990253867 3000.0 3000.0 3000.0 0.0 128.0 128.0 128.0 0.0 1 1 1.0
261000.0 262000.0 2 1 182.3683852078415 9589.218710794414 374.2085202172867 542506.5839777474 759.3990410156548 239.539306640625 499.4691738281399 367.5963434424209 3000.0 3000.0 3000.0 0.0 0.0 0.0 0.0 0.0 1 0 0.0
262000.0 263000.0 2 1 176.73002017906697 9848.94508798949 364.20844238380334 525078.93721172 760.116693359334 238.323974609375 499.2203339843545 368.963169801861 0.0 0.0 0.0 0.0 128.0 128.0 128.0 0.0 0 1 1.0
263000.0 264000.0 2 1 135.65216127155614 7674.557381782061 275.81345241830167 396096.4827730927 761.2560253905831 237.257080078125 499.25655273435405 370.523207565038 3000.0 3000.0 3000.0 0.0 0.0 0.0 0.0 0.0 1 0 0.0
264000.0 265000.0 2 1 68.5203751819506 4669.657417978191 124.99177615742427 176478.0965122112 755.5689199218759 185.60498046875 470.58695019531297 403.02536661910415 3000.0 3000.0 3000.0 0.0 128.0 128.0 128.0 0.0 1 3 1.0
265000.0 266000.0 2 1 149.82970341141692 10572.862650610265 295.18259219615925 420553.1319135425 675.4300195312826 153.047119140625 414.2385693359538 369.38049124213074 3000.0 3000.0 3000.0 0.0 0.0 0.0 0.0 0.0 2 0 0.0
266000.0 267000.0 2 1 160.8028669741771 8398.097348853496 343.00947640477085 492476.28192607604 846.7908808593638 131.77490234375 489.2828916015569 505.59264706512533 3000.0 3000.0 3000.0 0.0 128.0 128.0 128.0 0.0 1 1 1.0
267000.0 268000.0 2 1 158.49943438552717 8874.497441424692 334.6988800823535 481758.8652988995 866.7630976561923 130.76611328125 498.76460546872113 520.4284585843711 0.0 0.0 0.0 0.0 0.0 0.0 0.0 0.0 0 0 0.0
268000.0 269000.0 2 1 115.79935105920866 6352.364928162013 231.50095998603783 329699.5293036278 858.641886718804 120.02294921875 489.332417968777 522.282459419091 3000.0 3000.0 3000.0 0.0 128.0 128.0 128.0 0.0 1 1 1.0
269000.0 270000.0 2 1 176.35608447310318 10456.794712404082 378.05729284965696 547463.8545102351 876.1380507812137 119.326904296875 497.73247753904434 535.1462937566414 0.0 0.0 0.0 0.0 128.0 128.0 128.0 0.0 0 1 0.0
270000.0 271000.0 2 1 181.24426499209386 10298.948633136846 365.2883525817209 528522.1071837315 876.8380957031623 117.443115234375 497.1406054687686 536.9733402885053 3000.0 3000.0 3000.0 0.0 0.0 0.0 0.0 0.0 1 0 1.0
271000.0 272000.0 2 1 191.81370259331726 10635.476726366287 367.91355662116985 533153.1637460069 876.449884765665 116.699951171875 496.57491796877 537.2243300501981 3000.0 3000.0 3000.0 0.0 128.0 128.0 128.0 0.0 1 1 0.0
272000.0 273000.0 2 1 183.62073325968686 9612.593780042685 390.73680115307474 566880.0548873828 881.9120488280896 114.85595703125 498.3840029296698 542.3905640599962 0.0 0.0 0.0 0.0 0.0 0.0 0.0 0.0 0 0 1.0
273000.0 274000.0 2 1 177.60554465735626 10041.637689905187 367.50834396000874 528959.1206857882 883.8800429687835 113.4619140625 498.67097851564176 544.7678832986848 3000.0 3000.0 3000.0 0.0 128.0 128.0 128.0 0.0 1 1 0.0
274000.0 275000.0 1 1 164.15422325178156 9240.294179818025 287.7111654843053 409883.3874142374 852.5790859374683 852.5790859374683 852.5790859374683 0.0 0.0 0.0 0.0 0.0 0.0 0.0 0.0 0.0 0 0 1.0
275000.0 276000.0 0 0 0.0 0.0 0.0 0.0 0.0 0.0 0.0 0.0 0.0 0.0 0.0 0.0 0.0 0.0 0.0 0.0 0 0 
276000.0 277000.0 1 1 38.80287515364129 2464.104593876202 82.97470158640276 118246.27105782274 243.499267578125 243.499267578125 243.499267578125 0.0 3000.0 3000.0 3000.0 0.0 128.0 128.0 128.0 0.0 1 1 1.0
277000.0 278000.0 2 1 154.11080094942483 9554.9956963393 318.9970518681209 455539.88876310224 754.2717324218247 243.423095703125 498.84741406247485 361.2245351836957 0.0 0.0 0.0 0.0 0.0 0.0 0.0 0.0 0 0 0.0
278000.0 279000.0 2 1 107.0863238969339 6049.899709784499 199.02824654547635 281293.8401790751 754.280904296902 37.26000000000931 395.77045214845566 507.01034368084333 0.0 0.0 0.0 0.0 0.0 0.0 0.0 0.0 0 0 1.0
279000.0 280000.0 0 0 0.0 0.0 0.0 0.0 0.0 0.0 0.0 0.0 0.0 0.0 0.0 0.0 0.0 0.0 0.0 0.0 0 0 
280000.0 281000.0 1 1 39.6159901479155 2656.9613145500116 87.30190421485082 124663.45107157105 244.136962890625 244.136962890625 244.136962890625 0.0 3000.0 3000.0 3000.0 0.0 128.0 128.0 128.0 0.0 1 1 1.0
281000.0 282000.0 2 1 160.84812114857152 10852.869684220383 352.19030932038237 504896.24298158754 754.2020371094113 240.804931640625 497.50348437501816 363.02657471852393 0.0 0.0 0.0 0.0 128.0 128.0 128.0 0.0 0 1 0.0
282000.0 283000.0 2 1 167.57650043922723 10819.241916356354 350.66898496739066 508479.6771776394 754.616068359348 239.4619140625 497.038991210924 364.2689958597222 2300.0 2300.0 2300.0 0.0 128.0 128.0 128.0 0.0 2 2 1.0
283000.0 284000.0 2 1 196.68057593238115 10613.001496077075 386.3315014570875 558305.760416928 758.2830859374953 237.14794921875 497.7155175781227 368.49818908840336 2300.0 2300.0 2300.0 0.0 0.0 0.0 0.0 0.0 1 0 0.0
284000.0 285000.0 2 1 194.21824153344411 10867.12008216148 384.92093765698655 555336.6961523882 761.711050781305 232.424072265625 497.067561523465 374.26241170217577 2300.0 2300.0 2300.0 0.0 128.0 128.0 128.0 0.0 1 2 1.0
285000.0 286000.0 2 1 182.3844725173199 11106.28578944911 357.0614829881263 510409.248961102 766.7749277343974 228.30810546875 497.5415166015737 380.75354146801067 0.0 0.0 0.0 0.0 0.0 0.0 0.0 0.0 0 0 0.0
286000.0 287000.0 2 1 208.61671827350955 12012.838654232499 376.8298713829662 541626.0194558759 770.3368945312686 225.103271484375 497.7200830078218 385.53839218736834 2300.0 2300.0 2300.0 0.0 0.0 0.0 0.0 0.0 1 0 1.0
287000.0 288000.0 1 1 61.05938000763102 3261.68106295309 97.69500801220964 139653.90378290808 280.8437285156688 280.8437285156688 280.8437285156688 0.0 0.0 0.0 0.0 0.0 0.0 0.0 0.0 0.0 0 0 0.0
288000.0 289000.0 1 1 43.010808135459754 2781.772892079195 92.61986524624572 133154.6193588164 244.177978515625 244.177978515625 244.177978515625 0.0 2300.0 2300.0 2300.0 0.0 128.0 128.0 128.0 0.0 1 1 1.0
289000.0 290000.0 2 1 177.15044346057843 11396.805123320835 366.6511390360557 526827.3684479437 754.9970214844216 243.909912109375 499.4534667968983 361.3931608161261 0.0 0.0 0.0 0.0 128.0 128.0 128.0 0.0 0 1 0.0
290000.0 291000.0 2 1 184.67805451204737 11063.773482974819 335.9297562185127 481306.6239726689 755.7830878905952 241.333251953125 498.5581699218601 363.77096757169204 3000.0 3000.0 3000.0 0.0 0.0 0.0 0.0 0.0 2 0 1.0
291000.0 292000.0 1 1 110.16069389191448 5529.64850162515 200.7992394991859 286948.388220571 555.7237480469048 555.7237480469048 555.7237480469048 0.0 0.0 0.0 0.0 0.0 0.0 0.0 0.0 0.0 0 0 0.0
292000.0 293000.0 1 1 44.57348581849317 3081.2660224417245 91.8709068814498 131832.27507011278 247.103271484375 247.103271484375 247.103271484375 0.0 3000.0 3000.0 3000.0 0.0 128.0 128.0 128.0 0.0 1 2 1.0
293000.0 294000.0 2 1 178.34739592345971 11640.487457628165 365.46420007075426 524951.8607197475 750.7677285156678 246.4951171875 498.6314228515839 356.57458303679573 0.0 0.0 0.0 0.0 128.0 128.0 128.0 0.0 0 1 0.0
294000.0 295000.0 2 1 168.02196049148836 9093.065087333678 334.5951501360031 482585.58107083716 752.7888828124851 246.260986328125 499.52493457030505 358.1693104642486 3000.0 3000.0 3000.0 0.0 0.0 0.0 0.0 0.0 1 0 1.0
295000.0 296000.0 2 1 159.1295730568949 9259.726972510072 311.91029991902735 451440.8915819556 753.6390136718983 244.840087890625 499.23955078126164 359.77517068036923 0.0 0.0 0.0 0.0 128.0 128.0 128.0 0.0 0 1 0.0
296000.0 297000.0 2 1 186.2352690019601 10863.002252345226 378.0820793827985 546885.8850851725 754.2379121093545 243.919921875 499.07891699217726 360.84931145620243 3000.0 3000.0 3000.0 0.0 128.0 128.0 128.0 0.0 1 1 1.0
297000.0 298000.0 2 1 186.67131812768423 10400.532344676616 359.1841681666131 518804.5866884247 752.5100781250512 243.249267578125 497.8796728515881 360.10177253028917 3000.0 3000.0 3000.0 0.0 0.0 0.0 0.0 0.0 1 0 0.0
298000.0 299000.0 2 1 196.62581846863856 10936.326981936814 381.08054137125555 552378.7302192735 754.4917324219132 238.3779296875 496.4348310547066 364.94756977747966 3000.0 3000.0 3000.0 0.0 128.0 128.0 128.0 0.0 1 1 1.0
299000.0 300000.0 2 1 173.6274444220137 9356.523727097903 353.16866103969437 509051.13780780614 758.5680703124963 237.218994140625 497.89353222656064 368.6494671264721 0.0 0.0 0.0 0.0 0.0 0.0 0.0 0.0 0 0 0.0
300000.0 301000.0 1 1 131.7677346893673 7890.069154029803 221.64399303240398 319507.0517566701 758.0910058594309 758.0910058594309 758.0910058594309 0.0 0.0 0.0 0.0 0.0 128.0 128.0 128.0 0.0 0 1 0.0
