ts te nbins ncons c_tcp_packs c_tcp_bytes c_udp_packs c_udp_bytes s_tcp_packs s_tcp_bytes s_udp_packs s_udp_bytes max_bins_span min_bins_span avg_bins_span std_bins_span max_video_rate min_video_rate avg_video_rate std_video_rate max_audio_rate min_audio_rate avg_audio_rate std_audio_rate video_requests audio_requests
0 1000 10 9 76 44335 0 0 93 44902 0 0 828 11 224 232 0 0 0 0 0 0 0 0 0 0
1000 2000 17 17 95 9063 1 695 128 40662 1 1329 613 26 250 205 0 0 0 0 0 0 0 0 0 0
2000 3000 8 8 21 1016 5 2510 26 9518 7 4796 223 23 106 82 0 0 0 0 0 0 0 0 0 0
3000 4000 1 1 0 32 0 0 1 341 0 0 40 40 40 0 0 0 0 0 0 0 0 0 0 0
4000 5000 2 2 8 3588 0 0 10 857 0 0 658 73 366 413 0 0 0 0 0 0 0 0 0 0
5000 6000 7 7 28 8075 0 0 33 3532 0 0 237 22 171 90 0 0 0 0 0 0 0 0 0 0
6000 7000 6 6 44 16281 0 0 56 7762 0 0 317 37 178 99 0 0 0 0 0 0 0 0 0 0
7000 8000 1 1 2 1272 0 0 3 392 0 0 97 97 97 0 288 288 288 0 128 128 128 0 2 2
8000 9000 6 6 27 10051 8 3651 31 6565 17 18051 666 80 351 219 288 288 288 0 128 128 128 0 2 1
9000 10000 9 8 26 8750 55 13104 31 11607 104 111061 785 17 422 261 0 0 0 0 128 128 128 0 0 1
10000 11000 12 10 30 30941 103 20171 45 8218 172 164196 750 28 379 253 288 288 288 0 128 128 128 0 1 1
11000 12000 15 12 14 6872 120 50063 20 7490 183 137905 953 1 390 256 288 288 288 0 0 0 0 0 1 0
12000 13000 5 4 18 5861 19 4619 21 7725 24 11287 576 266 405 141 288 288 288 0 128 128 128 0 1 2
13000 14000 3 3 0 0 24 7895 0 0 25 9387 530 27 328 265 288 288 288 0 128 128 128 0 2 1
14000 15000 2 2 0 0 60 69946 0 0 35 1318 678 152 415 371 288 288 288 0 128 128 128 0 1 2
15000 16000 1 1 0 0 6 7010 0 0 4 122 154 154 154 0 288 288 288 0 128 128 128 0 1 1
16000 17000 2 2 0 0 52 60193 0 0 28 800 411 140 276 191 288 288 288 0 128 128 128 0 1 1
17000 18000 0 0 0 0 0 0 0 0 0 0 0 0 0 0 0 0 0 0 0 0 0 0 0 0
18000 19000 2 2 8 5173 0 0 14 4369 0 0 135 85 110 35 0 0 0 0 0 0 0 0 0 0
19000 20000 0 0 0 0 0 0 0 0 0 0 0 0 0 0 0 0 0 0 0 0 0 0 0 0
20000 21000 2 2 13 16792 0 0 17 819 0 0 297 169 233 90 0 0 0 0 0 0 0 0 0 0
21000 22000 1 1 0 0 44 52280 0 0 25 695 558 558 558 0 840 840 840 0 128 128 128 0 2 2
22000 23000 0 0 0 0 0 0 0 0 0 0 0 0 0 0 0 0 0 0 0 0 0 0 0 0
23000 24000 0 0 0 0 0 0 0 0 0 0 0 0 0 0 0 0 0 0 0 0 0 0 0 0
24000 25000 0 0 0 0 0 0 0 0 0 0 0 0 0 0 0 0 0 0 0 0 0 0 0 0
25000 26000 0 0 0 0 0 0 0 0 0 0 0 0 0 0 0 0 0 0 0 0 0 0 0 0
26000 27000 1 1 0 0 6 6257 0 0 4 171 109 109 109 0 480 480 480 0 128 128 128 0 1 1
27000 28000 0 0 0 0 0 0 0 0 0 0 0 0 0 0 0 0 0 0 0 0 0 0 0 0
28000 29000 2 2 9 5171 0 0 15 4366 0 0 134 82 108 36 0 0 0 0 0 0 0 0 0 0
29000 30000 0 0 0 0 0 0 0 0 0 0 0 0 0 0 0 0 0 0 0 0 0 0 0 0
30000 31000 5 5 49 94645 0 0 79 2495 0 0 750 97 491 272 840 840 840 0 128 128 128 0 1 1
31000 32000 5 4 21 49291 19 11756 41 637 20 11818 448 203 311 93 0 0 0 0 0 0 0 0 0 0
32000 33000 0 0 0 0 0 0 0 0 0 0 0 0 0 0 0 0 0 0 0 0 0 0 0 0
33000 34000 0 0 0 0 0 0 0 0 0 0 0 0 0 0 0 0 0 0 0 0 0 0 0 0
34000 35000 0 0 0 0 0 0 0 0 0 0 0 0 0 0 0 0 0 0 0 0 0 0 0 0
35000 36000 1 1 0 8 0 0 0 15 0 0 69 69 69 0 840 840 840 0 128 128 128 0 1 1
36000 37000 6 6 7 26 0 0 7 46 0 0 205 18 51 75 840 840 840 0 128 128 128 0 1 1
37000 38000 0 0 0 0 0 0 0 0 0 0 0 0 0 0 0 0 0 0 0 0 0 0 0 0
38000 39000 9 9 16 5212 0 0 22 4402 0 0 140 17 49 40 0 0 0 0 0 0 0 0 0 0
39000 40000 1 1 0 2 0 0 0 3 0 0 19 19 19 0 840 840 840 0 128 128 128 0 1 1
40000 41000 3 3 10 10824 0 0 14 814 0 0 320 309 313 5 840 840 840 0 128 128 128 0 1 1
41000 42000 0 0 0 0 0 0 0 0 0 0 0 0 0 0 0 0 0 0 0 0 0 0 0 0
42000 43000 2 2 1 169 0 0 2 37 0 0 36 23 29 9 840 840 840 0 128 128 128 0 1 1
43000 44000 1 1 3 822 0 0 4 180 0 0 177 177 177 0 0 0 0 0 0 0 0 0 0 0
44000 45000 0 0 0 0 0 0 0 0 0 0 0 0 0 0 0 0 0 0 0 0 0 0 0 0
45000 46000 2 2 2 0 0 0 2 0 0 0 15 15 15 0 0 0 0 0 0 0 0 0 0 0
46000 47000 9 9 8 0 7 4894 8 0 5 263 567 15 79 183 840 840 840 0 128 128 128 0 1 1
47000 48000 4 4 10 8138 2 992 14 1016 2 938 350 17 106 163 0 0 0 0 0 0 0 0 0 0
48000 49000 7 7 11 3689 7 3640 17 5477 10 3444 762 16 164 272 840 840 840 0 128 128 128 0 1 1
49000 50000 5 5 19 4280 0 0 21 6368 0 0 301 16 156 109 0 0 0 0 0 0 0 0 0 0
50000 51000 4 4 10 12100 0 0 14 756 0 0 370 15 186 195 840 840 840 0 128 128 128 0 1 1
51000 52000 2 2 2 0 0 0 2 0 0 0 24 21 23 2 840 840 840 0 128 128 128 0 1 1
52000 53000 2 2 2 0 0 0 2 0 0 0 21 21 21 0 0 0 0 0 0 0 0 0 0 0
53000 54000 0 0 0 0 0 0 0 0 0 0 0 0 0 0 0 0 0 0 0 0 0 0 0 0
54000 55000 4 4 4 0 0 0 4 0 0 0 23 15 20 3 0 0 0 0 0 0 0 0 0 0
55000 56000 0 0 0 0 0 0 0 0 0 0 0 0 0 0 0 0 0 0 0 0 0 0 0 0
56000 57000 1 1 1 0 0 0 1 0 0 0 15 15 15 0 0 0 0 0 0 0 0 0 0 0
57000 58000 0 0 0 0 0 0 0 0 0 0 0 0 0 0 0 0 0 0 0 0 0 0 0 0
58000 59000 1 1 8 3268 0 0 9 4739 0 0 772 772 772 0 0 0 0 0 128 128 128 0 0 1
59000 60000 3 3 5 2199 0 0 6 1024 0 0 113 33 84 44 840 840 840 0 128 128 128 0 1 1
60000 61000 13 13 26 9781 0 0 37 862 0 0 734 20 248 191 840 840 840 0 0 0 0 0 1 0
61000 62000 4 4 5 14 0 0 8 334 0 0 372 131 218 105 840 840 840 0 128 128 128 0 1 1
62000 63000 0 0 0 0 0 0 0 0 0 0 0 0 0 0 0 0 0 0 0 0 0 0 0 0
63000 64000 0 0 0 0 0 0 0 0 0 0 0 0 0 0 0 0 0 0 0 0 0 0 0 0
64000 65000 0 0 0 0 0 0 0 0 0 0 0 0 0 0 0 0 0 0 0 0 0 0 0 0
65000 66000 1 1 3 0 0 0 2 77 0 0 35 35 35 0 840 840 840 0 128 128 128 0 1 1
66000 67000 3 3 41 83920 7 4953 75 5961 7 310 990 328 628 335 0 0 0 0 0 0 0 0 0 0
67000 68000 2 1 19 46393 0 0 40 335 0 0 309 4 157 215 0 0 0 0 0 0 0 0 0 0
68000 69000 3 3 11 5212 0 0 16 4403 0 0 144 16 85 64 0 0 0 0 0 0 0 0 0 0
69000 70000 0 0 0 0 0 0 0 0 0 0 0 0 0 0 0 0 0 0 0 0 0 0 0 0
70000 71000 6 6 16 12533 0 0 20 787 0 0 288 171 213 57 0 0 0 0 0 0 0 0 0 0
71000 72000 0 0 0 0 0 0 0 0 0 0 0 0 0 0 0 0 0 0 0 0 0 0 0 0
72000 73000 0 0 0 0 0 0 0 0 0 0 0 0 0 0 0 0 0 0 0 0 0 0 0 0
73000 74000 0 0 0 0 0 0 0 0 0 0 0 0 0 0 0 0 0 0 0 0 0 0 0 0
74000 75000 0 0 0 0 0 0 0 0 0 0 0 0 0 0 0 0 0 0 0 0 0 0 0 0
75000 76000 0 0 0 0 0 0 0 0 0 0 0 0 0 0 0 0 0 0 0 0 0 0 0 0
76000 77000 0 0 0 0 0 0 0 0 0 0 0 0 0 0 0 0 0 0 0 0 0 0 0 0
77000 78000 2 2 2 0 0 0 2 0 0 0 25 24 24 0 0 0 0 0 0 0 0 0 0 0
78000 79000 1 1 3 0 0 0 4 77 0 0 16 16 16 0 0 0 0 0 0 0 0 0 0 0
79000 80000 0 0 0 0 0 0 0 0 0 0 0 0 0 0 0 0 0 0 0 0 0 0 0 0
80000 81000 3 3 12 13605 0 0 15 756 0 0 339 259 307 42 0 0 0 0 0 0 0 0 0 0
81000 82000 0 0 0 0 0 0 0 0 0 0 0 0 0 0 0 0 0 0 0 0 0 0 0 0
82000 83000 0 0 0 0 0 0 0 0 0 0 0 0 0 0 0 0 0 0 0 0 0 0 0 0
83000 84000 0 0 0 0 0 0 0 0 0 0 0 0 0 0 0 0 0 0 0 0 0 0 0 0
84000 85000 0 0 0 0 0 0 0 0 0 0 0 0 0 0 0 0 0 0 0 0 0 0 0 0
85000 86000 0 0 0 0 0 0 0 0 0 0 0 0 0 0 0 0 0 0 0 0 0 0 0 0
86000 87000 0 0 0 0 0 0 0 0 0 0 0 0 0 0 0 0 0 0 0 0 0 0 0 0
87000 88000 2 2 7 4661 0 0 11 1016 0 0 416 16 216 282 0 0 0 0 0 0 0 0 0 0
88000 89000 0 0 0 0 0 0 0 0 0 0 0 0 0 0 0 0 0 0 0 0 0 0 0 0
89000 90000 1 1 1 0 0 0 1 0 0 0 21 21 21 0 0 0 0 0 0 0 0 0 0 0
90000 91000 2 2 8 11283 0 0 11 756 0 0 335 319 327 11 840 840 840 0 128 128 128 0 1 1
91000 92000 8 8 8 35 17 9251 8 62 18 9299 417 15 109 140 0 0 0 0 0 0 0 0 0 0
92000 93000 1 1 0 27 0 0 0 10 0 0 22 22 22 0 840 840 840 0 128 128 128 0 1 1
93000 94000 13 13 13 987 40 21727 16 370 51 21857 798 14 158 236 0 0 0 0 0 0 0 0 0 0
94000 95000 0 0 0 0 0 0 0 0 0 0 0 0 0 0 0 0 0 0 0 0 0 0 0 0
95000 96000 2 2 2 0 0 0 2 0 0 0 30 14 22 11 0 0 0 0 0 0 0 0 0 0
96000 97000 4 4 9 4395 3 2273 12 576 5 4985 578 198 374 157 840 840 840 0 128 128 128 0 1 1
97000 98000 7 6 10 5541 4 1803 12 623 7 4586 420 18 135 189 0 0 0 0 0 0 0 0 0 0
98000 99000 1 1 1 39 0 0 2 39 0 0 23 23 23 0 0 0 0 0 0 0 0 0 0 0
99000 100000 2 2 1 35 0 0 2 31 0 0 14 12 13 1 840 840 840 0 128 128 128 0 1 1
100000 101000 4 4 9 10892 0 0 13 787 0 0 283 4 169 131 840 840 840 0 128 128 128 0 1 1
101000 102000 0 0 0 0 0 0 0 0 0 0 0 0 0 0 0 0 0 0 0 0 0 0 0 0
102000 103000 0 0 0 0 0 0 0 0 0 0 0 0 0 0 0 0 0 0 0 0 0 0 0 0
103000 104000 0 0 0 0 0 0 0 0 0 0 0 0 0 0 0 0 0 0 0 0 0 0 0 0
104000 105000 0 0 0 0 0 0 0 0 0 0 0 0 0 0 0 0 0 0 0 0 0 0 0 0
105000 106000 0 0 0 0 0 0 0 0 0 0 0 0 0 0 0 0 0 0 0 0 0 0 0 0
106000 107000 0 0 0 0 0 0 0 0 0 0 0 0 0 0 0 0 0 0 0 0 0 0 0 0
107000 108000 0 0 0 0 0 0 0 0 0 0 0 0 0 0 0 0 0 0 0 0 0 0 0 0
108000 109000 0 0 0 0 0 0 0 0 0 0 0 0 0 0 0 0 0 0 0 0 0 0 0 0
109000 110000 0 0 0 0 0 0 0 0 0 0 0 0 0 0 0 0 0 0 0 0 0 0 0 0
110000 111000 2 2 8 11532 0 0 13 1134 0 0 535 354 444 128 0 0 0 0 0 0 0 0 0 0
111000 112000 0 0 0 0 0 0 0 0 0 0 0 0 0 0 0 0 0 0 0 0 0 0 0 0
112000 113000 1 1 1 0 0 0 1 0 0 0 17 17 17 0 0 0 0 0 0 0 0 0 0 0
113000 114000 1 1 1 0 0 0 1 0 0 0 14 14 14 0 840 840 840 0 128 128 128 0 1 1
114000 115000 0 0 0 0 0 0 0 0 0 0 0 0 0 0 0 0 0 0 0 0 0 0 0 0
115000 116000 0 0 0 0 0 0 0 0 0 0 0 0 0 0 0 0 0 0 0 0 0 0 0 0
116000 117000 1 1 0 0 5 3970 0 0 4 272 306 306 306 0 0 0 0 0 0 0 0 0 0 0
117000 118000 0 0 0 0 0 0 0 0 0 0 0 0 0 0 0 0 0 0 0 0 0 0 0 0
118000 119000 0 0 0 0 0 0 0 0 0 0 0 0 0 0 0 0 0 0 0 0 0 0 0 0
119000 120000 0 0 0 0 0 0 0 0 0 0 0 0 0 0 0 0 0 0 0 0 0 0 0 0
120000 121000 2 2 10 9735 0 0 11 775 0 0 272 254 263 12 480 480 480 0 128 128 128 0 2 1
121000 122000 1 1 3 35 0 0 3 62 0 0 250 250 250 0 480 480 480 0 128 128 128 0 1 2
122000 123000 3 3 57 2623 0 0 89 109176 0 0 676 17 322 332 0 0 0 0 0 0 0 0 0 0
123000 124000 2 1 37 1216 0 0 50 65622 0 0 321 246 283 52 0 0 0 0 0 0 0 0 0 0
124000 125000 0 0 0 0 0 0 0 0 0 0 0 0 0 0 0 0 0 0 0 0 0 0 0 0
125000 126000 1 1 2 6645 0 0 5 48 0 0 52 52 52 0 840 840 840 0 0 0 0 0 1 0
126000 127000 3 3 50 108627 0 0 98 4000 0 0 845 273 502 303 0 0 0 0 128 128 128 0 0 1
127000 128000 5 4 15 6819 0 0 20 3844 0 0 384 19 190 168 840 840 840 0 0 0 0 0 1 0
128000 129000 3 3 21 8804 0 0 25 5288 0 0 442 220 326 111 0 0 0 0 0 0 0 0 0 0
129000 130000 1 1 1 35 0 0 2 31 0 0 16 16 16 0 840 840 840 0 128 128 128 0 1 1
130000 131000 3 3 15 22945 0 0 19 831 0 0 415 97 309 183 0 0 0 0 0 0 0 0 0 0
131000 132000 0 0 0 0 0 0 0 0 0 0 0 0 0 0 0 0 0 0 0 0 0 0 0 0
132000 133000 0 0 0 0 0 0 0 0 0 0 0 0 0 0 0 0 0 0 0 0 0 0 0 0
133000 134000 0 0 0 0 0 0 0 0 0 0 0 0 0 0 0 0 0 0 0 0 0 0 0 0
134000 135000 1 1 1 0 0 0 1 0 0 0 17 17 17 0 840 840 840 0 128 128 128 0 1 1
135000 136000 0 0 0 0 0 0 0 0 0 0 0 0 0 0 0 0 0 0 0 0 0 0 0 0
136000 137000 4 4 4 0 0 0 4 0 0 0 29 18 26 5 0 0 0 0 0 0 0 0 0 0
137000 138000 0 0 0 0 0 0 0 0 0 0 0 0 0 0 0 0 0 0 0 0 0 0 0 0
138000 139000 8 8 8 0 0 0 11 183 0 0 873 12 129 300 0 0 0 0 128 128 128 0 0 1
139000 140000 2 2 1 0 0 0 2 47 0 0 72 6 39 46 840 840 840 0 0 0 0 0 1 0
140000 141000 6 6 14 10740 0 0 20 1705 0 0 665 22 240 307 840 840 840 0 128 128 128 0 1 1
141000 142000 3 3 1 615 9 8125 2 112 5 195 243 42 111 114 0 0 0 0 0 0 0 0 0 0
142000 143000 3 3 3 0 0 0 3 0 0 0 18 15 17 1 0 0 0 0 0 0 0 0 0 0
143000 144000 1 1 1 0 0 0 1 0 0 0 13 13 13 0 840 840 840 0 128 128 128 0 1 1
144000 145000 2 2 2 0 0 0 2 0 0 0 27 17 22 7 0 0 0 0 128 128 128 0 0 1
145000 146000 1 1 0 0 1 1004 0 0 2 1013 104 104 104 0 840 840 840 0 0 0 0 0 1 0
146000 147000 2 2 1 0 11 7394 1 0 15 7465 772 25 398 527 840 840 840 0 128 128 128 0 1 1
147000 148000 0 0 0 0 0 0 0 0 0 0 0 0 0 0 0 0 0 0 0 0 0 0 0 0
148000 149000 0 0 0 0 0 0 0 0 0 0 0 0 0 0 0 0 0 0 0 0 0 0 0 0
149000 150000 0 0 0 0 0 0 0 0 0 0 0 0 0 0 0 0 0 0 0 0 0 0 0 0
150000 151000 2 2 9 12358 0 0 13 1222 0 0 633 353 493 198 0 0 0 0 0 0 0 0 0 0
151000 152000 3 3 2 35 15 7972 2 31 16 8014 114 38 79 37 840 840 840 0 128 128 128 0 1 1
152000 153000 0 0 0 0 0 0 0 0 0 0 0 0 0 0 0 0 0 0 0 0 0 0 0 0
153000 154000 0 0 0 0 0 0 0 0 0 0 0 0 0 0 0 0 0 0 0 0 0 0 0 0
154000 155000 0 0 0 0 0 0 0 0 0 0 0 0 0 0 0 0 0 0 0 0 0 0 0 0
155000 156000 0 0 0 0 0 0 0 0 0 0 0 0 0 0 0 0 0 0 0 0 0 0 0 0
156000 157000 0 0 0 0 0 0 0 0 0 0 0 0 0 0 0 0 0 0 0 0 0 0 0 0
157000 158000 1 1 1 35 0 0 2 31 0 0 24 24 24 0 840 840 840 0 128 128 128 0 1 1
158000 159000 0 0 0 0 0 0 0 0 0 0 0 0 0 0 0 0 0 0 0 0 0 0 0 0
159000 160000 1 1 1 35 0 0 2 31 0 0 16 16 16 0 0 0 0 0 0 0 0 0 0 0
160000 161000 3 3 9 9813 0 0 12 831 0 0 197 24 131 93 0 0 0 0 0 0 0 0 0 0
161000 162000 1 1 0 0 6 4555 0 0 4 166 145 145 145 0 840 840 840 0 128 128 128 0 1 1
162000 163000 0 0 0 0 0 0 0 0 0 0 0 0 0 0 0 0 0 0 0 0 0 0 0 0
163000 164000 0 0 0 0 0 0 0 0 0 0 0 0 0 0 0 0 0 0 0 0 0 0 0 0
164000 165000 0 0 0 0 0 0 0 0 0 0 0 0 0 0 0 0 0 0 0 0 0 0 0 0
165000 166000 0 0 0 0 0 0 0 0 0 0 0 0 0 0 0 0 0 0 0 0 0 0 0 0
166000 167000 0 0 0 0 0 0 0 0 0 0 0 0 0 0 0 0 0 0 0 0 0 0 0 0
167000 168000 1 1 7 4714 0 0 9 508 0 0 217 217 217 0 840 840 840 0 128 128 128 0 2 2
168000 169000 0 0 0 0 0 0 0 0 0 0 0 0 0 0 0 0 0 0 0 0 0 0 0 0
169000 170000 2 2 2 0 0 0 2 0 0 0 21 21 21 0 840 840 840 0 0 0 0 0 1 0
170000 171000 2 2 10 14519 0 0 13 800 0 0 251 172 212 55 0 0 0 0 0 0 0 0 0 0
171000 172000 0 0 0 0 0 0 0 0 0 0 0 0 0 0 0 0 0 0 0 0 0 0 0 0
172000 173000 1 1 1 0 0 0 1 0 0 0 18 18 18 0 840 840 840 0 128 128 128 0 1 1
173000 174000 1 1 1 0 0 0 1 0 0 0 22 22 22 0 0 0 0 0 0 0 0 0 0 0
174000 175000 0 0 0 0 0 0 0 0 0 0 0 0 0 0 0 0 0 0 0 0 0 0 0 0
175000 176000 0 0 0 0 0 0 0 0 0 0 0 0 0 0 0 0 0 0 0 0 0 0 0 0
176000 177000 0 0 0 0 0 0 0 0 0 0 0 0 0 0 0 0 0 0 0 0 0 0 0 0
177000 178000 0 0 0 0 0 0 0 0 0 0 0 0 0 0 0 0 0 0 0 0 0 0 0 0
178000 179000 1 1 0 0 1 48 0 0 1 48 33 33 33 0 840 840 840 0 128 128 128 0 1 1
179000 180000 1 1 1 0 0 0 1 0 0 0 22 22 22 0 0 0 0 0 0 0 0 0 0 0
180000 181000 2 2 8 10359 0 0 10 800 0 0 281 167 224 81 0 0 0 0 0 0 0 0 0 0
181000 182000 5 5 5 35 0 0 6 31 0 0 116 13 37 44 840 840 840 0 128 128 128 0 1 1
182000 183000 0 0 0 0 0 0 0 0 0 0 0 0 0 0 0 0 0 0 0 0 0 0 0 0
183000 184000 8 8 7 1053 24 11985 11 420 29 12098 710 20 263 252 0 0 0 0 0 0 0 0 0 0
184000 185000 6 6 2 0 19 10048 2 0 25 11174 435 11 181 183 840 840 840 0 128 128 128 0 1 1
185000 186000 4 4 5 7316 0 0 8 33 0 0 54 20 29 16 0 0 0 0 0 0 0 0 0 0
186000 187000 5 5 41 105176 8 7088 87 487 5 196 783 4 227 342 840 840 840 0 128 128 128 0 1 1
187000 188000 5 5 7 77 0 0 8 243 0 0 322 15 113 138 0 0 0 0 0 0 0 0 0 0
188000 189000 2 2 11 4637 0 0 15 5649 0 0 388 207 297 127 840 840 840 0 128 128 128 0 1 1
189000 190000 3 3 10 3139 0 0 14 4345 0 0 563 15 319 278 0 0 0 0 0 0 0 0 0 0
190000 191000 6 6 17 14779 0 0 22 1750 0 0 634 20 228 251 840 840 840 0 128 128 128 0 1 1
191000 192000 1 1 0 0 0 0 0 1 0 0 10 10 10 0 0 0 0 0 0 0 0 0 0 0
192000 193000 1 1 1 0 0 0 1 0 0 0 16 16 16 0 840 840 840 0 128 128 128 0 1 1
193000 194000 0 0 0 0 0 0 0 0 0 0 0 0 0 0 0 0 0 0 0 0 0 0 0 0
194000 195000 0 0 0 0 0 0 0 0 0 0 0 0 0 0 0 0 0 0 0 0 0 0 0 0
195000 196000 0 0 0 0 0 0 0 0 0 0 0 0 0 0 0 0 0 0 0 0 0 0 0 0
196000 197000 0 0 0 0 0 0 0 0 0 0 0 0 0 0 0 0 0 0 0 0 0 0 0 0
197000 198000 0 0 0 0 0 0 0 0 0 0 0 0 0 0 0 0 0 0 0 0 0 0 0 0
198000 199000 0 0 0 0 0 0 0 0 0 0 0 0 0 0 0 0 0 0 0 0 0 0 0 0
199000 200000 0 0 0 0 0 0 0 0 0 0 0 0 0 0 0 0 0 0 0 0 0 0 0 0
200000 201000 3 3 13 10948 0 0 16 1318 0 0 551 340 453 106 0 0 0 0 0 0 0 0 0 0
201000 202000 0 0 0 0 0 0 0 0 0 0 0 0 0 0 0 0 0 0 0 0 0 0 0 0
202000 203000 0 0 0 0 0 0 0 0 0 0 0 0 0 0 0 0 0 0 0 0 0 0 0 0
203000 204000 0 0 0 0 0 0 0 0 0 0 0 0 0 0 0 0 0 0 0 0 0 0 0 0
204000 205000 0 0 0 0 0 0 0 0 0 0 0 0 0 0 0 0 0 0 0 0 0 0 0 0
205000 206000 0 0 0 0 0 0 0 0 0 0 0 0 0 0 0 0 0 0 0 0 0 0 0 0
206000 207000 1 1 0 0 6 3949 0 0 4 166 339 339 339 0 0 0 0 0 0 0 0 0 0 0
207000 208000 1 1 7 4218 0 0 8 508 0 0 291 291 291 0 840 840 840 0 128 128 128 0 1 1
208000 209000 0 0 0 0 0 0 0 0 0 0 0 0 0 0 0 0 0 0 0 0 0 0 0 0
209000 210000 0 0 0 0 0 0 0 0 0 0 0 0 0 0 0 0 0 0 0 0 0 0 0 0
210000 211000 2 2 16 13340 0 0 20 5034 0 0 497 265 381 164 0 0 0 0 0 0 0 0 0 0
211000 212000 3 3 1 35 18 11097 2 31 22 12663 470 215 382 144 840 840 840 0 128 128 128 0 1 1
212000 213000 1 1 0 0 1 810 0 0 1 1035 84 84 84 0 0 0 0 0 0 0 0 0 0 0
213000 214000 0 0 0 0 0 0 0 0 0 0 0 0 0 0 0 0 0 0 0 0 0 0 0 0
214000 215000 2 2 2 0 0 0 2 0 0 0 28 21 24 4 840 840 840 0 128 128 128 0 1 1
215000 216000 0 0 0 0 0 0 0 0 0 0 0 0 0 0 0 0 0 0 0 0 0 0 0 0
216000 217000 0 0 0 0 0 0 0 0 0 0 0 0 0 0 0 0 0 0 0 0 0 0 0 0
217000 218000 1 1 2 35 0 0 2 31 0 0 113 113 113 0 840 840 840 0 128 128 128 0 1 1
218000 219000 0 0 0 0 0 0 0 0 0 0 0 0 0 0 0 0 0 0 0 0 0 0 0 0
219000 220000 1 1 3 35 0 0 3 62 0 0 346 346 346 0 0 0 0 0 0 0 0 0 0 0
220000 221000 3 3 10 10987 0 0 14 1325 0 0 245 19 151 117 0 0 0 0 0 0 0 0 0 0
221000 222000 0 0 0 0 0 0 0 0 0 0 0 0 0 0 0 0 0 0 0 0 0 0 0 0
222000 223000 0 0 0 0 0 0 0 0 0 0 0 0 0 0 0 0 0 0 0 0 0 0 0 0
223000 224000 0 0 0 0 0 0 0 0 0 0 0 0 0 0 0 0 0 0 0 0 0 0 0 0
224000 225000 0 0 0 0 0 0 0 0 0 0 0 0 0 0 0 0 0 0 0 0 0 0 0 0
225000 226000 0 0 0 0 0 0 0 0 0 0 0 0 0 0 0 0 0 0 0 0 0 0 0 0
226000 227000 5 5 3 0 0 0 3 0 0 0 27 0 16 12 0 0 0 0 128 128 128 0 0 1
227000 228000 2 2 1 0 0 0 1 0 0 0 16 15 15 1 840 840 840 0 0 0 0 0 1 0
228000 229000 2 2 2 0 0 0 2 0 0 0 17 15 16 0 840 840 840 0 128 128 128 0 1 1
229000 230000 0 0 0 0 0 0 0 0 0 0 0 0 0 0 0 0 0 0 0 0 0 0 0 0
230000 231000 6 6 12 10361 0 0 16 844 0 0 208 17 85 94 0 0 0 0 0 0 0 0 0 0
231000 232000 1 1 0 0 5 4191 0 0 4 166 97 97 97 0 840 840 840 0 128 128 128 0 1 1
232000 233000 7 7 7 0 0 0 7 0 0 0 19 16 17 0 0 0 0 0 0 0 0 0 0 0
233000 234000 1 1 1 0 0 0 1 0 0 0 15 15 15 0 840 840 840 0 128 128 128 0 1 1
234000 235000 1 1 0 0 0 0 0 0 0 0 12 12 12 0 0 0 0 0 128 128 128 0 0 1
235000 236000 2 2 2 0 0 0 2 32 0 0 293 6 150 203 840 840 840 0 128 128 128 0 1 1
236000 237000 1 1 0 0 0 0 0 6 0 0 54 54 54 0 840 840 840 0 0 0 0 0 1 0
237000 238000 3 3 3 0 0 0 3 0 0 0 18 15 17 1 840 840 840 0 128 128 128 0 1 1
238000 239000 0 0 0 0 0 0 0 0 0 0 0 0 0 0 0 0 0 0 0 0 0 0 0 0
239000 240000 0 0 0 0 0 0 0 0 0 0 0 0 0 0 0 0 0 0 0 0 0 0 0 0
240000 241000 3 3 12 12283 0 0 16 883 0 0 277 121 208 79 840 840 840 0 128 128 128 0 1 1
241000 242000 7 7 12 35 4 2515 19 304 4 164 368 18 144 146 0 0 0 0 0 0 0 0 0 0
242000 243000 4 4 59 3131 0 0 90 105548 0 0 832 23 299 366 840 840 840 0 128 128 128 0 1 1
243000 244000 2 1 57 511 0 0 62 86517 0 0 832 148 490 483 0 0 0 0 0 0 0 0 0 0
244000 245000 3 2 24 131 0 0 19 20313 0 0 406 25 195 193 840 840 840 0 128 128 128 0 1 1
245000 246000 1 1 2 7340 0 0 6 35 0 0 47 47 47 0 0 0 0 0 0 0 0 0 0 0
246000 247000 4 4 47 101034 0 0 91 602 0 0 648 20 181 311 0 0 0 0 0 0 0 0 0 0
247000 248000 2 2 8 4249 0 0 10 539 0 0 182 20 101 113 840 840 840 0 128 128 128 0 1 1
248000 249000 4 4 22 7897 0 0 27 8261 0 0 566 272 427 133 0 0 0 0 128 128 128 0 0 1
249000 250000 3 3 13 4423 0 0 16 3207 0 0 403 397 399 3 840 840 840 0 128 128 128 0 1 1
250000 251000 3 3 13 19375 0 0 17 875 0 0 452 17 292 239 840 840 840 0 0 0 0 0 1 0
251000 252000 0 0 0 0 0 0 0 0 0 0 0 0 0 0 0 0 0 0 0 0 0 0 0 0
252000 253000 0 0 0 0 0 0 0 0 0 0 0 0 0 0 0 0 0 0 0 0 0 0 0 0
253000 254000 0 0 0 0 0 0 0 0 0 0 0 0 0 0 0 0 0 0 0 0 0 0 0 0
254000 255000 0 0 0 0 0 0 0 0 0 0 0 0 0 0 0 0 0 0 0 0 0 0 0 0
255000 256000 0 0 0 0 0 0 0 0 0 0 0 0 0 0 0 0 0 0 0 0 0 0 0 0
256000 257000 0 0 0 0 0 0 0 0 0 0 0 0 0 0 0 0 0 0 0 0 0 0 0 0
257000 258000 0 0 0 0 0 0 0 0 0 0 0 0 0 0 0 0 0 0 0 0 0 0 0 0
258000 259000 0 0 0 0 0 0 0 0 0 0 0 0 0 0 0 0 0 0 0 0 0 0 0 0
259000 260000 2 2 6 0 0 0 7 154 0 0 322 78 200 172 840 840 840 0 128 128 128 0 1 1
260000 261000 2 2 8 11539 0 0 10 844 0 0 208 179 194 20 0 0 0 0 0 0 0 0 0 0
261000 262000 0 0 0 0 0 0 0 0 0 0 0 0 0 0 0 0 0 0 0 0 0 0 0 0
262000 263000 0 0 0 0 0 0 0 0 0 0 0 0 0 0 0 0 0 0 0 0 0 0 0 0
263000 264000 0 0 0 0 0 0 0 0 0 0 0 0 0 0 0 0 0 0 0 0 0 0 0 0
264000 265000 0 0 0 0 0 0 0 0 0 0 0 0 0 0 0 0 0 0 0 0 0 0 0 0
265000 266000 0 0 0 0 0 0 0 0 0 0 0 0 0 0 0 0 0 0 0 0 0 0 0 0
266000 267000 0 0 0 0 0 0 0 0 0 0 0 0 0 0 0 0 0 0 0 0 0 0 0 0
267000 268000 0 0 0 0 0 0 0 0 0 0 0 0 0 0 0 0 0 0 0 0 0 0 0 0
268000 269000 0 0 0 0 0 0 0 0 0 0 0 0 0 0 0 0 0 0 0 0 0 0 0 0
269000 270000 0 0 0 0 0 0 0 0 0 0 0 0 0 0 0 0 0 0 0 0 0 0 0 0
270000 271000 2 2 10 13273 0 0 12 844 0 0 209 202 205 5 840 840 840 0 128 128 128 0 1 1
271000 272000 5 5 3 3628 22 12653 7 159 26 17323 381 38 303 148 0 0 0 0 0 0 0 0 0 0
272000 273000 3 3 4 3687 3 1926 7 171 5 4538 362 75 214 143 840 840 840 0 128 128 128 0 1 1
273000 274000 0 0 0 0 0 0 0 0 0 0 0 0 0 0 0 0 0 0 0 0 0 0 0 0
274000 275000 0 0 0 0 0 0 0 0 0 0 0 0 0 0 0 0 0 0 0 0 0 0 0 0
275000 276000 2 2 2 0 0 0 2 0 0 0 18 16 17 1 0 0 0 0 0 0 0 0 0 0
276000 277000 0 0 0 0 0 0 0 0 0 0 0 0 0 0 0 0 0 0 0 0 0 0 0 0
277000 278000 4 4 1 35 0 0 2 31 0 0 17 0 5 7 840 840 840 0 128 128 128 0 1 1
278000 279000 3 3 2 0 0 0 2 0 0 0 15 9 13 3 840 840 840 0 128 128 128 0 1 1
279000 280000 1 1 1 20 0 0 1 36 0 0 173 173 173 0 0 0 0 0 0 0 0 0 0 0
280000 281000 4 4 10 11411 0 0 13 1305 0 0 417 58 247 182 840 840 840 0 128 128 128 0 1 1
281000 282000 1 1 0 27 0 0 2 47 0 0 200 200 200 0 0 0 0 0 0 0 0 0 0 0
282000 283000 1 1 1 0 0 0 1 0 0 0 22 22 22 0 0 0 0 0 0 0 0 0 0 0
283000 284000 0 0 0 0 0 0 0 0 0 0 0 0 0 0 0 0 0 0 0 0 0 0 0 0
284000 285000 0 0 0 0 0 0 0 0 0 0 0 0 0 0 0 0 0 0 0 0 0 0 0 0
285000 286000 0 0 0 0 0 0 0 0 0 0 0 0 0 0 0 0 0 0 0 0 0 0 0 0
286000 287000 0 0 0 0 0 0 0 0 0 0 0 0 0 0 0 0 0 0 0 0 0 0 0 0
287000 288000 1 1 7 5542 0 0 10 1016 0 0 315 315 315 0 840 840 840 0 128 128 128 0 1 1
288000 289000 1 1 1 0 0 0 1 0 0 0 20 20 20 0 0 0 0 0 0 0 0 0 0 0
289000 290000 0 0 0 0 0 0 0 0 0 0 0 0 0 0 0 0 0 0 0 0 0 0 0 0
290000 291000 3 3 10 11310 0 0 14 1266 0 0 573 24 325 278 0 0 0 0 0 0 0 0 0 0
291000 292000 1 1 1 0 0 0 1 0 0 0 15 15 15 0 0 0 0 0 0 0 0 0 0 0
292000 293000 0 0 0 0 0 0 0 0 0 0 0 0 0 0 0 0 0 0 0 0 0 0 0 0
293000 294000 0 0 0 0 0 0 0 0 0 0 0 0 0 0 0 0 0 0 0 0 0 0 0 0
294000 295000 1 1 1 0 0 0 1 0 0 0 17 17 17 0 0 0 0 0 0 0 0 0 0 0
295000 296000 0 0 0 0 0 0 0 0 0 0 0 0 0 0 0 0 0 0 0 0 0 0 0 0
296000 297000 0 0 0 0 0 0 0 0 0 0 0 0 0 0 0 0 0 0 0 0 0 0 0 0
297000 298000 0 0 0 0 0 0 0 0 0 0 0 0 0 0 0 0 0 0 0 0 0 0 0 0
298000 299000 0 0 0 0 0 0 0 0 0 0 0 0 0 0 0 0 0 0 0 0 0 0 0 0
299000 300000 0 0 0 0 0 0 0 0 0 0 0 0 0 0 0 0 0 0 0 0 0 0 0 0
300000 301000 0 0 0 0 0 0 0 0 0 0 0 0 0 0 0 0 0 0 0 0 0 0 0 0
