ts te nbins ncons c_tcp_packs c_tcp_bytes c_udp_packs c_udp_bytes s_tcp_packs s_tcp_bytes s_udp_packs s_udp_bytes max_bins_span min_bins_span avg_bins_span std_bins_span max_video_rate min_video_rate avg_video_rate std_video_rate max_audio_rate min_audio_rate avg_audio_rate std_audio_rate video_requests audio_requests
0 1000 17 16 94 27608 0 0 125 61436 0 0 732 0 244 264 0 0 0 0 0 0 0 0 0 0
1000 2000 21 20 131 12833 12 4575 184 59201 13 10126 900 0 429 265 0 0 0 0 0 0 0 0 0 0
2000 3000 7 6 10 1703 0 0 14 2797 0 0 355 0 125 145 0 0 0 0 0 0 0 0 0 0
3000 4000 2 2 3 614 0 0 6 1195 0 0 252 180 216 51 0 0 0 0 0 0 0 0 0 0
4000 5000 7 7 54 12500 0 0 73 18384 0 0 727 100 430 220 0 0 0 0 0 0 0 0 0 0
5000 6000 9 8 20 8033 0 0 27 7276 0 0 246 37 136 83 0 0 0 0 0 0 0 0 0 0
6000 7000 3 3 16 8822 0 0 24 6909 0 0 668 156 343 282 0 0 0 0 0 0 0 0 0 0
7000 8000 0 0 0 0 0 0 0 0 0 0 0 0 0 0 0 0 0 0 0 0 0 0 0 0
8000 9000 6 6 25 8597 34 16501 33 12413 41 2718 538 74 220 198 288 288 288 0 128 128 128 0 2 2
9000 10000 7 7 36 12843 27 17342 49 15749 27 15650 883 24 403 269 288 288 288 0 0 0 0 0 1 0
10000 11000 8 7 25 27573 141 126846 38 11972 134 74090 877 18 391 302 288 288 288 0 0 0 0 0 1 0
11000 12000 6 4 1 505 134 136851 2 471 122 35534 872 33 275 305 288 288 288 0 0 0 0 0 1 0
12000 13000 5 4 2 543 141 148643 3 507 116 14020 854 127 354 295 288 288 288 0 0 0 0 0 1 0
13000 14000 2 2 2 543 13 14404 3 507 7 210 269 161 215 76 0 0 0 0 0 0 0 0 0 0
14000 15000 5 5 2 93 39 45709 3 560 24 1087 327 21 149 129 288 288 288 0 0 0 0 0 1 0
15000 16000 1 1 1 449 0 0 2 420 0 0 215 215 215 0 0 0 0 0 0 0 0 0 0 0
16000 17000 0 0 0 0 0 0 0 0 0 0 0 0 0 0 0 0 0 0 0 0 0 0 0 0
17000 18000 0 0 0 0 0 0 0 0 0 0 0 0 0 0 0 0 0 0 0 0 0 0 0 0
18000 19000 0 0 0 0 0 0 0 0 0 0 0 0 0 0 0 0 0 0 0 0 0 0 0 0
19000 20000 3 3 9 5683 40 46540 15 4467 32 910 610 334 434 153 0 0 0 0 0 0 0 0 0 0
20000 21000 2 2 7 6652 0 0 11 844 0 0 334 328 331 3 0 0 0 0 0 0 0 0 0 0
21000 22000 0 0 0 0 0 0 0 0 0 0 0 0 0 0 0 0 0 0 0 0 0 0 0 0
22000 23000 0 0 0 0 0 0 0 0 0 0 0 0 0 0 0 0 0 0 0 0 0 0 0 0
23000 24000 1 1 1 0 0 0 1 0 0 0 33 33 33 0 0 0 0 0 0 0 0 0 0 0
24000 25000 0 0 0 0 0 0 0 0 0 0 0 0 0 0 0 0 0 0 0 0 0 0 0 0
25000 26000 0 0 0 0 0 0 0 0 0 0 0 0 0 0 0 0 0 0 0 0 0 0 0 0
26000 27000 0 0 0 0 0 0 0 0 0 0 0 0 0 0 0 0 0 0 0 0 0 0 0 0
27000 28000 0 0 0 0 0 0 0 0 0 0 0 0 0 0 0 0 0 0 0 0 0 0 0 0
28000 29000 0 0 0 0 0 0 0 0 0 0 0 0 0 0 0 0 0 0 0 0 0 0 0 0
29000 30000 2 2 9 5320 0 0 15 4467 0 0 354 336 345 12 0 0 0 0 0 0 0 0 0 0
30000 31000 4 4 51 121107 0 0 96 872 0 0 709 238 380 221 0 0 0 0 0 0 0 0 0 0
31000 32000 3 2 7 16921 0 0 14 363 0 0 103 23 66 39 0 0 0 0 0 0 0 0 0 0
32000 33000 0 0 0 0 0 0 0 0 0 0 0 0 0 0 0 0 0 0 0 0 0 0 0 0
33000 34000 3 3 3 0 0 0 3 0 0 0 19 19 19 0 0 0 0 0 0 0 0 0 0 0
34000 35000 1 1 0 5 0 0 0 4 0 0 40 40 40 0 0 0 0 0 0 0 0 0 0 0
35000 36000 7 7 5 31 0 0 7 28 0 0 230 15 51 79 288 288 288 0 0 0 0 0 1 0
36000 37000 7 7 3 33 0 0 4 29 0 0 258 0 42 95 0 0 0 0 0 0 0 0 0 0
37000 38000 0 0 0 0 0 0 0 0 0 0 0 0 0 0 0 0 0 0 0 0 0 0 0 0
38000 39000 6 6 7 1394 1 644 9 1017 1 77 268 17 96 90 288 288 288 0 128 128 128 0 2 2
39000 40000 8 7 31 18337 8 5315 46 13830 6 302 923 9 342 346 288 288 288 0 128 128 128 0 2 2
40000 41000 5 4 30 19253 0 0 42 10331 0 0 528 180 344 136 288 288 288 0 128 128 128 0 2 1
41000 42000 2 2 0 0 0 131 0 0 0 165 10 4 7 4 288 288 288 0 128 128 128 0 2 2
42000 43000 2 2 0 0 21 10785 0 0 23 13540 812 537 675 194 288 288 288 0 128 128 128 0 1 2
43000 44000 1 1 0 0 4 2891 0 0 6 2329 113 113 113 0 288 288 288 0 128 128 128 0 1 1
44000 45000 6 6 5 0 6 4148 5 0 8 3341 162 18 43 58 288 288 288 0 128 128 128 0 1 1
45000 46000 2 2 2 0 0 0 2 0 0 0 28 16 22 8 0 0 0 0 0 0 0 0 0 0
46000 47000 13 13 16 3966 0 0 18 242 0 0 383 14 50 100 840 840 840 0 128 128 128 0 2 1
47000 48000 6 6 8 4331 0 0 10 265 0 0 418 3 79 166 0 0 0 0 0 0 0 0 0 0
48000 49000 1 1 1 0 0 0 1 0 0 0 34 34 34 0 840 840 840 0 128 128 128 0 1 1
49000 50000 3 3 2 1042 0 0 3 1169 0 0 102 8 43 50 0 0 0 0 0 0 0 0 0 0
50000 51000 14 14 32 13856 0 0 34 3718 0 0 315 16 78 116 840 840 840 0 128 128 128 0 1 1
51000 52000 1 1 1 0 0 0 1 0 0 0 98 98 98 0 0 0 0 0 0 0 0 0 0 0
52000 53000 0 0 0 0 0 0 0 0 0 0 0 0 0 0 0 0 0 0 0 0 0 0 0 0
53000 54000 0 0 0 0 0 0 0 0 0 0 0 0 0 0 0 0 0 0 0 0 0 0 0 0
54000 55000 1 1 1 0 0 0 1 0 0 0 16 16 16 0 840 840 840 0 128 128 128 0 1 2
55000 56000 0 0 0 0 0 0 0 0 0 0 0 0 0 0 0 0 0 0 0 0 0 0 0 0
56000 57000 3 3 5 2658 0 0 7 2794 0 0 289 15 137 139 840 840 840 0 128 128 128 0 1 1
57000 58000 2 2 5 3048 0 0 9 1683 0 0 676 144 410 376 0 0 0 0 0 0 0 0 0 0
58000 59000 0 0 0 0 0 0 0 0 0 0 0 0 0 0 0 0 0 0 0 0 0 0 0 0
59000 60000 2 2 1 1107 0 0 2 1221 0 0 104 11 57 65 0 0 0 0 0 0 0 0 0 0
60000 61000 14 14 38 26552 0 0 47 4119 0 0 381 20 116 130 840 840 840 0 128 128 128 0 1 1
61000 62000 3 3 4 12 0 0 7 165 0 0 107 21 60 43 0 0 0 0 0 0 0 0 0 0
62000 63000 0 0 0 0 0 0 0 0 0 0 0 0 0 0 0 0 0 0 0 0 0 0 0 0
63000 64000 0 0 0 0 0 0 0 0 0 0 0 0 0 0 0 0 0 0 0 0 0 0 0 0
64000 65000 4 4 30 37036 0 0 37 2748 0 0 330 48 122 139 840 840 840 0 128 128 128 0 1 1
65000 66000 2 1 51 77468 0 0 70 4191 0 0 645 328 486 224 0 0 0 0 0 0 0 0 0 0
66000 67000 2 2 7 6471 0 0 14 154 0 0 404 325 365 55 840 840 840 0 128 128 128 0 1 1
67000 68000 0 0 0 0 0 0 0 0 0 0 0 0 0 0 0 0 0 0 0 0 0 0 0 0
68000 69000 1 1 0 9 0 0 0 7 0 0 78 78 78 0 840 840 840 0 128 128 128 0 1 1
69000 70000 3 3 3 917 0 0 7 1050 0 0 298 104 209 98 0 0 0 0 0 0 0 0 0 0
70000 71000 5 5 26 18410 0 0 41 9914 0 0 476 32 280 159 840 840 840 0 128 128 128 0 1 1
71000 72000 0 0 0 0 0 0 0 0 0 0 0 0 0 0 0 0 0 0 0 0 0 0 0 0
72000 73000 0 0 0 0 0 0 0 0 0 0 0 0 0 0 0 0 0 0 0 0 0 0 0 0
73000 74000 0 0 0 0 0 0 0 0 0 0 0 0 0 0 0 0 0 0 0 0 0 0 0 0
74000 75000 0 0 0 0 0 0 0 0 0 0 0 0 0 0 0 0 0 0 0 0 0 0 0 0
75000 76000 0 0 0 0 0 0 0 0 0 0 0 0 0 0 0 0 0 0 0 0 0 0 0 0
76000 77000 1 1 1 0 0 0 1 0 0 0 17 17 17 0 840 840 840 0 128 128 128 0 1 1
77000 78000 0 0 0 0 0 0 0 0 0 0 0 0 0 0 0 0 0 0 0 0 0 0 0 0
78000 79000 0 0 0 0 0 0 0 0 0 0 0 0 0 0 0 0 0 0 0 0 0 0 0 0
79000 80000 0 0 0 0 0 0 0 0 0 0 0 0 0 0 0 0 0 0 0 0 0 0 0 0
80000 81000 3 3 8 5337 0 0 11 499 0 0 277 23 108 146 840 840 840 0 128 128 128 0 1 1
81000 82000 0 0 0 0 0 0 0 0 0 0 0 0 0 0 0 0 0 0 0 0 0 0 0 0
82000 83000 0 0 0 0 0 0 0 0 0 0 0 0 0 0 0 0 0 0 0 0 0 0 0 0
83000 84000 1 1 1 0 0 0 1 0 0 0 25 25 25 0 0 0 0 0 0 0 0 0 0 0
84000 85000 0 0 0 0 0 0 0 0 0 0 0 0 0 0 0 0 0 0 0 0 0 0 0 0
85000 86000 1 1 1 0 0 0 1 0 0 0 25 25 25 0 0 0 0 0 0 0 0 0 0 0
86000 87000 1 1 5 2289 0 0 7 381 0 0 385 385 385 0 288 288 288 0 128 128 128 0 1 1
87000 88000 1 1 1 760 0 0 2 126 0 0 128 128 128 0 0 0 0 0 0 0 0 0 0 0
88000 89000 0 0 0 0 0 0 0 0 0 0 0 0 0 0 0 0 0 0 0 0 0 0 0 0
89000 90000 0 0 0 0 0 0 0 0 0 0 0 0 0 0 0 0 0 0 0 0 0 0 0 0
90000 91000 2 2 4 6049 0 0 8 434 0 0 292 112 202 127 0 0 0 0 0 0 0 0 0 0
91000 92000 3 3 2 20 0 0 3 18 0 0 160 33 75 73 0 0 0 0 0 0 0 0 0 0
92000 93000 0 0 0 0 0 0 0 0 0 0 0 0 0 0 0 0 0 0 0 0 0 0 0 0
93000 94000 11 11 11 0 0 0 11 0 0 0 25 18 22 2 0 0 0 0 0 0 0 0 0 0
94000 95000 0 0 0 0 0 0 0 0 0 0 0 0 0 0 0 0 0 0 0 0 0 0 0 0
95000 96000 4 4 4 0 0 0 4 0 0 0 22 22 22 0 0 0 0 0 128 128 128 0 0 1
96000 97000 1 1 1 35 0 0 3 31 0 0 244 244 244 0 288 288 288 0 128 128 128 0 1 1
97000 98000 1 1 1 0 0 0 1 0 0 0 18 18 18 0 0 0 0 0 0 0 0 0 0 0
98000 99000 1 1 0 1 0 0 0 1 0 0 15 15 15 0 288 288 288 0 128 128 128 0 1 1
99000 100000 3 3 2 68 0 0 6 60 0 0 272 19 187 146 0 0 0 0 0 0 0 0 0 0
100000 101000 1 1 4 5046 0 0 6 422 0 0 274 274 274 0 288 288 288 0 128 128 128 0 1 1
101000 102000 2 2 0 0 5 3386 0 0 6 3419 41 34 37 4 0 0 0 0 0 0 0 0 0 0
102000 103000 2 2 0 0 8 4558 0 0 9 4604 54 47 51 4 288 288 288 0 128 128 128 0 1 1
103000 104000 0 0 0 0 0 0 0 0 0 0 0 0 0 0 0 0 0 0 0 0 0 0 0 0
104000 105000 5 5 0 0 25 14332 0 0 29 11519 208 117 166 36 288 288 288 0 128 128 128 0 1 1
105000 106000 7 7 2 0 36 20452 3 0 39 14551 696 22 213 222 0 0 0 0 0 0 0 0 0 0
106000 107000 0 0 0 0 0 0 0 0 0 0 0 0 0 0 0 0 0 0 0 0 0 0 0 0
107000 108000 0 0 0 0 0 0 0 0 0 0 0 0 0 0 0 0 0 0 0 0 0 0 0 0
108000 109000 0 0 0 0 0 0 0 0 0 0 0 0 0 0 0 0 0 0 0 0 0 0 0 0
109000 110000 1 1 0 0 21 16970 0 0 17 7701 227 227 227 0 0 0 0 0 0 0 0 0 0 0
110000 111000 2 2 7 7509 0 0 11 844 0 0 528 287 407 170 288 288 288 0 128 128 128 0 1 1
111000 112000 4 4 4 0 0 0 7 0 0 0 21 18 20 1 0 0 0 0 0 0 0 0 0 0
112000 113000 2 2 2 0 0 0 4 0 0 0 28 21 25 4 0 0 0 0 0 0 0 0 0 0
113000 114000 1 1 1 0 0 0 2 0 0 0 27 27 27 0 0 0 0 0 0 0 0 0 0 0
114000 115000 0 0 0 0 0 0 0 0 0 0 0 0 0 0 0 0 0 0 0 0 0 0 0 0
115000 116000 5 5 5 0 0 0 8 0 0 0 42 20 30 8 0 0 0 0 0 0 0 0 0 0
116000 117000 3 3 3 0 0 0 6 0 0 0 30 23 27 3 0 0 0 0 0 0 0 0 0 0
117000 118000 0 0 0 0 0 0 0 0 0 0 0 0 0 0 0 0 0 0 0 0 0 0 0 0
118000 119000 0 0 0 0 0 0 0 0 0 0 0 0 0 0 0 0 0 0 0 0 0 0 0 0
119000 120000 1 1 1 0 0 0 2 0 0 0 78 78 78 0 288 288 288 0 128 128 128 0 2 1
120000 121000 5 5 9 4026 0 0 10 430 0 0 652 57 235 255 288 288 288 0 128 128 128 0 2 2
121000 122000 5 5 10 1619 0 0 13 1269 0 0 264 7 159 119 288 288 288 0 128 128 128 0 1 2
122000 123000 6 6 53 8307 0 0 96 168292 0 0 900 0 252 354 0 0 0 0 0 0 0 0 0 0
123000 124000 3 2 15 605 0 0 11 18009 0 0 490 9 186 264 288 288 288 0 128 128 128 0 1 1
124000 125000 2 2 20 32107 0 0 25 100 0 0 388 0 194 274 288 288 288 0 128 128 128 0 1 1
125000 126000 4 3 53 74647 0 0 73 2343 0 0 604 35 295 250 0 0 0 0 0 0 0 0 0 0
126000 127000 4 4 18 11083 0 0 27 5159 0 0 386 93 280 137 288 288 288 0 128 128 128 0 1 1
127000 128000 2 2 1 724 0 0 2 131 0 0 134 0 67 95 0 0 0 0 0 0 0 0 0 0
128000 129000 0 0 0 0 0 0 0 0 0 0 0 0 0 0 0 0 0 0 0 0 0 0 0 0
129000 130000 6 6 4 1249 6 6277 9 1412 4 172 257 0 120 111 0 0 0 0 0 0 0 0 0 0
130000 131000 5 5 29 25065 0 0 45 9536 0 0 443 20 269 157 840 840 840 0 128 128 128 0 1 2
131000 132000 1 1 1 0 0 0 1 0 0 0 66 66 66 0 288 288 288 0 0 0 0 0 1 0
132000 133000 0 0 0 0 0 0 0 0 0 0 0 0 0 0 0 0 0 0 0 0 0 0 0 0
133000 134000 0 0 0 0 0 0 0 0 0 0 0 0 0 0 0 0 0 0 0 0 0 0 0 0
134000 135000 0 0 0 0 0 0 0 0 0 0 0 0 0 0 0 0 0 0 0 0 0 0 0 0
135000 136000 0 0 0 0 0 0 0 0 0 0 0 0 0 0 0 0 0 0 0 0 0 0 0 0
136000 137000 1 1 3 0 0 0 3 77 0 0 19 19 19 0 480 480 480 0 128 128 128 0 2 1
137000 138000 0 0 0 0 0 0 0 0 0 0 0 0 0 0 0 0 0 0 0 0 0 0 0 0
138000 139000 0 0 0 0 0 0 0 0 0 0 0 0 0 0 0 0 0 0 0 0 0 0 0 0
139000 140000 0 0 0 0 0 0 0 0 0 0 0 0 0 0 0 0 0 0 0 0 0 0 0 0
140000 141000 3 3 9 7447 0 0 11 499 0 0 644 25 321 309 480 480 480 0 128 128 128 0 1 1
141000 142000 1 1 1 0 0 0 0 0 0 0 320 320 320 0 0 0 0 0 0 0 0 0 0 0
142000 143000 1 1 0 0 0 0 0 0 0 0 0 0 0 0 480 480 480 0 128 128 128 0 1 1
143000 144000 1 1 1 0 0 0 1 0 0 0 69 69 69 0 0 0 0 0 0 0 0 0 0 0
144000 145000 1 1 0 0 0 0 0 0 0 0 0 0 0 0 480 480 480 0 128 128 128 0 1 1
145000 146000 0 0 0 0 0 0 0 0 0 0 0 0 0 0 0 0 0 0 0 0 0 0 0 0
146000 147000 0 0 0 0 0 0 0 0 0 0 0 0 0 0 0 0 0 0 0 0 0 0 0 0
147000 148000 0 0 0 0 0 0 0 0 0 0 0 0 0 0 0 0 0 0 0 0 0 0 0 0
148000 149000 1 1 0 0 0 0 0 0 0 0 0 0 0 0 480 480 480 0 128 128 128 0 1 1
149000 150000 1 1 0 0 0 0 0 0 0 0 0 0 0 0 0 0 0 0 0 0 0 0 0 0
150000 151000 4 4 6 5066 1 1542 6 423 1 589 639 12 250 283 480 480 480 0 128 128 128 0 1 1
151000 152000 3 3 1 33 12 10027 2 29 10 3831 472 232 336 123 0 0 0 0 0 0 0 0 0 0
152000 153000 1 1 0 0 0 0 0 0 0 0 0 0 0 0 480 480 480 0 128 128 128 0 1 1
153000 154000 0 0 0 0 0 0 0 0 0 0 0 0 0 0 0 0 0 0 0 0 0 0 0 0
154000 155000 2 2 0 0 7 5388 0 0 4 172 131 0 65 93 480 480 480 0 128 128 128 0 1 1
155000 156000 2 2 1 0 6 3634 2 0 7 2881 76 54 65 15 0 0 0 0 0 0 0 0 0 0
156000 157000 2 2 1 35 5 3519 3 31 7 2790 248 74 161 123 840 840 840 0 128 128 128 0 1 1
157000 158000 0 0 0 0 0 0 0 0 0 0 0 0 0 0 0 0 0 0 0 0 0 0 0 0
158000 159000 1 1 0 0 0 0 0 0 0 0 0 0 0 0 480 480 480 0 128 128 128 0 1 1
159000 160000 4 4 1 69 6 3349 5 61 4 241 302 0 190 141 480 480 480 0 128 128 128 0 1 1
160000 161000 3 3 8 9433 0 0 12 844 0 0 292 2 195 166 480 480 480 0 128 128 128 0 1 1
161000 162000 0 0 0 0 0 0 0 0 0 0 0 0 0 0 0 0 0 0 0 0 0 0 0 0
162000 163000 2 2 0 0 14 7935 0 0 16 8022 81 79 80 1 840 840 840 0 128 128 128 0 1 1
163000 164000 0 0 0 0 0 0 0 0 0 0 0 0 0 0 0 0 0 0 0 0 0 0 0 0
164000 165000 0 0 0 0 0 0 0 0 0 0 0 0 0 0 0 0 0 0 0 0 0 0 0 0
165000 166000 0 0 0 0 0 0 0 0 0 0 0 0 0 0 0 0 0 0 0 0 0 0 0 0
166000 167000 1 1 5 3348 0 0 7 397 0 0 381 381 381 0 840 840 840 0 128 128 128 0 1 1
167000 168000 2 2 2 930 0 0 2 110 0 0 105 21 63 59 0 0 0 0 0 0 0 0 0 0
168000 169000 0 0 0 0 0 0 0 0 0 0 0 0 0 0 0 0 0 0 0 0 0 0 0 0
169000 170000 1 1 1 0 0 0 1 0 0 0 17 17 17 0 0 0 0 0 0 0 0 0 0 0
170000 171000 1 1 4 6345 0 0 7 422 0 0 272 272 272 0 840 840 840 0 128 128 128 0 1 1
171000 172000 1 1 1 0 0 0 1 0 0 0 17 17 17 0 0 0 0 0 0 0 0 0 0 0
172000 173000 0 0 0 0 0 0 0 0 0 0 0 0 0 0 0 0 0 0 0 0 0 0 0 0
173000 174000 0 0 0 0 0 0 0 0 0 0 0 0 0 0 0 0 0 0 0 0 0 0 0 0
174000 175000 0 0 0 0 0 0 0 0 0 0 0 0 0 0 0 0 0 0 0 0 0 0 0 0
175000 176000 1 1 1 0 0 0 1 0 0 0 20 20 20 0 0 0 0 0 0 0 0 0 0 0
176000 177000 0 0 0 0 0 0 0 0 0 0 0 0 0 0 0 0 0 0 0 0 0 0 0 0
177000 178000 5 5 0 0 26 11366 0 0 31 10251 139 73 96 25 0 0 0 0 0 0 0 0 0 0
178000 179000 3 3 0 0 7 3361 0 0 8 3221 52 5 32 23 840 840 840 0 128 128 128 0 1 1
179000 180000 1 1 0 0 10 7921 0 0 8 258 175 175 175 0 0 0 0 0 0 0 0 0 0 0
180000 181000 2 2 7 7517 0 0 11 844 0 0 278 275 277 2 0 0 0 0 0 0 0 0 0 0
181000 182000 1 1 1 35 0 0 3 31 0 0 259 259 259 0 0 0 0 0 0 0 0 0 0 0
182000 183000 0 0 0 0 0 0 0 0 0 0 0 0 0 0 0 0 0 0 0 0 0 0 0 0
183000 184000 0 0 0 0 0 0 0 0 0 0 0 0 0 0 0 0 0 0 0 0 0 0 0 0
184000 185000 1 1 16 21162 0 0 18 70 0 0 392 392 392 0 288 288 288 0 128 128 128 0 1 2
185000 186000 2 1 40 54470 0 0 49 148 0 0 562 375 469 131 0 0 0 0 0 0 0 0 0 0
186000 187000 3 2 38 50294 0 0 49 217 0 0 619 262 415 184 288 288 288 0 128 128 128 0 1 1
187000 188000 2 1 11 15372 0 0 14 157 0 0 530 0 265 375 0 0 0 0 0 0 0 0 0 0
188000 189000 0 0 0 0 0 0 0 0 0 0 0 0 0 0 0 0 0 0 0 0 0 0 0 0
189000 190000 3 3 3 1107 0 0 8 1268 0 0 306 101 209 102 0 0 0 0 0 0 0 0 0 0
190000 191000 5 5 25 18598 0 0 37 9664 0 0 717 51 383 275 480 480 480 0 128 128 128 0 1 1
191000 192000 1 1 0 502 0 0 0 29 0 0 45 45 45 0 0 0 0 0 0 0 0 0 0 0
192000 193000 0 0 0 0 0 0 0 0 0 0 0 0 0 0 0 0 0 0 0 0 0 0 0 0
193000 194000 0 0 0 0 0 0 0 0 0 0 0 0 0 0 0 0 0 0 0 0 0 0 0 0
194000 195000 0 0 0 0 0 0 0 0 0 0 0 0 0 0 0 0 0 0 0 0 0 0 0 0
195000 196000 0 0 0 0 0 0 0 0 0 0 0 0 0 0 0 0 0 0 0 0 0 0 0 0
196000 197000 0 0 0 0 0 0 0 0 0 0 0 0 0 0 0 0 0 0 0 0 0 0 0 0
197000 198000 0 0 0 0 0 0 0 0 0 0 0 0 0 0 0 0 0 0 0 0 0 0 0 0
198000 199000 0 0 0 0 0 0 0 0 0 0 0 0 0 0 0 0 0 0 0 0 0 0 0 0
199000 200000 1 1 0 0 6 4435 0 0 5 187 152 152 152 0 480 480 480 0 0 0 0 0 1 0
200000 201000 3 3 10 7915 0 0 14 921 0 0 271 55 198 124 480 480 480 0 128 128 128 0 1 1
201000 202000 0 0 0 0 0 0 0 0 0 0 0 0 0 0 0 0 0 0 0 0 0 0 0 0
202000 203000 1 1 0 0 2 963 0 0 3 141 104 104 104 0 480 480 480 0 128 128 128 0 1 1
203000 204000 0 0 0 0 0 0 0 0 0 0 0 0 0 0 0 0 0 0 0 0 0 0 0 0
204000 205000 1 1 0 0 5 3133 0 0 4 170 105 105 105 0 480 480 480 0 128 128 128 0 1 1
205000 206000 0 0 0 0 0 0 0 0 0 0 0 0 0 0 0 0 0 0 0 0 0 0 0 0
206000 207000 1 1 4 2578 0 0 6 397 0 0 382 382 382 0 480 480 480 0 128 128 128 0 1 1
207000 208000 2 2 1 720 10 4654 1 110 13 4372 139 107 123 22 0 0 0 0 0 0 0 0 0 0
208000 209000 0 0 0 0 0 0 0 0 0 0 0 0 0 0 0 0 0 0 0 0 0 0 0 0
209000 210000 1 1 0 0 5 3163 0 0 4 174 199 199 199 0 0 0 0 0 0 0 0 0 0 0
210000 211000 2 2 7 8287 0 0 11 844 0 0 289 260 275 20 840 840 840 0 128 128 128 0 1 1
211000 212000 1 1 1 35 0 0 3 31 0 0 297 297 297 0 0 0 0 0 0 0 0 0 0 0
212000 213000 0 0 0 0 0 0 0 0 0 0 0 0 0 0 0 0 0 0 0 0 0 0 0 0
213000 214000 0 0 0 0 0 0 0 0 0 0 0 0 0 0 0 0 0 0 0 0 0 0 0 0
214000 215000 3 3 2 0 4 2340 2 0 4 166 106 16 46 51 840 840 840 0 128 128 128 0 1 1
215000 216000 0 0 0 0 0 0 0 0 0 0 0 0 0 0 0 0 0 0 0 0 0 0 0 0
216000 217000 1 1 1 35 0 0 3 31 0 0 246 246 246 0 840 840 840 0 128 128 128 0 1 1
217000 218000 0 0 0 0 0 0 0 0 0 0 0 0 0 0 0 0 0 0 0 0 0 0 0 0
218000 219000 0 0 0 0 0 0 0 0 0 0 0 0 0 0 0 0 0 0 0 0 0 0 0 0
219000 220000 2 2 1 60 0 0 5 53 0 0 315 186 251 91 0 0 0 0 0 0 0 0 0 0
220000 221000 3 3 7 7902 0 0 11 852 0 0 294 72 211 121 840 840 840 0 128 128 128 0 1 1
221000 222000 0 0 0 0 0 0 0 0 0 0 0 0 0 0 0 0 0 0 0 0 0 0 0 0
222000 223000 2 2 0 0 16 10437 0 0 20 10599 86 69 78 11 840 840 840 0 128 128 128 0 1 1
223000 224000 0 0 0 0 0 0 0 0 0 0 0 0 0 0 0 0 0 0 0 0 0 0 0 0
224000 225000 0 0 0 0 0 0 0 0 0 0 0 0 0 0 0 0 0 0 0 0 0 0 0 0
225000 226000 0 0 0 0 0 0 0 0 0 0 0 0 0 0 0 0 0 0 0 0 0 0 0 0
226000 227000 0 0 0 0 0 0 0 0 0 0 0 0 0 0 0 0 0 0 0 0 0 0 0 0
227000 228000 0 0 0 0 0 0 0 0 0 0 0 0 0 0 0 0 0 0 0 0 0 0 0 0
228000 229000 0 0 0 0 0 0 0 0 0 0 0 0 0 0 0 0 0 0 0 0 0 0 0 0
229000 230000 0 0 0 0 0 0 0 0 0 0 0 0 0 0 0 0 0 0 0 0 0 0 0 0
230000 231000 1 1 4 5353 0 0 7 422 0 0 273 273 273 0 840 840 840 0 128 128 128 0 1 1
231000 232000 0 0 0 0 0 0 0 0 0 0 0 0 0 0 0 0 0 0 0 0 0 0 0 0
232000 233000 0 0 0 0 0 0 0 0 0 0 0 0 0 0 0 0 0 0 0 0 0 0 0 0
233000 234000 0 0 0 0 0 0 0 0 0 0 0 0 0 0 0 0 0 0 0 0 0 0 0 0
234000 235000 1 1 1 0 0 0 1 0 0 0 17 17 17 0 840 840 840 0 128 128 128 0 1 1
235000 236000 3 3 3 0 0 0 5 0 0 0 58 20 43 20 0 0 0 0 0 0 0 0 0 0
236000 237000 0 0 0 0 0 0 0 0 0 0 0 0 0 0 0 0 0 0 0 0 0 0 0 0
237000 238000 0 0 0 0 0 0 0 0 0 0 0 0 0 0 0 0 0 0 0 0 0 0 0 0
238000 239000 0 0 0 0 0 0 0 0 0 0 0 0 0 0 0 0 0 0 0 0 0 0 0 0
239000 240000 0 0 0 0 0 0 0 0 0 0 0 0 0 0 0 0 0 0 0 0 0 0 0 0
240000 241000 1 1 5 5072 0 0 7 444 0 0 287 287 287 0 840 840 840 0 128 128 128 0 1 1
241000 242000 3 3 12 2353 0 0 18 9317 0 0 310 39 211 149 0 0 0 0 0 0 0 0 0 0
242000 243000 2 2 88 7388 0 0 132 175642 0 0 888 103 496 555 0 0 0 0 0 0 0 0 0 0
243000 244000 1 1 0 0 0 0 0 0 0 0 0 0 0 0 840 840 840 0 128 128 128 0 1 1
244000 245000 1 1 19 26123 0 0 21 83 0 0 390 390 390 0 480 480 480 0 128 128 128 0 1 1
245000 246000 2 1 46 61724 0 0 53 179 0 0 607 388 498 154 0 0 0 0 0 0 0 0 0 0
246000 247000 5 4 49 41240 0 0 63 7281 0 0 608 260 404 127 480 480 480 0 128 128 128 0 1 1
247000 248000 2 2 3 1424 0 0 5 189 0 0 282 107 194 123 0 0 0 0 0 0 0 0 0 0
248000 249000 0 0 0 0 0 0 0 0 0 0 0 0 0 0 0 0 0 0 0 0 0 0 0 0
249000 250000 3 3 3 809 0 0 7 915 0 0 252 97 168 78 480 480 480 0 128 128 128 0 1 1
250000 251000 5 5 27 23219 0 0 45 4806 0 0 816 149 385 253 288 288 288 0 128 128 128 0 1 1
251000 252000 0 0 0 0 0 0 0 0 0 0 0 0 0 0 0 0 0 0 0 0 0 0 0 0
252000 253000 0 0 0 0 0 0 0 0 0 0 0 0 0 0 0 0 0 0 0 0 0 0 0 0
253000 254000 0 0 0 0 0 0 0 0 0 0 0 0 0 0 0 0 0 0 0 0 0 0 0 0
254000 255000 0 0 0 0 0 0 0 0 0 0 0 0 0 0 0 0 0 0 0 0 0 0 0 0
255000 256000 0 0 0 0 0 0 0 0 0 0 0 0 0 0 0 0 0 0 0 0 0 0 0 0
256000 257000 1 1 3 0 0 0 3 77 0 0 21 21 21 0 840 840 840 0 128 128 128 0 1 1
257000 258000 0 0 0 0 0 0 0 0 0 0 0 0 0 0 0 0 0 0 0 0 0 0 0 0
258000 259000 0 0 0 0 0 0 0 0 0 0 0 0 0 0 0 0 0 0 0 0 0 0 0 0
259000 260000 0 0 0 0 0 0 0 0 0 0 0 0 0 0 0 0 0 0 0 0 0 0 0 0
260000 261000 2 2 8 6799 0 0 11 499 0 0 293 71 182 156 840 840 840 0 128 128 128 0 1 1
261000 262000 0 0 0 0 0 0 0 0 0 0 0 0 0 0 0 0 0 0 0 0 0 0 0 0
262000 263000 0 0 0 0 0 0 0 0 0 0 0 0 0 0 0 0 0 0 0 0 0 0 0 0
263000 264000 0 0 0 0 0 0 0 0 0 0 0 0 0 0 0 0 0 0 0 0 0 0 0 0
264000 265000 6 6 0 0 76 48030 0 0 83 36048 316 124 197 73 0 0 0 0 0 0 0 0 0 0
265000 266000 0 0 0 0 0 0 0 0 0 0 0 0 0 0 0 0 0 0 0 0 0 0 0 0
266000 267000 0 0 0 0 0 0 0 0 0 0 0 0 0 0 0 0 0 0 0 0 0 0 0 0
267000 268000 0 0 0 0 0 0 0 0 0 0 0 0 0 0 0 0 0 0 0 0 0 0 0 0
268000 269000 0 0 0 0 0 0 0 0 0 0 0 0 0 0 0 0 0 0 0 0 0 0 0 0
269000 270000 1 1 0 0 4 2558 0 0 3 143 132 132 132 0 0 0 0 0 0 0 0 0 0 0
270000 271000 2 2 7 5931 0 0 10 844 0 0 280 265 273 10 480 480 480 0 128 128 128 0 1 1
271000 272000 1 1 1 35 0 0 3 31 0 0 282 282 282 0 480 480 480 0 128 128 128 0 1 1
272000 273000 0 0 0 0 0 0 0 0 0 0 0 0 0 0 0 0 0 0 0 0 0 0 0 0
273000 274000 0 0 0 0 0 0 0 0 0 0 0 0 0 0 0 0 0 0 0 0 0 0 0 0
274000 275000 0 0 0 0 0 0 0 0 0 0 0 0 0 0 0 0 0 0 0 0 0 0 0 0
275000 276000 0 0 0 0 0 0 0 0 0 0 0 0 0 0 0 0 0 0 0 0 0 0 0 0
276000 277000 1 1 1 35 0 0 3 31 0 0 274 274 274 0 288 288 288 0 128 128 128 0 1 1
277000 278000 0 0 0 0 0 0 0 0 0 0 0 0 0 0 0 0 0 0 0 0 0 0 0 0
278000 279000 0 0 0 0 0 0 0 0 0 0 0 0 0 0 0 0 0 0 0 0 0 0 0 0
279000 280000 3 3 1 44 5 3442 3 39 3 149 299 70 176 115 0 0 0 0 128 128 128 0 0 1
280000 281000 3 3 8 10390 0 0 15 866 0 0 309 198 256 55 288 288 288 0 128 128 128 0 1 1
281000 282000 0 0 0 0 0 0 0 0 0 0 0 0 0 0 0 0 0 0 0 0 0 0 0 0
282000 283000 2 2 0 0 16 10443 0 0 19 10556 89 81 85 5 840 840 840 0 128 128 128 0 1 1
283000 284000 0 0 0 0 0 0 0 0 0 0 0 0 0 0 0 0 0 0 0 0 0 0 0 0
284000 285000 1 1 0 0 4 2542 0 0 4 164 236 236 236 0 840 840 840 0 128 128 128 0 1 1
285000 286000 0 0 0 0 0 0 0 0 0 0 0 0 0 0 0 0 0 0 0 0 0 0 0 0
286000 287000 1 1 5 3365 0 0 7 423 0 0 386 386 386 0 840 840 840 0 128 128 128 0 1 1
287000 288000 3 3 2 670 3 2023 2 84 3 195 203 17 99 95 0 0 0 0 0 0 0 0 0 0
288000 289000 1 1 1 0 0 0 1 0 0 0 18 18 18 0 840 840 840 0 128 128 128 0 1 1
289000 290000 1 1 0 0 4 2865 0 0 3 149 118 118 118 0 0 0 0 0 0 0 0 0 0 0
290000 291000 2 2 8 8657 0 0 12 844 0 0 287 285 286 1 840 840 840 0 128 128 128 0 1 1
291000 292000 0 0 0 0 0 0 0 0 0 0 0 0 0 0 0 0 0 0 0 0 0 0 0 0
292000 293000 2 2 1 0 4 1589 1 0 5 165 93 20 56 51 840 840 840 0 128 128 128 0 1 1
293000 294000 0 0 0 0 0 0 0 0 0 0 0 0 0 0 0 0 0 0 0 0 0 0 0 0
294000 295000 0 0 0 0 0 0 0 0 0 0 0 0 0 0 0 0 0 0 0 0 0 0 0 0
295000 296000 1 1 1 0 0 0 1 0 0 0 25 25 25 0 840 840 840 0 0 0 0 0 1 0
296000 297000 0 0 0 0 0 0 0 0 0 0 0 0 0 0 0 0 0 0 0 0 0 0 0 0
297000 298000 0 0 0 0 0 0 0 0 0 0 0 0 0 0 0 0 0 0 0 0 0 0 0 0
298000 299000 0 0 0 0 0 0 0 0 0 0 0 0 0 0 0 0 0 0 0 0 0 0 0 0
299000 300000 0 0 0 0 0 0 0 0 0 0 0 0 0 0 0 0 0 0 0 0 0 0 0 0
300000 301000 0 0 0 0 0 0 0 0 0 0 0 0 0 0 0 0 0 0 0 0 0 0 0 0
