ts te nbins ncons c_tcp_packs c_tcp_bytes c_udp_packs c_udp_bytes s_tcp_packs s_tcp_bytes s_udp_packs s_udp_bytes max_bins_span min_bins_span avg_bins_span std_bins_span max_video_rate min_video_rate avg_video_rate std_video_rate max_audio_rate min_audio_rate avg_audio_rate std_audio_rate video_requests audio_requests
0 10000 8 2 9 1896 251 28484 12 8100 499 693434 998 140 817 333 480 288 342 93 128 128 128 0 7 7
10000 20000 8 1 0 0 375 29989 0 0 502 691820 998 564 910 149 4400 288 1830 2128 128 128 128 0 8 7
20000 30000 11 1 0 0 578 41741 0 0 673 950296 999 71 896 277 288 288 288 0 128 128 128 0 8 8
30000 40000 12 2 2 0 515 36580 2 24 702 986205 999 67 689 392 480 288 397 102 128 128 128 0 7 7
40000 50000 11 2 1 0 742 46938 1 0 1274 1822061 999 15 777 328 8000 480 3390 3820 128 128 128 0 8 6
50000 60000 10 1 0 0 1112 69384 0 0 1967 2812365 999 376 881 221 2300 840 1862 705 128 128 128 0 10 12
60000 70000 11 1 0 0 1236 68331 0 0 2304 3315514 998 349 903 215 2300 2300 2300 0 128 128 128 0 5 5
70000 80000 11 1 0 0 1219 67345 0 0 2222 3206664 999 241 880 238 2300 2300 2300 0 128 128 128 0 5 5
80000 90000 11 1 0 0 1255 68963 0 0 2327 3355256 998 218 904 238 2300 2300 2300 0 128 128 128 0 6 6
90000 100000 10 1 0 0 1228 68687 0 0 2228 3196800 999 726 923 109 2300 2300 2300 0 128 128 128 0 5 5
100000 110000 11 1 0 0 1201 66912 0 0 2189 3137468 999 199 869 280 2300 2300 2300 0 128 128 128 0 5 5
110000 120000 11 1 0 0 1153 66030 0 0 2180 3146100 999 392 903 212 2300 2300 2300 0 128 128 128 0 5 5
120000 130000 10 1 0 0 1221 69411 0 0 2255 3264187 999 606 922 151 2300 2300 2300 0 128 128 128 0 5 5
130000 140000 11 1 0 0 1214 68853 0 0 2242 3239030 999 300 862 272 2300 2300 2300 0 128 128 128 0 6 6
140000 150000 10 1 0 0 1214 69910 0 0 2204 3165813 999 699 946 106 2300 2300 2300 0 128 128 128 0 5 5
150000 160000 11 1 0 0 1311 76612 0 0 2373 3410792 999 199 904 243 2300 2300 2300 0 128 128 128 0 5 5
160000 170000 11 1 0 0 1196 69065 0 0 2196 3172474 999 223 895 234 2300 2300 2300 0 128 128 128 0 5 5
170000 180000 11 1 0 0 1165 71022 0 0 2147 3088475 999 253 832 296 2300 2300 2300 0 128 128 128 0 7 7
180000 190000 11 1 0 0 1225 69246 0 0 2298 3318190 999 253 901 234 2300 2300 2300 0 128 128 128 0 5 5
190000 200000 11 1 0 0 1190 68045 0 0 2213 3173364 999 231 904 235 2300 2300 2300 0 128 128 128 0 6 6
200000 210000 11 1 0 0 1228 69827 0 0 2262 3252537 999 157 891 253 2300 2300 2300 0 128 128 128 0 5 5
210000 220000 10 1 0 0 1224 70196 0 0 2289 3303552 999 798 958 74 2300 2300 2300 0 128 128 128 0 5 5
220000 230000 11 1 0 0 1248 72744 0 0 2257 3247249 999 197 904 243 2300 2300 2300 0 128 128 128 0 5 5
230000 240000 11 1 0 0 1220 71283 0 0 2247 3235926 999 225 903 238 2300 2300 2300 0 128 128 128 0 6 6
240000 250000 11 1 0 0 1260 71956 0 0 2251 3242270 998 259 876 241 2300 2300 2300 0 128 128 128 0 5 5
250000 260000 11 1 0 0 1245 70489 0 0 2270 3276344 999 410 867 238 2300 2300 2300 0 128 128 128 0 5 5
260000 270000 11 1 0 0 1254 70082 0 0 2279 3285974 999 386 904 211 2300 2300 2300 0 128 128 128 0 5 5
270000 280000 11 1 0 0 1065 62220 0 0 1914 2763457 999 98 846 336 2300 2300 2300 0 128 128 128 0 5 5
280000 290000 11 1 0 0 1293 75140 0 0 2353 3392421 999 218 903 238 2300 2300 2300 0 128 128 128 0 6 6
290000 300000 11 1 0 0 1200 68976 0 0 2203 3154936 999 184 902 246 2300 2300 2300 0 128 128 128 0 5 5
