ts te nbins ncons c_pkts_all c_bytes_all s_pkts_all s_bytes_all max_bin min_bin avg_bin std_bin max_vid min_vid avg_vid std_vid max_aud min_aud avg_aud std_aud num_vid num_aud num_mfs
0 10000 5 1 621 48212 1646 1956736 999 532 904 208 840 840 840 0 128 128 128 0 6 7 2
10000 20000 10 1 1287 75395 2449 2915906 999 280 870 265 2300 840 1488 769 128 128 128 0 9 8 4
20000 30000 10 1 1323 70748 2495 2977783 997 150 867 269 2300 2300 2300 0 128 128 128 0 5 5 3
30000 40000 11 1 1494 77685 2819 3373584 999 163 894 258 2300 2300 2300 0 128 128 128 0 5 5 3
40000 50000 11 1 1357 73555 2585 3083335 999 242 894 244 2300 2300 2300 0 128 128 128 0 6 6 3
50000 60000 11 1 1371 72257 2634 3142123 999 377 904 211 2300 2300 2300 0 128 128 128 0 6 6 4
60000 70000 11 1 1378 74625 2576 3247703 998 398 903 210 2300 2300 2300 0 128 128 128 0 5 5 4
70000 80000 11 1 1221 67654 2299 3245598 999 427 904 207 2300 2300 2300 0 128 128 128 0 5 5 3
80000 90000 9 1 964 54035 1822 2564552 999 354 857 278 2300 2300 2300 0 128 128 128 0 4 4 3
90000 100000 10 1 1211 70858 2287 3212942 999 768 974 72 2300 1500 1957 427 128 128 128 0 7 7 3
100000 110000 10 1 855 50800 1591 2223802 999 223 753 328 1500 1500 1500 0 128 128 128 0 6 6 4
110000 120000 10 1 862 53393 1606 2257627 999 162 758 329 2300 1500 1766 413 128 128 128 0 6 6 3
120000 130000 10 1 1097 62563 2016 2837478 999 208 860 259 2300 2300 2300 0 128 128 128 0 5 5 3
130000 140000 11 1 1258 70254 2395 3387580 998 226 902 237 2300 2300 2300 0 128 128 128 0 5 5 4
140000 150000 11 1 1246 69590 2327 3272205 999 268 895 231 2300 2300 2300 0 128 128 128 0 6 6 3
150000 160000 11 1 1194 69726 2224 3136601 999 346 902 219 2300 2300 2300 0 128 128 128 0 7 7 4
160000 170000 11 1 1254 70056 2357 3339698 999 262 853 271 2300 2300 2300 0 128 128 128 0 5 5 4
170000 180000 10 1 1126 64301 2085 2941653 999 67 860 293 2300 2300 2300 0 128 128 128 0 5 5 4
180000 190000 11 1 1300 73370 2423 3418612 999 181 904 247 2300 2300 2300 0 128 128 128 0 5 5 3
190000 200000 11 1 1129 64001 2100 2950617 999 212 901 242 2300 2300 2300 0 128 128 128 0 5 5 4
200000 210000 11 1 1318 74568 2468 3484541 999 255 899 234 2300 2300 2300 0 128 128 128 0 6 6 4
210000 220000 11 1 1223 69460 2294 3234771 999 328 904 218 2300 2300 2300 0 128 128 128 0 5 5 4
220000 230000 11 1 1228 70743 2281 3215771 999 250 851 280 2300 2300 2300 0 128 128 128 0 5 5 3
230000 240000 10 1 1265 72329 2311 3254586 998 748 954 89 2300 2300 2300 0 128 128 128 0 5 5 3
240000 250000 11 1 1211 69652 2197 3087509 999 162 846 326 2300 2300 2300 0 128 128 128 0 5 5 3
250000 260000 10 1 1215 68031 2272 3204078 999 371 914 201 2300 2300 2300 0 128 128 128 0 5 5 3
260000 270000 10 1 1218 70239 2284 3222562 999 765 973 73 2300 2300 2300 0 128 128 128 0 6 6 3
270000 280000 11 1 1248 70741 2310 3257424 999 231 891 240 2300 2300 2300 0 128 128 128 0 5 5 3
280000 290000 10 1 1190 68020 2223 3137441 999 328 879 224 2300 2300 2300 0 128 128 128 0 5 5 3
290000 300000 11 1 1348 76017 2535 3579572 999 178 894 255 2300 2300 2300 0 128 128 128 0 6 6 2
