ts te nbins ncons c_pkts_all c_ack_cnt c_ack_cnt_p c_bytes_all c_bytes_uniq s_pkts_all s_ack_cnt s_ack_cnt_p s_bytes_all s_bytes_uniq c_pkts_retx s_pkts_retx c_pkts_data s_pkts_data max_bin min_bin avg_bin std_bin max_vid min_vid avg_vid std_vid max_aud min_aud avg_aud std_aud num_vid num_aud num_mfs
0 1000 0 0 0 0 0 0 0 0 0 0 0 0 0 0 0 0 0 0 0 0 0 0 0 0 0 0 0 0 0  
1000 2000 0 0 0 0 0 0 0 0 0 0 0 0 0 0 0 0 0 0 0 0 0 0 0 0 0 0 0 0 0  
2000 3000 0 0 0 0 0 0 0 0 0 0 0 0 0 0 0 0 0 0 0 0 0 0 0 0 0 0 0 0 0  
3000 4000 0 0 0 0 0 0 0 0 0 0 0 0 0 0 0 0 0 0 0 0 0 0 0 0 0 0 0 0 0  
4000 5000 0 0 0 0 0 0 0 0 0 0 0 0 0 0 0 0 0 0 0 0 0 0 0 0 0 0 0 0 0  
5000 6000 0 0 0 0 0 0 0 0 0 0 0 0 0 0 0 0 0 0 0 0 0 0 0 0 0 0 0 0 0  
6000 7000 4 4 55 51 39 11685 11144 81 81 16 92601 78688 0 7 12 61 609 400 496 107 288 288 288 0 128 128 128 0 2 2.0 1.0
7000 8000 2 1 10 9 8 1384 1084 17 17 1 27035 16828 0 5 1 15 453 337 395 81 0 0 0 0 0 0 0 0 0 0.0 0.0
8000 9000 3 2 6 6 5 820 820 7 7 1 8837 2914 0 4 1 6 425 65 284 191 0 0 0 0 0 0 0 0 0 0.0 1.0
9000 10000 2 1 4 4 4 0 0 4 4 0 6223 0 0 4 0 4 637 282 460 251 0 0 0 0 0 0 0 0 0 0.0 0.0
10000 11000 3 2 16 16 15 1093 1093 24 24 1 34642 30618 0 3 1 22 617 162 445 247 0 0 0 0 0 0 0 0 0 0.0 1.0
11000 12000 5 3 25 25 22 1875 1875 41 41 3 60312 59168 0 2 2 37 668 60 450 232 288 288 288 0 128 128 128 0 1 1.0 0.0
12000 13000 4 3 8 8 8 352 352 6 6 0 8154 2924 0 3 0 6 840 51 350 365 0 0 0 0 0 0 0 0 0 0.0 1.0
13000 14000 1 1 3 3 3 0 0 3 3 0 5365 0 0 3 0 3 861 861 861 0 0 0 0 0 0 0 0 0 0 0.0 0.0
14000 15000 3 2 6 6 5 820 820 6 6 1 7258 2912 0 3 1 5 662 37 257 350 0 0 0 0 0 0 0 0 0 0.0 1.0
15000 16000 2 1 6 6 6 389 389 9 9 0 22236 19140 0 2 0 9 462 239 350 157 0 0 0 0 0 0 0 0 0 0.0 0.0
16000 17000 4 3 59 59 54 4651 4048 82 82 5 159389 156500 0 2 5 77 623 212 452 176 288 288 288 0 128 128 128 0 2 2.0 1.0
17000 18000 3 2 32 32 30 1641 1424 30 30 1 54922 53408 0 1 1 28 620 224 404 200 288 288 288 0 128 128 128 0 1 1.0 0.0
18000 19000 4 3 37 37 34 2133 2133 34 34 2 72825 71076 0 1 2 32 621 139 335 209 288 288 288 0 128 128 128 0 1 1.0 1.0
19000 20000 2 2 6 6 5 367 367 6 6 0 13592 10884 0 1 0 5 637 176 407 326 0 0 0 0 0 0 0 0 0 0.0 0.0
20000 21000 3 3 58 58 52 5273 4453 71 71 6 139423 137847 1 1 6 65 860 318 666 302 288 288 288 0 128 128 128 0 2 2.0 1.0
21000 22000 4 2 56 56 51 3886 3886 77 77 3 163127 163105 0 0 4 73 846 107 447 375 288 288 288 0 128 128 128 0 2 2.0 0.0
22000 23000 5 3 34 34 32 1705 1705 40 40 2 90609 90609 0 0 2 38 491 113 260 148 288 288 288 0 128 128 128 0 1 1.0 1.0
23000 24000 3 3 21 21 18 2338 2338 21 21 2 65878 65878 0 0 2 18 301 34 182 135 480 480 480 0 128 128 128 0 2 1.0 0.0
24000 25000 1 1 17 17 16 991 991 18 18 1 45792 45792 0 0 1 17 447 447 447 0 0 0 0 0 0 0 0 0 0 0.0 1.0
25000 26000 2 2 38 38 36 1600 1600 50 50 1 101815 100544 0 0 1 48 805 311 558 348 480 480 480 0 128 128 128 0 1 1.0 0.0
26000 27000 3 2 6 6 4 1353 1353 7 7 1 9733 9235 0 0 1 5 762 1 281 418 0 0 0 0 0 0 0 0 0 0.0 1.0
27000 28000 3 2 32 32 31 1102 1102 44 44 1 92788 89460 0 2 1 42 792 232 548 286 480 480 480 0 128 128 128 0 1 1.0 0.0
28000 29000 5 3 17 17 16 1336 1336 40 40 1 70339 67877 0 1 1 38 462 66 233 149 0 0 0 0 0 0 0 0 0 0.0 1.0
29000 30000 4 2 34 34 32 1231 1231 46 46 1 72154 52579 0 14 1 45 737 249 494 201 480 480 480 0 0 0 0 0 1 0.0 0.0
30000 31000 3 2 48 48 47 880 880 54 54 1 77810 53569 0 17 1 53 737 457 570 147 480 480 480 0 0 0 0 0 1 0.0 1.0
31000 32000 2 2 11 11 11 0 0 19 19 0 28174 22839 0 3 0 18 761 200 480 396 0 0 0 0 0 0 0 0 0 0.0 0.0
32000 33000 4 3 19 19 17 1661 1661 32 32 2 44538 42077 0 1 2 30 520 80 275 182 288 288 288 0 0 0 0 0 1 0.0 1.0
33000 34000 2 1 1 1 1 0 0 1 1 0 2797 0 0 1 0 1 260 239 249 14 0 0 0 0 0 0 0 0 0 0.0 0.0
34000 35000 4 3 33 32 30 1661 1661 32 32 2 46197 43402 0 1 2 30 461 103 265 147 288 288 288 0 0 0 0 0 1 0.0 1.0
35000 36000 3 3 49 48 44 3044 3044 67 67 3 98176 95883 0 1 3 63 675 240 406 234 288 288 288 0 128 128 128 0 1 3.0 0.0
36000 37000 4 2 56 56 52 3319 3319 80 80 3 125172 124721 0 0 3 76 689 140 361 232 0 0 0 0 128 128 128 0 0 3.0 1.0
37000 38000 3 2 42 42 40 1859 1859 52 52 2 80846 80846 0 0 2 49 691 209 402 254 288 288 288 0 128 128 128 0 1 1.0 0.0
38000 39000 1 1 15 15 14 978 978 24 24 1 35970 35970 0 0 1 23 439 439 439 0 0 0 0 0 0 0 0 0 0 0.0 1.0
39000 40000 2 2 53 53 51 1592 1592 70 70 1 138311 126891 0 7 1 68 787 741 764 32 480 480 480 0 128 128 128 0 1 1.0 0.0
40000 41000 4 3 19 18 14 3661 3661 20 20 4 21387 14536 0 5 3 14 753 92 404 338 0 0 0 0 0 0 0 0 0 0.0 1.0
41000 42000 4 2 35 35 35 192 192 35 35 0 96546 93285 0 2 0 35 503 139 332 177 480 480 480 0 0 0 0 0 1 0.0 0.0
42000 43000 4 3 34 34 32 1910 1910 40 40 2 71747 58979 0 9 2 38 363 240 318 57 840 840 840 0 0 0 0 0 2 0.0 1.0
43000 44000 4 2 64 64 63 1180 1180 78 78 1 147646 121030 0 19 1 76 688 259 407 193 0 0 0 0 0 0 0 0 0 0.0 0.0
44000 45000 4 2 41 41 39 1253 1253 42 42 1 54412 50361 0 3 1 40 541 61 339 240 288 288 288 0 0 0 0 0 1 0.0 1.0
45000 46000 1 1 36 36 34 2326 2326 69 69 2 91796 91174 0 0 2 66 740 740 740 0 0 0 0 0 128 128 128 0 0 3.0 0.0
46000 47000 3 3 54 54 51 2501 2501 66 66 3 84750 84750 0 0 3 63 514 131 294 198 288 288 288 0 128 128 128 0 1 1.0 1.0
47000 48000 0 0 0 0 0 0 0 0 0 0 0 0 0 0 0 0 0 0 0 0 0 0 0 0 0 0 0 0 0  
48000 49000 3 3 50 50 47 3282 2462 54 54 3 84276 81540 1 1 3 50 803 345 537 237 288 288 288 0 128 128 128 0 1 1.0 1.0
49000 50000 3 2 27 27 26 1278 1278 42 42 1 56997 55738 0 1 1 41 559 38 303 260 480 480 480 0 128 128 128 0 1 1.0 0.0
50000 51000 3 2 43 43 41 1260 1260 64 64 1 86503 85622 0 0 1 62 606 218 412 193 0 0 0 0 0 0 0 0 0 0.0 1.0
51000 52000 2 2 27 27 26 986 986 36 36 1 50567 50567 0 0 1 35 298 296 297 1 480 480 480 0 128 128 128 0 1 1.0 0.0
52000 53000 2 2 41 41 39 1514 1514 56 56 1 76574 76574 0 0 1 54 462 444 453 13 0 0 0 0 0 0 0 0 0 0.0 1.0
53000 54000 2 2 64 64 62 1681 1681 85 85 2 114872 114872 0 0 2 83 674 528 601 103 480 480 480 0 128 128 128 0 1 1.0 0.0
54000 55000 1 1 14 14 13 1044 1044 18 18 1 22599 22599 0 0 1 16 621 621 621 0 0 0 0 0 0 0 0 0 0 0.0 1.0
55000 56000 3 2 69 69 67 1456 1456 69 69 1 93287 93287 0 0 1 68 778 15 386 381 480 480 480 0 128 128 128 0 1 1.0 0.0
56000 57000 1 1 29 29 27 1573 1573 45 45 1 60333 60333 0 0 1 44 619 619 619 0 480 480 480 0 0 0 0 0 1 0.0 1.0
57000 58000 2 1 24 24 22 1434 1434 33 33 1 43676 43676 0 0 1 32 613 365 489 175 0 0 0 0 128 128 128 0 0 1.0 0.0
58000 59000 3 2 47 47 45 1800 1800 75 75 2 99586 99586 0 0 2 72 512 290 393 111 480 480 480 0 128 128 128 0 1 1.0 1.0
59000 60000 1 1 8 8 8 192 192 12 12 0 17436 17436 0 0 0 12 152 152 152 0 0 0 0 0 0 0 0 0 0 0.0 0.0
60000 61000 3 3 57 57 54 2501 2501 90 90 3 122799 122799 0 0 3 87 788 80 365 374 480 480 480 0 128 128 128 0 1 1.0 1.0
61000 62000 0 0 0 0 0 0 0 0 0 0 0 0 0 0 0 0 0 0 0 0 0 0 0 0 0 0 0 0 0  
62000 63000 3 3 55 55 50 4141 2501 63 63 5 119218 117818 2 1 5 58 650 205 458 228 480 480 480 0 128 128 128 0 1 1.0 1.0
63000 64000 2 2 19 19 18 921 921 26 26 1 47367 45820 0 1 1 25 309 306 308 1 480 480 480 0 128 128 128 0 1 1.0 0.0
64000 65000 3 2 35 35 33 1579 1579 48 48 1 88024 83245 0 3 1 46 581 251 445 172 0 0 0 0 0 0 0 0 0 0.0 1.0
65000 66000 3 2 15 15 14 936 687 25 25 1 35229 28487 0 4 1 24 741 214 412 286 480 480 480 0 128 128 128 0 1 1.0 0.0
66000 67000 3 2 41 41 38 2705 2134 75 75 3 102841 101147 0 1 3 71 777 260 559 268 0 0 0 0 0 0 0 0 0 0.0 1.0
67000 68000 1 1 14 14 14 519 519 15 15 0 20252 20252 0 0 0 14 420 420 420 0 0 0 0 0 128 128 128 0 0 1.0 0.0
68000 69000 2 2 5 5 4 820 820 5 5 1 4316 2916 0 1 1 4 123 0 61 87 0 0 0 0 0 0 0 0 0 0.0 1.0
69000 70000 1 1 1 1 1 0 0 1 1 0 1400 0 0 1 0 1 0 0 0 0 0 0 0 0 0 0 0 0 0 0.0 0.0
70000 71000 2 2 5 5 4 820 820 5 5 1 4318 2918 0 1 1 4 83 0 41 58 0 0 0 0 0 0 0 0 0 0.0 1.0
71000 72000 0 0 0 0 0 0 0 0 0 0 0 0 0 0 0 0 0 0 0 0 0 0 0 0 0 0 0 0 0  
72000 73000 2 2 5 5 4 820 820 5 5 1 4318 2918 0 1 1 4 98 0 49 69 0 0 0 0 0 0 0 0 0 0.0 1.0
73000 74000 1 1 2 2 1 0 0 2 2 1 1400 0 0 1 0 1 545 545 545 0 0 0 0 0 0 0 0 0 0 0.0 0.0
74000 75000 4 4 77 75 69 5287 5287 119 119 6 157806 156406 0 1 5 111 925 16 437 412 480 288 352 110 128 128 128 0 3 1.0 1.0
75000 76000 4 2 75 75 71 3664 3664 112 112 4 149842 149842 0 0 4 108 924 72 495 361 288 288 288 0 128 128 128 0 2 2.0 0.0
76000 77000 5 3 69 69 64 4378 4378 115 115 5 151105 151105 0 0 5 110 923 66 413 360 288 288 288 0 128 128 128 0 2 2.0 1.0
77000 78000 4 2 55 55 52 2017 2017 82 82 2 109056 109056 0 0 2 80 857 74 362 343 288 288 288 0 128 128 128 0 1 1.0 0.0
78000 79000 1 1 11 11 10 1048 1048 22 22 1 27709 27709 0 0 1 20 521 521 521 0 0 0 0 0 0 0 0 0 0 0.0 1.0
79000 80000 2 2 36 36 34 1494 1494 48 48 1 64592 64592 0 0 1 46 302 293 297 6 480 480 480 0 128 128 128 0 1 1.0 0.0
80000 81000 1 1 23 23 22 1006 1006 35 35 1 48477 48477 0 0 1 34 464 464 464 0 0 0 0 0 0 0 0 0 0 0.0 1.0
81000 82000 2 2 48 48 46 1681 1681 77 77 2 104808 104808 0 0 2 75 603 265 434 239 480 480 480 0 128 128 128 0 1 1.0 0.0
82000 83000 2 2 40 40 38 1893 1893 52 52 2 69407 69407 0 0 2 50 621 309 465 220 480 480 480 0 128 128 128 0 1 1.0 1.0
83000 84000 2 2 23 23 22 607 607 35 35 0 47780 47780 0 0 0 34 373 60 217 221 0 0 0 0 0 0 0 0 0 0.0 0.0
84000 85000 2 2 41 41 39 1955 1955 55 55 2 73103 73103 0 0 2 52 564 298 431 187 480 480 480 0 128 128 128 0 1 1.0 1.0
85000 86000 1 1 30 30 29 545 545 49 49 0 68672 68672 0 0 0 49 550 550 550 0 0 0 0 0 0 0 0 0 0 0.0 0.0
86000 87000 2 2 41 41 38 2293 2293 65 65 2 92304 92304 0 0 2 62 485 420 453 45 480 480 480 0 128 128 128 0 1 1.0 1.0
87000 88000 1 1 8 8 8 207 207 13 13 0 18521 18521 0 0 0 13 159 159 159 0 0 0 0 0 0 0 0 0 0 0.0 0.0
88000 89000 3 3 51 51 48 2501 2501 80 80 3 109524 109524 0 0 3 77 644 93 313 291 480 480 480 0 128 128 128 0 1 1.0 1.0
89000 90000 0 0 0 0 0 0 0 0 0 0 0 0 0 0 0 0 0 0 0 0 0 0 0 0 0 0 0 0 0  
90000 91000 3 3 59 59 55 3190 2370 87 87 3 128430 102593 1 19 3 84 800 325 589 242 480 480 480 0 128 128 128 0 1 1.0 1.0
91000 92000 3 2 38 38 37 933 933 41 41 1 60322 59802 0 0 1 40 298 146 246 85 840 840 840 0 128 128 128 0 1 1.0 0.0
92000 93000 3 2 85 85 82 1941 1941 87 87 2 126542 126542 0 0 2 85 703 281 526 218 0 0 0 0 0 0 0 0 0 0.0 1.0
93000 94000 3 2 27 27 26 1163 1163 37 37 1 51542 51542 0 0 1 36 690 272 423 231 840 840 840 0 128 128 128 0 1 1.0 0.0
94000 95000 4 2 72 72 70 1508 1508 114 114 2 160044 160044 0 0 1 112 687 37 371 272 840 840 840 0 128 128 128 0 1 1.0 1.0
95000 96000 3 2 67 67 65 1586 1586 116 116 1 160731 160731 0 0 1 114 692 162 386 274 0 0 0 0 0 0 0 0 0 0.0 0.0
96000 97000 1 1 23 23 22 499 499 33 33 0 45418 45418 0 0 0 32 473 473 473 0 0 0 0 0 0 0 0 0 0 0.0 1.0
97000 98000 2 2 102 102 101 1521 1521 112 112 1 153751 153751 0 0 1 110 805 200 502 428 840 840 840 0 128 128 128 0 1 1.0 0.0
98000 99000 3 2 70 70 68 2266 2266 102 102 2 139044 139044 0 0 2 99 541 187 419 200 840 840 840 0 128 128 128 0 1 1.0 1.0
99000 100000 2 1 37 37 35 1276 1276 62 62 0 84292 84292 0 0 1 61 527 465 496 43 0 0 0 0 0 0 0 0 0 0.0 0.0
100000 101000 3 2 75 75 74 1227 1227 100 100 2 135781 135781 0 0 1 98 532 307 434 114 840 840 840 0 128 128 128 0 1 1.0 1.0
101000 102000 2 1 57 57 56 830 830 56 56 1 77481 77481 0 0 1 55 531 463 497 47 0 0 0 0 0 0 0 0 0 0.0 0.0
102000 103000 3 2 49 49 47 1640 1640 84 84 1 114927 114927 0 0 1 82 496 400 452 48 840 840 840 0 128 128 128 0 1 1.0 1.0
103000 104000 2 1 30 30 29 1243 1243 59 59 0 80833 80833 0 0 1 58 499 492 495 4 0 0 0 0 0 0 0 0 0 0.0 0.0
104000 105000 3 2 42 42 40 1258 1258 77 77 2 106342 106342 0 0 1 75 502 404 467 55 840 840 840 0 128 128 128 0 1 1.0 1.0
105000 106000 2 1 28 28 26 1246 1246 53 53 0 73646 73646 0 0 1 52 496 487 492 6 0 0 0 0 0 0 0 0 0 0.0 0.0
106000 107000 3 2 46 46 44 1263 1263 89 89 2 120301 120301 0 0 1 87 504 383 460 66 840 840 840 0 128 128 128 0 1 1.0 1.0
107000 108000 2 1 36 36 35 1249 1249 62 62 1 83776 83776 0 0 1 60 500 483 492 12 0 0 0 0 0 0 0 0 0 0.0 0.0
108000 109000 3 2 47 47 45 1267 1267 80 80 1 110085 110085 0 0 1 79 525 333 450 102 840 840 840 0 128 128 128 0 1 1.0 1.0
109000 110000 2 1 27 27 26 827 827 50 50 0 69178 69178 0 0 0 49 515 468 492 33 0 0 0 0 0 0 0 0 0 0.0 0.0
110000 111000 3 2 41 41 39 1658 1658 78 78 1 106478 106478 0 0 1 76 507 299 423 109 840 840 840 0 128 128 128 0 1 1.0 1.0
111000 112000 2 1 27 27 26 1242 1242 51 51 0 70442 70442 0 0 1 50 498 485 492 9 0 0 0 0 0 0 0 0 0 0.0 0.0
112000 113000 3 2 38 38 36 1253 1253 77 77 2 106144 106144 0 0 1 75 499 444 480 31 840 840 840 0 128 128 128 0 1 1.0 1.0
113000 114000 2 1 29 29 28 830 830 56 56 0 76967 76967 0 0 0 55 498 491 495 5 0 0 0 0 0 0 0 0 0 0.0 0.0
114000 115000 3 2 47 47 45 1655 1655 80 80 1 107571 107571 0 0 1 78 491 404 460 48 840 840 840 0 128 128 128 0 1 1.0 1.0
115000 116000 2 1 34 34 33 1240 1240 57 57 1 77825 77825 0 0 1 56 513 477 495 25 0 0 0 0 0 0 0 0 0 0.0 0.0
116000 117000 3 2 43 43 42 1285 1285 89 89 1 123008 123008 0 0 1 87 515 241 420 154 840 840 840 0 128 128 128 0 1 1.0 1.0
117000 118000 2 1 31 31 30 838 838 60 60 1 83432 83432 0 0 1 59 513 483 498 21 0 0 0 0 0 0 0 0 0 0.0 0.0
118000 119000 3 2 45 45 43 1659 1659 84 84 1 112975 112975 0 0 1 82 509 287 419 116 840 840 840 0 128 128 128 0 1 1.0 1.0
119000 120000 2 1 28 28 27 830 830 54 54 1 74043 74043 0 0 1 53 498 483 490 10 0 0 0 0 0 0 0 0 0 0.0 0.0
120000 121000 3 2 40 40 38 1656 1656 83 83 1 115083 115083 0 0 1 81 495 271 412 123 840 840 840 0 128 128 128 0 1 1.0 1.0
121000 122000 2 1 31 31 30 844 844 62 62 1 86022 86022 0 0 1 61 501 494 497 4 0 0 0 0 0 0 0 0 0 0.0 0.0
122000 123000 2 1 8 8 7 1218 398 4 4 1 4154 4154 1 0 1 3 467 84 276 270 0 0 0 0 0 0 0 0 0 0.0 1.0
123000 124000 2 2 21 21 20 884 662 38 38 1 53246 49318 0 2 1 37 257 254 256 2 840 840 840 0 128 128 128 0 1 1.0 0.0
124000 125000 4 2 71 71 68 2854 2255 124 124 3 170631 157045 0 9 3 121 744 247 484 273 0 0 0 0 0 0 0 0 0 0.0 1.0
125000 126000 4 2 38 38 36 1992 1992 54 54 2 69933 63533 0 5 2 51 751 242 498 291 480 480 480 0 128 128 128 0 1 1.0 0.0
126000 127000 4 2 52 52 50 1771 1771 71 71 2 94087 94087 0 0 2 69 727 208 422 255 480 480 480 0 128 128 128 0 1 1.0 1.0
127000 128000 2 2 24 24 24 0 0 45 45 0 63008 63008 0 0 0 45 509 56 282 320 0 0 0 0 0 0 0 0 0 0.0 0.0
128000 129000 2 2 43 43 40 2036 2036 70 70 2 93406 93406 0 0 2 68 621 308 464 221 480 480 480 0 128 128 128 0 1 1.0 1.0
129000 130000 2 2 10 10 10 464 464 15 15 0 19942 19942 0 0 0 14 147 81 114 46 0 0 0 0 0 0 0 0 0 0.0 0.0
130000 131000 2 2 27 27 26 1550 1550 55 55 1 74287 74287 0 0 1 53 581 309 445 192 480 480 480 0 128 128 128 0 1 1.0 1.0
131000 132000 4 3 58 58 54 3246 3246 99 99 3 132566 132566 0 0 3 95 687 297 425 176 480 480 480 0 128 128 128 0 1 1.0 0.0
132000 133000 3 2 42 42 40 1535 1535 63 63 1 85933 85933 0 0 1 61 515 239 420 156 480 480 480 0 128 128 128 0 1 1.0 1.0
133000 134000 2 2 19 19 19 350 350 32 32 0 43767 43767 0 0 0 31 369 116 242 178 0 0 0 0 0 0 0 0 0 0.0 0.0
134000 135000 2 2 40 40 38 2097 2097 85 85 2 114356 114356 0 0 2 82 543 520 532 16 840 840 840 0 128 128 128 0 1 1.0 1.0
135000 136000 2 1 31 31 30 825 825 58 58 0 80833 80833 0 0 0 57 510 479 494 21 0 0 0 0 0 0 0 0 0 0.0 0.0
136000 137000 3 2 43 43 41 1649 1649 78 78 1 107408 107408 0 0 1 76 489 363 444 69 840 840 840 0 128 128 128 0 1 1.0 1.0
137000 138000 2 1 35 35 34 1262 1262 71 71 1 96054 96054 0 0 1 69 509 486 497 15 0 0 0 0 0 0 0 0 0 0.0 0.0
138000 139000 3 2 50 50 48 1280 1280 98 98 1 133451 133451 0 0 1 97 536 312 443 117 840 840 840 0 128 128 128 0 1 1.0 1.0
139000 140000 2 1 25 25 24 823 823 48 48 0 64831 64831 0 0 0 47 525 458 492 47 0 0 0 0 0 0 0 0 0 0.0 0.0
140000 141000 3 2 38 38 36 1542 1542 76 76 1 102806 102806 0 0 1 74 509 461 492 26 840 840 840 0 128 128 128 0 1 1.0 1.0
141000 142000 3 2 28 28 27 939 939 55 55 1 74882 74882 0 0 1 54 504 79 354 238 0 0 0 0 0 0 0 0 0 0.0 0.0
142000 143000 3 2 34 34 32 1509 1509 72 72 1 99099 99099 0 0 1 70 487 481 484 2 840 840 840 0 128 128 128 0 1 1.0 1.0
143000 144000 3 2 30 30 29 1369 1369 58 58 1 81092 81092 0 0 1 57 505 99 361 226 0 0 0 0 0 0 0 0 0 0.0 0.0
144000 145000 3 2 44 44 43 1293 1293 80 80 1 108381 108381 0 0 1 78 519 326 450 107 840 840 840 0 128 128 128 0 1 1.0 1.0
145000 146000 2 1 27 27 26 1243 1243 53 53 1 72373 72373 0 0 1 51 500 483 492 11 0 0 0 0 0 0 0 0 0 0.0 0.0
146000 147000 3 2 35 35 33 1270 1270 74 74 1 101894 101894 0 0 1 72 523 279 433 134 840 840 840 0 128 128 128 0 1 1.0 1.0
147000 148000 3 2 33 33 32 829 829 65 65 0 89366 89366 0 0 0 64 521 95 362 232 0 0 0 0 0 0 0 0 0 0.0 0.0
148000 149000 3 2 47 47 45 1648 1648 90 90 1 121979 121979 0 0 1 88 495 353 439 75 840 840 840 0 128 128 128 0 1 1.0 1.0
149000 150000 2 1 31 31 29 1237 1237 59 59 0 80247 80247 0 0 1 58 497 490 494 5 0 0 0 0 0 0 0 0 0 0.0 0.0
150000 151000 3 2 42 42 40 1260 1260 80 80 2 109575 109575 0 0 1 78 506 290 429 120 840 840 840 0 128 128 128 0 1 1.0 1.0
151000 152000 2 1 29 29 28 1253 1253 58 58 1 78815 78815 0 0 1 56 500 491 495 6 0 0 0 0 0 0 0 0 0 0.0 0.0
152000 153000 3 2 43 43 41 1278 1278 82 82 1 112119 112119 0 0 1 81 530 172 398 196 840 840 840 0 128 128 128 0 1 1.0 1.0
153000 154000 2 1 29 29 28 830 830 56 56 1 76899 76899 0 0 1 55 529 465 497 45 0 0 0 0 0 0 0 0 0 0.0 0.0
154000 155000 3 2 45 45 43 1642 1642 82 82 1 111946 111946 0 0 1 80 491 328 427 87 840 840 840 0 128 128 128 0 1 1.0 1.0
155000 156000 2 1 27 27 25 1240 1240 51 51 1 70335 70335 0 0 1 49 492 491 492 0 0 0 0 0 0 0 0 0 0 0.0 0.0
156000 157000 3 2 42 42 40 1282 1282 79 79 1 107942 107942 0 0 1 77 515 241 420 155 840 840 840 0 128 128 128 0 1 1.0 1.0
157000 158000 1 1 24 24 23 399 399 47 47 0 66443 66443 0 0 0 47 466 466 466 0 0 0 0 0 0 0 0 0 0 0.0 0.0
158000 159000 2 2 39 39 36 2065 2065 78 78 2 103893 103893 0 0 2 76 536 479 508 40 840 840 840 0 128 128 128 0 1 1.0 1.0
159000 160000 2 1 28 28 26 1228 1228 55 55 1 74679 74679 0 0 1 54 514 469 492 31 0 0 0 0 0 0 0 0 0 0.0 0.0
160000 161000 3 2 40 40 38 1299 1299 81 81 1 111248 111248 0 0 1 80 514 329 452 106 840 840 840 0 128 128 128 0 1 1.0 1.0
161000 162000 2 1 29 29 27 1250 1250 53 53 0 73566 73566 0 0 1 52 498 484 491 10 0 0 0 0 0 0 0 0 0 0.0 0.0
162000 163000 3 2 43 43 41 1252 1252 88 88 2 118822 118822 0 0 1 86 514 202 400 172 840 840 840 0 128 128 128 0 1 1.0 1.0
163000 164000 2 1 35 35 34 1264 1264 67 67 0 91729 91729 0 0 1 66 514 480 497 24 0 0 0 0 0 0 0 0 0 0.0 0.0
164000 165000 3 2 54 54 53 1236 1236 101 101 2 138173 136000 0 1 1 99 517 352 449 86 840 840 840 0 128 128 128 0 1 1.0 1.0
165000 166000 2 1 45 45 44 832 832 66 66 1 91581 87369 0 3 1 65 509 482 496 19 0 0 0 0 0 0 0 0 0 0.0 0.0
166000 167000 3 2 51 51 50 1655 1655 86 86 1 117210 115195 0 1 1 84 500 245 405 139 840 840 840 0 128 128 128 0 1 1.0 1.0
167000 168000 2 1 35 35 33 1266 1266 65 65 1 89633 89633 0 0 1 64 498 496 497 1 0 0 0 0 0 0 0 0 0 0.0 0.0
168000 169000 3 2 48 48 46 1250 1250 92 92 2 124698 124698 0 0 1 90 520 204 400 171 840 840 840 0 128 128 128 0 1 1.0 1.0
169000 170000 2 1 30 30 29 822 822 56 56 0 76848 76848 0 0 0 55 507 477 492 21 0 0 0 0 0 0 0 0 0 0.0 0.0
170000 171000 3 2 42 42 40 1646 1646 76 76 1 103994 103994 0 0 1 74 483 320 428 93 840 840 840 0 128 128 128 0 1 1.0 1.0
171000 172000 2 1 29 29 28 838 838 55 55 1 75606 75606 0 0 1 54 513 470 492 30 0 0 0 0 0 0 0 0 0 0.0 0.0
172000 173000 1 1 3 3 3 414 414 2 2 0 1473 1473 0 0 0 1 481 481 481 0 0 0 0 0 0 0 0 0 0 0.0 1.0
173000 174000 0 0 0 0 0 0 0 0 0 0 0 0 0 0 0 0 0 0 0 0 0 0 0 0 0 0 0 0 0  
174000 175000 2 2 30 30 28 1608 1608 63 63 1 84971 84971 0 0 1 61 621 302 462 225 480 480 480 0 128 128 128 0 1 1.0 1.0
175000 176000 4 3 22 22 19 1397 1397 36 36 1 48253 48253 0 0 1 35 607 139 361 192 0 0 0 0 0 0 0 0 0 0.0 0.0
176000 177000 4 3 33 33 30 1330 1330 62 62 1 82730 82730 0 0 1 60 586 306 411 121 480 480 480 0 128 128 128 0 1 1.0 1.0
177000 178000 4 2 50 50 47 2013 2013 97 97 3 128379 128379 0 0 2 93 684 295 491 173 480 480 480 0 128 128 128 0 1 1.0 0.0
178000 179000 4 4 60 58 52 4786 4786 90 90 6 136178 132726 0 2 5 80 621 311 426 134 480 480 480 0 128 128 128 0 1 1.0 1.0
179000 180000 2 2 14 13 11 2352 2352 19 19 3 34536 33788 0 0 2 15 385 134 260 177 0 0 0 0 0 0 0 0 0 0.0 0.0
180000 181000 2 2 41 41 39 1396 1396 68 68 1 93989 71658 0 15 1 66 622 309 465 221 480 480 480 0 128 128 128 0 1 1.0 1.0
181000 182000 3 2 32 32 31 1104 1104 52 52 1 71868 53599 0 13 1 51 408 0 261 227 0 0 0 0 0 0 0 0 0 0.0 0.0
182000 183000 2 2 34 34 32 1696 1696 61 61 2 80756 78401 0 1 2 59 621 309 465 220 480 480 480 0 128 128 128 0 1 1.0 1.0
183000 184000 2 2 17 17 16 804 804 29 29 0 39066 37822 0 1 0 28 328 116 222 149 0 0 0 0 0 0 0 0 0 0.0 0.0
184000 185000 2 2 35 35 34 1314 1314 49 49 1 67331 62660 0 3 1 47 621 308 464 220 480 480 480 0 128 128 128 0 1 1.0 1.0
185000 186000 4 2 30 30 28 1793 1793 44 44 2 57548 54416 0 2 2 42 662 40 340 255 0 0 0 0 0 0 0 0 0 0.0 0.0
186000 187000 3 2 32 32 30 1598 1598 42 42 1 54631 53069 0 1 1 40 511 234 352 143 480 480 480 0 128 128 128 0 1 1.0 1.0
187000 188000 2 2 29 29 29 295 295 47 47 0 64855 62216 0 1 0 46 395 168 282 160 0 0 0 0 0 0 0 0 0 0.0 0.0
188000 189000 2 2 41 41 38 1796 1796 61 61 2 82061 82061 0 0 2 59 621 310 465 220 480 480 480 0 128 128 128 0 1 1.0 1.0
189000 190000 2 2 15 15 15 704 704 24 24 0 32367 32367 0 0 0 23 253 112 182 99 0 0 0 0 0 0 0 0 0 0.0 0.0
190000 191000 2 2 35 35 32 2349 2349 60 60 2 79279 79279 0 0 2 57 622 309 465 220 480 480 480 0 128 128 128 0 1 1.0 1.0
191000 192000 5 3 55 54 49 4676 4676 87 87 5 109042 109042 0 0 5 80 683 230 406 198 480 480 480 0 128 128 128 0 1 1.0 0.0
192000 193000 4 2 43 43 41 1559 1559 79 79 1 107043 107043 0 0 1 77 694 279 490 173 480 480 480 0 128 128 128 0 1 1.0 1.0
193000 194000 2 2 13 13 13 234 234 27 27 0 36992 36992 0 0 0 26 253 209 231 31 0 0 0 0 0 0 0 0 0 0.0 0.0
194000 195000 2 2 50 50 47 2022 2022 62 62 2 81622 81622 0 0 2 59 617 481 549 95 480 480 480 0 128 128 128 0 1 1.0 1.0
195000 196000 2 2 17 17 17 478 478 19 19 0 26381 26381 0 0 0 19 203 98 150 73 0 0 0 0 0 0 0 0 0 0.0 0.0
196000 197000 3 3 41 41 37 2098 2098 77 77 3 99295 99295 0 0 2 73 519 172 351 174 840 840 840 0 128 128 128 0 1 1.0 1.0
197000 198000 2 1 26 26 25 829 829 49 49 0 66491 66491 0 0 0 48 518 477 498 28 0 0 0 0 0 0 0 0 0 0.0 0.0
198000 199000 3 2 33 33 31 1651 1651 59 59 1 79614 79614 0 0 1 57 495 238 403 143 840 840 840 0 128 128 128 0 1 1.0 1.0
199000 200000 2 1 35 35 34 828 828 67 67 0 93346 93346 0 0 0 66 500 494 497 4 0 0 0 0 0 0 0 0 0 0.0 0.0
200000 201000 1 1 21 21 21 414 414 39 39 0 55034 55034 0 0 0 38 504 504 504 0 0 0 0 0 0 0 0 0 0 0.0 1.0
201000 202000 0 0 0 0 0 0 0 0 0 0 0 0 0 0 0 0 0 0 0 0 0 0 0 0 0 0 0 0 0  
202000 203000 2 2 33 33 30 1788 1788 62 62 2 82536 82536 0 0 2 60 617 302 460 222 480 480 480 0 128 128 128 0 1 1.0 1.0
203000 204000 3 2 15 15 13 1218 1218 26 26 0 34855 34855 0 0 1 25 610 51 334 279 0 0 0 0 0 0 0 0 0 0.0 0.0
204000 205000 3 2 33 33 31 1657 1657 62 62 2 82388 82388 0 0 1 60 586 307 423 144 480 480 480 0 128 128 128 0 1 1.0 1.0
205000 206000 2 2 9 9 9 337 337 18 18 0 24453 24453 0 0 0 17 221 44 132 124 0 0 0 0 0 0 0 0 0 0.0 0.0
206000 207000 2 2 27 27 25 2075 2075 57 57 2 75979 75979 0 0 2 54 622 307 464 222 480 480 480 0 128 128 128 0 1 1.0 1.0
207000 208000 4 2 46 46 42 2612 2612 93 93 3 124108 124108 0 0 3 90 691 224 398 204 480 480 480 0 128 128 128 0 1 1.0 0.0
208000 209000 3 2 37 37 35 1757 1757 60 60 2 79860 79860 0 0 2 58 692 301 434 223 480 480 480 0 128 128 128 0 1 1.0 1.0
209000 210000 2 2 15 15 14 238 238 28 28 0 39146 39146 0 0 0 28 269 122 195 103 0 0 0 0 0 0 0 0 0 0.0 0.0
210000 211000 2 2 37 37 35 1574 1574 67 67 1 89265 86654 0 1 1 65 620 311 466 218 480 480 480 0 128 128 128 0 1 1.0 1.0
211000 212000 3 2 26 26 24 1434 1434 40 40 1 53986 51529 0 1 1 39 614 171 387 221 0 0 0 0 0 0 0 0 0 0.0 0.0
212000 213000 3 2 33 33 31 1506 1506 62 62 2 82092 81560 0 0 1 59 595 311 428 148 480 480 480 0 128 128 128 0 1 1.0 1.0
213000 214000 2 2 12 12 11 486 486 24 24 0 32216 32216 0 0 0 23 225 136 180 63 0 0 0 0 0 0 0 0 0 0.0 0.0
214000 215000 2 2 31 31 29 1759 1759 60 60 2 79992 79992 0 0 2 58 623 310 466 221 480 480 480 0 128 128 128 0 1 1.0 1.0
215000 216000 2 2 12 12 11 741 741 24 24 0 32479 32479 0 0 0 23 219 193 206 18 0 0 0 0 0 0 0 0 0 0.0 0.0
216000 217000 2 2 35 35 33 1824 1824 55 55 2 73735 73735 0 0 2 53 622 310 466 220 480 480 480 0 128 128 128 0 1 1.0 1.0
217000 218000 3 2 16 16 15 1183 1183 30 30 0 40062 40062 0 0 1 29 616 23 336 297 0 0 0 0 0 0 0 0 0 0.0 0.0
218000 219000 3 2 43 43 41 1710 1710 70 70 2 92911 92911 0 0 2 68 587 311 425 143 480 480 480 0 128 128 128 0 1 1.0 1.0
219000 220000 2 2 8 8 8 283 283 16 16 0 22255 22255 0 0 0 16 213 23 118 133 0 0 0 0 0 0 0 0 0 0.0 0.0
220000 221000 2 2 34 34 32 1668 1668 56 56 2 75034 75034 0 0 2 54 622 311 467 220 480 480 480 0 128 128 128 0 1 1.0 1.0
221000 222000 2 2 17 17 16 832 832 28 28 0 37259 37259 0 0 0 27 297 169 233 90 0 0 0 0 0 0 0 0 0 0.0 0.0
222000 223000 2 2 44 44 42 1755 1755 63 63 2 84110 84110 0 0 2 61 622 311 466 219 480 480 480 0 128 128 128 0 1 1.0 1.0
223000 224000 3 2 21 21 20 1253 1253 30 30 0 41049 41049 0 0 1 29 615 51 347 282 0 0 0 0 0 0 0 0 0 0.0 0.0
224000 225000 3 2 37 37 35 1328 1328 59 59 1 79343 79343 0 0 1 57 587 308 424 145 480 480 480 0 128 128 128 0 1 1.0 1.0
225000 226000 2 2 23 23 22 664 664 38 38 1 50956 50956 0 0 0 37 385 201 293 129 0 0 0 0 0 0 0 0 0 0.0 0.0
226000 227000 2 2 30 30 28 1427 1427 50 50 1 66598 66380 0 0 1 49 622 310 466 220 480 480 480 0 128 128 128 0 1 1.0 1.0
227000 228000 2 2 24 24 23 1073 1073 36 36 1 47013 46552 0 0 1 34 657 270 463 274 0 0 0 0 0 0 0 0 0 0.0 0.0
228000 229000 2 2 32 32 30 1746 1746 60 60 2 80716 80716 0 0 2 58 622 299 461 228 480 480 480 0 128 128 128 0 1 1.0 1.0
229000 230000 2 2 14 14 13 754 754 27 27 0 36008 36008 0 0 0 26 328 82 205 173 0 0 0 0 0 0 0 0 0 0.0 0.0
230000 231000 2 2 29 29 27 1554 1554 56 56 1 74569 70144 0 3 1 54 621 309 465 221 480 480 480 0 128 128 128 0 1 1.0 1.0
231000 232000 3 2 20 20 19 946 946 37 37 1 47823 42447 0 4 1 36 362 42 203 159 0 0 0 0 0 0 0 0 0 0.0 0.0
232000 233000 2 2 28 28 26 1684 1684 54 54 2 73618 73618 0 0 2 52 619 306 462 221 480 480 480 0 128 128 128 0 1 1.0 1.0
233000 234000 2 2 13 13 12 816 816 26 26 0 34740 34740 0 0 0 25 244 225 235 13 0 0 0 0 0 0 0 0 0 0.0 0.0
234000 235000 2 2 38 38 36 1822 1822 62 62 2 83031 83031 0 0 2 60 621 300 461 227 480 480 480 0 128 128 128 0 1 1.0 1.0
235000 236000 3 2 14 14 12 1186 1186 25 25 0 33341 33341 0 0 1 24 614 22 335 297 0 0 0 0 0 0 0 0 0 0.0 0.0
236000 237000 3 2 32 32 31 1343 1343 63 63 1 84190 84190 0 0 1 61 598 309 428 151 480 480 480 0 128 128 128 0 1 1.0 1.0
237000 238000 4 2 64 64 61 2950 2950 105 105 3 138819 138819 0 0 3 101 687 309 465 163 480 480 480 0 128 128 128 0 1 1.0 0.0
238000 239000 3 2 44 44 42 1601 1601 75 75 1 100717 100717 0 0 1 73 517 267 364 133 480 480 480 0 128 128 128 0 1 1.0 1.0
239000 240000 2 2 24 24 24 278 278 49 49 0 67194 67194 0 0 0 48 449 153 301 209 0 0 0 0 0 0 0 0 0 0.0 0.0
240000 241000 2 2 37 37 35 2104 2104 69 69 2 91608 91608 0 0 2 67 502 480 491 15 480 480 480 0 128 128 128 0 1 1.0 1.0
241000 242000 1 1 18 18 17 396 396 36 36 0 49845 49845 0 0 0 35 447 447 447 0 0 0 0 0 0 0 0 0 0 0.0 0.0
242000 243000 2 2 18 18 17 1238 1238 23 23 1 30846 30846 0 0 1 21 520 28 274 348 840 840 840 0 128 128 128 0 1 1.0 1.0
243000 244000 3 2 54 54 53 1300 1300 122 122 1 171586 171586 0 0 1 120 971 19 393 507 0 0 0 0 0 0 0 0 0 0.0 0.0
244000 245000 2 2 58 58 55 2048 2048 95 95 2 127296 127296 0 0 2 92 809 505 657 214 840 840 840 0 128 128 128 0 1 1.0 1.0
245000 246000 2 1 46 46 44 1246 1246 67 67 0 92640 91236 0 1 1 66 501 491 496 7 0 0 0 0 0 0 0 0 0 0.0 0.0
246000 247000 3 2 65 65 64 1248 1248 106 106 1 145389 136983 0 6 1 104 498 478 491 11 840 840 840 0 128 128 128 0 1 1.0 1.0
247000 248000 3 2 61 61 60 1250 1250 83 83 1 114114 100822 0 9 1 81 497 21 337 274 0 0 0 0 0 0 0 0 0 0.0 0.0
248000 249000 3 2 65 65 64 1276 1276 93 93 1 126387 120090 0 4 1 91 526 272 431 138 840 840 840 0 128 128 128 0 1 1.0 1.0
249000 250000 2 1 33 33 32 828 828 65 65 0 90369 90369 0 0 0 64 525 465 495 42 0 0 0 0 0 0 0 0 0 0.0 0.0
250000 251000 3 2 41 41 39 1294 1294 87 87 1 119161 119161 0 0 1 86 516 466 484 27 840 840 840 0 128 128 128 0 1 1.0 1.0
251000 252000 3 2 35 35 33 1553 1553 69 69 1 94409 94409 0 0 1 67 528 330 438 100 0 0 0 0 0 0 0 0 0 0.0 0.0
252000 253000 3 2 43 43 42 1312 1312 76 76 1 103916 103916 0 0 1 74 515 216 415 171 840 840 840 0 128 128 128 0 1 1.0 1.0
253000 254000 2 1 30 30 29 826 826 58 58 0 80117 80117 0 0 0 57 501 483 492 12 0 0 0 0 0 0 0 0 0 0.0 0.0
254000 255000 3 2 44 44 42 1660 1660 89 89 1 121386 121386 0 0 1 87 494 407 460 46 840 840 840 0 128 128 128 0 1 1.0 1.0
255000 256000 2 1 33 33 31 1245 1245 63 63 1 85556 85556 0 0 1 61 495 490 492 3 0 0 0 0 0 0 0 0 0 0.0 0.0
256000 257000 3 2 46 46 44 1276 1276 89 89 1 121991 121991 0 0 1 87 524 262 427 143 840 840 840 0 128 128 128 0 1 1.0 1.0
257000 258000 2 1 34 34 32 1271 1271 66 66 1 91123 91123 0 0 1 65 524 475 499 34 0 0 0 0 0 0 0 0 0 0.0 0.0
258000 259000 3 2 48 48 47 1231 1231 90 90 2 123916 123916 0 0 1 88 525 198 399 175 840 840 840 0 128 128 128 0 1 1.0 1.0
259000 260000 2 1 40 40 39 830 830 69 69 1 94516 94516 0 0 1 68 520 471 495 34 0 0 0 0 0 0 0 0 0 0.0 0.0
260000 261000 3 2 54 54 52 1658 1658 109 109 1 151066 151066 0 0 1 107 510 285 420 118 840 840 840 0 128 128 128 0 1 1.0 1.0
261000 262000 2 1 33 33 32 827 827 64 64 0 88530 88530 0 0 0 63 500 484 492 11 0 0 0 0 0 0 0 0 0 0.0 0.0
262000 263000 3 2 50 50 48 1650 1650 81 81 1 111242 111242 0 0 1 79 484 270 411 122 840 840 840 0 128 128 128 0 1 1.0 1.0
263000 264000 2 1 41 41 40 873 873 72 72 1 99496 99496 0 0 1 71 511 480 496 21 0 0 0 0 0 0 0 0 0 0.0 0.0
264000 265000 1 1 9 9 8 378 378 12 12 0 15659 15659 0 0 0 11 412 412 412 0 0 0 0 0 0 0 0 0 0 0.0 1.0
265000 266000 2 2 56 56 54 1543 1543 114 114 1 158797 158797 0 0 1 112 833 266 549 401 840 840 840 0 128 128 128 0 1 1.0 0.0
266000 267000 3 2 64 64 62 1950 1950 113 113 2 156598 156598 0 0 2 110 831 162 538 342 480 480 480 0 128 128 128 0 1 1.0 1.0
267000 268000 3 2 19 19 18 1194 1194 32 32 0 44069 44069 0 0 1 31 609 67 350 271 0 0 0 0 0 0 0 0 0 0.0 0.0
268000 269000 3 2 43 43 42 1431 1431 69 69 1 92615 92615 0 0 1 67 601 311 430 151 480 480 480 0 128 128 128 0 1 1.0 1.0
269000 270000 2 2 22 22 22 563 563 39 39 1 53588 53588 0 0 0 38 387 120 254 188 0 0 0 0 0 0 0 0 0 0.0 0.0
270000 271000 2 2 33 33 32 1574 1574 66 66 1 89443 89443 0 0 1 64 622 305 464 224 480 480 480 0 128 128 128 0 1 1.0 1.0
271000 272000 3 2 25 25 23 1435 1435 39 39 1 52326 52326 0 0 1 38 618 185 388 218 0 0 0 0 0 0 0 0 0 0.0 0.0
272000 273000 3 2 39 39 37 1339 1339 62 62 1 83195 83195 0 0 1 60 588 304 423 147 480 480 480 0 128 128 128 0 1 1.0 1.0
273000 274000 3 2 23 23 22 1138 1138 39 39 1 51815 51815 0 0 1 37 586 200 382 194 0 0 0 0 0 0 0 0 0 0.0 0.0
274000 275000 3 2 34 34 32 1266 1266 59 59 1 79710 79710 0 0 1 58 539 309 417 115 480 480 480 0 128 128 128 0 1 1.0 1.0
275000 276000 3 2 31 31 29 1185 1185 50 50 1 67384 67384 0 0 1 49 527 235 406 152 0 0 0 0 0 0 0 0 0 0.0 0.0
276000 277000 3 2 33 33 31 1362 1362 55 55 1 74125 74125 0 0 1 54 526 310 433 111 480 480 480 0 128 128 128 0 1 1.0 1.0
277000 278000 5 3 60 59 54 4600 4600 102 102 5 129551 129551 0 0 4 96 678 267 444 167 480 480 480 0 128 128 128 0 1 1.0 0.0
278000 279000 4 2 59 59 57 1815 1815 98 98 2 134066 134066 0 0 2 96 686 296 485 160 480 480 480 0 128 128 128 0 1 1.0 1.0
279000 280000 2 2 28 28 27 636 636 52 52 0 73629 73629 0 0 0 52 628 42 335 414 0 0 0 0 0 0 0 0 0 0.0 0.0
280000 281000 2 2 44 44 41 2282 2282 74 74 2 98176 98176 0 0 2 72 515 379 447 96 480 480 480 0 128 128 128 0 1 1.0 1.0
281000 282000 1 1 10 10 10 218 218 16 16 0 21878 21878 0 0 0 15 180 180 180 0 0 0 0 0 0 0 0 0 0 0.0 0.0
282000 283000 3 3 45 45 42 2110 2110 96 96 2 126762 126762 0 0 2 92 530 64 332 241 840 840 840 0 128 128 128 0 1 1.0 1.0
283000 284000 2 1 31 31 30 823 823 58 58 0 80212 80212 0 0 0 57 525 458 492 47 0 0 0 0 0 0 0 0 0 0.0 0.0
284000 285000 4 3 46 46 43 1651 1651 79 79 2 107956 107956 0 0 1 76 503 16 322 222 840 840 840 0 128 128 128 0 1 1.0 1.0
285000 286000 2 1 30 30 28 1243 1243 55 55 0 76626 76626 0 0 1 54 493 492 492 0 0 0 0 0 0 0 0 0 0 0.0 0.0
286000 287000 3 2 48 48 46 1254 1254 87 87 2 117567 117567 0 0 1 85 500 191 395 176 840 840 840 0 128 128 128 0 1 1.0 1.0
287000 288000 2 1 35 35 34 1257 1257 59 59 1 81237 81237 0 0 1 58 500 497 498 1 0 0 0 0 0 0 0 0 0 0.0 0.0
288000 289000 3 2 42 42 40 1248 1248 84 84 2 115547 115547 0 0 1 82 505 469 488 18 840 840 840 0 128 128 128 0 1 1.0 1.0
289000 290000 2 1 36 36 34 1264 1264 68 68 1 93182 93182 0 0 1 66 504 490 497 9 0 0 0 0 0 0 0 0 0 0.0 0.0
290000 291000 3 2 52 52 50 1258 1258 87 87 1 119952 119952 0 0 1 85 533 241 418 155 840 840 840 0 128 128 128 0 1 1.0 1.0
291000 292000 2 1 38 38 37 827 827 64 64 0 89793 89793 0 0 0 63 526 465 496 42 0 0 0 0 0 0 0 0 0 0.0 0.0
292000 293000 3 2 47 47 45 1659 1659 90 90 1 123563 123563 0 0 1 88 512 464 480 27 840 840 840 0 128 128 128 0 1 1.0 1.0
293000 294000 2 1 28 28 27 826 826 55 55 0 76058 76058 0 0 0 54 511 477 494 23 0 0 0 0 0 0 0 0 0 0.0 0.0
294000 295000 3 2 45 45 43 1641 1641 86 86 1 116437 116437 0 0 1 85 484 370 444 63 840 840 840 0 128 128 128 0 1 1.0 1.0
295000 296000 2 1 30 30 29 1231 1231 58 58 1 79104 79104 0 0 1 57 518 466 492 37 0 0 0 0 0 0 0 0 0 0.0 0.0
296000 297000 3 2 42 42 41 1309 1309 77 77 1 108022 108022 0 0 1 76 523 172 401 198 840 840 840 0 128 128 128 0 1 1.0 1.0
297000 298000 2 1 25 25 24 825 825 49 49 0 67576 67576 0 0 0 48 515 469 492 32 0 0 0 0 0 0 0 0 0 0.0 0.0
298000 299000 3 2 39 39 37 1660 1660 78 78 1 106017 106017 0 0 1 76 501 301 425 107 840 840 840 0 128 128 128 0 1 1.0 1.0
299000 300000 2 1 27 27 26 412 412 50 50 0 68974 68974 0 0 0 49 483 66 274 294 0 0 0 0 0 0 0 0 0 0.0 0.0
300000 301000 0 0 0 0 0 0 0 0 0 0 0 0 0 0 0 0 0 0 0 0 0 0 0 0 0 0 0 0 0  
