ts te nbins ncons c_tcp_packs c_tcp_bytes c_udp_packs c_udp_bytes s_tcp_packs s_tcp_bytes s_udp_packs s_udp_bytes max_bins_span min_bins_span avg_bins_span std_bins_span max_video_rate min_video_rate avg_video_rate std_video_rate max_audio_rate min_audio_rate avg_audio_rate std_audio_rate video_requests audio_requests
0 1000 1 1 0 0 8 1080 0 0 21 30234 117 117 117 0 0 0 0 0 0 0 0 0 0 0
1000 2000 2 1 0 0 169 14087 0 0 1042 1303373 881 114 497 542 4400 4400 4400 0 128 128 128 0 2 2
2000 3000 1 1 0 0 682 39612 0 0 5813 7113944 753 753 753 0 4400 4400 4400 0 128 128 128 0 6 6
3000 4000 1 1 0 0 4 309 0 0 41 48879 20 20 20 0 0 0 0 0 0 0 0 0 0 0
4000 5000 2 1 0 0 213 14583 0 0 1956 2305531 979 20 499 677 8000 4400 6800 2078 128 128 128 0 3 3
5000 6000 1 1 0 0 52 3218 0 0 475 556673 756 756 756 0 0 0 0 0 0 0 0 0 0 0
7000 8000 1 1 0 0 145 8645 0 0 1412 1674061 419 419 419 0 8000 8000 8000 0 128 128 128 0 1 1
8000 9000 1 1 0 0 35 2086 0 0 331 394034 166 166 166 0 8000 8000 8000 0 128 128 128 0 1 1
9000 10000 1 1 0 0 163 9451 0 0 1501 1785408 755 755 755 0 0 0 0 0 0 0 0 0 0 0
11000 12000 1 1 0 0 103 6033 0 0 956 1132330 310 310 310 0 8000 8000 8000 0 128 128 128 0 1 1
12000 13000 2 1 0 0 120 7063 0 0 1111 1310727 265 163 214 72 8000 8000 8000 0 128 128 128 0 1 1
13000 14000 1 1 0 0 144 8589 0 0 1323 1545279 735 735 735 0 0 0 0 0 0 0 0 0 0 0
15000 16000 1 1 0 0 172 10486 0 0 1585 1882403 312 312 312 0 8000 8000 8000 0 128 128 128 0 1 1
16000 17000 2 1 0 0 30 1929 0 0 292 345255 163 5 84 111 8000 8000 8000 0 128 128 128 0 1 1
17000 18000 1 1 0 0 128 8034 0 0 1216 1437065 752 752 752 0 0 0 0 0 0 0 0 0 0 0
18000 19000 1 1 0 0 38 2288 0 0 352 407819 169 169 169 0 8000 8000 8000 0 128 128 128 0 1 1
19000 20000 1 1 0 0 166 9995 0 0 1540 1781026 740 740 740 0 0 0 0 0 0 0 0 0 0 0
20000 21000 1 1 0 0 186 10698 0 0 1763 2093471 284 284 284 0 8000 8000 8000 0 128 128 128 0 1 1
21000 22000 1 1 0 0 5 896 0 0 5 3529 63 63 63 0 0 0 0 0 0 0 0 0 0 0
23000 24000 1 1 0 0 118 7618 0 0 1108 1281742 312 312 312 0 8000 8000 8000 0 128 128 128 0 1 1
24000 25000 1 1 0 0 69 4420 0 0 643 743760 181 181 181 0 0 0 0 0 0 0 0 0 0 0
25000 26000 1 1 0 0 117 6696 0 0 1147 1351929 310 310 310 0 8000 8000 8000 0 128 128 128 0 1 1
26000 27000 1 1 0 0 241 13814 0 0 2368 2789054 640 640 640 0 8000 8000 8000 0 128 128 128 0 1 1
27000 28000 1 1 0 0 2 751 0 0 5 3597 73 73 73 0 0 0 0 0 0 0 0 0 0 0
29000 30000 1 1 0 0 258 15205 0 0 2520 2981891 312 312 312 0 8000 8000 8000 0 128 128 128 0 2 2
30000 31000 1 1 0 0 94 5519 0 0 914 1082391 113 113 113 0 0 0 0 0 0 0 0 0 0 0
31000 32000 1 1 0 0 159 9688 0 0 1501 1778751 311 311 311 0 8000 8000 8000 0 128 128 128 0 1 1
32000 33000 3 3 4 0 13 830 4 48 128 152516 100 26 67 37 0 0 0 0 0 0 0 0 0 0
33000 34000 1 1 0 0 88 5699 0 0 836 989011 312 312 312 0 8000 8000 8000 0 128 128 128 0 1 1
34000 35000 1 1 0 0 93 5999 0 0 880 1041006 328 328 328 0 0 0 0 0 0 0 0 0 0 0
35000 36000 3 3 0 0 2 751 0 0 5 3578 55 0 18 31 0 0 0 0 0 0 0 0 0 0
37000 38000 1 1 0 0 282 17359 0 0 2667 3148162 312 312 312 0 8000 8000 8000 0 128 128 128 0 2 2
38000 39000 1 1 0 0 93 5746 0 0 882 1042240 103 103 103 0 0 0 0 0 0 0 0 0 0 0
39000 40000 1 1 0 0 84 5390 0 0 797 941742 312 312 312 0 8000 8000 8000 0 128 128 128 0 1 1
40000 41000 1 1 0 0 68 4331 0 0 641 756766 251 251 251 0 0 0 0 0 0 0 0 0 0 0
41000 42000 1 1 0 0 85 5301 0 0 814 961694 310 310 310 0 8000 8000 8000 0 128 128 128 0 1 1
42000 43000 1 1 0 0 103 6415 0 0 985 1163675 375 375 375 0 0 0 0 0 0 0 0 0 0 0
43000 44000 1 1 0 0 95 5894 0 0 937 1114735 312 312 312 0 8000 8000 8000 0 128 128 128 0 1 1
44000 45000 1 1 0 0 101 6216 0 0 988 1175533 329 329 329 0 0 0 0 0 0 0 0 0 0 0
45000 46000 1 1 0 0 172 10771 0 0 1569 1858624 403 403 403 0 8000 8000 8000 0 128 128 128 0 1 1
47000 48000 1 1 0 0 193 11733 0 0 1765 2090124 405 405 405 0 8000 8000 8000 0 128 128 128 0 1 1
49000 50000 1 1 0 0 194 12347 0 0 1835 2172128 571 571 571 0 8000 8000 8000 0 128 128 128 0 1 1
51000 52000 1 1 0 0 184 11246 0 0 1705 2017727 407 407 407 0 8000 8000 8000 0 128 128 128 0 1 1
53000 54000 1 1 0 0 163 10145 0 0 1545 1812751 409 409 409 0 8000 8000 8000 0 128 128 128 0 1 1
54000 55000 1 1 0 0 31 1969 0 0 303 357829 163 163 163 0 8000 8000 8000 0 128 128 128 0 1 1
55000 56000 1 1 0 0 144 8886 0 0 1367 1614203 738 738 738 0 0 0 0 0 0 0 0 0 0 0
56000 57000 1 1 0 0 34 2102 0 0 321 380834 163 163 163 0 8000 8000 8000 0 128 128 128 0 1 1
57000 58000 1 1 0 0 158 9516 0 0 1452 1723715 739 739 739 0 0 0 0 0 0 0 0 0 0 0
58000 59000 1 1 0 0 34 2089 0 0 322 380748 167 167 167 0 8000 8000 8000 0 128 128 128 0 1 1
59000 60000 1 1 0 0 154 9346 0 0 1444 1703051 748 748 748 0 0 0 0 0 0 0 0 0 0 0
60000 61000 1 1 0 0 31 1935 0 0 313 372721 164 164 164 0 8000 8000 8000 0 128 128 128 0 1 1
61000 62000 1 1 0 0 143 8806 0 0 1428 1695562 747 747 747 0 0 0 0 0 0 0 0 0 0 0
62000 63000 1 1 0 0 93 5830 0 0 848 1182818 908 908 908 0 8000 8000 8000 0 128 128 128 0 1 1
63000 64000 2 1 0 0 56 3608 0 0 521 714888 662 91 377 403 0 0 0 0 0 0 0 0 0 0
64000 65000 1 1 0 0 24 1539 0 0 232 323716 165 165 165 0 8000 8000 8000 0 128 128 128 0 1 1
65000 66000 1 1 0 0 109 6862 0 0 1036 1443109 738 738 738 0 0 0 0 0 0 0 0 0 0 0
66000 67000 1 1 0 0 159 8947 0 0 1555 2165294 261 261 261 0 8000 8000 8000 0 128 128 128 0 1 1
67000 68000 1 1 0 0 54 3318 0 0 539 743658 312 312 312 0 0 0 0 0 0 0 0 0 0 0
68000 69000 1 1 0 0 115 6958 0 0 1131 1559558 656 656 656 0 8000 8000 8000 0 128 128 128 0 1 1
69000 70000 1 1 0 0 52 3218 0 0 510 711071 311 311 311 0 0 0 0 0 0 0 0 0 0 0
70000 71000 1 1 0 0 100 6097 0 0 966 1347316 589 589 589 0 8000 8000 8000 0 128 128 128 0 1 1
71000 72000 1 1 0 0 49 3135 0 0 466 646303 311 311 311 0 0 0 0 0 0 0 0 0 0 0
72000 73000 1 1 0 0 98 6297 0 0 935 1298068 625 625 625 0 8000 8000 8000 0 128 128 128 0 1 1
73000 74000 1 1 0 0 2 751 0 0 5 3600 54 54 54 0 0 0 0 0 0 0 0 0 0 0
75000 76000 1 1 0 0 138 8916 0 0 1266 1753780 310 310 310 0 8000 8000 8000 0 128 128 128 0 1 1
76000 77000 1 1 0 0 171 11083 0 0 1573 2180075 385 385 385 0 8000 8000 8000 0 128 128 128 0 1 1
77000 78000 1 1 0 0 2 751 0 0 5 3601 52 52 52 0 0 0 0 0 0 0 0 0 0 0
79000 80000 1 1 0 0 195 11980 0 0 1876 2545542 310 310 310 0 8000 8000 8000 0 128 128 128 0 2 2
80000 81000 1 1 0 0 107 6611 0 0 1035 1404683 171 171 171 0 0 0 0 0 0 0 0 0 0 0
81000 82000 1 1 0 0 130 7957 0 0 1234 1734657 311 311 311 0 8000 8000 8000 0 128 128 128 0 1 1
82000 83000 1 1 0 0 34 2066 0 0 320 450399 80 80 80 0 0 0 0 0 0 0 0 0 0 0
83000 84000 1 1 0 0 3 799 0 0 5 3602 60 60 60 0 0 0 0 0 0 0 0 0 0 0
85000 86000 1 1 0 0 236 14971 0 0 2177 3037278 311 311 311 0 8000 8000 8000 0 128 128 128 0 2 2
86000 87000 1 1 0 0 45 2853 0 0 415 578840 59 59 59 0 0 0 0 0 0 0 0 0 0 0
87000 88000 1 1 0 0 150 9458 0 0 1366 1923295 265 265 265 0 8000 8000 8000 0 128 128 128 0 1 1
89000 90000 1 1 0 0 145 9073 0 0 1327 1835384 310 310 310 0 8000 8000 8000 0 128 128 128 0 1 1
90000 91000 1 1 0 0 18 1182 0 0 172 239273 40 40 40 0 0 0 0 0 0 0 0 0 0 0
91000 92000 1 1 0 0 168 10039 0 0 1614 2235978 402 402 402 0 8000 8000 8000 0 128 128 128 0 1 1
93000 94000 1 1 0 0 97 5971 0 0 938 1291906 310 310 310 0 8000 8000 8000 0 128 128 128 0 1 1
94000 95000 1 1 0 0 49 3050 0 0 479 659809 158 158 158 0 0 0 0 0 0 0 0 0 0 0
95000 96000 1 1 0 0 151 8955 0 0 1472 2061632 308 308 308 0 8000 8000 8000 0 128 128 128 0 1 1
96000 97000 1 1 0 0 25 1516 0 0 249 349206 52 52 52 0 0 0 0 0 0 0 0 0 0 0
97000 98000 1 1 0 0 150 9303 0 0 1387 1937968 415 415 415 0 8000 8000 8000 0 128 128 128 0 1 1
99000 100000 1 1 0 0 144 9202 0 0 1317 1830647 420 420 420 0 8000 8000 8000 0 128 128 128 0 1 1
101000 102000 1 1 0 0 166 10364 0 0 1538 2137562 505 505 505 0 8000 8000 8000 0 128 128 128 0 1 1
103000 104000 1 1 0 0 85 5736 0 0 793 1103810 310 310 310 0 8000 8000 8000 0 128 128 128 0 1 1
104000 105000 1 1 0 0 65 4437 0 0 613 853756 240 240 240 0 0 0 0 0 0 0 0 0 0 0
105000 106000 1 1 0 0 159 9678 0 0 1475 2037163 311 311 311 0 8000 8000 8000 0 128 128 128 0 1 1
106000 107000 2 1 0 0 34 2069 0 0 329 458810 166 11 88 110 8000 8000 8000 0 128 128 128 0 1 1
107000 108000 1 1 0 0 127 7736 0 0 1242 1732232 746 746 746 0 0 0 0 0 0 0 0 0 0 0
108000 109000 1 1 0 0 27 1725 0 0 260 360399 166 166 166 0 8000 8000 8000 0 128 128 128 0 1 1
109000 110000 1 1 0 0 125 7714 0 0 1163 1611534 743 743 743 0 0 0 0 0 0 0 0 0 0 0
110000 111000 1 1 0 0 28 1807 0 0 267 373615 170 170 170 0 8000 8000 8000 0 128 128 128 0 1 1
111000 112000 1 1 0 0 127 7979 0 0 1183 1649907 751 751 751 0 0 0 0 0 0 0 0 0 0 0
112000 113000 1 1 0 0 134 8052 0 0 1248 1720171 210 210 210 0 8000 8000 8000 0 128 128 128 0 1 1
113000 114000 1 1 0 0 2 751 0 0 5 3602 77 77 77 0 0 0 0 0 0 0 0 0 0 0
114000 115000 1 1 0 0 28 1794 0 0 266 368980 166 166 166 0 8000 8000 8000 0 128 128 128 0 1 1
115000 116000 1 1 0 0 128 8058 0 0 1197 1656990 747 747 747 0 0 0 0 0 0 0 0 0 0 0
116000 117000 1 1 0 0 139 7983 0 0 1369 1901044 268 268 268 0 8000 8000 8000 0 128 128 128 0 1 1
118000 119000 1 1 0 0 158 9522 0 0 1504 2058399 393 393 393 0 8000 8000 8000 0 128 128 128 0 1 1
119000 120000 1 1 0 0 60 3583 0 0 571 767632 310 310 310 0 0 0 0 0 0 0 0 0 0 0
120000 121000 1 1 0 0 116 6947 0 0 1108 1488487 601 601 601 0 8000 8000 8000 0 128 128 128 0 1 1
121000 122000 1 1 0 0 50 3180 0 0 467 647830 312 312 312 0 0 0 0 0 0 0 0 0 0 0
122000 123000 2 1 0 0 110 7140 0 0 1018 1410210 681 308 494 263 8000 8000 8000 0 128 128 128 0 1 1
123000 124000 2 1 0 0 1 533 0 0 5 3654 687 25 356 468 0 0 0 0 0 0 0 0 0 0
125000 126000 1 1 0 0 231 14291 0 0 2187 3060602 312 312 312 0 8000 8000 8000 0 128 128 128 0 2 2
126000 127000 1 1 0 0 66 4079 0 0 624 873679 89 89 89 0 0 0 0 0 0 0 0 0 0 0
127000 128000 1 1 0 0 82 5118 0 0 756 1040755 311 311 311 0 8000 8000 8000 0 128 128 128 0 1 1
128000 129000 1 1 0 0 54 3411 0 0 503 693778 207 207 207 0 0 0 0 0 0 0 0 0 0 0
129000 130000 1 1 0 0 2 751 0 0 5 3588 74 74 74 0 0 0 0 0 0 0 0 0 0 0
131000 132000 1 1 0 0 238 14295 0 0 2294 3211460 310 310 310 0 8000 8000 8000 0 128 128 128 0 2 2
132000 133000 1 1 0 0 54 3248 0 0 521 729704 70 70 70 0 0 0 0 0 0 0 0 0 0 0
133000 134000 1 1 0 0 149 9410 0 0 1396 1941984 300 300 300 0 8000 8000 8000 0 128 128 128 0 1 1
135000 136000 1 1 0 0 115 7105 0 0 1098 1542191 313 313 313 0 8000 8000 8000 0 128 128 128 0 1 1
136000 137000 1 1 0 0 28 1777 0 0 275 385919 78 78 78 0 0 0 0 0 0 0 0 0 0 0
137000 138000 1 1 0 0 156 9459 0 0 1501 2113215 300 300 300 0 8000 8000 8000 0 128 128 128 0 1 1
139000 140000 1 1 0 0 92 5658 0 0 883 1233076 310 310 310 0 8000 8000 8000 0 128 128 128 0 1 1
140000 141000 1 1 0 0 54 3372 0 0 526 735081 185 185 185 0 0 0 0 0 0 0 0 0 0 0
141000 142000 1 1 0 0 135 8445 0 0 1299 1806875 282 282 282 0 8000 8000 8000 0 128 128 128 0 1 1
143000 144000 1 1 0 0 164 9861 0 0 1517 2112913 418 418 418 0 8000 8000 8000 0 128 128 128 0 1 1
145000 146000 1 1 0 0 146 9785 0 0 1350 1879512 311 311 311 0 8000 8000 8000 0 128 128 128 0 1 1
146000 147000 1 1 0 0 8 592 0 0 81 113825 18 18 18 0 0 0 0 0 0 0 0 0 0 0
147000 148000 1 1 0 0 161 9703 0 0 1517 2113299 399 399 399 0 8000 8000 8000 0 128 128 128 0 1 1
149000 150000 1 1 0 0 155 9504 0 0 1456 2024583 406 406 406 0 8000 8000 8000 0 128 128 128 0 1 1
150000 151000 1 1 0 0 28 1793 0 0 269 374944 170 170 170 0 8000 8000 8000 0 128 128 128 0 1 1
151000 152000 1 1 0 0 125 7867 0 0 1181 1644664 749 749 749 0 0 0 0 0 0 0 0 0 0 0
152000 153000 1 1 0 0 28 1761 0 0 258 358867 168 168 168 0 8000 8000 8000 0 128 128 128 0 1 1
153000 154000 1 1 0 0 125 7901 0 0 1160 1609964 758 758 758 0 0 0 0 0 0 0 0 0 0 0
154000 155000 1 1 0 0 31 1935 0 0 298 413180 172 172 172 0 8000 8000 8000 0 128 128 128 0 1 1
155000 156000 1 1 0 0 133 8283 0 0 1278 1767843 736 736 736 0 0 0 0 0 0 0 0 0 0 0
157000 158000 1 1 0 0 85 5493 0 0 808 1121315 311 311 311 0 8000 8000 8000 0 128 128 128 0 1 1
158000 159000 2 1 0 0 107 6831 0 0 1011 1401810 290 172 231 83 8000 8000 8000 0 128 128 128 0 1 1
159000 160000 1 1 0 0 117 7234 0 0 1089 1508051 737 737 737 0 0 0 0 0 0 0 0 0 0 0
161000 162000 1 1 0 0 109 6385 0 0 1054 1468272 312 312 312 0 8000 8000 8000 0 128 128 128 0 1 1
162000 163000 1 1 0 0 210 12257 0 0 2024 2818734 600 600 600 0 8000 8000 8000 0 128 128 128 0 1 1
163000 164000 1 1 0 0 2 751 0 0 5 3580 60 60 60 0 0 0 0 0 0 0 0 0 0 0
165000 166000 1 1 0 0 91 5451 0 0 875 1209228 311 311 311 0 8000 8000 8000 0 128 128 128 0 1 1
166000 167000 1 1 0 0 190 11359 0 0 1825 2519503 649 649 649 0 8000 8000 8000 0 128 128 128 0 1 1
167000 168000 1 1 0 0 41 2666 0 0 388 541235 310 310 310 0 0 0 0 0 0 0 0 0 0 0
168000 169000 2 1 0 0 99 6430 0 0 913 1269878 688 308 498 269 8000 8000 8000 0 128 128 128 0 1 1
169000 170000 2 1 0 0 58 3843 0 0 498 686534 689 284 487 286 0 0 0 0 0 0 0 0 0 0
170000 171000 1 1 0 0 96 5741 0 0 815 1135289 608 608 608 0 8000 8000 8000 0 128 128 128 0 1 1
171000 172000 1 1 0 0 113 6704 0 0 1084 1499818 310 310 310 0 8000 8000 8000 0 128 128 128 0 1 1
172000 173000 1 1 0 0 64 3809 0 0 616 852313 176 176 176 0 0 0 0 0 0 0 0 0 0 0
173000 174000 1 1 0 0 50 3112 0 0 479 629400 311 311 311 0 0 0 0 0 0 0 0 0 0 0
174000 175000 1 1 0 0 89 5576 0 0 859 1127691 558 558 558 0 8000 8000 8000 0 128 128 128 0 1 1
175000 176000 1 1 0 0 87 5232 0 0 836 1150736 311 311 311 0 8000 8000 8000 0 128 128 128 0 1 1
176000 177000 1 1 0 0 76 4599 0 0 735 1011428 273 273 273 0 0 0 0 0 0 0 0 0 0 0
177000 178000 1 1 0 0 136 8612 0 0 1285 1788346 312 312 312 0 8000 8000 8000 0 128 128 128 0 1 1
178000 179000 1 1 0 0 8 563 0 0 84 117097 20 20 20 0 0 0 0 0 0 0 0 0 0 0
179000 180000 1 1 0 0 155 9735 0 0 1440 2003414 311 311 311 0 8000 8000 8000 0 128 128 128 0 1 1
180000 181000 1 1 0 0 7 440 0 0 65 90675 14 14 14 0 0 0 0 0 0 0 0 0 0 0
181000 182000 1 1 0 0 2 751 0 0 5 3545 72 72 72 0 0 0 0 0 0 0 0 0 0 0
183000 184000 1 1 0 0 263 16132 0 0 2461 3359262 312 312 312 0 8000 8000 8000 0 128 128 128 0 2 2
184000 185000 1 1 0 0 69 4268 0 0 651 888821 82 82 82 0 0 0 0 0 0 0 0 0 0 0
185000 186000 1 1 0 0 112 7113 0 0 1048 1464354 311 311 311 0 8000 8000 8000 0 128 128 128 0 1 1
186000 187000 1 1 0 0 33 2136 0 0 315 439797 93 93 93 0 0 0 0 0 0 0 0 0 0 0
187000 188000 1 1 0 0 159 9971 0 0 1471 2037121 301 301 301 0 8000 8000 8000 0 128 128 128 0 1 1
189000 190000 1 1 0 0 155 9658 0 0 1467 2036220 405 405 405 0 8000 8000 8000 0 128 128 128 0 1 1
191000 192000 1 1 0 0 163 10143 0 0 1504 2086552 424 424 424 0 8000 8000 8000 0 128 128 128 0 1 1
193000 194000 1 1 0 0 154 10159 0 0 1383 1938101 310 310 310 0 8000 8000 8000 0 128 128 128 0 1 1
194000 195000 1 1 0 0 9 641 0 0 87 122333 19 19 19 0 0 0 0 0 0 0 0 0 0 0
195000 196000 1 1 0 0 138 8906 0 0 1277 1759242 405 405 405 0 8000 8000 8000 0 128 128 128 0 1 1
197000 198000 1 1 0 0 146 9331 0 0 1249 1737310 408 408 408 0 8000 8000 8000 0 128 128 128 0 1 1
198000 199000 1 1 0 0 32 1965 0 0 299 417415 170 170 170 0 8000 8000 8000 0 128 128 128 0 1 1
199000 200000 1 1 0 0 142 8748 0 0 1335 1858058 756 756 756 0 0 0 0 0 0 0 0 0 0 0
200000 201000 1 1 0 0 24 1544 0 0 232 323454 168 168 168 0 8000 8000 8000 0 128 128 128 0 1 1
201000 202000 1 1 0 0 109 6852 0 0 1033 1435438 747 747 747 0 0 0 0 0 0 0 0 0 0 0
202000 203000 1 1 0 0 30 1814 0 0 287 394874 170 170 170 0 8000 8000 8000 0 128 128 128 0 1 1
203000 204000 1 1 0 0 132 7972 0 0 1264 1734967 749 749 749 0 0 0 0 0 0 0 0 0 0 0
204000 205000 1 1 0 0 29 1766 0 0 285 398010 166 166 166 0 8000 8000 8000 0 128 128 128 0 1 1
205000 206000 1 1 0 0 132 7984 0 0 1292 1798648 754 754 754 0 0 0 0 0 0 0 0 0 0 0
206000 207000 1 1 0 0 31 1870 0 0 292 388249 169 169 169 0 8000 8000 8000 0 128 128 128 0 1 1
207000 208000 1 1 0 0 138 8250 0 0 1288 1712938 746 746 746 0 0 0 0 0 0 0 0 0 0 0
209000 210000 1 1 0 0 96 5858 0 0 904 1216057 309 309 309 0 8000 8000 8000 0 128 128 128 0 1 1
210000 211000 1 1 0 0 196 11956 0 0 1845 2481753 632 632 632 0 8000 8000 8000 0 128 128 128 0 1 1
211000 212000 1 1 0 0 58 3669 0 0 536 728591 310 310 310 0 0 0 0 0 0 0 0 0 0 0
212000 213000 1 1 0 0 111 7003 0 0 1023 1390667 592 592 592 0 8000 8000 8000 0 128 128 128 0 1 1
213000 214000 1 1 0 0 54 3392 0 0 490 683813 311 311 311 0 0 0 0 0 0 0 0 0 0 0
214000 215000 1 1 0 0 107 6755 0 0 977 1361896 620 620 620 0 8000 8000 8000 0 128 128 128 0 1 1
215000 216000 1 1 0 0 2 797 0 0 2 1261 310 310 310 0 0 0 0 0 0 0 0 0 0 0
216000 217000 2 1 0 0 47 3872 0 0 434 594486 578 276 427 213 8000 8000 8000 0 128 128 128 0 1 1
217000 218000 2 1 0 0 157 8745 0 0 1531 2113981 719 261 490 324 0 0 0 0 0 0 0 0 0 0
218000 219000 1 1 0 0 96 5627 0 0 916 1273976 579 579 579 0 8000 8000 8000 0 128 128 128 0 1 1
219000 220000 1 1 0 0 46 2994 0 0 429 576314 311 311 311 0 0 0 0 0 0 0 0 0 0 0
220000 221000 2 1 0 0 101 6700 0 0 928 1244781 673 305 489 260 8000 8000 8000 0 128 128 128 0 1 1
221000 222000 2 1 0 0 2 570 0 0 6 3630 688 24 356 469 0 0 0 0 0 0 0 0 0 0
223000 224000 1 1 0 0 148 9805 0 0 1431 2007535 311 311 311 0 8000 8000 8000 0 128 128 128 0 2 2
224000 225000 1 1 0 0 159 10477 0 0 1530 2145188 332 332 332 0 0 0 0 0 0 0 0 0 0 0
225000 226000 1 1 0 0 144 8921 0 0 1370 1829680 311 311 311 0 8000 8000 8000 0 128 128 128 0 1 1
226000 227000 1 1 0 0 17 1093 0 0 167 224238 38 38 38 0 0 0 0 0 0 0 0 0 0 0
227000 228000 1 1 0 0 148 9079 0 0 1418 1971448 280 280 280 0 8000 8000 8000 0 128 128 128 0 1 1
229000 230000 1 1 0 0 2 751 0 0 5 3543 63 63 63 0 0 0 0 0 0 0 0 0 0 0
231000 232000 1 1 0 0 199 11813 0 0 1927 2685267 309 309 309 0 8000 8000 8000 0 128 128 128 0 2 2
232000 233000 1 1 0 0 100 5949 0 0 970 1352380 155 155 155 0 0 0 0 0 0 0 0 0 0 0
233000 234000 1 1 0 0 74 4630 0 0 689 969216 312 312 312 0 8000 8000 8000 0 128 128 128 0 1 1
234000 235000 1 1 0 0 84 5277 0 0 786 1104551 356 356 356 0 0 0 0 0 0 0 0 0 0 0
235000 236000 1 1 0 0 133 8379 0 0 1174 1621392 311 311 311 0 8000 8000 8000 0 128 128 128 0 1 1
236000 237000 1 1 0 0 31 1942 0 0 272 375811 72 72 72 0 0 0 0 0 0 0 0 0 0 0
238000 239000 1 1 0 0 161 10680 0 0 1477 2073012 738 738 738 0 8000 8000 8000 0 128 128 128 0 1 1
239000 240000 1 1 0 0 169 9781 0 0 1525 2078319 342 342 342 0 8000 8000 8000 0 128 128 128 0 1 1
241000 242000 1 1 0 0 150 9544 0 0 1353 1899708 310 310 310 0 8000 8000 8000 0 128 128 128 0 1 1
242000 243000 1 1 0 0 8 524 0 0 74 104292 17 17 17 0 0 0 0 0 0 0 0 0 0 0
243000 244000 1 1 0 0 154 9658 0 0 1434 2017565 288 288 288 0 8000 8000 8000 0 128 128 128 0 1 1
245000 246000 1 1 0 0 164 10221 0 0 1446 1911739 383 383 383 0 8000 8000 8000 0 128 128 128 0 1 1
246000 247000 1 1 0 0 28 1802 0 0 260 361894 162 162 162 0 8000 8000 8000 0 128 128 128 0 1 1
247000 248000 1 1 0 0 129 8162 0 0 1178 1638712 735 735 735 0 0 0 0 0 0 0 0 0 0 0
249000 250000 1 1 0 0 53 3439 0 0 489 638464 312 312 312 0 8000 8000 8000 0 128 128 128 0 1 1
250000 251000 2 1 0 0 115 7782 0 0 1050 1366762 662 205 433 323 0 0 0 0 0 0 0 0 0 0
251000 252000 2 1 0 0 145 8639 0 0 1348 1860847 794 152 473 453 8000 8000 8000 0 128 128 128 0 1 1
252000 253000 1 1 0 0 29 1807 0 0 281 388375 165 165 165 0 8000 8000 8000 0 128 128 128 0 1 1
253000 254000 1 1 0 0 135 8287 0 0 1290 1780671 759 759 759 0 0 0 0 0 0 0 0 0 0 0
254000 255000 1 1 0 0 28 1772 0 0 251 351039 170 170 170 0 8000 8000 8000 0 128 128 128 0 1 1
255000 256000 2 1 0 0 151 9403 0 0 1348 1877520 777 134 455 454 0 0 0 0 0 0 0 0 0 0
256000 257000 2 1 0 0 144 8542 0 0 1276 1769474 863 130 496 517 8000 8000 8000 0 128 128 128 0 1 1
257000 258000 1 1 0 0 3 738 0 0 12 3402 836 836 836 0 0 0 0 0 0 0 0 0 0 0
259000 260000 1 1 0 0 97 5990 0 0 896 1242496 310 310 310 0 8000 8000 8000 0 128 128 128 0 1 1
260000 261000 1 1 0 0 205 12541 0 0 1876 2601005 650 650 650 0 8000 8000 8000 0 128 128 128 0 1 1
261000 262000 1 1 0 0 54 3289 0 0 521 724512 311 311 311 0 0 0 0 0 0 0 0 0 0 0
262000 263000 1 1 0 0 103 6256 0 0 991 1378303 593 593 593 0 8000 8000 8000 0 128 128 128 0 1 1
263000 264000 1 1 0 0 49 3020 0 0 478 663455 312 312 312 0 0 0 0 0 0 0 0 0 0 0
264000 265000 1 1 0 0 107 6485 0 0 1026 1424353 670 670 670 0 8000 8000 8000 0 128 128 128 0 1 1
265000 266000 1 1 0 0 48 2940 0 0 459 636758 311 311 311 0 0 0 0 0 0 0 0 0 0 0
266000 267000 2 1 0 0 101 6397 0 0 966 1339083 655 300 478 250 8000 8000 8000 0 128 128 128 0 1 1
267000 268000 2 1 0 0 1 536 0 0 5 3619 688 24 356 469 0 0 0 0 0 0 0 0 0 0
269000 270000 1 1 0 0 203 11955 0 0 1952 2738654 312 312 312 0 8000 8000 8000 0 128 128 128 0 2 1
270000 271000 1 1 0 0 103 6078 0 0 993 1392548 158 158 158 0 0 0 0 0 128 128 128 0 0 1
271000 272000 1 1 0 0 132 8047 0 0 1249 1638215 312 312 312 0 8000 8000 8000 0 128 128 128 0 1 1
272000 273000 1 1 0 0 35 2149 0 0 333 437522 83 83 83 0 0 0 0 0 0 0 0 0 0 0
273000 274000 1 1 0 0 5 896 0 0 5 3590 61 61 61 0 0 0 0 0 0 0 0 0 0 0
275000 276000 1 1 0 0 219 13485 0 0 2071 2902969 311 311 311 0 8000 8000 8000 0 128 128 128 0 2 2
276000 277000 1 1 0 0 83 5135 0 0 789 1105636 118 118 118 0 0 0 0 0 0 0 0 0 0 0
277000 278000 1 1 0 0 2 751 0 0 5 3528 56 56 56 0 0 0 0 0 0 0 0 0 0 0
279000 280000 1 1 0 0 263 15558 0 0 2532 3447835 311 311 311 0 8000 8000 8000 0 128 128 128 0 2 2
280000 281000 1 1 0 0 38 2302 0 0 374 510171 46 46 46 0 0 0 0 0 0 0 0 0 0 0
281000 282000 1 1 0 0 114 8144 0 0 1031 1447267 312 312 312 0 8000 8000 8000 0 128 128 128 0 1 1
282000 283000 1 1 0 0 40 2921 0 0 370 519080 111 111 111 0 0 0 0 0 0 0 0 0 0 0
283000 284000 1 1 0 0 183 11148 0 0 1810 2421375 411 411 411 0 8000 8000 8000 0 128 128 128 0 1 1
285000 286000 1 1 0 0 146 8977 0 0 1411 1898879 280 280 280 0 8000 8000 8000 0 128 128 128 0 1 1
287000 288000 1 1 0 0 140 8689 0 0 1332 1875291 406 406 406 0 8000 8000 8000 0 128 128 128 0 1 1
289000 290000 1 1 0 0 140 8690 0 0 1339 1797879 411 411 411 0 8000 8000 8000 0 128 128 128 0 1 1
291000 292000 1 1 0 0 151 9223 0 0 1453 2045251 308 308 308 0 8000 8000 8000 0 128 128 128 0 1 1
292000 293000 1 1 0 0 30 1809 0 0 291 408920 166 166 166 0 8000 8000 8000 0 128 128 128 0 1 1
293000 294000 1 1 0 0 136 8182 0 0 1319 1849610 753 753 753 0 0 0 0 0 0 0 0 0 0 0
