ts te nbins ncons c_tcp_packs c_tcp_bytes c_udp_packs c_udp_bytes s_tcp_packs s_tcp_bytes s_udp_packs s_udp_bytes max_bins_span min_bins_span avg_bins_span std_bins_span max_video_rate min_video_rate avg_video_rate std_video_rate max_audio_rate min_audio_rate avg_audio_rate std_audio_rate video_requests audio_requests
0 1000 17 15 124 35295 7 2083 180 167768 6 224 554 2 185 181 0 0 0 0 0 0 0 0 0 0
1000 2000 20 19 118 11366 19 7057 168 79787 20 10215 676 34 304 233 0 0 0 0 0 0 0 0 0 0
2000 3000 5 4 10 713 5 1697 14 2140 5 193 566 51 222 205 0 0 0 0 0 0 0 0 0 0
3000 4000 0 0 0 0 0 0 0 0 0 0 0 0 0 0 0 0 0 0 0 0 0 0 0 0
4000 5000 2 2 2 342 3 694 3 578 3 123 237 63 150 123 0 0 0 0 0 0 0 0 0 0
5000 6000 6 6 26 5239 8 2357 28 9223 7 273 755 51 363 290 0 0 0 0 0 0 0 0 0 0
6000 7000 10 8 267 17251 12 4506 428 589746 12 429 876 32 370 277 0 0 0 0 0 0 0 0 0 0
7000 8000 9 6 319 10433 12 4404 455 611836 15 529 774 190 498 207 2300 2300 2300 0 128 128 128 0 2 2
8000 9000 15 12 325 6461 27 12707 504 672377 29 1816 743 42 230 199 840 840 840 0 128 128 128 0 2 1
9000 10000 10 8 334 3051 17 7060 416 552194 21 2601 742 89 394 235 840 840 840 0 128 128 128 0 1 1
10000 11000 16 14 311 31585 116 35275 379 477624 163 138437 741 24 313 222 840 840 840 0 128 128 128 0 2 1
11000 12000 12 9 265 16865 35 7181 365 456222 48 29922 739 52 314 234 840 840 840 0 128 128 128 0 2 2
12000 13000 7 5 230 4937 16 5182 327 437525 16 1992 738 72 325 248 840 840 840 0 128 128 128 0 1 2
13000 14000 4 2 217 53 12 4188 338 468400 12 451 737 260 463 232 840 840 840 0 128 128 128 0 2 2
14000 15000 5 4 273 543 10 2976 521 784735 13 773 736 67 362 305 0 0 0 0 0 0 0 0 0 0
15000 16000 3 2 361 0 8 2891 540 788728 8 292 734 262 539 246 3000 3000 3000 0 128 128 128 0 2 1
16000 17000 2 1 355 51 0 0 459 632601 0 0 732 265 498 330 0 0 0 0 0 0 0 0 0 0
17000 18000 5 4 290 3588 8 2830 423 572749 8 325 732 14 366 310 3000 3000 3000 0 128 128 128 0 1 1
18000 19000 5 4 270 1738 1 583 373 512606 1 67 730 8 249 284 0 0 0 0 0 0 0 0 0 0
19000 20000 3 2 278 0 3 1158 389 567008 3 141 728 267 426 262 2300 2300 2300 0 128 128 128 0 1 1
20000 21000 5 4 266 13565 4 1820 360 493659 5 222 727 189 366 225 0 0 0 0 0 0 0 0 0 0
21000 22000 3 2 333 50 7 1985 447 626951 7 249 725 270 551 245 2300 2300 2300 0 128 128 128 0 1 1
22000 23000 2 1 285 19 0 0 412 579160 0 0 721 274 497 315 0 0 0 0 0 0 0 0 0 0
23000 24000 3 2 356 0 7 2859 483 678030 7 256 720 277 525 225 2300 2300 2300 0 128 128 128 0 1 1
24000 25000 3 2 316 0 0 0 433 607143 0 0 719 16 338 355 0 0 0 0 0 0 0 0 0 0
25000 26000 3 2 220 0 5 1909 368 524826 5 246 644 277 479 185 2300 2300 2300 0 128 128 128 0 1 1
26000 27000 1 1 0 0 0 41 0 0 0 5 13 13 13 0 0 0 0 0 0 0 0 0 0 0
27000 28000 3 3 7 5295 6 1952 11 3138 6 223 769 93 514 367 2300 2300 2300 0 128 128 128 0 1 1
28000 29000 4 3 17 10231 3 1390 28 10033 2 115 683 309 546 164 0 0 0 0 0 0 0 0 0 0
29000 30000 3 2 0 15 7 2521 0 3 6 244 662 2 305 333 3000 3000 3000 0 128 128 128 0 1 1
30000 31000 6 5 63 147091 3 962 97 1074 4 186 346 23 169 133 0 0 0 0 0 0 0 0 0 0
31000 32000 1 1 0 0 3 1145 0 0 3 147 585 585 585 0 3000 3000 3000 0 128 128 128 0 1 1
32000 33000 1 1 0 0 2 805 0 0 2 104 412 412 412 0 0 0 0 0 0 0 0 0 0 0
33000 34000 1 1 0 0 3 1368 0 0 2 113 690 690 690 0 3000 3000 3000 0 128 128 128 0 1 1
34000 35000 2 1 0 0 2 582 0 0 3 138 274 38 156 166 0 0 0 0 0 0 0 0 0 0
35000 36000 8 8 7 0 3 1149 7 0 2 94 596 15 93 203 3000 3000 3000 0 128 128 128 0 1 2
36000 37000 3 2 1 35 5 1777 2 31 5 213 514 50 320 241 3000 3000 3000 0 0 0 0 0 1 0
37000 38000 6 6 15 5538 2 955 20 5792 3 141 484 24 161 195 0 0 0 0 0 0 0 0 0 0
38000 39000 2 2 8 5216 0 0 12 4423 0 0 138 101 119 26 0 0 0 0 0 0 0 0 0 0
39000 40000 1 1 1 0 0 0 1 0 0 0 16 16 16 0 3000 3000 3000 0 128 128 128 0 2 1
40000 41000 4 4 9 6484 6 2838 8 409 5 218 905 37 297 410 0 0 0 0 128 128 128 0 0 1
41000 42000 2 1 0 0 4 1171 0 0 5 202 216 49 132 118 3000 3000 3000 0 128 128 128 0 1 1
42000 43000 1 1 0 0 6 1955 0 0 6 223 336 336 336 0 0 0 0 0 0 0 0 0 0 0
43000 44000 3 3 0 0 17 10225 0 0 20 9403 568 157 297 234 3000 3000 3000 0 128 128 128 0 1 1
44000 45000 2 1 0 0 5 1889 0 0 4 223 511 397 454 80 0 0 0 0 0 0 0 0 0 0
45000 46000 12 11 10 0 4 1000 10 0 4 202 445 42 115 105 4400 4400 4400 0 128 128 128 0 2 1
46000 47000 10 10 9 0 2 803 9 0 2 104 345 16 51 103 0 0 0 0 0 0 0 0 0 0
47000 48000 7 7 6 0 3 1163 6 0 3 151 500 15 87 181 4400 4400 4400 0 128 128 128 0 1 1
48000 49000 5 5 30 15243 1 837 35 10507 1 70 430 59 245 137 0 0 0 0 0 0 0 0 0 0
49000 50000 3 2 1 0 4 1123 1 0 4 182 540 21 232 272 4400 4400 4400 0 128 128 128 0 1 1
50000 51000 12 12 20 6899 3 978 29 378 3 128 266 15 130 114 0 0 0 0 0 0 0 0 0 0
51000 52000 2 2 2 0 0 0 2 0 0 0 27 15 21 8 0 0 0 0 0 0 0 0 0 0
52000 53000 1 1 1 0 0 0 1 0 0 0 25 25 25 0 0 0 0 0 0 0 0 0 0 0
53000 54000 2 2 1 0 4 1875 1 0 4 155 216 18 117 139 4400 4400 4400 0 128 128 128 0 1 1
54000 55000 6 6 5 0 2 731 5 0 2 96 308 17 67 117 0 0 0 0 0 0 0 0 0 0
55000 56000 2 2 1 0 3 1238 1 0 3 163 522 22 272 352 4400 4400 4400 0 128 128 128 0 1 1
56000 57000 2 2 1 0 6 1965 1 0 7 309 339 26 183 221 4400 4400 4400 0 128 128 128 0 1 1
57000 58000 1 1 0 0 0 25 0 0 0 4 4 4 4 0 0 0 0 0 0 0 0 0 0 0
58000 59000 3 3 9 5314 6 1957 16 4821 6 237 326 183 266 74 4400 4400 4400 0 128 128 128 0 1 1
59000 60000 2 2 1 0 3 977 1 0 3 134 172 34 103 97 4400 4400 4400 0 128 128 128 0 1 1
60000 61000 12 12 25 8596 0 0 34 821 0 0 267 26 125 88 0 0 0 0 0 0 0 0 0 0
61000 62000 3 3 4 0 5 1925 5 154 5 214 297 0 109 163 4400 4400 4400 0 128 128 128 0 1 1
62000 63000 1 1 0 0 5 1926 0 0 5 214 314 314 314 0 0 0 0 0 0 0 0 0 0 0
63000 64000 0 0 0 0 0 0 0 0 0 0 0 0 0 0 0 0 0 0 0 0 0 0 0 0
64000 65000 1 1 0 0 6 1959 0 0 6 245 331 331 331 0 0 0 0 0 0 0 0 0 0 0
65000 66000 1 1 3 0 0 0 3 77 0 0 24 24 24 0 0 0 0 0 0 0 0 0 0 0
66000 67000 4 4 63 129052 4 1053 116 5923 4 180 370 27 198 191 0 0 0 0 0 0 0 0 0 0
67000 68000 2 1 0 0 10 2581 0 0 9 402 609 355 482 180 3000 3000 3000 0 128 128 128 0 2 1
68000 69000 5 4 17 9563 3 1256 26 9980 3 154 466 31 220 169 0 0 0 0 128 128 128 0 0 1
69000 70000 1 1 0 0 8 2781 0 0 8 329 605 605 605 0 3000 3000 3000 0 128 128 128 0 1 1
70000 71000 4 4 9 10131 3 982 12 787 3 135 182 26 129 69 0 0 0 0 0 0 0 0 0 0
71000 72000 2 2 1 0 3 1181 1 0 2 103 613 29 321 412 3000 3000 3000 0 128 128 128 0 1 1
72000 73000 2 1 0 0 3 1277 0 0 3 139 525 378 451 103 0 0 0 0 0 0 0 0 0 0
73000 74000 2 1 0 0 2 905 0 0 2 111 495 407 451 62 3000 3000 3000 0 128 128 128 0 1 1
74000 75000 2 1 0 0 3 983 0 0 3 136 484 469 477 10 0 0 0 0 0 0 0 0 0 0
75000 76000 2 1 0 0 4 1063 0 0 4 214 464 451 458 8 3000 3000 3000 0 128 128 128 0 1 1
76000 77000 2 2 1 0 1 448 1 0 2 104 365 19 192 244 0 0 0 0 0 0 0 0 0 0
77000 78000 1 1 0 0 3 1266 0 0 2 109 616 616 616 0 3000 3000 3000 0 128 128 128 0 1 1
78000 79000 4 3 8 5314 2 1231 14 4464 2 119 576 91 286 217 0 0 0 0 0 0 0 0 0 0
79000 80000 2 1 0 0 4 1366 0 0 4 214 569 389 479 127 3000 3000 3000 0 128 128 128 0 1 1
80000 81000 5 4 8 5522 4 1234 10 378 4 183 478 49 231 206 0 0 0 0 0 0 0 0 0 0
81000 82000 2 1 0 0 3 1025 0 0 4 180 465 451 458 9 3000 3000 3000 0 128 128 128 0 1 1
82000 83000 2 2 1 0 1 465 1 0 2 108 392 24 208 260 0 0 0 0 0 0 0 0 0 0
83000 84000 1 1 0 0 3 1138 0 0 2 142 574 574 574 0 3000 3000 3000 0 128 128 128 0 1 1
84000 85000 3 2 1 0 2 813 1 0 2 102 410 0 142 232 0 0 0 0 0 0 0 0 0 0
85000 86000 0 0 0 0 0 0 0 0 0 0 0 0 0 0 0 0 0 0 0 0 0 0 0 0
86000 87000 1 1 0 0 5 1927 0 0 5 216 324 324 324 0 0 0 0 0 0 0 0 0 0 0
87000 88000 0 0 0 0 0 0 0 0 0 0 0 0 0 0 0 0 0 0 0 0 0 0 0 0
88000 89000 4 4 13 8174 5 1936 22 4969 5 216 308 83 188 100 0 0 0 0 0 0 0 0 0 0
89000 90000 0 0 0 0 0 0 0 0 0 0 0 0 0 0 0 0 0 0 0 0 0 0 0 0
90000 91000 5 5 7 6297 6 1951 9 409 6 241 314 18 106 130 0 0 0 0 0 0 0 0 0 0
91000 92000 1 1 0 0 3 1363 0 0 2 119 616 616 616 0 3000 3000 3000 0 128 128 128 0 1 1
92000 93000 12 11 10 0 2 586 10 0 4 236 246 29 50 61 0 0 0 0 0 0 0 0 0 0
93000 94000 0 0 0 0 0 0 0 0 0 0 0 0 0 0 0 0 0 0 0 0 0 0 0 0
94000 95000 3 3 2 0 6 1958 2 0 6 241 328 17 121 179 0 0 0 0 0 0 0 0 0 0
95000 96000 0 0 0 0 0 0 0 0 0 0 0 0 0 0 0 0 0 0 0 0 0 0 0 0
96000 97000 4 4 3 35 6 1959 5 62 6 241 351 19 145 158 0 0 0 0 0 0 0 0 0 0
97000 98000 0 0 0 0 0 0 0 0 0 0 0 0 0 0 0 0 0 0 0 0 0 0 0 0
98000 99000 5 5 5 0 5 1928 5 77 5 216 329 0 80 139 0 0 0 0 0 0 0 0 0 0
99000 100000 1 1 0 0 3 1329 0 0 2 116 632 632 632 0 3000 3000 3000 0 128 128 128 0 1 1
100000 101000 10 9 11 5276 2 622 14 409 3 153 277 23 66 83 0 0 0 0 0 0 0 0 0 0
101000 102000 0 0 0 0 0 0 0 0 0 0 0 0 0 0 0 0 0 0 0 0 0 0 0 0
102000 103000 1 1 0 0 6 1952 0 0 6 241 336 336 336 0 0 0 0 0 0 0 0 0 0 0
103000 104000 2 2 0 0 14 7853 0 0 16 8028 129 128 129 0 3000 3000 3000 0 128 128 128 0 1 1
104000 105000 2 2 1 0 6 1954 1 0 6 241 319 25 172 208 0 0 0 0 0 0 0 0 0 0
105000 106000 1 1 0 0 4 1346 0 0 4 184 614 614 614 0 3000 3000 3000 0 128 128 128 0 1 1
106000 107000 2 1 0 0 3 681 0 0 3 190 293 46 169 174 0 0 0 0 0 0 0 0 0 0
107000 108000 1 1 0 0 3 1283 0 0 3 177 601 601 601 0 3000 3000 3000 0 128 128 128 0 1 1
108000 109000 1 1 0 0 2 669 0 0 2 92 313 313 313 0 0 0 0 0 0 0 0 0 0 0
109000 110000 1 1 0 0 3 1267 0 0 2 110 624 624 624 0 3000 3000 3000 0 128 128 128 0 2 1
110000 111000 3 2 4 5591 4 1856 6 378 4 203 587 172 359 210 0 0 0 0 128 128 128 0 0 1
111000 112000 2 1 0 0 4 1325 0 0 4 192 515 386 451 91 3000 3000 3000 0 128 128 128 0 1 1
112000 113000 3 2 1 0 2 979 1 0 2 118 485 28 332 262 0 0 0 0 0 0 0 0 0 0
113000 114000 2 1 0 0 3 1083 0 0 4 176 474 444 459 20 3000 3000 3000 0 128 128 128 0 1 1
114000 115000 1 1 0 0 1 381 0 0 1 89 283 283 283 0 0 0 0 0 0 0 0 0 0 0
115000 116000 1 1 0 0 3 1298 0 0 2 113 622 622 622 0 3000 3000 3000 0 128 128 128 0 1 1
116000 117000 4 3 0 0 2 1195 0 0 2 116 606 7 232 283 0 0 0 0 0 0 0 0 0 0
117000 118000 4 3 1 0 3 986 1 0 3 184 576 14 247 280 3000 3000 3000 0 128 128 128 0 1 1
118000 119000 2 1 0 0 2 942 0 0 3 132 567 399 483 118 0 0 0 0 0 0 0 0 0 0
119000 120000 2 1 0 0 3 1329 0 0 3 160 541 432 486 77 3000 3000 3000 0 128 128 128 0 1 1
120000 121000 4 3 7 6294 4 1216 8 428 4 196 459 17 267 216 0 0 0 0 0 0 0 0 0 0
121000 122000 4 3 5 209 4 1308 5 1202 4 203 515 25 271 241 3000 3000 3000 0 128 128 128 0 1 1
122000 123000 6 5 105 3314 4 1481 142 186682 4 573 553 0 188 239 0 0 0 0 0 0 0 0 0 0
123000 124000 5 5 0 0 36 16933 0 0 48 20071 210 88 135 45 3000 3000 3000 0 128 128 128 0 1 1
124000 125000 1 1 0 0 5 1763 0 0 5 217 814 814 814 0 0 0 0 0 0 0 0 0 0 0
125000 126000 0 0 0 0 0 0 0 0 0 0 0 0 0 0 0 0 0 0 0 0 0 0 0 0
126000 127000 4 4 57 112635 9 3378 107 6048 8 387 833 25 310 357 0 0 0 0 0 0 0 0 0 0
127000 128000 3 2 1 0 1 440 1 0 1 50 96 8 46 45 3000 3000 3000 0 128 128 128 0 1 1
128000 129000 2 2 5 2769 5 1909 6 506 5 235 405 324 364 57 0 0 0 0 0 0 0 0 0 0
129000 130000 2 2 1 0 3 1182 1 0 2 103 601 25 313 407 3000 3000 3000 0 128 128 128 0 1 1
130000 131000 5 4 11 16255 2 1231 15 787 2 118 530 35 248 198 0 0 0 0 0 0 0 0 0 0
131000 132000 2 1 0 0 3 999 0 0 4 191 492 465 479 18 3000 3000 3000 0 128 128 128 0 1 1
132000 133000 1 1 0 0 2 491 0 0 2 126 433 433 433 0 0 0 0 0 0 0 0 0 0 0
133000 134000 1 1 0 0 3 976 0 0 3 135 204 204 204 0 3000 3000 3000 0 128 128 128 0 1 1
134000 135000 1 1 0 0 2 1091 0 0 2 95 544 544 544 0 0 0 0 0 0 0 0 0 0 0
135000 136000 5 4 3 0 4 1324 3 0 4 189 494 19 193 237 3000 3000 3000 0 128 128 128 0 1 1
136000 137000 2 2 2 0 2 511 3 77 2 119 499 19 259 339 0 0 0 0 0 0 0 0 0 0
137000 138000 9 9 8 0 3 1864 8 0 3 147 641 13 85 208 3000 3000 3000 0 128 128 128 0 1 1
138000 139000 2 1 0 0 3 1524 0 0 3 154 585 326 455 183 0 0 0 0 0 0 0 0 0 0
139000 140000 3 2 1 0 3 904 1 0 3 136 497 175 359 165 3000 3000 3000 0 128 128 128 0 1 1
140000 141000 3 2 6 5874 3 912 7 397 4 176 496 196 364 153 0 0 0 0 0 0 0 0 0 0
141000 142000 3 3 2 0 2 603 2 0 2 141 591 21 211 328 3000 3000 3000 0 128 128 128 0 1 1
142000 143000 1 1 0 0 3 975 0 0 3 135 186 186 186 0 0 0 0 0 0 0 0 0 0 0
143000 144000 4 4 3 0 3 1262 3 0 2 110 617 19 170 297 3000 3000 3000 0 128 128 128 0 1 1
144000 145000 2 1 0 0 2 1222 0 0 2 119 585 317 451 189 0 0 0 0 0 0 0 0 0 0
145000 146000 8 7 6 0 3 1000 6 0 4 202 576 25 139 214 3000 3000 3000 0 128 128 128 0 1 1
146000 147000 1 1 0 0 1 418 0 0 2 107 380 380 380 0 0 0 0 0 0 0 0 0 0 0
147000 148000 1 1 0 0 3 1284 0 0 3 177 623 623 623 0 3000 3000 3000 0 128 128 128 0 1 1
148000 149000 3 3 18 7908 2 665 27 10018 2 92 322 133 216 96 0 0 0 0 0 0 0 0 0 0
149000 150000 2 2 1 0 3 975 1 0 3 135 212 22 117 134 3000 3000 3000 0 128 128 128 0 1 1
150000 151000 3 3 5 5624 2 1151 8 409 1 82 596 27 263 297 0 0 0 0 0 0 0 0 0 0
151000 152000 2 1 0 0 4 1422 0 0 5 231 579 376 477 143 3000 3000 3000 0 128 128 128 0 1 1
152000 153000 1 1 0 0 1 353 0 0 2 90 293 293 293 0 0 0 0 0 0 0 0 0 0 0
153000 154000 1 1 0 0 2 1215 0 0 2 137 621 621 621 0 3000 3000 3000 0 128 128 128 0 1 1
154000 155000 2 1 0 0 3 1268 0 0 3 159 618 339 479 197 0 0 0 0 0 0 0 0 0 0
155000 156000 2 1 0 0 4 1014 0 0 4 171 579 378 479 142 3000 3000 3000 0 128 128 128 0 1 1
156000 157000 3 2 1 35 3 940 2 31 3 149 546 20 308 266 0 0 0 0 0 0 0 0 0 0
157000 158000 2 1 0 0 3 1030 0 0 4 200 478 435 457 30 3000 3000 3000 0 128 128 128 0 1 1
158000 159000 2 2 2 0 1 417 2 77 2 97 334 2 168 234 0 0 0 0 0 0 0 0 0 0
159000 160000 0 0 0 0 0 0 0 0 0 0 0 0 0 0 0 0 0 0 0 0 0 0 0 0
160000 161000 3 3 7 5953 7 2766 9 428 6 249 878 60 380 436 3000 3000 3000 0 128 128 128 0 1 1
161000 162000 2 1 0 0 7 2256 0 0 8 338 469 84 277 272 3000 3000 3000 0 128 128 128 0 1 1
162000 163000 2 2 1 0 3 977 1 0 3 135 188 22 105 117 0 0 0 0 0 0 0 0 0 0
163000 164000 3 3 0 0 18 10356 0 0 21 9433 628 186 336 253 3000 3000 3000 0 128 128 128 0 1 1
164000 165000 2 1 0 0 3 770 0 0 3 164 370 149 259 156 0 0 0 0 0 0 0 0 0 0
165000 166000 0 0 0 0 0 0 0 0 0 0 0 0 0 0 0 0 0 0 0 0 0 0 0 0
166000 167000 1 1 0 0 5 1925 0 0 5 221 316 316 316 0 0 0 0 0 0 0 0 0 0 0
167000 168000 1 1 0 0 3 1191 0 0 3 149 609 609 609 0 3000 3000 3000 0 128 128 128 0 1 1
168000 169000 6 5 8 2765 2 1294 9 506 2 110 574 37 227 227 0 0 0 0 0 0 0 0 0 0
169000 170000 2 1 0 0 3 1000 0 0 4 172 569 393 481 124 3000 3000 3000 0 128 128 128 0 1 1
170000 171000 2 2 10 8720 1 420 11 837 2 107 377 287 332 63 0 0 0 0 0 0 0 0 0 0
171000 172000 2 2 1 0 3 1280 1 0 2 111 618 20 319 422 3000 3000 3000 0 128 128 128 0 1 1
172000 173000 3 2 1 0 2 1211 1 0 2 118 597 21 308 287 0 0 0 0 0 0 0 0 0 0
173000 174000 2 1 0 0 2 436 0 0 3 174 374 146 260 161 3000 3000 3000 0 128 128 128 0 1 1
174000 175000 2 2 1 0 3 978 1 0 3 135 170 22 96 104 0 0 0 0 0 0 0 0 0 0
175000 176000 0 0 0 0 0 0 0 0 0 0 0 0 0 0 0 0 0 0 0 0 0 0 0 0
176000 177000 1 1 0 0 6 1954 0 0 6 241 331 331 331 0 0 0 0 0 0 0 0 0 0 0
177000 178000 1 1 0 0 4 1206 0 0 4 180 591 591 591 0 3000 3000 3000 0 128 128 128 0 1 1
178000 179000 1 1 0 0 2 781 0 0 2 116 383 383 383 0 0 0 0 0 0 0 0 0 0 0
179000 180000 0 0 0 0 0 0 0 0 0 0 0 0 0 0 0 0 0 0 0 0 0 0 0 0
180000 181000 5 5 7 5289 5 1929 10 409 5 216 324 22 113 133 0 0 0 0 0 0 0 0 0 0
181000 182000 1 1 0 0 2 1252 0 0 2 90 640 640 640 0 3000 3000 3000 0 128 128 128 0 1 1
182000 183000 10 9 8 0 3 698 8 0 3 179 319 26 70 95 0 0 0 0 0 0 0 0 0 0
183000 184000 1 1 0 0 4 1965 0 0 3 135 632 632 632 0 3000 3000 3000 0 128 128 128 0 1 1
184000 185000 3 2 1 0 3 1417 1 0 2 120 594 21 295 287 0 0 0 0 0 0 0 0 0 0
185000 186000 2 1 0 0 3 981 0 0 3 144 587 379 483 146 3000 3000 3000 0 128 128 128 0 1 1
186000 187000 6 5 47 105138 5 1187 90 552 6 275 376 16 141 150 0 0 0 0 0 0 0 0 0 0
187000 188000 0 0 0 0 0 0 0 0 0 0 0 0 0 0 0 0 0 0 0 0 0 0 0 0
188000 189000 4 4 3 0 6 1949 3 0 6 241 332 16 96 157 0 0 0 0 0 0 0 0 0 0
189000 190000 1 1 0 0 3 1100 0 0 3 151 540 540 540 0 3000 3000 3000 0 128 128 128 0 1 1
190000 191000 10 10 19 10588 2 855 21 1246 2 118 420 15 98 137 0 0 0 0 0 0 0 0 0 0
191000 192000 1 1 0 0 3 1249 0 0 3 156 623 623 623 0 3000 3000 3000 0 128 128 128 0 1 1
192000 193000 2 1 0 0 2 702 0 0 1 88 350 0 175 248 0 0 0 0 0 0 0 0 0 0
193000 194000 2 2 1 0 3 1206 1 0 3 166 602 25 313 408 3000 3000 3000 0 128 128 128 0 1 1
194000 195000 2 2 1 0 2 747 1 0 2 103 373 30 201 242 0 0 0 0 0 0 0 0 0 0
195000 196000 1 1 0 0 3 1243 0 0 3 155 629 629 629 0 3000 3000 3000 0 128 128 128 0 1 1
196000 197000 2 1 0 0 2 711 0 0 1 89 360 0 180 254 0 0 0 0 0 0 0 0 0 0
197000 198000 1 1 0 0 3 974 0 0 3 136 179 179 179 0 3000 3000 3000 0 128 128 128 0 1 1
198000 199000 1 1 0 0 2 1095 0 0 2 98 578 578 578 0 0 0 0 0 0 0 0 0 0 0
199000 200000 2 1 0 0 6 1854 0 0 5 255 567 414 491 108 3000 3000 3000 0 128 128 128 0 1 1
200000 201000 3 2 4 6210 4 1211 5 378 4 176 545 278 393 137 0 0 0 0 0 0 0 0 0 0
201000 202000 2 1 0 0 3 937 0 0 3 170 482 436 459 33 3000 3000 3000 0 128 128 128 0 1 1
202000 203000 1 1 0 0 2 517 0 0 2 125 494 494 494 0 0 0 0 0 0 0 0 0 0 0
203000 204000 1 1 0 0 3 1344 0 0 2 121 638 638 638 0 3000 3000 3000 0 128 128 128 0 1 1
204000 205000 2 1 0 0 2 605 0 0 3 161 268 38 153 162 0 0 0 0 0 0 0 0 0 0
205000 206000 0 0 0 0 0 0 0 0 0 0 0 0 0 0 0 0 0 0 0 0 0 0 0 0
206000 207000 1 1 0 0 7 2619 0 0 6 253 797 797 797 0 3000 3000 3000 0 128 128 128 0 1 1
207000 208000 3 2 1 0 5 1387 1 0 5 262 393 31 179 189 3000 3000 3000 0 128 128 128 0 1 1
208000 209000 4 4 24 10624 2 1060 34 10530 2 97 527 175 297 162 0 0 0 0 0 0 0 0 0 0
209000 210000 2 1 0 0 4 1393 0 0 4 214 482 423 452 41 3000 3000 3000 0 128 128 128 0 1 1
210000 211000 3 3 6 6645 1 476 9 409 2 119 424 17 199 207 0 0 0 0 0 0 0 0 0 0
211000 212000 1 1 0 0 3 1240 0 0 3 166 617 617 617 0 3000 3000 3000 0 128 128 128 0 1 1
212000 213000 2 1 0 0 2 717 0 0 1 96 357 0 178 252 0 0 0 0 0 0 0 0 0 0
213000 214000 3 3 3 0 0 0 3 0 0 0 23 16 21 4 3000 3000 3000 0 128 128 128 0 1 1
214000 215000 1 1 0 0 6 1953 0 0 6 262 312 312 312 0 0 0 0 0 0 0 0 0 0 0
215000 216000 0 0 0 0 0 0 0 0 0 0 0 0 0 0 0 0 0 0 0 0 0 0 0 0
216000 217000 2 2 1 35 6 1957 2 31 6 265 375 24 199 248 0 0 0 0 0 0 0 0 0 0
217000 218000 2 2 1 0 0 154 1 0 0 20 26 15 21 7 3000 3000 3000 0 128 128 128 0 1 1
218000 219000 2 2 2 0 5 1803 3 77 5 243 313 24 169 204 0 0 0 0 0 0 0 0 0 0
219000 220000 2 2 1 0 3 1249 1 0 2 117 618 23 321 421 3000 3000 3000 0 128 128 128 0 1 1
220000 221000 4 3 5 5292 3 1226 7 409 3 147 577 23 271 238 0 0 0 0 0 0 0 0 0 0
221000 222000 2 1 0 0 3 958 0 0 3 202 486 417 451 48 3000 3000 3000 0 128 128 128 0 1 1
222000 223000 1 1 0 0 1 468 0 0 2 120 414 414 414 0 0 0 0 0 0 0 0 0 0 0
223000 224000 3 3 0 0 22 10695 0 0 23 10745 631 209 350 243 3000 3000 3000 0 128 128 128 0 1 1
224000 225000 2 1 0 0 2 1197 0 0 2 128 596 305 450 206 0 0 0 0 0 0 0 0 0 0
225000 226000 4 3 2 0 3 966 2 0 3 151 579 36 258 268 3000 3000 3000 0 128 128 128 0 1 1
226000 227000 2 1 0 0 3 928 0 0 3 151 505 398 452 75 0 0 0 0 0 0 0 0 0 0
227000 228000 10 9 8 0 3 997 8 0 4 207 480 16 110 187 3000 3000 3000 0 128 128 128 0 1 1
228000 229000 1 1 0 0 1 480 0 0 2 123 429 429 429 0 0 0 0 0 0 0 0 0 0 0
229000 230000 1 1 0 0 3 1298 0 0 2 122 629 629 629 0 3000 3000 3000 0 128 128 128 0 1 1
230000 231000 3 2 4 5927 2 653 4 378 3 171 297 39 203 142 0 0 0 0 0 0 0 0 0 0
231000 232000 5 5 4 0 3 1168 4 0 3 178 591 20 137 253 3000 3000 3000 0 128 128 128 0 1 1
232000 233000 2 2 2 0 2 784 3 39 2 119 397 20 208 266 0 0 0 0 0 0 0 0 0 0
233000 234000 3 3 3 0 0 0 3 0 0 0 23 22 23 0 3000 3000 3000 0 128 128 128 0 1 1
234000 235000 1 1 0 0 6 1958 0 0 6 265 336 336 336 0 0 0 0 0 0 0 0 0 0 0
235000 236000 8 8 7 0 4 1259 7 0 4 202 612 18 94 209 3000 3000 3000 0 128 128 128 0 1 1
236000 237000 1 1 0 0 2 730 0 0 2 117 355 355 355 0 0 0 0 0 0 0 0 0 0 0
237000 238000 1 1 0 0 3 1228 0 0 3 168 616 616 616 0 3000 3000 3000 0 128 128 128 0 1 1
238000 239000 2 1 0 0 2 1260 0 0 3 134 596 362 479 165 0 0 0 0 0 0 0 0 0 0
239000 240000 3 2 1 0 4 1374 1 0 3 165 592 23 338 289 3000 3000 3000 0 128 128 128 0 1 1
240000 241000 5 4 10 5294 4 738 13 467 5 237 389 25 170 136 0 0 0 0 0 0 0 0 0 0
241000 242000 8 8 16 172 0 0 24 1410 0 0 273 23 125 115 3000 3000 3000 0 128 128 128 0 1 1
242000 243000 9 9 140 3323 23 11868 192 234141 27 9366 932 44 216 298 0 0 0 0 0 0 0 0 0 0
243000 244000 5 5 0 0 28 12804 0 0 33 11634 529 30 215 200 3000 3000 3000 0 128 128 128 0 1 1
244000 245000 2 2 2 0 3 982 3 39 3 147 180 26 103 108 0 0 0 0 0 0 0 0 0 0
245000 246000 1 1 0 0 4 1232 0 0 4 199 613 613 613 0 3000 3000 3000 0 128 128 128 0 1 1
246000 247000 7 6 51 106311 6 1810 96 1427 6 274 573 17 181 219 0 0 0 0 0 0 0 0 0 0
247000 248000 3 2 11 4034 4 1381 15 4727 3 150 557 203 395 178 3000 3000 3000 0 128 128 128 0 1 1
248000 249000 4 3 6 2765 5 1395 10 545 5 255 354 21 210 145 0 0 0 0 0 0 0 0 0 0
249000 250000 1 1 2 0 0 0 3 39 0 0 23 23 23 0 3000 3000 3000 0 128 128 128 0 1 1
250000 251000 4 4 17 18705 6 1952 21 1246 6 265 309 20 194 134 0 0 0 0 0 0 0 0 0 0
251000 252000 0 0 0 0 0 0 0 0 0 0 0 0 0 0 0 0 0 0 0 0 0 0 0 0
252000 253000 2 2 1 0 5 1927 1 0 5 239 317 21 169 209 0 0 0 0 0 0 0 0 0 0
253000 254000 2 2 1 0 3 1244 1 0 3 170 619 29 324 417 3000 3000 3000 0 128 128 128 0 1 1
254000 255000 2 1 0 0 2 1265 0 0 2 113 613 352 483 184 0 0 0 0 0 0 0 0 0 0
255000 256000 2 1 0 0 3 985 0 0 4 189 578 378 478 141 3000 3000 3000 0 128 128 128 0 2 1
256000 257000 2 1 0 0 3 902 0 0 3 178 367 122 244 172 0 0 0 0 128 128 128 0 0 1
257000 258000 2 2 2 0 7 2434 3 77 7 318 601 27 314 406 3000 3000 3000 0 128 128 128 0 1 1
258000 259000 1 1 0 0 3 977 0 0 3 147 168 168 168 0 0 0 0 0 0 0 0 0 0 0
259000 260000 0 0 0 0 0 0 0 0 0 0 0 0 0 0 0 0 0 0 0 0 0 0 0 0
260000 261000 2 2 7 6541 6 1955 8 397 6 265 323 167 245 110 0 0 0 0 0 0 0 0 0 0
261000 262000 2 2 3 0 3 1104 4 78 3 166 542 183 362 253 3000 3000 3000 0 128 128 128 0 1 1
262000 263000 2 2 1 0 2 845 1 0 2 127 414 26 220 274 0 0 0 0 0 0 0 0 0 0
263000 264000 1 1 0 0 3 1235 0 0 3 169 608 608 608 0 3000 3000 3000 0 128 128 128 0 1 1
264000 265000 2 1 0 0 2 714 0 0 1 98 352 0 176 249 0 0 0 0 0 0 0 0 0 0
265000 266000 1 1 0 0 3 1154 0 0 3 173 569 569 569 0 3000 3000 3000 0 128 128 128 0 1 1
266000 267000 1 1 0 0 2 799 0 0 2 120 394 394 394 0 0 0 0 0 0 0 0 0 0 0
267000 268000 1 1 0 0 4 1336 0 0 4 202 623 623 623 0 3000 3000 3000 0 128 128 128 0 1 1
268000 269000 3 3 19 7914 1 614 26 9995 1 93 287 163 216 63 0 0 0 0 0 0 0 0 0 0
269000 270000 1 1 0 0 3 976 0 0 3 148 182 182 182 0 3000 3000 3000 0 128 128 128 0 1 1
270000 271000 3 3 5 5256 2 898 7 378 2 126 456 21 220 219 0 0 0 0 0 0 0 0 0 0
271000 272000 3 2 1 35 4 1595 2 31 4 245 534 26 330 268 3000 3000 3000 0 128 128 128 0 1 1
272000 273000 2 2 1 0 1 433 1 0 1 77 343 25 184 224 0 0 0 0 0 0 0 0 0 0
273000 274000 1 1 0 0 3 1243 0 0 2 117 613 613 613 0 3000 3000 3000 0 128 128 128 0 1 1
274000 275000 2 1 0 0 2 708 0 0 3 178 330 36 183 207 0 0 0 0 0 0 0 0 0 0
275000 276000 0 0 0 0 0 0 0 0 0 0 0 0 0 0 0 0 0 0 0 0 0 0 0 0
276000 277000 4 4 3 35 6 1955 4 31 6 271 318 19 95 148 0 0 0 0 0 0 0 0 0 0
277000 278000 1 1 0 0 3 1225 0 0 3 185 611 611 611 0 3000 3000 3000 0 128 128 128 0 1 1
278000 279000 3 3 3 0 2 727 4 77 2 110 362 19 140 192 0 0 0 0 0 0 0 0 0 0
279000 280000 0 0 0 0 0 0 0 0 0 0 0 0 0 0 0 0 0 0 0 0 0 0 0 0
280000 281000 7 7 9 5956 5 2070 12 409 5 241 310 23 84 110 0 0 0 0 0 0 0 0 0 0
281000 282000 1 1 0 0 3 1169 0 0 3 124 521 521 521 0 3000 3000 3000 0 128 128 128 0 1 1
282000 283000 2 1 0 0 4 845 0 0 4 223 346 221 284 87 0 0 0 0 0 0 0 0 0 0
283000 284000 2 2 0 0 16 8002 0 0 17 8061 193 183 188 7 3000 3000 3000 0 128 128 128 0 1 1
284000 285000 2 2 1 0 5 1927 1 0 5 241 298 26 162 191 0 0 0 0 0 0 0 0 0 0
285000 286000 1 1 0 0 4 1339 0 0 3 144 628 628 628 0 3000 3000 3000 0 128 128 128 0 1 1
286000 287000 2 1 0 0 2 641 0 0 3 179 282 48 165 165 0 0 0 0 0 0 0 0 0 0
287000 288000 1 1 0 0 3 1258 0 0 2 119 612 612 612 0 3000 3000 3000 0 128 128 128 0 1 1
288000 289000 3 2 4 2765 2 693 7 506 3 176 317 47 205 140 0 0 0 0 0 0 0 0 0 0
289000 290000 4 4 3 0 2 1147 3 0 2 108 590 30 171 279 3000 3000 3000 0 128 128 128 0 1 1
290000 291000 3 2 4 5611 3 1283 5 378 3 150 522 163 360 182 0 0 0 0 0 0 0 0 0 0
291000 292000 3 2 1 0 3 979 1 0 3 203 468 21 313 252 3000 3000 3000 0 128 128 128 0 1 1
292000 293000 1 1 0 0 1 498 0 0 2 128 433 433 433 0 0 0 0 0 0 0 0 0 0 0
293000 294000 1 1 0 0 3 1246 0 0 3 189 632 632 632 0 3000 3000 3000 0 128 128 128 0 1 1
294000 295000 1 1 0 0 2 704 0 0 2 106 357 357 357 0 0 0 0 0 0 0 0 0 0 0
295000 296000 1 1 0 0 3 973 0 0 3 148 170 170 170 0 0 0 0 0 128 128 128 0 0 1
296000 297000 0 0 0 0 0 0 0 0 0 0 0 0 0 0 0 0 0 0 0 0 0 0 0 0
297000 298000 1 1 0 0 3 978 0 0 3 148 173 173 173 0 3000 3000 3000 0 0 0 0 0 1 0
298000 299000 0 0 0 0 0 0 0 0 0 0 0 0 0 0 0 0 0 0 0 0 0 0 0 0
299000 300000 1 1 0 0 3 977 0 0 3 148 194 194 194 0 3000 3000 3000 0 128 128 128 0 1 1
