ts te nbins ncons c_pkts_all c_bytes_all s_pkts_all s_bytes_all max_bin_duration min_bin_duration avg_bin_duration std_bin_duration max_video_rate min_video_rate avg_video_rate std_video_rate max_audio_rate min_audio_rate avg_audio_rate std_audio_rate video_reqs audio_reqs media_reqs
0.0 1000.0 0 0 0.0 0.0 0.0 0.0 0.0 0.0 0.0 0.0 0.0 0.0 0.0 0.0 0.0 0.0 0.0 0.0 0 0 
1000.0 2000.0 0 0 0.0 0.0 0.0 0.0 0.0 0.0 0.0 0.0 0.0 0.0 0.0 0.0 0.0 0.0 0.0 0.0 0 0 
2000.0 3000.0 0 0 0.0 0.0 0.0 0.0 0.0 0.0 0.0 0.0 0.0 0.0 0.0 0.0 0.0 0.0 0.0 0.0 0 0 
3000.0 4000.0 0 0 0.0 0.0 0.0 0.0 0.0 0.0 0.0 0.0 0.0 0.0 0.0 0.0 0.0 0.0 0.0 0.0 0 0 
4000.0 5000.0 0 0 0.0 0.0 0.0 0.0 0.0 0.0 0.0 0.0 0.0 0.0 0.0 0.0 0.0 0.0 0.0 0.0 0 0 
5000.0 6000.0 0 0 0.0 0.0 0.0 0.0 0.0 0.0 0.0 0.0 0.0 0.0 0.0 0.0 0.0 0.0 0.0 0.0 0 0 
6000.0 7000.0 1 1 20.08261293742045 2124.7723259424765 43.83109966500495 58268.58573720669 159.2509765625 159.2509765625 159.2509765625 0.0 0.0 0.0 0.0 0.0 0.0 0.0 0.0 0.0 0 0 1.0
7000.0 8000.0 2 1 122.79965739305649 12234.898825456294 259.68846380589787 345170.6761873589 839.9030234374804 157.833984375 498.8685039062402 482.29564275847207 480.0 480.0 480.0 0.0 128.0 128.0 128.0 0.0 3 3 0.0
8000.0 9000.0 1 1 86.11772966952306 5247.328848601231 145.4804365290972 193112.73807543438 805.1230156249949 805.1230156249949 805.1230156249949 0.0 480.0 480.0 480.0 0.0 128.0 128.0 128.0 0.0 1 1 0.0
9000.0 10000.0 1 1 111.8919069968028 8675.41573825211 315.76275449097744 421979.46603544237 945.626953125 945.626953125 945.626953125 0.0 480.0 480.0 480.0 0.0 128.0 128.0 128.0 0.0 2 2 1.0
10000.0 11000.0 2 1 129.8999235615271 8927.337820334296 269.5457856546263 376725.80343421036 942.068115234375 51.62104687502142 496.8445810546982 629.6411603245801 480.0 480.0 480.0 0.0 128.0 128.0 128.0 0.0 2 2 0.0
11000.0 12000.0 2 1 106.75242051598376 8303.652860622471 215.6581554195201 303609.3663984117 936.007080078125 54.85488476563478 495.4309824218799 623.068692562875 480.0 480.0 480.0 0.0 128.0 128.0 128.0 0.0 2 2 1.0
12000.0 13000.0 2 1 46.99933252493998 3188.1273425650147 56.40551014570568 77775.22882980912 935.80908203125 60.702919921895955 498.256000976573 618.7935014856585 0.0 0.0 0.0 0.0 0.0 0.0 0.0 0.0 0 0 0.0
13000.0 14000.0 2 1 5.456416400746363 298.4662382261083 7.627794289170527 7123.135302126431 56.697917968733236 28.70400000002701 42.70095898438012 19.794689227652114 0.0 0.0 0.0 0.0 0.0 0.0 0.0 0.0 0 0 1.0
14000.0 15000.0 0 0 0.0 0.0 0.0 0.0 0.0 0.0 0.0 0.0 0.0 0.0 0.0 0.0 0.0 0.0 0.0 0.0 0 0 
15000.0 16000.0 1 1 120.97699266685044 8837.93639396655 219.2707992086664 311648.0747028692 941.247314453125 941.247314453125 941.247314453125 0.0 480.0 480.0 480.0 0.0 128.0 128.0 128.0 0.0 2 2 1.0
16000.0 17000.0 2 1 12.672388867065003 1403.7827612141173 14.612327969305397 18172.899765783546 936.49609375 54.64168554689968 495.56888964844984 623.565232059662 0.0 0.0 0.0 0.0 0.0 0.0 0.0 0.0 0 0 0.0
17000.0 18000.0 2 1 137.24346048067068 9572.935808043976 252.28789758573944 359424.3871270648 898.8212890625 58.121906250016764 478.4715976562584 594.4642345260521 1500.0 1500.0 1500.0 0.0 128.0 128.0 128.0 0.0 2 2 1.0
18000.0 19000.0 2 1 62.735578770708194 3988.030084834357 92.53173554838668 128878.96108128002 895.645263671875 99.19171093747718 497.4184873046761 563.1777080386103 0.0 0.0 0.0 0.0 0.0 0.0 0.0 0.0 0 0 0.0
19000.0 20000.0 2 1 6.371579214705696 375.3149519409985 8.297239687902078 10104.677323002315 101.01173632813152 28.054000000003725 64.53286816406762 51.58891009763929 0.0 0.0 0.0 0.0 0.0 0.0 0.0 0.0 0 0 1.0
20000.0 21000.0 0 0 0.0 0.0 0.0 0.0 0.0 0.0 0.0 0.0 0.0 0.0 0.0 0.0 0.0 0.0 0.0 0.0 0 0 
21000.0 22000.0 1 1 114.82350063063205 7845.956224909634 252.42191047725723 360851.35534549924 942.4580078125 942.4580078125 942.4580078125 0.0 1500.0 1500.0 1500.0 0.0 128.0 128.0 128.0 0.0 1 2 1.0
22000.0 23000.0 2 1 140.88132347214054 7813.853248757893 241.5400995428195 349084.2167899402 941.9672851563082 50.69599218748044 496.3316386718943 630.2239751351602 1500.0 1500.0 1500.0 0.0 0.0 0.0 0.0 0.0 1 0 0.0
23000.0 24000.0 2 1 136.33880941237055 7598.330581327993 244.7048297682326 353795.7788412771 937.957275390625 58.00671484373743 497.9819951171812 622.2190084716078 1500.0 1500.0 1500.0 0.0 128.0 128.0 128.0 0.0 1 1 1.0
24000.0 25000.0 2 1 83.20319166118907 4444.169288441239 141.31217769675126 201918.88521852074 934.416015625 58.28272460936569 496.34937011718284 619.5197913004419 0.0 0.0 0.0 0.0 0.0 0.0 0.0 0.0 0 0 0.0
25000.0 26000.0 2 1 122.80514573012509 7112.131492391073 245.9001419354699 352358.55317131995 887.18896484375 59.02498437499162 473.1069746093708 585.6003665239025 1500.0 1500.0 1500.0 0.0 128.0 128.0 128.0 0.0 1 1 1.0
26000.0 27000.0 2 1 80.42154111801685 4558.964821659755 117.71378234194168 166653.79342035906 883.72607421875 112.33803515625186 498.03205468750093 545.4537133472859 0.0 0.0 0.0 0.0 0.0 0.0 0.0 0.0 0 0 0.0
27000.0 28000.0 2 1 103.87573834121757 7108.234054294944 214.24091810636293 305501.9313390034 865.095947265625 115.08592578122625 490.0909365234256 530.3371721494866 2300.0 2300.0 2300.0 0.0 128.0 128.0 128.0 0.0 2 2 1.0
28000.0 29000.0 2 1 87.67836911946463 6471.958586198249 112.0181474183023 152551.36271211167 864.780029296875 132.92505273438292 498.85254101562896 517.49961677246 0.0 0.0 0.0 0.0 0.0 0.0 0.0 0.0 0 0 0.0
29000.0 30000.0 2 1 125.13456353423146 6561.676177833826 238.80575753967634 344172.077136675 830.1640625 129.93297070311382 480.0485166015569 495.13815340723806 2300.0 2300.0 2300.0 0.0 128.0 128.0 128.0 0.0 1 1 1.0
30000.0 31000.0 2 1 123.63472158454422 7577.4199071624 213.06167480104037 302563.1756870963 825.919921875 166.07193749997532 495.99592968748766 466.582984303855 0.0 0.0 0.0 0.0 0.0 0.0 0.0 0.0 0 0 0.0
31000.0 32000.0 2 1 123.96588089137568 6064.607737505663 240.8061313627613 348268.9994165708 736.537109375 173.73607812501723 455.1365937500086 397.9604256556449 2300.0 2300.0 2300.0 0.0 128.0 128.0 128.0 0.0 1 1 1.0
32000.0 33000.0 2 1 89.2570574653028 5582.220711771361 150.53142003472783 212254.1603243265 735.935302734375 259.7248906249879 497.83009667968145 336.731611674188 0.0 0.0 0.0 0.0 0.0 0.0 0.0 0.0 0 0 0.0
33000.0 34000.0 2 1 116.0800649799234 5799.9857814143525 225.06312283889852 324530.11592817894 729.8569335936918 263.4516972656129 496.65431542965234 329.7983053884989 2300.0 2300.0 2300.0 0.0 128.0 128.0 128.0 0.0 1 1 1.0
34000.0 35000.0 2 1 95.69903854350758 5822.356471888429 169.87086031109385 240698.8477193215 726.910888671875 269.8450664062402 498.3779775390576 323.1943423726356 0.0 0.0 0.0 0.0 0.0 0.0 0.0 0.0 0 0 0.0
35000.0 36000.0 2 1 122.21102907404033 6686.907356650035 227.3324573270818 327876.36949130957 724.435302734375 269.8741113280994 497.1547070312372 321.4233009076137 2300.0 2300.0 2300.0 0.0 128.0 128.0 128.0 0.0 1 2 1.0
36000.0 37000.0 2 1 132.43967520374972 7190.183175074803 244.13901141906143 353353.54262823483 723.447998046875 275.18569726560963 499.3168476562423 316.96931263271654 0.0 0.0 0.0 0.0 0.0 0.0 0.0 0.0 0 0 0.0
37000.0 38000.0 2 1 127.25024505585293 6121.201087226989 238.55074520499332 344930.62057881296 719.789306640625 272.302001953125 496.045654296875 316.42130763942197 2300.0 2300.0 2300.0 0.0 0.0 0.0 0.0 0.0 1 0 1.0
38000.0 39000.0 2 1 133.35457609015185 6541.384239196812 248.6759804086364 360347.7432340905 718.093994140625 277.0846933593857 497.58934375000536 311.8406671487521 0.0 0.0 0.0 0.0 0.0 0.0 0.0 0.0 0 0 0.0
39000.0 40000.0 2 1 46.94552809216367 2336.4590562945473 72.3108314648915 102046.4710173517 277.89100585936103 83.77099999994971 180.83100292965537 137.26357250716208 0.0 0.0 0.0 0.0 0.0 0.0 0.0 0.0 0 0 1.0
40000.0 41000.0 0 0 0.0 0.0 0.0 0.0 0.0 0.0 0.0 0.0 0.0 0.0 0.0 0.0 0.0 0.0 0.0 0.0 0 0 
41000.0 42000.0 1 1 123.59131257087567 8855.176028933123 227.3702773250461 323265.81453843607 941.110107421875 941.110107421875 941.110107421875 0.0 1500.0 1500.0 1500.0 0.0 128.0 128.0 128.0 0.0 2 2 1.0
42000.0 43000.0 2 1 134.78876332830026 8230.241892083735 243.8574154112423 351273.10633163236 939.5629882811918 56.41489257814828 497.98894042967004 624.4800072636082 1500.0 1500.0 1500.0 0.0 128.0 128.0 128.0 0.0 1 1 0.0
43000.0 44000.0 2 1 82.61992410082406 3865.5820789831437 137.77230726371164 197224.0791299316 675.2370000000228 56.20501171873184 365.7210058593773 437.72171668509225 0.0 0.0 0.0 0.0 0.0 0.0 0.0 0.0 0 0 1.0
44000.0 45000.0 0 0 0.0 0.0 0.0 0.0 0.0 0.0 0.0 0.0 0.0 0.0 0.0 0.0 0.0 0.0 0.0 0.0 0 0 
45000.0 46000.0 1 1 106.41218928522186 7332.082351988827 204.34907145923137 291550.5646257052 941.5849609375 941.5849609375 941.5849609375 0.0 1500.0 1500.0 1500.0 0.0 128.0 128.0 128.0 0.0 1 1 1.0
46000.0 47000.0 2 1 132.0208372909063 7470.622292570522 248.4272942853704 357739.04724078346 941.488037109375 58.29203906247858 499.8900380859268 624.5138793357812 1500.0 1500.0 1500.0 0.0 128.0 128.0 128.0 0.0 1 1 0.0
47000.0 48000.0 2 1 128.58501939003497 7201.24405393312 245.0022335397093 352837.96233699 937.87109375 56.79696289059939 497.3340283202997 623.0134926587257 1500.0 1500.0 1500.0 0.0 128.0 128.0 128.0 0.0 1 1 1.0
48000.0 49000.0 2 1 123.18738058829234 7624.443038798523 215.66011033075776 308880.2840129546 934.656005859375 61.85890624998137 498.2574560546782 617.1607477337528 1500.0 1500.0 1500.0 0.0 128.0 128.0 128.0 0.0 1 1 0.0
49000.0 50000.0 2 1 117.16581206236371 6705.746910198877 227.6297830622952 326062.18136396754 933.0600585936918 63.23699414060684 498.1485263671493 615.0577873072398 1500.0 1500.0 1500.0 0.0 128.0 128.0 128.0 0.0 1 1 1.0
50000.0 51000.0 2 1 113.11690539389083 5890.047229778372 189.1753166260409 271544.67535671126 931.449951171875 65.08194140624255 498.2659462890588 612.6146947083718 0.0 0.0 0.0 0.0 0.0 0.0 0.0 0.0 0 0 0.0
51000.0 52000.0 2 1 114.86795356821322 6474.350153889141 224.82555420617513 321742.0683775522 877.361083984375 57.49904882814735 467.4300664062612 579.7300046963722 1500.0 1500.0 1500.0 0.0 128.0 128.0 128.0 0.0 1 1 1.0
52000.0 53000.0 2 1 54.06695674899947 3241.7794360512203 81.49470892765024 116239.88532689691 875.6489257811918 118.5719160157023 497.11042089844705 535.3342874856116 0.0 0.0 0.0 0.0 0.0 0.0 0.0 0.0 0 0 0.0
53000.0 54000.0 2 1 112.29322857196576 7533.056883283897 219.38543676255017 311329.0387336772 868.595947265625 57.23807421873789 462.91701074218145 573.7166540005478 2300.0 2300.0 2300.0 0.0 128.0 128.0 128.0 0.0 2 2 1.0
54000.0 55000.0 2 1 139.59144860201667 7364.217941364928 250.8782960007836 363218.26577598054 865.93896484375 128.9140527343843 497.42650878906716 521.1553132559517 0.0 0.0 0.0 0.0 0.0 0.0 0.0 0.0 0 0 0.0
55000.0 56000.0 2 1 39.692268498094876 1925.4097081425703 49.17219479943597 68170.02684878102 161.67999999999302 131.26803515618667 146.47401757808984 21.50450657026235 0.0 0.0 0.0 0.0 0.0 0.0 0.0 0.0 0 0 1.0
56000.0 57000.0 0 0 0.0 0.0 0.0 0.0 0.0 0.0 0.0 0.0 0.0 0.0 0.0 0.0 0.0 0.0 0.0 0.0 0 0 
57000.0 58000.0 1 1 117.82096259770456 7928.879498975127 231.87165439228258 333200.5099294109 941.96728515625 941.96728515625 941.96728515625 0.0 2300.0 2300.0 2300.0 0.0 128.0 128.0 128.0 0.0 1 2 1.0
58000.0 59000.0 2 1 138.03644670861732 8385.401750789375 207.11948882927126 295749.80529871 937.7392578125 57.39571484376211 497.56748632813105 622.4968890069854 1500.0 1500.0 1500.0 0.0 0.0 0.0 0.0 0.0 2 0 0.0
59000.0 60000.0 2 1 129.1735745619892 7863.350070028677 258.7619479208168 372574.84652926854 935.501953125 58.35074218752561 496.9263476562628 620.2395693798799 1500.0 1500.0 1500.0 0.0 128.0 128.0 128.0 0.0 1 2 1.0
60000.0 61000.0 2 1 111.53837895978613 5946.2987202337645 188.54866701710017 270043.86042110337 932.787109375 61.59604687499814 497.19157812499907 616.0251080028646 0.0 0.0 0.0 0.0 0.0 0.0 0.0 0.0 0 0 0.0
61000.0 62000.0 2 1 118.76907373004082 6735.228244640375 227.35094091693824 323375.39283540123 890.554931640625 57.91689062502701 474.235911132826 588.764005076012 1500.0 1500.0 1500.0 0.0 128.0 128.0 128.0 0.0 1 1 1.0
62000.0 63000.0 2 1 45.78153027197868 2834.411813760987 70.95836596541973 98078.42350104045 886.785888671875 108.30106835940387 497.54347851563944 550.4718954937393 0.0 0.0 0.0 0.0 0.0 0.0 0.0 0.0 0 0 0.0
63000.0 64000.0 2 1 96.58232746746692 6779.085815088133 204.03670845299328 290567.40011888254 880.8413085936918 107.12211132812081 493.9817099609063 547.1020911206973 2300.0 2300.0 2300.0 0.0 128.0 128.0 128.0 0.0 2 2 1.0
64000.0 65000.0 2 1 132.8904132733051 7037.117596851703 228.23335177199905 329144.70301039313 879.764892578125 116.85069140623091 498.30779199217795 539.4618051121643 0.0 0.0 0.0 0.0 0.0 0.0 0.0 0.0 0 0 0.0
65000.0 66000.0 2 1 18.407292429111294 925.226489631858 30.118874733178913 38398.05835578995 105.10610742185963 41.87800000002608 73.49205371094286 44.70902351956998 0.0 0.0 0.0 0.0 0.0 0.0 0.0 0.0 0 0 1.0
66000.0 67000.0 0 0 0.0 0.0 0.0 0.0 0.0 0.0 0.0 0.0 0.0 0.0 0.0 0.0 0.0 0.0 0.0 0.0 0 0 
67000.0 68000.0 1 1 114.22583289114402 7096.161866468839 234.11575666945222 335128.2095359901 941.7919921875 941.7919921875 941.7919921875 0.0 2300.0 2300.0 2300.0 0.0 128.0 128.0 128.0 0.0 1 1 1.0
68000.0 69000.0 2 1 103.83342329817329 5549.901545554987 159.00196617671156 228342.99559265352 941.472900390625 55.85300781251863 498.6629541015718 626.2278315956808 0.0 0.0 0.0 0.0 0.0 0.0 0.0 0.0 0 0 0.0
69000.0 70000.0 2 1 123.78793104583949 8469.137835973255 231.38480230678155 326936.8782137998 877.9272460936918 57.62509960937314 467.77617285153246 580.0412104009424 1500.0 1500.0 1500.0 0.0 128.0 128.0 128.0 0.0 2 2 1.0
70000.0 71000.0 2 1 48.818050629222924 3270.17307398556 76.40537671050728 104423.241719394 875.054931640625 120.33375390630681 497.6943427734659 533.6684626810339 0.0 0.0 0.0 0.0 0.0 0.0 0.0 0.0 0 0 0.0
71000.0 72000.0 2 1 111.64925230066521 6511.596986463594 223.31739677708194 321115.0002312744 864.3212890625 116.12206835940015 490.2216787109501 529.0567426376522 1500.0 1500.0 1500.0 0.0 128.0 128.0 128.0 0.0 1 1 1.0
72000.0 73000.0 2 1 138.9268666338042 8419.586328531497 243.82322994340345 350372.28208820545 860.208984375 134.38671093748417 497.2978476562421 513.233851483904 1500.0 1500.0 1500.0 0.0 128.0 128.0 128.0 0.0 1 1 0.0
73000.0 74000.0 2 1 130.90224577640132 7959.216348990976 226.94501387231088 322924.1970392441 858.85400390625 139.041015625 498.947509765625 508.98464519982474 1500.0 1500.0 1500.0 0.0 128.0 128.0 128.0 0.0 1 1 1.0
74000.0 75000.0 2 1 102.7788129554566 5475.194963812535 178.3208518317124 251724.8293150432 857.218994140625 137.98399609373882 497.6014951171819 508.5759443856465 0.0 0.0 0.0 0.0 0.0 0.0 0.0 0.0 0 0 0.0
75000.0 76000.0 1 1 13.077584469292969 676.031050218757 22.685605712038825 31981.366264395438 132.00700585939921 132.00700585939921 132.00700585939921 0.0 0.0 0.0 0.0 0.0 0.0 0.0 0.0 0.0 0 0 1.0
76000.0 77000.0 0 0 0.0 0.0 0.0 0.0 0.0 0.0 0.0 0.0 0.0 0.0 0.0 0.0 0.0 0.0 0.0 0.0 0 0 
77000.0 78000.0 1 1 89.51035739096368 5948.198802201618 195.03835768346823 277015.71183926606 941.402099609375 941.402099609375 941.402099609375 0.0 1500.0 1500.0 1500.0 0.0 128.0 128.0 128.0 0.0 1 1 1.0
78000.0 79000.0 2 1 135.7946647966571 8356.530076571527 245.38574681090282 353502.476683366 937.134033203125 57.73590039060218 497.4349667968636 621.828383074523 1500.0 1500.0 1500.0 0.0 128.0 128.0 128.0 0.0 1 1 0.0
79000.0 80000.0 2 1 140.26671513857642 8039.392079041962 254.4579150482281 364892.1864916838 928.806884765625 62.53296679689083 495.6699257812579 612.548161760731 1500.0 1500.0 1500.0 0.0 128.0 128.0 128.0 0.0 1 1 1.0
80000.0 81000.0 2 1 107.30805874449798 5737.743208440574 177.11380095757565 253384.41165462532 927.60400390625 66.5571152343764 497.0805595703132 608.8520938994601 0.0 0.0 0.0 0.0 0.0 0.0 0.0 0.0 0 0 0.0
81000.0 82000.0 2 1 113.91698114512232 6548.361543598657 238.27970772155638 341142.7008625224 901.720947265625 58.000996093673166 479.8609716796491 596.6000988960699 1500.0 1500.0 1500.0 0.0 128.0 128.0 128.0 0.0 1 1 1.0
82000.0 83000.0 2 1 57.27134330563602 3471.972293553169 72.61308947450523 101475.17218123944 901.2729492186918 93.71505273442017 497.494000976556 571.0296648047724 0.0 0.0 0.0 0.0 0.0 0.0 0.0 0.0 0 0 0.0
83000.0 84000.0 2 1 89.65382602334947 5561.926926486452 191.75396705586084 271561.7570094614 890.595947265625 57.35905078117503 473.9774990234 589.1874598389879 1500.0 1500.0 1500.0 0.0 128.0 128.0 128.0 0.0 1 1 1.0
84000.0 85000.0 2 1 64.72903615340202 4156.658247094962 88.41270573424983 119024.77855542328 889.519287109375 105.5510527343722 497.5351699218736 554.3492547614092 0.0 0.0 0.0 0.0 0.0 0.0 0.0 0.0 0 0 0.0
85000.0 86000.0 2 1 113.08671152068376 6740.378134317977 228.00617626086583 325561.34454196075 872.90087890625 106.98571289057145 489.9432958984107 541.5838077033067 1500.0 1500.0 1500.0 0.0 128.0 128.0 128.0 0.0 1 1 1.0
86000.0 87000.0 2 1 125.6365181242485 7990.722639931045 235.6733862365251 333517.11639242864 872.395263671875 126.68812109372811 499.54169238280156 527.2945772962513 1500.0 1500.0 1500.0 0.0 128.0 128.0 128.0 0.0 1 1 0.0
87000.0 88000.0 2 1 128.73431275682023 7745.464144719525 233.36901931233905 333443.25201989064 866.697998046875 125.31373632809846 496.00586718748673 524.237838926329 1500.0 1500.0 1500.0 0.0 128.0 128.0 128.0 0.0 1 1 1.0
88000.0 89000.0 2 1 143.01576255245283 7833.429499009433 234.64862091928134 335222.87368753366 863.635986328125 131.19600195309613 497.41599414061056 517.9132797637518 0.0 0.0 0.0 0.0 0.0 0.0 0.0 0.0 0 0 0.0
89000.0 90000.0 2 1 120.22565119497708 7872.155487245151 232.7555244883514 330806.6578392678 790.53125 123.97001367190387 457.25063183595194 471.32997028368567 2300.0 2300.0 2300.0 0.0 128.0 128.0 128.0 0.0 2 2 1.0
90000.0 91000.0 2 1 88.81197687300676 5252.9140603875585 146.82701990042827 204662.75322430686 784.011962890625 207.79074999998556 495.9013564453053 407.4499270985084 0.0 0.0 0.0 0.0 0.0 0.0 0.0 0.0 0 0 0.0
91000.0 92000.0 2 1 111.47241974470022 6380.419616437184 221.5576748069255 317623.7200053209 778.4799804686918 215.58503710938385 497.0325087890378 398.02683154498425 2300.0 2300.0 2300.0 0.0 128.0 128.0 128.0 0.0 1 1 1.0
92000.0 93000.0 2 1 114.38052261394168 7242.338502399203 186.42675425758674 262695.69889504433 773.590087890625 218.9970195312635 496.29355371094425 392.156519435959 0.0 0.0 0.0 0.0 0.0 0.0 0.0 0.0 0 0 0.0
93000.0 94000.0 2 1 125.22110628822759 6330.047660250015 235.16264010849775 338598.5639674197 764.4340820311918 186.6269121093792 475.5304970702855 408.57136806992145 2300.0 2300.0 2300.0 0.0 128.0 128.0 128.0 0.0 1 1 1.0
94000.0 95000.0 2 1 104.27048528311173 6487.99676429866 174.99459267899147 246962.57868242598 763.6533203125 234.86491796880728 499.25911914065364 373.9098651100256 0.0 0.0 0.0 0.0 0.0 0.0 0.0 0.0 0 0 0.0
95000.0 96000.0 2 1 107.67484346897987 5289.585258206463 215.5989541949719 310346.88438785647 736.9799804686918 186.86767968750792 461.92383007809985 388.9881382965088 2300.0 2300.0 2300.0 0.0 128.0 128.0 128.0 0.0 1 1 1.0
96000.0 97000.0 2 1 126.62455256181615 7312.393973446726 220.93386257405132 314453.5429229513 732.2661132811918 262.2450195312267 497.25556640620925 332.3551026913183 0.0 0.0 0.0 0.0 0.0 0.0 0.0 0.0 0 0 0.0
97000.0 98000.0 2 1 126.46771098221976 6370.93985054465 251.99555515675326 363197.4563786772 696.908935546875 266.21688671881566 481.56291113284533 304.5452683294484 2300.0 2300.0 2300.0 0.0 128.0 128.0 128.0 0.0 1 1 1.0
98000.0 99000.0 2 1 128.27476512229856 6765.933858204259 224.18520916723668 319465.82811891433 689.83203125 302.2050644531264 496.0185478515632 274.093656792842 0.0 0.0 0.0 0.0 0.0 0.0 0.0 0.0 0 0 0.0
99000.0 100000.0 1 1 17.651678214310294 984.4973736132308 27.809719450847354 39216.53365841378 137.8259687499958 137.8259687499958 137.8259687499958 0.0 0.0 0.0 0.0 0.0 0.0 0.0 0.0 0.0 0 0 1.0
100000.0 101000.0 0 0 0.0 0.0 0.0 0.0 0.0 0.0 0.0 0.0 0.0 0.0 0.0 0.0 0.0 0.0 0.0 0.0 0 0 
101000.0 102000.0 1 1 119.44953196208468 8431.62013706969 248.3791855084618 355762.4187180591 942.1088867186918 942.1088867186918 942.1088867186918 0.0 2300.0 2300.0 2300.0 0.0 128.0 128.0 128.0 0.0 1 2 1.0
102000.0 103000.0 2 1 119.49473489387921 7673.871301683603 211.273281489475 302473.55904730625 941.00927734375 51.6641132812947 496.33669531252235 628.8619963240247 1500.0 1500.0 1500.0 0.0 0.0 0.0 0.0 0.0 2 0 0.0
103000.0 104000.0 2 1 132.84262888574293 8439.853857199441 241.3923282332308 340430.2386688423 936.672119140625 58.785722656175494 497.72892089840025 620.7594240655764 1500.0 1500.0 1500.0 0.0 128.0 128.0 128.0 0.0 1 2 1.0
104000.0 105000.0 2 1 136.6858676659333 7360.501950369904 267.24592131571984 386164.5173466415 930.949951171875 61.15888085938059 496.0544160156278 615.03516403347 0.0 0.0 0.0 0.0 0.0 0.0 0.0 0.0 0 0 0.0
105000.0 106000.0 2 1 25.527236592359884 1273.1527536773601 24.709283453112523 30707.26621915082 104.63199999998324 69.03704882814782 86.83452441406553 25.16943134960887 0.0 0.0 0.0 0.0 0.0 0.0 0.0 0.0 0 0 1.0
106000.0 107000.0 0 0 0.0 0.0 0.0 0.0 0.0 0.0 0.0 0.0 0.0 0.0 0.0 0.0 0.0 0.0 0.0 0.0 0 0 
107000.0 108000.0 1 1 93.70836521790582 6991.211974741943 203.5080658772702 289323.1577865688 942.86328125 942.86328125 942.86328125 0.0 1500.0 1500.0 1500.0 0.0 128.0 128.0 128.0 0.0 1 2 1.0
108000.0 109000.0 2 1 116.1770918862439 6896.622582068328 222.92606843148985 318999.6973792079 939.072021484375 53.24271875002887 496.15737011720194 626.3759069372072 1500.0 1500.0 1500.0 0.0 0.0 0.0 0.0 0.0 1 0 0.0
109000.0 110000.0 2 1 136.70688001148892 8008.646988427576 252.09089197654586 363616.3922133596 936.9760742186918 60.25197851570556 498.6140263671987 619.9375533012252 1500.0 1500.0 1500.0 0.0 128.0 128.0 128.0 0.0 1 1 1.0
110000.0 111000.0 2 1 116.81872248977892 6559.766973201001 190.81807881563034 274227.14908108296 934.806884765625 60.78892578126397 497.7979052734445 618.0240256766674 0.0 0.0 0.0 0.0 0.0 0.0 0.0 0.0 0 0 0.0
111000.0 112000.0 2 1 103.21831439048883 6093.147174392719 223.59940426041302 318631.89266220864 891.346923828125 56.81511523440713 474.08101953126607 590.1031009724918 1500.0 1500.0 1500.0 0.0 128.0 128.0 128.0 0.0 1 1 1.0
112000.0 113000.0 2 1 57.89241968708693 3610.7398583466475 84.10438262091148 113174.75825659753 890.2338867186918 104.88707617187174 497.56048144528177 555.3240553208833 0.0 0.0 0.0 0.0 0.0 0.0 0.0 0.0 0 0 0.0
113000.0 114000.0 2 1 108.04916499185492 6360.09031268702 224.58192468437377 322607.55997270433 888.291259765625 104.83011328126304 496.560686523444 553.9906894752794 1500.0 1500.0 1500.0 0.0 128.0 128.0 128.0 0.0 1 1 1.0
114000.0 115000.0 2 1 45.3921454691838 2942.647482024488 56.66160335761112 77298.01247150163 884.79296875 107.63874023442622 496.2158544922131 549.531025011162 0.0 0.0 0.0 0.0 0.0 0.0 0.0 0.0 0 0 0.0
115000.0 116000.0 2 1 112.05054246353102 6637.834259389945 229.3187289383256 329944.1672434858 869.601318359375 108.35803125001257 488.9796748046938 538.2802904477682 1500.0 1500.0 1500.0 0.0 128.0 128.0 128.0 0.0 1 1 1.0
116000.0 117000.0 2 1 62.12511058269413 4046.6472652949988 83.88232117016304 115173.75581214257 867.285888671875 128.70368164061802 497.9947851562465 522.2564870555284 0.0 0.0 0.0 0.0 0.0 0.0 0.0 0.0 0 0 0.0
117000.0 118000.0 1 1 6.861242809742796 461.6451294253361 7.508529867265702 9971.457121140356 128.97311132814502 128.97311132814502 128.97311132814502 0.0 0.0 0.0 0.0 0.0 0.0 0.0 0.0 0.0 0 0 1.0
118000.0 119000.0 0 0 0.0 0.0 0.0 0.0 0.0 0.0 0.0 0.0 0.0 0.0 0.0 0.0 0.0 0.0 0.0 0.0 0 0 
119000.0 120000.0 1 1 119.75941936179858 9531.329026667589 241.41978188807013 345421.33288796985 943.6909179686918 943.6909179686918 943.6909179686918 0.0 2300.0 2300.0 2300.0 0.0 128.0 128.0 128.0 0.0 2 3 1.0
120000.0 121000.0 2 1 137.47615382780714 8843.819912679923 234.45330947565174 335884.3261649418 942.887939453125 49.17508203117177 496.0315107421484 631.9504219166693 1500.0 1500.0 1500.0 0.0 0.0 0.0 0.0 0.0 2 0 0.0
121000.0 122000.0 2 1 125.23397658870077 7916.287496644552 264.45710816195714 377316.2113204952 906.864013671875 55.78506054688478 481.3245371093799 601.8036990798284 1500.0 1500.0 1500.0 0.0 128.0 128.0 128.0 0.0 1 2 1.0
122000.0 123000.0 2 1 145.1716853899974 7423.353059105826 257.40555695789783 373122.44804074673 906.553955078125 89.01498632814037 497.7844707031327 578.0873486873711 0.0 0.0 0.0 0.0 0.0 0.0 0.0 0.0 0 0 0.0
123000.0 124000.0 2 1 95.85554127482295 6602.632502927001 163.78073086460623 234461.70258458995 904.8491210936918 90.61904492188478 497.7340830077883 575.7476083071239 1500.0 1500.0 1500.0 0.0 128.0 128.0 128.0 0.0 1 1 1.0
124000.0 125000.0 2 1 115.71707260337354 5772.504479153657 189.5078303260184 271637.77802711586 903.8090820311918 93.26587890624069 498.53748046871624 573.1405953743182 0.0 0.0 0.0 0.0 0.0 0.0 0.0 0.0 0 0 0.0
125000.0 126000.0 2 1 107.91254690610349 6995.355268983129 212.22847423100626 304063.04424145323 743.216064453125 82.4969179687323 412.85649121092865 467.1989889389019 1500.0 1500.0 1500.0 0.0 128.0 128.0 128.0 0.0 1 1 1.0
126000.0 127000.0 2 1 90.8952877571144 5515.99224676524 149.36669344115097 209573.24760984402 743.0581054686918 248.9869355468545 496.02252050777315 349.3610746405021 0.0 0.0 0.0 0.0 0.0 0.0 0.0 0.0 0 0 0.0
127000.0 128000.0 1 1 9.978316290281766 572.7260070730844 14.38051465364137 19842.90912284341 127.78789453126956 127.78789453126956 127.78789453126956 0.0 0.0 0.0 0.0 0.0 0.0 0.0 0.0 0.0 0 0 1.0
128000.0 129000.0 0 0 0.0 0.0 0.0 0.0 0.0 0.0 0.0 0.0 0.0 0.0 0.0 0.0 0.0 0.0 0.0 0.0 0 0 
129000.0 130000.0 1 1 87.96188737921103 6026.808025594975 174.97794801240903 249254.66820355767 943.552978515625 943.552978515625 943.552978515625 0.0 1500.0 1500.0 1500.0 0.0 128.0 128.0 128.0 0.0 1 1 1.0
130000.0 131000.0 2 1 131.46160877895971 8239.11281287827 250.6040782587368 362598.5371032197 943.02587890625 54.04302148439456 498.5344501953223 628.6058068415878 1500.0 1500.0 1500.0 0.0 128.0 128.0 128.0 0.0 1 1 0.0
131000.0 132000.0 2 1 139.9925610729741 8066.811351392268 249.1982170464869 360600.8676528639 938.88525390625 56.51512109377654 497.70018750001327 623.9299044281745 1500.0 1500.0 1500.0 0.0 128.0 128.0 128.0 0.0 1 1 1.0
132000.0 133000.0 2 1 47.1907883211885 2911.316254620936 68.8926883039039 97104.76696623318 930.4033203125 60.86374609376071 495.63353320313036 614.8573294401338 0.0 0.0 0.0 0.0 0.0 0.0 0.0 0.0 0 0 0.0
133000.0 134000.0 2 1 103.29201008572159 6124.413883604045 215.8397023771986 307398.9441405422 892.778076171875 57.67367968749022 475.2258779296826 590.5079817528077 1500.0 1500.0 1500.0 0.0 128.0 128.0 128.0 0.0 1 1 1.0
134000.0 135000.0 2 1 56.886368057762965 3443.957794984818 89.08238364932625 123260.62344348774 892.2739257811918 107.0739238281385 499.67392480466515 555.2202459686944 0.0 0.0 0.0 0.0 0.0 0.0 0.0 0.0 0 0 0.0
135000.0 136000.0 2 1 5.214776304182091 317.5798769246893 7.4049823519385685 10124.592490095612 103.8960742187337 0.0 51.94803710936685 73.46561861872743 0.0 0.0 0.0 0.0 0.0 0.0 0.0 0.0 0 0 1.0
136000.0 137000.0 0 0 0.0 0.0 0.0 0.0 0.0 0.0 0.0 0.0 0.0 0.0 0.0 0.0 0.0 0.0 0.0 0.0 0 0 
137000.0 138000.0 1 1 120.89817524099617 7720.481909530489 226.68407857686782 324287.6311931086 942.5712890625 942.5712890625 942.5712890625 0.0 1500.0 1500.0 1500.0 0.0 128.0 128.0 128.0 0.0 1 1 1.0
138000.0 139000.0 2 1 132.46841355059973 8288.458586978873 248.96740411410195 360788.32118754345 942.489990234375 55.36871093750233 498.92935058593866 627.2894723257039 1500.0 1500.0 1500.0 0.0 128.0 128.0 128.0 0.0 1 1 0.0
139000.0 140000.0 2 1 130.53256942321798 7591.975385988248 248.8022960572906 357324.8503743107 939.618896484375 57.38700976560358 498.5029531249893 623.8321496778453 1500.0 1500.0 1500.0 0.0 128.0 128.0 128.0 0.0 1 1 1.0
140000.0 141000.0 2 1 90.03072128620703 4994.8447299224545 146.42250545223905 210728.50339409665 938.507080078125 54.28910351562081 496.3980917968729 625.2365272743945 0.0 0.0 0.0 0.0 0.0 0.0 0.0 0.0 0 0 0.0
141000.0 142000.0 2 1 109.88760089024642 6501.20164259669 215.96692478047515 307638.33891462657 894.2919921875 57.37791992188431 475.83495605469216 591.7876157694651 1500.0 1500.0 1500.0 0.0 128.0 128.0 128.0 0.0 1 1 1.0
142000.0 143000.0 2 1 125.94942766038702 7952.163319604115 234.67036103586616 335849.09979315323 894.25 103.94000781251816 499.0950039062591 558.8335547152558 1500.0 1500.0 1500.0 0.0 128.0 128.0 128.0 0.0 1 1 0.0
143000.0 144000.0 2 1 96.23309194834563 4831.874425379128 152.48642998315924 217063.25514316084 595.3219999999856 104.01699999999255 349.66949999998906 347.4050971308518 0.0 0.0 0.0 0.0 0.0 0.0 0.0 0.0 0 0 1.0
144000.0 145000.0 0 0 0.0 0.0 0.0 0.0 0.0 0.0 0.0 0.0 0.0 0.0 0.0 0.0 0.0 0.0 0.0 0.0 0 0 
145000.0 146000.0 1 1 114.8451252459131 7964.79184184976 235.33837140555963 334900.6228123957 939.9819335936918 939.9819335936918 939.9819335936918 0.0 1500.0 1500.0 1500.0 0.0 128.0 128.0 128.0 0.0 1 2 1.0
146000.0 147000.0 2 1 125.0631715364934 7358.28387485966 236.44152016134782 339978.50352852157 935.1831054686918 58.56106640631333 496.87208593750256 619.8653883585864 1500.0 1500.0 1500.0 0.0 0.0 0.0 0.0 0.0 1 0 0.0
147000.0 148000.0 2 1 128.77117599617824 8766.936411976547 240.67555757758035 340992.3031820736 933.131103515625 64.17889453127282 498.6549990234489 614.4419994998655 2300.0 2300.0 2300.0 0.0 128.0 128.0 128.0 0.0 2 2 1.0
148000.0 149000.0 2 1 142.2673583428279 7705.827492437661 231.9202011285634 335940.09512729186 933.053955078125 64.33689648442669 498.69542578127584 614.2757230640354 0.0 0.0 0.0 0.0 0.0 0.0 0.0 0.0 0 0 0.0
149000.0 150000.0 2 1 119.28710259268799 7015.856416134168 231.35547363941785 328526.39371177764 929.2309570311918 63.063044921902474 496.14700097654713 612.4732042986719 2300.0 2300.0 2300.0 0.0 128.0 128.0 128.0 0.0 1 1 1.0
150000.0 151000.0 2 1 142.19712048474904 7720.51443846758 241.1877310605978 348859.93530287733 929.1333007811918 65.46504296880448 497.29917187499814 610.7056817947105 0.0 0.0 0.0 0.0 0.0 0.0 0.0 0.0 0 0 0.0
151000.0 152000.0 2 1 113.26949604021691 6642.5291705394875 232.74122320498304 331822.50484276534 925.83203125 66.13669921882683 495.9843652344134 607.8963990336631 2300.0 2300.0 2300.0 0.0 128.0 128.0 128.0 0.0 1 1 1.0
152000.0 153000.0 2 1 118.37639024670487 6396.78199792038 197.03817509359416 282447.67633951816 921.916015625 74.09696875000373 498.00649218750186 599.4985972644253 0.0 0.0 0.0 0.0 0.0 0.0 0.0 0.0 0 0 0.0
153000.0 154000.0 2 1 9.923059514228536 513.4783558147585 17.301746728355987 19778.965152778932 57.981984374986496 47.243999999947846 52.61299218746717 7.592901567865021 0.0 0.0 0.0 0.0 0.0 0.0 0.0 0.0 0 0 1.0
154000.0 155000.0 0 0 0.0 0.0 0.0 0.0 0.0 0.0 0.0 0.0 0.0 0.0 0.0 0.0 0.0 0.0 0.0 0.0 0 0 
155000.0 156000.0 1 1 120.12928904397954 8331.486440152534 243.09627782915544 349482.587026521 939.60400390625 939.60400390625 939.60400390625 0.0 2300.0 2300.0 2300.0 0.0 128.0 128.0 128.0 0.0 1 2 1.0
156000.0 157000.0 2 1 133.6601869611773 8421.98738950396 228.03705942399833 329975.5332678351 937.302001953125 53.73999609367456 495.5209990233998 624.7726859420054 1500.0 1500.0 1500.0 0.0 0.0 0.0 0.0 0.0 2 0 0.0
157000.0 158000.0 2 1 126.93690827965645 7984.939846091088 254.12399157516919 364619.7166070112 934.615966796875 60.69699804688571 497.65648242188036 617.9540290106719 1500.0 1500.0 1500.0 0.0 128.0 128.0 128.0 0.0 1 2 1.0
158000.0 159000.0 2 1 86.367639923696 4909.846841513814 129.64969412373867 184727.66491974486 930.318115234375 65.13003320310963 497.7240742187423 611.7803598060907 0.0 0.0 0.0 0.0 0.0 0.0 0.0 0.0 0 0 0.0
159000.0 160000.0 2 1 8.905975791490702 468.7394827386039 12.092977047938366 13698.498178887865 58.44388476561289 30.35999999998603 44.40194238279946 19.85830535983633 0.0 0.0 0.0 0.0 0.0 0.0 0.0 0.0 0 0 1.0
160000.0 161000.0 0 0 0.0 0.0 0.0 0.0 0.0 0.0 0.0 0.0 0.0 0.0 0.0 0.0 0.0 0.0 0.0 0.0 0 0 
161000.0 162000.0 1 1 119.38257431522088 7584.58339201066 247.29247536724324 354641.0966953402 940.8720703125 940.8720703125 940.8720703125 0.0 1500.0 1500.0 1500.0 0.0 128.0 128.0 128.0 0.0 1 1 1.0
162000.0 163000.0 2 1 36.77371576260968 2491.776782710327 39.15189438592628 54730.61104924171 940.553955078125 52.15292968752328 496.35344238282414 628.1943894667767 0.0 0.0 0.0 0.0 0.0 0.0 0.0 0.0 0 0 0.0
163000.0 164000.0 2 1 109.67376482621368 6513.078707326944 221.74641463071913 317281.7053196057 900.561279296875 57.50404492189409 479.03266210938455 596.1314873549255 1500.0 1500.0 1500.0 0.0 128.0 128.0 128.0 0.0 1 1 1.0
164000.0 165000.0 2 1 94.98117036476457 5254.055784294538 132.75512403325837 185854.21031510687 900.511962890625 93.28772070311243 496.8998417968687 570.7937355889621 0.0 0.0 0.0 0.0 0.0 0.0 0.0 0.0 0 0 0.0
165000.0 166000.0 2 1 117.6752929284564 6940.969801891945 230.82029356742083 331919.33158593543 895.78125 98.72903710935498 497.2551435546775 563.6010246947188 1500.0 1500.0 1500.0 0.0 128.0 128.0 128.0 0.0 1 1 1.0
166000.0 167000.0 2 1 131.28764770713462 8238.703566363572 241.34919763095667 345476.1190972192 891.760009765625 103.32475000002887 497.54237988282694 557.5079187068301 1500.0 1500.0 1500.0 0.0 128.0 128.0 128.0 0.0 1 1 0.0
167000.0 168000.0 2 1 123.57031258061168 7261.147225529758 240.12865985510783 344293.5782344319 888.957275390625 106.8079902344034 497.8826328125142 553.063063434175 1500.0 1500.0 1500.0 0.0 128.0 128.0 128.0 0.0 1 1 1.0
168000.0 169000.0 2 1 97.70488083083931 5431.555183813038 163.88910572891376 231117.10794642434 881.530029296875 111.01772460935172 496.27387695311336 544.834475632223 0.0 0.0 0.0 0.0 0.0 0.0 0.0 0.0 0 0 0.0
169000.0 170000.0 2 1 12.950640684149134 697.129556059217 18.866834800453848 25155.239756694667 114.85297070309753 25.15999999997439 70.00648535153596 63.42250780894471 0.0 0.0 0.0 0.0 0.0 0.0 0.0 0.0 0 0 1.0
170000.0 171000.0 0 0 0.0 0.0 0.0 0.0 0.0 0.0 0.0 0.0 0.0 0.0 0.0 0.0 0.0 0.0 0.0 0.0 0 0 
171000.0 172000.0 1 1 106.69767359096365 7537.765736961617 230.39143678048788 327568.4675146578 942.656005859375 942.656005859375 942.656005859375 0.0 1500.0 1500.0 1500.0 0.0 128.0 128.0 128.0 0.0 1 2 1.0
172000.0 173000.0 2 1 130.27402601727215 11005.369038758105 236.1941147888446 336348.86428131355 936.5629882811918 55.679994140635245 496.1214912109135 622.8783385886974 1500.0 1500.0 1500.0 0.0 0.0 0.0 0.0 0.0 1 0 0.0
173000.0 174000.0 2 1 100.0283003917642 5139.865224280278 159.41444843066756 227274.66820402865 681.4189999999944 60.651011718728114 371.03500585936126 438.94925405721466 0.0 0.0 0.0 0.0 0.0 0.0 0.0 0.0 0 0 1.0
174000.0 175000.0 0 0 0.0 0.0 0.0 0.0 0.0 0.0 0.0 0.0 0.0 0.0 0.0 0.0 0.0 0.0 0.0 0.0 0 0 
175000.0 176000.0 1 1 121.97004141988734 8318.545925675728 240.1580660515611 342540.09702109336 942.384033203125 942.384033203125 942.384033203125 0.0 1500.0 1500.0 1500.0 0.0 128.0 128.0 128.0 0.0 1 1 1.0
176000.0 177000.0 2 1 131.33745295267354 8165.800809694287 242.68073040701685 346754.48484165675 941.262939453125 54.31596679688664 497.7894531250058 627.1662189181055 1500.0 1500.0 1500.0 0.0 128.0 128.0 128.0 0.0 1 1 0.0
177000.0 178000.0 2 1 134.90899388421167 8578.872394407668 250.6896372632732 360872.22943794145 941.076904296875 58.2480605468736 499.6624824218743 624.254262042705 1500.0 1500.0 1500.0 0.0 128.0 128.0 128.0 0.0 1 1 1.0
178000.0 179000.0 2 1 73.8005410982566 4526.592062556526 93.6920015041838 129798.52324810658 937.749267578125 57.57809570321115 497.6636816406681 622.3750042376619 0.0 0.0 0.0 0.0 0.0 0.0 0.0 0.0 0 0 0.0
179000.0 180000.0 2 1 115.35107662238087 6870.489243208603 230.21016638952884 329317.5384438491 894.805908203125 56.57673242187593 475.69132031250047 592.7175343833318 1500.0 1500.0 1500.0 0.0 128.0 128.0 128.0 0.0 1 1 1.0
180000.0 181000.0 2 1 55.39244188783668 3580.13163679382 73.67501473283872 96177.02440737732 889.779296875 101.49309179687407 495.63619433593703 557.4025211265523 0.0 0.0 0.0 0.0 0.0 0.0 0.0 0.0 0 0 0.0
181000.0 182000.0 2 1 97.36007789770754 5858.747294229372 213.16579161824447 304513.01499543135 884.528076171875 109.02470312500373 496.77638964843936 548.3636939144835 1500.0 1500.0 1500.0 0.0 128.0 128.0 128.0 0.0 1 1 1.0
182000.0 183000.0 2 1 62.715349601711964 3784.1674949539934 95.40175173649855 133215.55712995268 883.407958984375 114.06392382807098 498.735941406223 544.0083843244441 0.0 0.0 0.0 0.0 0.0 0.0 0.0 0.0 0 0 0.0
183000.0 184000.0 2 1 6.164024635333817 372.65313848000585 8.326840296854455 11505.530474591336 107.11604101560079 0.0 53.55802050780039 75.74247897598768 0.0 0.0 0.0 0.0 0.0 0.0 0.0 0.0 0 0 1.0
184000.0 185000.0 0 0 0.0 0.0 0.0 0.0 0.0 0.0 0.0 0.0 0.0 0.0 0.0 0.0 0.0 0.0 0.0 0.0 0 0 
185000.0 186000.0 1 1 121.7629727499127 8513.105071722743 233.22292472867895 333874.0712802606 936.256103515625 936.256103515625 936.256103515625 0.0 1500.0 1500.0 1500.0 0.0 128.0 128.0 128.0 0.0 1 1 1.0
186000.0 187000.0 2 1 125.17112016395755 7959.581291230681 221.58107879973272 319612.5568121195 928.4379882811918 63.33589648437919 495.8869423827855 611.7195555281933 1500.0 1500.0 1500.0 0.0 128.0 128.0 128.0 0.0 1 1 0.0
187000.0 188000.0 2 1 127.0408898851985 7364.317528789796 255.86393028219675 368835.9676386558 928.0913085936918 64.04201171873137 496.0666601562116 610.9751170997529 1500.0 1500.0 1500.0 0.0 128.0 128.0 128.0 0.0 1 1 1.0
188000.0 189000.0 2 1 135.9496177516271 8526.436969272207 240.6817313876909 345720.37640759855 922.387939453125 70.40169140632497 496.394815429725 602.4452534715763 1500.0 1500.0 1500.0 0.0 128.0 128.0 128.0 0.0 1 1 0.0
189000.0 190000.0 2 1 130.79661404035073 7689.917136652219 240.66204419890127 345866.38181652967 919.4892578125 73.22006054688245 496.3546591796912 598.4026880958143 1500.0 1500.0 1500.0 0.0 128.0 128.0 128.0 0.0 1 1 1.0
190000.0 191000.0 2 1 124.99930513314085 6601.841648887798 223.04036257123119 320013.2167709045 916.0659179686918 78.28974218748044 497.1778300780861 592.3972150114275 0.0 0.0 0.0 0.0 0.0 0.0 0.0 0.0 0 0 0.0
191000.0 192000.0 2 1 117.4299960397934 6838.486281688993 219.81596983221516 314348.2658184866 890.91796875 58.128082031267695 474.52302539063385 588.8713762023923 1500.0 1500.0 1500.0 0.0 128.0 128.0 128.0 0.0 1 1 1.0
192000.0 193000.0 2 1 55.59349633194539 3398.9903204429957 72.21897180727008 98373.4035297825 888.241943359375 103.92903125000885 496.0854873046919 554.5929787247014 0.0 0.0 0.0 0.0 0.0 0.0 0.0 0.0 0 0 0.0
193000.0 194000.0 2 1 118.95515638670142 8152.800881538464 222.65202631209192 318593.5873886836 886.173095703125 109.22205664060311 497.69757617186406 549.3873483710433 2300.0 2300.0 2300.0 0.0 128.0 128.0 128.0 0.0 2 2 1.0
194000.0 195000.0 2 1 135.46627099302714 7367.090578624036 245.5369356059868 353755.2734669996 885.387939453125 111.46090429689502 498.42442187501 547.2490547025698 0.0 0.0 0.0 0.0 0.0 0.0 0.0 0.0 0 0 0.0
195000.0 196000.0 2 1 124.4389730890878 7219.807622775752 229.13862509760145 329941.0505092531 883.758056640625 108.40006054681726 496.07905859372113 548.2608968851441 2300.0 2300.0 2300.0 0.0 128.0 128.0 128.0 0.0 1 1 1.0
196000.0 197000.0 2 1 132.13687902954987 7101.848034516155 218.68961197761683 312604.9757924744 878.867919921875 116.07394335942809 497.47093164065154 539.3767934755587 0.0 0.0 0.0 0.0 0.0 0.0 0.0 0.0 0 0 0.0
197000.0 198000.0 2 1 104.56273469106178 6194.408571393877 214.01019600306552 306445.13014884 874.929931640625 113.89708007813897 494.413505859382 538.1314900455691 2300.0 2300.0 2300.0 0.0 128.0 128.0 128.0 0.0 1 1 1.0
198000.0 199000.0 2 1 134.37063917884487 7185.238540985406 251.85241890866408 364555.2028408847 872.197265625 124.38506835931912 498.29116699215956 528.7830757405751 0.0 0.0 0.0 0.0 0.0 0.0 0.0 0.0 0 0 0.0
199000.0 200000.0 2 1 116.30389046751884 6773.8336792259315 219.57148898925874 315061.1546737302 867.389892578125 124.19273437501397 495.7913134765695 525.5197503239912 2300.0 2300.0 2300.0 0.0 128.0 128.0 128.0 0.0 1 1 1.0
200000.0 201000.0 2 1 86.03899921326685 5485.517368526532 130.65767748692207 183959.8297674907 863.802978515625 131.63910742185544 497.7210429687402 517.7180381901977 0.0 0.0 0.0 0.0 0.0 0.0 0.0 0.0 0 0 0.0
201000.0 202000.0 2 1 119.18558287324906 6477.572917546204 231.34465694319735 332669.24894755415 863.63330078125 133.5820214843843 498.60766113281716 516.2242102047279 2300.0 2300.0 2300.0 0.0 128.0 128.0 128.0 0.0 1 1 1.0
202000.0 203000.0 2 1 132.91455236440834 6998.316700694752 250.0968311248464 362761.93033676007 861.952880859375 134.06569921877235 498.0092900390737 514.6939620768344 0.0 0.0 0.0 0.0 0.0 0.0 0.0 0.0 0 0 0.0
203000.0 204000.0 2 1 135.37306384274947 7667.098437493726 251.92987690624417 364968.515254429 860.80810546875 132.74211914057378 496.7751123046619 514.8203960839256 2300.0 2300.0 2300.0 0.0 128.0 128.0 128.0 0.0 1 1 1.0
204000.0 205000.0 2 1 130.7153662314145 6922.774345677517 251.13606451423612 363368.76135487907 856.4873046875 135.60989453119691 496.04859960934846 509.7373051257181 0.0 0.0 0.0 0.0 0.0 0.0 0.0 0.0 0 0 0.0
205000.0 206000.0 2 1 118.72280393971357 6888.925825530712 222.4889313808241 318047.7284597347 848.575927734375 143.4566953125177 496.01631152344635 498.5945907905486 2300.0 2300.0 2300.0 0.0 128.0 128.0 128.0 0.0 1 1 1.0
206000.0 207000.0 2 1 100.45397591410236 6676.5749301411915 167.092146665904 235872.72873752503 846.85205078125 144.96407226566225 495.9080615234561 496.3097492416899 0.0 0.0 0.0 0.0 0.0 0.0 0.0 0.0 0 0 0.0
207000.0 208000.0 2 1 122.61679906971122 6126.724908831436 238.90892933046658 344204.46367281245 802.054931640625 148.4539492187323 475.25444042967865 462.1656868607098 2300.0 2300.0 2300.0 0.0 128.0 128.0 128.0 0.0 1 1 1.0
208000.0 209000.0 2 1 116.27220582275665 7176.657682662874 202.25974448364002 287152.0189549441 801.638916015625 193.09006835939363 497.3644921875093 430.3090168609804 0.0 0.0 0.0 0.0 0.0 0.0 0.0 0.0 0 0 0.0
209000.0 210000.0 2 1 128.13740984753363 6491.347970064531 250.94500351350834 362359.34814022394 787.72412109375 184.07108398433775 485.8976025390439 426.84715602392004 2300.0 2300.0 2300.0 0.0 128.0 128.0 128.0 0.0 1 1 1.0
210000.0 211000.0 2 1 69.35758799625884 4981.6243934028735 106.52210480426733 147806.98448642384 785.61328125 209.67987890623044 497.6465800781152 407.2464143091197 0.0 0.0 0.0 0.0 0.0 0.0 0.0 0.0 0 0 0.0
211000.0 212000.0 2 1 114.74353011827647 5830.537019427162 202.17903235616168 292046.03384205425 737.669921875 177.92971874994691 457.79982031247346 395.7960933324606 2300.0 2300.0 2300.0 0.0 128.0 128.0 128.0 0.0 1 1 1.0
212000.0 213000.0 2 1 114.9883680667148 6997.901130844473 191.4600934987742 271413.3887762772 731.073974609375 262.10607812495437 496.5900263671647 331.6103797629247 0.0 0.0 0.0 0.0 0.0 0.0 0.0 0.0 0 0 0.0
213000.0 214000.0 2 1 125.15592789973812 6490.783792452777 238.75004875202873 344242.7377718886 728.9560546875 268.86202539061196 498.909040039056 325.3356080992716 2300.0 2300.0 2300.0 0.0 128.0 128.0 128.0 0.0 1 1 1.0
214000.0 215000.0 2 1 71.74284018241053 4833.431289572158 131.83845818433394 186581.28505102513 726.75390625 266.5689453125233 496.66142578126164 325.39990647895627 0.0 0.0 0.0 0.0 0.0 0.0 0.0 0.0 0 0 0.0
215000.0 216000.0 2 1 111.28329520343604 5849.77769930793 214.5690042098421 309226.97444073757 726.596923828125 271.6010937499814 499.0990087890532 321.73063685985744 2300.0 2300.0 2300.0 0.0 128.0 128.0 128.0 0.0 1 1 1.0
216000.0 217000.0 2 1 114.5502122657314 6882.320175859086 198.0463982042505 280876.3936386817 723.02392578125 270.15907617192715 496.5915009765886 320.2238061197782 0.0 0.0 0.0 0.0 0.0 0.0 0.0 0.0 0 0 0.0
217000.0 218000.0 2 1 125.24639253846105 6458.869967242094 243.53150475081748 351136.0973566579 722.68994140625 275.12907421879936 498.9095078125247 316.4733241819781 2300.0 2300.0 2300.0 0.0 128.0 128.0 128.0 0.0 1 1 1.0
218000.0 219000.0 2 1 125.11405525003576 7455.897706400134 228.57466643309334 325507.1631798706 717.993896484375 276.4470585937379 497.22047753905645 312.2207632839467 0.0 0.0 0.0 0.0 0.0 0.0 0.0 0.0 0 0 0.0
219000.0 220000.0 2 1 122.01407838504808 6245.747852784222 235.22626470827186 339717.78883739177 702.884033203125 205.92410351557191 454.40406835934846 351.4037362600586 2300.0 2300.0 2300.0 0.0 128.0 128.0 128.0 0.0 1 1 1.0
220000.0 221000.0 2 1 110.16799727803655 6633.259351717235 207.47012042287014 295103.0141141438 702.185302734375 293.9019667968387 498.04363476560684 288.69991548689717 0.0 0.0 0.0 0.0 0.0 0.0 0.0 0.0 0 0 0.0
221000.0 222000.0 2 1 125.00729314638085 6544.76349247361 228.7976722637887 328648.5026406051 702.0 294.12769726559054 498.06384863279527 288.4092711216733 2300.0 2300.0 2300.0 0.0 128.0 128.0 128.0 0.0 1 1 1.0
222000.0 223000.0 2 1 117.2528910466421 6053.188994295333 219.42081878845215 311702.3976922883 697.955078125 294.7750000000233 496.36503906251164 285.09136728149304 0.0 0.0 0.0 0.0 0.0 0.0 0.0 0.0 0 0 0.0
223000.0 224000.0 1 1 15.966215572205911 856.6818893043817 30.215633771056346 42530.04965039783 144.6599218749907 144.6599218749907 144.6599218749907 0.0 0.0 0.0 0.0 0.0 0.0 0.0 0.0 0.0 0 0 1.0
224000.0 225000.0 0 0 0.0 0.0 0.0 0.0 0.0 0.0 0.0 0.0 0.0 0.0 0.0 0.0 0.0 0.0 0.0 0.0 0 0 
225000.0 226000.0 1 1 119.63741101146478 8237.890301075146 236.4263122369423 339801.58088020585 940.631103515625 940.631103515625 940.631103515625 0.0 2300.0 2300.0 2300.0 0.0 128.0 128.0 128.0 0.0 1 2 1.0
226000.0 227000.0 2 1 136.2692037082976 8559.15582347116 230.026064576573 333345.35952185164 940.52294921875 50.02489648433402 495.273922851542 629.6772117219214 840.0 840.0 840.0 0.0 0.0 0.0 0.0 0.0 2 0 0.0
227000.0 228000.0 2 1 129.10680071368137 8106.527237100373 252.78183677413887 360680.2052276208 928.347900390625 58.596050781197846 493.4719755859114 615.0074308083682 840.0 840.0 840.0 0.0 128.0 128.0 128.0 0.0 1 2 1.0
228000.0 229000.0 2 1 42.86307959151662 2794.6292274965454 61.99343269493298 86507.74539915078 928.02587890625 68.94009960931726 498.48298925778363 607.4653801617909 0.0 0.0 0.0 0.0 0.0 0.0 0.0 0.0 0 0 0.0
229000.0 230000.0 2 1 97.90329973758529 5913.692585693254 188.00686245629828 263882.67324929906 886.833251953125 58.172121093724854 472.5026865234249 585.9519049363948 840.0 840.0 840.0 0.0 128.0 128.0 128.0 0.0 1 1 1.0
230000.0 231000.0 1 1 10.22020523745437 616.104825163523 19.765491261114587 27748.435721871872 94.62974804686382 94.62974804686382 94.62974804686382 0.0 0.0 0.0 0.0 0.0 0.0 0.0 0.0 0.0 0 0 0.0
231000.0 232000.0 1 1 3.0 800.0 5.0 3532.0 71.43700000003446 71.43700000003446 71.43700000003446 0.0 0.0 0.0 0.0 0.0 0.0 0.0 0.0 0.0 0 0 1.0
232000.0 233000.0 0 0 0.0 0.0 0.0 0.0 0.0 0.0 0.0 0.0 0.0 0.0 0.0 0.0 0.0 0.0 0.0 0.0 0 0 
233000.0 234000.0 1 1 115.98846410755483 8694.419829850858 231.97692821510967 328210.5765942973 942.592041015625 942.592041015625 942.592041015625 0.0 840.0 840.0 840.0 0.0 128.0 128.0 128.0 0.0 2 2 1.0
234000.0 235000.0 2 1 51.22074603822875 3280.660521574676 74.22284730255308 103693.06697285213 939.64794921875 56.97995898441877 498.3139541015844 624.140521430997 0.0 0.0 0.0 0.0 0.0 0.0 0.0 0.0 0 0 0.0
235000.0 236000.0 2 1 98.07857728639314 7123.694350637149 185.47039865209473 260958.50497400586 890.264892578125 59.317050781217404 474.7909716796712 587.5688537469199 840.0 840.0 840.0 0.0 128.0 128.0 128.0 0.0 2 1 1.0
236000.0 237000.0 2 1 82.98795818002937 4896.310345155845 146.1245418935478 206237.99596036068 889.0439453125 109.42610742186662 499.2350263671833 551.2730599064614 0.0 0.0 0.0 0.0 128.0 128.0 128.0 0.0 0 1 0.0
237000.0 238000.0 2 1 7.724254387793924 412.9149527814712 14.20528393669471 15187.855498484045 58.92705468751956 42.90000000002328 50.91352734377142 11.33283905197626 0.0 0.0 0.0 0.0 0.0 0.0 0.0 0.0 0 0 1.0
238000.0 239000.0 0 0 0.0 0.0 0.0 0.0 0.0 0.0 0.0 0.0 0.0 0.0 0.0 0.0 0.0 0.0 0.0 0.0 0 0 
239000.0 240000.0 1 1 97.0 6625.0 176.0 245400.0 899.5429999999469 899.5429999999469 899.5429999999469 0.0 840.0 840.0 840.0 0.0 128.0 128.0 128.0 0.0 1 1 1.0
240000.0 241000.0 0 0 0.0 0.0 0.0 0.0 0.0 0.0 0.0 0.0 0.0 0.0 0.0 0.0 0.0 0.0 0.0 0.0 0 0 
241000.0 242000.0 1 1 133.96060877567817 9852.708436994244 254.71383358755708 362894.57225046796 940.8798828125 940.8798828125 940.8798828125 0.0 2300.0 2300.0 2300.0 0.0 128.0 128.0 128.0 0.0 2 2 1.0
242000.0 243000.0 2 1 151.88394356000157 9105.384804521545 224.9419518428781 322224.56987607345 936.54931640625 56.46511718747206 496.50721679686103 622.3135052827303 0.0 0.0 0.0 0.0 0.0 0.0 0.0 0.0 0 0 0.0
243000.0 244000.0 2 1 70.04108489249892 5972.368373026911 195.10574923603934 275226.6509725573 892.833251953125 59.6096835937351 476.22146777343005 589.1780354313775 1500.0 1500.0 1500.0 0.0 128.0 128.0 128.0 0.0 2 2 1.0
244000.0 245000.0 2 1 120.06166071126057 7879.300781858474 231.89414006184467 329906.05897103983 892.072998046875 104.3257480468601 498.19937304686755 557.021422336065 1500.0 1500.0 1500.0 0.0 128.0 128.0 128.0 0.0 1 1 0.0
245000.0 246000.0 2 1 137.8290431800745 8452.159450206866 245.37670096910512 351650.747429033 890.2373046875 103.09200195316225 496.6646533203311 556.5957813425881 1500.0 1500.0 1500.0 0.0 0.0 0.0 0.0 0.0 1 0 1.0
246000.0 247000.0 2 1 122.73303760573856 6555.1061375927675 249.98294711280977 362492.64922128833 887.3291015625 108.6156953125028 497.9723984375014 550.6335301602479 0.0 0.0 0.0 0.0 128.0 128.0 128.0 0.0 0 1 0.0
247000.0 248000.0 2 1 112.91448461604571 6587.958788115627 218.8429862824362 312101.7330022988 885.4609375 111.34489843749907 498.40291796874953 547.3827006463647 1500.0 1500.0 1500.0 0.0 128.0 128.0 128.0 0.0 1 1 1.0
248000.0 249000.0 2 1 62.13261093283312 3709.437250765948 89.62703191243158 124858.22816118544 884.5458984375 112.00206249998882 498.2739804687444 546.2709851552818 0.0 0.0 0.0 0.0 0.0 0.0 0.0 0.0 0 0 0.0
249000.0 250000.0 2 1 110.40690428703087 6546.498208962277 218.18869979051897 313754.574655622 870.2451171875 115.01210156246088 492.62860937498044 534.030386724431 1500.0 1500.0 1500.0 0.0 128.0 128.0 128.0 0.0 1 1 1.0
250000.0 251000.0 2 1 53.757533242883824 3336.6553566699627 81.36716112789412 113007.88806630069 868.1298828125 125.86688281246461 496.9983828124823 524.8592007238954 0.0 0.0 0.0 0.0 0.0 0.0 0.0 0.0 0 0 0.0
251000.0 252000.0 2 1 107.18388637457106 6338.896703947258 222.85879421762252 320505.4970345618 863.541259765625 118.35811718751211 490.94968847656855 526.9240533428855 1500.0 1500.0 1500.0 0.0 128.0 128.0 128.0 0.0 1 1 1.0
252000.0 253000.0 2 1 54.414674486272595 3448.8712987221584 75.03216784181268 102553.14243127544 858.227294921875 136.3907402344048 497.3090175781399 510.41552272784435 0.0 0.0 0.0 0.0 0.0 0.0 0.0 0.0 0 0 0.0
253000.0 254000.0 2 1 5.680527335110543 370.65440861596295 6.067836017049899 7919.687928295936 127.22470507817343 0.0 63.612352539086714 89.96145169523503 0.0 0.0 0.0 0.0 0.0 0.0 0.0 0.0 0 0 1.0
254000.0 255000.0 0 0 0.0 0.0 0.0 0.0 0.0 0.0 0.0 0.0 0.0 0.0 0.0 0.0 0.0 0.0 0.0 0.0 0 0 
255000.0 256000.0 1 1 131.94746478834475 9446.495996954138 262.95244768534417 376512.0907735417 940.840087890625 940.840087890625 940.840087890625 0.0 1500.0 1500.0 1500.0 0.0 128.0 128.0 128.0 0.0 1 2 1.0
256000.0 257000.0 2 1 144.48923343519357 8576.399232677053 262.57455186339405 375682.77016099315 939.281982421875 57.417912109405734 498.34994726564037 623.5720642027173 1500.0 1500.0 1500.0 0.0 0.0 0.0 0.0 0.0 1 0 0.0
257000.0 258000.0 2 1 145.29983727291113 8733.456896932466 263.65917789344746 378336.75058532896 935.068115234375 58.95301757811103 497.010566406243 619.5069266526585 1500.0 1500.0 1500.0 0.0 128.0 128.0 128.0 0.0 1 1 1.0
258000.0 259000.0 2 1 92.8589634733128 5529.231873963888 139.8588828391498 199586.13023916597 934.715087890625 63.347884765593335 499.03148632810917 616.1496582332657 0.0 0.0 0.0 0.0 0.0 0.0 0.0 0.0 0 0 0.0
259000.0 260000.0 2 1 120.94818599173144 7236.123347555642 246.2078094842252 352680.8001167503 892.548095703125 60.42991210939363 476.4890039062593 588.39641036776 1500.0 1500.0 1500.0 0.0 128.0 128.0 128.0 0.0 1 1 1.0
260000.0 261000.0 2 1 47.37834098830337 3198.5808511643363 63.454525971067845 85618.6079479192 892.3349609375 103.94690429687034 498.1409326171852 557.4745410570731 0.0 0.0 0.0 0.0 0.0 0.0 0.0 0.0 0 0 0.0
261000.0 262000.0 2 1 6.077974050202933 381.7118007524753 5.292604263371508 5556.850176300702 107.27303906250745 26.131000000052154 66.7020195312798 57.37608606036587 0.0 0.0 0.0 0.0 0.0 0.0 0.0 0.0 0 0 1.0
262000.0 263000.0 0 0 0.0 0.0 0.0 0.0 0.0 0.0 0.0 0.0 0.0 0.0 0.0 0.0 0.0 0.0 0.0 0.0 0 0 
263000.0 264000.0 1 1 132.2329560970807 10417.123377105021 266.3549544241197 383039.20392641367 942.4951171875 942.4951171875 942.4951171875 0.0 2300.0 2300.0 2300.0 0.0 128.0 128.0 128.0 0.0 2 3 1.0
264000.0 265000.0 2 1 135.03286949112191 7592.642833862684 255.0933396455356 370177.7190627258 941.78125 55.35988281248137 498.5705664062407 626.7945597269451 0.0 0.0 0.0 0.0 0.0 0.0 0.0 0.0 0 0 0.0
265000.0 266000.0 2 1 133.73740824491387 7650.613281625578 257.1549471911212 371771.62837976945 937.019287109375 57.23375000001397 497.1265185546945 622.1023192798781 1500.0 1500.0 1500.0 0.0 0.0 0.0 0.0 0.0 2 0 1.0
266000.0 267000.0 2 1 138.23515473024167 9416.960313552521 247.76453114003516 353000.86363892053 933.634033203125 59.46771289058961 496.5508730468573 618.1289329778854 1500.0 1500.0 1500.0 0.0 128.0 128.0 128.0 0.0 1 2 0.0
267000.0 268000.0 2 1 136.59499177449877 8171.889254443209 250.77100019145067 354722.813082118 930.208984375 62.8089667968452 496.5089755859226 613.3444344308438 1500.0 1500.0 1500.0 0.0 128.0 128.0 128.0 0.0 1 1 1.0
268000.0 269000.0 2 1 91.06206631586849 5129.857278992638 110.052597737839 155201.06834262807 929.50390625 66.70301562501118 498.1034609375056 610.0923605747223 0.0 0.0 0.0 0.0 0.0 0.0 0.0 0.0 0 0 0.0
269000.0 270000.0 2 1 123.45678240163105 7614.785783891706 238.030048801242 340770.0197221183 894.27392578125 57.93609374994412 476.10500976559706 591.3801523921921 1500.0 1500.0 1500.0 0.0 128.0 128.0 128.0 0.0 1 1 1.0
270000.0 271000.0 2 1 56.47046199828542 3660.7198133035927 74.9541083040038 102889.93996012924 891.4453125 103.1230742187472 497.2841933593736 557.4280004488312 0.0 0.0 0.0 0.0 0.0 0.0 0.0 0.0 0 0 0.0
271000.0 272000.0 2 1 7.177308946358153 437.40806322304854 6.824472564652922 7845.743885176982 107.77668749995064 30.79599999997299 69.28634374996182 54.43356615163669 0.0 0.0 0.0 0.0 0.0 0.0 0.0 0.0 0 0 1.0
272000.0 273000.0 0 0 0.0 0.0 0.0 0.0 0.0 0.0 0.0 0.0 0.0 0.0 0.0 0.0 0.0 0.0 0.0 0.0 0 0 
273000.0 274000.0 1 1 115.25100864969359 7569.724035327826 211.60840932402758 301065.86436576024 941.221923828125 941.221923828125 941.221923828125 0.0 1500.0 1500.0 1500.0 0.0 128.0 128.0 128.0 0.0 1 1 1.0
274000.0 275000.0 2 1 143.4099083926191 9024.63906584636 244.24390510637878 352032.8022131976 941.180908203125 55.11707617191132 498.14899218751816 626.5417441934092 1500.0 1500.0 1500.0 0.0 128.0 128.0 128.0 0.0 1 1 0.0
275000.0 276000.0 2 1 107.33908295768731 5393.636898825814 186.14768556959365 267756.3334210422 739.4179999999469 57.43109179683961 398.42454589839326 482.2375674708647 0.0 0.0 0.0 0.0 0.0 0.0 0.0 0.0 0 0 1.0
276000.0 277000.0 0 0 0.0 0.0 0.0 0.0 0.0 0.0 0.0 0.0 0.0 0.0 0.0 0.0 0.0 0.0 0.0 0.0 0 0 
277000.0 278000.0 1 1 114.17625500178936 7502.60664065477 227.4089045903408 325087.1625470782 942.072998046875 942.072998046875 942.072998046875 0.0 1500.0 1500.0 1500.0 0.0 128.0 128.0 128.0 0.0 1 1 1.0
278000.0 279000.0 2 1 125.49829441438663 7589.587277388455 193.48664254052915 271141.3242106443 940.92529296875 56.3030019531725 498.61414746096125 625.5224207658944 1500.0 1500.0 1500.0 0.0 128.0 128.0 128.0 0.0 1 1 0.0
279000.0 280000.0 2 1 146.51481845967797 10309.995070868514 266.7583938655965 382409.44037024 940.0859375 58.080707031302154 499.0833222656511 623.6718795064199 2300.0 2300.0 2300.0 0.0 128.0 128.0 128.0 0.0 2 2 1.0
280000.0 281000.0 2 1 135.1090367365307 7363.804182278201 253.85564990387206 368354.998859329 939.957275390625 52.75306250003632 496.35516894533066 627.3481152322087 0.0 0.0 0.0 0.0 0.0 0.0 0.0 0.0 0 0 0.0
281000.0 282000.0 2 1 82.70159538761537 3885.006828810061 142.49040909966152 204523.07401270853 610.7879999999423 56.867724609328434 333.82786230463535 391.6807829654229 0.0 0.0 0.0 0.0 0.0 0.0 0.0 0.0 0 0 1.0
282000.0 283000.0 0 0 0.0 0.0 0.0 0.0 0.0 0.0 0.0 0.0 0.0 0.0 0.0 0.0 0.0 0.0 0.0 0.0 0 0 
283000.0 284000.0 1 1 107.85596940295419 8397.627933514223 226.1190937482987 322465.69588996394 942.99609375 942.99609375 942.99609375 0.0 1500.0 1500.0 1500.0 0.0 128.0 128.0 128.0 0.0 2 2 1.0
284000.0 285000.0 2 1 134.32816770001625 9008.272366352561 246.62845038064742 355535.05602932285 942.406005859375 53.71790625003632 498.06195605470566 628.3973815935494 1500.0 1500.0 1500.0 0.0 128.0 128.0 128.0 0.0 1 1 0.0
285000.0 286000.0 2 1 139.57883805570822 8421.172389112557 246.71999061529414 354122.8078436663 940.302001953125 57.461994140641764 498.8819980468834 624.2621562269915 1500.0 1500.0 1500.0 0.0 128.0 128.0 128.0 0.0 1 1 1.0
286000.0 287000.0 2 1 101.35303825523643 5531.597693292673 175.36921569797676 250712.61132956864 934.687255859375 58.781998046906665 496.73462695314083 619.3585474761476 0.0 0.0 0.0 0.0 0.0 0.0 0.0 0.0 0 0 0.0
287000.0 288000.0 2 1 92.939293695607 5717.5173515912775 195.70536875080487 277838.993824616 878.949951171875 59.062744140625 469.00634765625 579.7478038998956 1500.0 1500.0 1500.0 0.0 128.0 128.0 128.0 0.0 1 1 1.0
288000.0 289000.0 2 1 133.8327071796688 8421.510950733998 255.20363435926603 367385.38223331794 875.426025390625 120.59904882812407 498.01253710937453 533.7432737498835 1500.0 1500.0 1500.0 0.0 128.0 128.0 128.0 0.0 1 1 0.0
289000.0 290000.0 2 1 125.06285874802015 7411.709390771342 228.13284671684505 325173.66702265065 869.55908203125 122.90197460935451 496.23052832030226 527.9663038791548 1500.0 1500.0 1500.0 0.0 128.0 128.0 128.0 0.0 1 1 1.0
290000.0 291000.0 2 1 116.13574204983644 6427.755587013422 191.20857283643952 272633.409567003 862.658935546875 129.27791796880774 495.96842675784137 518.5786907229419 0.0 0.0 0.0 0.0 0.0 0.0 0.0 0.0 0 0 0.0
291000.0 292000.0 2 1 114.2450662899575 7753.13750250444 227.5037741979338 324769.98145358695 783.114013671875 111.30206445313524 447.2080390625051 475.0427849747234 2300.0 2300.0 2300.0 0.0 128.0 128.0 128.0 0.0 2 2 1.0
292000.0 293000.0 2 1 120.58873688659705 7071.66368994185 194.4870574059584 275367.40677235014 782.64697265625 213.82698632811662 498.2369794921833 402.2164696070624 0.0 0.0 0.0 0.0 0.0 0.0 0.0 0.0 0 0 0.0
293000.0 294000.0 2 1 107.54205986040768 6335.259464740893 215.57112328434062 307923.5378501412 772.258056640625 118.58902734378353 445.42354199220426 462.2138032674246 2300.0 2300.0 2300.0 0.0 128.0 128.0 128.0 0.0 1 1 1.0
294000.0 295000.0 2 1 120.93570819744373 7875.9355580595775 200.66877860290768 281565.42884859 768.447265625 227.5359433593694 497.9916044921847 382.48206399460935 0.0 0.0 0.0 0.0 0.0 0.0 0.0 0.0 0 0 0.0
295000.0 296000.0 2 1 117.4290055180384 6050.256379257328 231.10984792794858 332439.71206930216 750.435302734375 185.95973437500652 468.19751855469076 399.14450220104004 2300.0 2300.0 2300.0 0.0 128.0 128.0 128.0 0.0 1 1 1.0
296000.0 297000.0 2 1 116.97035853661012 7156.825760466979 200.88611055886486 284666.6804407598 750.087890625 246.69269726565108 498.39029394532554 355.9541548411089 0.0 0.0 0.0 0.0 0.0 0.0 0.0 0.0 0 0 0.0
297000.0 298000.0 2 1 117.39372193076309 5942.372175619139 246.94740530223632 356918.99342528795 743.451904296875 185.36310937500093 464.40750683593797 394.6283713934856 2300.0 2300.0 2300.0 0.0 128.0 128.0 128.0 0.0 1 1 1.0
298000.0 299000.0 2 1 96.92670951696225 5158.312212540302 169.3320528813017 239094.45223689056 743.30810546875 253.57509570312686 498.44160058593843 346.29353217616983 0.0 0.0 0.0 0.0 0.0 0.0 0.0 0.0 0 0 0.0
299000.0 300000.0 1 1 12.882018176172744 725.0735944874373 19.406676732935562 26817.18316298195 149.3388945312472 149.3388945312472 149.3388945312472 0.0 0.0 0.0 0.0 0.0 0.0 0.0 0.0 0.0 0 0 1.0
300000.0 301000.0 0 0 0.0 0.0 0.0 0.0 0.0 0.0 0.0 0.0 0.0 0.0 0.0 0.0 0.0 0.0 0.0 0.0 0 0 
