ts te nbins ncons c_pkts_all c_bytes_all s_pkts_all s_bytes_all max_bin_duration min_bin_duration avg_bin_duration std_bin_duration max_video_rate min_video_rate avg_video_rate std_video_rate max_audio_rate min_audio_rate avg_audio_rate std_audio_rate video_reqs audio_reqs media_reqs
0.0 1000.0 0 0 0.0 0.0 0.0 0.0 0.0 0.0 0.0 0.0 0.0 0.0 0.0 0.0 0.0 0.0 0.0 0.0 0 0 
1000.0 2000.0 0 0 0.0 0.0 0.0 0.0 0.0 0.0 0.0 0.0 0.0 0.0 0.0 0.0 0.0 0.0 0.0 0.0 0 0 
2000.0 3000.0 0 0 0.0 0.0 0.0 0.0 0.0 0.0 0.0 0.0 0.0 0.0 0.0 0.0 0.0 0.0 0.0 0.0 0 0 
3000.0 4000.0 0 0 0.0 0.0 0.0 0.0 0.0 0.0 0.0 0.0 0.0 0.0 0.0 0.0 0.0 0.0 0.0 0.0 0 0 
4000.0 5000.0 0 0 0.0 0.0 0.0 0.0 0.0 0.0 0.0 0.0 0.0 0.0 0.0 0.0 0.0 0.0 0.0 0.0 0 0 
5000.0 6000.0 0 0 0.0 0.0 0.0 0.0 0.0 0.0 0.0 0.0 0.0 0.0 0.0 0.0 0.0 0.0 0.0 0.0 0 0 
6000.0 7000.0 1 1 26.230968877006987 5666.579566088168 80.07348394033713 104569.75742818836 689.06201171875 689.06201171875 689.06201171875 0.0 0.0 0.0 0.0 0.0 0.0 0.0 0.0 0.0 0 0 1.0
7000.0 8000.0 2 1 116.36063147667275 9579.646070866323 254.74315364170337 359304.1406202628 685.860107421875 309.16098828124814 497.51054785156157 266.36650161133645 840.0 840.0 840.0 0.0 128.0 128.0 128.0 0.0 3 4 0.0
8000.0 9000.0 2 1 166.26399521468625 11633.30319534765 355.3376632118517 509055.935682674 681.216064453125 310.880892578105 496.048478515615 261.86651134471225 840.0 840.0 840.0 0.0 128.0 128.0 128.0 0.0 1 1 0.0
9000.0 10000.0 2 1 120.12576283624028 8813.645519910195 293.2693454500509 408283.36928618595 680.1352539063082 316.0579355468508 498.0965947265795 257.44154068818585 840.0 840.0 840.0 0.0 128.0 128.0 128.0 0.0 1 1 1.0
10000.0 11000.0 2 1 119.18930010193058 9185.144484963135 237.81621722941577 326693.0563249971 677.10888671875 314.193746093777 495.6513164062635 256.6197569311879 840.0 840.0 840.0 0.0 128.0 128.0 128.0 0.0 1 1 0.0
11000.0 12000.0 2 1 112.13918862363091 7866.49727429863 215.73194323178757 307861.8039935644 674.428955078125 317.6271132812253 496.02803417967516 252.29700187443748 840.0 840.0 840.0 0.0 128.0 128.0 128.0 0.0 1 1 1.0
12000.0 13000.0 2 1 125.2264137489733 7923.431221604085 230.2358320586256 331540.1868649479 672.41796875 323.1640449218685 497.79100683593424 246.95981789488172 840.0 840.0 840.0 0.0 128.0 128.0 128.0 0.0 2 2 0.0
13000.0 14000.0 2 1 140.61909980809955 8374.298115621306 254.96511997788556 367772.9036934731 669.256103515625 326.6270312499837 497.94156738280435 242.2753404306906 840.0 840.0 840.0 0.0 128.0 128.0 128.0 0.0 1 1 1.0
14000.0 15000.0 2 1 146.32262301708562 9738.607158056395 248.2402758776505 348694.9221695457 667.464111328125 326.04589648440015 496.7550039062626 241.41913493660343 840.0 840.0 840.0 0.0 0.0 0.0 0.0 0.0 1 0 0.0
15000.0 16000.0 2 1 154.4055935439852 9360.562779019594 290.38245099323916 413727.30989376496 650.84130859375 318.8568886718713 484.84909863281064 234.7484345750428 840.0 840.0 840.0 0.0 128.0 128.0 128.0 0.0 1 1 1.0
16000.0 17000.0 2 1 66.6882275933704 5177.1142191680465 149.02916926509786 214641.1077731742 423.01611328125 18.976691406278405 220.9964023437642 285.6990150744847 2300.0 2300.0 2300.0 0.0 128.0 128.0 128.0 0.0 2 2 0.0
17000.0 18000.0 2 1 142.78353421704753 10364.435309405215 300.5775897630901 431209.6391826942 575.1058867187239 418.333251953125 496.71956933592446 110.8549931472369 0.0 0.0 0.0 0.0 0.0 0.0 0.0 0.0 0 0 1.0
18000.0 19000.0 2 1 149.7617833596401 9156.057482811228 270.4057632104539 387974.7359576245 576.3667480468866 416.701904296875 496.5343261718808 112.90009373272378 2300.0 2300.0 2300.0 0.0 128.0 128.0 128.0 0.0 1 1 0.0
19000.0 20000.0 2 1 122.57831554810038 7243.324420554478 202.39738941136636 292131.4707611059 582.914095703105 412.55126953125 497.7326826171775 120.46470964822369 0.0 0.0 0.0 0.0 0.0 0.0 0.0 0.0 0 0 1.0
20000.0 21000.0 2 1 80.37307808697545 4686.353056213678 147.39208852865056 211839.39559227173 576.2587304687477 403.404052734375 489.83139160156134 122.22671478579025 2300.0 2300.0 2300.0 0.0 128.0 128.0 128.0 0.0 1 1 0.0
21000.0 22000.0 2 1 121.1391936139533 6382.1517653086485 243.81662682030318 351324.12741485273 595.6689472655999 399.674072265625 497.6715097656124 138.58930519029195 0.0 0.0 0.0 0.0 0.0 0.0 0.0 0.0 0 0 1.0
22000.0 23000.0 2 1 96.76780358028762 5231.71785951285 183.5047557965666 261238.53763550962 599.3479277343722 393.04296875 496.1954482421861 145.87963549026213 0.0 0.0 0.0 0.0 0.0 0.0 0.0 0.0 0 0 0.0
23000.0 24000.0 2 1 102.93755817638686 6786.991927771474 194.3586266732533 276864.49434802454 605.622031249979 392.9750976563082 499.2985644531436 150.3640887426101 2300.0 2300.0 2300.0 0.0 128.0 128.0 128.0 0.0 1 1 1.0
24000.0 25000.0 2 1 148.82636832748454 8591.430392430275 270.92218263782263 392461.7944903072 606.4359023437719 388.5180664063082 497.47698437504005 154.0911795328781 2300.0 2300.0 2300.0 0.0 128.0 128.0 128.0 0.0 1 1 0.0
25000.0 26000.0 2 1 132.22889972947672 7379.865810906285 252.71739205160284 366595.3712392653 610.1959335937281 385.437255859375 497.81659472655156 158.928385156483 0.0 0.0 0.0 0.0 0.0 0.0 0.0 0.0 0 0 1.0
26000.0 27000.0 2 1 131.08386484209998 7056.443234749335 246.1637030679886 356489.8740545255 612.7847441406338 381.666015625 497.2253798828169 163.42562019261737 2300.0 2300.0 2300.0 0.0 128.0 128.0 128.0 0.0 1 1 0.0
27000.0 28000.0 2 1 133.7422753911006 7109.738270359467 239.42404952851655 344344.5216034467 617.2559843750205 375.263916015625 496.25995019532274 171.11423253028713 0.0 0.0 0.0 0.0 0.0 0.0 0.0 0.0 0 0 1.0
28000.0 29000.0 2 1 136.99792355908713 7562.324674029003 244.58743651562582 351129.5038875435 619.8580839843489 373.55908203125 496.70858300779946 174.15969448051496 2300.0 2300.0 2300.0 0.0 128.0 128.0 128.0 0.0 1 1 0.0
29000.0 30000.0 2 1 126.5267967236907 6838.127218411739 240.31796180115546 347024.8059354099 624.2509179688059 372.3520507811918 498.30148437499884 178.11939716157144 2300.0 2300.0 2300.0 0.0 0.0 0.0 0.0 0.0 1 0 1.0
30000.0 31000.0 2 1 123.14835893133804 7034.346507357548 231.352605792934 332707.858211208 624.7309492187342 361.114990234375 492.9229697265546 186.40463222683513 0.0 0.0 0.0 0.0 128.0 128.0 128.0 0.0 0 1 0.0
31000.0 32000.0 2 1 129.81425086831274 7085.233126964198 239.1085421206135 345229.20434702805 633.4840097656124 358.5590820311918 496.0215458984021 194.40128071823037 2300.0 2300.0 2300.0 0.0 0.0 0.0 0.0 0.0 1 0 1.0
32000.0 33000.0 2 1 121.24836193147793 6906.776141309258 212.77437776552296 304277.5368204354 640.2899179687956 353.499267578125 496.8945927734603 202.7916136721436 0.0 0.0 0.0 0.0 128.0 128.0 128.0 0.0 0 1 0.0
33000.0 34000.0 2 1 106.99349381414933 5973.671018588957 195.6478603509094 280688.4235638573 643.1077324218932 352.548095703125 497.8279140625091 205.45668946294074 0.0 0.0 0.0 0.0 128.0 128.0 128.0 0.0 0 1 1.0
34000.0 35000.0 2 1 86.18166010371233 4577.830700797642 161.54594918778255 232281.2463935302 643.7549042968894 350.3212890625 497.0380966796947 207.48889916032098 2300.0 2300.0 2300.0 0.0 0.0 0.0 0.0 0.0 1 0 0.0
35000.0 36000.0 2 1 135.3441777201086 7109.529605989008 231.06143121125314 334389.5149895204 649.4597109375172 346.40087890625 497.9302949218836 214.29495522778393 2300.0 2300.0 2300.0 0.0 0.0 0.0 0.0 0.0 1 0 1.0
36000.0 37000.0 2 1 131.3283078504582 7645.541952391721 239.80014031097454 344304.67750516394 653.2131210937514 342.4541015625 497.8336113281257 219.73981002543064 0.0 0.0 0.0 0.0 128.0 128.0 128.0 0.0 0 1 0.0
37000.0 38000.0 2 1 134.6303570178817 7676.075261741926 242.27040156778523 347398.054520276 654.3868984375149 339.0048828125 496.69589062500745 223.0087619127297 2300.0 2300.0 2300.0 0.0 128.0 128.0 128.0 0.0 1 1 1.0
38000.0 39000.0 2 1 129.15232941170785 6868.026977948829 244.22497109558833 349927.57701593265 655.7241171874921 336.881103515625 496.30261035155854 225.4560571013323 0.0 0.0 0.0 0.0 0.0 0.0 0.0 0.0 0 0 0.0
39000.0 40000.0 2 1 121.11236058303928 6996.360587251271 207.03778740608607 294595.33051389887 661.3348964843899 332.238037109375 496.78646679688245 232.70662093126867 2300.0 2300.0 2300.0 0.0 128.0 128.0 128.0 0.0 1 1 1.0
40000.0 41000.0 2 1 129.98458041481717 6749.170811188065 227.96877997877237 330070.6642555157 665.9019628905808 327.527099609375 496.7145312499779 239.2671604092115 0.0 0.0 0.0 0.0 0.0 0.0 0.0 0.0 0 0 0.0
41000.0 42000.0 2 1 134.64708797187402 7659.294859972695 266.2836432470867 385870.8726499629 671.1759003906045 321.1440429686918 496.15997167964815 247.50990001435724 2300.0 2300.0 2300.0 0.0 128.0 128.0 128.0 0.0 1 1 1.0
42000.0 43000.0 2 1 127.76818687783815 6486.8200690378535 250.6994801760218 361047.82918512303 675.1379570312565 318.79296875 496.96546289062826 251.9739576555173 0.0 0.0 0.0 0.0 0.0 0.0 0.0 0.0 0 0 0.0
43000.0 44000.0 2 1 129.7975533973786 7377.168538441699 235.49159595835823 338525.99815675186 677.6180312500219 316.7299804686918 497.17400585935684 255.18638795667363 2300.0 2300.0 2300.0 0.0 128.0 128.0 128.0 0.0 1 1 1.0
44000.0 45000.0 2 1 105.40306212116366 5615.181467084085 171.77020796099438 246312.8648910389 679.3580195311806 312.652099609375 496.0050595702778 259.30024267795983 0.0 0.0 0.0 0.0 0.0 0.0 0.0 0.0 0 0 0.0
45000.0 46000.0 2 1 55.61572370282341 3933.5485801447066 99.72054450981805 140198.39719561173 680.1049003906082 311.915283203125 496.0100917968666 260.3493750757484 2300.0 2300.0 2300.0 0.0 128.0 128.0 128.0 0.0 1 1 1.0
46000.0 47000.0 2 1 131.26637045382205 6430.958720937462 249.10437598995324 358582.3655163922 684.8767167968908 310.533935546875 497.7053261718829 264.7003191101186 0.0 0.0 0.0 0.0 0.0 0.0 0.0 0.0 0 0 0.0
47000.0 48000.0 1 1 94.24457683108416 5140.674045445874 151.72708468550428 215975.81843539295 625.9410644531017 625.9410644531017 625.9410644531017 0.0 0.0 0.0 0.0 0.0 0.0 0.0 0.0 0.0 0 0 1.0
48000.0 49000.0 0 0 0.0 0.0 0.0 0.0 0.0 0.0 0.0 0.0 0.0 0.0 0.0 0.0 0.0 0.0 0.0 0.0 0 0 
49000.0 50000.0 1 1 118.18853545831101 7888.630170552035 236.37707091662202 339822.04114779894 907.117919921875 907.117919921875 907.117919921875 0.0 2300.0 2300.0 2300.0 0.0 128.0 128.0 128.0 0.0 1 2 1.0
50000.0 51000.0 2 1 132.68262711510513 7229.076063717138 220.83377328210958 317353.85077151196 906.727294921875 90.6550800781115 498.69118749999325 577.0501970539502 2300.0 2300.0 2300.0 0.0 0.0 0.0 0.0 0.0 1 0 0.0
51000.0 52000.0 2 1 141.56498201280567 8023.2488592812315 270.5151141955583 392491.19966919796 903.218994140625 90.98570507811382 497.1023496093694 574.3356666015549 0.0 0.0 0.0 0.0 128.0 128.0 128.0 0.0 0 1 1.0
52000.0 53000.0 2 1 122.50412728698292 7738.019643731512 222.54659754255837 317681.64270988054 899.681884765625 94.65000585938105 497.165945312503 569.2435006459526 2300.0 2300.0 2300.0 0.0 0.0 0.0 0.0 0.0 1 0 0.0
53000.0 54000.0 2 1 134.49386132745585 6482.2174761371325 246.79018891730726 357735.37122984434 898.833984375 99.59511523437686 499.21454980468843 565.1472241572023 0.0 0.0 0.0 0.0 128.0 128.0 128.0 0.0 0 1 1.0
54000.0 55000.0 2 1 124.96305750154883 7484.633379207977 238.74799213879484 345396.2890879542 893.533935546875 99.59201562497765 496.5629755859263 561.4017154450405 2300.0 2300.0 2300.0 0.0 0.0 0.0 0.0 0.0 1 0 0.0
55000.0 56000.0 2 1 139.4913049003627 7352.823816742926 245.797339834077 356591.0076219003 889.665283203125 101.08906445320463 495.3771738281648 557.607591760515 0.0 0.0 0.0 0.0 128.0 128.0 128.0 0.0 0 1 1.0
56000.0 57000.0 2 1 128.68927409904367 7079.818198463372 251.77280992461647 365554.64532529854 886.893310546875 105.95271679689176 496.4230136718834 552.2083895444619 2300.0 2300.0 2300.0 0.0 0.0 0.0 0.0 0.0 1 0 0.0
57000.0 58000.0 2 1 127.22237200118035 6530.3083413329505 247.16938779752368 358889.95108200435 879.678955078125 112.61868945311289 496.14882226561895 542.3935154022005 2300.0 2300.0 2300.0 0.0 128.0 128.0 128.0 0.0 1 1 1.0
58000.0 59000.0 2 1 129.08334868002564 7115.269619830426 256.33388846157044 372196.80604620033 877.39990234375 118.5370449218899 497.96847363281995 536.5970724735974 0.0 0.0 0.0 0.0 128.0 128.0 128.0 0.0 0 1 0.0
59000.0 60000.0 2 1 135.55365407566063 7008.863689224131 233.18868640465936 338589.9726595654 876.610107421875 116.46309765626211 496.53660253906855 537.5051053039416 2300.0 2300.0 2300.0 0.0 0.0 0.0 0.0 0.0 1 0 1.0
60000.0 61000.0 2 1 142.29059709994635 8019.810666507875 261.92044737390063 380308.4895869037 871.989990234375 120.55389257811476 496.2719414062449 531.3455602810984 0.0 0.0 0.0 0.0 128.0 128.0 128.0 0.0 0 1 0.0
61000.0 62000.0 2 1 136.95498587253655 7124.769856108265 261.77281982453985 379416.0720380711 871.365966796875 126.72800976561848 499.04698828124674 526.5385489456985 2300.0 2300.0 2300.0 0.0 0.0 0.0 0.0 0.0 1 0 1.0
62000.0 63000.0 2 1 134.84803752766683 8051.663292085872 250.88344812436983 364183.8290237457 870.5590820311918 127.14303320320323 498.8510576171975 525.6745293691803 2300.0 2300.0 2300.0 0.0 128.0 128.0 128.0 0.0 1 1 0.0
63000.0 64000.0 2 1 131.18249785201505 6222.741641740253 251.96459931594296 365852.5982067492 868.008056640625 129.3959179688245 498.70198730472475 522.2776519215287 0.0 0.0 0.0 0.0 0.0 0.0 0.0 0.0 0 0 1.0
64000.0 65000.0 2 1 34.421732851506135 2146.7883614165694 43.30609659235921 59821.40460547273 867.9208984375 131.95494335936382 499.9379208984319 520.4065175581841 0.0 0.0 0.0 0.0 0.0 0.0 0.0 0.0 0 0 0.0
65000.0 66000.0 2 1 112.82891269169701 6442.918006399296 233.41042246936422 335375.7651239663 866.7338867186918 94.46610156248789 480.59999414058984 546.0757877758675 2300.0 2300.0 2300.0 0.0 128.0 128.0 128.0 0.0 1 1 1.0
66000.0 67000.0 2 1 141.32354853462013 7447.7272151205 234.35419514949768 335259.26671151025 863.76806640625 133.06811328127515 498.4180898437626 516.6828918673622 0.0 0.0 0.0 0.0 0.0 0.0 0.0 0.0 0 0 0.0
67000.0 68000.0 2 1 128.71162961421547 7246.3173428791115 262.3597072286636 375913.92042781995 857.68994140625 123.09793359367177 490.3939374999609 519.4349901297154 2300.0 2300.0 2300.0 0.0 128.0 128.0 128.0 0.0 1 1 1.0
68000.0 69000.0 2 1 133.28653200312482 8233.286537444428 253.90086409520708 366603.6559235787 856.948974609375 139.0930585937458 498.0210166015604 507.60078612953214 2300.0 2300.0 2300.0 0.0 128.0 128.0 128.0 0.0 1 1 0.0
69000.0 70000.0 2 1 134.92738237658526 6647.926090942663 224.34087760556915 323834.4775674878 852.9409179686918 139.10902539058588 496.02497167963884 504.7553718692058 0.0 0.0 0.0 0.0 0.0 0.0 0.0 0.0 0 0 1.0
70000.0 71000.0 1 1 15.786999117604081 744.1417311343379 25.713672805188466 37106.74343353757 115.86808203125838 115.86808203125838 115.86808203125838 0.0 0.0 0.0 0.0 0.0 0.0 0.0 0.0 0.0 0 0 0.0
71000.0 72000.0 1 1 108.19501346648721 6782.645382016761 226.3912466651707 324083.1610092641 906.47509765625 906.47509765625 906.47509765625 0.0 2300.0 2300.0 2300.0 0.0 128.0 128.0 128.0 0.0 1 1 1.0
72000.0 73000.0 2 1 114.8049865335128 5418.354617983239 166.6087533348293 238966.83899073588 781.1290000000154 90.52590234368108 435.8274511718482 488.3301334612295 0.0 0.0 0.0 0.0 0.0 0.0 0.0 0.0 0 0 0.0
73000.0 74000.0 1 1 112.11194459282414 7575.693417284464 227.8404035273523 326856.0455602808 903.83203125 903.83203125 903.83203125 0.0 2300.0 2300.0 2300.0 0.0 128.0 128.0 128.0 0.0 1 1 1.0
74000.0 75000.0 2 1 141.51150369211345 7569.830615756341 258.20193365378503 374488.42802673054 897.8989257811918 95.83996875002049 496.86944726560614 567.1413274281509 0.0 0.0 0.0 0.0 128.0 128.0 128.0 0.0 0 1 0.0
75000.0 76000.0 2 1 133.630749431211 6861.1327897829 251.0163367042258 364289.2180890851 896.553955078125 99.58607421873603 498.0700146484305 563.5413929435464 2300.0 2300.0 2300.0 0.0 0.0 0.0 0.0 0.0 1 0 1.0
76000.0 77000.0 2 1 115.15291213465565 5953.971953202751 189.8224589985259 272400.0513666444 894.22509765625 103.34104492189363 498.7830712890718 559.2394768207624 0.0 0.0 0.0 0.0 0.0 0.0 0.0 0.0 0 0 0.0
77000.0 78000.0 2 1 120.83602051417813 7293.0114887249265 225.5472854624058 321556.0075110406 859.470947265625 93.40990234375931 476.44042480469216 541.6869596671037 2300.0 2300.0 2300.0 0.0 128.0 128.0 128.0 0.0 1 1 1.0
78000.0 79000.0 2 1 120.24435751737596 6980.682147575176 212.70937559933995 304353.06806727604 858.5419921875 138.43505273439223 498.4885224609461 509.1925000667831 2300.0 2300.0 2300.0 0.0 128.0 128.0 128.0 0.0 1 1 0.0
79000.0 80000.0 2 1 135.7829547131977 6837.690372498661 272.5514556740625 395164.97182674287 857.9560546875 138.32600781251676 498.1410312500084 508.8552860908937 0.0 0.0 0.0 0.0 0.0 0.0 0.0 0.0 0 0 1.0
80000.0 81000.0 2 1 68.73741014212831 3904.1409367542237 107.3741278108182 152130.1897729458 857.8798828125 141.92194531252608 499.90091406251304 506.25871265056594 0.0 0.0 0.0 0.0 0.0 0.0 0.0 0.0 0 0 0.0
81000.0 82000.0 2 1 110.7433873786383 7051.378094457364 219.8358380125868 316192.6806468714 846.2099609375 139.90211718750652 493.05603906250326 499.43506592086885 2300.0 2300.0 2300.0 0.0 128.0 128.0 128.0 0.0 1 2 1.0
82000.0 83000.0 2 1 118.79123113266132 7040.331357506786 245.78977950226786 353209.76002972084 844.577880859375 150.28803906252142 497.4329599609482 490.9370552434904 2300.0 2300.0 2300.0 0.0 0.0 0.0 0.0 0.0 1 0 0.0
83000.0 84000.0 2 1 136.08594144367697 7402.3444145825415 250.0421479014196 362464.1985162002 840.092041015625 155.047119140625 497.569580078125 484.3999096752212 0.0 0.0 0.0 0.0 0.0 0.0 0.0 0.0 0 0 1.0
84000.0 85000.0 2 1 134.22872452755558 7634.157286482855 256.41385163137306 371231.34656525595 839.0849609375 159.77595898439176 499.4304599609459 480.3440018021085 2300.0 2300.0 2300.0 0.0 128.0 128.0 128.0 0.0 1 1 0.0
85000.0 86000.0 2 1 132.70222966804977 6536.094254505844 250.5530635824881 363598.6143252705 835.8833007811918 158.60103906248696 497.2421699218394 478.9108800386582 0.0 0.0 0.0 0.0 0.0 0.0 0.0 0.0 0 0 1.0
86000.0 87000.0 2 1 71.68961956945175 3935.307119217554 119.8628371640693 168120.67147440184 833.5620117186918 160.64869921881473 497.10535546875326 475.82156641936547 0.0 0.0 0.0 0.0 0.0 0.0 0.0 0.0 0 0 0.0
87000.0 88000.0 2 1 117.44120599461812 7432.3618378142555 239.16756661424168 345521.4132724369 832.21728515625 161.7559882812784 496.9866367187642 474.0877295434194 2300.0 2300.0 2300.0 0.0 128.0 128.0 128.0 0.0 1 2 1.0
88000.0 89000.0 2 1 127.89371967454252 7728.093350247847 234.95681845053196 338551.9591043564 831.4252929686918 164.6797148437472 498.0525039062195 471.46031961829334 2300.0 2300.0 2300.0 0.0 0.0 0.0 0.0 0.0 1 0 0.0
89000.0 90000.0 2 1 135.48959760187304 7342.327646343034 255.63724554411337 370685.6833551375 831.14208984375 167.05970703117782 499.1008984374639 469.57715615329056 0.0 0.0 0.0 0.0 128.0 128.0 128.0 0.0 0 1 1.0
90000.0 91000.0 2 1 137.7716056929408 8030.666576628335 245.2760940433206 354898.2478775617 825.2241210936918 167.04291015624767 496.13351562496973 465.4043975034402 2300.0 2300.0 2300.0 0.0 0.0 0.0 0.0 0.0 1 0 0.0
91000.0 92000.0 2 1 142.21780118525453 8417.485560877298 245.5026212790789 355541.350010993 821.930908203125 173.56587890622905 497.748393554677 458.4633089000497 0.0 0.0 0.0 0.0 128.0 128.0 128.0 0.0 0 1 1.0
92000.0 93000.0 2 1 130.07963489095505 7051.13971387996 253.1838618397974 365167.2851656341 818.3491210936918 173.60709179687547 495.97810644528363 455.90146103175454 2300.0 2300.0 2300.0 0.0 0.0 0.0 0.0 0.0 1 0 0.0
93000.0 94000.0 2 1 129.16819509997134 7488.613686724973 217.954788779045 313932.39404946996 818.197998046875 177.90487890632357 498.0514384765993 452.7556064913699 2300.0 2300.0 2300.0 0.0 128.0 128.0 128.0 0.0 1 1 1.0
94000.0 95000.0 2 1 127.82077704557081 6877.28726409147 261.69267043903153 379543.49572049815 813.395263671875 174.62300195312127 494.00913281249814 451.68019789519883 0.0 0.0 0.0 0.0 0.0 0.0 0.0 0.0 0 0 0.0
95000.0 96000.0 2 1 123.31766732863898 7238.882404840328 232.03235906318878 331656.48138429073 811.5869140625 184.66873632813804 498.127825195319 443.2980947250806 2300.0 2300.0 2300.0 0.0 128.0 128.0 128.0 0.0 1 1 1.0
96000.0 97000.0 2 1 127.36113509878292 8007.672275796662 224.869063339291 319760.10935041524 807.7548828125 184.03308593749534 495.8939843749977 441.0379121441742 0.0 0.0 0.0 0.0 0.0 0.0 0.0 0.0 0 0 0.0
97000.0 98000.0 2 1 124.6227091160631 6403.519155384169 248.7335873569039 358933.3741436587 781.072998046875 163.30511718749767 472.18905761718634 436.8278577549089 2300.0 2300.0 2300.0 0.0 128.0 128.0 128.0 0.0 1 1 1.0
98000.0 99000.0 2 1 140.58027632445817 8422.690509428325 253.47658583327737 366785.8672601728 780.001953125 215.723001953098 497.862477539049 399.00547285448465 0.0 0.0 0.0 0.0 0.0 0.0 0.0 0.0 0 0 0.0
99000.0 100000.0 2 1 133.1947775432277 6793.306605973455 238.86665979608256 343815.43778238556 778.902099609375 215.77504687500186 497.33857324218843 398.1909576580698 2300.0 2300.0 2300.0 0.0 128.0 128.0 128.0 0.0 1 1 1.0
100000.0 101000.0 2 1 135.47703699623838 8111.490534823579 235.08921613424118 338457.9068510336 777.989990234375 219.4159003906534 498.7029453125142 394.97152672359937 2300.0 2300.0 2300.0 0.0 0.0 0.0 0.0 0.0 1 0 0.0
101000.0 102000.0 2 1 139.21269781286864 7208.034055976362 248.64279928323708 360428.13643867755 777.864990234375 221.06800976558588 499.46649999998044 393.71492063367447 0.0 0.0 0.0 0.0 128.0 128.0 128.0 0.0 0 1 1.0
102000.0 103000.0 2 1 83.33212366123823 5571.8532188932095 141.4607174752871 200274.75652459194 776.9418945311918 215.0220097656129 495.98195214840234 397.3373610013042 0.0 0.0 0.0 0.0 0.0 0.0 0.0 0.0 0 0 0.0
103000.0 104000.0 2 1 110.28972181769485 5618.377583426545 225.91811654783032 325721.3796572596 766.367919921875 186.39110546873417 476.3795126953046 410.10553843078793 2300.0 2300.0 2300.0 0.0 128.0 128.0 128.0 0.0 1 1 1.0
104000.0 105000.0 2 1 143.11707733628708 8449.72337825917 245.01738801010987 354363.58642468555 760.923095703125 231.67408007808262 496.2985878906038 374.23556788477254 2300.0 2300.0 2300.0 0.0 0.0 0.0 0.0 0.0 1 0 0.0
105000.0 106000.0 2 1 142.32338376636042 7501.510042796102 252.67522618701125 366550.0202092493 758.364013671875 236.79590429685777 497.5799589843664 368.8043469897216 0.0 0.0 0.0 0.0 128.0 128.0 128.0 0.0 0 1 1.0
106000.0 107000.0 2 1 120.00907729509873 7219.884047428357 226.68297566674232 326596.2773019074 750.7080078125 241.34798632812453 496.02799707031227 360.1719252569274 2300.0 2300.0 2300.0 0.0 128.0 128.0 128.0 0.0 1 1 0.0
107000.0 108000.0 2 1 130.95889910275704 6730.43802526537 240.81256061199468 348829.24137481867 745.76708984375 244.77299218752887 495.27004101563944 354.25632378714937 0.0 0.0 0.0 0.0 0.0 0.0 0.0 0.0 0 0 1.0
108000.0 109000.0 2 1 100.32434200774199 6257.670272840514 189.10454447867394 270784.0339731737 741.327880859375 254.11391015618574 497.72089550778037 344.512302573049 2300.0 2300.0 2300.0 0.0 128.0 128.0 128.0 0.0 1 1 0.0
109000.0 110000.0 2 1 114.54437142552814 5962.477342560354 203.58977654828487 293246.04177273274 739.8090820311918 258.4331191406236 499.1211005859077 340.3842076601246 0.0 0.0 0.0 0.0 0.0 0.0 0.0 0.0 0 0 1.0
110000.0 111000.0 2 1 62.818319843137914 4510.581795001757 106.61084265124782 147404.55112190018 735.501953125 259.5319179688231 497.51693554691155 336.5616395005321 0.0 0.0 0.0 0.0 0.0 0.0 0.0 0.0 0 0 0.0
111000.0 112000.0 2 1 107.84696023497669 5618.33208845571 214.5811776078577 309417.3406795589 721.090087890625 225.4630468750256 473.2765673828253 350.46124164155344 2300.0 2300.0 2300.0 0.0 128.0 128.0 128.0 0.0 1 1 1.0
112000.0 113000.0 2 1 135.69490718715883 7921.104766937008 252.87304457296267 366162.1481387282 716.447998046875 274.909912109375 495.678955078125 312.21457471853483 2300.0 2300.0 2300.0 0.0 128.0 128.0 128.0 0.0 1 1 0.0
113000.0 114000.0 2 1 129.90267543624535 6686.730016605358 252.15016257778962 365722.5486441641 711.1298828125 283.5150019531138 497.3224423828069 302.3693819919496 0.0 0.0 0.0 0.0 0.0 0.0 0.0 0.0 0 0 1.0
114000.0 115000.0 2 1 72.98450967724824 4832.314307092886 144.55552160331234 204403.1786046591 706.227294921875 288.4851171874907 497.35620605468284 295.3883266636191 0.0 0.0 0.0 0.0 0.0 0.0 0.0 0.0 0 0 0.0
115000.0 116000.0 2 1 106.59292688888236 5600.249513203441 211.89445060937902 305392.18104816874 703.469970703125 293.0347050781129 498.25233789061895 290.22155956154796 2300.0 2300.0 2300.0 0.0 128.0 128.0 128.0 0.0 1 1 1.0
116000.0 117000.0 2 1 135.74484991938346 7900.9629293281505 244.37927583361545 354674.2882286344 701.6533203125 294.50002929690527 498.07667480470263 287.9008530595469 2300.0 2300.0 2300.0 0.0 128.0 128.0 128.0 0.0 1 1 0.0
117000.0 118000.0 2 1 134.18905538694548 6989.539320528755 251.56510337678327 365203.9503848646 701.3359375 292.65967968752375 496.9978085937619 288.9777532091437 0.0 0.0 0.0 0.0 0.0 0.0 0.0 0.0 0 0 1.0
118000.0 119000.0 2 1 132.3208534224407 7662.544654480744 253.1903818919208 366146.1644547034 697.9609375 295.5290624999907 496.74499999999534 284.5623077781236 2300.0 2300.0 2300.0 0.0 128.0 128.0 128.0 0.0 1 1 0.0
119000.0 120000.0 2 1 121.12884060322332 7327.785042064114 216.6852498160794 309781.25531190704 697.714111328125 301.3600624999963 499.53708691406064 280.2646356771138 0.0 0.0 0.0 0.0 0.0 0.0 0.0 0.0 0 0 1.0
120000.0 121000.0 2 1 129.9119849510384 7120.175167170769 245.62548245927917 354833.19800427917 692.15087890625 301.2258886718773 496.68838378906366 276.4257115300098 2300.0 2300.0 2300.0 0.0 128.0 128.0 128.0 0.0 1 1 0.0
121000.0 122000.0 2 1 131.66730580582427 6469.987293968297 233.80740699842886 338143.5251875059 690.743896484375 306.7111210937728 498.7275087890739 271.55217967658507 0.0 0.0 0.0 0.0 0.0 0.0 0.0 0.0 0 0 1.0
122000.0 123000.0 1 1 18.3999903670664 870.4217665309467 31.177761455306957 44993.939407318525 141.84910351561848 141.84910351561848 141.84910351561848 0.0 0.0 0.0 0.0 0.0 0.0 0.0 0.0 0.0 0 0 0.0
123000.0 124000.0 1 1 15.470382175635208 1492.0324142723734 36.384046968623544 51777.936699057 286.110107421875 286.110107421875 286.110107421875 0.0 0.0 0.0 0.0 0.0 0.0 0.0 0.0 0.0 0 0 1.0
124000.0 125000.0 2 1 72.27176446334656 5506.8532846503895 154.41412944961928 221190.497102128 712.5688925781287 283.386962890625 497.97792773437686 303.4774528447619 2300.0 2300.0 2300.0 0.0 128.0 128.0 128.0 0.0 1 2 0.0
125000.0 126000.0 2 1 120.39968882130445 6632.77422299779 224.68384892937098 322047.73007160786 716.0470371093834 282.0869140625 499.0669755859417 306.85614577099983 0.0 0.0 0.0 0.0 0.0 0.0 0.0 0.0 0 0 1.0
126000.0 127000.0 2 1 129.87357930183924 8061.46893080552 232.5042128063207 329268.23258190154 713.273085937486 278.972900390625 496.1229931640555 307.09660627076124 1500.0 1500.0 1500.0 0.0 0.0 0.0 0.0 0.0 2 0 0.0
127000.0 128000.0 2 1 139.20928289600073 9009.419522254886 249.9918986588209 361150.82892678597 720.8710996093578 274.5419921875 497.7065458984289 315.60233849893467 1500.0 1500.0 1500.0 0.0 128.0 128.0 128.0 0.0 1 2 1.0
128000.0 129000.0 2 1 124.3028953823779 7087.297788255448 229.70480001259816 329552.86663479445 725.3040078125196 274.455078125 499.8795429687598 318.79833547274205 1500.0 1500.0 1500.0 0.0 128.0 128.0 128.0 0.0 1 1 0.0
129000.0 130000.0 1 1 87.4724069594959 4638.153836763593 145.3170631746464 208558.90798372516 657.2359218749916 657.2359218749916 657.2359218749916 0.0 0.0 0.0 0.0 0.0 0.0 0.0 0.0 0.0 0 0 1.0
130000.0 131000.0 0 0 0.0 0.0 0.0 0.0 0.0 0.0 0.0 0.0 0.0 0.0 0.0 0.0 0.0 0.0 0.0 0.0 0 0 
131000.0 132000.0 1 1 106.18739980840836 7461.253109614745 225.98856882302292 324073.9607845111 906.645263671875 906.645263671875 906.645263671875 0.0 1500.0 1500.0 1500.0 0.0 128.0 128.0 128.0 0.0 1 1 1.0
132000.0 133000.0 2 1 125.97939094214601 7495.643911606656 237.02216044572378 339856.87245728297 903.205078125 92.31973632815061 497.7624072265753 573.3825239493236 1500.0 1500.0 1500.0 0.0 128.0 128.0 128.0 0.0 1 1 0.0
133000.0 134000.0 2 1 120.64031932182077 7128.04353955959 224.18915028241707 320113.7311735802 901.912109375 92.80292187497253 497.35751562498626 572.1265932016072 1500.0 1500.0 1500.0 0.0 128.0 128.0 128.0 0.0 1 1 1.0
134000.0 135000.0 2 1 110.6507079595788 6045.439880694044 182.6451152462885 261018.08703109375 899.577880859375 92.77889062499162 496.1783857421833 570.4930370491916 0.0 0.0 0.0 0.0 0.0 0.0 0.0 0.0 0 0 0.0
135000.0 136000.0 2 1 75.56652143056954 4879.565786908189 156.74058724876477 222192.60653721774 865.3413085936918 95.35211914061802 480.3467138671549 544.4645773026017 1500.0 1500.0 1500.0 0.0 128.0 128.0 128.0 0.0 1 1 1.0
136000.0 137000.0 2 1 91.66773624581515 5277.104906696747 139.0150983690836 199733.56187258445 863.092041015625 132.75569140631706 497.923866210971 516.4257853557708 0.0 0.0 0.0 0.0 0.0 0.0 0.0 0.0 0 0 0.0
137000.0 138000.0 2 1 78.39528411252188 5110.7587810318855 155.02840721746338 221089.94993250596 862.680908203125 98.3399589844048 480.5104335937649 540.4706683311197 1500.0 1500.0 1500.0 0.0 128.0 128.0 128.0 0.0 1 1 1.0
138000.0 139000.0 2 1 70.21868302795316 4136.084700508531 114.02570586085707 162528.03691278762 859.216064453125 136.26409179688198 497.7400781250035 511.2042423374209 0.0 0.0 0.0 0.0 0.0 0.0 0.0 0.0 0 0 0.0
139000.0 140000.0 2 1 117.1229149817169 8070.618433011424 227.7789684362608 324670.77166120074 855.4409179686918 96.98093554686056 476.2109267577762 536.3121968291065 2300.0 2300.0 2300.0 0.0 128.0 128.0 128.0 0.0 2 2 1.0
140000.0 141000.0 2 1 96.74656187144454 5709.833349352322 155.1181250906957 219033.7469174032 852.364013671875 143.86108203127515 498.1125478515751 500.9872274536171 0.0 0.0 0.0 0.0 0.0 0.0 0.0 0.0 0 0 0.0
141000.0 142000.0 2 1 73.94353839592334 4720.835303772981 158.43117659930104 227384.16400043623 833.385986328125 139.8279863281059 486.60698632811545 490.419564946193 2300.0 2300.0 2300.0 0.0 128.0 128.0 128.0 0.0 1 1 1.0
142000.0 143000.0 2 1 131.56426893180588 7030.272134544937 207.37306114016187 296146.13351190044 830.1069335936918 162.0020136719104 496.0544736328011 472.4215194207869 0.0 0.0 0.0 0.0 0.0 0.0 0.0 0.0 0 0 0.0
143000.0 144000.0 2 1 131.92274122243543 7663.174355861605 250.20053377112913 359473.2859825564 825.033935546875 168.65706640627468 496.84550097657484 464.1285351833136 2300.0 2300.0 2300.0 0.0 128.0 128.0 128.0 0.0 1 1 1.0
144000.0 145000.0 2 1 136.65909362448227 8675.036153446079 226.26673773965953 322431.5813763643 820.7241210936918 171.69806445314316 496.2110927734175 458.9307258172962 0.0 0.0 0.0 0.0 0.0 0.0 0.0 0.0 0 0 0.0
145000.0 146000.0 2 1 126.91917548197918 6414.465829492314 255.67948243889552 369030.11163327645 795.2509765625 163.29587890632683 479.2734277344134 446.8597349580869 2300.0 2300.0 2300.0 0.0 128.0 128.0 128.0 0.0 1 1 1.0
146000.0 147000.0 2 1 103.17900928417497 6535.98622697422 169.45123819938172 241503.08755267903 794.18994140625 204.68702343752375 499.4384824218869 416.8415108249434 0.0 0.0 0.0 0.0 0.0 0.0 0.0 0.0 0 0 0.0
147000.0 148000.0 2 1 113.39592041398161 5773.871409667803 235.63409863968198 339927.8504251978 792.35400390625 204.22405859373976 498.2890312499949 415.87067254934936 2300.0 2300.0 2300.0 0.0 128.0 128.0 128.0 0.0 1 1 1.0
148000.0 149000.0 2 1 138.6663916025184 7876.644350302502 248.88895132747507 361097.30654175626 792.160888671875 204.85699609376024 498.5089423828176 415.2865650592406 0.0 0.0 0.0 0.0 0.0 0.0 0.0 0.0 0 0 0.0
149000.0 150000.0 2 1 136.8683547444571 7394.364958095342 249.21545053805738 361765.4617249005 791.802001953125 204.74111132812686 498.27155664062593 415.1147367303503 2300.0 2300.0 2300.0 0.0 128.0 128.0 128.0 0.0 1 1 1.0
150000.0 151000.0 2 1 87.98817968959791 5915.332860505999 155.21484699655264 222610.0428168653 790.631103515625 204.46299804688897 497.547050781257 414.48344229221465 0.0 0.0 0.0 0.0 0.0 0.0 0.0 0.0 0 0 0.0
151000.0 152000.0 2 1 129.43146272781635 6750.222395062234 244.25403108090134 352830.48407287337 789.258056640625 206.14689648442436 497.7024765625247 412.32185553200446 2300.0 2300.0 2300.0 0.0 128.0 128.0 128.0 0.0 1 1 1.0
152000.0 153000.0 2 1 123.02343141967803 7637.388051867984 217.37773086320476 312524.14464551024 785.207275390625 210.20994335936848 497.70860937499674 406.58451264347434 2300.0 2300.0 2300.0 0.0 0.0 0.0 0.0 0.0 1 0 0.0
153000.0 154000.0 2 1 126.22321600978498 6440.701385798346 261.1564275291494 378433.1098752714 784.381103515625 213.90172460937174 499.14141406249837 403.38983735170154 0.0 0.0 0.0 0.0 128.0 128.0 128.0 0.0 0 1 1.0
154000.0 155000.0 2 1 119.98066149908058 7362.03883545204 225.4418793632147 320360.10224801383 780.7119140625 210.07689648441738 495.3944052734587 403.49989051196695 2300.0 2300.0 2300.0 0.0 128.0 128.0 128.0 0.0 1 1 0.0
155000.0 156000.0 2 1 134.29387049723255 7078.349050664479 247.75877965701824 356691.1116071851 777.72802734375 218.89808593748603 498.313056640618 395.15244109845025 0.0 0.0 0.0 0.0 0.0 0.0 0.0 0.0 0 0 1.0
156000.0 157000.0 2 1 69.07449487138257 4927.118803272595 106.35854010488893 148154.6514758495 775.072021484375 221.06497265625512 498.06849707031506 391.7421410515103 0.0 0.0 0.0 0.0 0.0 0.0 0.0 0.0 0 0 0.0
157000.0 158000.0 2 1 107.38527352847034 5614.540033349016 192.52581704270295 276902.41486018494 694.238037109375 216.2929785156157 455.26550781249534 337.958191966249 2300.0 2300.0 2300.0 0.0 128.0 128.0 128.0 0.0 1 1 1.0
158000.0 159000.0 2 1 140.75802251927485 8209.402916183677 259.2895445051897 376059.58190598374 688.291259765625 303.7399628906278 496.0156113281264 271.91882973439175 2300.0 2300.0 2300.0 0.0 128.0 128.0 128.0 0.0 1 1 0.0
159000.0 160000.0 2 1 140.543648071833 7604.4360120584915 253.35170372479297 367866.67380839936 685.614990234375 311.4347402343992 498.5248652343871 264.58539216106055 0.0 0.0 0.0 0.0 0.0 0.0 0.0 0.0 0 0 1.0
160000.0 161000.0 2 1 137.84630730654294 8053.953394792001 251.30283325635736 364891.7138882309 679.573974609375 314.27900976559613 496.92649218748556 258.30254677433754 2300.0 2300.0 2300.0 0.0 128.0 128.0 128.0 0.0 1 1 0.0
161000.0 162000.0 2 1 132.23329912799255 6907.345694040638 247.94191496490077 360011.66052903596 674.527099609375 319.77202539058635 497.1495624999807 250.8497186404424 0.0 0.0 0.0 0.0 0.0 0.0 0.0 0.0 0 0 1.0
162000.0 163000.0 2 1 131.3418013451097 7559.046967821966 252.79019034284028 367051.35637780407 671.75 321.0749003905803 496.41245019529015 247.96474092708868 2300.0 2300.0 2300.0 0.0 128.0 128.0 128.0 0.0 1 1 0.0
163000.0 164000.0 2 1 118.31773312314195 6268.190311792003 206.92238544681476 297424.5193555778 670.8549804686918 327.4120000000112 499.1334902343515 242.85086044032306 0.0 0.0 0.0 0.0 0.0 0.0 0.0 0.0 0 0 1.0
164000.0 165000.0 1 1 5.264584859328366 249.93616619661418 8.620757707150199 12304.12450397929 47.25701953127282 47.25701953127282 47.25701953127282 0.0 0.0 0.0 0.0 0.0 0.0 0.0 0.0 0.0 0 0 0.0
165000.0 166000.0 1 1 109.27486752241253 7588.22892553553 233.11971738114673 335143.28681955114 904.570068359375 904.570068359375 904.570068359375 0.0 2300.0 2300.0 2300.0 0.0 128.0 128.0 128.0 0.0 1 1 1.0
166000.0 167000.0 2 1 137.7302824753977 8166.407732550794 247.86083404354565 358821.5865419722 902.6909179686918 88.7819316406385 495.73642480466515 575.5205635012355 2300.0 2300.0 2300.0 0.0 128.0 128.0 128.0 0.0 1 1 0.0
167000.0 168000.0 2 1 133.2982293141702 7036.847946614006 254.58084033370596 369575.26747167105 902.1459960936918 92.36108203127515 497.25353906248347 572.6044040361004 0.0 0.0 0.0 0.0 0.0 0.0 0.0 0.0 0 0 1.0
168000.0 169000.0 2 1 129.79577632881504 7424.541252187755 216.30107094536643 313790.8193273413 896.6840820311918 95.21100390632637 495.9475429687591 566.727048480548 2300.0 2300.0 2300.0 0.0 128.0 128.0 128.0 0.0 1 1 0.0
169000.0 170000.0 2 1 132.8022253078731 7053.218439291862 269.8881634434729 391846.9490052534 891.583984375 98.78791796881706 495.1859511719085 560.5914746538324 0.0 0.0 0.0 0.0 0.0 0.0 0.0 0.0 0 0 1.0
170000.0 171000.0 2 1 132.61055224114753 7575.34980632155 253.79829989662434 366042.42006191553 890.66796875 104.83701562497299 497.7524921874865 555.6663958209946 2300.0 2300.0 2300.0 0.0 128.0 128.0 128.0 0.0 1 1 0.0
171000.0 172000.0 2 1 128.32394661274884 7561.660858848467 210.85332474915924 301435.20879873243 883.547119140625 108.88403125002515 496.2155751953251 547.7695225823536 0.0 0.0 0.0 0.0 0.0 0.0 0.0 0.0 0 0 1.0
172000.0 173000.0 2 1 124.79693043855819 6673.376697721174 252.31701154341692 365891.8308860711 822.0629882811918 94.41288085939595 458.2379345702939 514.5263252890716 2300.0 2300.0 2300.0 0.0 128.0 128.0 128.0 0.0 1 1 0.0
173000.0 174000.0 2 1 133.89311741030448 7765.47109627477 235.5149583865026 341027.424371809 821.56396484375 170.54801171872532 496.05598828123766 460.3377951153285 2300.0 2300.0 2300.0 0.0 0.0 0.0 0.0 0.0 1 0 1.0
174000.0 175000.0 2 1 136.28429251463743 7285.965983848904 257.1518969693305 373184.8496048606 820.532958984375 174.48803515627515 497.5104970703251 456.822746589996 0.0 0.0 0.0 0.0 128.0 128.0 128.0 0.0 0 1 0.0
175000.0 176000.0 2 1 133.29995927254654 7724.582034486593 249.24707269372163 359961.6349990361 818.720947265625 175.94604101561708 497.33349414062104 454.51049498592795 2300.0 2300.0 2300.0 0.0 0.0 0.0 0.0 0.0 1 0 1.0
176000.0 177000.0 2 1 139.07323534791877 7615.464840818959 249.40962600705046 361716.89151448506 816.152099609375 179.26005273440387 497.70607617188944 450.35068522907255 0.0 0.0 0.0 0.0 128.0 128.0 128.0 0.0 0 1 0.0
177000.0 178000.0 2 1 116.22968313706552 6800.82320988204 217.82352290316135 313114.48229565076 812.68994140625 182.9279003905831 497.80892089841655 445.3090097360587 2300.0 2300.0 2300.0 0.0 128.0 128.0 128.0 0.0 1 1 1.0
178000.0 179000.0 2 1 136.14625258821624 7483.659278658019 240.14182673490507 347965.2053788217 810.530029296875 185.0480585937621 497.78904394531855 442.28254299409656 0.0 0.0 0.0 0.0 0.0 0.0 0.0 0.0 0 0 0.0
179000.0 180000.0 2 1 52.26042817302944 3734.0102764977782 79.07342540884346 110898.07601438381 806.1201171875 185.45397070312174 495.78704394531087 438.8772410320269 0.0 0.0 0.0 0.0 0.0 0.0 0.0 0.0 0 0 1.0
180000.0 181000.0 2 1 110.22183731258413 6176.041445307239 229.60708264686912 331324.3706291234 798.448974609375 192.95288281247485 495.7009287109249 428.15039249154034 2300.0 2300.0 2300.0 0.0 128.0 128.0 128.0 0.0 1 1 0.0
181000.0 182000.0 2 1 135.06685544461723 7785.0011362136065 261.58208579266017 379249.9276444199 796.256103515625 199.21302539057797 497.7345644531015 422.17320920271044 2300.0 2300.0 2300.0 0.0 128.0 128.0 128.0 0.0 1 1 1.0
182000.0 183000.0 2 1 136.49452861618144 7364.4442525408995 232.37330036720434 333283.6036823485 791.243896484375 203.54789648437873 497.39589648437686 415.5638268762066 0.0 0.0 0.0 0.0 0.0 0.0 0.0 0.0 0 0 0.0
183000.0 184000.0 2 1 78.86914270665861 4475.597424420603 153.16045587271637 220606.4813301585 426.0849609375 177.74810351565247 301.91653222657624 175.6006759015452 2300.0 2300.0 2300.0 0.0 128.0 128.0 128.0 0.0 1 1 1.0
184000.0 185000.0 2 1 133.06204978604376 8077.2427540188655 237.18536058340993 341985.7738340353 567.3180390624912 424.63525390625 495.9766464843706 100.89196494256139 0.0 0.0 0.0 0.0 0.0 0.0 0.0 0.0 0 0 0.0
185000.0 186000.0 2 1 136.84387167919596 7855.184848116416 240.67740379030676 347931.80106436927 522.3627460937714 423.118896484375 472.7408212890732 70.1759990498621 2300.0 2300.0 2300.0 0.0 128.0 128.0 128.0 0.0 1 1 1.0
186000.0 187000.0 2 1 140.35927608118203 7828.758550080131 284.7846011452865 411342.7741475337 574.0021035156096 421.0512695311918 497.5266865234007 108.1525718985197 0.0 0.0 0.0 0.0 0.0 0.0 0.0 0.0 0 0 0.0
187000.0 188000.0 2 1 130.8679638444649 7476.24790558879 246.17354846157957 354482.45908163587 576.1037304687779 416.02197265625 496.06285156251397 113.19489649350109 2300.0 2300.0 2300.0 0.0 128.0 128.0 128.0 0.0 1 1 1.0
188000.0 189000.0 2 1 122.112354712112 6596.255583525559 234.95253395653458 338836.21463131893 582.0290273437276 408.1088867186918 495.0689570312097 122.98011082088081 0.0 0.0 0.0 0.0 0.0 0.0 0.0 0.0 0 0 0.0
189000.0 190000.0 2 1 121.05056474861615 6943.286191742642 218.76961650792097 313734.0746527373 591.6841132812551 399.014892578125 495.34950292969006 136.23771248511088 2300.0 2300.0 2300.0 0.0 128.0 128.0 128.0 0.0 1 1 1.0
190000.0 191000.0 2 1 115.91386620783574 6031.97321228486 183.36871335336423 261035.3938247108 599.101107421855 395.9799804686918 497.5405439452734 143.6283262708353 0.0 0.0 0.0 0.0 0.0 0.0 0.0 0.0 0 0 0.0
191000.0 192000.0 1 1 14.317910175666572 879.3583166221887 20.28370608219431 27594.192386053404 168.3270195312216 168.3270195312216 168.3270195312216 0.0 0.0 0.0 0.0 0.0 0.0 0.0 0.0 0.0 0 0 1.0
192000.0 193000.0 0 0 0.0 0.0 0.0 0.0 0.0 0.0 0.0 0.0 0.0 0.0 0.0 0.0 0.0 0.0 0.0 0.0 0 0 
193000.0 194000.0 1 1 110.54643822566749 7701.0998236061305 221.998994797447 318993.527038663 905.395263671875 905.395263671875 905.395263671875 0.0 2300.0 2300.0 2300.0 0.0 128.0 128.0 128.0 0.0 1 2 1.0
194000.0 195000.0 2 1 134.86660129163297 8523.91942970487 250.77065901757078 362924.4531028814 904.407958984375 93.80673632817343 499.1073476562742 573.1816213783067 2300.0 2300.0 2300.0 0.0 128.0 128.0 128.0 0.0 1 1 0.0
195000.0 196000.0 2 1 139.63047672959652 6882.465455157162 213.34511163246634 308421.1251435794 899.393310546875 92.24104101560079 495.8171757812379 570.742843235676 0.0 0.0 0.0 0.0 0.0 0.0 0.0 0.0 0 0 1.0
196000.0 197000.0 2 1 128.29063496869813 7298.195255314722 255.85541933417193 369097.526447302 896.260009765625 98.80368945316877 497.5318496093969 563.8867717930093 2300.0 2300.0 2300.0 0.0 0.0 0.0 0.0 0.0 1 0 0.0
197000.0 198000.0 2 1 133.53376419035217 7151.958685326965 248.96397030042445 361244.7614467552 893.03125 99.28699023439549 496.15912011719774 561.2619486081554 0.0 0.0 0.0 0.0 128.0 128.0 128.0 0.0 0 1 1.0
198000.0 199000.0 2 1 131.6478751592741 8090.646905513256 250.41417236061483 362494.7712397902 888.114013671875 104.41474999999627 496.26438183593564 554.1590637532896 2300.0 2300.0 2300.0 0.0 0.0 0.0 0.0 0.0 1 0 0.0
199000.0 200000.0 2 1 132.89061626644371 6549.9402026670305 248.4395589802591 360597.8466671587 883.302001953125 109.46298632817343 496.3824941406492 547.186815495126 0.0 0.0 0.0 0.0 128.0 128.0 128.0 0.0 0 1 1.0
200000.0 201000.0 2 1 132.5571115134609 7469.363638211571 255.15665654469507 368783.6463649951 883.18310546875 108.86699804686941 496.0250517578097 547.5241703399829 2300.0 2300.0 2300.0 0.0 0.0 0.0 0.0 0.0 1 0 0.0
201000.0 202000.0 2 1 122.34074147398681 7221.627770337362 212.00042459280516 302837.67314338434 877.72509765625 112.57689453125931 495.15099609375466 541.0414830423828 2300.0 2300.0 2300.0 0.0 128.0 128.0 128.0 0.0 1 1 1.0
202000.0 203000.0 2 1 130.1727941936875 7510.713439896949 270.00635913336424 391395.9957649158 872.81494140625 120.20790234371088 496.51142187498044 532.1735408898503 0.0 0.0 0.0 0.0 128.0 128.0 128.0 0.0 0 1 0.0
203000.0 204000.0 2 1 134.5606003600791 7158.850014277439 251.01386315878275 363734.17537847324 871.833984375 124.88605859375093 498.36002148437547 528.1719435131472 2300.0 2300.0 2300.0 0.0 0.0 0.0 0.0 0.0 1 0 1.0
204000.0 205000.0 2 1 138.87763862782577 8501.475310273414 241.77410233433167 350464.030992569 866.681884765625 125.28501562494785 495.9834501952864 524.2467537198482 0.0 0.0 0.0 0.0 128.0 128.0 128.0 0.0 0 1 0.0
205000.0 206000.0 2 1 125.94980872645854 6221.89060691106 249.60055082530943 357881.086280011 863.594970703125 128.56211523432285 496.0785429687239 519.7467164969015 2300.0 2300.0 2300.0 0.0 0.0 0.0 0.0 0.0 1 0 1.0
206000.0 207000.0 2 1 115.98937585038058 7200.745637629925 224.6217819859675 325126.28329970664 860.780029296875 129.18002929689828 494.98002929688664 517.3193211160617 2300.0 2300.0 2300.0 0.0 128.0 128.0 128.0 0.0 1 1 0.0
207000.0 208000.0 2 1 133.73748091929843 6704.405213217167 249.9139181893438 362817.38639814366 857.677978515625 139.17997070308775 498.4289746093564 508.05481359327007 0.0 0.0 0.0 0.0 0.0 0.0 0.0 0.0 0 0 1.0
208000.0 209000.0 2 1 130.4103183286091 7878.321959220932 252.15196478813306 364956.56737469824 851.238037109375 141.55602148442995 496.3970292969025 501.820965734536 2300.0 2300.0 2300.0 0.0 128.0 128.0 128.0 0.0 1 1 0.0
209000.0 210000.0 2 1 130.4821826135879 6464.74438190997 250.58012041514482 363642.4203404612 849.9873046875 145.68696289067157 497.8371337890858 498.0155476765406 0.0 0.0 0.0 0.0 0.0 0.0 0.0 0.0 0 0 1.0
210000.0 211000.0 2 1 117.9539482776458 7362.865906636227 230.8747591902397 330460.9792117473 844.862060546875 148.79169531248044 496.8268779296777 492.1960754402372 2300.0 2300.0 2300.0 0.0 128.0 128.0 128.0 0.0 1 1 0.0
211000.0 212000.0 2 1 112.56159228331445 5675.770364187845 188.5176124189284 268817.74436476483 747.7989999999991 150.72493945318274 449.2619697265909 422.1951170832411 0.0 0.0 0.0 0.0 0.0 0.0 0.0 0.0 0 0 1.0
212000.0 213000.0 0 0 0.0 0.0 0.0 0.0 0.0 0.0 0.0 0.0 0.0 0.0 0.0 0.0 0.0 0.0 0.0 0.0 0 0 
213000.0 214000.0 1 1 115.67603903154789 7371.387274663914 233.1737479691044 335200.01439492963 907.06591796875 907.06591796875 907.06591796875 0.0 2300.0 2300.0 2300.0 0.0 128.0 128.0 128.0 0.0 1 1 1.0
214000.0 215000.0 2 1 137.98983349809305 8680.75330135931 229.1106730077394 330942.92599692446 902.906005859375 88.79608203121461 495.8510439452948 575.6626477701559 2300.0 2300.0 2300.0 0.0 128.0 128.0 128.0 0.0 1 1 0.0
215000.0 216000.0 2 1 132.4802550961166 7153.493338348088 265.3427355116455 383877.87818894954 886.280029296875 95.04899414058309 490.66451171872905 559.4848304442656 0.0 0.0 0.0 0.0 0.0 0.0 0.0 0.0 0 0 1.0
216000.0 217000.0 2 1 128.70883446523197 7438.986449038215 242.96140554078016 349769.3940063988 885.056884765625 110.4919707031222 497.7744277343736 547.7001032027712 2300.0 2300.0 2300.0 0.0 128.0 128.0 128.0 0.0 1 1 0.0
217000.0 218000.0 2 1 127.57644670489655 6193.103165245832 248.84334115641335 360965.910838409 884.4619140625 109.95711523434147 497.20951464842074 547.6575953129137 0.0 0.0 0.0 0.0 0.0 0.0 0.0 0.0 0 0 1.0
218000.0 219000.0 2 1 66.1369761458178 3709.1934702114386 99.13536041875405 141007.859511877 881.614013671875 113.59608593746088 497.60504980466794 543.070684773844 0.0 0.0 0.0 0.0 0.0 0.0 0.0 0.0 0 0 0.0
219000.0 220000.0 2 1 117.34959565413975 7486.860112068507 231.26869758725033 331066.90703404724 860.471923828125 92.85898632812314 476.66545507812407 542.7843134327768 2300.0 2300.0 2300.0 0.0 128.0 128.0 128.0 0.0 1 1 1.0
220000.0 221000.0 2 1 136.73134966950562 8097.489154076532 247.66936667263099 356576.86681421346 859.27392578125 139.02207617182285 499.1480009765364 509.29496702097936 2300.0 2300.0 2300.0 0.0 128.0 128.0 128.0 0.0 1 1 0.0
221000.0 222000.0 2 1 139.38825823571688 6979.279117682954 249.7049200911646 362192.52324561187 854.76708984375 140.14007421873976 497.4535820312449 505.3176087675496 0.0 0.0 0.0 0.0 0.0 0.0 0.0 0.0 0 0 1.0
222000.0 223000.0 2 1 82.64254562447488 4507.442455590855 135.3910610659248 193344.76770070678 852.85595703125 142.14891015621834 497.50243359373417 502.5457722824004 0.0 0.0 0.0 0.0 0.0 0.0 0.0 0.0 0 0 0.0
223000.0 224000.0 2 1 114.79815072029085 6644.280383212418 221.1424266038919 318190.5031160642 841.89697265625 140.4170429687947 491.15700781252235 496.0212151482622 2300.0 2300.0 2300.0 0.0 128.0 128.0 128.0 0.0 1 1 1.0
224000.0 225000.0 2 1 125.65098406456505 7398.570123140367 205.0308298053242 291855.2638089834 840.64404296875 157.3080273437081 498.97603515622905 483.19153047746374 0.0 0.0 0.0 0.0 0.0 0.0 0.0 0.0 0 0 0.0
225000.0 226000.0 2 1 149.14279259908176 9276.169510887523 279.6964099382443 401630.1267812585 838.116943359375 157.39495703123976 497.7559501953074 481.3431326354007 2300.0 2300.0 2300.0 0.0 128.0 128.0 128.0 0.0 1 1 1.0
226000.0 227000.0 2 1 141.8203304623327 8526.189583308887 265.82269823572307 381467.16943036026 832.117919921875 160.32005664065946 496.21898828126723 475.03282471278067 2300.0 2300.0 2300.0 0.0 128.0 128.0 128.0 0.0 1 1 0.0
227000.0 228000.0 2 1 155.0543769301353 9452.356437144681 246.9331510620537 355597.6549423128 828.60400390625 162.79308007808868 495.69854199216934 470.7994192269727 0.0 0.0 0.0 0.0 128.0 128.0 128.0 0.0 0 1 1.0
228000.0 229000.0 2 1 123.76150117042658 6910.605597738421 238.40498163868062 341010.11298472347 811.387939453125 137.02699609380215 474.2074677734636 476.84519601673446 2300.0 2300.0 2300.0 0.0 0.0 0.0 0.0 0.0 1 0 0.0
229000.0 230000.0 2 1 150.32462687104257 11286.50913804218 243.74230305561446 331215.04742579814 805.291259765625 183.85506054689176 494.5731601562584 439.42175054236054 2300.0 2300.0 2300.0 0.0 128.0 128.0 128.0 0.0 2 3 1.0
230000.0 231000.0 2 1 130.3950309366801 8096.565145571689 253.99470446722756 362836.9467172083 762.968994140625 182.07474023441318 472.5218671875191 410.7542660893825 2300.0 2300.0 2300.0 0.0 0.0 0.0 0.0 0.0 1 0 0.0
231000.0 232000.0 2 1 137.91514035757714 7660.401492633997 257.78840340847717 373574.76211648184 760.6630859375 235.52500585932285 498.0940458984114 371.32869748256326 0.0 0.0 0.0 0.0 128.0 128.0 128.0 0.0 0 1 1.0
232000.0 233000.0 2 1 142.15929794927558 8564.818615990129 257.6783214771997 370806.3456164638 760.488037109375 231.72591406246647 496.10697558592074 373.89128284106465 2300.0 2300.0 2300.0 0.0 0.0 0.0 0.0 0.0 1 0 0.0
233000.0 234000.0 2 1 126.71059474970085 7728.709869584132 215.9335684184494 305733.3803223787 756.12890625 237.7609628905775 496.94493457028875 366.54148789917184 0.0 0.0 0.0 0.0 128.0 128.0 128.0 0.0 0 1 1.0
234000.0 235000.0 2 1 143.659249925724 8219.902876183061 269.8705638778233 389676.44131258863 749.846923828125 242.08309375005774 495.96500878909137 359.0432474894552 2300.0 2300.0 2300.0 0.0 0.0 0.0 0.0 0.0 1 0 0.0
235000.0 236000.0 2 1 144.9902180683512 8346.30822702601 253.55695233103216 367102.3640637897 748.916015625 249.31607617181726 499.11604589840863 353.27050506773406 2300.0 2300.0 2300.0 0.0 128.0 128.0 128.0 0.0 1 1 1.0
236000.0 237000.0 2 1 145.06468637141688 8195.991110319803 253.58602957420317 367860.24566261197 748.39990234375 244.39298437500838 496.3964433593792 356.38670946062916 0.0 0.0 0.0 0.0 0.0 0.0 0.0 0.0 0 0 0.0
237000.0 238000.0 2 1 143.36828702391864 8342.1602803299 265.54785915255104 383190.143422019 742.716064453125 250.58009765623137 496.6480810546782 347.9926793878811 2300.0 2300.0 2300.0 0.0 128.0 128.0 128.0 0.0 1 1 1.0
238000.0 239000.0 2 1 140.43738907740146 8934.416018326341 233.2929604470687 332086.8003807294 741.831298828125 254.58893554692622 498.2101171875256 344.5323791574949 0.0 0.0 0.0 0.0 0.0 0.0 0.0 0.0 0 0 0.0
239000.0 240000.0 2 1 134.69064374873446 7318.3457412782745 253.57728835682553 366337.1489500102 680.17724609375 236.0207011718303 458.09897363279015 314.06610482267683 2300.0 2300.0 2300.0 0.0 128.0 128.0 128.0 0.0 1 1 1.0
240000.0 241000.0 2 1 130.31155401885465 7747.541067604054 233.15721273529584 335940.6580676731 676.330078125 317.0967539062258 496.7134160156129 254.01631958328088 0.0 0.0 0.0 0.0 0.0 0.0 0.0 0.0 0 0 0.0
241000.0 242000.0 2 1 139.79980346921607 7766.549464495252 257.64659759985807 372876.4745389704 676.012939453125 318.57292187504936 497.2929306640872 252.74826029689604 2300.0 2300.0 2300.0 0.0 128.0 128.0 128.0 0.0 1 1 1.0
242000.0 243000.0 2 1 115.82756489630425 7364.571879296941 212.9320487835107 304945.9043811421 672.054931640625 323.8990605468862 497.9769960937556 246.1833773602922 0.0 0.0 0.0 0.0 0.0 0.0 0.0 0.0 0 0 0.0
243000.0 244000.0 2 1 112.38597395456134 6792.391303453864 191.75848897370037 276401.7564423284 670.9169921875 322.6630683593685 496.79003027343424 246.25271111369517 2300.0 2300.0 2300.0 0.0 128.0 128.0 128.0 0.0 1 1 1.0
244000.0 245000.0 2 1 118.79442182990475 6884.140527746092 199.32632518884103 285413.9131858516 667.06689453125 327.7170078124618 497.3919511718559 239.95660609374184 0.0 0.0 0.0 0.0 0.0 0.0 0.0 0.0 0 0 0.0
245000.0 246000.0 2 1 120.92108696590594 6729.316620038182 214.15892120636894 307129.78795153677 656.743896484375 328.3961054687388 492.5700009765569 232.1769496147797 2300.0 2300.0 2300.0 0.0 128.0 128.0 128.0 0.0 1 1 1.0
246000.0 247000.0 2 1 128.14414921716406 7714.410194560809 258.2609659584723 373050.26496919524 654.88330078125 340.4691035156138 497.6762021484319 222.3244109878562 0.0 0.0 0.0 0.0 0.0 0.0 0.0 0.0 0 0 0.0
247000.0 248000.0 2 1 132.205367348455 7016.767717047494 255.8464413052959 370971.56700625276 652.083984375 344.9036992187612 498.4938417968806 217.20926268079384 2300.0 2300.0 2300.0 0.0 128.0 128.0 128.0 0.0 1 1 1.0
248000.0 249000.0 2 1 127.5122208695055 7425.443280292831 239.28473273789945 343210.58055396564 651.27392578125 344.62701562501024 497.9504707031301 216.83210960137913 2300.0 2300.0 2300.0 0.0 128.0 128.0 128.0 0.0 1 1 0.0
249000.0 250000.0 2 1 131.23159217324758 6988.223155450111 245.5908353332125 354341.74428528897 648.587890625 347.29907421872485 497.9434824218624 213.04336517654588 0.0 0.0 0.0 0.0 0.0 0.0 0.0 0.0 0 0 1.0
250000.0 251000.0 2 1 87.8430908620114 5491.977549843902 154.21487340105898 218556.89506686985 644.139892578125 349.15810937504284 496.6490009765839 208.5836192293994 0.0 0.0 0.0 0.0 0.0 0.0 0.0 0.0 0 0 0.0
251000.0 252000.0 2 1 109.49198966954663 5962.162143875985 209.51604119655514 301258.3929288659 642.173095703125 355.3811074218247 498.77710156247485 202.7925597036803 2300.0 2300.0 2300.0 0.0 128.0 128.0 128.0 0.0 1 1 1.0
252000.0 253000.0 2 1 130.1998011001069 7452.756834168156 249.40335132122087 360242.87765324983 642.095947265625 353.2469042969169 497.67142578127095 204.24711702241794 2300.0 2300.0 2300.0 0.0 128.0 128.0 128.0 0.0 1 1 0.0
253000.0 254000.0 2 1 133.49088709279826 7121.205012683856 251.0905486125817 363533.2650506315 635.114013671875 356.6430527343182 495.8785332030966 196.9087048424806 0.0 0.0 0.0 0.0 0.0 0.0 0.0 0.0 0 0 1.0
254000.0 255000.0 2 1 127.73983913017268 7411.578899122864 231.37968218684588 332273.71852759115 630.216064453125 363.32298632815946 496.76952539064223 188.72190539391414 2300.0 2300.0 2300.0 0.0 128.0 128.0 128.0 0.0 1 1 0.0
255000.0 256000.0 2 1 136.22843913799454 7752.439094167141 232.1144175180048 334115.1260541747 627.39404296875 369.7039355469169 498.54898925783345 182.21442240266805 0.0 0.0 0.0 0.0 0.0 0.0 0.0 0.0 0 0 1.0
256000.0 257000.0 2 1 139.46596169943285 7810.593614342541 240.93496084290723 348516.86144495825 623.493896484375 368.1269570311997 495.81042675778735 180.57169457819475 2300.0 2300.0 2300.0 0.0 128.0 128.0 128.0 0.0 1 1 0.0
257000.0 258000.0 2 1 132.26808272072475 7652.693221703066 222.43568189824873 320942.825618416 618.9130859375 374.47610351559706 496.69459472654853 172.84304784330448 0.0 0.0 0.0 0.0 0.0 0.0 0.0 0.0 0 0 1.0
258000.0 259000.0 2 1 135.31620181257 7430.206917814927 247.48187044934855 358417.7502789156 607.02587890625 380.7569140625419 493.89139648439595 159.9963194130465 2300.0 2300.0 2300.0 0.0 128.0 128.0 128.0 0.0 1 1 0.0
259000.0 260000.0 2 1 97.20042051952915 5326.024711926088 187.6166714515365 269518.2333617005 606.050048828125 390.5171210936969 498.28358496091096 152.4047947700042 0.0 0.0 0.0 0.0 0.0 0.0 0.0 0.0 0 0 1.0
260000.0 261000.0 2 1 114.15729693633678 6612.925253683781 204.78240852371954 295479.2307623712 605.02392578125 389.55895117192995 497.29143847659 152.3567446544375 2300.0 2300.0 2300.0 0.0 128.0 128.0 128.0 0.0 1 1 0.0
261000.0 262000.0 2 1 140.84081942346077 7314.7935476786015 210.86616190371927 303056.6670842004 587.7909999999683 394.5660742187174 491.17853710934287 136.63065531418988 0.0 0.0 0.0 0.0 0.0 0.0 0.0 0.0 0 0 1.0
262000.0 263000.0 1 1 57.2499607163631 3609.806683337093 116.24801183627928 168450.36151238286 434.931884765625 434.931884765625 434.931884765625 0.0 2300.0 2300.0 2300.0 0.0 128.0 128.0 128.0 0.0 1 1 0.0
263000.0 264000.0 2 1 129.06833987133416 7851.739963175885 256.93119555238417 372116.47507775365 560.2841152343899 430.780029296875 495.53207226563245 91.5732173577822 0.0 0.0 0.0 0.0 0.0 0.0 0.0 0.0 0 0 1.0
264000.0 265000.0 2 1 131.67832732950473 7315.188075635058 248.4788727522161 360124.6957744206 565.9939707031008 430.291259765625 498.1426152343629 95.956307129287 2300.0 2300.0 2300.0 0.0 128.0 128.0 128.0 0.0 1 1 0.0
265000.0 266000.0 2 1 133.32513550002682 7307.348582312743 247.41038526393487 357372.2338243029 568.9167402343592 427.174072265625 498.0454062499921 100.22720170416517 2300.0 2300.0 2300.0 0.0 0.0 0.0 0.0 0.0 1 0 1.0
266000.0 267000.0 2 1 126.64180084946895 7052.598961644085 240.30603139094342 345835.18330332404 568.9159277343424 426.366943359375 497.6414355468587 100.79735350279466 0.0 0.0 0.0 0.0 128.0 128.0 128.0 0.0 0 1 0.0
267000.0 268000.0 2 1 99.03643573330226 5112.317733895135 163.6255032042422 233875.05050781593 571.8570566406706 212.28599999996368 392.07152832031716 254.25513246905606 0.0 0.0 0.0 0.0 0.0 0.0 0.0 0.0 0 0 1.0
268000.0 269000.0 0 0 0.0 0.0 0.0 0.0 0.0 0.0 0.0 0.0 0.0 0.0 0.0 0.0 0.0 0.0 0.0 0.0 0 0 
269000.0 270000.0 1 1 112.08235665561294 7813.8716123730155 220.51975862323846 314365.49573617836 908.740966796875 908.740966796875 908.740966796875 0.0 2300.0 2300.0 2300.0 0.0 128.0 128.0 128.0 0.0 1 1 1.0
270000.0 271000.0 2 1 135.4797653549096 7408.381482655672 236.96362032927135 339998.35604775226 907.72509765625 88.51803320308682 498.1215654296684 579.2668704707568 2300.0 2300.0 2300.0 0.0 128.0 128.0 128.0 0.0 1 1 0.0
271000.0 272000.0 2 1 133.32146308079038 7615.007497289817 265.1015895021659 384577.5224122585 907.4130859375 90.63890234369319 499.0259941405966 577.5465639172869 0.0 0.0 0.0 0.0 0.0 0.0 0.0 0.0 0 0 1.0
272000.0 273000.0 2 1 119.09419386725024 6934.087875773991 232.93104137981186 336689.1722549595 905.876953125 90.95191406249069 498.41443359374534 576.2390212798125 2300.0 2300.0 2300.0 0.0 128.0 128.0 128.0 0.0 1 1 0.0
273000.0 274000.0 2 1 132.9563933130739 6471.1049664917555 245.4815807089643 356281.9550179434 901.117919921875 93.33504687505774 497.22648339846637 571.1887472577565 0.0 0.0 0.0 0.0 0.0 0.0 0.0 0.0 0 0 1.0
274000.0 275000.0 2 1 50.23157979476199 3015.845442273327 71.13946085783482 99898.81650116808 898.62890625 96.55908007815015 497.5939931640751 567.1490130712305 0.0 0.0 0.0 0.0 0.0 0.0 0.0 0.0 0 0 0.0
275000.0 276000.0 2 1 115.81948223553634 7335.10999971989 230.54311543620153 330993.4202455238 853.68994140625 92.70809375005774 473.19901757815387 538.0954248375618 2300.0 2300.0 2300.0 0.0 128.0 128.0 128.0 0.0 1 2 1.0
276000.0 277000.0 2 1 132.9093885191119 7761.03153435074 244.86008200963494 354824.4094504947 848.68408203125 144.95405859372113 496.81907031248556 497.6122716972447 2300.0 2300.0 2300.0 0.0 0.0 0.0 0.0 0.0 1 0 0.0
277000.0 278000.0 2 1 125.33480695476513 6727.930371720442 239.2809908014186 345020.86864930525 844.181884765625 149.8149179687025 496.99840136716375 490.9915908540382 0.0 0.0 0.0 0.0 128.0 128.0 128.0 0.0 0 1 1.0
278000.0 279000.0 2 1 132.92429211466464 7583.258511369775 252.64804038080737 363474.0578453818 843.89111328125 150.58311523438897 497.2371142578195 490.24278686980506 2300.0 2300.0 2300.0 0.0 0.0 0.0 0.0 0.0 1 0 0.0
279000.0 280000.0 2 1 138.80393770187294 7486.301188696957 247.6417336800112 359038.1177450255 841.488037109375 154.1078867187025 497.79796191403875 486.0511655942734 0.0 0.0 0.0 0.0 128.0 128.0 128.0 0.0 0 1 1.0
280000.0 281000.0 2 1 133.01183496344134 7606.096811575217 250.73983953351402 361303.37235072383 840.076904296875 157.24596289067995 498.6614335937775 482.8343890723146 2300.0 2300.0 2300.0 0.0 0.0 0.0 0.0 0.0 1 0 0.0
281000.0 282000.0 2 1 136.46233492469537 7910.672965447758 244.2460046791456 354120.07344605797 835.85693359375 159.2080957031576 497.5325146484538 478.4629817544348 0.0 0.0 0.0 0.0 128.0 128.0 128.0 0.0 0 1 1.0
282000.0 283000.0 2 1 133.35479898676016 7178.325084687872 251.48061298535376 363730.4484388826 831.33203125 163.41906640620437 497.3755488281022 472.28578668346 2300.0 2300.0 2300.0 0.0 0.0 0.0 0.0 0.0 1 0 0.0
283000.0 284000.0 2 1 130.24207142234235 7588.062499021313 232.71923889813343 334249.08610938984 829.824951171875 166.68696874997113 498.25595996092306 468.9093642328938 2300.0 2300.0 2300.0 0.0 128.0 128.0 128.0 0.0 1 1 1.0
284000.0 285000.0 2 1 137.0417650422421 7429.965685297433 249.80378341475893 362028.7439047809 825.330078125 168.77304882812314 497.05156347656157 464.2559276515164 0.0 0.0 0.0 0.0 0.0 0.0 0.0 0.0 0 0 0.0
285000.0 286000.0 2 1 52.92953506816875 2684.9464712550266 72.89950677973403 101394.0838441738 237.02500000002328 171.63192187505774 204.3284609375405 46.239888984824816 0.0 0.0 0.0 0.0 0.0 0.0 0.0 0.0 0 0 1.0
286000.0 287000.0 0 0 0.0 0.0 0.0 0.0 0.0 0.0 0.0 0.0 0.0 0.0 0.0 0.0 0.0 0.0 0.0 0.0 0 0 
287000.0 288000.0 1 1 113.53251464985543 7960.899927247863 231.6063298857051 332939.09464134567 907.014892578125 907.014892578125 907.014892578125 0.0 2300.0 2300.0 2300.0 0.0 128.0 128.0 128.0 0.0 1 2 1.0
288000.0 289000.0 2 1 147.63710864130468 7683.426244022437 236.8487552734108 341019.8690931593 906.15087890625 91.61410742183216 498.8824931640411 575.9644746424291 0.0 0.0 0.0 0.0 0.0 0.0 0.0 0.0 0 0 0.0
289000.0 290000.0 2 1 126.19693772204526 7918.949075813151 250.0010502247522 354987.988284948 905.715087890625 78.72612109372858 492.2206044921768 584.769506388542 1500.0 1500.0 1500.0 0.0 0.0 0.0 0.0 0.0 2 0 1.0
290000.0 291000.0 2 1 134.90581199398028 9196.133619968015 255.58597851201085 368046.7226018045 905.18994140625 92.12991210934706 498.65992675779853 574.9202602275731 1500.0 1500.0 1500.0 0.0 128.0 128.0 128.0 0.0 1 2 0.0
291000.0 292000.0 2 1 111.07380837060617 6796.820737779555 219.7479903149544 309551.7072332122 901.718994140625 93.45905859372579 497.5890263671754 571.5260813866142 1500.0 1500.0 1500.0 0.0 128.0 128.0 128.0 0.0 1 1 1.0
292000.0 293000.0 2 1 100.86886344401464 5793.049454494129 156.53246302187642 223475.10217436327 898.9189453125 97.68300585937686 498.30097558593843 566.5593661176774 0.0 0.0 0.0 0.0 0.0 0.0 0.0 0.0 0 0 0.0
293000.0 294000.0 2 1 121.31139485073237 8188.143291000803 243.64459300409354 347802.7964380027 843.9560546875 97.49905468744691 470.72755468747346 527.8248065642042 2300.0 2300.0 2300.0 0.0 128.0 128.0 128.0 0.0 2 2 1.0
294000.0 295000.0 2 1 120.93258076104927 8138.929759765647 188.92249989298105 265937.7765827143 839.758056640625 154.9299453125568 497.3440009765909 484.2466014672529 2300.0 2300.0 2300.0 0.0 0.0 0.0 0.0 0.0 1 0 0.0
295000.0 296000.0 2 1 136.5584337678656 7217.658177232691 270.6252277647646 391593.56017333525 829.81396484375 154.98794335941784 492.4009541015839 477.17405591271006 0.0 0.0 0.0 0.0 128.0 128.0 128.0 0.0 0 1 1.0
296000.0 297000.0 2 1 113.43356251876183 6679.612484311841 197.74188981766022 282615.5431730392 828.143310546875 168.62803515628912 498.38567285158206 466.34772352479666 0.0 0.0 0.0 0.0 0.0 0.0 0.0 0.0 0 0 0.0
297000.0 298000.0 2 1 120.39664461803723 6551.175993698727 242.7188426340731 348515.01727505896 826.699951171875 171.72768945316784 499.2138203125214 463.135327750388 2300.0 2300.0 2300.0 0.0 128.0 128.0 128.0 0.0 1 1 1.0
298000.0 299000.0 2 1 114.68030158133465 6478.842040714022 188.49167952058048 268835.0260581027 823.53125 171.69404882809613 497.61264941404806 460.918505178313 0.0 0.0 0.0 0.0 0.0 0.0 0.0 0.0 0 0 0.0
299000.0 300000.0 2 1 103.96666384257173 6196.90156430707 216.78529175366083 311618.9837441474 819.424072265625 162.6497499999823 491.03691113280365 464.40957698323484 2300.0 2300.0 2300.0 0.0 128.0 128.0 128.0 0.0 1 1 1.0
