ts te nbins ncons c_tcp_packs c_tcp_bytes c_udp_packs c_udp_bytes s_tcp_packs s_tcp_bytes s_udp_packs s_udp_bytes max_bins_span min_bins_span avg_bins_span std_bins_span max_video_rate min_video_rate avg_video_rate std_video_rate max_audio_rate min_audio_rate avg_audio_rate std_audio_rate video_requests audio_requests
0 2000 31 28 234 41406 11 4182 339 146920 13 9260 940 0 385 245 0 0 0 0 0 0 0 0 0 0
2000 4000 10 9 35 5783 1 413 53 32145 1 916 588 0 257 220 0 0 0 0 0 0 0 0 0 0
4000 6000 17 11 94 24621 73 9507 125 41177 162 188168 938 0 362 286 0 0 0 0 0 0 0 0 0 0
6000 8000 11 8 50 21608 1 48 66 18959 1 48 998 0 302 312 288 288 288 0 128 128 128 0 5 5
8000 10000 9 9 5 1133 55 28371 8 932 71 22661 830 27 384 293 4400 288 3029 2374 128 128 128 0 3 2
10000 12000 21 12 58 41148 167 157636 95 38774 187 123076 994 0 429 374 0 0 0 0 0 0 0 0 0 0
12000 14000 20 11 32 14382 215 223875 46 10994 175 34950 998 0 385 353 4400 4400 4400 0 128 128 128 0 1 1
14000 16000 14 10 6 1718 120 116070 7 3222 119 51033 991 20 394 299 288 288 288 0 128 128 128 0 1 1
16000 18000 12 8 38 19554 56 8390 54 23335 76 52537 978 128 558 288 288 288 288 0 128 128 128 0 2 2
18000 20000 4 2 11 6100 0 0 16 5055 0 0 473 48 262 173 288 288 288 0 128 128 128 0 3 3
20000 22000 4 3 9 10722 39 46979 14 756 23 672 417 0 256 183 288 288 288 0 128 128 128 0 3 3
22000 24000 3 3 2 0 3 1469 1 0 4 152 409 26 174 205 840 840 840 0 128 128 128 0 2 1
24000 26000 1 1 0 0 0 0 0 0 0 0 72 72 72 0 840 840 840 0 128 128 128 0 1 1
26000 28000 1 1 0 0 0 0 0 0 0 0 0 0 0 0 840 840 840 0 128 128 128 0 1 1
28000 30000 2 2 12 6731 0 0 17 4484 0 0 586 361 474 159 840 840 840 0 128 128 128 0 1 1
30000 32000 7 5 74 162545 0 0 132 1899 0 0 994 0 375 342 840 840 840 0 128 128 128 0 1 1
32000 34000 6 6 5 35 0 0 6 31 0 0 249 0 64 93 840 840 840 0 128 128 128 0 1 1
34000 36000 7 7 3 0 2 968 3 0 3 145 85 8 22 28 840 840 840 0 128 128 128 0 1 1
36000 38000 8 8 4 70 0 0 8 62 0 0 921 3 152 323 840 840 840 0 128 128 128 0 1 1
38000 40000 7 7 32 10064 0 0 41 14521 0 0 885 21 421 345 840 840 840 0 128 128 128 0 2 2
40000 42000 7 7 5 6654 20 13091 9 1417 18 5802 905 51 251 308 0 0 0 0 0 0 0 0 0 0
42000 44000 2 2 0 0 4 2508 0 0 5 2536 29 20 25 6 840 840 840 0 128 128 128 0 1 2
44000 46000 11 11 10 0 4 3174 10 0 3 149 83 17 28 19 840 840 840 0 128 128 128 0 2 1
46000 48000 15 15 23 6324 0 0 26 506 0 0 355 16 42 86 840 840 840 0 128 128 128 0 1 1
48000 50000 9 9 22 5350 0 0 26 4564 0 0 772 17 160 245 840 840 840 0 128 128 128 0 1 1
50000 52000 11 11 24 9017 0 0 22 775 0 0 816 17 217 242 840 840 840 0 128 128 128 0 1 1
52000 54000 2 2 2 0 0 0 2 0 0 0 17 17 17 0 840 840 840 0 128 128 128 0 1 1
54000 56000 1 1 0 0 5 2872 0 0 4 171 80 80 80 0 840 840 840 0 128 128 128 0 1 1
56000 58000 1 1 1 0 0 0 1 0 0 0 27 27 27 0 840 840 840 0 128 128 128 0 1 1
58000 60000 10 10 23 5350 0 0 23 4511 0 0 535 21 169 175 840 840 840 0 128 128 128 0 1 1
60000 62000 7 7 19 8834 4 2116 26 989 3 149 774 29 299 247 840 840 840 0 128 128 128 0 1 1
62000 64000 3 3 3 35 0 0 5 31 0 0 426 18 154 235 840 840 840 0 128 128 128 0 1 1
64000 66000 3 2 49 96327 0 0 89 6392 0 0 998 225 489 441 840 840 840 0 128 128 128 0 1 1
66000 68000 5 4 21 33435 0 0 39 310 0 0 445 0 281 191 840 840 840 0 128 128 128 0 1 1
68000 70000 4 4 10 5389 0 0 18 4523 0 0 414 114 296 129 840 840 840 0 128 128 128 0 1 1
70000 72000 2 2 10 9162 0 0 14 775 0 0 711 205 458 357 840 840 840 0 128 128 128 0 1 1
72000 74000 2 2 4 0 0 0 2 0 0 0 221 20 121 142 840 840 840 0 128 128 128 0 1 1
74000 76000 0 0 0 0 0 0 0 0 0 0 0 0 0 0 0 0 0 0 0 0 0 0 0 0
76000 78000 2 2 4 0 0 0 2 0 0 0 23 20 21 1 840 840 840 0 128 128 128 0 1 1
78000 80000 1 1 2 0 0 0 3 77 0 0 21 21 21 0 840 840 840 0 128 128 128 0 1 1
80000 82000 1 1 6 5319 0 0 10 758 0 0 892 892 892 0 840 840 840 0 128 128 128 0 1 1
82000 84000 1 1 1 0 0 0 1 0 0 0 16 16 16 0 840 840 840 0 128 128 128 0 1 1
84000 86000 0 0 0 0 0 0 0 0 0 0 0 0 0 0 0 0 0 0 0 0 0 0 0 0
86000 88000 1 1 4 2797 0 0 7 506 0 0 474 474 474 0 840 840 840 0 128 128 128 0 2 2
88000 90000 0 0 0 0 0 0 0 0 0 0 0 0 0 0 0 0 0 0 0 0 0 0 0 0
90000 92000 4 4 9 5661 0 0 12 379 0 0 681 17 184 331 840 840 840 0 128 128 128 0 1 2
92000 94000 12 12 12 35 0 0 14 31 0 0 296 16 40 80 840 840 840 0 128 128 128 0 1 1
94000 96000 3 3 3 0 0 0 3 0 0 0 258 18 99 137 840 840 840 0 128 128 128 0 1 1
96000 98000 5 5 5 81 0 0 7 41 0 0 976 16 234 418 840 840 840 0 128 128 128 0 2 1
98000 100000 4 4 3 58 0 0 6 51 0 0 416 0 179 204 840 840 840 0 128 128 128 0 1 1
100000 102000 1 1 4 5037 0 0 6 378 0 0 518 518 518 0 840 840 840 0 128 128 128 0 1 1
102000 104000 2 2 0 0 20 11867 0 0 23 13415 318 315 316 2 840 840 840 0 128 128 128 0 1 1
104000 106000 1 1 1 0 0 0 1 0 0 0 17 17 17 0 840 840 840 0 128 128 128 0 1 1
106000 108000 1 1 0 0 0 0 0 0 0 0 72 72 72 0 840 840 840 0 128 128 128 0 1 1
108000 110000 1 1 0 0 0 0 1 0 0 0 203 203 203 0 840 840 840 0 128 128 128 0 1 1
110000 112000 2 2 5 5714 0 0 8 378 0 0 498 29 263 331 840 840 840 0 128 128 128 0 1 1
112000 114000 2 2 2 0 0 0 4 0 0 0 308 202 255 74 840 840 840 0 128 128 128 0 1 1
114000 116000 4 4 4 0 0 0 7 0 0 0 233 17 95 102 840 840 840 0 128 128 128 0 1 1
116000 118000 4 4 4 0 0 0 8 0 0 0 104 28 61 38 840 840 840 0 128 128 128 0 1 1
118000 120000 4 4 2 0 0 0 6 0 0 0 465 18 170 208 840 840 840 0 128 128 128 0 1 1
120000 122000 10 9 12 5212 0 0 18 506 0 0 754 0 176 242 840 840 840 0 128 128 128 0 1 1
122000 124000 6 5 87 9612 0 0 127 171272 0 0 932 0 422 345 840 840 840 0 128 128 128 0 1 1
124000 126000 7 6 59 114298 27 22787 116 7249 23 9009 936 0 407 406 840 840 840 0 128 128 128 0 1 1
126000 128000 8 6 39 12195 0 0 58 15181 0 0 940 32 566 296 840 840 840 0 128 128 128 0 1 1
128000 130000 8 6 11 4173 0 0 17 3732 0 0 831 0 251 277 840 840 840 0 128 128 128 0 1 1
130000 132000 5 5 17 18866 0 0 26 2035 0 0 783 0 275 325 840 840 840 0 128 128 128 0 1 1
132000 134000 0 0 0 0 0 0 0 0 0 0 0 0 0 0 0 0 0 0 0 0 0 0 0 0
134000 136000 1 1 0 0 0 0 0 0 0 0 0 0 0 0 840 840 840 0 128 128 128 0 1 1
136000 138000 2 2 3 0 0 0 3 77 0 0 215 0 107 152 840 840 840 0 128 128 128 0 2 2
138000 140000 1 1 2 0 0 0 3 77 0 0 28 28 28 0 840 840 840 0 128 128 128 0 1 1
140000 142000 1 1 5 6212 0 0 8 378 0 0 349 349 349 0 840 840 840 0 128 128 128 0 2 1
142000 144000 0 0 0 0 0 0 0 0 0 0 0 0 0 0 0 0 0 0 0 0 0 0 0 0
144000 146000 0 0 0 0 0 0 0 0 0 0 0 0 0 0 0 0 0 0 0 0 0 0 0 0
146000 148000 0 0 0 0 0 0 0 0 0 0 0 0 0 0 0 0 0 0 0 0 0 0 0 0
148000 150000 0 0 0 0 0 0 0 0 0 0 0 0 0 0 0 0 0 0 0 0 0 0 0 0
150000 152000 1 1 4 4060 0 0 6 378 0 0 266 266 266 0 840 840 840 0 128 128 128 0 2 2
152000 154000 2 2 2 35 0 0 4 1818 0 0 308 69 188 169 288 288 288 0 128 128 128 0 2 2
154000 156000 1 1 0 0 0 0 1 256 0 0 896 896 896 0 480 480 480 0 128 128 128 0 2 1
156000 158000 3 2 4 35 0 0 5 180 0 0 803 48 502 400 480 480 480 0 128 128 128 0 1 1
158000 160000 3 2 6 70 0 0 9 307 0 0 876 92 452 395 480 480 480 0 128 128 128 0 1 1
160000 162000 4 4 9 9376 12 9243 13 891 10 3546 375 0 218 164 840 840 840 0 128 128 128 0 1 1
162000 164000 2 1 2 0 0 0 2 219 0 0 354 37 195 224 840 840 840 0 128 128 128 0 1 1
164000 166000 2 1 2 0 0 0 2 297 0 0 785 176 481 430 840 840 840 0 128 128 128 0 1 1
166000 168000 1 1 6 3786 0 0 8 506 0 0 384 384 384 0 840 840 840 0 128 128 128 0 1 1
168000 170000 2 2 2 0 0 0 2 0 0 0 19 17 18 1 840 840 840 0 128 128 128 0 1 1
170000 172000 7 7 5 6321 26 15775 8 378 34 16458 305 17 237 99 840 840 840 0 128 128 128 0 1 1
172000 174000 6 5 0 0 30 16480 0 0 41 17564 567 81 308 158 840 840 840 0 128 128 128 0 1 1
174000 176000 2 2 1 0 11 8542 1 0 10 449 612 18 315 420 840 840 840 0 128 128 128 0 1 1
176000 178000 0 0 0 0 0 0 0 0 0 0 0 0 0 0 0 0 0 0 0 0 0 0 0 0
178000 180000 0 0 0 0 0 0 0 0 0 0 0 0 0 0 0 0 0 0 0 0 0 0 0 0
180000 182000 2 2 7 7500 0 0 11 756 0 0 364 267 315 68 840 840 840 0 128 128 128 0 1 1
182000 184000 1 1 1 35 0 0 3 31 0 0 248 248 248 0 840 840 840 0 128 128 128 0 2 2
184000 186000 2 1 52 112538 0 0 96 568 0 0 931 0 465 658 840 840 840 0 0 0 0 0 1 0
186000 188000 1 1 1 35 0 0 3 31 0 0 631 631 631 0 840 840 840 0 128 128 128 0 1 2
188000 190000 4 4 17 6893 0 0 28 8687 0 0 479 268 349 90 840 840 840 0 128 128 128 0 1 1
190000 192000 3 3 14 11018 0 0 19 2181 0 0 659 103 473 320 840 840 840 0 128 128 128 0 1 1
192000 194000 0 0 0 0 0 0 0 0 0 0 0 0 0 0 0 0 0 0 0 0 0 0 0 0
194000 196000 1 1 0 0 6 4160 0 0 4 166 125 125 125 0 840 840 840 0 128 128 128 0 1 1
196000 198000 0 0 0 0 0 0 0 0 0 0 0 0 0 0 0 0 0 0 0 0 0 0 0 0
198000 200000 1 1 1 0 0 0 2 47 0 0 140 140 140 0 840 840 840 0 128 128 128 0 1 1
200000 202000 3 3 8 7744 0 0 13 786 0 0 334 89 240 131 840 840 840 0 128 128 128 0 1 1
202000 204000 0 0 0 0 0 0 0 0 0 0 0 0 0 0 0 0 0 0 0 0 0 0 0 0
204000 206000 0 0 0 0 0 0 0 0 0 0 0 0 0 0 0 0 0 0 0 0 0 0 0 0
206000 208000 1 1 8 4094 0 0 12 553 0 0 902 902 902 0 840 840 840 0 128 128 128 0 1 1
208000 210000 0 0 0 0 0 0 0 0 0 0 0 0 0 0 0 0 0 0 0 0 0 0 0 0
210000 212000 1 1 4 6021 0 0 7 378 0 0 300 300 300 0 840 840 840 0 128 128 128 0 1 1
212000 214000 1 1 1 35 0 0 3 31 0 0 266 266 266 0 840 840 840 0 128 128 128 0 1 1
214000 216000 1 1 1 0 0 0 1 0 0 0 16 16 16 0 840 840 840 0 128 128 128 0 1 1
216000 218000 2 2 2 25 0 0 3 23 0 0 584 16 300 401 840 840 840 0 128 128 128 0 1 1
218000 220000 3 3 3 79 0 0 8 71 0 0 529 218 331 171 840 840 840 0 128 128 128 0 1 1
220000 222000 1 1 7 5051 0 0 8 397 0 0 182 182 182 0 840 840 840 0 128 128 128 0 1 1
222000 224000 2 2 0 0 15 7971 0 0 16 8021 192 164 178 20 840 840 840 0 128 128 128 0 1 1
224000 226000 0 0 0 0 0 0 0 0 0 0 0 0 0 0 0 0 0 0 0 0 0 0 0 0
226000 228000 0 0 0 0 0 0 0 0 0 0 0 0 0 0 0 0 0 0 0 0 0 0 0 0
228000 230000 0 0 0 0 0 0 0 0 0 0 0 0 0 0 0 0 0 0 0 0 0 0 0 0
230000 232000 2 2 7 5381 0 0 11 398 0 0 473 18 245 321 0 0 0 0 0 0 0 0 0 0
232000 234000 0 0 0 0 0 0 0 0 0 0 0 0 0 0 0 0 0 0 0 0 0 0 0 0
234000 236000 1 1 1 0 0 0 1 0 0 0 17 17 17 0 840 840 840 0 128 128 128 0 1 1
236000 238000 0 0 0 0 0 0 0 0 0 0 0 0 0 0 0 0 0 0 0 0 0 0 0 0
238000 240000 2 2 2 0 0 0 4 0 0 0 135 18 77 82 840 840 840 0 128 128 128 0 1 1
240000 242000 4 4 24 10771 0 0 28 3973 0 0 931 7 502 473 0 0 0 0 0 0 0 0 0 0
242000 244000 4 3 102 8451 0 0 156 194917 0 0 991 158 492 356 840 840 840 0 128 128 128 0 2 2
244000 246000 2 1 45 105223 0 0 87 521 0 0 770 0 385 544 840 840 840 0 128 128 128 0 1 1
246000 248000 3 3 20 7521 0 0 28 7197 0 0 610 306 438 155 840 840 840 0 128 128 128 0 1 1
248000 250000 5 5 13 3876 0 0 20 4672 0 0 431 195 304 92 840 840 840 0 128 128 128 0 1 1
250000 252000 4 4 27 21262 0 0 37 6676 0 0 876 183 583 311 840 840 840 0 128 128 128 0 1 1
252000 254000 0 0 0 0 0 0 0 0 0 0 0 0 0 0 0 0 0 0 0 0 0 0 0 0
254000 256000 0 0 0 0 0 0 0 0 0 0 0 0 0 0 0 0 0 0 0 0 0 0 0 0
256000 258000 1 1 3 0 0 0 4 78 0 0 305 305 305 0 840 840 840 0 128 128 128 0 1 1
258000 260000 0 0 0 0 0 0 0 0 0 0 0 0 0 0 0 0 0 0 0 0 0 0 0 0
260000 262000 2 2 7 5669 0 0 10 455 0 0 446 171 309 194 840 840 840 0 128 128 128 0 1 1
262000 264000 0 0 0 0 0 0 0 0 0 0 0 0 0 0 0 0 0 0 0 0 0 0 0 0
264000 266000 0 0 0 0 0 0 0 0 0 0 0 0 0 0 0 0 0 0 0 0 0 0 0 0
266000 268000 0 0 0 0 0 0 0 0 0 0 0 0 0 0 0 0 0 0 0 0 0 0 0 0
268000 270000 0 0 0 0 0 0 0 0 0 0 0 0 0 0 0 0 0 0 0 0 0 0 0 0
270000 272000 3 3 7 6953 16 14112 11 756 12 3592 621 248 489 209 840 840 840 0 128 128 128 0 1 1
272000 274000 1 1 1 35 0 0 3 31 0 0 265 265 265 0 840 840 840 0 128 128 128 0 1 1
274000 276000 0 0 0 0 0 0 0 0 0 0 0 0 0 0 0 0 0 0 0 0 0 0 0 0
276000 278000 1 1 0 14 0 0 1 12 0 0 189 189 189 0 840 840 840 0 128 128 128 0 2 1
278000 280000 3 3 3 90 0 0 8 81 0 0 491 273 346 125 0 0 0 0 128 128 128 0 0 1
280000 282000 1 1 4 5665 0 0 7 378 0 0 333 333 333 0 840 840 840 0 128 128 128 0 2 2
282000 284000 2 2 0 0 22 10722 0 0 20 10760 600 574 587 18 840 840 840 0 128 128 128 0 1 1
284000 286000 0 0 0 0 0 0 0 0 0 0 0 0 0 0 0 0 0 0 0 0 0 0 0 0
286000 288000 2 2 7 2794 0 0 9 506 0 0 376 16 196 254 840 840 840 0 128 128 128 0 1 1
288000 290000 1 1 1 0 0 0 1 0 0 0 17 17 17 0 840 840 840 0 128 128 128 0 1 1
290000 292000 2 2 6 5696 0 0 9 378 0 0 321 26 174 209 840 840 840 0 128 128 128 0 1 1
292000 294000 0 0 0 0 0 0 0 0 0 0 0 0 0 0 0 0 0 0 0 0 0 0 0 0
294000 296000 1 1 1 0 0 0 1 0 0 0 75 75 75 0 840 840 840 0 128 128 128 0 1 1
296000 298000 0 0 0 0 0 0 0 0 0 0 0 0 0 0 0 0 0 0 0 0 0 0 0 0
298000 300000 0 0 0 0 0 0 0 0 0 0 0 0 0 0 0 0 0 0 0 0 0 0 0 0
300000 302000 0 0 0 0 0 0 0 0 0 0 0 0 0 0 0 0 0 0 0 0 0 0 0 0
