ts te nbins ncons c_tcp_packs c_tcp_bytes c_udp_packs c_udp_bytes s_tcp_packs s_tcp_bytes s_udp_packs s_udp_bytes max_bins_span min_bins_span avg_bins_span std_bins_span max_video_rate min_video_rate avg_video_rate std_video_rate max_audio_rate min_audio_rate avg_audio_rate std_audio_rate video_requests audio_requests
0 2000 28 23 152 62751 0 0 237 82988 0 0 989 0 301 256 0 0 0 0 0 0 0 0 0 0
2000 4000 18 15 85 5443 12 4570 125 39235 13 10136 987 0 358 233 0 0 0 0 0 0 0 0 0 0
4000 6000 6 5 72 17898 0 0 88 45811 0 0 882 270 481 242 0 0 0 0 0 0 0 0 0 0
6000 8000 8 7 52 21768 0 29 69 21306 0 29 946 15 403 308 288 288 288 0 128 128 128 0 3 3
8000 10000 11 10 4 1243 48 25310 7 822 56 8357 272 10 123 88 288 288 288 0 128 128 128 0 3 3
10000 12000 21 15 102 75437 81 20151 147 51860 174 168091 916 0 461 303 288 288 288 0 0 0 0 0 4 0
12000 14000 9 6 14 4112 109 78767 22 7942 95 45488 737 82 347 214 288 288 288 0 128 128 128 0 1 5
14000 16000 4 4 2 543 58 64661 3 507 37 1438 391 104 223 126 288 288 288 0 128 128 128 0 1 1
16000 18000 1 1 3 1806 0 0 5 2103 0 0 410 410 410 0 840 840 840 0 128 128 128 0 2 1
18000 20000 2 2 8 3873 0 0 12 2361 0 0 496 390 443 74 840 840 840 0 128 128 128 0 1 1
20000 22000 5 4 11 16757 42 49135 17 1287 29 798 628 0 294 262 840 840 840 0 128 128 128 0 1 1
22000 24000 3 3 4 1261 0 0 6 2779 0 0 208 23 137 99 840 840 840 0 128 128 128 0 1 1
24000 26000 3 3 7 4073 8 7957 13 3009 5 194 376 174 296 107 840 840 840 0 128 128 128 0 1 1
26000 28000 1 1 4 1764 0 0 6 2055 0 0 408 408 408 0 840 840 840 0 128 128 128 0 1 1
28000 30000 2 2 6 4895 0 0 13 2407 0 0 407 355 381 36 0 0 0 0 0 0 0 0 0 0
30000 32000 6 5 68 158247 0 0 127 1439 0 0 931 256 713 274 480 480 480 0 0 0 0 0 2 0
32000 34000 4 4 3 0 0 0 3 12 0 0 33 16 23 7 480 480 480 0 128 128 128 0 3 3
34000 36000 6 6 6 35 0 0 8 31 0 0 263 17 58 100 480 480 480 0 128 128 128 0 1 2
36000 38000 4 4 5 1889 0 0 7 2196 0 0 408 23 159 182 840 840 840 0 128 128 128 0 1 1
38000 40000 6 6 10 3514 0 0 16 2341 0 0 361 16 217 151 840 840 840 0 128 128 128 0 1 1
40000 42000 2 2 5 8188 1 48 9 378 1 48 841 28 435 574 840 840 840 0 128 128 128 0 1 1
42000 44000 2 2 0 0 13 7858 0 0 18 9301 80 73 76 4 840 840 840 0 128 128 128 0 1 1
44000 46000 4 4 3 0 0 0 3 0 0 0 18 16 17 1 840 840 840 0 128 128 128 0 1 1
46000 48000 18 18 17 2004 0 0 19 2096 0 0 410 2 38 92 840 840 840 0 128 128 128 0 1 1
48000 50000 11 11 32 13714 0 0 41 8483 0 0 650 17 155 214 840 840 840 0 128 128 128 0 1 1
50000 52000 8 8 14 5385 10 4111 13 378 9 4624 738 17 122 250 840 840 840 0 128 128 128 0 1 1
52000 54000 3 3 5 0 0 0 3 0 0 0 21 18 20 1 840 840 840 0 128 128 128 0 1 1
54000 56000 5 5 8 4180 13 11289 15 6981 22 15417 810 20 459 304 840 840 840 0 128 128 128 0 1 1
56000 58000 8 6 23 7227 6 3573 29 9791 8 5749 527 17 277 185 840 840 840 0 128 128 128 0 1 2
58000 60000 7 6 14 4278 0 0 19 2817 0 0 572 0 195 257 840 840 840 0 128 128 128 0 2 1
60000 62000 7 7 20 9231 0 0 25 942 0 0 818 192 420 258 840 840 840 0 128 128 128 0 1 1
62000 64000 0 0 0 0 0 0 0 0 0 0 0 0 0 0 0 0 0 0 0 0 0 0 0 0
64000 66000 3 3 57 101507 0 0 96 5688 0 0 880 21 394 441 840 840 840 0 128 128 128 0 1 1
66000 68000 4 3 19 27673 0 0 34 2876 0 0 546 12 266 245 840 840 840 0 128 128 128 0 1 1
68000 70000 4 4 12 4281 0 0 20 2804 0 0 561 271 481 140 840 840 840 0 128 128 128 0 1 1
70000 72000 3 3 8 8619 0 0 12 800 0 0 761 122 499 334 840 840 840 0 128 128 128 0 1 1
72000 74000 4 4 5 0 1 48 3 32 1 48 91 21 40 34 840 840 840 0 128 128 128 0 1 1
74000 76000 1 1 0 0 7 5602 0 0 5 303 180 180 180 0 840 840 840 0 128 128 128 0 1 1
76000 78000 2 2 2 0 0 0 2 0 0 0 18 18 18 0 840 840 840 0 128 128 128 0 1 1
78000 80000 1 1 4 0 0 0 4 77 0 0 22 22 22 0 840 840 840 0 128 128 128 0 1 1
80000 82000 3 3 8 6883 0 0 12 756 0 0 679 21 419 350 840 840 840 0 128 128 128 0 1 1
82000 84000 0 0 0 0 0 0 0 0 0 0 0 0 0 0 0 0 0 0 0 0 0 0 0 0
84000 86000 1 1 1 0 0 0 1 0 0 0 18 18 18 0 840 840 840 0 128 128 128 0 1 1
86000 88000 1 1 0 123 0 0 0 19 0 0 18 18 18 0 840 840 840 0 128 128 128 0 1 1
88000 90000 1 1 2 3128 0 0 4 506 0 0 479 479 479 0 840 840 840 0 128 128 128 0 1 1
90000 92000 2 2 5 5690 0 0 8 398 0 0 506 311 408 138 840 840 840 0 128 128 128 0 1 1
92000 94000 14 14 13 11 0 0 14 10 0 0 162 17 31 37 840 840 840 0 128 128 128 0 1 1
94000 96000 4 4 4 35 0 0 6 31 0 0 413 19 118 196 840 840 840 0 128 128 128 0 1 1
96000 98000 3 3 3 0 0 0 3 0 0 0 24 17 20 4 840 840 840 0 128 128 128 0 1 1
98000 100000 3 3 4 70 0 0 7 62 0 0 289 17 187 148 840 840 840 0 128 128 128 0 1 1
100000 102000 4 4 5 5037 2 1174 7 378 2 1604 487 19 160 219 840 840 840 0 128 128 128 0 1 1
102000 104000 3 3 1 0 16 9441 1 0 23 13337 591 17 369 308 840 840 840 0 128 128 128 0 1 1
104000 106000 1 1 1 0 0 0 1 0 0 0 18 18 18 0 840 840 840 0 128 128 128 0 1 1
106000 108000 1 1 1 0 0 0 2 0 0 0 19 19 19 0 288 288 288 0 128 128 128 0 2 2
108000 110000 1 1 1 0 0 0 2 0 0 0 169 169 169 0 840 840 840 0 128 128 128 0 1 1
110000 112000 2 2 6 6816 0 0 9 378 0 0 424 16 220 288 840 840 840 0 128 128 128 0 1 1
112000 114000 3 3 2 0 0 0 5 0 0 0 258 218 245 22 840 840 840 0 128 128 128 0 1 1
114000 116000 4 4 2 0 0 0 3 0 0 0 19 6 13 6 840 840 840 0 128 128 128 0 1 1
116000 118000 11 11 11 0 0 0 19 0 0 0 295 22 197 85 840 840 840 0 128 128 128 0 1 1
118000 120000 4 4 6 0 0 0 4 0 0 0 934 20 327 420 840 840 840 0 128 128 128 0 1 1
120000 122000 6 6 10 5051 0 0 12 401 0 0 181 0 66 66 840 840 840 0 128 128 128 0 1 1
122000 124000 5 5 75 9808 0 0 110 164257 0 0 932 0 388 343 840 840 840 0 128 128 128 0 1 1
124000 126000 8 8 48 102870 43 21599 91 512 48 20012 908 215 506 203 840 840 840 0 128 128 128 0 1 1
126000 128000 15 13 32 19514 24 11335 51 8821 31 10496 986 0 316 294 840 840 840 0 128 128 128 0 1 1
128000 130000 8 7 19 9325 0 0 26 4722 0 0 998 0 428 287 840 840 840 0 128 128 128 0 1 1
130000 132000 6 5 21 19389 6 4693 27 4791 5 317 854 324 540 196 840 840 840 0 128 128 128 0 1 1
132000 134000 1 1 0 0 0 0 0 0 0 0 0 0 0 0 840 840 840 0 128 128 128 0 1 1
134000 136000 1 1 0 0 0 0 0 0 0 0 0 0 0 0 840 840 840 0 128 128 128 0 1 1
136000 138000 2 2 2 0 1 48 3 77 1 48 71 24 48 33 840 840 840 0 128 128 128 0 1 1
138000 140000 2 1 0 0 0 0 0 0 0 0 0 0 0 0 840 840 840 0 128 128 128 0 1 1
140000 142000 4 4 11 7897 0 0 15 833 0 0 713 22 397 298 840 840 840 0 128 128 128 0 1 1
142000 144000 1 1 3 0 0 0 0 0 0 0 933 933 933 0 840 840 840 0 128 128 128 0 1 1
144000 146000 2 2 0 0 5 3338 0 0 4 170 162 0 81 114 840 840 840 0 128 128 128 0 1 1
146000 148000 1 1 0 0 0 0 0 0 0 0 0 0 0 0 840 840 840 0 128 128 128 0 1 1
148000 150000 0 0 0 0 0 0 0 0 0 0 0 0 0 0 0 0 0 0 0 0 0 0 0 0
150000 152000 4 4 7 7644 4 1945 11 756 4 164 606 0 298 294 840 840 840 0 128 128 128 0 1 1
152000 154000 3 3 2 35 0 0 3 1752 0 0 470 0 224 235 840 840 840 0 128 128 128 0 1 1
154000 156000 2 2 2 33 0 0 3 145 0 0 507 13 260 349 840 840 840 0 128 128 128 0 1 2
156000 158000 1 1 0 1 0 0 0 1 0 0 19 19 19 0 840 480 660 254 0 0 0 0 2 0
158000 160000 2 2 2 70 0 0 6 62 0 0 308 306 307 1 480 480 480 0 128 128 128 0 1 2
160000 162000 3 3 5 6628 0 247 8 378 0 265 579 7 202 326 840 840 840 0 128 128 128 0 1 1
162000 164000 2 2 0 0 16 10234 0 0 20 11857 708 528 618 127 840 840 840 0 128 128 128 0 1 1
164000 166000 0 0 0 0 0 0 0 0 0 0 0 0 0 0 0 0 0 0 0 0 0 0 0 0
166000 168000 1 1 0 205 0 0 0 28 0 0 18 18 18 0 0 0 0 0 0 0 0 0 0 0
168000 170000 3 3 5 3545 0 0 7 497 0 0 321 19 120 174 840 840 840 0 128 128 128 0 1 2
170000 172000 2 2 8 5624 0 0 10 413 0 0 331 17 174 222 480 480 480 0 128 128 128 0 2 1
172000 174000 2 2 2 0 0 0 2 0 0 0 27 18 22 6 480 480 480 0 128 128 128 0 1 1
174000 176000 0 0 0 0 0 0 0 0 0 0 0 0 0 0 0 0 0 0 0 0 0 0 0 0
176000 178000 0 0 0 0 0 0 0 0 0 0 0 0 0 0 0 0 0 0 0 0 0 0 0 0
178000 180000 0 0 0 0 0 0 0 0 0 0 0 0 0 0 0 0 0 0 0 0 0 0 0 0
180000 182000 0 0 0 0 0 0 0 0 0 0 0 0 0 0 0 0 0 0 0 0 0 0 0 0
182000 184000 1 1 1 35 0 0 3 31 0 0 262 262 262 0 840 840 840 0 128 128 128 0 1 1
184000 186000 2 2 51 108290 0 0 94 560 0 0 908 217 563 488 840 840 840 0 128 128 128 0 1 1
186000 188000 4 3 8 6293 0 0 13 2221 0 0 387 36 206 153 840 840 840 0 128 128 128 0 1 1
188000 190000 5 4 17 6126 0 0 25 7889 0 0 419 0 256 159 840 840 840 0 128 128 128 0 1 1
190000 192000 6 6 3 2131 59 29795 4 394 70 28516 457 130 217 123 840 840 840 0 128 128 128 0 1 1
192000 194000 0 0 0 0 0 0 0 0 0 0 0 0 0 0 0 0 0 0 0 0 0 0 0 0
194000 196000 2 2 10 9174 7 2923 14 201 9 4565 701 588 644 79 840 840 840 0 128 128 128 0 1 1
196000 198000 0 0 0 0 0 0 0 0 0 0 0 0 0 0 0 0 0 0 0 0 0 0 0 0
198000 200000 1 1 3 0 0 0 3 77 0 0 35 35 35 0 840 840 840 0 128 128 128 0 1 1
200000 202000 0 0 0 0 0 0 0 0 0 0 0 0 0 0 0 0 0 0 0 0 0 0 0 0
202000 204000 0 0 0 0 0 0 0 0 0 0 0 0 0 0 0 0 0 0 0 0 0 0 0 0
204000 206000 1 1 1 0 0 0 2 1839 0 0 0 0 0 0 840 840 840 0 128 128 128 0 1 1
206000 208000 1 1 0 142 0 0 0 19 0 0 19 19 19 0 840 840 840 0 128 128 128 0 2 2
208000 210000 1 1 3 3608 0 0 5 506 0 0 497 497 497 0 840 840 840 0 128 128 128 0 1 1
210000 212000 0 0 0 0 0 0 0 0 0 0 0 0 0 0 0 0 0 0 0 0 0 0 0 0
212000 214000 3 3 3 35 0 0 5 31 0 0 271 27 108 140 840 840 840 0 128 128 128 0 1 1
214000 216000 2 2 0 9 6 3879 0 8 5 293 231 105 168 89 840 840 840 0 128 128 128 0 1 1
216000 218000 1 1 0 25 0 0 2 22 0 0 300 300 300 0 840 840 840 0 128 128 128 0 1 1
218000 220000 2 2 2 70 0 0 6 62 0 0 263 250 256 9 840 840 840 0 128 128 128 0 1 1
220000 222000 0 0 0 0 0 0 0 0 0 0 0 0 0 0 0 0 0 0 0 0 0 0 0 0
222000 224000 2 2 0 0 18 9336 0 0 20 10876 678 507 592 121 840 840 840 0 128 128 128 0 1 1
224000 226000 0 0 0 0 0 0 0 0 0 0 0 0 0 0 0 0 0 0 0 0 0 0 0 0
226000 228000 0 0 0 0 0 0 0 0 0 0 0 0 0 0 0 0 0 0 0 0 0 0 0 0
228000 230000 0 0 0 0 0 0 0 0 0 0 0 0 0 0 0 0 0 0 0 0 0 0 0 0
230000 232000 2 2 15 30997 0 0 26 378 0 0 570 18 294 390 840 840 840 0 128 128 128 0 1 1
232000 234000 1 1 1 0 0 0 1 0 0 0 16 16 16 0 840 840 840 0 128 128 128 0 1 1
234000 236000 0 0 0 0 0 0 0 0 0 0 0 0 0 0 0 0 0 0 0 0 0 0 0 0
236000 238000 1 1 1 0 0 0 2 0 0 0 269 269 269 0 840 840 840 0 128 128 128 0 1 1
238000 240000 0 0 0 0 0 0 0 0 0 0 0 0 0 0 0 0 0 0 0 0 0 0 0 0
240000 242000 1 1 6 5051 0 0 7 397 0 0 192 192 192 0 840 840 840 0 128 128 128 0 1 1
242000 244000 6 5 86 10664 0 0 124 166295 0 0 957 17 308 358 840 840 840 0 128 128 128 0 1 1
244000 246000 2 2 45 94436 0 0 85 5956 0 0 915 893 904 15 840 840 840 0 128 128 128 0 1 1
246000 248000 7 6 34 22333 0 0 53 15171 0 0 423 18 264 153 0 0 0 0 0 0 0 0 0 0
248000 250000 4 4 7 4390 0 0 15 2237 0 0 333 120 242 89 840 840 840 0 128 128 128 0 1 1
250000 252000 2 2 21 19590 0 0 28 1675 0 0 768 372 570 280 288 288 288 0 128 128 128 0 2 2
252000 254000 0 0 0 0 0 0 0 0 0 0 0 0 0 0 0 0 0 0 0 0 0 0 0 0
254000 256000 0 0 0 0 0 0 0 0 0 0 0 0 0 0 0 0 0 0 0 0 0 0 0 0
256000 258000 2 2 6 0 0 0 7 154 0 0 203 22 112 128 288 288 288 0 128 128 128 0 1 1
258000 260000 0 0 0 0 0 0 0 0 0 0 0 0 0 0 0 0 0 0 0 0 0 0 0 0
260000 262000 1 1 5 7094 0 0 8 378 0 0 285 285 285 0 480 480 480 0 128 128 128 0 1 1
262000 264000 0 0 0 0 0 0 0 0 0 0 0 0 0 0 0 0 0 0 0 0 0 0 0 0
264000 266000 1 1 0 0 1 48 0 0 1 48 33 33 33 0 840 840 840 0 128 128 128 0 2 1
266000 268000 0 0 0 0 0 0 0 0 0 0 0 0 0 0 0 0 0 0 0 0 0 0 0 0
268000 270000 5 5 0 0 55 37742 0 0 71 34878 693 441 575 107 840 840 840 0 128 128 128 0 1 1
270000 272000 7 6 20 20282 13 8464 29 957 18 9686 577 45 261 169 840 840 840 0 128 128 128 0 1 1
272000 274000 1 1 1 35 0 0 3 31 0 0 255 255 255 0 840 840 840 0 128 128 128 0 1 1
274000 276000 0 0 0 0 0 0 0 0 0 0 0 0 0 0 0 0 0 0 0 0 0 0 0 0
276000 278000 1 1 1 35 0 0 3 31 0 0 273 273 273 0 0 0 0 0 0 0 0 0 0 0
278000 280000 2 2 2 70 0 0 6 62 0 0 270 247 258 16 840 840 840 0 128 128 128 0 1 2
280000 282000 1 1 5 5518 0 0 8 378 0 0 272 272 272 0 480 480 480 0 128 128 128 0 2 1
282000 284000 2 2 0 0 17 9257 0 0 17 9266 110 77 93 22 480 480 480 0 128 128 128 0 1 1
284000 286000 1 1 0 0 5 4541 0 0 4 272 144 144 144 0 840 840 840 0 128 128 128 0 1 1
286000 288000 1 1 0 343 0 0 0 32 0 0 20 20 20 0 840 840 840 0 128 128 128 0 1 1
288000 290000 3 3 6 5222 0 0 8 493 0 0 316 16 116 172 840 840 840 0 128 128 128 0 1 1
290000 292000 3 3 9 8423 0 0 13 756 0 0 281 18 187 146 840 840 840 0 128 128 128 0 1 1
292000 294000 1 1 1 0 0 0 1 0 0 0 17 17 17 0 840 840 840 0 128 128 128 0 1 1
294000 296000 1 1 0 0 4 2916 0 0 3 149 99 99 99 0 840 840 840 0 128 128 128 0 1 1
296000 298000 0 0 0 0 0 0 0 0 0 0 0 0 0 0 0 0 0 0 0 0 0 0 0 0
298000 300000 1 1 0 0 0 300 0 0 0 213 40 40 40 0 840 840 840 0 128 128 128 0 1 1
300000 302000 1 1 0 0 13 6377 0 0 15 4544 851 851 851 0 0 0 0 0 0 0 0 0 0 0
