ts te nbins ncons c_pkts_all c_ack_cnt c_ack_cnt_p c_bytes_all c_bytes_uniq s_pkts_all s_ack_cnt s_ack_cnt_p s_bytes_all s_bytes_uniq c_pkts_retx s_pkts_retx c_pkts_data s_pkts_data max_bin min_bin avg_bin std_bin max_vid min_vid avg_vid std_vid max_aud min_aud avg_aud std_aud num_vid num_aud num_mfs
0 2000 11 5 212 212 203 8509 8509 341 341 10 470267 414745 0 41 9 330 998 0 587 350 0 0 0 0 0 0 0 0 0 0 0
2000 4000 9 4 231 231 231 15 15 303 303 0 419275 321797 0 70 0 302 999 261 611 272 0 0 0 0 0 0 0 0 0 0 0
4000 6000 17 10 297 294 256 30984 30871 353 353 38 416082 325963 3 68 37 312 995 25 583 342 0 0 0 0 0 0 0 0 0 0 0
6000 8000 24 15 278 278 217 18382 15835 349 349 62 351444 297050 11 48 61 286 999 21 607 303 0 0 0 0 0 0 0 0 0 0 0
8000 10000 29 18 325 324 244 15615 15216 458 458 72 456432 376581 4 66 80 383 997 133 552 291 0 0 0 0 0 0 0 0 0 0 0
10000 12000 29 17 257 252 200 56232 55794 355 355 66 368353 319656 1 38 52 283 993 0 468 305 0 0 0 0 0 0 0 0 0 0 0
12000 14000 18 11 163 160 151 7989 7989 284 284 11 368385 362941 1 5 9 270 998 25 526 308 0 0 0 0 0 0 0 0 0 0 0
14000 16000 26 14 268 263 230 25483 25448 339 339 39 400011 353221 1 34 32 294 997 0 552 315 0 0 0 0 0 0 0 0 0 0 0
16000 18000 23 10 254 253 239 7011 7011 349 349 14 458186 366098 0 65 13 333 997 4 504 339 0 0 0 0 0 0 0 0 0 0 0
18000 20000 19 9 270 268 259 4282 4123 370 370 11 498761 324726 3 126 9 357 997 0 550 351 0 0 0 0 0 0 0 0 0 0 1
20000 22000 18 12 219 218 204 18288 18288 312 312 19 401106 253240 0 107 13 292 990 33 580 299 288 288 288 0 128 128 128 0 1 1 0
22000 24000 19 8 199 198 185 6579 6579 255 255 13 325874 207743 1 89 12 240 998 33 623 345 288 288 288 0 128 128 128 0 1 1 1
24000 26000 16 7 183 183 174 4494 4494 221 221 7 292695 238813 0 39 8 213 996 0 527 355 288 288 288 0 0 0 0 0 1 0 1
26000 28000 20 12 176 172 159 8312 7855 235 235 17 289625 247714 1 32 13 213 996 9 408 362 288 288 288 0 128 128 128 0 2 1 1
28000 30000 23 13 193 191 181 7154 6816 223 223 15 279110 213384 1 48 10 206 997 23 408 364 0 0 0 0 128 128 128 0 0 2 1
30000 32000 24 11 220 216 151 139595 139595 309 309 109 260812 223755 2 30 64 194 996 0 431 381 288 288 288 0 0 0 0 0 2 0 1
32000 34000 17 9 153 152 137 23883 23883 228 228 23 276323 245604 0 25 15 204 999 0 489 388 288 288 288 0 128 128 128 0 1 1 1
34000 36000 13 7 159 159 153 2030 2030 205 205 4 274904 225076 0 36 5 200 995 39 597 376 288 288 288 0 0 0 0 0 1 0 1
36000 38000 17 10 206 203 178 14500 14208 309 309 26 373055 318817 0 40 24 280 987 13 600 355 0 0 0 0 128 128 128 0 0 1 1
38000 40000 15 7 233 233 221 9040 7594 322 322 12 427427 340507 1 63 12 310 997 0 577 433 0 0 0 0 128 128 128 0 0 1 1
40000 42000 17 8 215 215 205 11296 8806 278 278 12 363768 278873 3 63 10 266 991 0 512 427 288 288 288 0 0 0 0 0 1 0 1
42000 44000 26 18 217 216 196 4058 4058 281 281 25 337963 259093 3 58 8 247 999 15 391 364 0 0 0 0 128 128 128 0 0 2 1
44000 46000 16 8 192 192 184 4066 4066 255 255 8 335241 306259 0 21 6 245 992 3 546 415 0 0 0 0 0 0 0 0 0 0 1
46000 48000 16 8 193 193 182 7624 6645 286 286 11 367438 288787 2 60 10 271 994 20 593 358 288 288 288 0 128 128 128 0 1 1 1
48000 50000 16 8 177 177 165 4946 4912 254 254 10 332406 274830 0 42 9 243 995 18 526 432 288 288 288 0 128 128 128 0 1 1 1
50000 52000 14 7 203 203 199 5323 5323 257 257 6 345397 249206 0 70 4 250 996 34 510 400 0 0 0 0 0 0 0 0 0 0 1
52000 54000 15 8 178 178 168 5031 4233 248 248 13 319838 271289 1 37 10 235 990 23 525 414 288 288 288 0 128 128 128 0 1 1 1
54000 56000 23 16 198 198 184 9985 9985 264 264 23 329121 300274 0 21 12 240 992 16 352 393 288 288 288 0 128 128 128 0 1 1 1
56000 58000 23 15 208 208 195 10582 10582 255 255 19 316469 262980 0 39 8 231 993 18 381 393 0 0 0 0 0 0 0 0 0 0 1
58000 60000 15 8 201 201 194 3391 3391 271 271 8 359043 272596 0 63 6 262 989 0 483 416 288 288 288 0 128 128 128 0 1 1 1
60000 62000 19 12 188 188 174 16849 16849 258 258 21 321636 284458 0 26 12 235 985 0 431 387 288 288 288 0 128 128 128 0 1 1 1
62000 64000 9 3 198 198 197 41 41 248 248 0 344056 255723 0 63 1 247 995 70 653 385 288 288 288 0 0 0 0 0 1 0 1
64000 66000 12 6 186 186 179 3156 3156 224 224 6 301660 249600 0 37 6 218 995 15 573 431 288 288 288 0 0 0 0 0 1 0 1
66000 68000 18 10 162 161 153 5913 5913 249 249 10 321169 278858 0 32 7 238 998 19 457 382 288 288 288 0 128 128 128 0 1 1 1
68000 70000 16 9 191 191 182 4057 4057 235 235 10 302362 256691 0 35 7 223 986 15 481 349 0 0 0 0 128 128 128 0 0 1 1
70000 72000 20 11 211 208 196 9688 9688 249 249 16 309922 264830 0 35 11 229 999 10 495 378 0 0 0 0 128 128 128 0 0 1 1
72000 74000 15 8 218 217 189 56581 56581 344 344 45 398673 306775 0 70 27 296 992 0 566 341 288 288 288 0 128 128 128 0 1 1 1
74000 76000 14 7 237 236 216 31887 31887 296 296 29 360040 284981 0 55 18 267 999 0 546 366 0 0 0 0 0 0 0 0 0 0 1
76000 78000 13 8 194 194 188 4958 4958 236 236 8 313397 278169 0 25 5 227 996 17 552 354 288 288 288 0 128 128 128 0 1 1 1
78000 80000 18 11 239 235 210 20601 20601 296 296 24 358912 294930 0 47 22 268 995 5 614 318 0 0 0 0 0 0 0 0 0 0 1
80000 82000 21 11 218 217 198 17663 17616 270 270 23 331370 281648 0 37 18 247 996 15 462 342 288 288 288 0 128 128 128 0 1 1 1
82000 84000 17 9 182 182 174 5212 4943 235 235 10 306460 239089 0 50 8 225 995 15 485 377 288 288 288 0 128 128 128 0 1 1 1
84000 86000 15 8 185 185 171 6659 6659 234 234 13 300021 268625 1 23 12 219 999 5 612 354 288 288 288 0 128 128 128 0 1 1 1
86000 88000 14 6 162 162 158 1571 1571 208 208 4 276874 211362 0 49 2 202 998 0 487 386 288 288 288 0 128 128 128 0 1 1 1
88000 90000 11 5 147 147 146 145 145 191 191 1 264358 234182 0 21 1 190 999 25 536 384 288 288 288 0 128 128 128 0 1 1 1
90000 92000 14 7 182 182 163 24483 24483 274 274 21 341785 291503 0 38 19 251 997 134 659 281 288 288 288 0 128 128 128 0 1 1 1
92000 94000 12 6 222 222 218 2889 2889 283 283 5 382264 275410 0 76 3 276 999 18 577 346 0 0 0 0 0 0 0 0 0 0 1
94000 96000 14 7 209 209 195 10456 10456 251 251 13 325141 281321 0 31 13 237 997 18 546 327 288 288 288 0 128 128 128 0 1 1 1
96000 98000 20 9 185 185 171 14072 13990 256 256 18 323944 268036 0 40 14 238 998 0 443 352 288 288 288 0 0 0 0 0 1 0 1
98000 100000 24 15 228 228 215 8499 7747 291 291 20 366159 283726 1 61 13 271 993 16 387 340 0 0 0 0 0 0 0 0 0 0 1
100000 102000 15 9 211 211 202 7691 7691 266 266 12 349293 312759 0 26 9 254 998 14 481 354 0 0 0 0 128 128 128 0 0 1 1
102000 104000 14 7 230 230 219 8634 8632 273 273 13 356103 312485 0 31 11 259 999 27 538 378 0 0 0 0 0 0 0 0 0 0 1
104000 106000 16 10 205 205 195 5014 4981 257 257 14 333679 297132 0 26 9 243 999 13 478 353 288 288 288 0 128 128 128 0 1 1 1
106000 108000 10 4 209 209 204 1652 1652 261 261 4 354820 315424 0 29 5 256 987 74 626 314 0 0 0 0 0 0 0 0 0 0 1
108000 110000 10 5 213 213 204 5327 5327 262 262 9 348345 317558 0 22 8 252 999 305 694 275 0 0 0 0 0 0 0 0 0 0 1
110000 112000 13 8 201 201 193 5489 5489 250 250 8 334452 305018 0 21 7 242 993 1 517 371 288 288 288 0 128 128 128 0 1 1 1
112000 114000 12 6 232 232 223 6123 6123 271 271 8 359107 295872 0 46 9 262 998 7 608 314 0 0 0 0 0 0 0 0 0 0 1
114000 116000 14 6 212 212 202 7589 7589 275 275 11 361298 309164 0 37 9 263 988 48 514 321 0 0 0 0 0 0 0 0 0 0 1
116000 118000 14 6 209 209 198 9097 9097 272 272 14 350100 277656 0 53 11 257 992 95 608 294 288 288 288 0 128 128 128 0 1 1 1
118000 120000 18 10 184 184 175 5626 5626 228 228 13 293363 247712 0 33 9 214 995 0 458 357 288 288 288 0 128 128 128 0 1 1 1
120000 122000 15 8 192 192 176 17637 17637 225 225 18 282980 220265 0 45 16 206 998 0 576 302 288 288 288 0 128 128 128 0 1 1 1
122000 124000 11 5 160 160 152 4868 4868 234 234 6 311940 267878 0 32 7 227 989 281 692 260 288 288 288 0 128 128 128 0 1 1 1
124000 126000 13 6 203 203 198 2872 2872 251 251 4 341479 269059 0 52 4 247 994 0 562 331 288 288 288 0 0 0 0 0 1 0 1
126000 128000 11 5 195 195 185 5687 5345 263 263 11 346679 289078 1 42 10 252 995 341 678 250 0 0 0 0 128 128 128 0 0 1 1
128000 130000 19 12 226 226 205 10098 10098 290 290 18 366360 280188 0 63 21 271 996 18 533 318 288 288 288 0 128 128 128 0 1 1 1
130000 132000 21 12 257 257 208 92243 92243 391 391 76 418565 283809 0 98 49 314 997 0 501 345 0 0 0 0 0 0 0 0 0 0 0
132000 134000 17 8 223 223 214 5060 5060 288 288 10 374640 324624 0 39 8 274 995 0 597 305 0 0 0 0 0 0 0 0 0 0 1
134000 136000 20 10 230 228 220 5258 5258 292 292 10 383867 324239 0 42 8 279 999 0 483 325 288 288 288 0 0 0 0 0 1 0 2
136000 138000 19 10 219 219 207 7846 7811 276 276 13 356179 282595 1 54 11 263 996 13 570 286 0 0 0 0 128 128 128 0 0 1 0
138000 140000 19 8 209 209 195 7729 7729 249 249 15 309788 256249 0 41 14 234 999 0 540 319 288 288 288 0 128 128 128 0 1 1 1
140000 142000 14 8 197 197 182 15476 15476 250 250 18 316419 264921 0 37 14 232 996 24 536 298 0 0 0 0 0 0 0 0 0 0 2
142000 144000 12 6 200 200 188 8373 8373 247 247 11 320910 286024 0 25 12 235 994 247 670 289 288 288 288 0 128 128 128 0 1 1 1
144000 146000 20 14 215 215 207 3796 3796 300 300 16 388855 278375 0 80 8 283 999 17 368 359 288 288 288 0 0 0 0 0 1 0 1
146000 148000 14 6 203 203 195 5495 5495 261 261 11 343836 274521 0 50 7 250 997 27 541 358 288 288 288 0 128 128 128 0 1 1 1
148000 150000 16 10 203 203 193 5962 5962 234 234 13 295579 245589 0 37 8 219 996 22 522 311 0 0 0 0 0 0 0 0 0 0 1
150000 152000 13 7 177 177 164 12767 12767 217 217 14 279082 262451 0 12 13 202 985 25 610 340 288 288 288 0 128 128 128 0 1 1 1
152000 154000 12 6 166 166 162 1607 1607 208 208 5 280161 241343 0 27 3 202 996 16 520 405 288 288 288 0 0 0 0 0 1 0 1
154000 156000 11 5 184 184 173 6587 5330 340 340 11 453621 282019 1 124 10 329 994 169 685 321 0 0 0 0 0 0 0 0 0 0 1
156000 158000 16 8 194 194 183 6538 6266 231 231 13 297067 214442 0 59 10 218 999 18 488 375 288 288 288 0 128 128 128 0 1 1 1
158000 160000 12 5 169 169 164 4089 4089 223 223 4 301219 259147 0 30 4 218 998 159 587 344 288 288 288 0 0 0 0 0 2 0 0
160000 162000 14 7 182 182 172 8508 8508 244 244 10 321809 261327 0 43 10 234 993 155 529 316 0 0 0 0 128 128 128 0 0 1 1
162000 164000 16 8 189 189 169 14230 14230 243 243 17 307532 278745 0 20 19 225 996 14 575 333 288 288 288 0 128 128 128 0 1 2 2
164000 166000 16 7 166 166 156 9242 9242 216 216 14 272022 218727 0 38 10 202 995 15 528 363 288 288 288 0 0 0 0 0 1 0 1
166000 168000 12 6 154 154 140 10272 9953 216 216 12 277371 255578 1 15 14 203 992 114 654 358 288 288 288 0 128 128 128 0 1 2 1
168000 170000 15 7 164 164 151 8904 8904 209 209 14 268718 233181 0 25 12 195 999 0 495 395 288 288 288 0 128 128 128 0 1 1 1
170000 172000 18 7 179 179 160 17768 17768 219 219 20 268616 237273 0 22 18 199 993 0 570 389 0 0 0 0 128 128 128 0 0 2 1
172000 174000 17 8 135 135 125 8205 8205 203 203 14 257077 227893 0 21 10 188 995 16 531 397 288 288 288 0 128 128 128 0 2 1 1
174000 176000 18 9 143 143 132 6737 6702 200 200 14 249694 197556 1 41 11 186 999 18 496 391 288 288 288 0 128 128 128 0 1 2 1
176000 178000 13 7 125 125 111 10106 10106 185 185 16 229814 207629 0 15 13 168 984 16 597 421 288 288 288 0 128 128 128 0 1 1 1
178000 180000 12 6 137 137 121 11108 11108 176 176 17 214281 189579 0 17 15 158 998 1 717 385 288 288 288 0 128 128 128 0 2 2 1
180000 182000 16 8 154 154 141 13219 13219 229 229 13 296195 254986 0 30 12 216 993 0 456 418 288 288 288 0 0 0 0 0 1 0 1
182000 184000 10 4 163 163 158 3119 3119 218 218 3 297899 214454 0 60 5 214 994 0 670 399 288 288 288 0 128 128 128 0 1 1 1
184000 186000 14 7 163 163 155 4633 4633 195 195 10 255128 205828 0 35 7 185 993 16 525 421 288 288 288 0 128 128 128 0 2 2 1
186000 188000 11 4 144 144 135 4704 4704 190 190 6 253072 237377 0 11 9 184 992 33 633 375 0 0 0 0 128 128 128 0 0 1 1
188000 190000 16 10 146 146 140 2430 1633 244 244 9 319911 249374 1 52 5 233 993 15 476 440 288 288 288 0 128 128 128 0 2 1 1
190000 192000 18 11 216 216 172 93210 92895 308 308 78 302873 231969 0 52 44 229 996 9 486 395 288 288 288 0 128 128 128 0 1 1 1
192000 194000 14 7 170 170 152 18309 18089 265 265 19 332791 289151 0 32 16 245 992 2 482 389 288 288 288 0 128 128 128 0 1 1 1
194000 196000 8 4 169 169 167 1671 1671 200 200 3 273014 202951 0 50 2 197 996 22 556 395 288 288 288 0 128 128 128 0 1 1 1
196000 198000 10 7 117 117 109 3252 3252 191 191 8 251665 251665 0 0 7 183 992 17 490 410 288 288 288 0 128 128 128 0 1 1 1
198000 200000 8 3 175 175 170 3103 3103 252 252 4 342645 296411 0 33 5 248 999 0 618 436 288 288 288 0 128 128 128 0 1 1 1
200000 202000 9 5 140 140 131 11209 11209 185 185 9 239729 210516 0 21 8 175 986 0 453 338 288 288 288 0 128 128 128 0 1 1 1
202000 204000 8 4 127 126 108 10938 10938 224 224 18 279268 272593 0 4 18 205 998 0 499 314 288 288 288 0 128 128 128 0 1 1 1
204000 206000 8 5 117 117 109 5707 5707 195 195 8 255667 238768 0 12 7 187 993 15 417 368 288 288 288 0 128 128 128 0 1 1 1
206000 208000 6 3 158 158 154 1753 1753 245 245 3 332959 248224 0 61 3 241 996 43 545 320 288 288 288 0 128 128 128 0 1 1 1
208000 210000 5 3 156 156 151 3102 3102 188 188 5 252012 229353 0 16 5 182 995 18 530 362 288 288 288 0 128 128 128 0 1 1 1
210000 212000 7 4 127 127 117 11059 11059 205 205 12 263210 252106 0 8 9 192 990 15 576 340 288 288 288 0 128 128 128 0 1 2 1
212000 214000 7 3 137 136 129 3414 3414 200 200 6 265118 240968 0 17 6 193 999 25 463 388 288 288 288 0 128 128 128 0 1 1 1
214000 216000 5 2 157 157 155 1662 1662 197 197 1 270859 243650 0 19 2 196 996 97 531 339 288 288 288 0 128 128 128 0 1 1 1
216000 218000 7 4 143 143 135 7464 7464 223 223 9 293180 278627 0 10 8 213 999 16 484 324 288 288 288 0 128 128 128 0 1 1 1
218000 220000 4 2 145 145 140 3108 3108 203 203 4 274974 244077 0 22 5 199 996 311 735 317 288 288 288 0 128 128 128 0 2 1 1
220000 222000 10 7 166 166 157 9419 9419 206 206 12 263715 228013 0 26 8 193 995 23 421 364 288 288 288 0 128 128 128 0 1 1 1
222000 224000 7 4 149 149 143 1730 1730 233 233 4 315080 284823 0 21 5 229 993 27 391 333 288 288 288 0 128 128 128 0 1 1 1
224000 226000 6 3 177 177 171 3765 3765 219 219 5 288425 254458 0 26 4 211 999 284 611 261 288 288 288 0 0 0 0 0 1 0 1
226000 228000 7 4 157 157 152 2808 2808 230 230 5 308349 270757 0 27 4 224 996 17 436 324 288 288 288 0 128 128 128 0 1 1 1
228000 230000 4 2 125 125 119 3413 3413 166 166 6 220124 133686 0 62 6 160 836 567 737 125 288 288 288 0 128 128 128 0 1 2 1
230000 232000 6 6 25 25 6 18724 18724 33 33 23 6783 6783 0 0 19 9 989 17 329 374 1500 1500 1500 0 128 128 128 0 2 2 1
232000 234000 6 4 28 27 11 12132 12132 32 32 17 11497 11497 0 0 15 14 739 16 324 314 8000 8000 8000 0 128 128 128 0 2 1 1
234000 236000 5 5 8 8 5 2310 1521 8 8 7 495 495 1 0 3 1 434 17 101 186 0 0 0 0 128 128 128 0 0 1 1
236000 238000 8 8 16 16 9 4754 4754 18 18 13 1547 1516 0 1 7 5 875 16 174 308 840 840 840 0 128 128 128 0 2 1 1
238000 240000 3 2 10 10 3 5045 4248 10 10 7 1374 1374 1 0 6 2 847 14 382 424 840 840 840 0 128 128 128 0 2 2 1
240000 242000 6 3 16 16 5 12960 12960 18 18 13 2431 2009 0 1 11 5 802 16 337 329 840 840 840 0 128 128 128 0 1 1 1
242000 244000 7 5 14 14 8 4434 4434 14 14 9 1594 1594 0 0 5 4 704 18 256 308 840 480 600 207 128 128 128 0 3 2 1
244000 246000 4 2 17 17 5 8415 8415 17 17 10 2383 2383 0 0 10 5 899 17 455 500 480 480 480 0 128 128 128 0 1 1 1
246000 248000 7 6 21 21 9 6705 5941 25 25 13 2570 2531 0 1 8 8 904 19 415 372 840 840 840 0 128 128 128 0 1 1 1
248000 250000 11 9 74 74 48 6023 5997 99 99 17 97641 83742 0 10 22 78 993 17 265 356 840 840 840 0 128 128 128 0 1 1 1
250000 252000 10 6 122 122 61 134284 133485 192 192 100 105644 95347 1 9 61 91 998 177 556 277 840 840 840 0 128 128 128 0 1 1 1
252000 254000 8 6 18 18 7 4423 4423 22 22 10 3852 3566 0 0 8 9 576 0 173 197 840 840 840 0 128 128 128 0 1 1 1
254000 256000 6 5 26 25 10 10764 10764 32 32 18 5951 5951 0 0 14 12 667 0 184 251 840 840 840 0 128 128 128 0 1 1 1
256000 258000 5 4 14 14 4 9447 8652 15 15 11 1700 1700 1 0 10 4 618 15 241 238 840 840 840 0 128 128 128 0 1 1 1
258000 260000 4 2 19 18 7 8626 7829 23 23 13 6541 6541 1 0 11 9 672 202 408 204 840 840 840 0 128 128 128 0 1 1 1
260000 262000 5 4 23 23 7 19885 19091 29 29 19 3186 2652 1 2 14 8 976 388 657 241 840 840 840 0 128 128 128 0 1 1 1
262000 264000 2 1 7 7 2 3853 3058 7 7 5 990 990 1 0 5 2 881 0 440 622 840 840 840 0 128 128 128 0 2 2 1
264000 266000 4 4 11 10 5 3058 3058 11 11 6 1144 1067 0 1 4 5 622 17 215 284 0 0 0 0 0 0 0 0 0 0 1
266000 268000 4 3 10 10 3 4450 3462 9 9 7 763 763 1 0 6 2 870 15 279 404 840 840 840 0 128 128 128 0 2 2 1
268000 270000 3 2 9 9 4 3298 2692 10 10 4 1324 1324 0 0 4 4 682 17 302 342 840 840 840 0 128 128 128 0 1 1 1
270000 272000 3 2 10 10 2 10020 10020 11 11 9 1298 1298 0 0 8 2 761 266 458 265 840 840 840 0 128 128 128 0 1 1 1
272000 274000 3 2 6 6 3 2229 2229 6 6 3 1103 1103 0 0 2 2 857 29 370 432 840 840 840 0 128 128 128 0 1 1 1
274000 276000 3 2 8 8 2 4179 4179 7 7 5 856 856 0 0 5 1 886 16 540 461 840 840 840 0 128 128 128 0 1 1 1
276000 278000 3 2 7 7 4 1942 1942 7 7 3 1162 1162 0 0 2 3 754 33 351 368 840 840 840 0 128 128 128 0 1 1 1
278000 280000 2 1 9 9 2 5049 4366 9 9 6 1342 1342 0 0 6 2 901 673 787 160 840 840 840 0 128 128 128 0 1 1 1
280000 282000 6 4 11 11 3 8900 8558 14 14 10 1371 1371 0 0 7 3 266 25 155 83 840 840 840 0 128 128 128 0 1 1 1
282000 284000 4 3 10 10 3 4327 3755 11 11 7 1234 1234 0 0 6 3 672 15 254 291 840 840 840 0 128 128 128 0 1 1 1
284000 286000 3 2 8 8 3 4908 4711 8 8 5 1111 1111 0 0 5 2 999 18 418 514 840 840 840 0 128 128 128 0 1 1 1
286000 288000 3 2 7 7 1 3318 2717 8 8 6 899 899 0 0 5 2 975 25 576 493 840 840 840 0 128 128 128 0 1 1 1
288000 290000 2 1 9 9 2 4839 4042 7 7 4 1396 1396 1 0 6 2 935 781 858 109 840 840 840 0 128 128 128 0 1 1 1
290000 292000 4 3 6 6 3 6115 6115 7 7 5 1005 1005 0 0 3 2 265 0 113 127 840 840 840 0 128 128 128 0 1 1 1
292000 294000 3 2 11 11 3 5716 5716 10 10 7 1419 1419 0 0 7 2 849 18 447 416 840 840 840 0 128 128 128 0 1 1 1
294000 296000 4 3 7 7 4 2727 1932 7 7 5 1055 1055 1 0 3 2 967 16 282 459 840 840 840 0 128 128 128 0 1 1 1
296000 298000 5 4 8 8 3 4892 4892 9 9 6 1085 1085 0 0 5 3 204 14 89 96 840 840 840 0 128 128 128 0 1 1 1
298000 300000 4 3 6 6 3 2232 2232 6 6 4 721 721 0 0 2 1 193 15 83 85 840 840 840 0 0 0 0 0 1 0 1
300000 302000 1 1 1 1 0 723 723 1 1 0 233 233 0 0 0 0 96 96 96 0 0 0 0 0 0 0 0 0 0 0 0
