ts te nbins ncons c_pkts_all c_ack_cnt c_ack_cnt_p c_bytes_all c_bytes_uniq s_pkts_all s_ack_cnt s_ack_cnt_p s_bytes_all s_bytes_uniq c_pkts_retx s_pkts_retx c_pkts_data s_pkts_data max_bin_duration min_bin_duration avg_bin_duration std_bin_duration max_video_rate min_video_rate avg_video_rate std_video_rate max_audio_rate min_audio_rate avg_audio_rate std_audio_rate video_reqs audio_reqs media_reqs
0.0 2000.0 0 0 0.0 0.0 0.0 0.0 0.0 0.0 0.0 0.0 0.0 0.0 0.0 0.0 0.0 0.0 0.0 0.0 0.0 0.0 0.0 0.0 0.0 0.0 0.0 0.0 0.0 0.0 0  
2000.0 4000.0 0 0 0.0 0.0 0.0 0.0 0.0 0.0 0.0 0.0 0.0 0.0 0.0 0.0 0.0 0.0 0.0 0.0 0.0 0.0 0.0 0.0 0.0 0.0 0.0 0.0 0.0 0.0 0  
4000.0 6000.0 1 1 4.200056009079915 4.032053768716718 3.192042566900735 731.6497567817211 731.6497567817211 6.048080653075077 6.048080653075077 1.176015682542376 7009.221470192924 7009.221470192924 0.0 0.0 0.8400112018159829 4.704062730169504 93.519287109375 93.519287109375 93.519287109375 0.0 0.0 0.0 0.0 0.0 0.0 0.0 0.0 0.0 0 0.0 1.0
6000.0 8000.0 6 4 531.997168866681 528.1651711070442 513.7362774650542 13264.776819946057 13264.776819946057 743.4760078811552 743.4760078811552 23.653823098534417 1199751.6849348873 1016388.2564141997 0.0 114.58889092207065 14.428893641989982 715.990187022984 999.6369999999988 327.04799999999886 607.4080485026037 281.01476255799855 2300.0 2300.0 2300.0 0.0 128.0 128.0 128.0 0.0 3 3.0 0.0
8000.0 10000.0 7 3 478.4107982435987 478.4107982435987 473.40020275686015 4190.814431556033 4190.814431556033 722.2273715655477 722.2273715655477 8.933400628568196 1339510.9077569311 1127459.0220444084 0.0 132.4457978842459 5.010595486738535 713.2939709369796 999.6500000000051 0.0 472.78421540178635 364.14394993381 2300.0 2300.0 2300.0 0.0 128.0 128.0 128.0 0.0 2 2.0 1.0
10000.0 12000.0 8 4 559.7602557159634 559.7602557159634 553.9414276879843 4039.5030173330733 4039.5030173330733 849.1497900362515 849.1497900362515 9.512712952404284 1480634.0089373728 1109569.9201280845 0.0 213.03793031689102 4.818828027979087 838.6370770838472 999.7790000000023 202.78701953124983 462.5276247558613 269.3625354642713 2300.0 2300.0 2300.0 0.0 128.0 128.0 128.0 0.0 2 2.0 1.0
12000.0 14000.0 6 2 781.1488935592643 781.1488935592643 776.1598169583596 4173.629860255547 4173.629860255547 843.6975450593419 843.6975450593419 10.389645474882638 1283119.2401297353 1165279.6431722338 0.0 68.92738087679243 4.98907660090471 833.3078995844594 998.8890000000029 282.1969277343742 566.6594606119797 239.0184456092479 2300.0 2300.0 2300.0 0.0 128.0 128.0 128.0 0.0 2 2.0 1.0
14000.0 16000.0 7 3 494.91658978476914 494.91658978476914 490.5960000789133 3615.8610479489676 3615.8610479489676 627.2624819912205 627.2624819912205 8.804700895808875 1097523.8180350966 1097523.8180350966 0.0 0.0 4.320589705855863 618.4577810954117 997.1679999999978 84.6979999999894 429.85362723214035 276.8967841294556 2300.0 2300.0 2300.0 0.0 128.0 128.0 128.0 0.0 2 2.0 1.0
16000.0 18000.0 6 2 429.9599868758015 429.9599868758015 425.5487830494866 3692.1464365426164 3692.1464365426164 593.713902468265 593.713902468265 8.802784953587228 1093402.6261751594 1088508.5782858345 0.0 3.5259711018190325 4.411203826314963 584.9111175146778 998.7059999999983 154.32788085936772 491.08010156249776 312.9766006109353 2300.0 2300.0 2300.0 0.0 128.0 128.0 128.0 0.0 2 2.0 1.0
18000.0 20000.0 5 3 420.60625094484215 420.60625094484215 416.4254494364412 3498.618629635982 3498.618629635982 561.424820345143 561.424820345143 7.726916313671989 1069706.4925606246 1052392.5404499494 0.0 12.474028898180967 4.180801508400878 553.697904031471 930.101999999999 138.46100000000297 551.7280304687505 331.97199018511736 2300.0 2300.0 2300.0 0.0 128.0 128.0 128.0 0.0 1 1.0 1.0
20000.0 22000.0 3 2 200.6663075680559 200.6663075680559 196.12466334505243 3781.5647050929006 3781.5647050929006 276.2705527875437 276.2705527875437 5.770822111501747 595955.7782454399 595955.7782454399 0.0 0.0 4.541644223003495 270.49973067604196 997.7949999999983 361.612000000001 703.9090227864557 320.8425226997601 2300.0 2300.0 2300.0 0.0 128.0 128.0 128.0 0.0 1 1.0 1.0
22000.0 24000.0 5 3 333.9970738053133 333.9970738053133 330.7532557442902 2696.514367808895 2696.514367808895 500.2989718641911 500.2989718641911 7.014640172524833 984119.7041696763 981343.7041696763 0.0 2.0 3.2438180610230853 493.2843316916663 998.7690000000002 223.67693164062803 498.27420937500136 361.4563693874092 4400.0 4400.0 4400.0 0.0 128.0 128.0 128.0 0.0 2 1.0 1.0
24000.0 26000.0 4 2 370.79828213301283 370.79828213301283 367.5837444170394 2697.920927098204 2697.920927098204 549.0742057551026 549.0742057551026 6.214537715973419 1070322.9778433978 1056708.9778433978 0.0 9.0 3.21453771597342 542.8596680391292 998.0539999999964 210.05988476562197 664.3304633789048 329.93642144766307 4400.0 4400.0 4400.0 0.0 128.0 128.0 128.0 0.0 1 2.0 1.0
26000.0 28000.0 6 4 471.7995981116205 470.7995981116205 464.32625684358277 5899.553347687787 5899.553347687787 648.638269138676 648.638269138676 11.946682536075503 1148077.7059865864 1098459.70830655 0.0 33.47334126803775 6.473341268037752 635.6915866026005 998.8319999999949 219.29103125000256 620.5773333333333 268.8077980431199 3000.0 3000.0 3000.0 0.0 128.0 128.0 128.0 0.0 3 1.0 1.0
28000.0 30000.0 4 2 392.8452289958815 392.8452289958815 389.31857026391924 2945.446652312213 2945.446652312213 611.8641687376495 611.8641687376495 6.857075392721752 1191409.4540247973 1190678.4517048337 0.0 0.5266587319622482 3.5266587319622484 605.0070933449277 888.7010000000009 524.9360312499994 760.5313344726565 161.17478231613512 3000.0 3000.0 3000.0 0.0 128.0 128.0 128.0 0.0 1 1.0 1.0
30000.0 32000.0 5 3 298.3765903994889 298.3765903994889 293.70967225684075 3189.453206250535 3189.453206250535 435.2246457485313 435.2246457485313 7.863160213850907 853204.2909179315 847255.2909179315 0.0 5.0 3.838357568598213 426.53292496063057 997.6240000000034 196.1886933593778 653.0291566406261 304.0574373876231 3000.0 3000.0 3000.0 0.0 128.0 128.0 128.0 0.0 1 1.0 1.0
32000.0 34000.0 5 3 255.3547217896057 255.3547217896057 252.2293412637199 2464.2317019473076 2464.2317019473076 381.84388477688617 381.84388477688617 5.125380525885792 751158.1147417169 751158.1147417169 0.0 0.0 2.953941099935741 376.54706482505037 998.7050000000017 151.65600195311708 473.041969140622 390.09530744919255 3000.0 3000.0 3000.0 0.0 128.0 128.0 128.0 0.0 1 1.0 1.0
34000.0 36000.0 4 2 353.0232941299309 353.0232941299309 349.27432311923155 3131.5689255657567 3131.5689255657567 534.3432188220934 534.3432188220934 4.978336171082672 1012748.86705376 1009972.86705376 0.0 2.0 3.7489710106992975 529.3648826510107 998.2430000000022 203.50306445312162 561.6172597656205 384.95409813043494 4400.0 4400.0 4400.0 0.0 128.0 128.0 128.0 0.0 1 1.0 1.0
36000.0 38000.0 4 2 464.05166623882326 464.05166623882326 461.80849387935723 1883.2463628212067 1883.2463628212067 629.1523755270862 629.1523755270862 4.229365160383374 1125454.9639136554 1091669.1583639407 0.0 22.784442038699293 2.243172359466042 624.9230103667029 999.4080000000031 229.16102539063286 559.0733354492222 386.5052583858442 4400.0 4400.0 4400.0 0.0 128.0 128.0 128.0 0.0 1 1.0 1.0
38000.0 40000.0 4 2 375.8657626600189 375.8657626600189 373.6502046987182 1841.499803415194 1841.499803415194 555.5908781260376 555.5908781260376 5.0 1053238.879655074 1048724.880577159 0.0 3.4924696837229696 2.2155579613007053 550.5908781260376 998.2909999999902 210.98468359374965 577.9491660156218 364.6285499622101 4400.0 4400.0 4400.0 0.0 128.0 128.0 128.0 0.0 1 1.0 1.0
40000.0 42000.0 4 2 388.5409783102807 388.5409783102807 384.0354221723096 3751.6115945159695 3751.6115945159695 585.9933564460621 585.9933564460621 6.505556137971047 1126097.090188776 1124758.8948164054 0.0 0.7230882775777359 4.505556137971047 579.487800308091 999.7209999999977 240.95301953124726 595.8399780273412 343.2629461349257 4400.0 4400.0 4400.0 0.0 128.0 128.0 128.0 0.0 1 1.0 1.0
42000.0 44000.0 4 2 415.93311880580035 415.93311880580035 412.8883973262052 2539.1188280639417 2539.1188280639417 602.5194775381854 602.5194775381854 4.2695826708120315 1159028.470976232 1149624.5783096412 0.0 6.775138808783079 3.0447214795951103 598.2498948673733 993.4590000000026 236.5 562.231268066409 381.41885134099965 4400.0 4400.0 4400.0 0.0 128.0 128.0 128.0 0.0 1 1.0 1.0
44000.0 46000.0 4 2 415.53297641924286 415.53297641924286 414.083254036809 1215.2695774200888 1215.2695774200888 593.0193891355693 593.0193891355693 4.224861191216921 1063671.1510480419 1018194.7900194817 0.0 32.27076587777354 1.4497223824338419 588.7945279443525 997.5390000000043 224.22303515624662 559.4373374023453 387.20519869568955 4400.0 4400.0 4400.0 0.0 128.0 128.0 128.0 0.0 1 1.0 1.0
46000.0 48000.0 4 2 426.69823670653966 426.69823670653966 423.69823670653966 2502.0 2502.0 661.0250331602023 661.0250331602023 5.0 1157734.1882927534 1143636.750195686 0.0 9.726207555675703 3.0 656.0250331602023 999.3300000000017 222.87168554688105 592.3691992187523 356.24092693158025 4400.0 4400.0 4400.0 0.0 128.0 128.0 128.0 0.0 1 1.0 1.0
48000.0 50000.0 5 2 437.6427714841646 437.6427714841646 432.7142088057658 4105.911620479586 4105.911620479586 664.8518880971686 664.8518880971686 8.041754687151574 1242708.410001632 1228512.1017938505 0.0 9.22788775776768 4.928562678398811 656.810133410017 999.9600000000064 112.90087890625 582.7717312500026 388.96142358646205 4400.0 4400.0 4400.0 0.0 128.0 128.0 128.0 0.0 2 2.0 1.0
50000.0 52000.0 4 2 411.8733924422201 411.8733924422201 410.8019551206189 898.0883795204135 898.0883795204135 612.2896843390145 612.2896843390145 1.9582453128484258 1135396.952940529 1131232.952940529 0.0 3.0 1.071437321601188 610.3314390261661 884.5271210937499 0.0 457.0190581054667 436.038327491008 0.0 0.0 0.0 0.0 0.0 0.0 0.0 0.0 0 0.0 1.0
52000.0 54000.0 1 1 2.0 2.0 1.0 820.0 820.0 4.0 4.0 2.0 2917.0 2917.0 0.0 0.0 1.0 2.0 269.1490000000049 269.1490000000049 269.1490000000049 0.0 0.0 0.0 0.0 0.0 0.0 0.0 0.0 0.0 0 0.0 1.0
54000.0 56000.0 2 1 15.993853109910862 15.993853109910862 14.843381571094618 946.697035683279 946.697035683279 28.128746982313054 28.128746982313054 2.3009430776324917 46266.49608911108 44595.50965055667 0.0 0.4514146164487375 1.1504715388162459 25.827803904680565 266.62300000000687 150.39208984375 208.50754492187843 82.1876647549736 3000.0 3000.0 3000.0 0.0 0.0 0.0 0.0 0.0 1 0.0 1.0
56000.0 58000.0 6 3 419.97435315930477 419.97435315930477 415.63277127981644 3623.869031686758 3623.869031686758 643.4856778920715 643.4856778920715 7.36054247387649 1199641.3082483045 1156486.164689411 0.0 23.589262553606495 4.341581879488315 636.1251354181951 960.2639999999956 0.0 510.40568977864314 353.2410867293335 3000.0 3000.0 3000.0 0.0 128.0 128.0 128.0 0.0 1 2.0 1.0
58000.0 60000.0 7 3 524.3596168426624 524.3596168426624 519.0358935994149 4455.397478642032 4455.397478642032 774.336478883137 774.336478883137 9.988590184678023 1423762.9173797998 1386404.2995532898 0.0 24.300637205021303 5.323723243247441 764.347888698459 996.1370000000024 316.6552734375 523.2979012276794 240.89492509836717 3000.0 3000.0 3000.0 0.0 128.0 128.0 128.0 0.0 2 2.0 1.0
60000.0 62000.0 7 3 416.09626353331396 416.09626353331396 412.34997288373074 3131.1143895413015 3131.1143895413015 604.3748896545901 604.3748896545901 8.19302523051583 1252816.5155975206 1236215.263421479 0.0 9.658685624923466 3.746290649583222 596.1818644240743 998.4170000000013 216.10599999999977 506.70396735490897 288.2849500827058 3000.0 3000.0 3000.0 0.0 128.0 128.0 128.0 0.0 1 1.0 1.0
62000.0 64000.0 3 2 294.5759133548081 294.5759133548081 292.1379806659433 2034.9220644466297 2034.9220644466297 402.67420658788825 402.67420658788825 4.156899033297165 812617.7626852638 786245.7626852638 0.0 17.0 2.4379326888647768 398.51730755459107 987.9070000000065 260.45900000000256 655.4002304687552 367.72094665713394 3000.0 3000.0 3000.0 0.0 128.0 128.0 128.0 0.0 1 1.0 1.0
64000.0 66000.0 3 2 249.59335924891602 249.59335924891602 245.72677772008376 3212.5968536424507 3212.5968536424507 345.3265223065805 345.3265223065805 5.0 752544.9967722471 710761.2148280172 0.0 23.532396817154826 3.8665815288322567 340.3265223065805 998.1100000000006 517.7350000000006 793.4483333333337 247.94412608152928 3000.0 3000.0 3000.0 0.0 128.0 128.0 128.0 0.0 1 1.0 1.0
66000.0 68000.0 4 2 277.30604472196535 277.30604472196535 274.3445847389576 2470.3971860663632 2470.3971860663632 399.2739194603013 399.2739194603013 5.828041511840016 795944.359891043 777116.1418352731 0.0 12.467603182845176 2.96145998300776 393.44587794846126 999.648000000001 133.09799999999814 596.7189858398451 389.6253272740858 3000.0 3000.0 3000.0 0.0 128.0 128.0 128.0 0.0 1 1.0 1.0
68000.0 70000.0 4 2 249.54469342111634 249.54469342111634 246.6256482911278 2435.617006590597 2435.617006590597 380.7271212982579 380.7271212982579 4.9190451299885325 712408.099200198 702783.099200198 0.0 5.0 2.919045129988533 375.8080761682694 996.7339999999967 170.7800566406222 547.329777343748 389.43855283778606 3000.0 3000.0 3000.0 0.0 128.0 128.0 128.0 0.0 1 1.0 1.0
70000.0 72000.0 5 2 436.88814012775913 436.88814012775913 432.1911170732669 3930.0000016467875 3930.0000016467875 644.4471686302668 644.4471686302668 8.419077902652532 1217252.9655724738 1161824.3966250687 0.0 33.12360875173274 4.697023054492171 636.0280907276142 999.5889999999927 251.8359472656448 658.4170496093808 358.73391178222863 3000.0 3000.0 3000.0 0.0 128.0 128.0 128.0 0.0 2 2.0 1.0
72000.0 74000.0 6 3 459.53313704750457 459.53313704750457 455.73764202579116 3172.2608680220965 3172.2608680220965 664.1480735390764 664.1480735390764 7.073440173553008 1204368.2358164075 1160769.8047638126 0.0 31.87639124826726 3.795495021713369 657.0746333655235 999.7989999999991 151.01299999999173 473.35476790363947 311.7441781998891 3000.0 3000.0 3000.0 0.0 128.0 128.0 128.0 0.0 1 1.0 1.0
74000.0 76000.0 4 2 266.31960365838296 266.31960365838296 263.82132459850766 2078.1927819174102 2078.1927819174102 412.3591027678862 412.3591027678862 3.4982790598753066 762530.9778949105 762530.9778949105 0.0 0.0 2.4982790598753066 408.8608237080109 995.7810000000027 0.0 525.3380502929722 432.85235235077954 3000.0 3000.0 3000.0 0.0 128.0 128.0 128.0 0.0 1 1.0 1.0
76000.0 78000.0 4 2 311.216646961082 311.216646961082 308.27339099754454 2470.454964412519 2470.454964412519 451.94468244682605 451.94468244682605 4.262116222090603 926518.1870596781 926518.1870596781 0.0 0.0 2.9432559635374256 447.6825662247354 999.7810000000027 259.5508906250034 555.9867265624998 351.7742058164161 4400.0 4400.0 4400.0 0.0 128.0 128.0 128.0 0.0 1 1.0 1.0
78000.0 80000.0 4 2 501.968797590134 501.968797590134 498.2872153448758 3059.5395866669287 3059.5395866669287 641.8491600085852 641.8491600085852 6.3627219867050036 1160166.7410231135 1128983.282905567 0.0 22.362721986705004 3.6815822452581815 635.4864380218802 999.5629999999946 316.7659843750007 609.1540185546946 295.01268990097054 4400.0 4400.0 4400.0 0.0 128.0 128.0 128.0 0.0 1 1.0 1.0
80000.0 82000.0 4 2 367.7567556516965 367.7567556516965 364.6586432770117 2583.4332709883847 2583.4332709883847 525.5376980178777 525.5376980178777 4.367695193989898 1121498.975026451 1120614.4331439976 0.0 0.6372780132949967 3.0981123746848005 521.1700028238877 998.8619999999937 194.07600000000093 555.5957172851522 372.8257495060535 4400.0 4400.0 4400.0 0.0 128.0 128.0 128.0 0.0 1 1.0 1.0
82000.0 84000.0 4 2 418.6014746625663 418.6014746625663 417.0623090239561 1289.5074800464627 1289.5074800464627 565.8471919411959 565.8471919411959 4.269582819305098 1191690.3512683024 1167102.3512683024 0.0 19.0 1.539165638610196 561.5776091218909 999.0280000000057 266.71904101561813 591.6315019531248 335.6275844847534 4400.0 4400.0 4400.0 0.0 128.0 128.0 128.0 0.0 1 1.0 1.0
84000.0 86000.0 2 2 34.27134690887681 34.27134690887681 33.27134690887681 820.0 820.0 42.53935958314601 42.53935958314601 2.0 92559.1104751749 92559.1104751749 0.0 0.0 1.0 40.53935958314601 279.1180000000022 140.2030332031136 209.6605166015579 98.22771503038403 0.0 0.0 0.0 0.0 0.0 0.0 0.0 0.0 0 0.0 1.0
86000.0 88000.0 1 1 3.0 3.0 2.0 820.0 820.0 4.0 4.0 2.0 2921.0 2921.0 0.0 0.0 1.0 2.0 263.221000000005 263.221000000005 263.221000000005 0.0 0.0 0.0 0.0 0.0 0.0 0.0 0.0 0.0 0 0.0 1.0
88000.0 90000.0 2 1 26.404978442952583 26.404978442952583 25.29199243164262 915.1342215229911 915.1342215229911 39.929551596569084 39.929551596569084 2.2259720226199313 63051.70327511849 56220.11708727272 0.0 4.406454441088661 1.1129860113099657 37.70357957394915 276.1579999999958 112.985107421875 194.5715537109354 115.3806588478133 3000.0 3000.0 3000.0 0.0 0.0 0.0 0.0 0.0 1 0.0 1.0
90000.0 92000.0 6 3 493.5195708830131 493.5195708830131 487.97793470895266 4640.403036373521 4640.403036373521 715.0015454187421 715.0015454187421 10.013508328731904 1342483.4080321523 1236459.9552303802 0.0 63.714298731650935 5.541636174060441 704.9880370900102 913.6739999999991 271.91999999999825 680.9953746744819 264.9147013675176 3000.0 3000.0 3000.0 0.0 128.0 128.0 128.0 0.0 1 2.0 1.0
92000.0 94000.0 8 4 533.1749897451668 532.1749897451668 524.2379198993192 7063.567128014467 6314.567128014467 783.8998740316069 783.8998740316069 15.65412373591291 1533853.983201745 1444508.6699214284 1.0 57.21533403761775 7.93706984584764 767.245750295694 998.3910000000033 172.00989453123475 645.3427548828113 311.17523067495046 3000.0 3000.0 3000.0 0.0 128.0 128.0 128.0 0.0 2 2.0 1.0
94000.0 96000.0 6 3 398.63142436496275 398.63142436496275 395.4698169185223 2638.6011857689946 2638.6011857689946 553.1994845540548 553.1994845540548 5.859695390393762 1050802.0410429044 1011299.3933128391 0.0 24.66391278964265 3.1616074464404575 547.3397891636611 998.570000000007 197.878699218767 513.1691155599013 307.254686389889 3000.0 3000.0 3000.0 0.0 128.0 128.0 128.0 0.0 1 1.0 1.0
96000.0 98000.0 5 3 281.349867942825 281.349867942825 276.7968062799744 3119.550930423775 3119.550930423775 403.79361073709526 403.79361073709526 6.553061662850548 827295.4052941536 806475.4052941536 0.0 14.0 3.7331704406372213 396.42065785203135 998.3150000000169 245.3629121093545 592.8763957031217 324.8843478773642 3000.0 3000.0 3000.0 0.0 128.0 128.0 128.0 0.0 1 1.0 1.0
98000.0 100000.0 6 3 388.1865611129002 388.1865611129002 384.1202405396452 3251.241640860704 3251.241640860704 582.9065606816229 582.9065606816229 7.121770232994843 1104069.2021861642 1084569.2021861642 0.0 14.0 3.8862117954683812 575.6046816708413 999.5939999999973 157.20902734376432 527.6414791666708 375.93829861582054 3000.0 3000.0 3000.0 0.0 128.0 128.0 128.0 0.0 2 2.0 1.0
100000.0 102000.0 5 2 447.55317379357905 447.55317379357905 444.1506856908084 2843.667974575906 2843.667974575906 680.9188450460073 680.9188450460073 7.734623351298197 1288835.295186854 1256585.3594815037 0.0 17.775169816534728 3.4024881027706204 673.1842216947091 998.025999999998 262.04999999998836 544.950021484369 296.1485032092899 3000.0 3000.0 3000.0 0.0 128.0 128.0 128.0 0.0 1 1.0 1.0
102000.0 104000.0 3 2 268.1794337146004 268.1794337146004 265.95460353113515 1857.8338824596408 1857.8338824596408 388.3505279343017 388.3505279343017 3.8372452751979074 719278.9617809077 681793.897486258 0.0 22.224830183465272 2.2248301834652717 384.51328265910377 782.8790000000154 341.2219999999943 578.4253170572969 222.6423821136353 3000.0 3000.0 3000.0 0.0 128.0 128.0 128.0 0.0 1 1.0 1.0
104000.0 106000.0 3 2 295.5482254305576 295.5482254305576 291.6812928335833 3212.884729518879 3212.884729518879 418.5482254305576 418.5482254305576 5.0 770749.8047535399 733727.8047535399 0.0 20.0 3.8669325969742423 413.5482254305576 998.2599999999948 471.24099999998 778.8059973958249 274.3354099321446 3000.0 3000.0 3000.0 0.0 128.0 128.0 128.0 0.0 1 1.0 1.0
106000.0 108000.0 4 2 307.529445670796 307.529445670796 304.5553426530855 2480.764474522587 2480.764474522587 449.9194784966527 449.9194784966527 5.841035614684714 813114.1124702407 775862.1124702407 0.0 24.0 2.9741030177104717 444.078442881968 998.6059999999998 133.0650078125036 574.9129760742144 405.285364424152 3000.0 3000.0 3000.0 0.0 128.0 128.0 128.0 0.0 1 1.0 1.0
108000.0 110000.0 4 2 293.3506186838069 293.3506186838069 290.3830885027884 2475.374748435166 2475.374748435166 431.5777174493566 431.5777174493566 4.967530181018494 805373.884332695 778171.884332695 0.0 19.0 2.9675301810184953 426.6101872683381 998.0939999999973 156.2631035156228 603.518846191404 359.79945521916653 3000.0 3000.0 3000.0 0.0 128.0 128.0 128.0 0.0 1 1.0 1.0
110000.0 112000.0 4 2 282.49804057837093 282.49804057837093 279.56722988586057 2445.264767858475 2445.264767858475 422.09903845160517 422.09903845160517 4.930810692510335 803157.0826602989 767572.0826602989 0.0 22.0 2.9308106925103354 417.16822775909486 998.9539999999979 178.71971875001327 559.6674067382846 373.91724575889106 3000.0 3000.0 3000.0 0.0 128.0 128.0 128.0 0.0 1 1.0 1.0
112000.0 114000.0 4 2 318.6356846168061 318.6356846168061 314.833403177446 3176.8290174785952 3176.8290174785952 462.7508185727546 462.7508185727546 5.8022814393601045 815608.7071296661 777825.4223157773 0.0 25.39580274650777 3.8022814393601037 456.9485371333945 999.0199999999895 257.33809179687523 650.3525527343736 306.8819574887043 3000.0 3000.0 3000.0 0.0 128.0 128.0 128.0 0.0 1 1.0 1.0
114000.0 116000.0 3 2 333.4379850196625 333.4379850196625 331.97964294723613 1220.882262186298 1220.882262186298 434.1047215990733 434.1047215990733 3.458342072426351 794383.4086535594 775970.6934674482 0.0 14.60419725349223 1.4583420724263514 430.64637952664697 996.3960000000079 215.55988085936406 551.35129361979 401.7193956777974 3000.0 3000.0 3000.0 0.0 128.0 128.0 128.0 0.0 1 1.0 1.0
116000.0 118000.0 4 2 429.2214823240304 429.2214823240304 423.1626999662672 5056.044757685938 5056.044757685938 633.0907497386953 633.0907497386953 9.058782357763144 1184469.1716109952 1145609.5022803 0.0 24.427290647060484 6.058782357763144 624.0319673809321 999.4459999999963 322.19091796875 796.0127495117194 322.04865174434156 3000.0 3000.0 3000.0 0.0 128.0 128.0 128.0 0.0 2 2.0 1.0
118000.0 120000.0 5 2 392.45717745813886 392.45717745813886 389.65236150527346 2338.1058570294695 2338.1058570294695 614.1318424686158 614.1318424686158 4.941217642236855 1121581.506806864 1102824.176137559 0.0 12.572709352939516 2.8048159528654 609.1906248263789 997.939000000013 3.0089999999909196 528.955188281252 439.0681287933412 3000.0 3000.0 3000.0 0.0 128.0 128.0 128.0 0.0 1 1.0 1.0
120000.0 122000.0 4 2 365.8578592468001 365.8578592468001 362.9780733140735 2419.778918189582 2419.778918189582 545.8111293166454 545.8111293166454 5.743384243355094 991541.5241843213 975032.4469078914 0.0 11.15076365032641 2.8797859327265485 540.0677450732903 999.5920000000042 133.170060546865 555.3930366210916 388.9495625723116 4400.0 4400.0 4400.0 0.0 128.0 128.0 128.0 0.0 1 1.0 1.0
122000.0 124000.0 4 2 397.2279816356796 397.2279816356796 394.3542300370426 2394.4645743684514 2394.4645743684514 602.547423922138 602.547423922138 4.873751598637097 1169670.3399897236 1162877.8525541432 0.0 5.083508033657973 2.8737515986370967 597.673672323501 998.7930000000051 256.1079140625079 531.3367539062529 328.0518683917788 4400.0 4400.0 4400.0 0.0 128.0 128.0 128.0 0.0 1 1.0 1.0
124000.0 126000.0 4 2 434.3297135715111 434.3297135715111 431.9468494135033 1983.60589272656 1983.60589272656 613.0696755157072 613.0696755157072 3.382864158007809 1174531.0857265997 1160494.9652154972 0.0 11.976830740021658 2.382864158007809 609.6868113576994 999.2369999999937 0.0 544.4277924804701 468.56042443114615 4400.0 4400.0 4400.0 0.0 128.0 128.0 128.0 0.0 1 1.0 1.0
126000.0 128000.0 4 2 304.4423901877075 304.4423901877075 300.68415698759753 3140.4323544926106 3140.4323544926106 456.3243682746046 456.3243682746046 5.0 944787.5790389547 941445.2642620674 0.0 2.7888975759939596 3.7582332001099887 451.3243682746046 997.9949999999953 74.02872851563734 546.1454194335965 410.83870691822705 4400.0 4400.0 4400.0 0.0 128.0 128.0 128.0 0.0 1 1.0 1.0
128000.0 130000.0 4 2 366.25549554513384 366.25549554513384 362.55418932246505 3074.9853664138436 3074.9853664138436 515.3053963020666 515.3053963020666 5.72976971138943 1128805.555557336 1125844.8798382292 0.0 2.1893091341682904 3.7013062226688715 509.5756265906772 999.7090000000026 240.7830507812614 585.1432324218767 344.39636731612336 4400.0 4400.0 4400.0 0.0 128.0 128.0 128.0 0.0 1 1.0 1.0
130000.0 132000.0 4 2 370.3424287831441 370.3424287831441 367.3518651923862 2494.167780329014 2494.167780329014 523.3326001942257 523.3326001942257 5.720333302147278 1123785.1014781916 1122688.7771972984 0.0 0.8106908658317096 2.9905635907578483 517.6122668920784 998.5940000000119 236.67199999999139 556.4508007812474 368.47036139416855 4400.0 4400.0 4400.0 0.0 128.0 128.0 128.0 0.0 1 1.0 1.0
132000.0 134000.0 4 2 434.3218364046976 434.3218364046976 432.7719394182343 1298.4144987645318 1298.4144987645318 603.8478339147732 603.8478339147732 3.5498969864632914 1211579.5172441723 1189822.4476438363 0.0 14.9308820219482 1.5498969864632914 600.2979369283099 999.0659999999916 183.18400000000838 549.5174521484369 387.15605495397983 4400.0 4400.0 4400.0 0.0 128.0 128.0 128.0 0.0 1 1.0 1.0
134000.0 136000.0 4 2 394.1406167874359 394.1406167874359 390.39224186024126 3115.6674402996323 3115.6674402996323 511.3225844573994 511.3225844573994 5.748374927194673 1033172.7107410992 1009189.0888507101 0.0 15.043116813166577 3.7483749271946736 505.5742095302047 995.7069999999949 255.1061093749886 611.0993417968712 324.8102917092638 4400.0 4400.0 4400.0 0.0 128.0 128.0 128.0 0.0 1 1.0 1.0
136000.0 138000.0 4 2 397.210324322558 397.210324322558 394.9586992497526 1888.3325597003675 1888.3325597003675 524.5731388366452 524.5731388366452 4.251625072805327 999607.6365623644 984870.3280530897 0.0 11.026001164885221 2.2516250728053264 520.3215137638399 998.8310000000056 249.05774218749139 560.5909580078151 364.01147548749157 4400.0 4400.0 4400.0 0.0 128.0 128.0 128.0 0.0 1 1.0 1.0
138000.0 140000.0 5 3 466.8859528734281 466.8859528734281 463.8859528734281 2502.0 2502.0 655.7159355764159 655.7159355764159 5.0 1250320.9816611973 1220339.5411107407 0.0 21.028256118474978 3.0 649.7159355764159 996.3759999999893 43.78200000000652 488.72497617187327 372.623614270079 4400.0 4400.0 4400.0 0.0 128.0 128.0 128.0 0.0 1 1.0 1.0
140000.0 142000.0 5 3 375.45684020410806 375.45684020410806 371.45684020410806 3342.0 3342.0 583.7799213452647 583.7799213452647 7.0 1093361.7500960748 1064791.568120532 0.0 17.654637627249933 4.0 576.7799213452647 999.4569999999949 0.0 545.3662007812469 439.25295392086394 4400.0 4400.0 4400.0 0.0 128.0 128.0 128.0 0.0 1 2.0 1.0
142000.0 144000.0 6 3 497.8499006556268 495.8499006556268 491.8499006556268 3767.0 3767.0 692.1474001368028 692.1474001368028 7.0 1312824.539302106 1271489.1618281053 1.0 29.31710625427509 4.0 683.1474001368028 998.734999999986 36.625 472.10767089843284 346.28996785501397 4400.0 4400.0 4400.0 0.0 0.0 0.0 0.0 0.0 1 0.0 1.0
144000.0 146000.0 5 3 375.74778790382163 375.74778790382163 371.045101059545 3933.6623228809194 3933.6623228809194 577.2886690102301 577.2886690102301 8.405373688553253 1141140.398879073 1107983.200289219 0.0 17.371366040877476 4.702686844276626 568.8832953216769 999.4210000000021 0.0 642.3540449218766 378.32295201672406 4400.0 4400.0 4400.0 0.0 128.0 128.0 128.0 0.0 2 2.0 1.0
146000.0 148000.0 7 3 486.15123747571437 486.15123747571437 482.56718594730216 2978.249522931466 2978.249522931466 739.6125410940665 739.6125410940665 5.462563784476497 1450384.1118263952 1415634.3104162496 0.0 20.628633959122524 3.5840515284122594 734.14997730959 999.4409999999916 244.31173242186196 603.6715722656185 305.93332114526817 4400.0 4400.0 4400.0 0.0 128.0 128.0 128.0 0.0 1 1.0 1.0
148000.0 150000.0 6 3 506.3853276278019 506.3853276278019 503.6720660004908 2276.0881541876142 2276.0881541876142 705.8269997998234 705.8269997998234 6.132062526970248 1399134.985206855 1379521.6512961744 0.0 11.395592304485621 2.7132616273111134 699.6949372728532 998.5840000000026 125.7939453125 563.2054524739555 336.2362144067865 4400.0 4400.0 4400.0 0.0 128.0 128.0 128.0 0.0 1 1.0 1.0
150000.0 152000.0 4 3 461.84654501712976 461.84654501712976 458.2689027202921 2988.374813937373 2988.374813937373 667.6823643053137 667.6823643053137 5.577642296837736 1395014.0718711973 1370013.4057818777 0.0 13.604407695514379 3.5776422968377353 662.1047220084761 998.6989999999932 485.06298828125 737.8305107421911 212.50078355087976 4400.0 4400.0 4400.0 0.0 128.0 128.0 128.0 0.0 1 1.0 1.0
152000.0 154000.0 4 2 382.41993674071267 382.41993674071267 379.49195960030346 2441.3567522245626 2441.3567522245626 567.0167628512927 567.0167628512927 4.927977140409219 1137941.5085376739 1130221.7109697873 0.0 3.5393360607286812 2.927977140409219 562.0887857108835 998.1959999999963 354.6660117187421 588.7072460937488 295.446364549086 4400.0 4400.0 4400.0 0.0 128.0 128.0 128.0 0.0 1 1.0 1.0
154000.0 156000.0 4 2 481.0983272888156 481.0983272888156 477.79859955875315 2744.706582704931 2744.706582704931 651.120747588495 651.120747588495 5.702401313717262 1164980.8532580067 1138131.874885591 0.0 16.876705441199753 3.299727730062523 645.4183462747778 999.8379999999888 374.287109375 544.1602841796848 304.42854359874116 4400.0 4400.0 4400.0 0.0 128.0 128.0 128.0 0.0 1 1.0 1.0
156000.0 158000.0 3 2 403.29948255397824 403.29948255397824 400.32850714358574 2470.146364848766 2470.146364848766 567.7562371985744 567.7562371985744 4.568301826737775 1143121.8791701272 1137139.6551104295 0.0 3.583958498071566 2.9709754103925134 563.1879353718366 996.8409999999858 555.2178906250047 773.2356132812469 220.86457202494728 4400.0 4400.0 4400.0 0.0 128.0 128.0 128.0 0.0 1 1.0 1.0
158000.0 160000.0 4 2 391.0730550791684 391.0730550791684 388.8493776568704 1865.415486284367 1865.415486284367 598.5171908065806 598.5171908065806 4.2236774222980085 1129340.552927686 1092488.552927686 0.0 27.0 2.2236774222980085 594.2935133842825 999.0300000000279 221.17805078125093 624.0397382812589 331.63697606643126 4400.0 4400.0 4400.0 0.0 128.0 128.0 128.0 0.0 1 1.0 1.0
160000.0 162000.0 4 2 398.6451185038913 398.6451185038913 395.6451185038913 2502.0 2502.0 551.2384248587178 551.2384248587178 5.0 1133533.123072624 1126639.123072624 0.0 4.0 3.0 546.2384248587178 999.771000000037 245.36809765623184 624.0352495117331 364.70295929558006 4400.0 4400.0 4400.0 0.0 128.0 128.0 128.0 0.0 1 1.0 1.0
162000.0 164000.0 4 2 393.0832003070798 393.0832003070798 389.2176446693104 3211.755622970904 3211.755622970904 542.8923079756445 542.8923079756445 5.0 1111893.7592170436 1110692.3679918197 0.0 0.8655556377693949 3.865555637769395 537.8923079756445 998.35699999996 134.63509960935335 597.3898403320054 401.88257419672954 4400.0 4400.0 4400.0 0.0 128.0 128.0 128.0 0.0 1 1.0 1.0
164000.0 166000.0 4 2 341.88973723774154 341.88973723774154 339.01390380740474 2400.183412876163 2400.183412876163 499.7744684912924 499.7744684912924 5.741389068106178 1043095.9658818385 1042909.3571070624 0.0 0.13444436223060513 2.8758334303367836 494.0330794231862 998.8360000000393 133.6347382812528 555.1604575195452 388.1532317385289 4400.0 4400.0 4400.0 0.0 128.0 128.0 128.0 0.0 1 1.0 1.0
166000.0 168000.0 4 2 362.8618897952541 362.8618897952541 359.14738037776124 3102.4567072001973 3102.4567072001973 548.8270232466443 548.8270232466443 4.986560174693379 1103737.4689009695 1100706.288253952 0.0 2.18384772839867 3.7145094174929345 543.8404630719509 997.9500000000407 257.1009999999951 558.9514599609611 365.5748681458686 4400.0 4400.0 4400.0 0.0 128.0 128.0 128.0 0.0 1 1.0 1.0
168000.0 170000.0 4 2 397.8548956181278 397.8548956181278 395.58317360103297 1906.2607202210258 1906.2607202210258 586.463859613831 586.463859613831 4.272050757200443 1085091.5148719428 1067499.758261221 0.0 12.543772774295261 2.2717220170948176 582.1918088566306 998.3900000000431 242.64200000002165 559.3880126953372 367.30560201440767 4400.0 4400.0 4400.0 0.0 128.0 128.0 128.0 0.0 1 1.0 1.0
170000.0 172000.0 4 2 451.8794594101093 451.8794594101093 448.8949199103173 2488.98225882491 2488.98225882491 612.0844838754573 612.0844838754573 5.7121600024859855 1182800.9271426422 1155141.039732777 0.0 18.96965951719395 2.9845394997920542 606.3723238729713 997.179999999993 271.97201757811126 589.475245605463 326.38323798706347 4400.0 4400.0 4400.0 0.0 128.0 128.0 128.0 0.0 1 1.0 1.0
172000.0 174000.0 4 2 365.950200502662 365.950200502662 363.0211191647346 2442.286486534876 2442.286486534876 547.2761180900217 547.2761180900217 4.929081337927406 1096856.2955106748 1093660.1201782792 0.0 2.3027199801121183 2.929081337927406 542.3470367520943 997.2239999999874 282.95103515623487 535.7932441406228 318.8974047819504 4400.0 4400.0 4400.0 0.0 128.0 128.0 128.0 0.0 1 1.0 1.0
174000.0 176000.0 4 2 371.23932819993723 371.23932819993723 367.9212910070798 2758.275973986694 2758.275973986694 572.0700152544599 572.0700152544599 5.797676459492819 1098237.1721059817 1079112.736293442 0.0 12.877835599812421 3.3180371928574157 566.272338794967 997.122000000003 273.27005859371275 531.7632490234391 320.67358863719505 4400.0 4400.0 4400.0 0.0 128.0 128.0 128.0 0.0 1 1.0 1.0
176000.0 178000.0 3 2 389.7993734855594 389.7993734855594 386.9447362417489 2373.209754591902 2373.209754591902 566.0533826431823 566.0533826431823 4.374997977175097 1132988.62558888 1128655.0614014196 0.0 3.1221644001875792 2.8546372438105 561.6783846660073 997.30799999999 511.48806249999325 751.5029843749944 242.9617188104959 4400.0 4400.0 4400.0 0.0 128.0 128.0 128.0 0.0 1 1.0 1.0
178000.0 180000.0 4 2 375.2647002867882 375.2647002867882 372.26077900810225 2505.2154485224683 2505.2154485224683 543.7906738401919 543.7906738401919 5.003921278685937 1173650.4625724794 1171380.1469056695 0.0 1.6356741115344875 3.003921278685937 538.7867525615059 998.9700000000012 170.4911093749979 539.5765175781271 382.37548446778686 4400.0 4400.0 4400.0 0.0 128.0 128.0 128.0 0.0 1 1.0 1.0
180000.0 182000.0 2 1 29.51039696570651 29.51039696570651 29.32823402147375 149.37361427086012 149.37361427086012 37.70772945618054 37.70772945618054 0.18216294423275622 81636.3234579097 81130.63912471957 0.0 0.36432588846551245 0.18216294423275622 37.52556651194778 156.65903906250605 0.0 78.32951953125303 110.77466885526627 0.0 0.0 0.0 0.0 0.0 0.0 0.0 0.0 0 0.0 1.0
182000.0 184000.0 2 1 72.28890699210339 72.28890699210339 71.01960083504554 1046.7557842427243 1046.7557842427243 116.83927980724646 116.83927980724646 2.538612314115735 193045.57063826793 179176.30354978776 0.0 9.695021654083227 1.2693061570578674 114.30066749313072 268.3420410155959 267.10800000000745 267.7250205078017 0.8725987703849238 3000.0 3000.0 3000.0 0.0 0.0 0.0 0.0 0.0 1 0.0 1.0
184000.0 186000.0 6 3 709.5516441199387 709.5516441199387 703.0334027441128 5442.457264520889 5442.457264520889 994.2327777000261 994.2327777000261 10.429970061883491 1645661.4629579147 1490777.6288341063 0.0 104.5695948690861 6.5182413758259 983.8028076381424 997.9839999999967 97.30100000000675 676.1743300781285 325.3830374004205 3000.0 3000.0 3000.0 0.0 128.0 128.0 128.0 0.0 2 3.0 1.0
186000.0 188000.0 5 2 454.5311174016225 454.5311174016225 451.3186649345063 2698.786951236386 2698.786951236386 668.6816879694848 668.6816879694848 7.879538977130884 1289267.1739442577 1278974.275156546 0.0 7.735383476830659 3.2124524671162327 660.8021489923539 999.9949999999953 130.94890429687803 648.208196093759 346.8808309129861 3000.0 3000.0 3000.0 0.0 128.0 128.0 128.0 0.0 1 1.0 1.0
188000.0 190000.0 4 2 339.0969523660603 339.0969523660603 335.2302458174945 3212.6993698239685 3212.6993698239685 507.5146361115729 507.5146361115729 5.151878646869892 885391.309875813 836990.3551181755 0.0 30.466826194263263 3.8667065485658156 502.362757464703 998.3070000000007 151.32899804686895 683.8795791015509 372.6186333326675 3000.0 3000.0 3000.0 0.0 128.0 128.0 128.0 0.0 1 1.0 1.0
190000.0 192000.0 5 2 446.7501382196053 446.7501382196053 442.1942005496404 3811.540578577081 3811.540578577081 718.66409480268 718.66409480268 9.044084636977708 1272981.089296175 1244235.9254522037 0.0 16.77605464263065 4.555937669964935 709.6200101657023 999.7490000000107 132.96968164065038 657.591815234389 323.3053429672677 3000.0 3000.0 3000.0 0.0 128.0 128.0 128.0 0.0 2 2.0 1.0
192000.0 194000.0 5 2 430.6116261192427 430.6116261192427 427.40473090408193 2693.8322547671796 2693.8322547671796 625.9244831357748 625.9244831357748 5.955915363022292 1193140.3097707843 1187925.4283723931 0.0 3.757119163106087 3.2068952151607313 619.9685677727525 998.7229999999981 187.05688671875396 541.4397125000075 303.0639233099363 4400.0 4400.0 4400.0 0.0 128.0 128.0 128.0 0.0 1 1.0 1.0
194000.0 196000.0 5 2 437.49009537804557 437.49009537804557 434.28025311343947 2660.2207894357134 2660.2207894357134 663.286417842722 663.286417842722 6.83938169829749 1269706.37783075 1228580.9605429675 0.0 24.83938169829749 3.2098422646060074 656.4470361444245 998.9239999999991 363.2910429687472 750.9544585937576 268.9322896024561 4400.0 4400.0 4400.0 0.0 128.0 128.0 128.0 0.0 1 1.0 1.0
196000.0 198000.0 5 2 308.32062507764016 308.32062507764016 305.83710641154363 2084.943313487014 2084.943313487014 430.6740454312694 430.6740454312694 5.483518666096504 871389.695853088 854242.3990252933 0.0 8.972824860794422 2.4835186660965047 425.1905267651729 999.902000000031 140.0680371093622 477.9227597656427 391.6602404110719 4400.0 4400.0 4400.0 0.0 128.0 128.0 128.0 0.0 1 1.0 1.0
198000.0 200000.0 4 2 498.54851713779385 498.54851713779385 495.8714175021879 2230.7636939090444 2230.7636939090444 660.5936724229553 660.5936724229553 5.677099635606005 1335525.7351100761 1316729.4492256534 0.0 12.18779344090809 2.677099635606005 654.9165727873493 999.755999999994 130.4780000000028 660.8274746093666 381.90216835400315 4400.0 4400.0 4400.0 0.0 128.0 128.0 128.0 0.0 1 1.0 1.0
200000.0 202000.0 4 2 382.73672472063936 382.73672472063936 378.8721916236452 3210.9171395351677 3210.9171395351677 544.1040289113768 544.1040289113768 5.0 1137608.3607251458 1136220.3607251458 0.0 1.0 3.864533096994107 539.1040289113768 998.5489999999991 135.928052734409 602.906015624998 397.9083095283186 4400.0 4400.0 4400.0 0.0 128.0 128.0 128.0 0.0 1 1.0 1.0
202000.0 204000.0 4 2 418.3485698396831 418.3485698396831 416.21310293667716 1793.082860464832 1793.082860464832 579.8077659585426 579.8077659585426 5.0 1142899.440053648 1127325.7033589906 0.0 8.798893259464354 2.135466903005893 574.8077659585426 999.8799999999756 134.7189902343962 557.9787353515785 397.8596555616313 4400.0 4400.0 4400.0 0.0 128.0 128.0 128.0 0.0 1 1.0 1.0
204000.0 206000.0 4 2 431.5694061370243 431.5694061370243 427.0436443402177 3768.3822913494655 3768.3822913494655 578.9336221646536 578.9336221646536 6.525761796806584 1071626.3103387034 1046558.4109724096 0.0 18.489749435745523 4.525761796806584 572.407860367847 999.957000000024 160.02104882808635 570.7845117187462 378.6413089731988 4400.0 4400.0 4400.0 0.0 128.0 128.0 128.0 0.0 1 1.0 1.0
206000.0 208000.0 4 2 398.0606882166336 398.0606882166336 395.0093398141188 2544.6191740872982 2544.6191740872982 548.7329074405843 548.7329074405843 4.262793302854116 1091568.2215118145 1085028.8575727658 0.0 4.711357304790123 3.051348402514817 544.4701141377302 997.6200000000244 178.3530000000028 549.2842363281234 405.3307866081546 4400.0 4400.0 4400.0 0.0 128.0 128.0 128.0 0.0 1 1.0 1.0
208000.0 210000.0 4 2 399.5901784875529 399.5901784875529 397.36776080302934 1848.6113993161207 1848.6113993161207 570.4774435453957 570.4774435453957 5.01097278418428 1179175.814043643 1152941.345826982 0.0 15.997639419224903 2.2224176845235792 565.4664707612114 999.7659999999742 210.6570566406299 557.6840034179622 396.8216768464976 4400.0 4400.0 4400.0 0.0 128.0 128.0 128.0 0.0 1 1.0 1.0
210000.0 212000.0 4 2 380.3861779701599 380.3861779701599 376.61063093419614 3153.699318688396 3153.699318688396 554.0548893520987 554.0548893520987 4.9880095760594045 1068251.3833714388 1059721.8515880997 0.0 5.002360580775097 3.7755470359637906 549.0668797760393 998.1320000000414 197.04404296877328 572.1492631836009 378.2878218761728 4400.0 4400.0 4400.0 0.0 128.0 128.0 128.0 0.0 1 1.0 1.0
212000.0 214000.0 4 2 433.7518518438922 433.7518518438922 432.326926763701 1194.68781655872 1194.68781655872 589.2221528186634 589.2221528186634 4.212462540095615 1160029.7088209873 1148957.0852258592 0.0 8.090090522865319 1.4249250801912288 585.0096902785679 997.01800000004 209.55499023440643 557.5023261719034 394.7672722716092 4400.0 4400.0 4400.0 0.0 128.0 128.0 128.0 0.0 1 1.0 1.0
214000.0 216000.0 4 2 309.6484472634702 309.6484472634702 306.6484472634702 2502.0 2502.0 451.79831530882814 451.79831530882814 5.0 979545.1505152117 974322.7741103398 0.0 3.909909477134681 3.0 446.79831530882814 996.7639999999956 117.24768554687034 547.2814497070285 389.4126383821248 4400.0 4400.0 4400.0 0.0 128.0 128.0 128.0 0.0 1 1.0 1.0
216000.0 218000.0 4 2 405.701983326008 405.701983326008 401.97705144843667 3112.3926409150486 3112.3926409150486 586.7367975680907 586.7367975680907 5.724931877571317 1158230.3318885788 1148385.032059283 0.0 7.249318775713165 3.7249318775713167 581.0118656905194 998.0129999999772 273.24288671877 597.0350478515611 316.4935154146645 4400.0 4400.0 4400.0 0.0 128.0 128.0 128.0 0.0 1 1.0 1.0
218000.0 220000.0 4 2 329.0253660170601 329.0253660170601 326.75029789463144 1891.6073590849514 1891.6073590849514 475.1820669600331 475.1820669600331 4.275068122428683 997064.9544840716 993329.2543133677 0.0 2.750681224286835 2.2750681224286833 470.9069988376044 999.3250000000116 259.8166953125037 526.453943847664 330.1555975112283 4400.0 4400.0 4400.0 0.0 128.0 128.0 128.0 0.0 1 1.0 1.0
220000.0 222000.0 4 2 360.04305686361477 360.04305686361477 357.04305686361477 2502.0 2502.0 525.4048685493204 525.4048685493204 5.0 992853.2902390566 955157.778083761 0.0 24.658017563114775 3.0 520.4048685493204 998.0890000000072 418.819091796875 566.4602529296826 287.79146144048104 4400.0 4400.0 4400.0 0.0 128.0 128.0 128.0 0.0 1 1.0 1.0
222000.0 224000.0 4 2 449.8644251005858 449.8644251005858 446.8644251005858 2502.0 2502.0 608.2488774629512 608.2488774629512 5.0 1211250.2205430912 1189795.7326983868 0.0 13.341982436885221 3.0 603.2488774629512 998.4890000000014 90.83400000000256 633.304000000011 401.85410739661916 4400.0 4400.0 4400.0 0.0 128.0 128.0 128.0 0.0 1 1.0 1.0
224000.0 226000.0 4 2 345.9604229452429 345.9604229452429 342.9604229452429 2502.0 2502.0 527.1301316688675 527.1301316688675 5.0 1088650.3677176707 1069820.3677176707 0.0 13.0 3.0 522.1301316688675 998.6879999999946 134.54190820315853 603.1252285156224 399.3351430782466 4400.0 4400.0 4400.0 0.0 128.0 128.0 128.0 0.0 1 1.0 1.0
226000.0 228000.0 5 3 453.7985212947912 453.7985212947912 450.04642551726215 3135.264644679516 3135.264644679516 656.8628125503061 656.8628125503061 5.752095777529117 1321006.2626671414 1301838.2626671414 0.0 10.0 3.752095777529117 651.110716772777 999.3679999999877 133.03299414063804 565.2853847656224 320.98804016899123 4400.0 4400.0 4400.0 0.0 128.0 128.0 128.0 0.0 1 1.0 1.0
228000.0 230000.0 4 2 381.1747006784424 381.1747006784424 378.3923660019502 2318.725797606406 2318.725797606406 545.9818643781755 545.9818643781755 5.316765130513454 1069253.3543251264 1051640.0755060539 0.0 11.87873499423414 2.7823346764921686 540.665099247662 999.8200000000361 237.77907031250652 528.7512968750088 335.71573003332134 4400.0 4400.0 4400.0 0.0 128.0 128.0 128.0 0.0 1 1.0 1.0
230000.0 232000.0 4 2 467.3678923863116 467.3678923863116 463.9331394046224 2856.431809353765 2856.431809353765 611.4897215022424 611.4897215022424 5.384914245523129 1203334.8964616805 1180184.1358018578 0.0 16.84391592716006 3.4347529816891815 606.1048072567193 999.0890000000654 334.17399999999907 566.8422187500182 294.9779568591751 4400.0 4400.0 4400.0 0.0 128.0 128.0 128.0 0.0 1 1.0 1.0
232000.0 234000.0 3 2 417.0462416466306 417.0462416466306 413.4666220818027 2983.084238807124 2983.084238807124 583.0578467093508 583.0578467093508 4.320626346703464 1112881.8398530972 1100004.8793319922 0.0 9.2773490786058 3.5796195648278606 578.7372203626473 996.0460000000603 505.91600781251327 754.0776679687746 245.1236836688551 4400.0 4400.0 4400.0 0.0 128.0 128.0 128.0 0.0 1 1.0 1.0
234000.0 236000.0 4 2 368.9193198917147 368.9193198917147 366.687424601623 1856.666107869788 1856.666107869788 546.0461919342074 546.0461919342074 5.006296790360835 1135857.193399617 1135857.193399617 0.0 0.0 2.231895290091672 541.0398951438466 998.4800000000396 221.48200390624697 561.6095629882911 386.314197322621 4400.0 4400.0 4400.0 0.0 128.0 128.0 128.0 0.0 1 1.0 1.0
236000.0 238000.0 4 2 434.4321918771702 434.4321918771702 430.67682931374804 3136.7579105467166 3136.7579105467166 581.42163681933 581.42163681933 4.987332136396095 1106853.3406088545 1092159.05204902 0.0 11.448334697287038 3.7553625634221888 576.434304682934 999.6499999999942 217.5547519531683 559.9592021484568 380.9174523105814 4400.0 4400.0 4400.0 0.0 128.0 128.0 128.0 0.0 1 1.0 1.0
238000.0 240000.0 4 2 506.05225133188105 506.05225133188105 503.81101997066526 1864.4491076564186 1864.4491076564186 662.3097056009613 662.3097056009613 5.009261788241876 1133942.5440653376 1102411.7798668365 0.0 22.77000302485672 2.2412313612157813 657.3004438127194 998.7799999999988 228.41394335936639 558.9042187500017 386.11960193777065 4400.0 4400.0 4400.0 0.0 128.0 128.0 128.0 0.0 1 1.0 1.0
240000.0 242000.0 5 2 489.62245343854704 489.62245343854704 484.8741868840226 3972.1073331725156 3972.1073331725156 740.7076870684895 740.7076870684895 8.499573757365008 1293858.9249145454 1221288.7479688507 0.0 45.2999631176245 4.748266554524418 732.2081133111245 995.6680000000051 219.88206835935125 738.110693359375 310.97772229993535 4400.0 4400.0 4400.0 0.0 128.0 128.0 128.0 0.0 2 2.0 1.0
242000.0 244000.0 5 2 422.8304764131757 422.8304764131757 420.6208884569665 1853.5065936011001 1853.5065936011001 644.3943874142564 644.3943874142564 5.19342747937023 1206747.0734409518 1166445.044168374 0.0 25.892579516241362 2.2095879562092167 639.2009599348862 996.314000000013 222.0928886718466 592.4811285156175 342.0229598806619 4400.0 4400.0 4400.0 0.0 128.0 128.0 128.0 0.0 1 1.0 1.0
244000.0 246000.0 5 2 500.0487978218533 500.0487978218533 496.4447470387302 2993.8540589321574 2993.8540589321574 736.581085550973 736.581085550973 6.446433363633396 1342400.8514270838 1319245.110403692 0.0 16.589119643990376 3.6040507831230855 730.1346521873396 999.2750000000233 264.0229589844239 700.304758593766 295.5709539554245 4400.0 4400.0 4400.0 0.0 128.0 128.0 128.0 0.0 1 1.0 1.0
246000.0 248000.0 5 2 501.28902862290215 501.28902862290215 498.62822613202684 2233.1523977744923 2233.1523977744923 706.9906532643834 706.9906532643834 6.083273184363396 1349133.992327358 1324943.3802235108 0.0 15.133832061092589 2.6608024908753105 700.90738008002 996.6990000000224 228.79804882814642 605.4262148437556 298.594746323932 4400.0 4400.0 4400.0 0.0 128.0 128.0 128.0 0.0 1 1.0 1.0
248000.0 250000.0 5 3 488.5899686674677 488.5899686674677 485.5899686674677 2502.0 2502.0 691.231798832616 691.231798832616 5.0 1318451.2803732022 1281403.4604956862 0.0 27.37073971526745 3.0 686.231798832616 999.5040000000154 214.681884765625 558.1847953125136 297.83742252654486 4400.0 4400.0 4400.0 0.0 128.0 128.0 128.0 0.0 1 1.0 1.0
250000.0 252000.0 4 3 410.7527335563865 410.7527335563865 407.7527335563865 2502.0 2502.0 645.2717595152056 645.2717595152056 5.0 1208884.9184180517 1163533.4662750766 0.0 32.57750513254412 3.0 640.2717595152056 999.7210000000196 441.74099999998 651.2033403320384 246.6923434461361 4400.0 4400.0 4400.0 0.0 128.0 128.0 128.0 0.0 1 1.0 1.0
252000.0 254000.0 5 3 394.40494171361104 394.40494171361104 390.9036829277299 2924.059897711908 2924.059897711908 592.7024418225483 592.7024418225483 6.002517571762251 1163010.0124073122 1150826.8965316506 0.0 7.917923091095837 3.5012587858811255 586.699924250786 996.414999999979 96.58400000003166 503.25756289062554 320.8889571022141 4400.0 4400.0 4400.0 0.0 128.0 128.0 128.0 0.0 1 1.0 1.0
254000.0 256000.0 4 2 415.6675806218691 415.6675806218691 412.20846758800843 2877.0487126737767 2877.0487126737767 611.5048569964463 611.5048569964463 5.438040157850432 1230323.752618257 1220797.824538238 0.0 7.202788648063416 3.459113033860663 606.0668168385957 999.3680000000168 378.6149999999907 575.6898100586113 286.0348906422773 4400.0 4400.0 4400.0 0.0 128.0 128.0 128.0 0.0 1 1.0 1.0
256000.0 258000.0 3 2 392.046227144356 392.046227144356 389.22053015145326 2349.4678159828454 2349.4678159828454 555.6481343317304 555.6481343317304 4.345511083031866 1149258.1393639988 1138946.0674440176 0.0 7.797211351936583 2.8256969929027598 551.3026232486985 999.9650000000256 471.5846992187435 751.5165664062564 265.5933743649647 4400.0 4400.0 4400.0 0.0 128.0 128.0 128.0 0.0 1 1.0 1.0
258000.0 260000.0 4 2 476.9087985657884 476.9087985657884 473.15150023513996 3138.4183025646653 3138.4183025646653 644.9019057116742 644.9019057116742 5.7572983306484575 1120867.3999103531 1096938.0143969837 0.0 16.346937146344054 3.7572983306484575 639.1446073810257 998.9580000000424 213.09600000001956 562.8544882812857 379.8934551279754 4400.0 4400.0 4400.0 0.0 128.0 128.0 128.0 0.0 1 1.0 1.0
260000.0 262000.0 4 2 522.880946232515 522.880946232515 520.6201560969728 1880.4142397117753 1880.4142397117753 669.6395288108703 669.6395288108703 4.260790135542324 1166070.8055470001 1141136.3753186013 0.0 17.107107478515243 2.260790135542324 665.378738675328 997.7550000000047 157.00799999997253 543.8164990234363 416.49675926029465 4400.0 4400.0 4400.0 0.0 128.0 128.0 128.0 0.0 1 1.0 1.0
262000.0 264000.0 4 2 475.6712529687992 475.6712529687992 472.67737454472075 2496.980307744307 2496.980307744307 607.3431572437718 607.3431572437718 4.9938784240784235 1111488.8948164764 1088404.7083175937 0.0 17.112562324674517 2.993878424078423 602.3492788196934 999.5489999999991 193.67905078124022 559.6035380859394 392.76389213830134 4400.0 4400.0 4400.0 0.0 128.0 128.0 128.0 0.0 1 1.0 1.0
264000.0 266000.0 4 2 433.1730395460435 433.1730395460435 430.1845429420532 2492.5672152720426 2492.5672152720426 586.6834392493616 586.6834392493616 4.988496603990296 1093075.686588104 1065258.0861990128 0.0 19.23137765402693 2.9884966039902956 581.6949426453714 998.3499999999767 197.4198984375107 562.8114497070346 385.9211190717122 4400.0 4400.0 4400.0 0.0 128.0 128.0 128.0 0.0 1 1.0 1.0
266000.0 268000.0 2 1 51.44571403612401 51.44571403612401 51.23224634302806 175.0435083386792 175.0435083386792 59.98442175996202 59.98442175996202 0.21346769309595023 108561.55693626264 104117.15956600496 0.0 3.2020153964392537 0.21346769309595023 59.77095406686607 210.02509960939642 0.0 105.01254980469821 148.51017215318433 0.0 0.0 0.0 0.0 0.0 0.0 0.0 0.0 0 0.0 1.0
268000.0 270000.0 4 2 447.3409200165453 447.3409200165453 442.29545900552336 4204.74696173373 4204.74696173373 692.3206083589654 692.3206083589654 8.294048860828582 1283214.671085544 1224493.7414471603 0.0 36.18342785731908 5.045461011021931 684.0265594981367 998.3719999999739 248.48095703125 705.5212314453238 321.0058716014011 4400.0 3000.0 3700.0 989.9494936611666 128.0 128.0 128.0 0.0 2 2.0 1.0
270000.0 272000.0 5 2 482.7971210519124 482.7971210519124 478.29409542129406 3766.4969508278155 3766.4969508278155 723.5629518085475 723.5629518085475 8.254437780811834 1368422.032670952 1300581.9623093356 0.0 39.816572142680926 4.5030256306184855 715.3085140277356 999.4180000000051 195.04503124998882 653.1062347656349 300.4126356572346 3000.0 3000.0 3000.0 0.0 128.0 128.0 128.0 0.0 1 1.0 1.0
272000.0 274000.0 4 2 313.02784153973005 313.02784153973005 310.75311961748605 1891.7871098237272 1891.7871098237272 439.87344536571476 439.87344536571476 4.274721922244063 892919.4477627422 888755.4477627422 0.0 3.0 2.2747219222440624 435.59872344347065 999.9430000000284 209.3869999999879 557.1307343750086 402.5506031103243 3000.0 3000.0 3000.0 0.0 128.0 128.0 128.0 0.0 1 1.0 1.0
274000.0 276000.0 4 2 336.9373228550821 336.9373228550821 333.2246876472152 3101.7193081683454 3101.7193081683454 485.4761851424693 485.4761851424693 4.944713321991194 1012664.6111360888 999873.1042049436 0.0 7.143375087005391 3.7126352078668683 480.5314718204781 999.0219999999972 171.05296289065154 584.858819824236 366.776815675303 4400.0 4400.0 4400.0 0.0 128.0 128.0 128.0 0.0 1 1.0 1.0
276000.0 278000.0 4 2 420.188888844859 420.188888844859 417.9075177695381 1897.3658440455818 1897.3658440455818 587.9409193504536 587.9409193504536 5.049292961196522 1159860.1283936107 1146611.1338819657 0.0 8.577128842499977 2.281371075320848 582.891626389257 997.1819999999716 229.39668359374627 559.3444833984249 384.28637100054385 4400.0 4400.0 4400.0 0.0 128.0 128.0 128.0 0.0 1 1.0 1.0
278000.0 280000.0 4 2 71.77882042976306 71.77882042976306 70.77668707480633 832.0023399087527 832.0023399087527 94.97277606605158 94.97277606605158 1.8214815569856637 183850.34468817615 178089.43736703557 0.0 3.6822540317597383 1.002133354956734 93.1512945090659 202.951904296875 0.0 136.50716894531797 92.20174364343735 4400.0 4400.0 4400.0 0.0 128.0 128.0 128.0 0.0 1 1.0 1.0
280000.0 282000.0 5 3 472.91002548701897 472.91002548701897 469.2014253702399 3104.4139699283787 3104.4139699283787 659.6847826511245 659.6847826511245 7.41720023355813 1399174.5019833185 1380034.9107472491 0.0 11.597242038734894 3.708600116779065 652.2675824175664 828.1159785156487 275.6020000000717 551.3131945312722 219.1521077597544 3000.0 3000.0 3000.0 0.0 128.0 128.0 128.0 0.0 1 1.0 1.0
282000.0 284000.0 3 2 121.0190597750891 121.0190597750891 119.54700809389709 1217.4675155636683 1217.4675155636683 152.1683312566736 152.1683312566736 2.94410336238401 336468.26227956795 336468.26227956795 0.0 0.0 1.472051681192005 149.2242278942896 471.5801015624893 115.6479999999865 279.9887005208293 179.5239976711509 0.0 0.0 0.0 0.0 0.0 0.0 0.0 0.0 0 0.0 1.0
284000.0 286000.0 3 2 50.18431385806076 50.18431385806076 47.295452087251924 2399.755269771335 2399.755269771335 66.1340089982605 66.1340089982605 5.777723541617674 103928.62590445086 102145.22257027379 0.0 1.2830239814223536 2.888861770808837 60.35628545664282 907.8300000000163 106.86328125 444.0820865885471 415.20372412658924 3000.0 3000.0 3000.0 0.0 128.0 128.0 128.0 0.0 1 1.0 1.0
286000.0 288000.0 5 2 563.7179484945794 563.7179484945794 560.4482755595092 2737.4138831671517 2737.4138831671517 755.4633433543253 755.4633433543253 6.539345870140627 1313358.8447054434 1280418.2480396202 0.0 22.716976018577647 3.2696729350703135 748.9239974841846 998.5250000000233 96.280029296875 542.2523539062589 386.43532000711036 3000.0 3000.0 3000.0 0.0 128.0 128.0 128.0 0.0 1 1.0 1.0
288000.0 290000.0 4 2 537.7813583534462 537.7813583534462 532.4511781313568 4443.530995579017 4443.530995579017 744.7749670785806 744.7749670785806 7.927208708179185 1395285.0800961202 1370351.2208181662 0.0 18.155518211782503 5.330180222089375 736.8477583704015 995.9099999999744 511.03197070310125 781.6867866210814 205.69594189494896 3000.0 3000.0 3000.0 0.0 128.0 128.0 128.0 0.0 2 2.0 1.0
290000.0 292000.0 5 2 384.23994569718894 384.23994569718894 380.86418787592515 2818.167505853018 2818.167505853018 509.75648395061455 509.75648395061455 6.755721880062515 1038517.4879322291 1012521.3472101833 0.0 18.844481788217497 3.3757578212638184 503.000762070552 996.939000000013 133.26709179684985 556.2165863281232 372.1129859044962 3000.0 3000.0 3000.0 0.0 128.0 128.0 128.0 0.0 1 1.0 1.0
292000.0 294000.0 4 2 312.9847819251803 312.9847819251803 310.0066550600212 2484.064029430475 2484.064029430475 421.6871349208526 421.6871349208526 5.842599614391459 811333.5623531347 767645.5623531347 0.0 29.0 2.978126865159116 415.8445353064611 999.125 132.43289257813012 588.228466308603 401.59076834026683 3000.0 3000.0 3000.0 0.0 128.0 128.0 128.0 0.0 1 1.0 1.0
294000.0 296000.0 4 2 301.3383842902211 301.3383842902211 298.37863407014896 2468.9951804591446 2468.9951804591446 404.66369199853335 404.66369199853335 4.959750220072127 797888.3772863466 779005.0541458757 0.0 11.604699668927175 2.9597502200721277 399.7039417784612 998.9670000000042 157.12902734376257 566.982037109381 396.5084332700118 3000.0 3000.0 3000.0 0.0 128.0 128.0 128.0 0.0 1 1.0 1.0
296000.0 298000.0 4 2 258.27612924473027 258.27612924473027 254.50957672417476 3147.830992760725 3147.830992760725 371.4389621774883 371.4389621774883 4.98210134304596 747379.2635172212 739890.5866576922 0.0 4.395300331072825 3.766552520555506 366.4568608344423 994.9639999999781 196.479878906277 559.3284990234388 386.60806444281764 3000.0 3000.0 3000.0 0.0 128.0 128.0 128.0 0.0 1 1.0 1.0
298000.0 300000.0 4 2 249.7314215263606 249.7314215263606 247.51229497771178 1844.4258439868472 1844.4258439868472 389.52021117713537 389.52021117713537 5.003577726158397 796928.8476814697 774848.8476814697 0.0 12.0 2.21912654864885 384.516633450977 997.9139999999898 212.19488281250233 559.836443359367 383.2766845992575 3000.0 3000.0 3000.0 0.0 128.0 128.0 128.0 0.0 1 1.0 1.0
300000.0 302000.0 1 1 16.745716610232446 16.745716610232446 16.53374551390039 173.81629899228614 173.81629899228614 20.56119634420946 20.56119634420946 0.21197109633205627 47151.91052358426 47151.91052358426 0.0 0.0 0.21197109633205627 20.349225247877403 205.36310937500093 205.36310937500093 205.36310937500093 0.0 0.0 0.0 0.0 0.0 0.0 0.0 0.0 0.0 0 0.0 0.0
