ts te nbins ncons c_pkts_all c_ack_cnt c_ack_cnt_p c_bytes_all c_bytes_uniq s_pkts_all s_ack_cnt s_ack_cnt_p s_bytes_all s_bytes_uniq c_pkts_retx s_pkts_retx c_pkts_data s_pkts_data max_bin_duration min_bin_duration avg_bin_duration std_bin_duration max_video_rate min_video_rate avg_video_rate std_video_rate max_audio_rate min_audio_rate avg_audio_rate std_audio_rate video_reqs audio_reqs media_reqs
0.0 2000.0 0 0 0.0 0.0 0.0 0.0 0.0 0.0 0.0 0.0 0.0 0.0 0.0 0.0 0.0 0.0 0.0 0.0 0.0 0.0 0.0 0.0 0.0 0.0 0.0 0.0 0.0 0.0 0  
2000.0 4000.0 0 0 0.0 0.0 0.0 0.0 0.0 0.0 0.0 0.0 0.0 0.0 0.0 0.0 0.0 0.0 0.0 0.0 0.0 0.0 0.0 0.0 0.0 0.0 0.0 0.0 0.0 0.0 0  
4000.0 6000.0 2 2 22.0891276163822 21.327945731719932 17.70925384080241 3127.380158031101 3127.380158031101 49.45982261114189 49.45982261114189 4.379873775579786 69733.46880896993 69209.25971826722 0.0 0.3744350647876549 3.6186918909175176 44.318766950899835 438.2080078125 187.09790039062864 312.6529541015643 177.56165978248762 0.0 0.0 0.0 0.0 0.0 0.0 0.0 0.0 0 0.0 1.0
6000.0 8000.0 7 4 417.919445339302 414.6806272239643 402.73837654774104 11130.372540934235 11130.372540934235 674.9081737013062 674.9081737013062 15.181068791560921 1029294.3070692667 896745.6405638272 0.0 92.78280366720386 11.94225067622319 656.4882867944075 998.8199999999997 157.13999999999942 465.69251757812475 343.2379631484806 2300.0 2300.0 2300.0 0.0 128.0 128.0 128.0 0.0 3 3.0 0.0
8000.0 10000.0 7 4 625.7658170098254 625.7658170098254 621.1173986646518 3874.729896224432 3874.729896224432 845.5521098582778 845.5521098582778 4.64841834517363 1341947.7561936441 1119058.4391919433 0.0 157.94575598075352 4.64841834517363 840.9036915131041 986.4689999999973 116.70800000000236 496.57564955357157 293.43497239361864 2300.0 2300.0 2300.0 0.0 128.0 128.0 128.0 0.0 2 2.0 1.0
10000.0 12000.0 7 3 629.1451076517908 629.1451076517908 624.801031782553 3637.426673629943 3637.426673629943 705.2943386871749 705.2943386871749 4.344075869237912 1148902.6657596808 1107861.8345816256 0.0 29.314879412896545 4.344075869237912 700.9502628179368 999.7189999999973 139.28300000000309 433.6301718750001 266.0058849221333 2300.0 2300.0 2300.0 0.0 128.0 128.0 128.0 0.0 2 2.0 1.0
12000.0 14000.0 7 3 475.6557049986533 475.6557049986533 471.9221266341235 3126.757484181361 3126.757484181361 706.0665526726641 706.0665526726641 3.7335783645297806 1173191.221823322 1065607.4561935458 0.0 73.90003114309154 3.7335783645297806 702.3329743081342 956.3099999999977 48.285888671875 370.3791001674098 340.0535840418701 2300.0 2300.0 2300.0 0.0 128.0 128.0 128.0 0.0 2 1.0 1.0
14000.0 16000.0 7 4 454.0348230434643 454.0348230434643 448.3316772708555 4774.258042172652 4774.258042172652 640.8102125584584 640.8102125584584 5.703145772608725 1106251.009029731 1073052.0213408899 0.0 23.693729188259745 5.703145772608725 635.1070667858497 814.68896484375 94.79931640625 426.98175697544605 338.1178177096205 2300.0 2300.0 2300.0 0.0 128.0 128.0 128.0 0.0 2 2.0 1.0
16000.0 18000.0 5 2 385.2498186327834 385.2498186327834 378.71613950297467 5458.862445080819 5458.862445080819 665.0563173313927 665.0563173313927 5.771759105558967 1105354.7552742073 1083024.3400631768 0.0 15.845645761254639 6.533679129808691 659.2845582258337 997.913999999997 95.22303515624662 731.9815957031227 365.79692429532963 2300.0 2300.0 2300.0 0.0 128.0 128.0 128.0 0.0 2 3.0 1.0
18000.0 20000.0 5 2 456.005843972874 456.005843972874 453.6525579268091 1973.7529313686746 1973.7529313686746 757.2360487597728 757.2360487597728 3.1152060703146667 1326317.505876455 1183317.6981820015 0.0 91.14271978175248 2.353286046064942 754.1208426894582 998.3859999999986 27.843999999997322 627.2559601562491 459.9212461568672 2300.0 2300.0 2300.0 0.0 128.0 128.0 128.0 0.0 1 1.0 1.0
20000.0 22000.0 4 2 320.81059903305515 320.81059903305515 317.0570265389384 3122.6326710953263 3122.6326710953263 428.50851958585497 428.50851958585497 3.75357249411676 707732.0241656278 664332.0241656278 0.0 28.0 3.75357249411676 424.7549470917382 996.7620000000024 122.87193945312174 541.3127465820307 366.8288353646983 2300.0 2300.0 2300.0 0.0 128.0 128.0 128.0 0.0 1 1.0 1.0
22000.0 24000.0 5 3 448.74765217633274 448.74765217633274 444.18825048102497 3802.6103929922792 3802.6103929922792 534.4249525120769 534.4249525120769 3.9643515533133207 950047.2141160028 892449.7091351137 0.0 40.20695553778439 4.559401695307792 530.4606009587635 998.1589999999997 46.140999999995984 432.2911765624987 378.6359124455925 4400.0 4400.0 4400.0 0.0 128.0 128.0 128.0 0.0 2 1.0 1.0
24000.0 26000.0 4 2 470.572515207291 470.572515207291 467.5659232397901 2507.471333025701 2507.471333025701 694.3504042117355 694.3504042117355 3.601642109495316 1143725.454136461 1092048.8984444072 0.0 36.35831310285838 3.006591967500844 690.7487621022401 999.7269999999917 73.55999999999767 516.5442978515603 386.458587947982 4400.0 4400.0 4400.0 0.0 128.0 128.0 128.0 0.0 1 1.0 1.0
26000.0 28000.0 4 2 463.10372476568295 463.10372476568295 460.65041625030335 2041.7460600963755 2041.7460600963755 698.8827982764344 698.8827982764344 2.453308515379602 1163504.881019447 1134473.9352506867 0.0 20.334735960573564 2.453308515379602 696.4294897610548 998.4839999999967 51.16899999999441 519.209443359372 398.5095481437875 4400.0 4400.0 4400.0 0.0 128.0 128.0 128.0 0.0 1 1.0 1.0
28000.0 30000.0 4 2 459.9103071866447 459.9103071866447 456.9250548508912 2503.882483575582 2503.882483575582 684.4323178484417 684.4323178484417 2.9852523357535095 1105276.306893947 1056170.5177748646 0.0 33.07556365648743 2.9852523357535095 681.4470655126881 996.801999999996 141.84100000000035 526.1257534179658 371.44433999185344 4400.0 4400.0 4400.0 0.0 128.0 128.0 128.0 0.0 1 1.0 1.0
30000.0 32000.0 5 3 399.7461361958184 399.7461361958184 395.21438299947204 3766.8991220349544 3766.8991220349544 647.6895321687758 647.6895321687758 4.5317531963463376 1052383.3067860403 1009996.9626633192 0.0 30.275960087657793 4.5317531963463376 643.1577789724296 998.9809999999998 125.13799999999173 453.34688124999667 351.97709156251324 3000.0 3000.0 3000.0 0.0 128.0 128.0 128.0 0.0 2 1.0 1.0
32000.0 34000.0 4 2 340.4252469519428 340.4252469519428 337.39743331324263 2525.1131337598395 2525.1131337598395 501.717539091831 501.717539091831 3.027813638700168 813592.9756963816 736945.1153798879 0.0 50.748471654638436 3.027813638700168 498.6897254531309 999.523000000001 416.49268554687296 680.8099165039057 247.8227307282598 3000.0 3000.0 3000.0 0.0 128.0 128.0 128.0 0.0 1 1.0 1.0
34000.0 36000.0 4 2 283.2893056107635 283.2893056107635 280.34818241790833 2453.0733732626522 2453.0733732626522 478.51356395200537 478.51356395200537 2.941123192855177 789737.3786929345 781337.3786929345 0.0 6.0 2.941123192855177 475.57244075915014 999.989999999998 389.74901953124936 598.2545278320304 277.8949958842103 3000.0 3000.0 3000.0 0.0 128.0 128.0 128.0 0.0 1 1.0 1.0
36000.0 38000.0 4 2 341.1943504555551 341.1943504555551 338.64701729367164 2118.317818308696 2118.317818308696 494.1964539271043 494.1964539271043 2.547333161883496 788848.2317956096 759448.2317956096 0.0 20.0 2.547333161883496 491.6491207652208 999.877999999997 340.2549999999974 583.5442241210931 292.3760026555867 3000.0 3000.0 3000.0 0.0 128.0 128.0 128.0 0.0 1 1.0 1.0
38000.0 40000.0 1 1 6.334474151838462 6.334474151838462 6.017750444246539 259.7134402253769 259.7134402253769 1.9003422455515384 1.9003422455515384 0.3167237075919231 2055.536862271581 2055.536862271581 0.0 0.0 0.3167237075919231 1.5836185379596155 261.4060117187473 261.4060117187473 261.4060117187473 0.0 0.0 0.0 0.0 0.0 0.0 0.0 0.0 0.0 0 0.0 1.0
40000.0 42000.0 1 1 2.0 2.0 1.0 820.0 820.0 3.0 3.0 1.0 2914.0 2914.0 0.0 0.0 1.0 2.0 35.254999999990105 35.254999999990105 35.254999999990105 0.0 0.0 0.0 0.0 0.0 0.0 0.0 0.0 0.0 0 0.0 1.0
42000.0 44000.0 3 2 307.12506779824923 307.12506779824923 303.9853354132555 2619.654668164735 2619.654668164735 527.3340244575239 527.3340244575239 3.1397323849937475 875710.7074817733 659132.5807868171 0.0 143.69866192496875 3.1397323849937475 524.1942920725302 998.9749999999985 139.47192382811772 516.6496412760389 439.2930733993735 3000.0 3000.0 3000.0 0.0 128.0 128.0 128.0 0.0 1 1.0 1.0
44000.0 46000.0 5 3 701.6805519040562 701.6805519040562 697.1103496517783 3822.110296417949 3822.110296417949 926.1445360701139 926.1445360701139 4.5702022522778485 1468899.4207564546 1397600.3973658583 0.0 50.92787385042587 4.5702022522778485 921.5743338178361 858.6640761718736 141.33199999999488 498.20306757812506 334.9156366395237 3000.0 3000.0 3000.0 0.0 128.0 128.0 128.0 0.0 2 2.0 1.0
46000.0 48000.0 6 3 582.312237723948 582.312237723948 577.3147155736152 4170.852537550164 4170.852537550164 863.3513495323662 863.3513495323662 4.997522150332739 1386711.9293617646 1356322.5785699629 0.0 21.70667913700126 4.997522150332739 858.3538273820334 997.976999999999 282.34799999999814 492.1701347656247 279.41588095217634 3000.0 3000.0 3000.0 0.0 128.0 128.0 128.0 0.0 2 2.0 1.0
48000.0 50000.0 5 2 533.5234684353192 533.5234684353192 529.5148920763842 3354.4060426413216 3354.4060426413216 752.9343936244783 752.9343936244783 4.008576358934979 1218840.4388561882 1202506.9397335425 0.0 11.666785087604135 4.008576358934979 748.9258172655433 999.630999999994 356.906005859375 518.4515871093754 273.06729656986136 3000.0 3000.0 3000.0 0.0 128.0 128.0 128.0 0.0 1 1.0 1.0
50000.0 52000.0 3 2 368.35867413842743 368.35867413842743 366.07470728496673 1906.97645522583 1906.97645522583 472.23569631551766 472.23569631551766 2.2839668534606856 766350.5035438192 685881.5035438192 0.0 58.0 2.2839668534606856 469.95172946205696 808.0339999999997 639.991994140626 701.9023313802076 92.33728144736145 3000.0 3000.0 3000.0 0.0 128.0 128.0 128.0 0.0 1 1.0 1.0
52000.0 54000.0 4 2 428.61501203840834 428.61501203840834 423.61501203840834 4184.0 4184.0 675.2711474577281 675.2711474577281 5.0 1073967.5474069424 1066967.5474069424 0.0 5.0 5.0 670.2711474577281 998.2489999999962 339.965087890625 707.6272719726549 341.2367144923641 3000.0 3000.0 3000.0 0.0 128.0 128.0 128.0 0.0 2 2.0 1.0
54000.0 56000.0 4 2 435.6211577622089 435.6211577622089 431.85845065667434 3127.419826538324 3127.419826538324 682.5238542129467 682.5238542129467 3.0 1138746.9209177287 1110391.1219627615 0.0 19.491435005156283 3.762707105534541 679.5238542129467 999.5170000000071 320.03399999999965 684.619458496094 281.8591711015638 3000.0 3000.0 3000.0 0.0 128.0 128.0 128.0 0.0 1 1.0 1.0
56000.0 58000.0 4 2 317.99472089222445 317.99472089222445 315.0192040388998 2481.9238197262507 2481.9238197262507 516.6351182245949 516.6351182245949 3.7382239588592374 829990.7984995958 800006.8318251257 0.0 21.84370041887304 2.975516853324696 512.8968942657357 999.9199999999983 172.62799999999697 534.989293945313 397.9680001527955 3000.0 3000.0 3000.0 0.0 128.0 128.0 128.0 0.0 1 1.0 1.0
58000.0 60000.0 5 3 344.4995902872809 344.4995902872809 341.57648255605056 2438.948339608881 2438.948339608881 500.7216188289734 500.7216188289734 2.9231077312303424 808830.6322652077 784925.9404301434 0.0 16.310191336328998 2.9231077312303424 496.79851109774313 998.2590000000055 175.1420000000071 455.03623867187997 360.8555687759853 3000.0 3000.0 3000.0 0.0 128.0 128.0 128.0 0.0 1 1.0 1.0
60000.0 62000.0 5 3 330.83882186517184 330.83882186517184 327.8579473353916 2486.3171144198313 2486.3171144198313 498.98638900053066 498.98638900053066 2.980874529780282 800794.8329015832 781404.6694113602 0.0 12.850116778730714 2.980874529780282 496.0055144707503 995.9119999999966 0.0 428.07174492187335 395.3056328295691 3000.0 3000.0 3000.0 0.0 128.0 128.0 128.0 0.0 1 1.0 1.0
62000.0 64000.0 4 2 314.9840886648512 314.9840886648512 311.36168776635475 3026.2794150690943 3026.2794150690943 494.6627453037119 494.6627453037119 2.9900973393132797 771459.067471347 737441.3385289334 0.0 24.29837781600982 3.622400898496421 491.67264796439866 997.4159999999974 145.50900000000547 530.643575195314 367.56046188136 3000.0 3000.0 3000.0 0.0 128.0 128.0 128.0 0.0 1 1.0 1.0
64000.0 66000.0 4 2 335.84303093039995 335.84303093039995 332.8736978861447 2476.5157597760935 2476.5157597760935 501.14828014385654 501.14828014385654 3.6016366034383687 775633.1672576445 759706.9360164321 0.0 11.3758794580087 2.969333044255227 497.5466435404182 999.5160000000033 205.95699999999488 544.251177246093 345.8742211375333 3000.0 3000.0 3000.0 0.0 128.0 128.0 128.0 0.0 1 1.0 1.0
66000.0 68000.0 4 2 383.505699622097 383.505699622097 381.164462946165 1954.5676776995194 1954.5676776995194 542.1164415023447 542.1164415023447 2.341236675932033 866401.6011857656 838639.1823241162 0.0 19.83029918689245 2.341236675932033 539.7752048264126 997.5470000000059 188.05299999999988 462.42101757812634 365.0871444738896 3000.0 3000.0 3000.0 0.0 128.0 128.0 128.0 0.0 1 1.0 1.0
68000.0 70000.0 4 2 335.3799361832822 335.3799361832822 332.38417192237915 2498.480100810466 2498.480100810466 488.21305126743414 488.21305126743414 2.995764260903088 804398.3975950631 770398.7388254434 0.0 23.285470549728316 2.995764260903088 485.217287006531 993.9820000000182 178.46799999999348 541.587220703128 378.63355986515194 3000.0 3000.0 3000.0 0.0 128.0 128.0 128.0 0.0 1 1.0 1.0
70000.0 72000.0 4 2 306.6739661158179 306.6739661158179 303.6884252663351 2489.984445920191 2489.984445920191 558.7903423175004 558.7903423175004 2.985540849482781 892466.3381932107 781641.6242161203 0.0 76.27101139921109 2.985540849482781 555.8048014680176 997.2989999999991 175.52599999999802 541.2322294921869 383.37061980092886 3000.0 3000.0 3000.0 0.0 128.0 128.0 128.0 0.0 1 1.0 1.0
72000.0 74000.0 4 2 330.8456631546945 330.8456631546945 327.8460063837208 2501.7147766791354 2501.7147766791354 516.8072076539914 516.8072076539914 2.9996567709736888 845299.299748698 827501.0782875296 0.0 12.999656770973688 2.9996567709736888 513.8075508830177 998.3250000000116 230.35499999999593 556.8382587890628 368.0982229156935 3000.0 3000.0 3000.0 0.0 128.0 128.0 128.0 0.0 1 1.0 1.0
74000.0 76000.0 3 2 278.19831248356286 278.19831248356286 275.754451203476 2039.8487237522136 2039.8487237522136 440.1238040863871 440.1238040863871 2.4438612800868995 704512.3965572134 682620.9907650917 0.0 15.4438612800869 2.4438612800868995 437.67994280630023 976.377999999997 454.2189999999973 717.0640227864496 261.0974081303343 3000.0 3000.0 3000.0 0.0 128.0 128.0 128.0 0.0 1 1.0 1.0
76000.0 78000.0 3 2 320.0 320.0 317.0 2502.0 2502.0 479.0 479.0 3.0 785947.0 742547.0 0.0 31.0 3.0 476.0 999.2649999999994 254.88800000002084 519.9926666666773 415.8426644974335 3000.0 3000.0 3000.0 0.0 128.0 128.0 128.0 0.0 1 1.0 1.0
78000.0 80000.0 3 2 411.0 411.0 408.0 2502.0 2502.0 532.0 532.0 3.0 874931.0 765731.0 0.0 77.0 3.0 529.0 999.8340000000026 382.47000000000116 646.8043333333286 318.09546325016254 3000.0 3000.0 3000.0 0.0 128.0 128.0 128.0 0.0 1 1.0 1.0
80000.0 82000.0 3 2 275.99403136620526 275.99403136620526 272.232926420441 3126.1060555266913 3126.1060555266913 441.7215440340683 441.7215440340683 3.0 748301.1659630548 728701.1659630548 0.0 14.0 3.7611049457642576 438.7215440340683 999.3659999999945 404.7149999999965 721.690085937497 299.2670573798512 3000.0 3000.0 3000.0 0.0 128.0 128.0 128.0 0.0 1 1.0 1.0
82000.0 84000.0 4 2 373.00596863379474 373.00596863379474 370.767073579559 1877.8939444733087 1877.8939444733087 538.2784559659317 538.2784559659317 3.0 880268.8340369452 793468.8340369452 0.0 60.0 2.2388950542357424 535.2784559659317 999.3870000000024 233.17299999999523 584.9366855468688 406.44283468778843 3000.0 3000.0 3000.0 0.0 128.0 128.0 128.0 0.0 1 1.0 1.0
84000.0 86000.0 3 2 242.76888306719113 242.76888306719113 239.76888306719113 2502.0 2502.0 435.74638094942685 435.74638094942685 3.0 707437.1345529702 707437.1345529702 0.0 0.0 3.0 432.74638094942685 995.5489999999991 91.91700000000128 616.4102975260417 469.0241641782066 3000.0 3000.0 3000.0 0.0 128.0 128.0 128.0 0.0 1 1.0 1.0
86000.0 88000.0 4 2 275.90910391948785 275.90910391948785 272.15071201778824 3123.881359393662 3123.881359393662 416.9651736440505 416.9651736440505 3.0 719014.0742371724 699288.3309252752 0.0 12.79195950849794 3.758391901699588 413.9651736440505 999.073000000004 98.59110742187477 548.4660541992198 401.16744227167874 3000.0 3000.0 3000.0 0.0 128.0 128.0 128.0 0.0 1 1.0 1.0
88000.0 90000.0 5 2 357.20976290996884 357.20976290996884 354.0181849354472 2662.9513631704363 2662.9513631704363 527.9972202084176 527.9972202084176 3.1928712031357427 873165.2265967169 833053.5120732457 0.0 28.765018669472315 3.1915779745216115 524.8043490052819 999.169000000009 146.361083984375 623.9828125000058 409.69213056741285 3000.0 3000.0 3000.0 0.0 128.0 128.0 128.0 0.0 1 1.0 1.0
90000.0 92000.0 5 3 285.9643424229924 285.9643424229924 282.47500628169325 2322.950682102333 2322.950682102333 427.1219388514427 427.1219388514427 3.543450022067222 720947.7344401521 694700.596830974 0.0 19.927146217594604 2.7863513489817655 422.1725192447406 999.8760000000038 237.24391210937756 628.4699777343776 276.5857442295508 3000.0 3000.0 3000.0 0.0 128.0 128.0 128.0 0.0 1 1.0 1.0
92000.0 94000.0 5 3 352.7741941713317 352.7741941713317 349.54777259603884 2444.113221440477 2444.113221440477 510.7786695082738 510.7786695082738 2.929406367610338 845807.9251582996 797901.520602846 0.0 31.51587560443514 2.929406367610338 507.2552327252983 999.2880000000005 237.6160273437563 520.1293796874961 316.9885844137346 3000.0 3000.0 3000.0 0.0 128.0 128.0 128.0 0.0 1 1.0 1.0
94000.0 96000.0 4 2 322.8278496820073 322.8278496820073 319.78146364198767 2540.036552816111 2540.036552816111 503.2841848472031 503.2841848472031 3.046386040019648 825260.2306206344 798087.5988469393 0.0 19.409022695496553 3.046386040019648 500.2377988071835 998.8540000000066 290.17999999997846 569.6320849609328 330.0992257240121 3000.0 3000.0 3000.0 0.0 128.0 128.0 128.0 0.0 1 1.0 1.0
96000.0 98000.0 4 2 368.4568748883882 368.4568748883882 365.51438820518206 2454.8390802290187 2454.8390802290187 501.59964526482645 501.59964526482645 2.9424866832061207 811462.7357427572 761635.3675164523 0.0 35.59097730450345 2.9424866832061207 498.6571585816203 998.3609999999899 266.0427011718857 679.6937553710886 311.6032936063412 3000.0 3000.0 3000.0 0.0 128.0 128.0 128.0 0.0 1 1.0 1.0
98000.0 100000.0 4 2 280.5338092890453 280.5338092890453 277.538808039668 2497.9010244893852 2497.9010244893852 454.4555914226081 454.4555914226081 2.9950012493772986 750236.9288082242 730636.9288082242 0.0 14.0 2.9950012493772986 451.4605901732308 997.2260000000097 339.3596796875063 581.5608989257853 310.3004827329061 3000.0 3000.0 3000.0 0.0 128.0 128.0 128.0 0.0 1 1.0 1.0
100000.0 102000.0 5 2 401.11755146396837 401.11755146396837 396.4909106308452 3870.6079071463846 3870.6079071463846 602.1359826298569 602.1359826298569 4.626640833123158 988398.0434610061 944966.7163055819 0.0 30.02237653958877 4.626640833123158 597.5093417967338 998.9089999999997 340.39208984376455 663.1528570312482 328.4374876556946 3000.0 3000.0 3000.0 0.0 128.0 128.0 128.0 0.0 2 2.0 1.0
102000.0 104000.0 5 2 453.0043462026232 453.0043462026232 449.0554469230525 3300.811543721774 3300.811543721774 733.828143894676 733.828143894676 3.9488992795706785 1169141.4466349864 1134363.1911221906 0.0 24.229040241513292 3.9488992795706785 729.8792446151052 999.7899999999936 358.5288886718772 640.2554183593747 231.06932610521017 3000.0 3000.0 3000.0 0.0 128.0 128.0 128.0 0.0 1 1.0 1.0
104000.0 106000.0 4 2 405.28680930790773 405.28680930790773 402.8361691652905 2045.481958514903 2045.481958514903 637.3058324766761 637.3058324766761 2.4506401426172117 1038073.9841405186 1005683.5668087386 0.0 21.748583218897938 2.4506401426172117 634.8551923340589 998.2069999999949 156.83699999999953 466.80474267577665 366.81749040840083 3000.0 3000.0 3000.0 0.0 128.0 128.0 128.0 0.0 1 1.0 1.0
106000.0 108000.0 3 2 348.1464726750879 348.1464726750879 345.82225449581534 1940.4253069755155 1940.4253069755155 468.78123630254197 468.78123630254197 2.324218179272582 752464.5356065618 730064.5356065618 0.0 16.0 2.324218179272582 466.4570181232694 947.2820000000211 353.79000000000815 654.2332454427184 296.8150895550875 3000.0 3000.0 3000.0 0.0 128.0 128.0 128.0 0.0 1 1.0 1.0
108000.0 110000.0 4 2 348.7042586505689 348.7042586505689 345.0099739976054 3078.9505466126566 3078.9505466126566 509.5899517098386 509.5899517098386 3.6942846529634856 857514.5206132241 818086.4481047257 0.0 28.347142326481745 3.6942846529634856 505.89566705687514 997.6549999999988 251.5100000000093 602.1445751953142 359.8892182731164 3000.0 3000.0 3000.0 0.0 128.0 128.0 128.0 0.0 1 1.0 1.0
110000.0 112000.0 3 2 309.2957413494311 309.2957413494311 306.9900260023946 1925.0494533873432 1925.0494533873432 459.4100482901614 459.4100482901614 2.3057153470365144 757042.4793867759 741213.5518952743 0.0 11.652857673518257 2.3057153470365144 457.10433294312486 904.0970000000088 171.89499999998952 576.2775664062452 372.0569542160912 3000.0 3000.0 3000.0 0.0 128.0 128.0 128.0 0.0 1 1.0 1.0
112000.0 114000.0 3 2 291.06752510992965 291.06752510992965 287.3047211037974 3127.49928502841 3127.49928502841 429.8492132448382 429.8492132448382 3.0 687446.4833982643 671499.3017038284 0.0 11.390844067454285 3.7628040061322077 426.8492132448382 998.390000000014 161.5119999999879 640.825975911459 431.5188116382329 3000.0 3000.0 3000.0 0.0 128.0 128.0 128.0 0.0 1 1.0 1.0
114000.0 116000.0 4 2 350.04942922420054 350.04942922420054 347.0546862415886 2497.6892457417703 2497.6892457417703 498.0545266615686 498.0545266615686 3.0 801077.795624228 752286.8722229272 0.0 31.82047161738115 2.994742982611915 495.0545266615686 998.69200000001 166.8740000000107 535.1782612304742 400.1975718674173 3000.0 3000.0 3000.0 0.0 128.0 128.0 128.0 0.0 1 1.0 1.0
116000.0 118000.0 4 2 334.7880099664412 334.7880099664412 331.8106044617837 2483.4725138191457 2483.4725138191457 494.36342150485996 494.36342150485996 3.734952493401617 785622.6218847872 757529.2253669671 0.0 19.2585893019678 2.9774055046574945 490.6284690114584 999.9750000000058 145.59599999999045 528.2350776367239 406.3717594979711 3000.0 3000.0 3000.0 0.0 128.0 128.0 128.0 0.0 1 1.0 1.0
118000.0 120000.0 4 2 313.7306176203144 313.7306176203144 310.2599610203616 2901.2001119881998 2901.2001119881998 491.30303875012515 491.30303875012515 3.4706565999528056 776297.6043530977 760237.1059666546 0.0 11.530095013196766 3.4706565999528056 487.8323821501723 996.640000000014 161.33400000000256 505.7027475586001 377.40101755622726 3000.0 3000.0 3000.0 0.0 128.0 128.0 128.0 0.0 1 1.0 1.0
120000.0 122000.0 3 2 353.3644180791142 353.3644180791142 351.57002717246866 1500.1388434224746 1500.1388434224746 480.42979983860806 480.42979983860806 1.794390906645577 772191.4947396227 746991.4947396227 0.0 17.0 1.794390906645577 478.6354089319625 978.0409999999974 396.1087265624956 611.5715755208317 319.00396879181744 3000.0 3000.0 3000.0 0.0 128.0 128.0 128.0 0.0 1 1.0 1.0
122000.0 124000.0 3 2 292.29068149523494 292.29068149523494 289.0082317104066 2736.7157711923282 2736.7157711923282 456.44744799595327 456.44744799595327 3.282449784828313 782037.166510275 725855.4477152365 0.0 39.12979913931325 3.282449784828313 453.16499821112495 998.6529999999912 141.10400390625 597.4503346354177 431.4257619193916 3000.0 3000.0 3000.0 0.0 128.0 128.0 128.0 0.0 1 1.0 1.0
124000.0 126000.0 3 2 429.70931850476506 429.70931850476506 426.99176828959344 2267.2842288076718 2267.2842288076718 550.5525520040467 550.5525520040467 2.717550215171687 878451.833489725 819913.5522847637 0.0 37.87020086068675 2.717550215171687 547.835001788875 903.1879999999946 696.0780000000086 819.1019986979178 108.9071336318101 3000.0 3000.0 3000.0 0.0 128.0 128.0 128.0 0.0 1 1.0 1.0
126000.0 128000.0 3 2 385.69445803459774 385.69445803459774 381.9316212313053 3127.526178699774 3127.526178699774 518.9316212313054 518.9316212313054 3.0 820965.7866048301 719321.9005063926 0.0 73.05134721316963 3.762836803292407 515.9316212313054 999.2969999999914 727.7270000000135 829.45241731771 148.04638375344652 3000.0 3000.0 3000.0 0.0 128.0 128.0 128.0 0.0 1 1.0 1.0
128000.0 130000.0 4 2 334.70796548649037 334.70796548649037 331.7301394222658 2483.817372664168 2483.817372664168 493.5807453025378 493.5807453025378 3.7406628675170017 821630.5230668222 782941.9130635931 0.0 27.133292859449384 2.977826064224595 489.8400824350208 996.7250000000058 236.69574804688455 584.6397158203181 347.96941129798654 3000.0 3000.0 3000.0 0.0 128.0 128.0 128.0 0.0 1 1.0 1.0
130000.0 132000.0 4 2 350.1751692721736 350.1751692721736 347.1975188209538 2483.673370000237 2483.673370000237 515.0934194905763 515.0934194905763 2.977650451219801 878823.7848387964 800682.280940463 0.0 51.81535992738099 2.977650451219801 512.1157690393563 999.1680000000051 259.12888476561056 597.3442338867171 315.11891649621816 3000.0 3000.0 3000.0 0.0 128.0 128.0 128.0 0.0 1 1.0 1.0
132000.0 134000.0 4 2 298.03320947167407 298.03320947167407 295.0360439338977 2499.6757409766506 2499.6757409766506 462.28953738400327 462.28953738400327 2.9971655377764033 793271.6823555888 754071.6823555888 0.0 28.0 2.9971655377764033 459.2923718462269 999.0290000000095 261.01594921873766 567.6157412109387 332.958870044596 3000.0 3000.0 3000.0 0.0 128.0 128.0 128.0 0.0 1 1.0 1.0
134000.0 136000.0 4 2 335.27461766312877 335.27461766312877 332.2799029507825 2497.6660641239187 2497.6660641239187 467.85951581306364 467.85951581306364 2.994714712346242 828817.8465494342 761617.8465494342 0.0 46.0 2.994714712346242 464.86480110071733 999.2000000000116 260.33798437498626 554.4009726562508 343.9127360132839 3000.0 3000.0 3000.0 0.0 128.0 128.0 128.0 0.0 1 1.0 1.0
136000.0 138000.0 4 2 299.9262058695697 299.9262058695697 296.98158976121016 2456.585208854799 2456.585208854799 472.87893173443234 472.87893173443234 2.944616108359511 786998.153438634 757598.153438634 0.0 19.0 2.944616108359511 469.93431562607293 999.7479999999923 265.6530937500065 551.2635214843758 344.0125648405257 3000.0 3000.0 3000.0 0.0 128.0 128.0 128.0 0.0 1 1.0 1.0
138000.0 140000.0 4 2 307.49759440688524 307.49759440688524 304.50003527592344 2499.9984873886915 2499.9984873886915 465.413605207697 465.413605207697 2.997559130961819 802853.8892157043 772053.8892157043 0.0 22.0 2.997559130961819 462.4160460767352 999.7030000000086 244.125 555.7953291015656 340.97339305452164 3000.0 3000.0 3000.0 0.0 128.0 128.0 128.0 0.0 1 1.0 1.0
140000.0 142000.0 4 2 363.0599338811293 363.0599338811293 360.0606561634613 2501.407728487762 2501.407728487762 506.74812233561374 506.74812233561374 2.9992777176680026 845995.3619517463 776728.3619517463 0.0 50.0 2.9992777176680026 503.7488446179457 997.3640000000014 341.6216914062388 593.0619902343751 299.00767769851376 3000.0 3000.0 3000.0 0.0 128.0 128.0 128.0 0.0 1 1.0 1.0
142000.0 144000.0 5 2 310.1999375363776 310.1999375363776 307.1649492684711 2538.243362414665 2538.243362414665 494.65604995106827 494.65604995106827 3.0349882679065323 817648.2548004702 798243.2107374297 0.0 13.029952190632969 3.0349882679065323 491.6210616831617 999.734999999986 74.53200000000652 526.4831367187493 392.7191743345848 3000.0 3000.0 3000.0 0.0 128.0 128.0 128.0 0.0 1 1.0 1.0
144000.0 146000.0 3 2 376.4309083779736 376.4309083779736 374.11754317172887 1931.406486389335 1931.406486389335 484.54845154970246 484.54845154970246 2.3133652062446872 796634.7171779736 728681.7612410141 0.0 48.97004780936703 2.3133652062446872 482.2350863434578 874.19200000001 649.6359999999986 726.4763489583371 127.96026968576693 3000.0 3000.0 3000.0 0.0 128.0 128.0 128.0 0.0 1 1.0 1.0
146000.0 148000.0 3 2 337.0 337.0 334.0 2502.0 2502.0 492.0 492.0 3.0 776502.0 742902.0 0.0 24.0 3.0 489.0 998.6199999999953 214.5219999999972 521.9923333333281 418.52487496722745 3000.0 3000.0 3000.0 0.0 128.0 128.0 128.0 0.0 1 1.0 1.0
148000.0 150000.0 4 2 481.2789878049237 481.2789878049237 475.413153841481 4896.060146686391 4896.060146686391 707.3046710161362 707.3046710161362 5.103814833167824 1162544.0992949067 1108711.473438456 0.0 37.07616132603632 5.865833963442725 702.2008561829684 998.9320000000007 341.72802734375 775.097977539066 309.9030699800309 3000.0 3000.0 3000.0 0.0 128.0 128.0 128.0 0.0 2 2.0 1.0
150000.0 152000.0 5 2 452.1882070514788 452.1882070514788 449.315869020847 2395.240888454802 2395.240888454802 685.0711235439976 685.0711235439976 3.6343571609068004 1138801.0697944933 1089170.063982765 0.0 35.45071843694868 2.8723380306319 681.4367663830907 999.869000000006 7.38200000001234 528.1978179687518 399.69282662950803 3000.0 3000.0 3000.0 0.0 128.0 128.0 128.0 0.0 1 1.0 1.0
152000.0 154000.0 4 2 391.6345293526492 391.6345293526492 388.71949762892916 2432.3260134504562 2432.3260134504562 517.5406887531764 517.5406887531764 2.915031723720069 828669.0773432206 784719.7977819241 0.0 30.39234254378317 2.915031723720069 514.6256570294563 998.5340000000142 196.92800000001444 526.2787465820365 372.4923817984111 3000.0 3000.0 3000.0 0.0 128.0 128.0 128.0 0.0 1 1.0 1.0
154000.0 156000.0 4 2 344.613744932922 344.613744932922 341.5597467419083 2546.2785166311774 2546.2785166311774 494.0150430929133 494.0150430929133 3.053998191013631 802172.8557012936 757398.6095181258 0.0 30.981604416548382 3.053998191013631 490.9610449018997 999.7790000000095 145.89300000001094 533.6267685546918 372.3695364754404 3000.0 3000.0 3000.0 0.0 128.0 128.0 128.0 0.0 1 1.0 1.0
156000.0 158000.0 4 2 341.3720430279408 341.3720430279408 338.42778640058395 2456.2904344326735 2456.2904344326735 482.24723454669964 482.24723454669964 2.9442566273569186 833819.3488070829 784744.3803678319 0.0 35.05354888517918 2.9442566273569186 479.3029779193427 998.5240000000049 252.1479999999865 539.9429999999993 354.99552936020115 3000.0 3000.0 3000.0 0.0 128.0 128.0 128.0 0.0 1 1.0 1.0
158000.0 160000.0 4 2 330.4725096983383 330.4725096983383 326.83386274115355 3039.881665318376 3039.881665318376 495.0844257158307 495.0844257158307 2.9935942105097717 817554.0120451315 679253.2517528853 0.0 94.78625735160446 3.638646957184787 492.0908315053209 999.4830000000075 128.53800000000047 528.0627260742185 377.97268014595977 3000.0 3000.0 3000.0 0.0 128.0 128.0 128.0 0.0 1 1.0 1.0
160000.0 162000.0 4 2 372.4491318999135 372.4491318999135 369.47980861977896 2476.5076457917958 2476.5076457917958 523.045399408877 523.045399408877 2.984661640067266 847859.1001976894 807932.7860589513 0.0 28.518795813384376 2.9693232801345317 520.0607377688096 999.5219999999972 172.2050000000163 536.3627534179614 359.68021231352947 3000.0 3000.0 3000.0 0.0 128.0 128.0 128.0 0.0 1 1.0 1.0
162000.0 164000.0 4 2 380.83765054700314 380.83765054700314 377.8882648806602 2459.9394887309663 2459.9394887309663 562.4721099388325 562.4721099388325 3.5791000530852015 897937.016784041 850587.0469590401 0.0 33.34497844642918 2.94938566634292 558.8930098857475 998.1359999999986 280.7159999999858 561.9232431640776 321.3347218779235 3000.0 3000.0 3000.0 0.0 128.0 128.0 128.0 0.0 1 1.0 1.0
164000.0 166000.0 4 2 365.60271978457706 365.60271978457706 362.60445935301215 2500.5544186304196 2500.5544186304196 511.2900526974603 511.2900526974603 2.9982604315648853 843145.3833941246 763346.6010920291 0.0 56.99913021578244 2.9982604315648853 508.2917922658954 998.6009999999951 395.0480488280882 640.5235805663979 255.20625378909983 3000.0 3000.0 3000.0 0.0 128.0 128.0 128.0 0.0 1 1.0 1.0
166000.0 168000.0 4 2 369.80119708405056 369.80119708405056 366.7915572098565 2510.0107354553033 2510.0107354553033 596.5716150970802 596.5716150970802 2.4012825014008694 960497.125571136 762542.0779811107 0.0 140.39646256430382 3.0096398741941073 594.1703325956794 998.179999999993 394.89772656251444 622.6339096679731 263.60660616971893 3000.0 3000.0 3000.0 0.0 128.0 128.0 128.0 0.0 1 1.0 1.0
168000.0 170000.0 4 2 338.6697979112602 338.6697979112602 335.69446074734094 2481.5051832169024 2481.5051832169024 534.7218697817718 534.7218697817718 2.9876685819596283 874961.3487189547 753754.7306990307 0.0 84.5761557285172 2.9753371639192565 531.7342011998123 998.55799999999 384.2730878905859 606.791763671863 273.6333500431823 3000.0 3000.0 3000.0 0.0 128.0 128.0 128.0 0.0 1 1.0 1.0
170000.0 172000.0 4 2 336.9773964527077 336.9773964527077 333.9864681741536 2494.4613994784563 2494.4613994784563 515.7464296042413 515.7464296042413 3.5869542333069653 813241.2719797096 771082.7702882892 0.0 30.113215493871706 2.990928278554099 512.1594753709344 999.579000000027 269.0689999999886 560.3629946289075 319.08935937710663 3000.0 3000.0 3000.0 0.0 128.0 128.0 128.0 0.0 1 1.0 1.0
172000.0 174000.0 4 2 365.0406517091021 365.0406517091021 362.07220376486015 2475.7802416650775 2475.7802416650775 514.1007618613974 514.1007618613974 2.9684479442419707 803423.3417542492 749788.4614655937 0.0 36.3106287776111 2.9684479442419707 511.13231391715533 997.3669999999984 371.8649999999907 585.9850859375001 288.7346673371948 3000.0 3000.0 3000.0 0.0 128.0 128.0 128.0 0.0 1 1.0 1.0
174000.0 176000.0 4 2 374.6587578286663 374.6587578286663 371.66589012288296 2496.0730635059967 2496.0730635059967 561.107379217545 561.107379217545 2.9928677057833895 895914.2828052158 772714.2828052158 0.0 88.0 2.9928677057833895 558.1145115117616 997.8889999999956 424.1807109375077 632.7014140625106 251.43785317742578 3000.0 3000.0 3000.0 0.0 128.0 128.0 128.0 0.0 1 1.0 1.0
176000.0 178000.0 4 2 404.538818885053 404.538818885053 401.50135930297057 2533.1289127104355 2533.1289127104355 527.0447065643757 527.0447065643757 3.037459582082353 838083.8925782255 752683.8925782255 0.0 60.0 3.037459582082353 524.0072469822933 997.4280000000435 426.9330546875135 613.612012207057 262.524050341925 3000.0 3000.0 3000.0 0.0 128.0 128.0 128.0 0.0 1 1.0 1.0
178000.0 180000.0 4 2 370.94708641832045 370.94708641832045 368.0817448650573 2390.0988307617104 2390.0988307617104 523.5313316548488 523.5313316548488 2.8653415532631894 824670.9198485349 788180.0162043304 0.0 26.5706454601461 2.8653415532631894 520.6659901015857 998.0439999999944 391.7890058593475 669.654323730465 268.407561531314 3000.0 3000.0 3000.0 0.0 128.0 128.0 128.0 0.0 1 1.0 1.0
180000.0 182000.0 3 2 324.9167696110931 324.9167696110931 322.9638665845238 1631.8624150790602 1631.8624150790602 474.1051575048161 474.1051575048161 1.952903026569266 802213.8533819912 730212.7570261956 0.0 51.4293545398539 1.952903026569266 472.1522544782468 994.323000000004 286.2239999999874 585.2939036458265 366.6323996812856 3000.0 3000.0 3000.0 0.0 128.0 128.0 128.0 0.0 1 1.0 1.0
182000.0 184000.0 3 2 297.8890227279178 297.8890227279178 294.12740413286474 3126.527247943501 3126.527247943501 443.0224363646684 443.0224363646684 3.0 737555.3057312018 712355.3057312018 0.0 18.0 3.7616185950530503 440.0224363646684 998.4469999999856 307.4789999999921 689.1353268229092 351.1189341795031 3000.0 3000.0 3000.0 0.0 128.0 128.0 128.0 0.0 1 1.0 1.0
184000.0 186000.0 4 2 424.1434596721251 424.1434596721251 421.16602989105843 2483.4924204746717 2483.4924204746717 555.1852720174588 555.1852720174588 3.739048376119723 880674.8330856967 779632.1589997234 0.0 72.17333863283807 2.9774297810666726 551.4462236413392 998.3539999999921 238.3380195312493 624.507748535143 322.3978660983665 3000.0 3000.0 3000.0 0.0 128.0 128.0 128.0 0.0 1 1.0 1.0
186000.0 188000.0 4 2 375.9033086342108 375.9033086342108 372.98414869045286 2435.7111538815725 2435.7111538815725 523.8042077732267 523.8042077732267 2.919159943758015 827916.6420553013 784759.3161412746 0.0 30.82666136716194 2.919159943758015 520.8850478294687 999.7179999999935 260.43102539062966 544.4365712890649 355.91355142933014 3000.0 3000.0 3000.0 0.0 128.0 128.0 128.0 0.0 1 1.0 1.0
188000.0 190000.0 4 2 376.7130608575948 376.7130608575948 373.71923368197884 2496.938284005078 2496.938284005078 517.0287937545197 517.0287937545197 2.993827175615949 809940.788778003 742740.788778003 0.0 48.0 2.993827175615949 514.0349665789038 996.5160000000033 340.40674023440806 608.6276596679672 286.6674737649227 3000.0 3000.0 3000.0 0.0 128.0 128.0 128.0 0.0 1 1.0 1.0
190000.0 192000.0 4 2 411.89687145532145 411.89687145532145 408.9115835471607 2489.9360846918016 2489.9360846918016 586.6599581349725 586.6599581349725 2.9852879081607337 961373.7737824821 787004.7627220175 0.0 113.54929361461768 2.9852879081607337 583.6746702268117 999.2720000000263 342.0331015624979 710.2470278320397 287.41794442778416 3000.0 3000.0 3000.0 0.0 128.0 128.0 128.0 0.0 1 1.0 1.0
192000.0 194000.0 4 2 392.45427665283006 392.45427665283006 390.0916000564845 1979.394809003375 1979.394809003375 517.2993319551538 517.2993319551538 2.3626765963455796 797590.6565673151 766159.6676277798 0.0 22.45070638538232 2.3626765963455796 514.9366553588083 999.4509999999718 76.27800000002026 558.8917475585986 417.35680047623293 3000.0 3000.0 3000.0 0.0 128.0 128.0 128.0 0.0 1 1.0 1.0
194000.0 196000.0 3 2 263.9382968224152 263.9382968224152 260.1758718427844 3127.188483297311 3127.188483297311 441.208645559529 441.208645559529 3.0 688843.1246455827 673899.5950448178 0.0 9.911524735201269 3.762424979630867 438.208645559529 998.4629999999888 127.72500000003492 629.3376503906524 450.23419440576936 3000.0 3000.0 3000.0 0.0 128.0 128.0 128.0 0.0 1 1.0 1.0
196000.0 198000.0 5 2 351.9084734977664 351.9084734977664 347.91003281136204 3341.2948066796544 3341.2948066796544 581.7361670377209 581.7361670377209 4.003965631673885 990129.7647974532 979549.1641033927 0.0 7.072931306647073 3.9984406864043316 577.7322014060469 999.9589999999735 112.80900000003749 467.3506433593866 382.5521141504771 3000.0 3000.0 3000.0 0.0 128.0 128.0 128.0 0.0 2 2.0 1.0
198000.0 200000.0 5 2 560.8881678047802 560.8881678047802 557.6490334708154 2719.5167100230346 2719.5167100230346 792.7574719309603 792.7574719309603 3.9960343683261152 1290021.866995967 1229305.7397064036 0.0 41.84905616953276 3.2391343339648015 788.7614375626341 999.280999999959 237.69172070312197 595.6736171874858 335.00446034040203 3000.0 3000.0 3000.0 0.0 128.0 128.0 128.0 0.0 1 1.0 1.0
200000.0 202000.0 4 2 310.1090248345539 310.1090248345539 305.819379543588 3573.6952367926583 3573.6952367926583 489.4483427690042 489.4483427690042 3.644822645482947 825001.3198212581 801414.0603688858 0.0 16.614714243448372 4.289645290965894 485.80352012352125 999.8089999999793 223.12174609376234 596.827428222663 321.32598230094214 3000.0 3000.0 3000.0 0.0 128.0 128.0 128.0 0.0 1 1.0 1.0
202000.0 204000.0 4 2 351.1898611262914 351.1898611262914 348.20590059684673 2488.6711999685303 2488.6711999685303 526.086539388652 526.086539388652 2.991980264722341 854687.0048988521 834314.5219356132 0.0 14.551773545170528 2.9839605294446816 523.0945591239297 998.301999999996 140.87699999997858 528.5745268554601 369.7076344041029 3000.0 3000.0 3000.0 0.0 128.0 128.0 128.0 0.0 1 1.0 1.0
204000.0 206000.0 4 2 289.9781289847018 289.9781289847018 286.99375639128743 2489.013625127326 2489.013625127326 469.40377559155513 469.40377559155513 2.9921862967071755 755488.6132063238 747405.1038682591 0.0 5.773935241474783 2.9843725934143515 466.411589294848 999.747000000003 167.71400000000722 535.3327026367115 360.8721022706972 3000.0 3000.0 3000.0 0.0 128.0 128.0 128.0 0.0 1 1.0 1.0
206000.0 208000.0 4 2 323.54157165710075 323.54157165710075 320.5903246587988 2461.48625558888 2461.48625558888 481.70170339878825 481.70170339878825 3.580236205214365 759963.9435958618 747015.1639914827 0.0 9.24912828884229 2.951246998301901 478.12146719357395 997.2809999999881 174.2039999999979 534.5190395507816 354.4948360873388 3000.0 3000.0 3000.0 0.0 128.0 128.0 128.0 0.0 1 1.0 1.0
208000.0 210000.0 3 2 321.4464752723903 321.4464752723903 319.6557006845171 1497.1336825226053 1497.1336825226053 508.6573543237903 508.6573543237903 1.7907745878731713 821676.3620387011 813308.650981145 0.0 5.976936469682928 1.7907745878731713 506.8665797359171 990.2239999999874 164.9890000000014 516.110652343758 426.1436602169758 3000.0 3000.0 3000.0 0.0 128.0 128.0 128.0 0.0 1 1.0 1.0
210000.0 212000.0 3 2 284.0 284.0 281.0 2502.0 2502.0 467.0 467.0 3.0 800083.0 785579.0 0.0 11.0 3.0 464.0 999.2669999999925 401.2609999999986 635.4000000000038 319.4132268660691 3000.0 3000.0 3000.0 0.0 128.0 128.0 128.0 0.0 1 1.0 1.0
212000.0 214000.0 3 2 289.7834281683957 289.7834281683957 286.022551658494 3125.9187381193597 3125.9187381193597 426.4579315100366 426.4579315100366 3.0 682181.1504635673 673781.1504635673 0.0 6.0 3.7608765099016583 423.4579315100366 998.9500000000116 217.8189999999886 657.6936705729167 399.7944380528898 3000.0 3000.0 3000.0 0.0 128.0 128.0 128.0 0.0 1 1.0 1.0
214000.0 216000.0 4 2 316.69982307733426 316.69982307733426 313.7051864199748 2497.6020590347644 2497.6020590347644 504.75687276066066 504.75687276066066 3.0 808941.3663709757 795937.3373318167 0.0 9.28859217082789 2.994636657359469 501.75687276066066 999.6889999999839 204.32000000000698 545.2810034179711 389.4638068516391 3000.0 3000.0 3000.0 0.0 128.0 128.0 128.0 0.0 1 1.0 1.0
216000.0 218000.0 4 2 315.99954270040405 315.99954270040405 313.0175818679628 2487.207882601842 2487.207882601842 468.17978766740146 468.17978766740146 3.737473999702398 769133.6534955392 757375.3645367814 0.0 8.398777827684098 2.9819608324412705 464.44231366769907 999.2859999999928 209.15499999999884 546.0005009765591 386.96072234176773 3000.0 3000.0 3000.0 0.0 128.0 128.0 128.0 0.0 1 1.0 1.0
218000.0 220000.0 4 2 372.3165660807124 372.3165660807124 369.39183207981824 2440.281880733235 2440.281880733235 534.0268480947136 534.0268480947136 2.924734000894189 873759.1949042237 820121.5129021405 0.0 38.31263000148801 2.924734000894189 531.1021140938194 998.945000000007 262.10097070311895 595.1265004882807 314.2834863362847 3000.0 3000.0 3000.0 0.0 128.0 128.0 128.0 0.0 1 1.0 1.0
220000.0 222000.0 4 2 322.5507163627547 322.5507163627547 318.9242845274604 3029.8491431361863 3029.8491431361863 513.6865579158248 513.6865579158248 2.982111917348893 808631.8677552715 776431.8677552715 0.0 23.0 3.6264318352943725 510.7044459984759 999.9340000000375 276.16699999998673 563.4242412109452 332.0098838610649 3000.0 3000.0 3000.0 0.0 128.0 128.0 128.0 0.0 1 1.0 1.0
222000.0 224000.0 4 2 364.5080652017708 364.5080652017708 362.17259232232635 1942.9127229496103 1942.9127229496103 484.0054673507227 484.0054673507227 2.979792797389883 819684.0988624917 756684.0988624917 0.0 43.0 2.3354728794444033 481.0256745533328 998.868999999977 353.99700390623184 608.0437299804616 283.0360971327622 3000.0 3000.0 3000.0 0.0 128.0 128.0 128.0 0.0 1 1.0 1.0
224000.0 226000.0 4 2 269.08318282946686 269.08318282946686 265.4503140268192 3034.7792148688964 3034.7792148688964 440.570877603496 440.570877603496 3.00437804365615 756097.9550370795 733697.9550370795 0.0 14.0 3.6328688026476623 437.5664995598399 999.2150000000256 374.8490839843871 630.4502446289262 265.2908167152212 3000.0 3000.0 3000.0 0.0 128.0 128.0 128.0 0.0 1 1.0 1.0
226000.0 228000.0 4 2 370.6852415594511 370.6852415594511 367.69212816953774 2496.277227017975 2496.277227017975 493.5676501629677 493.5676501629677 2.9965566949566633 801345.9362241649 767745.9362241649 0.0 24.0 2.9931133899133266 490.571093468011 998.515000000014 363.6481054687465 629.6325004882892 267.26110472457566 3000.0 3000.0 3000.0 0.0 128.0 128.0 128.0 0.0 1 1.0 1.0
228000.0 230000.0 4 2 288.0215685947278 288.0215685947278 285.05098562137266 2477.5544508580992 2477.5544508580992 481.9030910435626 481.9030910435626 3.5956304273032895 796835.1126407139 774435.1126407139 0.0 16.0 2.9705829733551132 478.30746061625933 998.554999999993 366.5971035156108 630.4396020507775 266.03290950396126 3000.0 3000.0 3000.0 0.0 128.0 128.0 128.0 0.0 1 1.0 1.0
230000.0 232000.0 4 2 367.48040345316383 367.48040345316383 364.5237031654002 2466.017939131597 2466.017939131597 488.4413194117501 488.4413194117501 2.3680112032560947 830899.0995945771 745499.0995945771 0.0 57.0 2.9567002877636543 486.073308208494 999.4549999999872 388.1596953124972 633.1096958007911 259.3149833021314 3000.0 3000.0 3000.0 0.0 128.0 128.0 128.0 0.0 1 1.0 1.0
232000.0 234000.0 4 2 336.90419202155954 336.90419202155954 333.950186710872 2463.778413181326 2463.778413181326 513.5567999917272 513.5567999917272 3.542694395195076 800558.6790768416 761598.8368978823 0.0 26.82845869925659 2.954005310687516 510.0141055965321 998.1030000000028 406.0889121093496 644.9374653320265 251.288287206803 3000.0 3000.0 3000.0 0.0 128.0 128.0 128.0 0.0 1 1.0 1.0
234000.0 236000.0 4 2 314.10995051768975 314.10995051768975 311.11436948990007 2498.32783409321 2498.32783409321 488.5529593083136 488.5529593083136 2.9955810277896635 797824.8253763086 779384.6675552679 0.0 13.17154130074341 2.9955810277896635 485.55737828052395 999.0329999999958 405.54099999999744 600.1055849609329 274.6536094155977 3000.0 3000.0 3000.0 0.0 128.0 128.0 128.0 0.0 1 1.0 1.0
236000.0 238000.0 4 2 328.40734891539273 328.40734891539273 325.41078054255286 2499.14831782993 2499.14831782993 516.5291659821448 516.5291659821448 2.9965683728398673 816775.5079295395 780375.5079295395 0.0 26.0 2.9965683728398673 513.532597609305 999.2200000000012 436.0057109374902 648.4357075195439 243.88384559822086 3000.0 3000.0 3000.0 0.0 128.0 128.0 128.0 0.0 1 1.0 1.0
238000.0 240000.0 4 2 340.2225262099281 340.2225262099281 337.19634665581896 2523.7552094647363 2523.7552094647363 517.6389522827817 517.6389522827817 3.026179554109189 827021.9587170351 769621.9587170351 0.0 39.0 3.026179554109189 514.6127727286726 998.591000000044 437.37988085937104 630.1717006836043 250.94139749410482 3000.0 3000.0 3000.0 0.0 128.0 128.0 128.0 0.0 1 1.0 1.0
240000.0 242000.0 4 2 322.22744430724845 322.22744430724845 320.3771567416898 1546.588966979233 1546.588966979233 493.1257189138966 493.1257189138966 1.8502875655586437 783687.5935516706 748687.5935516706 0.0 25.0 1.8502875655586437 491.275431348338 996.7449999999662 83.07600000000093 505.2855195312368 378.00033239380775 3000.0 3000.0 3000.0 0.0 128.0 128.0 128.0 0.0 1 1.0 1.0
242000.0 244000.0 3 2 312.4733512925207 312.4733512925207 308.61755195974644 3213.169245535407 3213.169245535407 486.60814728916625 486.60814728916625 3.8557993327742563 787076.552945238 743689.7194840502 0.0 30.562695663032667 3.8557993327742563 482.752347956392 999.6460000000079 426.2958984375 688.1899661458641 289.87044710803326 3000.0 3000.0 3000.0 0.0 128.0 128.0 128.0 0.0 1 1.0 1.0
244000.0 246000.0 5 2 497.7201168676022 497.7201168676022 493.0832340125253 3876.830148502586 3876.830148502586 675.5546216382095 675.5546216382095 4.636882855076954 1031000.8614432033 946987.694904391 0.0 57.43730433696733 4.636882855076954 670.9177387831326 999.5489999999991 343.25 660.0692378906184 317.226196072232 3000.0 3000.0 3000.0 0.0 128.0 128.0 128.0 0.0 2 2.0 1.0
246000.0 248000.0 6 3 448.4562812740995 447.4562812740995 442.9014494903097 4306.91234214056 4306.91234214056 655.478154124702 655.478154124702 5.554831783789924 1061376.1757321479 1013776.175732148 0.0 32.0 4.554831783789924 648.923322340912 998.3339999999735 34.5419921875 557.9283173828153 362.07251052182994 3000.0 3000.0 3000.0 0.0 128.0 128.0 128.0 0.0 1 1.0 1.0
248000.0 250000.0 3 2 407.705034089228 407.705034089228 403.9925864173143 3085.25681153637 3085.25681153637 634.4728632037971 634.4728632037971 2.9524860283588663 1045541.9716141331 1018886.1864102263 0.0 19.039846574219133 3.7124476719136497 631.5203771754383 999.890000000014 692.4440078124753 816.1004309895992 162.30451610753443 3000.0 3000.0 3000.0 0.0 128.0 128.0 128.0 0.0 1 1.0 1.0
250000.0 252000.0 4 2 373.95307374268197 373.95307374268197 370.98029271145384 2479.680445607056 2479.680445607056 517.0471525302643 517.0471525302643 3.7327426747829007 812119.5621762773 777409.9499332234 0.0 24.28758017360987 2.9727810312281173 513.3144098554814 997.7719999999972 238.77671484375605 706.7904340820387 330.46908275679897 3000.0 3000.0 3000.0 0.0 128.0 128.0 128.0 0.0 1 1.0 1.0
252000.0 254000.0 5 2 382.88064970108826 382.88064970108826 379.703223646257 2652.361915886663 2652.361915886663 551.2598206375768 551.2598206375768 3.17742605483125 906562.0200603136 826347.3543166731 0.0 56.915824348509595 3.17742605483125 548.0823945827455 998.4330000000191 242.5180664063082 625.4404261718853 362.0191070696359 3000.0 3000.0 3000.0 0.0 128.0 128.0 128.0 0.0 1 1.0 1.0
254000.0 256000.0 5 2 325.88230458580796 325.88230458580796 323.0811895007126 2334.0418188531717 2334.0418188531717 492.95978161163646 492.95978161163646 2.8011150850953785 753488.1603924005 728910.2235830016 0.0 18.756748903661403 2.8011150850953785 490.1586665265411 999.0119999999879 332.83191406249534 641.3975875000003 259.7456829102332 3000.0 3000.0 3000.0 0.0 128.0 128.0 128.0 0.0 1 1.0 1.0
256000.0 258000.0 4 2 308.3611277250337 308.3611277250337 305.4327756361216 2443.248712907968 2443.248712907968 459.8892136644401 459.8892136644401 2.928352088912156 745717.8335001053 718399.0087288389 0.0 17.594538554325275 2.928352088912156 456.96086157552793 999.1750000000466 142.74800000007963 510.0985415039322 385.5544093944611 3000.0 3000.0 3000.0 0.0 128.0 128.0 128.0 0.0 1 1.0 1.0
258000.0 260000.0 5 2 397.2143266694634 397.2143266694634 393.41599285045675 3173.895619099568 3173.895619099568 589.1921355841787 589.1921355841787 3.159583433534973 989491.0790729456 830053.5579887204 0.0 101.88686830072953 3.7983338190066975 586.0325521506438 999.9199999999837 139.2373046875 605.0741863281116 362.51498934760974 3000.0 3000.0 3000.0 0.0 128.0 128.0 128.0 0.0 1 1.0 1.0
260000.0 262000.0 5 2 291.62212236914223 291.62212236914223 288.8090104260842 2345.2518041160124 2345.2518041160124 450.5467630415196 450.5467630415196 2.8263214956865204 796365.3982595365 767236.2297830672 0.0 17.769674810631557 2.813111943057974 447.72044154583307 997.7249999999767 35.208000000042375 547.2811824218836 367.4493062113627 3000.0 3000.0 3000.0 0.0 128.0 128.0 128.0 0.0 1 1.0 1.0
262000.0 264000.0 4 2 368.73161168333195 368.73161168333195 366.9826933490183 1462.3511358146375 1462.3511358146375 502.99134667450915 502.99134667450915 2.3744591671568216 840687.3848036989 743038.8991356598 0.0 69.74891833431364 1.7489183343136432 500.6168875073523 998.7760000000126 57.2609999999986 558.5999750976625 425.11358367133374 3000.0 3000.0 3000.0 0.0 128.0 128.0 128.0 0.0 1 1.0 1.0
264000.0 266000.0 2 1 28.68353766694133 28.68353766694133 27.57747047281512 909.3085774542704 909.3085774542704 42.47227290334889 42.47227290334889 1.106067194126212 70843.65783042063 65349.37717468285 0.0 3.71235179441742 1.106067194126212 41.366205709222676 105.972900390625 30.837999999988824 68.40545019530691 53.12839756999462 3000.0 3000.0 3000.0 0.0 0.0 0.0 0.0 0.0 1 0.0 1.0
266000.0 268000.0 4 3 323.31646233305867 323.31646233305867 318.4225295271849 4094.6914225457294 4094.6914225457294 479.5277270966511 479.5277270966511 4.8939328058737885 798515.3421695794 745941.6228253171 0.0 35.287648205582585 4.8939328058737885 474.6337942907773 893.1380996092921 366.3410000000149 705.2582749023277 238.79143468857157 0.0 0.0 0.0 0.0 128.0 128.0 128.0 0.0 0 2.0 1.0
268000.0 270000.0 2 2 7.0 7.0 4.0 1662.0 1662.0 7.0 7.0 3.0 2916.0 2916.0 0.0 0.0 2.0 3.0 820.9619999999995 29.070000000006985 425.01600000000326 559.9522031673722 3000.0 3000.0 3000.0 0.0 0.0 0.0 0.0 0.0 1 0.0 1.0
270000.0 272000.0 4 2 504.05294849292244 504.05294849292244 501.2248928814781 2357.566713613251 2357.566713613251 802.4205518073546 802.4205518073546 2.8280556114443463 1350045.7454966381 1287586.6494329697 0.0 41.027550855957585 2.8280556114443463 799.5924961959103 998.8219999999856 715.083984375 866.9984946289042 151.80490975914358 3000.0 3000.0 3000.0 0.0 128.0 128.0 128.0 0.0 1 1.0 1.0
272000.0 274000.0 10 4 695.435006041386 692.435006041386 683.9615101644353 8000.395506335279 8000.395506335279 883.551653673806 883.551653673806 10.473495876950748 1449106.0004765235 1286125.7470271946 1.0 113.42426426392089 8.473495876950748 870.0781577968551 999.0879999999888 29.43900000001304 540.9177025390788 344.49737585596796 3000.0 3000.0 3000.0 0.0 128.0 128.0 128.0 0.0 2 1.0 1.0
274000.0 276000.0 7 3 483.05110114092156 483.05110114092156 478.2054889806729 4057.330772074471 4057.330772074471 680.8044504642331 680.8044504642331 4.845612160248709 1147351.656746179 1094022.5987457582 0.0 35.461312312490975 4.845612160248709 675.9588383039844 998.8200000000652 65.15799999999581 429.0256102120537 298.50568792940715 3000.0 3000.0 3000.0 0.0 128.0 128.0 128.0 0.0 1 2.0 1.0
276000.0 278000.0 4 2 459.4700981675854 459.4700981675854 456.47309698154123 2499.5079856026478 2499.5079856026478 599.5162506453897 599.5162506453897 2.9970011860441006 977609.05313477 884633.4606481886 0.0 66.08687256763054 2.9970011860441006 596.5192494593457 989.9980000000214 426.13972460938385 614.385709960945 257.6807319412303 3000.0 3000.0 3000.0 0.0 128.0 128.0 128.0 0.0 1 1.0 1.0
278000.0 280000.0 5 3 354.2200999107511 354.2200999107511 350.22768099504276 2495.7001189536554 2495.7001189536554 493.20951466357553 493.20951466357553 3.99241891570837 784312.4215270624 750045.4215270624 0.0 24.0 2.99241891570837 488.2170957478672 998.8539999999921 308.84799999999814 594.4051968749961 264.21255866608567 3000.0 3000.0 3000.0 0.0 128.0 128.0 128.0 0.0 1 1.0 1.0
280000.0 282000.0 4 2 360.1355793385753 360.1355793385753 357.13305526002205 2504.097509277744 2504.097509277744 494.4713335482876 494.4713335482876 3.0025240785532414 827631.90383233 769971.777391536 0.0 40.70866174342427 3.0025240785532414 491.46880946973437 998.7609999999986 431.6969003906124 643.0397153320228 246.09219441442406 3000.0 3000.0 3000.0 0.0 128.0 128.0 128.0 0.0 1 1.0 1.0
282000.0 284000.0 4 2 333.6351669078582 333.6351669078582 331.77427473680774 1555.401394142952 1555.401394142952 450.0262451973534 450.0262451973534 1.8608921710504838 773134.2187864966 738460.3452272905 0.0 25.291338256575727 1.8608921710504838 448.1653530263029 998.5670000000391 55.353000000002794 572.0147597656323 418.3027194106426 3000.0 3000.0 3000.0 0.0 128.0 128.0 128.0 0.0 1 1.0 1.0
284000.0 286000.0 4 2 331.5946345401592 331.5946345401592 327.91259721426746 3068.7730178160155 3068.7730178160155 527.4611197767515 527.4611197767515 3.682037325891715 875217.5232470662 801710.2505401166 0.0 51.68203732589171 3.682037325891715 523.7790824508597 998.3769999999204 246.31300000002375 597.8594936523295 362.2107958791395 3000.0 3000.0 3000.0 0.0 128.0 128.0 128.0 0.0 1 1.0 1.0
286000.0 288000.0 4 2 318.5430019100841 318.5430019100841 315.5540031581903 2492.8579628237358 2492.8579628237358 497.82726135709163 497.82726135709163 2.988998751893785 869728.0892928744 831961.3619998241 0.0 27.317962674108283 2.988998751893785 494.8382626051978 997.4589999999735 115.72999999998137 526.6795019531128 384.8701697249037 3000.0 3000.0 3000.0 0.0 128.0 128.0 128.0 0.0 1 1.0 1.0
288000.0 290000.0 3 2 325.8623635497567 325.8623635497567 323.5333996275422 1944.369019360249 1944.369019360249 464.711618866157 464.711618866157 2.3289639222144993 726546.3874600594 641854.3874600594 0.0 58.0 2.3289639222144993 462.38265494394244 756.005999999994 464.09500000003027 628.1210058593812 149.2737000488873 3000.0 3000.0 3000.0 0.0 128.0 128.0 128.0 0.0 1 1.0 1.0
290000.0 292000.0 4 2 461.9943584507043 461.9943584507043 456.47177463098086 4607.744570370401 4607.744570370401 696.6624865138872 696.6624865138872 4.761291909861687 1118653.5000921376 1085682.1438246202 0.0 23.550968762512525 5.5225838197233745 691.9011946040255 999.9039999999804 343.52099609375 775.48348388671 309.2626063186834 3000.0 3000.0 3000.0 0.0 128.0 128.0 128.0 0.0 2 2.0 1.0
292000.0 294000.0 5 3 499.6650430407369 499.6650430407369 496.43192078154755 2697.934414338027 2697.934414338027 733.15668518711 733.15668518711 3.2387080901383127 1208779.4478019131 1133535.4015245847 0.0 52.23433518312333 3.2331222591893427 729.9179770969718 999.9280000000144 102.73200000001816 545.9168015625095 369.0470428384419 3000.0 3000.0 3000.0 0.0 128.0 128.0 128.0 0.0 1 1.0 1.0
294000.0 296000.0 4 2 343.4821594373586 343.4821594373586 340.502384571515 2485.4153899916955 2485.4153899916955 514.7997032390274 514.7997032390274 3.735480944756248 851737.1717271333 808870.087850828 0.0 30.13075778375784 2.9797748658435306 511.0642222942712 998.125 150.05999999999767 529.7582885742304 404.05643203721155 3000.0 3000.0 3000.0 0.0 128.0 128.0 128.0 0.0 1 1.0 1.0
296000.0 298000.0 4 2 290.68288242559316 290.68288242559316 287.6987241277884 2489.009804199891 2489.009804199891 451.673302661442 451.673302661442 2.984158297804745 753212.3862681247 720514.9941392264 0.0 23.355280092070128 2.984158297804745 448.68914436363724 996.6429999999818 155.50599999999395 521.4737299804692 386.6001929841091 3000.0 3000.0 3000.0 0.0 128.0 128.0 128.0 0.0 1 1.0 1.0
298000.0 300000.0 4 2 410.1755566456071 410.1755566456071 407.8951958881681 1911.8958210999858 1911.8958210999858 540.7078223985334 540.7078223985334 2.2803607574390075 895219.494110691 845199.3726607404 0.0 32.72865817853617 2.2803607574390075 538.4274616410944 996.3850000000093 154.56500000000233 442.03449560547597 378.6229263439359 3000.0 3000.0 3000.0 0.0 128.0 128.0 128.0 0.0 1 1.0 1.0
300000.0 302000.0 0 0 0.0 0.0 0.0 0.0 0.0 0.0 0.0 0.0 0.0 0.0 0.0 0.0 0.0 0.0 0.0 0.0 0.0 0.0 0.0 0.0 0.0 0.0 0.0 0.0 0.0 0.0 0  
