ts te nbins ncons c_pkts_all c_bytes_all s_pkts_all s_bytes_all max_bin min_bin avg_bin std_bin max_vid min_vid avg_vid std_vid max_aud min_aud avg_aud std_aud num_vid num_aud num_mfs
0 2000 0 0 0 0 0 0 0 0 0 0 0 0 0 0 0 0 0 0 0 0 
2000 4000 0 0 0 0 0 0 0 0 0 0 0 0 0 0 0 0 0 0 0 0 
4000 6000 1 1 14 3797 15 12017 169 169 169 0 0 0 0 0 0 0 0 0 0 0 1.0
6000 8000 1 1 158 13377 357 509218 988 988 988 0 840 840 840 0 128 128 128 0 3 4 0.0
8000 10000 3 1 251 16690 551 774898 991 9 661 564 840 840 840 0 128 128 128 0 2 2 1.0
10000 12000 3 1 197 13757 324 463503 983 16 647 547 1500 840 1280 381 128 128 128 0 3 2 1.0
12000 14000 3 1 252 17036 442 641365 998 50 660 529 840 840 840 0 128 128 128 0 4 3 1.0
14000 16000 3 1 252 15609 482 695637 998 67 665 518 840 840 840 0 128 128 128 0 2 3 1.0
16000 18000 3 1 229 14544 396 559815 999 69 600 478 840 840 840 0 128 128 128 0 2 2 1.0
18000 20000 2 1 208 13845 419 603223 996 636 816 254 2300 2300 2300 0 128 128 128 0 2 2 1.0
20000 22000 3 1 239 13812 426 614741 990 361 660 315 2300 2300 2300 0 128 128 128 0 1 1 1.0
22000 24000 3 1 251 13850 466 675489 997 365 654 319 2300 2300 2300 0 128 128 128 0 1 2 1.0
24000 26000 3 1 265 14184 499 722027 998 395 664 306 2300 2300 2300 0 128 128 128 0 2 1 1.0
26000 28000 3 1 235 12943 444 639111 999 397 663 307 2300 2300 2300 0 128 128 128 0 1 1 1.0
28000 30000 3 1 252 13959 446 641724 998 405 664 303 2300 2300 2300 0 128 128 128 0 1 1 1.0
30000 32000 3 1 274 15200 510 734787 992 408 662 299 2300 2300 2300 0 128 128 128 0 1 1 1.0
32000 34000 3 1 250 14046 433 621916 998 409 664 302 2300 2300 2300 0 128 128 128 0 1 1 1.0
34000 36000 3 1 231 12523 438 634649 999 412 661 303 2300 2300 2300 0 128 128 128 0 1 1 1.0
36000 38000 3 1 233 12735 429 615965 996 424 662 297 2300 2300 2300 0 128 128 128 0 1 1 1.0
38000 40000 3 1 226 12366 421 604702 999 431 663 297 2300 2300 2300 0 128 128 128 0 1 1 1.0
40000 42000 3 1 265 14267 514 745092 998 435 663 296 2300 2300 2300 0 128 128 128 0 1 1 1.0
42000 44000 3 1 225 12311 422 608365 997 441 663 294 2300 2300 2300 0 128 128 128 0 1 1 1.0
44000 46000 3 1 225 12380 382 549928 997 448 665 292 2300 2300 2300 0 128 128 128 0 1 1 1.0
46000 48000 3 1 267 14329 485 697625 995 446 656 296 2300 2300 2300 0 128 128 128 0 1 1 1.0
48000 50000 3 1 233 12764 421 609256 996 468 663 290 2300 2300 2300 0 128 128 128 0 1 1 1.0
50000 52000 3 1 238 13030 416 595169 999 474 665 290 2300 2300 2300 0 128 128 128 0 1 1 1.0
52000 54000 3 1 205 11680 374 537218 997 473 662 290 2300 2300 2300 0 128 128 128 0 1 1 1.0
54000 56000 3 1 295 16562 515 744282 997 480 662 290 2300 2300 2300 0 128 128 128 0 1 1 1.0
56000 58000 3 1 265 15435 487 702524 994 488 662 287 2300 2300 2300 0 128 128 128 0 1 1 1.0
58000 60000 3 1 261 13621 475 681684 999 489 662 291 2300 2300 2300 0 128 128 128 0 1 1 1.0
60000 62000 2 1 154 9266 306 441457 996 181 588 576 2300 2300 2300 0 128 128 128 0 1 1 1.0
62000 64000 2 1 261 14316 464 665155 996 995 996 0 2300 2300 2300 0 128 128 128 0 1 1 1.0
64000 66000 3 1 276 15076 501 726662 999 2 662 571 2300 2300 2300 0 128 128 128 0 1 1 1.0
66000 68000 3 1 282 15391 494 711250 995 7 661 566 2300 2300 2300 0 128 128 128 0 1 1 1.0
68000 70000 3 1 278 16711 499 721507 997 14 662 561 2300 2300 2300 0 128 128 128 0 2 2 1.0
70000 72000 3 1 220 11118 399 576950 999 18 528 491 0 0 0 0 0 0 0 0 0 0 1.0
72000 74000 2 1 197 12127 375 541061 999 638 819 255 2300 2300 2300 0 128 128 128 0 1 2 1.0
74000 76000 3 1 270 14109 486 701630 997 341 635 332 2300 2300 2300 0 0 0 0 0 1 0 1.0
76000 78000 1 1 130 8013 259 372430 996 996 996 0 2300 2300 2300 0 128 128 128 0 1 1 1.0
78000 80000 2 1 217 12687 423 606758 998 971 985 19 2300 2300 2300 0 128 128 128 0 1 2 1.0
80000 82000 3 1 269 15398 489 706190 998 26 664 552 2300 2300 2300 0 128 128 128 0 1 1 1.0
82000 84000 3 1 267 14808 500 724220 994 30 663 548 2300 2300 2300 0 128 128 128 0 1 1 1.0
84000 86000 3 1 250 14451 469 678705 998 30 662 548 2300 2300 2300 0 128 128 128 0 1 1 1.0
86000 88000 3 1 263 14461 511 743377 996 32 661 545 2300 2300 2300 0 128 128 128 0 2 1 1.0
88000 90000 3 1 256 14008 502 730158 999 37 662 541 2300 2300 2300 0 128 128 128 0 1 1 1.0
90000 92000 3 1 241 13478 462 665923 996 44 662 535 2300 2300 2300 0 128 128 128 0 1 1 1.0
92000 94000 3 1 274 15484 509 736631 996 52 662 529 2300 2300 2300 0 128 128 128 0 1 1 1.0
94000 96000 3 1 227 13149 423 611663 993 57 663 524 2300 2300 2300 0 128 128 128 0 1 1 1.0
96000 98000 3 1 228 12925 431 622277 997 60 662 521 2300 2300 2300 0 128 128 128 0 1 1 1.0
98000 100000 3 1 185 10831 323 460210 990 68 656 510 2300 2300 2300 0 128 128 128 0 1 1 1.0
100000 102000 3 1 271 15202 514 740307 999 73 657 508 2300 2300 2300 0 128 128 128 0 1 1 1.0
102000 104000 3 1 271 15277 483 695815 999 101 666 492 2300 2300 2300 0 128 128 128 0 1 1 1.0
104000 106000 3 1 143 8819 280 400141 999 98 662 491 2300 2300 2300 0 128 128 128 0 1 1 1.0
106000 108000 3 1 273 15191 501 726465 999 107 664 485 2300 2300 2300 0 128 128 128 0 1 1 1.0
108000 110000 3 1 204 11679 396 568476 996 108 663 483 2300 2300 2300 0 128 128 128 0 1 1 1.0
110000 112000 3 1 260 14631 477 693944 998 115 664 478 2300 2300 2300 0 128 128 128 0 1 1 1.0
112000 114000 3 1 270 14932 483 699288 997 120 664 474 2300 2300 2300 0 128 128 128 0 1 1 1.0
114000 116000 3 1 143 8852 288 413627 998 117 658 473 2300 2300 2300 0 128 128 128 0 1 1 1.0
116000 118000 3 1 267 15430 501 725179 997 133 662 463 2300 2300 2300 0 128 128 128 0 1 2 1.0
118000 120000 3 1 269 17404 471 680449 992 141 662 456 2300 2300 2300 0 128 128 128 0 3 3 1.0
120000 122000 3 1 231 14155 429 616931 994 140 660 456 2300 2300 2300 0 128 128 128 0 2 1 1.0
122000 124000 3 1 231 13214 394 570966 995 151 663 450 0 0 0 0 128 128 128 0 0 1 1.0
124000 126000 3 1 184 12728 350 498749 999 153 665 450 1500 1500 1500 0 128 128 128 0 3 2 1.0
126000 128000 3 1 170 9546 280 399385 944 145 414 459 1500 1500 1500 0 128 128 128 0 1 1 1.0
128000 130000 3 1 183 11083 325 465839 850 136 441 368 1500 1500 1500 0 128 128 128 0 1 1 1.0
130000 132000 3 1 236 15080 470 671584 995 131 662 464 1500 1500 1500 0 128 128 128 0 1 1 1.0
132000 134000 2 1 189 12820 348 496664 998 639 818 253 2300 2300 2300 0 128 128 128 0 2 2 1.0
134000 136000 3 1 223 12863 417 598656 991 1 660 570 2300 2300 2300 0 128 128 128 0 1 1 1.0
136000 138000 3 1 170 10302 303 432910 988 6 652 559 2300 2300 2300 0 128 128 128 0 1 1 1.0
138000 140000 3 1 278 15717 513 737093 999 37 663 542 2300 2300 2300 0 128 128 128 0 1 1 1.0
140000 142000 3 1 263 14823 479 695781 995 44 663 536 2300 2300 2300 0 128 128 128 0 1 1 1.0
142000 144000 3 1 251 14384 465 671785 998 48 664 533 2300 2300 2300 0 128 128 128 0 1 1 1.0
144000 146000 3 1 244 13807 404 581001 978 49 655 525 2300 2300 2300 0 128 128 128 0 1 1 1.0
146000 148000 3 1 283 16232 532 771240 999 53 661 527 2300 2300 2300 0 128 128 128 0 1 1 1.0
148000 150000 3 1 262 14814 490 707807 998 63 662 520 2300 2300 2300 0 128 128 128 0 1 1 1.0
150000 152000 3 1 163 9920 311 448533 999 68 661 515 2300 2300 2300 0 128 128 128 0 1 1 1.0
152000 154000 3 1 274 15620 507 733703 997 82 663 504 2300 2300 2300 0 128 128 128 0 1 1 1.0
154000 156000 2 1 81 4519 135 189729 978 89 533 628 0 0 0 0 0 0 0 0 0 0 1.0
156000 158000 1 1 129 8963 267 383644 998 998 998 0 2300 2300 2300 0 128 128 128 0 1 2 1.0
158000 160000 2 1 258 16472 477 687287 998 997 997 1 1500 1500 1500 0 128 128 128 0 3 2 1.0
160000 162000 3 1 231 13291 455 653827 992 0 662 572 1500 1500 1500 0 128 128 128 0 1 1 1.0
162000 164000 3 1 175 10762 317 450389 994 2 644 556 1500 1500 1500 0 128 128 128 0 1 1 1.0
164000 166000 3 1 245 14790 431 615662 998 63 600 482 1500 1500 1500 0 128 128 128 0 1 2 1.0
166000 168000 1 1 134 9975 273 392327 996 996 996 0 2300 2300 2300 0 128 128 128 0 2 2 1.0
168000 170000 2 1 257 15180 480 694901 996 995 996 1 2300 2300 2300 0 128 128 128 0 1 1 1.0
170000 172000 3 1 278 15131 496 713907 999 3 665 572 2300 2300 2300 0 0 0 0 0 1 0 1.0
172000 174000 3 1 137 9263 266 379113 986 6 652 558 2300 2300 2300 0 128 128 128 0 1 2 1.0
174000 176000 3 1 253 14230 488 707245 992 36 663 543 2300 2300 2300 0 128 128 128 0 1 1 1.0
176000 178000 3 1 267 15097 498 718293 992 34 661 543 2300 2300 2300 0 128 128 128 0 1 1 1.0
178000 180000 3 1 265 14758 512 740469 996 41 663 538 2300 2300 2300 0 128 128 128 0 1 1 1.0
180000 182000 3 1 259 15144 473 683948 998 42 661 536 2300 2300 2300 0 128 128 128 0 2 1 1.0
182000 184000 2 1 244 13699 494 713009 996 925 961 50 2300 2300 2300 0 128 128 128 0 1 1 1.0
184000 186000 3 1 265 14899 514 743697 995 70 662 514 2300 2300 2300 0 128 128 128 0 1 1 1.0
186000 188000 3 1 264 14974 489 703247 999 74 664 512 2300 2300 2300 0 128 128 128 0 1 1 1.0
188000 190000 3 1 235 14033 398 571840 983 78 656 501 2300 2300 2300 0 128 128 128 0 1 1 1.0
190000 192000 3 1 270 14995 508 737455 994 90 662 497 2300 2300 2300 0 128 128 128 0 1 1 1.0
192000 194000 3 1 210 12094 359 517287 993 91 662 496 2300 2300 2300 0 128 128 128 0 1 1 1.0
194000 196000 3 1 213 12304 403 576623 972 94 651 484 2300 2300 2300 0 128 128 128 0 1 1 1.0
196000 198000 3 1 279 15713 504 730577 996 108 663 484 2300 2300 2300 0 128 128 128 0 1 1 1.0
198000 200000 3 1 262 14657 473 680895 992 111 660 478 2300 2300 2300 0 128 128 128 0 1 1 1.0
200000 202000 3 1 192 11236 359 513992 997 117 664 477 2300 2300 2300 0 128 128 128 0 1 1 1.0
202000 204000 3 1 269 15210 489 703321 998 121 664 473 2300 2300 2300 0 128 128 128 0 1 1 1.0
204000 206000 3 1 161 9794 303 434437 995 119 661 473 2300 2300 2300 0 128 128 128 0 1 1 1.0
206000 208000 3 1 220 12775 394 565622 999 127 662 468 2300 2300 2300 0 128 128 128 0 1 1 1.0
208000 210000 3 1 262 14429 495 715249 998 137 663 460 2300 2300 2300 0 128 128 128 0 1 1 1.0
210000 212000 3 1 264 15912 502 723398 998 138 662 460 2300 2300 2300 0 128 128 128 0 1 2 1.0
212000 214000 3 1 255 14358 458 656758 997 145 661 453 2300 2300 2300 0 0 0 0 0 1 0 1.0
214000 216000 3 1 244 14225 461 665923 996 114 642 466 2300 2300 2300 0 128 128 128 0 2 2 1.0
216000 218000 3 1 253 14643 455 655547 999 177 663 431 2300 2300 2300 0 128 128 128 0 1 1 1.0
218000 220000 3 1 215 12377 401 576853 995 181 662 427 2300 2300 2300 0 128 128 128 0 1 1 1.0
220000 222000 3 1 257 15270 470 678942 994 181 662 426 2300 2300 2300 0 128 128 128 0 1 1 1.0
222000 224000 3 1 221 12920 399 575853 996 186 662 423 2300 2300 2300 0 128 128 128 0 1 1 1.0
224000 226000 3 1 242 13742 457 662752 996 193 664 419 2300 2300 2300 0 128 128 128 0 1 1 1.0
226000 228000 3 1 166 8921 310 446302 992 102 430 489 0 0 0 0 0 0 0 0 0 0 1.0
228000 230000 1 1 128 8793 264 379659 995 995 995 0 2300 2300 2300 0 128 128 128 0 1 2 1.0
230000 232000 2 1 273 15295 487 706066 998 996 997 1 2300 2300 2300 0 128 128 128 0 1 1 1.0
232000 234000 3 1 269 14905 504 731151 996 1 663 573 2300 2300 2300 0 128 128 128 0 1 1 1.0
234000 236000 3 1 274 15294 496 718729 995 8 663 567 2300 2300 2300 0 128 128 128 0 1 1 1.0
236000 238000 3 1 254 14715 478 694723 999 8 662 565 2300 2300 2300 0 128 128 128 0 2 1 1.0
238000 240000 3 1 259 14253 514 745147 995 19 661 555 2300 2300 2300 0 128 128 128 0 1 1 1.0
240000 242000 3 1 286 16114 480 695339 999 28 665 551 2300 2300 2300 0 128 128 128 0 1 1 1.0
242000 244000 3 1 125 6740 227 320717 802 31 334 410 2300 2300 2300 0 128 128 128 0 1 1 1.0
244000 246000 3 1 280 17802 503 726477 997 168 663 437 2300 2300 2300 0 128 128 128 0 1 1 1.0
246000 248000 3 1 277 15838 526 764888 999 165 662 439 2300 2300 2300 0 128 128 128 0 1 1 1.0
248000 250000 3 1 252 13987 484 700887 997 164 665 441 2300 2300 2300 0 128 128 128 0 1 1 1.0
250000 252000 3 1 282 16095 524 761845 999 155 663 447 2300 2300 2300 0 128 128 128 0 1 1 1.0
252000 254000 3 1 253 14386 472 678762 999 150 664 451 2300 2300 2300 0 128 128 128 0 1 1 1.0
254000 256000 3 1 228 13125 421 606657 999 148 665 453 2300 2300 2300 0 128 128 128 0 1 1 1.0
256000 258000 3 1 266 14960 498 719171 998 136 659 459 2300 2300 2300 0 128 128 128 0 1 1 1.0
258000 260000 3 1 257 14449 461 664437 999 135 665 463 2300 2300 2300 0 128 128 128 0 1 1 1.0
260000 262000 3 1 236 13811 431 621634 995 132 663 464 2300 2300 2300 0 128 128 128 0 2 1 1.0
262000 264000 3 1 249 15305 439 629349 985 92 646 483 2300 2300 2300 0 128 128 128 0 1 2 1.0
264000 266000 3 1 225 12718 392 564152 951 78 645 491 2300 2300 2300 0 128 128 128 0 1 1 1.0
266000 268000 2 1 232 12044 429 619277 918 789 854 90 0 0 0 0 0 0 0 0 0 0 1.0
268000 270000 1 1 128 8834 264 379687 997 997 997 0 2300 2300 2300 0 128 128 128 0 1 2 1.0
270000 272000 2 1 271 15241 480 691889 997 993 995 2 2300 2300 2300 0 128 128 128 0 1 1 1.0
272000 274000 3 1 261 14354 498 721978 999 0 661 572 2300 2300 2300 0 128 128 128 0 1 1 1.0
274000 276000 3 1 249 13943 466 672780 999 14 665 563 2300 2300 2300 0 128 128 128 0 1 1 1.0
276000 278000 3 1 265 15890 467 673536 999 17 662 558 2300 2300 2300 0 128 128 128 0 2 1 1.0
278000 280000 3 1 258 14154 520 755420 996 29 661 547 2300 2300 2300 0 128 128 128 0 1 1 1.0
280000 282000 3 1 278 15262 489 709720 996 40 660 537 2300 2300 2300 0 128 128 128 0 1 1 1.0
282000 284000 3 1 268 14911 504 725232 996 48 660 531 2300 2300 2300 0 128 128 128 0 1 1 1.0
284000 286000 3 1 169 9966 277 392801 996 60 568 473 2300 2300 2300 0 128 128 128 0 1 1 1.0
286000 288000 3 1 261 14940 506 728301 997 342 660 328 2300 2300 2300 0 128 128 128 0 1 1 1.0
288000 290000 3 1 278 15719 498 720165 999 354 664 323 2300 2300 2300 0 128 128 128 0 1 1 1.0
290000 292000 3 1 220 12648 393 562321 997 354 663 322 2300 2300 2300 0 128 128 128 0 1 1 1.0
292000 294000 3 1 280 15636 475 687112 997 359 663 320 2300 2300 2300 0 128 128 128 0 1 1 1.0
294000 296000 2 1 155 9406 319 458043 994 291 643 497 2300 2300 2300 0 128 128 128 0 1 1 1.0
296000 298000 2 1 261 14525 496 717427 998 984 991 9 2300 2300 2300 0 128 128 128 0 1 1 1.0
298000 300000 3 1 276 15723 519 749716 999 0 665 575 2300 2300 2300 0 128 128 128 0 1 1 1.0
300000 302000 1 1 0 15 0 768 1 1 1 0 0 0 0 0 128 128 128 0 0 1 0.0
