ts te nbins ncons c_tcp_packs c_tcp_bytes c_udp_packs c_udp_bytes s_tcp_packs s_tcp_bytes s_udp_packs s_udp_bytes max_bins_span min_bins_span avg_bins_span std_bins_span max_video_rate min_video_rate avg_video_rate std_video_rate max_audio_rate min_audio_rate avg_audio_rate std_audio_rate video_requests audio_requests
0 2000 0 0 0 0 0 0 0 0 0 0 0 0 0 0 0 0 0 0 0 0 0 0 0 0
2000 4000 0 0 0 0 0 0 0 0 0 0 0 0 0 0 0 0 0 0 0 0 0 0 0 0
4000 6000 0 0 0 0 0 0 0 0 0 0 0 0 0 0 0 0 0 0 0 0 0 0 0 0
6000 8000 0 0 0 0 0 0 0 0 0 0 0 0 0 0 0 0 0 0 0 0 0 0 0 0
8000 10000 2 1 0 0 118 13296 0 0 267 375497 786 760 773 17 840 840 840 0 128 128 128 0 2 2
10000 12000 3 1 0 0 162 13551 0 0 353 473667 993 211 655 402 288 288 288 0 128 128 128 0 3 3
12000 14000 3 1 0 0 123 9476 0 0 225 253131 998 224 659 395 288 288 288 0 128 128 128 0 2 2
14000 16000 3 1 0 0 114 8193 0 0 154 177474 994 215 652 397 288 288 288 0 128 128 128 0 1 1
16000 18000 3 1 0 0 117 7908 0 0 163 193322 987 246 658 377 288 288 288 0 128 128 128 0 2 2
18000 20000 3 1 0 0 117 8338 0 0 148 173605 990 257 659 371 288 288 288 0 128 128 128 0 1 1
20000 22000 3 1 0 0 110 7582 0 0 149 177820 961 269 652 351 288 288 288 0 128 128 128 0 2 2
22000 24000 3 1 0 0 144 13878 0 0 217 253516 989 268 660 364 288 288 288 0 128 128 128 0 2 2
24000 26000 3 1 0 0 111 7767 0 0 161 183023 998 272 516 417 288 288 288 0 128 128 128 0 1 1
26000 28000 1 1 0 0 5 788 0 0 13 5964 793 793 793 0 0 0 0 0 0 0 0 0 0 0
28000 30000 3 1 0 0 83 6699 0 0 132 144438 991 181 623 410 288 288 288 0 128 128 128 0 1 1
30000 32000 3 1 0 0 131 8727 0 0 205 237545 962 296 643 333 288 288 288 0 128 128 128 0 2 2
32000 34000 3 1 0 0 111 8861 0 0 167 192173 998 322 661 337 288 288 288 0 128 128 128 0 1 1
34000 36000 3 1 0 0 90 5419 0 0 126 145400 992 292 537 393 288 288 288 0 128 128 128 0 1 1
36000 38000 1 1 0 0 8 2001 0 0 22 18215 792 792 792 0 0 0 0 0 0 0 0 0 0 0
38000 40000 3 1 0 0 97 6783 0 0 124 141237 992 201 659 409 288 288 288 0 128 128 128 0 2 2
40000 42000 3 1 0 0 104 6765 0 0 137 161507 996 215 661 402 288 288 288 0 128 128 128 0 1 1
42000 44000 3 1 0 0 117 7872 0 0 140 165274 999 225 661 396 288 288 288 0 128 128 128 0 1 1
44000 46000 3 1 0 0 117 8055 0 0 139 160498 988 235 658 384 288 288 288 0 128 128 128 0 1 1
46000 48000 3 1 0 0 121 8168 0 0 159 185404 997 218 643 394 288 288 288 0 128 128 128 0 2 2
48000 50000 3 1 0 0 84 7078 0 0 120 134507 998 284 660 358 288 288 288 0 128 128 128 0 1 1
50000 52000 3 1 0 0 93 5945 0 0 126 148564 994 288 659 354 288 288 288 0 128 128 128 0 1 1
52000 54000 3 1 0 0 121 8214 0 0 167 188080 998 292 608 359 288 288 288 0 128 128 128 0 1 1
54000 56000 1 1 0 0 24 2852 0 0 48 53067 792 792 792 0 288 288 288 0 128 128 128 0 1 1
56000 58000 3 1 0 0 122 8189 0 0 149 177823 998 192 657 417 288 288 288 0 128 128 128 0 1 1
58000 60000 3 1 0 0 110 7178 0 0 138 162687 994 202 621 398 288 288 288 0 128 128 128 0 1 1
60000 62000 1 1 0 0 29 3012 0 0 43 49889 791 791 791 0 288 288 288 0 128 128 128 0 1 1
62000 64000 3 1 0 0 108 7199 0 0 142 166189 992 197 654 410 288 288 288 0 128 128 128 0 1 1
64000 66000 3 1 0 0 118 7932 0 0 150 174026 994 216 651 397 288 288 288 0 128 128 128 0 1 1
66000 68000 2 1 0 0 78 5658 0 0 99 117862 972 534 753 310 288 288 288 0 128 128 128 0 1 1
68000 70000 2 1 0 0 51 4007 0 0 88 102798 793 144 468 458 288 288 288 0 128 128 128 0 1 1
70000 72000 3 1 0 0 114 7820 0 0 149 173921 999 201 625 401 288 288 288 0 128 128 128 0 1 1
72000 74000 2 1 0 0 26 2923 0 0 41 54038 965 744 854 156 288 288 288 0 128 128 128 0 1 1
74000 76000 3 1 0 0 67 4090 0 0 88 119051 996 241 493 435 0 0 0 0 128 128 128 0 0 1
76000 78000 2 1 0 0 81 6868 0 0 121 159781 979 716 848 186 288 288 288 0 128 128 128 0 2 1
78000 80000 3 1 0 0 107 7442 0 0 146 194007 996 279 659 360 288 288 288 0 128 128 128 0 1 1
80000 82000 2 1 0 0 40 3533 0 0 64 86125 793 95 444 493 288 288 288 0 128 128 128 0 1 1
82000 84000 3 1 0 0 80 6125 0 0 110 148697 996 201 658 410 288 288 288 0 128 128 128 0 1 1
84000 86000 3 1 0 0 81 6426 0 0 152 202404 985 223 647 388 288 288 288 0 128 128 128 0 2 2
86000 88000 2 1 0 0 17 2046 0 0 39 48666 214 114 164 70 0 0 0 0 0 0 0 0 0 0
88000 90000 1 1 0 0 92 8027 0 0 179 246751 791 791 791 0 480 480 480 0 128 128 128 0 3 3
90000 92000 3 1 0 0 143 11109 0 0 234 321262 997 205 552 404 840 840 840 0 128 128 128 0 2 2
92000 94000 1 1 0 0 93 6213 0 0 165 226433 792 792 792 0 840 840 840 0 128 128 128 0 1 1
94000 96000 2 1 0 0 99 6704 0 0 186 253474 792 108 450 483 840 840 840 0 128 128 128 0 1 1
96000 98000 2 1 0 0 94 6351 0 0 181 247207 791 71 431 509 840 840 840 0 128 128 128 0 1 1
98000 100000 2 1 0 0 98 6603 0 0 184 253852 792 57 425 519 840 840 840 0 128 128 128 0 1 1
100000 102000 2 1 0 0 97 7287 0 0 197 272805 793 35 414 536 1500 1500 1500 0 128 128 128 0 2 2
102000 104000 3 1 0 0 206 12270 0 0 361 504927 998 201 663 412 1500 1500 1500 0 128 128 128 0 1 1
104000 106000 3 1 0 0 178 10288 0 0 332 463231 998 198 524 420 1500 1500 1500 0 128 128 128 0 1 1
106000 108000 2 1 0 0 148 8916 0 0 266 371620 998 135 567 609 1500 1500 1500 0 128 128 128 0 1 1
108000 110000 1 1 0 0 111 7535 0 0 215 302249 793 793 793 0 1500 1500 1500 0 128 128 128 0 1 1
110000 112000 3 1 0 0 292 17679 0 0 490 681374 998 206 656 407 1500 1500 1500 0 128 128 128 0 1 1
112000 114000 2 1 0 0 156 10201 0 0 293 413565 999 559 779 311 1500 1500 1500 0 128 128 128 0 1 1
114000 116000 3 1 0 0 175 9742 0 0 304 426627 998 196 544 411 1500 1500 1500 0 128 128 128 0 1 1
116000 118000 1 1 0 0 97 6775 0 0 201 281855 793 793 793 0 1500 1500 1500 0 128 128 128 0 1 2
118000 120000 3 1 0 0 242 13692 0 0 421 594662 994 203 551 403 1500 1500 1500 0 0 0 0 0 1 0
120000 122000 1 1 0 0 101 6998 0 0 207 289927 792 792 792 0 1500 1500 1500 0 128 128 128 0 1 2
122000 124000 3 1 0 0 254 15375 0 0 479 665292 997 207 662 408 1500 1500 1500 0 128 128 128 0 2 1
124000 126000 3 1 0 0 152 9746 0 0 219 302241 988 215 649 395 0 0 0 0 0 0 0 0 0 0
126000 128000 3 1 0 0 167 8906 0 0 306 420954 991 168 464 458 1500 1500 1500 0 128 128 128 0 1 1
128000 130000 1 1 0 0 99 6211 0 0 202 283415 793 793 793 0 1500 1500 1500 0 128 128 128 0 1 1
130000 132000 3 1 0 0 156 9810 0 0 282 393751 792 202 426 319 1500 1500 1500 0 128 128 128 0 1 2
132000 134000 3 1 0 0 246 14360 0 0 456 641683 994 207 661 407 1500 1500 1500 0 128 128 128 0 2 1
134000 136000 3 1 0 0 158 8209 0 0 300 417911 992 62 421 499 0 0 0 0 0 0 0 0 0 0
136000 138000 1 1 0 0 89 6755 0 0 185 258220 792 792 792 0 2300 2300 2300 0 128 128 128 0 2 2
138000 140000 3 1 0 0 251 15081 0 0 460 642875 996 207 648 402 1500 1500 1500 0 128 128 128 0 2 2
140000 142000 3 1 0 0 264 15921 0 0 502 705395 996 254 662 376 1500 1500 1500 0 128 128 128 0 2 2
142000 144000 3 1 0 0 256 15606 0 0 478 669489 997 260 662 373 2300 2300 2300 0 128 128 128 0 2 2
144000 146000 3 1 0 0 232 12358 0 0 393 549689 985 271 655 360 2300 2300 2300 0 128 128 128 0 1 1
146000 148000 3 1 0 0 268 14710 0 0 514 728767 997 286 662 357 2300 2300 2300 0 128 128 128 0 1 1
148000 150000 3 1 0 0 269 14411 0 0 487 688650 997 292 660 353 2300 2300 2300 0 128 128 128 0 1 1
150000 152000 3 1 0 0 275 14860 0 0 474 666230 998 303 662 347 2300 2300 2300 0 128 128 128 0 1 1
152000 154000 2 1 0 0 114 6921 0 0 225 314568 792 151 471 453 2300 2300 2300 0 128 128 128 0 1 1
154000 156000 3 1 0 0 266 14910 0 0 480 677058 998 203 660 410 2300 2300 2300 0 128 128 128 0 1 1
156000 158000 3 1 0 0 179 10270 0 0 353 494723 986 215 646 393 2300 2300 2300 0 128 128 128 0 1 1
158000 160000 3 1 0 0 267 15254 0 0 499 704674 999 259 664 374 2300 2300 2300 0 128 128 128 0 1 1
160000 162000 3 1 0 0 261 20348 0 0 493 693492 998 264 661 370 2300 2300 2300 0 128 128 128 0 1 1
162000 164000 3 1 0 0 273 18943 0 0 496 697302 994 278 663 361 2300 2300 2300 0 128 128 128 0 1 1
164000 166000 2 1 0 0 116 7754 0 0 227 318764 791 128 460 469 2300 2300 2300 0 128 128 128 0 1 2
166000 168000 3 1 0 0 259 14915 0 0 479 675939 997 200 662 413 2300 2300 2300 0 128 128 128 0 1 1
168000 170000 3 1 0 0 256 13858 0 0 492 695561 999 207 663 409 2300 2300 2300 0 0 0 0 0 1 0
170000 172000 3 1 0 0 173 10527 0 0 320 448200 992 214 649 397 2300 2300 2300 0 128 128 128 0 1 2
172000 174000 3 1 0 0 273 15534 0 0 501 709390 998 257 663 375 2300 2300 2300 0 128 128 128 0 1 1
174000 176000 3 1 0 0 266 14788 0 0 517 732693 998 264 664 371 2300 2300 2300 0 128 128 128 0 1 1
176000 178000 3 1 0 0 284 15304 0 0 490 693824 997 265 663 370 2300 2300 2300 0 0 0 0 0 1 0
178000 180000 3 1 0 0 148 9211 0 0 286 398306 996 272 663 365 2300 2300 2300 0 128 128 128 0 1 2
180000 182000 3 1 0 0 256 14095 0 0 495 701061 996 273 663 365 2300 2300 2300 0 0 0 0 0 1 0
182000 184000 3 1 0 0 173 10354 0 0 326 451763 999 276 664 364 2300 2300 2300 0 128 128 128 0 1 2
184000 186000 3 1 0 0 262 15078 0 0 472 666110 998 283 664 359 1500 1500 1500 0 0 0 0 0 2 0
186000 188000 3 1 0 0 134 8943 0 0 251 349933 996 286 660 356 1500 1500 1500 0 128 128 128 0 1 2
188000 190000 3 1 0 0 266 16310 0 0 516 729461 999 299 664 350 1500 1500 1500 0 128 128 128 0 2 2
190000 192000 3 1 0 0 119 6981 0 0 193 268169 987 0 429 506 0 0 0 0 0 0 0 0 0 0
192000 194000 1 1 0 0 96 7874 0 0 198 276987 792 792 792 0 2300 2300 2300 0 128 128 128 0 2 3
194000 196000 3 1 0 0 257 14511 0 0 485 684775 996 204 662 410 2300 2300 2300 0 0 0 0 0 1 0
196000 198000 3 1 0 0 272 17508 0 0 506 713673 999 210 662 406 1500 1500 1500 0 128 128 128 0 3 3
198000 200000 3 1 0 0 233 14186 0 0 426 598332 981 222 644 386 2300 2300 2300 0 128 128 128 0 2 2
200000 202000 3 1 0 0 209 12550 0 0 394 550007 994 264 656 368 2300 2300 2300 0 128 128 128 0 1 1
202000 204000 3 1 0 0 254 14742 0 0 476 670128 999 282 664 360 2300 2300 2300 0 128 128 128 0 1 1
204000 206000 3 1 0 0 254 14193 0 0 480 678601 999 288 663 357 2300 2300 2300 0 128 128 128 0 1 1
206000 208000 3 1 0 0 257 14288 0 0 495 702470 994 289 662 354 2300 2300 2300 0 128 128 128 0 1 1
208000 210000 3 1 0 0 266 15746 0 0 501 707215 995 296 663 350 2300 2300 2300 0 128 128 128 0 2 1
210000 212000 3 1 0 0 251 13299 0 0 453 638772 997 298 626 351 0 0 0 0 128 128 128 0 0 1
212000 214000 2 1 0 0 206 12728 0 0 412 581627 994 562 778 305 2300 2300 2300 0 128 128 128 0 1 2
214000 216000 3 1 0 0 263 14654 0 0 505 714497 996 435 663 294 2300 2300 2300 0 128 128 128 0 2 1
216000 218000 3 1 0 0 202 10910 0 0 365 513471 999 116 518 446 0 0 0 0 0 0 0 0 0 0
218000 220000 1 1 0 0 96 6800 0 0 201 281899 793 793 793 0 2300 2300 2300 0 128 128 128 0 1 2
220000 222000 3 1 0 0 255 14753 0 0 483 681417 998 199 661 413 2300 2300 2300 0 128 128 128 0 1 1
222000 224000 3 1 0 0 254 14428 0 0 469 661842 991 207 649 401 2300 2300 2300 0 128 128 128 0 1 1
224000 226000 3 1 0 0 272 15270 0 0 495 700191 994 249 663 379 2300 2300 2300 0 128 128 128 0 1 1
226000 228000 3 1 0 0 265 14368 0 0 476 669880 998 247 661 381 2300 2300 2300 0 0 0 0 0 1 0
228000 230000 2 1 0 0 127 8308 0 0 244 340738 792 216 504 407 2300 2300 2300 0 128 128 128 0 1 2
230000 232000 3 1 0 0 275 15135 0 0 501 705036 999 207 666 410 2300 2300 2300 0 0 0 0 0 1 0
232000 234000 3 1 0 0 250 15427 0 0 456 641805 996 207 629 397 1500 1500 1500 0 128 128 128 0 2 2
234000 236000 1 1 0 0 95 6217 0 0 196 275300 793 793 793 0 1500 1500 1500 0 128 128 128 0 1 1
236000 238000 3 1 0 0 184 11546 0 0 324 451498 999 203 646 405 1500 1500 1500 0 128 128 128 0 1 2
238000 240000 3 1 0 0 252 15257 0 0 477 669026 996 260 662 372 1500 1500 1500 0 128 128 128 0 2 1
240000 242000 3 1 0 0 282 17772 0 0 506 715047 998 268 665 369 2300 2300 2300 0 128 128 128 0 2 2
242000 244000 3 1 0 0 154 8448 0 0 248 347080 593 267 452 167 2300 2300 2300 0 128 128 128 0 1 1
244000 246000 3 1 0 0 243 14377 0 0 482 681253 999 493 664 290 2300 2300 2300 0 128 128 128 0 1 1
246000 248000 3 1 0 0 239 14202 0 0 443 616762 996 491 663 288 2300 2300 2300 0 128 128 128 0 1 1
248000 250000 3 1 0 0 274 15501 0 0 512 723079 999 481 662 291 2300 2300 2300 0 128 128 128 0 1 1
250000 252000 3 1 0 0 272 15723 0 0 499 703794 999 474 663 291 2300 2300 2300 0 128 128 128 0 1 1
252000 254000 3 1 0 0 285 15876 0 0 486 688057 996 469 662 290 2300 2300 2300 0 128 128 128 0 1 1
254000 256000 3 1 0 0 263 14651 0 0 515 727617 998 458 662 293 2300 2300 2300 0 128 128 128 0 1 1
256000 258000 3 1 0 0 255 14287 0 0 469 660995 998 450 662 294 2300 2300 2300 0 128 128 128 0 2 2
258000 260000 3 1 0 0 258 13962 0 0 466 655042 998 421 655 303 0 0 0 0 0 0 0 0 0 0
260000 262000 1 1 0 0 97 6846 0 0 195 274281 790 790 790 0 2300 2300 2300 0 128 128 128 0 1 2
262000 264000 3 1 0 0 258 14877 0 0 490 692935 996 206 663 409 2300 2300 2300 0 128 128 128 0 1 1
264000 266000 3 1 0 0 274 14847 0 0 495 697544 997 211 662 405 2300 2300 2300 0 0 0 0 0 1 0
266000 268000 2 1 0 0 126 8269 0 0 249 347826 792 208 500 413 2300 2300 2300 0 128 128 128 0 1 2
268000 270000 3 1 0 0 265 15126 0 0 509 720513 998 203 663 411 2300 2300 2300 0 128 128 128 0 1 1
270000 272000 3 1 0 0 268 15179 0 0 509 720224 998 213 665 406 2300 2300 2300 0 128 128 128 0 1 1
272000 274000 3 1 0 0 264 15330 0 0 492 695574 998 214 663 404 2300 2300 2300 0 128 128 128 0 1 1
274000 276000 3 1 0 0 255 14246 0 0 485 687795 997 220 663 399 2300 2300 2300 0 128 128 128 0 2 1
276000 278000 3 1 0 0 271 15078 0 0 526 746771 994 223 662 396 2300 2300 2300 0 128 128 128 0 1 1
278000 280000 3 1 0 0 263 14563 0 0 513 724844 991 228 661 392 2300 2300 2300 0 128 128 128 0 1 1
280000 282000 3 1 0 0 167 10039 0 0 308 425934 971 229 647 379 2300 2300 2300 0 128 128 128 0 1 1
282000 284000 3 1 0 0 250 14147 0 0 471 663091 996 257 662 374 2300 2300 2300 0 128 128 128 0 1 1
284000 286000 3 1 0 0 279 15972 0 0 511 721984 996 259 662 373 2300 2300 2300 0 128 128 128 0 1 1
286000 288000 3 1 0 0 251 14004 0 0 469 659212 997 267 659 367 2300 2300 2300 0 128 128 128 0 1 1
288000 290000 3 1 0 0 246 13631 0 0 459 641852 996 283 662 358 2300 2300 2300 0 128 128 128 0 1 1
290000 292000 3 1 0 0 270 15513 0 0 511 717658 998 289 663 356 2300 2300 2300 0 128 128 128 0 1 1
292000 294000 3 1 0 0 276 15262 0 0 492 697519 997 293 662 353 2300 2300 2300 0 128 128 128 0 1 1
294000 296000 3 1 0 0 263 14838 0 0 472 663970 997 300 662 349 2300 2300 2300 0 128 128 128 0 1 1
296000 298000 3 1 0 0 211 12246 0 0 377 530583 996 0 519 499 2300 2300 2300 0 128 128 128 0 1 1
298000 300000 2 1 0 0 127 7749 0 0 238 334391 791 201 496 416 2300 2300 2300 0 128 128 128 0 1 1
