ts te nbins ncons c_tcp_packs c_tcp_bytes c_udp_packs c_udp_bytes s_tcp_packs s_tcp_bytes s_udp_packs s_udp_bytes max_bins_span min_bins_span avg_bins_span std_bins_span max_video_rate min_video_rate avg_video_rate std_video_rate max_audio_rate min_audio_rate avg_audio_rate std_audio_rate video_requests audio_requests
0 10000 67 43 1593 123363 44 19439 2362 2920397 47 12971 999 0 413 344 1500 288 894 699 128 128 128 0 4 3
10000 20000 48 19 3571 93408 136 36538 5299 7841862 197 165166 999 40 509 349 840 288 472 276 128 128 128 0 9 8
20000 30000 18 7 427 51437 0 0 670 865274 0 0 999 0 517 388 3000 1500 2175 629 128 128 128 0 8 6
30000 40000 28 20 125 169738 0 0 176 11933 0 0 989 16 275 347 4400 3000 3466 722 128 128 128 0 6 5
40000 50000 36 30 90 43089 17 10477 102 17880 22 12140 986 14 199 296 4400 4400 4400 0 128 128 128 0 6 6
50000 60000 38 31 101 34675 0 0 111 15471 0 0 987 0 180 292 4400 4400 4400 0 128 128 128 0 6 6
60000 70000 27 18 137 163758 0 0 201 17941 0 0 996 0 223 306 4400 4400 4400 0 128 128 128 0 6 6
70000 80000 14 8 54 27005 0 0 57 6975 0 0 972 17 379 371 4400 4400 4400 0 128 128 128 0 5 5
80000 90000 10 4 41 26103 0 0 42 6365 0 0 976 16 534 375 4400 4400 4400 0 128 128 128 0 5 5
90000 100000 32 25 79 31105 0 0 87 15445 0 0 989 14 222 336 4400 4400 4400 0 128 128 128 0 6 6
100000 110000 22 15 52 24509 14 7855 56 6893 18 10518 957 15 332 369 4400 4400 4400 0 128 128 128 0 5 5
110000 120000 6 4 27 17258 0 0 29 3913 0 0 976 15 446 440 4400 1500 2225 1450 128 128 128 0 4 3
120000 130000 28 19 278 170411 39 21087 410 300108 55 21818 960 15 329 268 1500 1500 1500 0 128 128 128 0 8 8
130000 140000 22 16 59 36329 0 0 68 6300 0 0 988 15 230 335 2300 2300 2300 0 128 128 128 0 5 5
140000 150000 20 14 53 25284 0 0 55 6681 0 0 990 15 274 377 2300 2300 2300 0 128 128 128 0 6 6
150000 160000 16 9 50 32758 0 0 56 6294 0 0 984 16 419 423 4400 2300 3980 939 128 128 128 0 5 5
160000 170000 16 9 45 28162 12 5442 50 6872 16 8019 989 0 345 382 4400 4400 4400 0 128 128 128 0 5 5
170000 180000 11 5 36 21645 0 0 38 4976 0 0 966 0 441 424 4400 4400 4400 0 128 128 128 0 5 5
180000 190000 28 22 122 143555 0 0 172 20222 0 0 943 17 283 360 4400 4400 4400 0 128 128 128 0 5 5
190000 200000 24 16 57 27386 0 0 59 8018 0 0 957 14 244 341 4400 4400 4400 0 128 128 128 0 6 6
200000 210000 12 5 48 28512 0 0 51 6720 0 0 970 8 537 394 4400 4400 4400 0 128 128 128 0 5 5
210000 220000 14 9 42 21306 0 0 47 5487 0 0 986 20 339 391 4400 4400 4400 0 128 128 128 0 5 5
220000 230000 22 15 45 20879 15 7925 49 5898 16 8018 980 14 322 400 4400 4400 4400 0 128 128 128 0 5 5
230000 240000 25 18 53 23106 0 0 55 5150 0 0 992 14 260 399 4400 4400 4400 0 128 128 128 0 5 5
240000 250000 39 32 263 150817 35 18365 407 285778 45 19171 974 15 263 282 4400 4400 4400 0 128 128 128 0 6 6
250000 260000 14 9 58 34495 0 0 68 10575 0 0 995 0 393 394 4400 4400 4400 0 128 128 128 0 5 5
260000 270000 8 3 37 21137 0 0 39 5405 0 0 997 145 717 359 4400 4400 4400 0 128 128 128 0 5 5
270000 280000 15 8 40 23046 0 0 45 5306 0 0 984 0 412 441 4400 4400 4400 0 128 128 128 0 5 5
280000 290000 25 17 49 24875 18 10578 55 6486 21 10628 988 0 280 375 4400 4400 4400 0 128 128 128 0 5 5
290000 300000 10 5 44 25059 0 0 46 6318 0 0 977 13 479 400 4400 4400 4400 0 128 128 128 0 6 6
