ts te nbins ncons c_pkts_all c_bytes_all s_pkts_all s_bytes_all max_bin_duration min_bin_duration avg_bin_duration std_bin_duration max_video_rate min_video_rate avg_video_rate std_video_rate max_audio_rate min_audio_rate avg_audio_rate std_audio_rate video_reqs audio_reqs media_reqs
0.0 1000.0 0 0 0.0 0.0 0.0 0.0 0.0 0.0 0.0 0.0 0.0 0.0 0.0 0.0 0.0 0.0 0.0 0.0 0 0 
1000.0 2000.0 0 0 0.0 0.0 0.0 0.0 0.0 0.0 0.0 0.0 0.0 0.0 0.0 0.0 0.0 0.0 0.0 0.0 0 0 
2000.0 3000.0 0 0 0.0 0.0 0.0 0.0 0.0 0.0 0.0 0.0 0.0 0.0 0.0 0.0 0.0 0.0 0.0 0.0 0 0 
3000.0 4000.0 0 0 0.0 0.0 0.0 0.0 0.0 0.0 0.0 0.0 0.0 0.0 0.0 0.0 0.0 0.0 0.0 0.0 0 0 
4000.0 5000.0 0 0 0.0 0.0 0.0 0.0 0.0 0.0 0.0 0.0 0.0 0.0 0.0 0.0 0.0 0.0 0.0 0.0 0 0 
5000.0 6000.0 0 0 0.0 0.0 0.0 0.0 0.0 0.0 0.0 0.0 0.0 0.0 0.0 0.0 0.0 0.0 0.0 0.0 0 0 
6000.0 7000.0 1 1 6.343801536665411 1916.9475584617774 6.716966332939847 5357.526980112077 338.944091796875 338.944091796875 338.944091796875 0.0 0.0 0.0 0.0 0.0 0.0 0.0 0.0 0.0 0 0 1.0
7000.0 8000.0 2 1 23.235954224026486 4640.51652951635 43.78073604884756 54392.73544760959 569.351908203098 256.758056640625 413.0549824218615 221.0372321970457 288.0 288.0 288.0 0.0 128.0 128.0 128.0 0.0 2 2 0.0
8000.0 9000.0 2 1 41.86977809373316 4645.005260172733 100.53164501440767 139831.86280744738 722.9419433593866 254.811279296875 488.8766113281308 331.0183670399636 0.0 0.0 0.0 0.0 0.0 0.0 0.0 0.0 0 0 0.0
9000.0 10000.0 2 1 23.594331243758965 2429.261533747936 38.07592883944657 51439.05526664848 732.9007207031245 248.6640625 490.78239160156227 342.40702471454176 288.0 288.0 288.0 0.0 128.0 128.0 128.0 0.0 1 1 1.0
10000.0 11000.0 2 1 20.148306652469376 1947.0213465188722 45.57104384512151 63396.76625575322 737.341937499994 235.5258789063082 486.4339082031511 354.83753793990104 0.0 0.0 0.0 0.0 0.0 0.0 0.0 0.0 0 0 0.0
11000.0 12000.0 2 1 25.063679959930056 1633.5105161684346 43.819023048768564 60087.98595265903 762.4321210937342 223.06396484375 492.7480429687421 381.39088084044914 0.0 0.0 0.0 0.0 0.0 0.0 0.0 0.0 0 0 1.0
12000.0 13000.0 2 1 41.76531536483409 3789.9222047641424 57.85001042813168 78321.99269923144 776.6350351562724 218.81298828125 497.7240117187612 394.43975204068846 288.0 288.0 288.0 0.0 128.0 128.0 128.0 0.0 1 1 0.0
13000.0 14000.0 2 1 54.93775927176126 3985.0276161201973 68.5724991366942 95452.2340642759 772.647011718771 185.9580078125 479.3025097656355 414.85177310970505 288.0 288.0 288.0 0.0 128.0 128.0 128.0 0.0 1 1 1.0
14000.0 15000.0 2 1 47.64839765148838 4062.3157954303742 93.32428355328219 130150.83376242933 810.3649921874749 179.18798828125 494.7764902343624 446.30953959109956 288.0 288.0 288.0 0.0 128.0 128.0 128.0 0.0 1 1 0.0
15000.0 16000.0 2 1 47.62695167731251 3465.804528073084 81.93027127337368 116200.34248434509 820.0800117187318 177.59130859375 498.8356601562409 454.30811881542525 288.0 288.0 288.0 0.0 128.0 128.0 128.0 0.0 1 1 1.0
16000.0 17000.0 2 1 45.37430068816145 3039.467168296568 68.45091235585707 97696.6060443524 814.5056914062588 171.77294921875 493.1393203125044 454.4806804914125 0.0 0.0 0.0 0.0 0.0 0.0 0.0 0.0 0 0 0.0
17000.0 18000.0 2 1 41.870993569663874 3401.3515926304067 72.3321054332495 96485.63438102094 821.5810507812421 161.806884765625 491.69396777343354 466.5307868413418 288.0 288.0 288.0 0.0 128.0 128.0 128.0 0.0 1 1 1.0
18000.0 19000.0 2 1 31.47369836821339 3133.144166276104 66.04768581516717 91889.85523085088 812.6541152343852 143.77392578125 478.2140205078176 472.96971776365456 288.0 288.0 288.0 0.0 128.0 128.0 128.0 0.0 1 1 0.0
19000.0 20000.0 2 1 28.119457782598353 1675.4858748770143 42.533510486143406 50195.213565631544 838.1720742187463 143.539306640625 490.85569042968564 491.17954038886853 0.0 0.0 0.0 0.0 0.0 0.0 0.0 0.0 0 0 1.0
20000.0 21000.0 2 1 35.079142922864435 3549.020438449609 50.835426897822444 67760.54361329073 846.8306933593703 134.199951171875 490.5153222656227 503.90603028278025 288.0 288.0 288.0 0.0 128.0 128.0 128.0 0.0 1 1 0.0
21000.0 22000.0 2 1 37.199904797322205 2589.6703195808136 46.56218849729703 65569.15704807962 855.6540488281171 131.729248046875 493.69164843749604 511.89213570153674 0.0 0.0 0.0 0.0 0.0 0.0 0.0 0.0 0 0 1.0
22000.0 23000.0 2 1 33.69710931370493 2805.6943029647637 44.49331234584636 59198.45605594196 867.1887519531883 126.080078125 496.63441503909416 524.0429688600811 288.0 288.0 288.0 0.0 128.0 128.0 128.0 0.0 1 1 0.0
23000.0 24000.0 2 1 38.575480828493156 2428.5387242409233 41.317626726171746 59931.70063143392 872.794921875 120.132080078125 496.4635009765625 532.212999381708 0.0 0.0 0.0 0.0 0.0 0.0 0.0 0.0 0 0 1.0
24000.0 25000.0 2 1 30.495028001380547 2201.6526585512047 32.34348456355078 46515.232961243186 874.2389199218596 118.532958984375 496.3859394531173 534.3648095619916 288.0 288.0 288.0 0.0 128.0 128.0 128.0 0.0 1 1 0.0
25000.0 26000.0 2 1 33.94673376787773 2775.0232249279866 42.13921527878643 61186.14058479789 859.796041015652 115.577880859375 487.6869609375135 526.2417077286796 0.0 0.0 0.0 0.0 0.0 0.0 0.0 0.0 0 0 1.0
26000.0 27000.0 2 1 34.311284604201155 1867.7094498152105 43.3542259341289 62700.612384175634 879.282119140611 100.794921875 490.0385205078055 550.4735762534231 0.0 0.0 0.0 0.0 0.0 0.0 0.0 0.0 0 0 0.0
27000.0 28000.0 2 1 33.49429504107931 3393.432443173819 36.85672234331983 51325.684514679924 884.0520781250088 91.52490234375 487.7884902343794 560.401340269551 288.0 288.0 288.0 0.0 128.0 128.0 128.0 0.0 1 1 1.0
28000.0 29000.0 2 1 40.950471794478645 2102.6869061440693 56.300347747193605 80505.35091775114 901.3310976562789 82.7099609375 492.02052929688944 578.8525569964884 0.0 0.0 0.0 0.0 0.0 0.0 0.0 0.0 0 0 0.0
29000.0 30000.0 2 1 34.165802175584815 3518.4249267960568 35.340392918178544 37585.00452836921 913.7330390625284 73.756103515625 493.7445712890767 593.953387165511 288.0 288.0 288.0 0.0 128.0 128.0 128.0 0.0 1 1 1.0
30000.0 31000.0 2 1 40.23372668191734 2097.1793302964134 67.19412678686285 97328.78083157065 913.6148964844178 64.986083984375 489.3004902343964 600.0711880290675 0.0 0.0 0.0 0.0 0.0 0.0 0.0 0.0 0 0 0.0
31000.0 32000.0 2 1 48.82442203492827 4142.293325902702 64.89817937228709 90716.17270291493 923.4089160157018 63.02392578119179 493.2164208984468 608.3840610259435 288.0 288.0 288.0 0.0 128.0 128.0 128.0 0.0 1 1 1.0
32000.0 33000.0 2 1 44.841868695848596 2331.803935787926 61.362019344470966 86813.71230103125 888.7090742188157 49.14599609369179 468.9275351562537 593.6607457761263 0.0 0.0 0.0 0.0 0.0 0.0 0.0 0.0 0 0 0.0
33000.0 34000.0 2 1 37.20896097926823 3666.9233727617748 49.95684705185807 68262.23412454718 940.0230039062444 27.997314453125 484.0101591796847 644.899549628637 288.0 288.0 288.0 0.0 128.0 128.0 128.0 0.0 1 1 1.0
34000.0 35000.0 2 1 38.83766590421573 3227.9595504756303 52.66379765040763 67506.86206372618 967.3876855468843 18.092041015625 492.73986328125466 671.2533875989078 288.0 288.0 288.0 0.0 128.0 128.0 128.0 0.0 1 1 0.0
35000.0 36000.0 1 1 50.06537637221815 2935.2053990771033 61.845464930387124 87544.70979407926 969.1439589844085 969.1439589844085 969.1439589844085 0.0 0.0 0.0 0.0 0.0 0.0 0.0 0.0 0.0 0 0 1.0
36000.0 37000.0 1 1 33.0 2875.0 45.0 61113.0 981.8549999999814 981.8549999999814 981.8549999999814 0.0 288.0 288.0 288.0 0.0 128.0 128.0 128.0 0.0 1 1 0.0
37000.0 38000.0 1 1 56.46966099598841 4074.73185397369 54.48826938209408 72439.6774039767 990.472900390625 990.472900390625 990.472900390625 0.0 288.0 288.0 288.0 0.0 0.0 0.0 0.0 0.0 1 0 1.0
38000.0 39000.0 2 1 47.81595880541094 3119.714369750834 78.33597987437568 113681.13251641738 974.249267578125 9.302099609398283 491.77568359376164 682.3206859574411 0.0 0.0 0.0 0.0 128.0 128.0 128.0 0.0 0 1 0.0
39000.0 40000.0 2 1 44.667420243687836 4130.2795635756875 64.66347525310063 89273.36666009828 972.04296875 14.71873242186848 493.38085058593424 676.9304593018549 288.0 288.0 288.0 0.0 128.0 128.0 128.0 0.0 1 1 1.0
40000.0 41000.0 2 1 36.06968401200812 1971.9628032004173 70.5848701585898 94283.14449981101 967.135986328125 23.154031249985565 495.1450087890553 667.4960417534872 0.0 0.0 0.0 0.0 0.0 0.0 0.0 0.0 0 0 0.0
41000.0 42000.0 2 1 28.94793932140249 3304.3672049727143 44.815755845536444 55650.74210217998 931.1088867186918 26.98701367189642 479.0479501952941 639.3107074504718 288.0 288.0 288.0 0.0 128.0 128.0 128.0 0.0 1 1 1.0
42000.0 43000.0 2 1 34.54865700491486 1841.4695080277152 45.851327704502864 65908.94959034228 919.323974609375 67.55411328130867 493.43904394534184 602.292244955401 0.0 0.0 0.0 0.0 0.0 0.0 0.0 0.0 0 0 0.0
43000.0 44000.0 2 1 34.843569166235085 3478.044015803844 40.246481267112216 55102.66386825895 914.946044921875 70.12902539060451 492.53753515623976 597.3758433723693 288.0 288.0 288.0 0.0 128.0 128.0 128.0 0.0 1 1 1.0
44000.0 45000.0 2 1 33.39924740221853 1709.2986613601486 37.395052402068245 52751.02387335638 903.2080078125 74.55495507811429 488.88148144530714 585.9461928394179 0.0 0.0 0.0 0.0 0.0 0.0 0.0 0.0 0 0 0.0
45000.0 46000.0 2 1 36.334095934489746 3486.695598611206 49.237919928948614 65770.48798897747 893.889892578125 95.06699218752328 494.47844238282414 564.8530898333005 288.0 288.0 288.0 0.0 128.0 128.0 128.0 0.0 1 1 1.0
46000.0 47000.0 2 1 43.32166265345041 2233.8141658155932 51.80638959722123 74563.66858905583 874.957275390625 105.43610742187593 490.19669140625047 544.1336361372947 0.0 0.0 0.0 0.0 0.0 0.0 0.0 0.0 0 0 0.0
47000.0 48000.0 2 1 38.50755154332016 3536.7042396792435 45.56513960594222 60060.71040611202 856.29296875 123.90572460938711 490.09934667969355 517.8759867863549 288.0 288.0 288.0 0.0 128.0 128.0 128.0 0.0 1 1 1.0
48000.0 49000.0 2 1 36.86710055067427 2583.4632240441556 49.83149923250376 71415.20918731154 848.4760742186918 131.97403124999255 490.22505273434217 506.64345331718226 0.0 0.0 0.0 0.0 0.0 0.0 0.0 0.0 0 0 0.0
49000.0 50000.0 2 1 40.83784977379819 3145.076072840046 47.0499511326984 68316.52904467809 845.701904296875 138.97592578129843 492.3389150390867 499.73073184906247 288.0 288.0 288.0 0.0 128.0 128.0 128.0 0.0 1 1 1.0
50000.0 51000.0 2 1 43.35141780516696 3353.1809687291366 46.63119122894225 67708.48966442414 827.342041015625 151.1850957031129 489.26356835936895 478.11516117685886 288.0 288.0 288.0 0.0 0.0 0.0 0.0 0.0 1 0 0.0
51000.0 52000.0 2 1 46.28078199038292 2914.496444384633 57.61916190102178 83663.02308028362 825.1552734375 157.00795898440992 491.08161621095496 472.4514968813605 0.0 0.0 0.0 0.0 128.0 128.0 128.0 0.0 0 1 1.0
52000.0 53000.0 2 1 39.07092864150749 3154.1388631754235 45.33389367797932 60961.520582747464 821.076904296875 162.61172656249255 491.8443154296838 465.6051923511871 288.0 288.0 288.0 0.0 128.0 128.0 128.0 0.0 1 1 0.0
53000.0 54000.0 2 1 43.75672186610668 2804.395354243449 60.294216329336656 86512.49514787534 814.87109375 174.69109570310684 494.7810947265534 452.6756177989489 0.0 0.0 0.0 0.0 0.0 0.0 0.0 0.0 0 0 1.0
54000.0 55000.0 2 1 34.828714784477384 2901.320890792362 43.87847092680216 53402.39287617586 814.561279296875 173.7769062499865 494.16909277343075 453.10297545982525 288.0 288.0 288.0 0.0 128.0 128.0 128.0 0.0 1 1 0.0
55000.0 56000.0 2 1 33.69800946599941 2390.060679610642 43.92282920580587 60302.61510774196 798.236083984375 184.01072070311056 491.1234023437428 434.3229195529527 0.0 0.0 0.0 0.0 0.0 0.0 0.0 0.0 0 0 1.0
56000.0 57000.0 2 1 33.45336166413247 1737.1043256734179 35.51845897079016 50685.66456083277 783.952880859375 184.49391601560637 484.2233984374907 423.881499084097 0.0 0.0 0.0 0.0 0.0 0.0 0.0 0.0 0 0 0.0
57000.0 58000.0 2 1 28.734580359267 2904.7673072829684 36.522049639495336 52870.6337499308 767.947265625 200.6821191406343 484.31469238281716 401.1170318098752 288.0 288.0 288.0 0.0 128.0 128.0 128.0 0.0 1 1 1.0
58000.0 59000.0 2 1 34.421033201530946 2040.8523204325807 42.90599662934045 62299.50710580233 765.366943359375 218.18473437498324 491.7758388671791 386.91625051749804 0.0 0.0 0.0 0.0 0.0 0.0 0.0 0.0 0 0 0.0
59000.0 60000.0 2 1 36.67200970868361 3225.76165935995 42.201939749968645 57144.808680990376 749.508056640625 210.79905664070975 480.1535566406674 380.9247869861639 288.0 288.0 288.0 0.0 128.0 128.0 128.0 0.0 1 1 1.0
60000.0 61000.0 2 1 45.27710185114054 3104.3603955599306 45.70505700083906 63158.72676546234 745.798095703125 236.07394335936988 490.93601953124744 360.4294046568341 0.0 0.0 0.0 0.0 0.0 0.0 0.0 0.0 0 0 0.0
61000.0 62000.0 2 1 39.67178546661761 3081.3347602875047 61.631347731143954 87876.95603632649 738.48291015625 223.17090429685777 480.8269072265539 364.38061377001816 288.0 288.0 288.0 0.0 128.0 128.0 128.0 0.0 1 1 1.0
62000.0 63000.0 2 1 41.91157893266853 3444.239791063626 46.028858868506774 62698.17537951979 736.6772460936918 259.92208984377794 498.29966796873487 337.1168039499661 0.0 0.0 0.0 0.0 0.0 0.0 0.0 0.0 0 0 0.0
63000.0 64000.0 2 1 39.242592824380864 2731.1307671839 56.13609310527483 79189.1838038944 696.1059570311918 260.76275390631054 478.43435546875116 307.83413107307615 288.0 288.0 288.0 0.0 128.0 128.0 128.0 0.0 1 1 1.0
64000.0 65000.0 2 1 39.83001703384588 3071.9028617043587 49.0209083037413 66851.00071417162 685.76708984375 298.2950429688208 492.0310664062854 273.98411186549424 0.0 0.0 0.0 0.0 0.0 0.0 0.0 0.0 0 0 0.0
65000.0 66000.0 2 1 37.38064169941275 2629.8250455059624 48.89143586671635 69283.05880886421 681.04296875 299.8479101561825 490.44543945309124 269.5456108864917 288.0 288.0 288.0 0.0 128.0 128.0 128.0 0.0 1 1 1.0
66000.0 67000.0 2 1 32.661430641503394 2247.8833706397445 43.81901863369578 61122.462392732006 665.446044921875 318.43803125002887 491.94203808595194 245.37171959343658 288.0 288.0 288.0 0.0 0.0 0.0 0.0 0.0 1 0 0.0
67000.0 68000.0 2 1 29.097318341001372 2434.889301805046 34.40868749200815 48747.166901790086 592.261962890625 322.8509550781455 457.55645898438524 190.5023505505062 0.0 0.0 0.0 0.0 128.0 128.0 128.0 0.0 0 1 1.0
68000.0 69000.0 2 1 32.46848881323245 2521.55292104445 41.165881306611546 58112.89434140553 584.8833007811918 406.78703710937407 495.83516894528293 125.93307574632969 0.0 0.0 0.0 0.0 0.0 0.0 0.0 0.0 0 0 0.0
69000.0 70000.0 2 1 35.367313066838236 2698.1726322175864 44.889401942359044 64021.37693609977 572.26708984375 408.0296992188087 490.14839453127934 116.13337263527991 288.0 288.0 288.0 0.0 128.0 128.0 128.0 0.0 1 1 1.0
70000.0 71000.0 2 1 41.41803804790972 3263.8503748568696 49.87210644101276 65470.89958836717 559.5419921875 424.97791015624534 492.2599511718727 95.15117490844302 0.0 0.0 0.0 0.0 0.0 0.0 0.0 0.0 0 0 0.0
71000.0 72000.0 2 1 43.68408770734742 3022.4525525080157 57.419924161337924 77930.12884624602 542.131103515625 438.67900781251956 490.4050556640723 73.15167839962555 288.0 288.0 288.0 0.0 128.0 128.0 128.0 0.0 1 1 1.0
72000.0 73000.0 2 1 45.06308248997247 3150.1626716685223 63.596681191643924 89355.03760634479 536.1953125 455.5858964843792 495.8906044921896 56.99946469213296 288.0 288.0 288.0 0.0 0.0 0.0 0.0 0.0 1 0 0.0
73000.0 74000.0 2 1 46.58039941873329 3911.4510360216655 64.8480490014372 90626.96060342016 529.5590820311918 451.5326875000028 490.5458847655973 55.17299268454069 288.0 288.0 288.0 0.0 128.0 128.0 128.0 0.0 1 1 1.0
74000.0 75000.0 2 1 49.27838306753736 3714.6874952294447 70.07962235895005 96024.15134545875 511.43603515625 465.2359179687337 488.33597656249185 32.66841615490594 0.0 0.0 0.0 0.0 128.0 128.0 128.0 0.0 0 1 0.0
75000.0 76000.0 2 1 52.729570380167516 3579.5299271376434 69.4500578271826 96302.6943153947 509.06396484375 479.78496484376956 494.4244648437598 20.703379446347096 288.0 288.0 288.0 0.0 128.0 128.0 128.0 0.0 1 1 1.0
76000.0 77000.0 2 1 46.17534546199466 3543.7332130165432 57.650058642239294 82994.89024637573 503.669921875 488.38403515622485 496.0269785156124 10.80875415529529 0.0 0.0 0.0 0.0 0.0 0.0 0.0 0.0 0 0 0.0
77000.0 78000.0 2 1 42.464805401142456 3351.8577726134963 52.41685329929493 73331.8280181924 497.455078125 491.6680781249888 494.5615781249944 4.092026942734453 288.0 288.0 288.0 0.0 128.0 128.0 128.0 0.0 1 1 1.0
78000.0 79000.0 2 1 46.75681714295466 3207.1261304483146 66.69666070982072 93767.34967476338 495.47509765625 488.88092187501024 492.1780097656301 4.662786411250731 288.0 288.0 288.0 0.0 128.0 128.0 128.0 0.0 1 1 0.0
79000.0 80000.0 2 1 45.38090775690361 3520.114006615733 63.89553774380841 88499.62811295738 497.2639023437514 487.28125 492.2725761718757 7.058801166494395 288.0 288.0 288.0 0.0 0.0 0.0 0.0 0.0 1 0 1.0
80000.0 81000.0 2 1 43.95675173235449 3141.6976006821365 51.917030013382 69547.81944812219 494.6957500000135 480.948974609375 487.82236230469425 9.720438098168836 0.0 0.0 0.0 0.0 128.0 128.0 128.0 0.0 0 1 0.0
81000.0 82000.0 2 1 36.29780952651239 2630.9688149356507 42.80570653714305 57647.7819455358 489.81902539060684 433.735107421875 461.7770664062409 39.65731871120035 288.0 288.0 288.0 0.0 128.0 128.0 128.0 0.0 1 1 1.0
82000.0 83000.0 2 1 32.66217818513694 2646.6838289031602 39.401257160564654 53605.38373783565 523.5808925781166 379.331298828125 451.4560957031208 101.9998659240237 0.0 0.0 0.0 0.0 0.0 0.0 0.0 0.0 0 0 0.0
83000.0 84000.0 2 1 40.705489800526244 2699.656069560106 63.60324192590033 89249.36888571788 600.8287011719076 370.269287109375 485.5489941406413 163.03012515001384 288.0 288.0 288.0 0.0 128.0 128.0 128.0 0.0 1 1 1.0
84000.0 85000.0 2 1 40.834716676550826 3724.989524429599 64.8986216835263 89645.07784072308 619.7627128905733 357.443115234375 488.60291406247416 185.4879663408246 0.0 0.0 0.0 0.0 0.0 0.0 0.0 0.0 0 0 0.0
85000.0 86000.0 2 1 45.77740272139735 3388.946291464286 57.003837145026736 77159.99222977473 638.3078847656143 346.2392578125 492.27357128905714 206.52370669039115 288.0 288.0 288.0 0.0 128.0 128.0 128.0 0.0 1 1 1.0
86000.0 87000.0 2 1 46.478743485766046 3135.4412749098033 66.12025078894553 92534.40079136973 638.9617421875009 329.718017578125 484.33987988281297 218.66833471067494 0.0 0.0 0.0 0.0 0.0 0.0 0.0 0.0 0 0 0.0
87000.0 88000.0 2 1 44.40936653324954 3671.2810482720824 57.04601941942865 75223.1707930697 655.8629824218806 328.573974609375 492.2184785156278 231.42827683203964 288.0 288.0 288.0 0.0 128.0 128.0 128.0 0.0 1 1 1.0
88000.0 89000.0 2 1 48.82231912053466 4105.090707335352 57.80513438756215 77015.9767601568 669.5170253905817 318.216064453125 493.86654492185335 248.40729171622607 288.0 288.0 288.0 0.0 128.0 128.0 128.0 0.0 1 1 0.0
89000.0 90000.0 2 1 46.16843507968876 3226.068185594915 71.49446516984581 100607.96986941247 681.2559355468838 298.8129882811918 490.0344619140378 270.42800142854003 288.0 288.0 288.0 0.0 128.0 128.0 128.0 0.0 1 1 1.0
90000.0 91000.0 2 1 44.083505246444666 2953.609042962353 66.01156794150265 94175.4472310834 700.8680117187323 298.27587890625 499.57194531249115 284.6756271640614 288.0 288.0 288.0 0.0 128.0 128.0 128.0 0.0 1 1 0.0
91000.0 92000.0 2 1 41.88267600361781 3181.9010266195946 44.27613186433102 62893.56691199784 701.182121093676 285.81494140625 493.498531249963 293.70894943931006 0.0 0.0 0.0 0.0 0.0 0.0 0.0 0.0 0 0 1.0
92000.0 93000.0 2 1 39.940940378831264 2801.1083993343473 45.47295791947868 63687.26724362043 703.9560585937579 283.552978515625 493.75451855469146 297.26986875495896 288.0 288.0 288.0 0.0 0.0 0.0 0.0 0.0 1 0 0.0
93000.0 94000.0 2 1 34.441269657627046 2845.119939697198 51.167542976124864 70916.61523543966 716.3670214844169 277.999267578125 497.18314453127095 309.97281144065465 0.0 0.0 0.0 0.0 128.0 128.0 128.0 0.0 0 1 1.0
94000.0 95000.0 2 1 33.83823202819913 2523.079417437081 44.73804752731576 63070.72352835623 700.2127324218745 275.507080078125 487.85990624999977 300.3122467805216 0.0 0.0 0.0 0.0 0.0 0.0 0.0 0.0 0 0 0.0
95000.0 96000.0 2 1 25.62265698486638 2364.643091207742 28.56398953285953 36170.12930669139 720.6769199218834 257.468017578125 489.0724687500042 327.5381559532488 288.0 288.0 288.0 0.0 128.0 128.0 128.0 0.0 1 1 1.0
96000.0 97000.0 2 1 34.88078699948721 2354.036211140412 47.4925793362104 67042.95603761237 739.967982421862 244.4741210936918 492.2210517577769 350.36706938145596 0.0 0.0 0.0 0.0 0.0 0.0 0.0 0.0 0 0 0.0
97000.0 98000.0 2 1 42.280100444529324 2849.5580388255767 44.556058024388456 62048.370386304035 742.9948789062328 227.159912109375 485.0773955078039 364.7504029951957 288.0 288.0 288.0 0.0 128.0 128.0 128.0 0.0 1 1 1.0
98000.0 99000.0 2 1 36.86305920535142 2882.1906963943666 45.73767138255204 65691.5325214004 770.925087890646 223.972900390625 497.4489941406355 386.7536007660808 0.0 0.0 0.0 0.0 0.0 0.0 0.0 0.0 0 0 0.0
99000.0 100000.0 2 1 33.543256614727476 2391.0717557971147 39.760051396800534 55067.575059170464 749.3400996093987 181.8798828125 465.6099912109494 401.2549673506755 288.0 288.0 288.0 0.0 0.0 0.0 0.0 0.0 1 0 1.0
100000.0 101000.0 2 1 27.235911611513895 2440.0268206717037 38.26027830077588 54322.6600876602 816.8841171875247 55.243896484375 436.06400683594984 538.5609648836158 0.0 0.0 0.0 0.0 128.0 128.0 128.0 0.0 0 1 0.0
101000.0 102000.0 2 1 19.376275788665904 1553.2594509546293 26.32043868894319 36520.23451820002 931.9311035156134 47.679931640625 489.8055175781192 625.2599999049556 0.0 0.0 0.0 0.0 0.0 0.0 0.0 0.0 0 0 1.0
102000.0 103000.0 1 1 28.560453734262513 1991.6156404025726 35.224559605590436 43866.95290557827 945.9650683593936 945.9650683593936 945.9650683593936 0.0 288.0 288.0 288.0 0.0 0.0 0.0 0.0 0.0 1 0 0.0
103000.0 104000.0 1 1 33.79276360763914 2880.336145145242 42.73790691554362 61458.10404936371 992.741943359375 992.741943359375 992.741943359375 0.0 0.0 0.0 0.0 0.0 128.0 128.0 128.0 0.0 0 1 1.0
104000.0 105000.0 2 1 40.849582174563615 1938.7581506086349 50.817206130611034 73782.92009365284 982.847900390625 6.088056640641298 494.46797851563315 690.673509106326 0.0 0.0 0.0 0.0 0.0 0.0 0.0 0.0 0 0 0.0
105000.0 106000.0 2 1 27.10012686137962 3277.506442863649 29.168283496952352 36517.536291525044 978.52490234375 8.649099609348923 493.58700097654946 685.8057570222413 288.0 288.0 288.0 0.0 128.0 128.0 128.0 0.0 1 1 1.0
106000.0 107000.0 2 1 31.661856213937334 1493.663323810736 40.51339980559013 58769.26786376664 962.2041015625 9.423097656224854 485.8135996093624 673.7179088478536 0.0 0.0 0.0 0.0 0.0 0.0 0.0 0.0 0 0 0.0
107000.0 108000.0 2 1 30.06941049062503 2700.33856039867 30.236942999447614 40222.67611403612 935.196044921875 18.250898437516298 476.72347167969565 648.3781310551822 288.0 288.0 288.0 0.0 0.0 0.0 0.0 0.0 1 0 1.0
108000.0 109000.0 2 1 34.6131795337116 2291.8043477338856 39.20858493396943 56740.23044528544 916.469970703125 48.4279550780775 482.44896289060125 613.7983956033102 0.0 0.0 0.0 0.0 128.0 128.0 128.0 0.0 0 1 0.0
109000.0 110000.0 2 1 44.19030208482546 3377.1117596440563 49.18125456975451 69156.52809892569 903.7739257811918 80.6890292968601 492.23147753902595 582.0089117962984 0.0 0.0 0.0 0.0 0.0 0.0 0.0 0.0 0 0 1.0
110000.0 111000.0 2 1 41.28254208290981 2594.7238571271832 43.48474434294159 61676.46170000251 884.643310546875 81.51107421872439 483.0771923827997 567.9002504971521 288.0 288.0 288.0 0.0 128.0 128.0 128.0 0.0 1 1 0.0
111000.0 112000.0 2 1 44.98788498723509 3895.6016176974604 45.199324842016445 60800.73282709891 877.2060546875 104.58068945311243 490.8933720703062 546.3286350739685 288.0 288.0 288.0 0.0 0.0 0.0 0.0 0.0 1 0 1.0
112000.0 113000.0 2 1 42.33483625209039 2238.1956443062136 52.872688906066706 76141.87175742436 875.238037109375 117.95594531251118 496.5969912109431 535.479302380696 0.0 0.0 0.0 0.0 128.0 128.0 128.0 0.0 0 1 0.0
113000.0 114000.0 2 1 41.72678204345389 3699.049222279769 48.41882457981629 66507.22938170735 865.260009765625 121.44096289062873 493.35048632812686 525.9594920210243 288.0 288.0 288.0 0.0 128.0 128.0 128.0 0.0 1 1 1.0
114000.0 115000.0 2 1 42.58986649421829 2214.0153656218836 46.82035575286463 67424.06046134535 853.3212890625 127.40999023441691 490.36563964845845 513.2968019412718 0.0 0.0 0.0 0.0 0.0 0.0 0.0 0.0 0 0 0.0
115000.0 116000.0 2 1 41.90021450059381 3691.036017496537 58.77048717581065 81701.60592327699 852.15087890625 133.06771093752468 492.60929492188734 508.4685843077909 288.0 288.0 288.0 0.0 128.0 128.0 128.0 0.0 1 1 1.0
116000.0 117000.0 2 1 43.83542903338267 3572.7237833252366 48.19076196965038 67116.52917478223 831.6752929686918 139.28912109375233 485.48220703122206 489.59095733256413 288.0 288.0 288.0 0.0 0.0 0.0 0.0 0.0 1 0 0.0
117000.0 118000.0 2 1 46.10713424198031 2882.052745419859 55.55861262040448 80249.7041859775 828.39208984375 154.89670703117736 491.6443984374637 476.23315228459984 0.0 0.0 0.0 0.0 128.0 128.0 128.0 0.0 0 1 1.0
118000.0 119000.0 2 1 42.08307851235942 3196.4236112519793 52.268778150271885 72133.02622028603 826.46728515625 168.85491015622392 497.66109765623696 465.00216975470926 288.0 288.0 288.0 0.0 128.0 128.0 128.0 0.0 1 1 0.0
119000.0 120000.0 2 1 49.85736180265607 3253.2411783894177 54.84052841181613 73237.51918665071 815.999267578125 166.50471484375885 491.2519912109419 459.262002582194 0.0 0.0 0.0 0.0 0.0 0.0 0.0 0.0 0 0 1.0
120000.0 121000.0 2 1 36.964118036783724 2971.6365119225284 58.20665758195369 79859.8308752113 811.77587890625 171.19573242188198 491.485805664066 452.9585654725686 288.0 288.0 288.0 0.0 128.0 128.0 128.0 0.0 1 1 0.0
121000.0 122000.0 2 1 29.15521692594365 2212.9802056882245 45.9822458449622 63948.4989162298 810.657958984375 175.84012109367177 493.2490400390234 448.8839979906987 0.0 0.0 0.0 0.0 0.0 0.0 0.0 0.0 0 0 1.0
122000.0 123000.0 2 1 27.035056569056806 2498.950145353798 35.19333903123845 45093.09145916975 787.3359375 171.8860410156194 479.6109892578097 435.18879528466425 288.0 288.0 288.0 0.0 128.0 128.0 128.0 0.0 1 1 0.0
123000.0 124000.0 2 1 22.480756811566764 1900.207852231113 35.024904039838674 48265.96811623171 783.587890625 208.5380625000107 496.06297656250536 406.62163298733856 0.0 0.0 0.0 0.0 0.0 0.0 0.0 0.0 0 0 1.0
124000.0 125000.0 2 1 21.6622426298357 1192.8527646380758 31.65289510816981 44559.269842699825 781.447265625 206.65410937502747 494.05068750001374 406.44013856397436 0.0 0.0 0.0 0.0 0.0 0.0 0.0 0.0 0 0 0.0
125000.0 126000.0 2 1 23.027795221134227 1570.0550264449091 23.433181809534897 29748.40772989463 758.112060546875 213.46573437500047 485.78889746093773 385.12311058447267 0.0 0.0 0.0 0.0 0.0 0.0 0.0 0.0 0 0 0.0
126000.0 127000.0 2 1 31.94197822797041 2607.4452722498017 38.96746784629953 54288.294005230855 749.680908203125 235.72393945313524 492.7024238281301 363.42245784120024 288.0 288.0 288.0 0.0 128.0 128.0 128.0 0.0 1 1 1.0
127000.0 128000.0 2 1 41.170030719919836 3191.9655252988773 48.827824249211425 68672.76570600533 729.7529296875 249.91209179686848 489.83251074218424 339.2987103627004 288.0 288.0 288.0 0.0 0.0 0.0 0.0 0.0 1 0 0.0
128000.0 129000.0 2 1 45.19857648658177 2485.6865177671966 55.8108664437104 79338.60595891452 729.323974609375 260.67207031248836 494.9980224609317 331.38693954431744 0.0 0.0 0.0 0.0 128.0 128.0 128.0 0.0 0 1 0.0
129000.0 130000.0 2 1 38.50183637641367 3309.5652420819924 51.16409875309859 69632.41471723668 721.811279296875 268.6170253906166 495.2141523437458 320.4567301318933 288.0 288.0 288.0 0.0 128.0 128.0 128.0 0.0 1 1 1.0
130000.0 131000.0 2 1 40.56689340779312 2498.119517705195 57.28619416068484 81561.14830374671 721.507080078125 273.0297207031981 497.26840039066155 317.1213820226471 0.0 0.0 0.0 0.0 0.0 0.0 0.0 0.0 0 0 0.0
131000.0 132000.0 2 1 37.268197855680796 3179.996107482866 46.44253141171869 67434.55560981554 718.7739257811918 265.9939199218643 492.38392285152804 320.1638125288152 288.0 288.0 288.0 0.0 128.0 128.0 128.0 0.0 1 1 1.0
132000.0 133000.0 2 1 32.02812186009043 2094.5872953746016 47.17583722303881 67500.14502161744 705.0400390625 278.17507421877235 491.6075566406362 301.839111291957 0.0 0.0 0.0 0.0 0.0 0.0 0.0 0.0 0 0 0.0
133000.0 134000.0 2 1 27.8660770608452 2236.434407567195 39.451207213211205 55483.19137816323 671.625 289.1859609375242 480.4054804687621 270.42523791154355 0.0 0.0 0.0 0.0 0.0 0.0 0.0 0.0 0 0 1.0
134000.0 135000.0 2 1 31.124436071098607 2369.4757734351324 34.73161810590376 49755.44161142662 660.261962890625 326.0540000000037 493.15798144531436 236.32071688650032 288.0 288.0 288.0 0.0 128.0 128.0 128.0 0.0 1 1 0.0
135000.0 136000.0 2 1 34.09737693855322 2276.7868541621788 39.70489331743055 57651.50509690916 647.778076171875 331.317037109402 489.5475566406385 223.77174670241556 0.0 0.0 0.0 0.0 0.0 0.0 0.0 0.0 0 0 1.0
136000.0 137000.0 2 1 26.1645340123184 2346.1768385149467 29.538220936939418 39806.84316592418 645.221923828125 334.9349238281138 490.0784238281194 219.40604181403816 288.0 288.0 288.0 0.0 0.0 0.0 0.0 0.0 1 0 0.0
137000.0 138000.0 2 1 30.09468524724064 2306.7067307801376 32.99964485321728 46234.13796138335 629.028076171875 351.91807617188897 490.473076171882 195.9463601345943 0.0 0.0 0.0 0.0 128.0 128.0 128.0 0.0 0 1 1.0
138000.0 139000.0 2 1 30.21189173069373 1672.57298441514 35.41889666776696 50545.49075060194 623.889892578125 356.89692382811336 490.3934082031192 188.7925387322612 0.0 0.0 0.0 0.0 0.0 0.0 0.0 0.0 0 0 0.0
139000.0 140000.0 2 1 26.273118571468977 2150.3822310896635 33.32743111839241 46516.0640525833 605.385986328125 371.93410742189735 488.6600468750112 165.0754066553343 0.0 0.0 0.0 0.0 0.0 0.0 0.0 0.0 0 0 1.0
140000.0 141000.0 2 1 29.408504399623904 2201.3908148161177 30.994511621077717 44391.144016123 595.74609375 275.02001367189223 435.3830537109461 226.78758612660968 288.0 288.0 288.0 0.0 128.0 128.0 128.0 0.0 1 1 0.0
141000.0 142000.0 2 1 35.50359440214652 2298.754207067238 34.52847669271889 50135.34815782783 573.3081054686918 396.10090625000885 484.7045058593503 125.30441224260618 0.0 0.0 0.0 0.0 0.0 0.0 0.0 0.0 0 0 1.0
142000.0 143000.0 2 1 30.424107229568513 2431.7438482873326 35.61153389472196 49586.176369169814 556.9892578125 422.4318945311825 489.71057617184124 95.14642403480137 288.0 288.0 288.0 0.0 128.0 128.0 128.0 0.0 1 1 0.0
143000.0 144000.0 2 1 31.094300657408734 2365.676648012455 37.68215465233648 52280.47854688692 541.652099609375 435.5667421874823 488.60942089842865 75.01367561761896 0.0 0.0 0.0 0.0 0.0 0.0 0.0 0.0 0 0 1.0
144000.0 145000.0 2 1 32.974798951137416 2542.516496832306 36.92785380253636 50453.05862607858 536.485107421875 443.38490039057797 489.9350039062265 65.83178772170163 0.0 0.0 0.0 0.0 0.0 0.0 0.0 0.0 0 0 0.0
145000.0 146000.0 2 1 31.47618054428375 2456.4421482255857 38.17105751704311 53251.34146422293 532.093994140625 460.4328925780719 496.26344335934846 50.672050862179184 288.0 288.0 288.0 0.0 128.0 128.0 128.0 0.0 1 1 1.0
146000.0 147000.0 2 1 31.29492280723595 1797.2217980522282 36.50945246154431 52843.400939400584 513.826904296875 455.8160058593494 484.8214550781122 41.01989966789846 0.0 0.0 0.0 0.0 0.0 0.0 0.0 0.0 0 0 0.0
147000.0 148000.0 2 1 28.042948619623772 2328.350324001066 29.482299992735356 38510.59448880724 499.6953125 453.84909570310265 476.7722041015513 32.418170788834715 288.0 288.0 288.0 0.0 128.0 128.0 128.0 0.0 1 1 1.0
148000.0 149000.0 2 1 22.975472147563703 2046.6236194013047 26.33417417890658 33438.618561991214 497.03868749999674 474.25 485.64434374999837 16.114035465588806 0.0 0.0 0.0 0.0 0.0 0.0 0.0 0.0 0 0 0.0
149000.0 150000.0 2 1 24.50637816138276 1418.033007838481 32.30720539558234 46172.693715572954 520.6680000000051 455.032958984375 487.85047949219006 46.41098258560924 0.0 0.0 0.0 0.0 0.0 0.0 0.0 0.0 0 0 1.0
150000.0 151000.0 2 1 29.87514550612815 2279.3713440375236 36.48413461424782 51187.01319747431 521.2520410155994 420.680908203125 470.9664746093622 71.11453000331353 288.0 288.0 288.0 0.0 128.0 128.0 128.0 0.0 1 1 0.0
151000.0 152000.0 2 1 36.556240582325906 2716.6720365215842 42.72512150931763 57895.143055874505 573.1700917968992 402.25927734375 487.7146845703246 120.8521958779376 0.0 0.0 0.0 0.0 0.0 0.0 0.0 0.0 0 0 1.0
152000.0 153000.0 2 1 37.8059867282655 2686.734216026693 47.555722866439254 63721.74851621907 594.6137226562714 380.304931640625 487.4593271484482 151.53919939505423 288.0 288.0 288.0 0.0 128.0 128.0 128.0 0.0 1 1 0.0
153000.0 154000.0 2 1 31.600113431424305 2501.0083783987748 40.63800890673684 54649.26995183188 573.8960683593759 322.8720703125 448.38406933593797 177.50077125950463 0.0 0.0 0.0 0.0 0.0 0.0 0.0 0.0 0 0 1.0
154000.0 155000.0 2 1 34.759479431009275 2503.4002174396405 46.78792487962792 65852.62026185298 670.2599296874832 321.721923828125 495.9909267578041 246.45358744438883 0.0 0.0 0.0 0.0 0.0 0.0 0.0 0.0 0 0 0.0
155000.0 156000.0 2 1 32.77450350406401 2695.719474606221 44.56986494240988 60913.8542644149 666.7290761718759 315.385986328125 491.05753125000047 248.4370813515507 288.0 288.0 288.0 0.0 128.0 128.0 128.0 0.0 1 1 1.0
156000.0 157000.0 2 1 40.042382822811 2822.5329881283615 50.39037286553736 71654.69967915765 683.8230136719067 300.1909179686918 492.00696582029923 271.2688563525498 0.0 0.0 0.0 0.0 0.0 0.0 0.0 0.0 0 0 0.0
157000.0 158000.0 2 1 35.99213255463455 2854.0241617161873 38.411978729216415 52261.31483642483 697.3870820311713 290.207275390625 493.79717871089815 287.91960243775753 288.0 288.0 288.0 0.0 128.0 128.0 128.0 0.0 1 1 1.0
158000.0 159000.0 2 1 39.107916666907386 2767.4991715395413 48.00310995400719 68327.89071201498 697.9247246093582 286.553955078125 492.2393398437416 290.8830607174634 0.0 0.0 0.0 0.0 0.0 0.0 0.0 0.0 0 0 0.0
159000.0 160000.0 2 1 33.62865864562229 2715.0778548984185 36.899351021043664 50164.48262375887 712.5880449218675 283.02197265625 497.8050087890588 303.7490826666887 288.0 288.0 288.0 0.0 128.0 128.0 128.0 0.0 1 1 1.0
160000.0 161000.0 2 1 45.5663791007562 2983.3536385570274 55.863122719150134 79731.68333589865 711.5600273436867 278.679931640625 495.11997949215584 306.09245111231655 0.0 0.0 0.0 0.0 0.0 0.0 0.0 0.0 0 0 0.0
161000.0 162000.0 2 1 41.83931685078815 3136.5553730211973 44.73614012368677 61157.9617571004 714.3500683594029 271.592041015625 492.97105468751397 313.0772035595642 288.0 288.0 288.0 0.0 128.0 128.0 128.0 0.0 1 1 1.0
162000.0 163000.0 2 1 44.06440860060123 2907.657304721132 57.405084441867146 81150.37397502363 726.2389589843806 265.822998046875 496.0309785156278 325.56324814543075 0.0 0.0 0.0 0.0 0.0 0.0 0.0 0.0 0 0 0.0
163000.0 164000.0 2 1 36.35377951269338 3239.747674365641 57.87954839208584 77749.16503022473 724.1890019531129 259.7548828125 491.97194238280645 328.4045150587283 288.0 288.0 288.0 0.0 128.0 128.0 128.0 0.0 1 1 1.0
164000.0 165000.0 2 1 43.247413225064406 3587.8323099495155 49.94665697473809 66261.49488421288 735.5661171874963 247.762939453125 491.66452832031064 344.9289348603206 288.0 288.0 288.0 0.0 128.0 128.0 128.0 0.0 1 1 0.0
165000.0 166000.0 2 1 39.82418860472425 2381.2180828591618 53.23948243042347 75195.3574315409 745.103060546855 227.256103515625 486.17958203124 366.1730949336014 0.0 0.0 0.0 0.0 0.0 0.0 0.0 0.0 0 0 1.0
166000.0 167000.0 2 1 27.21267439296247 2779.6688504496647 36.81379939266997 48710.29124314913 615.0408964843955 183.672119140625 399.35650781251024 305.02378765193004 288.0 288.0 288.0 0.0 128.0 128.0 128.0 0.0 1 1 0.0
167000.0 168000.0 2 1 35.363540496815524 1777.6271762041558 50.86085150857845 72666.16231918246 793.4198808593792 183.3833007811918 488.4015908202855 431.3610025451366 0.0 0.0 0.0 0.0 0.0 0.0 0.0 0.0 0 0 1.0
168000.0 169000.0 2 1 32.93144868876147 2305.630248936838 35.88463884368828 46499.62370141399 803.7126992188278 146.2392578125 474.9759785156639 464.9039288684706 288.0 288.0 288.0 0.0 128.0 128.0 128.0 0.0 1 1 0.0
169000.0 170000.0 2 1 39.823514672655634 3389.0982258553704 77.19412226104468 108776.50538983633 842.8077421875205 143.095947265625 492.95184472657274 494.7709550654832 0.0 0.0 0.0 0.0 0.0 0.0 0.0 0.0 0 0 1.0
170000.0 171000.0 2 1 36.696790412587795 3585.0463267079185 47.21902625621486 62810.3905523294 852.7160527344095 136.8569335936918 494.7864931640506 506.1888375186301 288.0 288.0 288.0 0.0 128.0 128.0 128.0 0.0 1 1 0.0
171000.0 172000.0 2 1 52.328915510415314 3277.08491918754 61.37475480274836 86608.23950345124 855.8390664063045 102.15087890625 478.99497265627724 532.9380282814866 288.0 288.0 288.0 0.0 128.0 128.0 128.0 0.0 1 1 1.0
172000.0 173000.0 2 1 47.16663068759874 3550.4227410478866 66.69755696830109 92793.41609255972 896.182121093676 96.197265625 496.189693359338 565.6747161484409 0.0 0.0 0.0 0.0 0.0 0.0 0.0 0.0 0 0 0.0
173000.0 174000.0 2 1 42.726342465727875 3832.2462937571163 49.32927768420623 64669.04777993642 894.5397343750228 93.9580078125 494.2488710937614 566.0967677463942 288.0 288.0 288.0 0.0 128.0 128.0 128.0 0.0 1 1 1.0
174000.0 175000.0 2 1 49.49938876831458 2477.7582614717935 54.712974838797095 78418.41489168633 903.4309921875247 73.014892578125 488.22294238282484 587.19285524029 288.0 288.0 288.0 0.0 0.0 0.0 0.0 0.0 1 0 0.0
175000.0 176000.0 2 1 44.59187133998172 4185.887065384231 76.74719747681799 108362.08110169349 921.500107421889 72.31201171869179 496.9060595702904 600.4666609746216 0.0 0.0 0.0 0.0 128.0 128.0 128.0 0.0 0 1 1.0
176000.0 177000.0 2 1 39.77576725537887 3199.83583792063 49.0592436450324 65197.66104657708 926.5889882812626 66.56689453119179 496.5779414062272 608.1274544609278 288.0 288.0 288.0 0.0 128.0 128.0 128.0 0.0 1 1 0.0
177000.0 178000.0 2 1 39.78887976084033 2506.5755400490157 53.693985032343335 76353.89025787247 930.1561054688063 59.06591796869179 494.61101171874907 615.9537786063921 0.0 0.0 0.0 0.0 0.0 0.0 0.0 0.0 0 0 1.0
178000.0 179000.0 2 1 40.900450985014494 3234.018845682485 54.68988140761058 74444.60232564146 925.2420820312691 52.305908203125 488.77399511719705 617.2590880569195 288.0 288.0 288.0 0.0 128.0 128.0 128.0 0.0 1 1 0.0
179000.0 180000.0 2 1 45.42304279089682 4239.170318475825 57.927648781740864 77600.8181754025 944.7310917968862 51.373291015625 498.0521914062556 631.6993589583305 288.0 288.0 288.0 0.0 128.0 128.0 128.0 0.0 1 1 1.0
180000.0 181000.0 2 1 52.89054143811296 3891.4544621930186 74.8447235040957 103693.71258340839 945.1617089844076 41.289306640625 493.2255078125163 639.1343050246642 288.0 288.0 288.0 0.0 128.0 128.0 128.0 0.0 1 1 0.0
181000.0 182000.0 1 1 38.32565496758914 1736.152170031788 63.23733069652208 87770.54058265008 945.1096933593508 945.1096933593508 945.1096933593508 0.0 0.0 0.0 0.0 0.0 0.0 0.0 0.0 0.0 0 0 0.0
182000.0 183000.0 1 1 35.844583781843816 3626.5757641280484 65.41636540186497 89169.67495949831 893.678955078125 893.678955078125 893.678955078125 0.0 288.0 288.0 288.0 0.0 128.0 128.0 128.0 0.0 1 1 1.0
183000.0 184000.0 2 1 32.69246548624709 2389.4806353702243 40.579597814365144 55382.16552739355 882.02490234375 103.60304492188152 492.81397363281576 550.4273740068311 0.0 0.0 0.0 0.0 0.0 0.0 0.0 0.0 0 0 0.0
184000.0 185000.0 2 1 26.19420036037479 1872.9707372556654 32.85523823528404 46126.24514661022 869.569091796875 107.03309765626909 488.30109472657205 539.1943723556479 288.0 288.0 288.0 0.0 128.0 128.0 128.0 0.0 1 1 0.0
185000.0 186000.0 2 1 33.129883298743444 2188.6148629383206 32.200165843742916 44027.53990379072 864.344970703125 125.04390820319531 494.69443945316016 522.7647946321199 0.0 0.0 0.0 0.0 0.0 0.0 0.0 0.0 0 0 1.0
186000.0 187000.0 2 1 27.423711362987376 2493.337258791256 34.172003934995594 47961.13678515533 860.227294921875 90.85602929687593 475.54166210937547 544.0276391735133 288.0 288.0 288.0 0.0 0.0 0.0 0.0 0.0 1 0 0.0
187000.0 188000.0 2 1 29.89055784548816 2102.92831679653 35.1738699595747 50860.031885181204 839.8588867186918 131.59970507811522 485.7292958984035 500.8148701756864 0.0 0.0 0.0 0.0 128.0 128.0 128.0 0.0 0 1 1.0
188000.0 189000.0 2 1 32.70650466824982 1621.7133567698743 36.86429068125071 52336.477139274706 828.94091796875 154.8011132812826 491.8710156250163 476.6888273622829 0.0 0.0 0.0 0.0 0.0 0.0 0.0 0.0 0 0 0.0
189000.0 190000.0 2 1 31.23515229066796 3145.797485223406 32.69801300076963 46277.49187652811 826.7548828125 152.1630820313003 489.45898242190015 477.00843686523086 288.0 288.0 288.0 0.0 128.0 128.0 128.0 0.0 1 1 1.0
190000.0 191000.0 2 1 31.172686833145317 1749.6236771621043 32.97331017638432 47693.74230660073 819.68798828125 154.5731171874795 487.13055273436476 470.30723561842154 0.0 0.0 0.0 0.0 0.0 0.0 0.0 0.0 0 0 0.0
191000.0 192000.0 2 1 26.90117868214161 2860.291276961777 28.073105123576198 38465.3784259454 808.260986328125 178.0400117187528 493.1504990234389 445.63352479228206 288.0 288.0 288.0 0.0 0.0 0.0 0.0 0.0 1 0 1.0
192000.0 193000.0 2 1 22.720021999946056 1398.915761792632 27.789790058891448 38682.430662031344 804.387939453125 183.42701367184054 493.90747656248277 439.0856814718227 0.0 0.0 0.0 0.0 128.0 128.0 128.0 0.0 0 1 0.0
193000.0 194000.0 2 1 39.59461935766213 2887.2086037453755 50.39315190975181 72259.38082165692 800.865966796875 183.64106054685544 492.2535136718652 436.4439167266199 0.0 0.0 0.0 0.0 0.0 0.0 0.0 0.0 0 0 1.0
194000.0 195000.0 2 1 99.65721544725022 6434.579209380089 119.56669674030029 166062.45243185744 798.60595703125 191.60103320307098 495.1034951171605 429.2172978525291 288.0 288.0 288.0 0.0 128.0 128.0 128.0 0.0 2 2 0.0
195000.0 196000.0 2 1 119.59665032555415 8545.388159731798 125.60316230980311 173280.41029696618 795.656005859375 200.05904296878725 497.8575244140811 421.1506513140471 288.0 288.0 288.0 0.0 128.0 128.0 128.0 0.0 1 1 1.0
196000.0 197000.0 2 1 121.24499587591237 7344.197826257133 123.23590294395804 172031.1617049713 792.67724609375 199.3309941405896 496.0041201171698 419.5591583477015 288.0 288.0 288.0 0.0 128.0 128.0 128.0 0.0 2 2 0.0
197000.0 198000.0 2 1 113.4014707875407 7268.2996378494445 104.27726483354306 140694.36022657985 791.561279296875 204.25275390630122 497.9070166015881 415.28984095234637 288.0 288.0 288.0 0.0 128.0 128.0 128.0 0.0 1 1 1.0
198000.0 199000.0 1 1 13.594101596244982 897.0774298463233 12.128071031944053 16163.919899958666 121.71772070310544 121.71772070310544 121.71772070310544 0.0 0.0 0.0 0.0 0.0 0.0 0.0 0.0 0.0 0 0 0.0
199000.0 200000.0 1 1 119.0 8901.0 122.0 165061.0 959.10699999996 959.10699999996 959.10699999996 0.0 480.0 480.0 480.0 0.0 128.0 128.0 128.0 0.0 2 2 1.0
200000.0 201000.0 0 0 0.0 0.0 0.0 0.0 0.0 0.0 0.0 0.0 0.0 0.0 0.0 0.0 0.0 0.0 0.0 0.0 0 0 
201000.0 202000.0 1 1 119.24553442328742 7781.510246332872 126.14403641471728 171924.46663041474 968.052001953125 968.052001953125 968.052001953125 0.0 480.0 480.0 480.0 0.0 128.0 128.0 128.0 0.0 1 1 1.0
202000.0 203000.0 1 1 1.7544655767125685 114.48975366712762 1.8559635852827172 2529.5333695852432 14.24299804691691 14.24299804691691 14.24299804691691 0.0 0.0 0.0 0.0 0.0 0.0 0.0 0.0 0.0 0 0 0.0
203000.0 204000.0 1 1 112.0 7360.0 119.0 166368.0 939.1820000000298 939.1820000000298 939.1820000000298 0.0 480.0 480.0 480.0 0.0 128.0 128.0 128.0 0.0 1 1 1.0
204000.0 205000.0 0 0 0.0 0.0 0.0 0.0 0.0 0.0 0.0 0.0 0.0 0.0 0.0 0.0 0.0 0.0 0.0 0.0 0 0 
205000.0 206000.0 1 1 111.0 7126.0 113.0 152637.0 935.4570000000531 935.4570000000531 935.4570000000531 0.0 480.0 480.0 480.0 0.0 128.0 128.0 128.0 0.0 1 1 1.0
206000.0 207000.0 0 0 0.0 0.0 0.0 0.0 0.0 0.0 0.0 0.0 0.0 0.0 0.0 0.0 0.0 0.0 0.0 0.0 0 0 
207000.0 208000.0 1 1 111.0 7172.0 114.0 155377.0 916.545999999973 916.545999999973 916.545999999973 0.0 480.0 480.0 480.0 0.0 128.0 128.0 128.0 0.0 1 1 1.0
208000.0 209000.0 0 0 0.0 0.0 0.0 0.0 0.0 0.0 0.0 0.0 0.0 0.0 0.0 0.0 0.0 0.0 0.0 0.0 0 0 
209000.0 210000.0 1 1 113.92716270035322 7312.142503402671 122.84320152038087 168927.23416816376 970.162109375 970.162109375 970.162109375 0.0 480.0 480.0 480.0 0.0 128.0 128.0 128.0 0.0 1 1 1.0
210000.0 211000.0 2 1 53.67388629680274 3315.9607135371493 57.29830269773752 80460.47523058153 464.362060546875 9.135890624951571 236.74897558591329 321.89351172537164 480.0 480.0 480.0 0.0 128.0 128.0 128.0 0.0 1 1 0.0
211000.0 212000.0 2 1 57.193758382446326 3729.48803187098 65.14427888067569 90956.140058501 453.7499394530896 144.530029296875 299.1399843749823 218.65149534935432 0.0 0.0 0.0 0.0 0.0 0.0 0.0 0.0 0 0 1.0
212000.0 213000.0 2 1 44.872295241431374 3877.577096691987 68.35416877843274 92432.59566055206 853.1219707031269 144.1220703125 498.62202050781343 501.338637426799 480.0 480.0 480.0 0.0 128.0 128.0 128.0 0.0 1 1 0.0
213000.0 214000.0 2 1 68.07923780159466 3858.024543813243 51.74935253784978 70779.91253561513 855.6839296874823 91.010986328125 473.34745800780365 540.7054236392784 0.0 0.0 0.0 0.0 0.0 0.0 0.0 0.0 0 0 1.0
214000.0 215000.0 2 1 54.564792090143186 3807.6291990312075 69.80365488985927 95476.37946936736 906.0880136719206 85.923095703125 496.0055546875228 579.9441751870439 480.0 480.0 480.0 0.0 128.0 128.0 128.0 0.0 1 1 0.0
215000.0 216000.0 2 1 81.7398928587658 4655.087737386465 71.88357875237008 99211.93096984517 913.0279042968759 77.720947265625 495.37442578125047 590.6512136890976 0.0 0.0 0.0 0.0 0.0 0.0 0.0 0.0 0 0 1.0
216000.0 217000.0 2 1 56.92371565593376 5167.888023783782 79.13393763997848 111581.26918889434 919.9250527343247 76.154052734375 498.03955273434985 596.6361958685188 840.0 840.0 840.0 0.0 128.0 128.0 128.0 0.0 2 2 0.0
217000.0 218000.0 2 1 110.98004168808654 6017.794513460536 91.59104621549665 126901.13735154153 916.6349472656148 61.4873046875 489.0611259765574 604.6806969826749 0.0 0.0 0.0 0.0 0.0 0.0 0.0 0.0 0 0 1.0
218000.0 219000.0 2 1 52.34805449244673 3720.5012715044945 79.80580698969902 114392.43839959196 937.3646953124553 57.722900390625 497.54379785154015 622.0006782043325 840.0 840.0 840.0 0.0 128.0 128.0 128.0 0.0 1 1 0.0
219000.0 220000.0 2 1 125.51926019228416 6697.4697845260225 114.43134301845248 163438.72701260913 938.2030996093526 53.873291015625 496.0381953124888 625.3156044620264 0.0 0.0 0.0 0.0 0.0 0.0 0.0 0.0 0 0 1.0
220000.0 221000.0 2 1 122.47303084857792 7064.361580421919 125.38118788682868 180639.85536933213 941.1337089843582 50.7080078125 495.9208583984291 629.6260514414073 840.0 840.0 840.0 0.0 128.0 128.0 128.0 0.0 1 1 0.0
221000.0 222000.0 2 1 66.35374109769012 5031.32391010909 51.087637679471854 67612.44282631866 934.1739921874832 45.05126953125 489.6126308593666 628.7047064972685 840.0 840.0 840.0 0.0 128.0 128.0 128.0 0.0 1 1 1.0
222000.0 223000.0 2 1 121.40089444981781 5644.060724028073 138.9444185351987 198697.59353199237 951.8577304687351 42.138916015625 496.99832324218005 643.2683426727807 0.0 0.0 0.0 0.0 0.0 0.0 0.0 0.0 0 0 0.0
223000.0 224000.0 1 1 45.95023620362564 2786.6903664323804 32.54808397756816 39210.86822709388 944.642083984334 944.642083984334 944.642083984334 0.0 0.0 0.0 0.0 0.0 0.0 0.0 0.0 0.0 0 0 1.0
224000.0 225000.0 1 1 109.0 6366.0 108.0 156816.0 890.2049999999581 890.2049999999581 890.2049999999581 0.0 840.0 840.0 840.0 0.0 128.0 128.0 128.0 0.0 1 1 0.0
225000.0 226000.0 1 1 55.5808193476865 4484.1474592370805 70.65358391655063 92896.27418126633 941.31298828125 941.31298828125 941.31298828125 0.0 840.0 840.0 840.0 0.0 128.0 128.0 128.0 0.0 1 1 1.0
226000.0 227000.0 2 1 121.57889345997613 5718.701533903189 115.00392490332389 164270.05599864136 934.915283203125 57.90701171872206 496.41114746092353 620.1384959233139 0.0 0.0 0.0 0.0 0.0 0.0 0.0 0.0 0 0 0.0
227000.0 228000.0 2 1 19.974470994821992 2805.722343683363 20.410073736647373 22118.14933900552 929.556884765625 62.034716796828434 495.7958007812267 613.4308078003911 0.0 0.0 0.0 0.0 0.0 0.0 0.0 0.0 0 0 1.0
228000.0 229000.0 2 1 117.43989159143648 5574.139835422794 142.68649312248616 206654.4383670065 928.72607421875 66.32711523433682 497.5265947265434 609.8081519860979 840.0 840.0 840.0 0.0 128.0 128.0 128.0 0.0 1 1 0.0
229000.0 230000.0 2 1 65.90621177074145 4934.939919385442 73.28881992094442 97307.52231382993 926.5859375 67.12792578130029 496.85693164065015 607.7285882313998 840.0 840.0 840.0 0.0 128.0 128.0 128.0 0.0 1 1 1.0
230000.0 231000.0 2 1 120.20853551827764 5932.624651104386 109.53980010542547 158335.63396445915 920.09912109375 72.8580625000177 496.47859179688385 599.0898978312972 0.0 0.0 0.0 0.0 0.0 0.0 0.0 0.0 0 0 0.0
231000.0 232000.0 2 1 126.21194295538243 7668.0368942823625 142.8071608552134 204474.89995194352 917.80908203125 74.05387890629936 495.9314804687747 596.6250257910855 840.0 840.0 840.0 0.0 128.0 128.0 128.0 0.0 1 1 1.0
232000.0 233000.0 2 1 117.09923436167739 5662.6873629813845 95.61014343940866 134704.02588384773 890.3969999999972 79.29091796872672 484.84395898436196 573.5386108659634 0.0 0.0 0.0 0.0 0.0 0.0 0.0 0.0 0 0 0.0
233000.0 234000.0 1 1 58.07645497426777 3604.045372508828 65.15894948332482 93280.23001468611 470.04296875 470.04296875 470.04296875 0.0 840.0 840.0 840.0 0.0 128.0 128.0 128.0 0.0 1 1 1.0
234000.0 235000.0 2 1 121.9399967653444 6606.410665035284 122.0470294152446 174001.86103730265 525.4600312500261 469.385986328125 497.42300878907554 39.65033741283534 0.0 0.0 0.0 0.0 0.0 0.0 0.0 0.0 0 0 0.0
235000.0 236000.0 2 1 71.65120253092503 4336.302518851595 70.49255785845922 99168.17955714981 465.4140625 131.58401367184706 298.49903808592353 236.0534912902232 840.0 840.0 840.0 0.0 128.0 128.0 128.0 0.0 1 1 1.0
236000.0 237000.0 1 1 52.33234572946281 3397.241443604294 53.30146324297138 74851.72939086147 437.5289374999702 437.5289374999702 437.5289374999702 0.0 0.0 0.0 0.0 0.0 0.0 0.0 0.0 0.0 0 0 0.0
237000.0 238000.0 1 1 58.30888777295321 3766.566056946413 72.88610971619151 105830.63130791008 467.747314453125 467.747314453125 467.747314453125 0.0 840.0 840.0 840.0 0.0 128.0 128.0 128.0 0.0 1 1 1.0
238000.0 239000.0 2 1 83.3846480743303 5721.309805666162 87.23570329223266 124143.04984462631 526.9666855469113 465.001953125 495.98431933595566 43.81568248994341 0.0 0.0 0.0 0.0 0.0 0.0 0.0 0.0 0 0 0.0
239000.0 240000.0 2 1 74.07608241480158 4442.608496963377 72.34928988249992 102155.3602450854 533.6720468749991 422.193115234375 477.93258105468703 78.82750852251685 840.0 840.0 840.0 0.0 128.0 128.0 128.0 0.0 1 1 1.0
240000.0 241000.0 2 1 100.98534045987414 5719.528303235262 109.8732622789263 157881.19254762356 574.9968847655691 419.300048828125 497.14846679684706 110.09428850065609 0.0 0.0 0.0 0.0 0.0 0.0 0.0 0.0 0 0 0.0
241000.0 242000.0 2 1 88.19317481165108 5464.822317658205 93.95862832035334 133551.29802499778 577.7759511718759 418.83203125 498.30399121093797 112.39032360513005 840.0 840.0 840.0 0.0 128.0 128.0 128.0 0.0 1 1 1.0
242000.0 243000.0 2 1 94.66808123712924 5398.668982971317 123.3037615500495 171082.1814658189 570.6379687499721 414.263916015625 492.45094238279853 110.57315309007959 0.0 0.0 0.0 0.0 0.0 0.0 0.0 0.0 0 0 0.0
243000.0 244000.0 2 1 69.52001459997842 4527.111622005486 82.70951844021823 110062.51565758251 581.8540839843918 411.31201171875 496.5830478515709 120.59145577664152 840.0 840.0 840.0 0.0 128.0 128.0 128.0 0.0 1 1 1.0
244000.0 245000.0 2 1 90.02011495771862 5441.814323813032 96.36401415665095 139339.08790911356 587.0109882812249 410.547119140625 498.7790537109249 124.7787985037337 0.0 0.0 0.0 0.0 0.0 0.0 0.0 0.0 0 0 0.0
245000.0 246000.0 2 1 111.75684443597179 6097.214240405654 113.5318299100969 162247.9821930009 584.2938808593899 407.39794921875 495.84591503906995 125.08431282740843 840.0 840.0 840.0 0.0 128.0 128.0 128.0 0.0 1 1 1.0
246000.0 247000.0 2 1 120.87328126409243 6863.475235305577 130.2066957609045 186483.81772763678 592.0820507812314 405.18310546875 498.6325781249907 132.15751162706928 840.0 840.0 840.0 0.0 128.0 128.0 128.0 0.0 1 1 0.0
247000.0 248000.0 2 1 123.21469353822769 6716.8718339982315 118.10804180486001 169667.3867771304 587.7038945312379 403.693115234375 495.69850488280645 130.11526985223293 0.0 0.0 0.0 0.0 0.0 0.0 0.0 0.0 0 0 1.0
248000.0 249000.0 1 1 64.99883643327148 3362.0087810312834 55.473144887016176 78220.49629947385 514.4898847655859 514.4898847655859 514.4898847655859 0.0 0.0 0.0 0.0 0.0 0.0 0.0 0.0 0.0 0 0 0.0
249000.0 250000.0 1 1 120.05058869292608 7529.026351034405 130.78682020204957 189902.46293337597 974.791259765625 974.791259765625 974.791259765625 0.0 840.0 840.0 840.0 0.0 128.0 128.0 128.0 0.0 1 1 1.0
250000.0 251000.0 2 1 48.94941130707392 2324.973648965595 38.21317979795045 52161.53706662405 426.63300000003073 23.948740234365687 225.2908701171982 284.740770757387 0.0 0.0 0.0 0.0 0.0 0.0 0.0 0.0 0 0 0.0
251000.0 252000.0 1 1 119.59512609370681 7504.351082855522 132.23526137190345 192005.59951200383 970.916015625 970.916015625 970.916015625 0.0 840.0 840.0 840.0 0.0 128.0 128.0 128.0 0.0 1 1 1.0
252000.0 253000.0 2 1 49.00075930602135 3012.460180510771 36.74899615130415 49627.4706854648 969.34912109375 27.641984374960884 498.49555273435544 665.887502265623 0.0 0.0 0.0 0.0 0.0 0.0 0.0 0.0 0 0 0.0
253000.0 254000.0 2 1 113.77248741009888 6587.086580829822 133.72666553667435 194056.19008547996 967.73095703125 29.850878906203434 498.7909179687267 663.1813631819894 840.0 840.0 840.0 0.0 128.0 128.0 128.0 0.0 1 1 1.0
254000.0 255000.0 2 1 36.631627190172956 1762.1021558038856 19.28907694011806 25189.739717051427 304.8989999999758 31.276042968733236 168.0875214843545 193.48064840510693 0.0 0.0 0.0 0.0 0.0 0.0 0.0 0.0 0 0 0.0
255000.0 256000.0 1 1 119.13582690302299 7447.442057376778 140.44467399136857 203925.66663546715 965.528076171875 965.528076171875 965.528076171875 0.0 840.0 840.0 840.0 0.0 128.0 128.0 128.0 0.0 1 1 1.0
256000.0 257000.0 2 1 99.44780816316026 5978.507029120806 95.31150475834079 135671.55052914613 963.962890625 31.31692382809706 497.63990722654853 659.4802875683737 840.0 840.0 840.0 0.0 128.0 128.0 128.0 0.0 1 1 0.0
257000.0 258000.0 2 1 125.41636493381675 6554.050913502415 108.24382125029065 148706.78283538672 959.8819999999832 34.45410937501583 497.16805468749953 654.3763369600771 0.0 0.0 0.0 0.0 0.0 0.0 0.0 0.0 0 0 1.0
258000.0 259000.0 1 1 57.37940462721529 3281.9138154812154 66.78586440216861 96973.07511194883 468.673095703125 468.673095703125 468.673095703125 0.0 840.0 840.0 840.0 0.0 128.0 128.0 128.0 0.0 1 1 0.0
259000.0 260000.0 2 1 118.6205953727847 6908.086184518785 111.21413559783139 153351.92488805117 527.8189042968443 420.0649999999441 473.9419521483942 76.19351642766435 0.0 0.0 0.0 0.0 0.0 0.0 0.0 0.0 0 0 1.0
260000.0 261000.0 1 1 56.42382885981001 3273.514699139391 64.35114365829571 93437.86059184538 464.797119140625 464.797119140625 464.797119140625 0.0 840.0 840.0 840.0 0.0 128.0 128.0 128.0 0.0 1 1 0.0
261000.0 262000.0 2 1 91.11634825839208 5924.642293122879 92.27354203868822 130138.44476374506 531.952880859375 460.39990234375 496.1763916015625 50.59559632249378 0.0 0.0 0.0 0.0 0.0 0.0 0.0 0.0 0 0 1.0
262000.0 263000.0 2 1 82.83678840695995 4934.104720007963 83.88975702659656 117397.66547904842 528.3950976562919 421.6708984375 475.03299804689595 75.4654049843118 840.0 840.0 840.0 0.0 128.0 128.0 128.0 0.0 1 1 0.0
263000.0 264000.0 2 1 95.20243468341081 5302.977159738458 100.06191376899181 141980.63715239477 576.6151015624637 420.3701171875 498.49260937498184 110.48188797792298 0.0 0.0 0.0 0.0 0.0 0.0 0.0 0.0 0 0 1.0
264000.0 265000.0 2 1 81.66676020690161 4951.256425274214 79.24050114489728 110647.46930257221 560.1618828125065 395.989990234375 478.07593652344076 116.08705852222623 840.0 840.0 840.0 0.0 128.0 128.0 128.0 0.0 1 1 0.0
265000.0 266000.0 2 1 121.4111660499752 6412.236171673052 135.4434485978457 193100.2337783861 597.0160097656772 395.446044921875 496.2310273437761 142.53148902458648 0.0 0.0 0.0 0.0 0.0 0.0 0.0 0.0 0 0 1.0
266000.0 267000.0 2 1 118.76039878959989 6740.149817991363 108.952156472225 150075.47720686637 600.5889550781576 394.78125 497.6851025390788 145.52802388120628 840.0 840.0 840.0 0.0 128.0 128.0 128.0 0.0 1 1 0.0
267000.0 268000.0 2 1 69.3762149145908 3527.2175082842014 63.34563646564011 88156.29613271818 420.0617499999935 144.300048828125 282.18089941405924 194.9929688901665 840.0 840.0 840.0 0.0 128.0 128.0 128.0 0.0 1 1 1.0
268000.0 269000.0 2 1 106.36577489046299 6717.059245687901 125.16495265807332 175600.22523194563 852.416951171821 143.02490234375 497.7209267577855 501.6159282461474 0.0 0.0 0.0 0.0 0.0 0.0 0.0 0.0 0 0 0.0
269000.0 270000.0 2 1 54.3974267981135 3262.133588419306 36.88097288049299 49415.26143064196 855.7920976562891 104.907958984375 480.35002832033206 530.9552663403304 0.0 0.0 0.0 0.0 0.0 0.0 0.0 0.0 0 0 1.0
270000.0 271000.0 2 1 106.80101978600791 6276.3364333453555 130.1823948881012 184091.29531640376 893.5980410156772 102.7060546875 498.1520478515886 559.2450867187523 840.0 840.0 840.0 0.0 128.0 128.0 128.0 0.0 1 1 0.0
271000.0 272000.0 2 1 80.22703364059196 4470.324627311985 60.91581474193213 84557.61550789473 855.7669453124981 84.0009765625 469.88396093749907 545.7209499921288 840.0 840.0 840.0 0.0 128.0 128.0 128.0 0.0 1 1 1.0
272000.0 273000.0 2 1 119.7338043793923 6780.607433507787 140.59047973606363 198946.41040658494 907.9620234374888 83.93896484375 495.9504941406194 582.6722925857125 0.0 0.0 0.0 0.0 0.0 0.0 0.0 0.0 0 0 0.0
273000.0 274000.0 2 1 67.6056577615387 3904.218839392078 46.60813916027265 62043.9032840928 910.2620351562509 81.243896484375 495.75296582031297 586.204347581533 840.0 840.0 840.0 0.0 128.0 128.0 128.0 0.0 1 1 1.0
274000.0 275000.0 2 1 115.77801184880923 6775.243753262198 125.87614871780139 179627.93372472542 917.4561035155784 76.8759765625 497.1660400390392 594.3799078991708 0.0 0.0 0.0 0.0 0.0 0.0 0.0 0.0 0 0 0.0
275000.0 276000.0 2 1 51.21668434804903 3145.195606329272 41.638428125630085 53725.64301309793 919.7150234375149 62.10400390625 490.90951367188245 606.4225675308661 0.0 0.0 0.0 0.0 0.0 0.0 0.0 0.0 0 0 1.0
276000.0 277000.0 2 1 111.61266444161357 6759.69924120447 133.3575474025566 192109.45874148334 934.1659960937686 58.0009765625 496.0834863281343 619.5422267490039 840.0 840.0 840.0 0.0 128.0 128.0 128.0 0.0 1 1 0.0
277000.0 278000.0 2 1 128.61051270562817 8150.7219256543085 115.97274602075177 165032.85114579543 935.3750234375475 56.25927734375 495.81715039064875 621.6287055107954 840.0 840.0 840.0 0.0 128.0 128.0 128.0 0.0 1 1 1.0
278000.0 279000.0 2 1 119.63887970280003 5919.116916841069 112.70079676522825 162259.52327105857 936.1997226562817 55.806884765625 496.00330371095333 622.5317457805521 0.0 0.0 0.0 0.0 0.0 0.0 0.0 0.0 0 0 0.0
279000.0 280000.0 2 1 17.49996237844617 2757.8199906506234 13.028022064101219 12690.383640828371 944.0471152344253 35.031982421875 489.53954882815015 642.7707646129444 840.0 840.0 840.0 0.0 128.0 128.0 128.0 0.0 1 1 1.0
280000.0 281000.0 2 1 120.29762206370474 5892.4740735780915 153.04377034732363 220726.80338935184 963.2230175781297 30.3291015625 496.7760595703148 659.6556141423252 0.0 0.0 0.0 0.0 0.0 0.0 0.0 0.0 0 0 0.0
281000.0 282000.0 2 1 85.46820732644088 6060.454233417748 82.90152439241623 115959.96711866559 969.2748984375503 25.10888671875 497.19189257815015 667.626189452221 840.0 840.0 840.0 0.0 128.0 128.0 128.0 0.0 1 1 1.0
282000.0 283000.0 1 1 98.9527977587605 4757.495296166289 78.58016292607452 109024.64036985316 815.3691132812528 815.3691132812528 815.3691132812528 0.0 0.0 0.0 0.0 0.0 0.0 0.0 0.0 0.0 0 0 0.0
283000.0 284000.0 1 1 56.35849355366606 3616.8063238065192 67.16053815145206 97517.10139590838 467.3349609375 467.3349609375 467.3349609375 0.0 840.0 840.0 840.0 0.0 128.0 128.0 128.0 0.0 1 1 1.0
284000.0 285000.0 2 1 86.94868486509085 5542.756901639288 88.89148176305181 127362.9476289931 527.7270390625345 464.94091796875 496.33397851564223 44.39649198981472 0.0 0.0 0.0 0.0 0.0 0.0 0.0 0.0 0 0 0.0
285000.0 286000.0 2 1 83.88448727293287 5065.668830494996 83.76396807224482 119669.7655318576 532.4790820312919 464.2373046875 498.35819335939595 48.25422352001776 840.0 840.0 840.0 0.0 128.0 128.0 128.0 0.0 1 1 1.0
286000.0 287000.0 2 1 91.31856345607491 5786.176098727244 94.02632715376896 134845.3348376089 534.1806953124469 461.89794921875 498.03932226559846 51.111619925638514 0.0 0.0 0.0 0.0 0.0 0.0 0.0 0.0 0 0 0.0
287000.0 288000.0 2 1 81.41864715610237 4947.9017900164035 78.97777569741935 112732.62250231652 533.9530507812742 407.424072265625 470.6885615234496 89.46949872502255 840.0 840.0 840.0 0.0 128.0 128.0 128.0 0.0 1 1 1.0
288000.0 289000.0 2 1 95.97731487783497 5582.182224003912 102.37836640946249 146645.72617175724 581.1479277344188 405.603271484375 493.3755996093969 124.1288168354674 0.0 0.0 0.0 0.0 0.0 0.0 0.0 0.0 0 0 0.0
289000.0 290000.0 2 1 83.22638780885693 5077.577536598999 75.99226293288639 107399.42763333333 594.2317285155877 405.112060546875 499.6718945312314 133.7277996764251 840.0 840.0 840.0 0.0 128.0 128.0 128.0 0.0 1 1 1.0
290000.0 291000.0 2 1 119.17843900409821 6621.870542608889 129.95422705015207 187784.75898049405 593.1579394531436 402.381103515625 497.7695214843843 134.89959438473286 0.0 0.0 0.0 0.0 0.0 0.0 0.0 0.0 0 0 0.0
291000.0 292000.0 2 1 113.92758890637705 6533.04456180441 113.12033621587986 161377.41277255164 596.5108964843675 396.699951171875 496.6054238281213 141.2876743857579 840.0 840.0 840.0 0.0 128.0 128.0 128.0 0.0 1 1 1.0
292000.0 293000.0 1 1 72.76139309896578 3884.015190299339 60.73471655368218 85884.90254517925 598.3680488280952 598.3680488280952 598.3680488280952 0.0 0.0 0.0 0.0 0.0 0.0 0.0 0.0 0.0 0 0 0.0
293000.0 294000.0 1 1 120.39412956768814 7809.957396915314 144.86448110583615 210343.22656567406 971.873291015625 971.873291015625 971.873291015625 0.0 840.0 840.0 840.0 0.0 128.0 128.0 128.0 0.0 1 1 1.0
294000.0 295000.0 2 1 49.60587043231185 2478.042603084685 26.13551889416386 32808.77343432592 395.3299999999581 21.0357089843601 208.1828544921591 264.6660313365404 0.0 0.0 0.0 0.0 0.0 0.0 0.0 0.0 0 0 0.0
295000.0 296000.0 1 1 119.47348668973457 7686.127643706257 147.64203233202971 214376.23094610713 969.935302734375 969.935302734375 969.935302734375 0.0 840.0 840.0 840.0 0.0 128.0 128.0 128.0 0.0 1 1 1.0
296000.0 297000.0 2 1 36.52651331026543 1844.8723562937425 9.357967667970287 8266.769053892858 275.5200000000186 28.62969726556912 152.07484863279387 174.57780727272888 0.0 0.0 0.0 0.0 0.0 0.0 0.0 0.0 0 0 0.0
297000.0 298000.0 1 1 116.27112042324957 7446.196337105608 142.43212251848072 206811.44189683403 968.02490234375 968.02490234375 968.02490234375 0.0 840.0 840.0 840.0 0.0 128.0 128.0 128.0 0.0 1 1 1.0
298000.0 299000.0 2 1 52.28319672762924 3879.406362867285 26.902863370923523 36051.61886488345 965.35693359375 31.045097656198777 498.2010156249744 660.6582349342955 0.0 0.0 0.0 0.0 0.0 0.0 0.0 0.0 0 0 0.0
299000.0 300000.0 2 1 118.66570527987038 6370.759778367451 142.26680120694076 206481.7341021755 935.77587890625 28.743066406226717 482.25947265623836 641.3690524774728 840.0 840.0 840.0 0.0 128.0 128.0 128.0 0.0 1 1 1.0
