ts te nbins ncons c_tcp_packs c_tcp_bytes c_udp_packs c_udp_bytes s_tcp_packs s_tcp_bytes s_udp_packs s_udp_bytes max_bins_span min_bins_span avg_bins_span std_bins_span max_video_rate min_video_rate avg_video_rate std_video_rate max_audio_rate min_audio_rate avg_audio_rate std_audio_rate video_requests audio_requests
0 2000 24 22 233 54034 0 0 334 241104 0 0 991 24 364 319 0 0 0 0 0 0 0 0 0 0
2000 4000 8 7 19 5413 11 4535 24 7802 14 9988 327 3 139 104 0 0 0 0 0 0 0 0 0 0
4000 6000 14 12 307 32284 0 0 501 620489 0 0 999 77 428 337 2300 2300 2300 0 128 128 128 0 2 2
6000 8000 12 6 821 27628 0 0 1103 1550122 0 0 998 48 514 282 288 288 288 0 128 128 128 0 4 3
8000 10000 18 14 740 16284 30 17293 1031 1429912 32 2879 999 31 324 290 288 288 288 0 128 128 128 0 4 4
10000 12000 17 10 820 60909 27 10021 1185 1569838 40 27230 998 19 478 359 288 288 288 0 128 128 128 0 3 3
12000 14000 8 5 730 11402 10 4000 1127 1653909 11 2248 999 74 501 355 840 840 840 0 128 128 128 0 2 1
14000 16000 7 3 734 4950 3 322 1116 1634354 4 454 998 100 427 306 840 840 840 0 128 128 128 0 1 1
16000 18000 7 4 756 11333 0 0 1120 1553180 0 0 999 90 538 333 840 840 840 0 128 128 128 0 1 1
18000 20000 5 2 770 3823 0 0 1062 1531947 0 0 999 191 604 317 840 840 840 0 128 128 128 0 1 1
20000 22000 6 6 60 20889 0 0 86 86750 0 0 515 97 197 158 1500 840 1280 381 128 128 128 0 3 2
22000 24000 4 3 16 9324 0 0 22 5959 0 0 354 65 212 122 1500 1500 1500 0 128 128 128 0 1 1
24000 26000 3 2 7 3437 0 0 5 1072 0 0 544 16 200 297 2300 2300 2300 0 128 128 128 0 1 1
26000 28000 4 3 29 16950 0 0 40 10913 0 0 957 80 451 367 3000 3000 3000 0 128 128 128 0 2 1
28000 30000 2 1 10 5900 0 0 11 2293 0 0 797 223 510 406 3000 3000 3000 0 128 128 128 0 1 1
30000 32000 6 4 69 143891 0 0 90 2373 0 0 839 40 454 325 3000 3000 3000 0 128 128 128 0 1 1
32000 34000 3 1 5 2662 0 0 7 1058 0 0 830 0 321 446 3000 3000 3000 0 128 128 128 0 1 1
34000 36000 10 9 15 3507 0 0 15 1115 0 0 969 17 120 298 4400 4400 4400 0 128 128 128 0 2 1
36000 38000 7 6 32 16115 0 0 40 6522 0 0 709 15 267 309 4400 4400 4400 0 128 128 128 0 1 1
38000 40000 6 4 10 3253 0 0 9 1233 0 0 970 14 305 378 0 0 0 0 0 0 0 0 0 0
40000 42000 4 2 10 9191 0 0 13 1664 0 0 376 171 245 92 4400 4400 4400 0 128 128 128 0 2 2
42000 44000 4 3 6 3191 17 10434 6 994 21 12102 294 175 237 63 4400 4400 4400 0 128 128 128 0 1 1
44000 46000 13 12 20 5156 0 0 20 1607 0 0 448 15 77 138 4400 4400 4400 0 128 128 128 0 1 1
46000 48000 17 17 34 14830 0 0 42 5949 0 0 553 16 94 155 4400 4400 4400 0 128 128 128 0 1 1
48000 50000 6 5 12 3603 0 0 12 1124 0 0 706 14 153 274 4400 4400 4400 0 128 128 128 0 1 1
50000 52000 17 16 33 10936 0 0 35 1233 0 0 954 16 146 286 4400 4400 4400 0 128 128 128 0 1 1
52000 54000 5 4 10 3174 0 0 10 1485 0 0 912 23 234 385 4400 4400 4400 0 128 128 128 0 1 1
54000 56000 3 3 7 2995 0 0 7 934 0 0 823 17 286 465 4400 4400 4400 0 128 128 128 0 2 2
56000 58000 6 4 16 8952 0 0 22 5285 0 0 573 23 182 205 4400 4400 4400 0 128 128 128 0 1 1
58000 60000 8 6 15 3395 0 0 15 1201 0 0 956 19 222 333 4400 4400 4400 0 128 128 128 0 1 1
60000 62000 10 8 24 8822 0 0 25 1995 0 0 973 4 224 323 4400 4400 4400 0 128 128 128 0 1 1
62000 64000 2 1 6 3743 0 0 5 1055 0 0 736 298 517 309 4400 4400 4400 0 128 128 128 0 1 1
64000 66000 8 6 78 138897 0 0 132 7481 0 0 953 6 270 338 4400 4400 4400 0 128 128 128 0 1 1
66000 68000 6 5 28 12804 0 0 36 11279 0 0 610 9 227 228 4400 4400 4400 0 128 128 128 0 1 1
68000 70000 3 2 6 3334 0 0 8 1060 0 0 708 16 341 347 4400 4400 4400 0 128 128 128 0 1 1
70000 72000 5 3 14 11464 0 0 15 1690 0 0 630 0 245 238 4400 4400 4400 0 128 128 128 0 1 1
72000 74000 2 1 6 3734 0 0 6 762 0 0 710 362 536 246 4400 4400 4400 0 128 128 128 0 1 1
74000 76000 3 1 5 3257 0 0 5 915 0 0 619 20 268 312 4400 4400 4400 0 128 128 128 0 1 1
76000 78000 4 2 9 3839 0 0 9 1290 0 0 865 16 428 356 4400 4400 4400 0 128 128 128 0 1 1
78000 80000 2 1 4 2487 0 0 4 1057 0 0 612 410 511 143 4400 4400 4400 0 128 128 128 0 1 1
80000 82000 4 2 14 11184 0 0 15 2075 0 0 995 154 527 359 4400 4400 4400 0 128 128 128 0 1 1
82000 84000 3 1 6 2987 0 0 5 1207 0 0 984 282 597 356 4400 4400 4400 0 128 128 128 0 1 1
84000 86000 3 2 8 4287 0 0 9 1172 0 0 732 15 388 359 6500 6500 6500 0 128 128 128 0 2 1
86000 88000 3 2 6 4555 0 0 7 1272 0 0 253 78 186 94 0 0 0 0 0 0 0 0 0 0
88000 90000 1 1 6 3174 0 0 6 990 0 0 589 589 589 0 6500 6500 6500 0 128 128 128 0 1 1
90000 92000 7 6 18 11699 0 0 21 1894 0 0 441 16 121 158 6500 6500 6500 0 128 128 128 0 1 2
92000 94000 13 12 25 8152 0 0 24 2041 0 0 869 17 126 266 2300 2300 2300 0 128 128 128 0 2 2
94000 96000 5 3 15 7211 0 0 16 2261 0 0 843 20 370 347 2300 2300 2300 0 128 128 128 0 2 2
96000 98000 8 6 17 6471 0 0 17 1989 0 0 894 18 220 318 3000 3000 3000 0 128 128 128 0 1 1
98000 100000 5 3 9 3908 0 0 10 1223 0 0 938 20 341 431 4400 4400 4400 0 128 128 128 0 1 1
100000 102000 8 7 13 9501 0 0 16 1338 0 0 883 22 150 301 4400 4400 4400 0 128 128 128 0 1 1
102000 104000 5 4 9 4670 14 5505 9 1456 16 8029 551 18 246 228 4400 4400 4400 0 128 128 128 0 2 2
104000 106000 3 2 7 3664 0 0 7 1142 0 0 485 15 325 268 4400 4400 4400 0 128 128 128 0 1 1
106000 108000 2 1 6 3707 0 0 6 763 0 0 700 290 495 290 4400 4400 4400 0 128 128 128 0 1 1
108000 110000 3 1 5 2659 0 0 6 1717 0 0 538 160 293 211 4400 4400 4400 0 128 128 128 0 1 1
110000 112000 5 4 11 9019 0 0 13 1094 0 0 613 16 223 250 4400 4400 4400 0 128 128 128 0 1 1
112000 114000 4 2 7 3374 0 0 7 1181 0 0 938 18 415 391 4400 4400 4400 0 128 128 128 0 1 1
114000 116000 2 1 4 2670 0 0 5 1056 0 0 605 375 490 162 4400 4400 4400 0 128 128 128 0 1 1
116000 118000 3 1 7 3670 0 0 6 917 0 0 912 378 592 282 4400 4400 4400 0 128 128 128 0 1 1
118000 120000 2 1 5 2630 0 0 5 1047 0 0 594 411 503 129 4400 4400 4400 0 128 128 128 0 1 1
120000 122000 8 6 119 24877 0 0 143 188458 0 0 968 54 304 292 0 0 0 0 0 0 0 0 0 0
122000 124000 9 9 36 14322 39 19842 47 18697 53 33492 967 53 338 337 4400 4400 4400 0 128 128 128 0 1 1
124000 126000 8 6 82 127728 0 0 136 10884 0 0 995 48 300 307 4400 4400 4400 0 128 128 128 0 2 2
126000 128000 3 2 12 8195 0 0 13 2183 0 0 974 240 595 367 4400 4400 4400 0 128 128 128 0 1 1
128000 130000 6 5 16 8457 0 0 23 5441 0 0 230 16 135 96 4400 4400 4400 0 128 128 128 0 1 1
130000 132000 4 3 23 22619 0 0 24 6283 0 0 979 267 548 327 4400 4400 4400 0 128 128 128 0 1 1
132000 134000 3 1 4 2064 0 0 5 1139 0 0 951 0 407 490 4400 4400 4400 0 128 128 128 0 1 1
134000 136000 4 4 10 3172 0 0 11 1067 0 0 740 16 206 356 4400 4400 4400 0 128 128 128 0 1 1
136000 138000 10 9 17 4762 0 0 17 1485 0 0 525 22 95 164 4400 4400 4400 0 128 128 128 0 1 1
138000 140000 3 3 9 3174 0 0 10 1067 0 0 494 18 202 256 4400 4400 4400 0 128 128 128 0 1 1
140000 142000 8 7 17 10784 0 0 18 1740 0 0 612 18 137 209 4400 4400 4400 0 128 128 128 0 1 1
142000 144000 3 2 3 1443 0 0 3 355 0 0 162 20 82 72 4400 4400 4400 0 128 128 128 0 1 1
144000 146000 8 6 13 4292 0 0 13 1364 0 0 687 17 115 233 4400 4400 4400 0 128 128 128 0 1 1
146000 148000 3 2 8 4325 0 0 8 921 0 0 975 16 569 495 4400 4400 4400 0 128 128 128 0 1 1
148000 150000 3 2 6 2266 0 0 6 1201 0 0 857 18 333 456 4400 4400 4400 0 128 128 128 0 2 2
150000 152000 5 3 16 14523 0 0 19 2087 0 0 457 49 222 146 0 0 0 0 0 0 0 0 0 0
152000 154000 2 1 5 2678 0 0 5 835 0 0 269 234 252 24 4400 4400 4400 0 128 128 128 0 2 2
154000 156000 3 2 9 4279 0 0 10 1353 0 0 567 16 366 303 4400 4400 4400 0 128 128 128 0 1 1
156000 158000 3 2 6 3247 0 0 6 664 0 0 670 19 318 328 4400 4400 4400 0 128 128 128 0 1 1
158000 160000 4 2 8 3846 0 0 9 1340 0 0 958 33 422 391 4400 4400 4400 0 128 128 128 0 1 1
160000 162000 3 2 10 8917 0 0 11 1783 0 0 575 505 543 35 4400 4400 4400 0 128 128 128 0 1 1
162000 164000 5 3 7 3829 16 8007 6 951 18 9308 912 107 405 328 4400 4400 4400 0 128 128 128 0 1 1
164000 166000 2 1 4 2363 0 0 4 978 0 0 421 197 309 158 4400 4400 4400 0 128 128 128 0 1 1
166000 168000 3 2 11 8365 0 0 12 1833 0 0 546 224 334 183 6500 6500 6500 0 128 128 128 0 1 1
168000 170000 7 5 10 3174 0 0 10 1264 0 0 448 25 96 155 6500 6500 6500 0 128 128 128 0 1 1
170000 172000 3 3 11 9445 0 0 13 1311 0 0 449 24 228 213 0 0 0 0 0 0 0 0 0 0
172000 174000 3 2 11 6211 0 0 11 1916 0 0 743 22 367 361 4400 4400 4400 0 128 128 128 0 2 2
174000 176000 3 2 8 3936 0 0 8 1227 0 0 595 40 355 285 4400 4400 4400 0 128 128 128 0 1 1
176000 178000 2 1 6 3292 0 0 6 1026 0 0 638 285 462 249 4400 4400 4400 0 128 128 128 0 1 1
178000 180000 3 2 7 3229 0 0 7 1007 0 0 697 15 323 345 4400 4400 4400 0 128 128 128 0 1 1
180000 182000 6 5 12 9357 0 0 15 1414 0 0 616 16 191 229 4400 4400 4400 0 128 128 128 0 1 1
182000 184000 11 10 15 3081 0 0 15 960 0 0 551 15 88 170 4400 4400 4400 0 128 128 128 0 1 1
184000 186000 5 4 57 113147 0 0 100 2123 0 0 475 26 228 196 4400 4400 4400 0 128 128 128 0 1 1
186000 188000 6 6 11 3176 0 0 11 990 0 0 581 16 111 230 4400 4400 4400 0 128 128 128 0 1 1
188000 190000 5 5 27 10954 0 0 35 10995 0 0 716 16 232 282 4400 4400 4400 0 128 128 128 0 1 1
190000 192000 9 8 19 12639 0 0 21 1863 0 0 901 15 161 288 4400 4400 4400 0 128 128 128 0 1 1
192000 194000 3 2 7 3813 0 0 6 1024 0 0 852 18 359 437 4400 4400 4400 0 128 128 128 0 1 1
194000 196000 4 2 8 3990 0 0 7 1142 0 0 752 16 224 354 4400 4400 4400 0 128 128 128 0 2 1
196000 198000 2 1 7 3931 0 0 7 1225 0 0 447 93 270 250 0 0 0 0 128 128 128 0 0 1
198000 200000 3 2 7 2259 0 0 7 797 0 0 213 119 153 51 4400 4400 4400 0 128 128 128 0 2 2
200000 202000 4 3 15 11417 0 0 17 2230 0 0 669 17 334 296 4400 4400 4400 0 128 128 128 0 1 1
202000 204000 2 1 5 3002 0 0 5 935 0 0 387 208 298 126 4400 4400 4400 0 128 128 128 0 1 1
204000 206000 2 1 5 2737 0 0 5 853 0 0 315 203 259 78 4400 4400 4400 0 128 128 128 0 1 1
206000 208000 3 2 10 7634 0 0 11 1498 0 0 681 221 486 237 4400 4400 4400 0 128 128 128 0 1 1
208000 210000 3 1 6 3409 0 0 6 1179 0 0 833 298 554 268 4400 4400 4400 0 128 128 128 0 1 1
210000 212000 5 3 11 9518 0 0 14 1453 0 0 853 48 406 313 4400 4400 4400 0 128 128 128 0 1 1
212000 214000 5 4 8 2885 0 0 8 1122 0 0 525 15 197 250 4400 4400 4400 0 128 128 128 0 1 1
214000 216000 3 2 7 3226 0 0 7 1026 0 0 531 25 266 253 4400 4400 4400 0 128 128 128 0 1 1
216000 218000 2 1 4 2574 0 0 4 802 0 0 239 205 222 23 0 0 0 0 0 0 0 0 0 0
218000 220000 2 2 2 35 0 0 3 31 0 0 27 23 25 2 4400 4400 4400 0 128 128 128 0 1 1
220000 222000 3 2 11 8729 0 0 12 1714 0 0 578 201 400 189 4400 4400 4400 0 128 128 128 0 1 1
222000 224000 4 3 4 2209 19 9370 4 687 21 10914 268 101 185 68 4400 4400 4400 0 128 128 128 0 1 1
224000 226000 4 3 13 6354 0 0 14 1980 0 0 736 15 242 340 4400 4400 4400 0 128 128 128 0 2 1
226000 228000 9 9 14 3639 0 0 14 756 0 0 647 19 90 208 4400 4400 4400 0 128 128 128 0 1 2
228000 230000 4 2 9 4543 0 0 9 1568 0 0 926 25 424 398 6500 6500 6500 0 128 128 128 0 1 1
230000 232000 8 8 14 8320 0 0 16 1066 0 0 417 15 97 155 0 0 0 0 0 0 0 0 0 0
232000 234000 4 4 10 3176 0 0 11 1029 0 0 523 19 163 241 6500 6500 6500 0 128 128 128 0 1 2
234000 236000 6 6 10 3176 0 0 10 990 0 0 509 17 100 200 6500 6500 6500 0 128 128 128 0 2 1
236000 238000 4 3 7 3319 0 0 7 1033 0 0 518 7 140 252 6500 6500 6500 0 128 128 128 0 1 1
238000 240000 3 2 7 3244 0 0 7 1015 0 0 429 15 159 234 6500 6500 6500 0 128 128 128 0 1 1
240000 242000 14 13 101 12826 0 0 146 161455 0 0 649 15 162 175 6500 6500 6500 0 128 128 128 0 1 1
242000 244000 12 10 76 9113 36 19584 108 129654 51 21796 831 27 218 246 1500 1500 1500 0 128 128 128 0 2 3
244000 246000 7 6 65 119554 0 0 115 3457 0 0 863 14 225 319 1500 1500 1500 0 128 128 128 0 1 1
246000 248000 5 5 27 13053 0 0 33 7027 0 0 852 15 278 334 4400 4400 4400 0 128 128 128 0 1 1
248000 250000 8 6 38 14127 0 0 48 16827 0 0 533 54 244 179 4400 4400 4400 0 128 128 128 0 2 2
250000 252000 5 4 21 23565 0 0 27 1996 0 0 547 101 325 172 4400 4400 4400 0 128 128 128 0 1 1
252000 254000 2 1 6 4152 0 0 7 1152 0 0 630 486 558 102 4400 4400 4400 0 128 128 128 0 1 1
254000 256000 3 1 6 3603 0 0 6 898 0 0 949 358 596 312 4400 4400 4400 0 128 128 128 0 1 1
256000 258000 3 2 6 3134 0 0 7 903 0 0 703 36 379 334 4400 4400 4400 0 128 128 128 0 1 1
258000 260000 6 4 11 3120 0 0 12 1239 0 0 991 38 303 369 4400 4400 4400 0 128 128 128 0 1 1
260000 262000 4 3 11 9055 0 0 11 1346 0 0 617 69 334 249 4400 4400 4400 0 128 128 128 0 1 1
262000 264000 3 1 6 3377 0 0 5 1227 0 0 992 214 599 388 4400 4400 4400 0 128 128 128 0 1 1
264000 266000 2 1 4 2185 0 0 5 874 0 0 401 376 389 17 4400 4400 4400 0 128 128 128 0 1 1
266000 268000 2 1 6 3912 0 0 6 860 0 0 636 411 523 159 4400 4400 4400 0 128 128 128 0 1 1
268000 270000 3 1 6 3371 0 0 5 1202 0 0 999 239 602 381 4400 4400 4400 0 128 128 128 0 1 1
270000 272000 5 4 10 8227 0 0 14 1366 0 0 415 21 177 152 0 0 0 0 0 0 0 0 0 0
272000 274000 1 1 1 0 0 0 1 0 0 0 16 16 16 0 4400 4400 4400 0 128 128 128 0 1 1
274000 276000 3 2 7 3206 0 0 8 1021 0 0 218 16 144 111 4400 4400 4400 0 0 0 0 0 1 0
276000 278000 4 4 9 3234 0 0 9 990 0 0 496 17 140 236 4400 4400 4400 0 128 128 128 0 1 2
278000 280000 2 2 7 3212 0 0 7 1021 0 0 527 61 294 329 4400 4400 4400 0 128 128 128 0 1 1
280000 282000 7 6 13 8022 0 0 13 1500 0 0 463 28 118 164 3000 3000 3000 0 0 0 0 0 1 0
282000 284000 4 3 12 6944 16 9178 13 2386 18 9297 853 103 378 355 3000 3000 3000 0 128 128 128 0 1 1
284000 286000 2 2 9 4765 0 0 9 990 0 0 887 19 453 613 3000 3000 3000 0 128 128 128 0 2 2
286000 288000 4 3 15 9521 0 0 16 2457 0 0 984 16 506 470 3000 3000 3000 0 128 128 128 0 1 2
288000 290000 5 3 10 4294 0 0 10 1322 0 0 856 16 336 428 4400 4400 4400 0 128 128 128 0 1 1
290000 292000 6 4 14 11253 0 0 15 2114 0 0 495 0 159 184 4400 4400 4400 0 128 128 128 0 1 1
292000 294000 3 2 7 3247 0 0 7 1011 0 0 494 15 175 275 4400 4400 4400 0 128 128 128 0 1 1
294000 296000 2 1 6 3449 0 0 6 1077 0 0 705 73 389 447 4400 4400 4400 0 128 128 128 0 2 2
296000 298000 3 2 10 5186 0 0 10 1616 0 0 738 17 449 381 4400 4400 4400 0 128 128 128 0 1 1
298000 300000 3 1 5 3024 0 0 4 598 0 0 693 0 316 350 4400 4400 4400 0 128 128 128 0 1 1
