ts te nbins ncons c_tcp_packs c_tcp_bytes c_udp_packs c_udp_bytes s_tcp_packs s_tcp_bytes s_udp_packs s_udp_bytes max_bins_span min_bins_span avg_bins_span std_bins_span max_video_rate min_video_rate avg_video_rate std_video_rate max_audio_rate min_audio_rate avg_audio_rate std_audio_rate video_requests audio_requests
0 2000 27 25 194 76759 7 3205 274 100508 10 5979 970 33 331 298 0 0 0 0 0 0 0 0 0 0
2000 4000 5 5 14 3057 0 0 19 2219 0 0 246 20 129 91 0 0 0 0 0 0 0 0 0 0
4000 6000 7 5 26 8972 0 0 30 5729 0 0 662 39 261 259 0 0 0 0 0 0 0 0 0 0
6000 8000 15 11 641 32446 0 0 981 1355440 0 0 999 27 422 348 3000 3000 3000 0 128 128 128 0 2 2
8000 10000 25 21 551 25664 176 58771 810 999979 289 261651 997 21 366 286 480 288 336 88 128 128 128 0 8 6
10000 12000 13 10 578 72478 70 13114 917 1223561 115 113777 993 63 410 247 480 480 480 0 128 128 128 0 3 5
12000 14000 8 6 775 5265 10 3462 1175 1765124 14 6938 997 21 457 344 840 840 840 0 128 128 128 0 2 1
14000 16000 6 4 600 1452 12 7211 990 1465120 11 718 999 139 438 353 840 840 840 0 128 128 128 0 1 1
16000 18000 5 3 725 2745 0 0 1090 1723687 0 0 999 18 497 393 3000 3000 3000 0 128 128 128 0 2 2
18000 20000 5 3 627 5111 0 0 815 1140027 0 0 999 136 502 364 1500 1500 1500 0 128 128 128 0 2 1
20000 22000 5 3 456 16622 0 0 722 981950 0 0 999 210 488 365 1500 1500 1500 0 128 128 128 0 2 3
22000 24000 3 1 470 8 0 0 693 951127 0 0 998 244 664 384 1500 1500 1500 0 128 128 128 0 1 1
24000 26000 2 2 5 307 0 0 7 9901 0 0 60 20 40 28 2300 2300 2300 0 128 128 128 0 2 2
26000 28000 3 2 16 9757 0 0 27 8250 0 0 996 90 670 503 2300 2300 2300 0 128 128 128 0 1 1
28000 30000 2 2 8 5050 0 0 13 4316 0 0 230 91 160 98 3000 3000 3000 0 128 128 128 0 2 2
30000 32000 5 5 61 136206 0 0 99 1658 0 0 831 15 276 317 3000 3000 3000 0 128 128 128 0 1 1
32000 34000 0 0 0 0 0 0 0 0 0 0 0 0 0 0 0 0 0 0 0 0 0 0 0 0
34000 36000 2 2 0 0 16 9180 0 0 20 10593 122 115 118 5 3000 3000 3000 0 128 128 128 0 1 1
36000 38000 5 5 6 35 0 0 6 31 0 0 26 25 25 0 4400 4400 4400 0 128 128 128 0 2 2
38000 40000 12 12 29 6469 0 0 35 8996 0 0 411 16 78 121 4400 4400 4400 0 128 128 128 0 1 1
40000 42000 4 4 13 14323 0 0 16 2938 0 0 208 85 164 54 4400 4400 4400 0 128 128 128 0 1 1
42000 44000 1 1 1 0 0 0 1 0 0 0 15 15 15 0 4400 4400 4400 0 128 128 128 0 1 2
44000 46000 4 4 4 0 0 0 4 0 0 0 21 14 17 2 4400 4400 4400 0 0 0 0 0 1 0
46000 48000 9 9 11 5655 0 0 14 1070 0 0 553 16 79 177 4400 4400 4400 0 128 128 128 0 2 2
48000 50000 9 9 15 7731 0 0 22 4827 0 0 255 17 66 82 4400 4400 4400 0 128 128 128 0 1 1
50000 52000 3 3 9 11604 0 0 13 844 0 0 351 20 209 170 4400 4400 4400 0 128 128 128 0 1 1
52000 54000 4 4 4 0 0 0 4 0 0 0 22 16 20 2 4400 4400 4400 0 128 128 128 0 1 1
54000 56000 5 5 5 0 0 0 5 0 0 0 27 18 23 3 0 0 0 0 0 0 0 0 0 0
56000 58000 5 5 5 0 0 0 5 0 0 0 25 23 24 1 4400 4400 4400 0 128 128 128 0 1 2
58000 60000 14 14 36 5914 0 0 47 9074 0 0 580 16 155 162 4400 4400 4400 0 128 128 128 0 1 1
60000 62000 9 9 23 11543 0 0 29 3696 0 0 222 3 106 79 4400 4400 4400 0 128 128 128 0 2 1
62000 64000 1 1 1 0 0 0 1 0 0 0 14 14 14 0 4400 4400 4400 0 128 128 128 0 1 1
64000 66000 0 0 0 0 0 0 0 0 0 0 0 0 0 0 0 0 0 0 0 0 0 0 0 0
66000 68000 4 4 64 140691 0 0 122 1426 0 0 456 58 218 179 4400 4400 4400 0 128 128 128 0 1 1
68000 70000 3 3 10 5156 0 0 16 4366 0 0 190 18 99 86 4400 4400 4400 0 128 128 128 0 1 1
70000 72000 4 4 12 12879 0 0 14 844 0 0 261 16 142 121 4400 4400 4400 0 128 128 128 0 1 1
72000 74000 0 0 0 0 0 0 0 0 0 0 0 0 0 0 0 0 0 0 0 0 0 0 0 0
74000 76000 0 0 0 0 0 0 0 0 0 0 0 0 0 0 0 0 0 0 0 0 0 0 0 0
76000 78000 2 2 2 0 0 0 2 0 0 0 17 17 17 0 6500 6500 6500 0 128 128 128 0 2 2
78000 80000 1 1 1 0 0 0 2 77 0 0 44 44 44 0 6500 6500 6500 0 128 128 128 0 1 1
80000 82000 3 3 10 12736 0 0 14 1339 0 0 230 209 220 10 6500 6500 6500 0 128 128 128 0 1 1
82000 84000 0 0 0 0 0 0 0 0 0 0 0 0 0 0 0 0 0 0 0 0 0 0 0 0
84000 86000 2 2 2 0 0 0 2 0 0 0 27 22 24 3 6500 6500 6500 0 128 128 128 0 1 1
86000 88000 1 1 4 4681 0 0 5 522 0 0 204 204 204 0 6500 6500 6500 0 128 128 128 0 1 1
88000 90000 2 2 2 0 0 0 2 0 0 0 18 15 17 2 6500 6500 6500 0 128 128 128 0 1 2
90000 92000 7 7 13 11655 0 0 17 875 0 0 240 22 85 96 6500 6500 6500 0 0 0 0 0 1 0
92000 94000 9 9 9 0 0 0 9 0 0 0 24 18 20 2 6500 6500 6500 0 128 128 128 0 1 2
94000 96000 3 3 1 0 18 9327 1 0 19 9339 208 26 145 103 6500 6500 6500 0 128 128 128 0 1 1
96000 98000 3 3 3 35 0 0 4 31 0 0 68 20 36 26 6500 6500 6500 0 128 128 128 0 1 1
98000 100000 6 6 6 35 0 0 7 31 0 0 60 23 31 14 6500 6500 6500 0 0 0 0 0 1 0
100000 102000 8 8 14 9747 0 0 15 844 0 0 213 16 68 89 6500 6500 6500 0 128 128 128 0 1 2
102000 104000 1 1 1 0 0 0 1 0 0 0 18 18 18 0 6500 6500 6500 0 0 0 0 0 1 0
104000 106000 0 0 0 0 0 0 0 0 0 0 0 0 0 0 0 0 0 0 0 0 0 0 0 0
106000 108000 1 1 1 0 0 0 1 0 0 0 24 24 24 0 4400 4400 4400 0 128 128 128 0 2 1
108000 110000 0 0 0 0 0 0 0 0 0 0 0 0 0 0 0 0 0 0 0 0 0 0 0 0
110000 112000 3 3 11 13623 0 0 16 1266 0 0 709 18 327 351 6500 6500 6500 0 128 128 128 0 1 1
112000 114000 0 0 0 0 0 0 0 0 0 0 0 0 0 0 0 0 0 0 0 0 0 0 0 0
114000 116000 2 2 2 0 0 0 2 0 0 0 19 18 19 0 6500 6500 6500 0 128 128 128 0 1 1
116000 118000 0 0 0 0 0 0 0 0 0 0 0 0 0 0 0 0 0 0 0 0 0 0 0 0
118000 120000 0 0 0 0 0 0 0 0 0 0 0 0 0 0 0 0 0 0 0 0 0 0 0 0
120000 122000 9 8 113 15830 0 0 171 215507 0 0 427 17 199 134 6500 6500 6500 0 128 128 128 0 1 1
122000 124000 6 6 18 742 38 18071 26 30162 49 22121 363 43 195 120 6500 6500 6500 0 128 128 128 0 1 1
124000 126000 0 0 0 0 0 0 0 0 0 0 0 0 0 0 0 0 0 0 0 0 0 0 0 0
126000 128000 6 5 75 125439 0 0 121 7774 0 0 952 5 323 342 6500 6500 6500 0 128 128 128 0 1 1
128000 130000 3 3 19 7724 0 0 27 9927 0 0 170 18 106 78 6500 6500 6500 0 128 128 128 0 1 1
130000 132000 4 4 13 20178 0 0 16 844 0 0 298 18 140 143 6500 6500 6500 0 128 128 128 0 1 1
132000 134000 0 0 0 0 0 0 0 0 0 0 0 0 0 0 0 0 0 0 0 0 0 0 0 0
134000 136000 2 2 2 0 0 0 2 0 0 0 16 15 16 0 6500 6500 6500 0 128 128 128 0 1 1
136000 138000 5 5 7 0 0 0 7 77 0 0 83 18 35 26 6500 6500 6500 0 128 128 128 0 1 1
138000 140000 7 7 9 0 0 0 10 77 0 0 25 16 20 3 6500 6500 6500 0 128 128 128 0 1 2
140000 142000 3 3 9 10932 0 0 11 844 0 0 253 22 166 124 6500 6500 6500 0 128 128 128 0 1 1
142000 144000 2 2 2 0 0 0 2 0 0 0 16 16 16 0 6500 6500 6500 0 128 128 128 0 1 1
144000 146000 5 5 5 0 0 0 5 0 0 0 18 15 17 1 6500 6500 6500 0 128 128 128 0 1 1
146000 148000 6 6 6 0 0 0 6 0 0 0 21 16 19 1 6500 6500 6500 0 128 128 128 0 1 1
148000 150000 1 1 1 0 0 0 1 0 0 0 16 16 16 0 6500 6500 6500 0 128 128 128 0 1 1
150000 152000 3 3 9 10378 0 0 14 875 0 0 217 59 150 82 6500 6500 6500 0 128 128 128 0 1 1
152000 154000 2 2 1 0 1 48 1 0 1 48 38 16 27 15 6500 6500 6500 0 128 128 128 0 1 1
154000 156000 2 2 0 0 16 8004 0 0 17 8048 214 180 197 23 6500 6500 6500 0 128 128 128 0 1 1
156000 158000 1 1 1 35 0 0 2 31 0 0 69 69 69 0 6500 6500 6500 0 128 128 128 0 1 1
158000 160000 1 1 1 35 0 0 2 31 0 0 56 56 56 0 6500 6500 6500 0 128 128 128 0 1 1
160000 162000 4 4 11 11606 0 0 14 1339 0 0 223 26 150 85 6500 6500 6500 0 128 128 128 0 1 1
162000 164000 0 0 0 0 0 0 0 0 0 0 0 0 0 0 0 0 0 0 0 0 0 0 0 0
164000 166000 0 0 0 0 0 0 0 0 0 0 0 0 0 0 0 0 0 0 0 0 0 0 0 0
166000 168000 4 4 7 4638 0 0 8 522 0 0 260 29 86 115 6500 6500 6500 0 128 128 128 0 2 1
168000 170000 2 2 2 0 0 0 2 0 0 0 25 25 25 0 6500 6500 6500 0 128 128 128 0 1 1
170000 172000 3 3 9 11642 0 0 13 844 0 0 272 18 174 136 6500 6500 6500 0 128 128 128 0 1 1
172000 174000 0 0 0 0 0 0 0 0 0 0 0 0 0 0 0 0 0 0 0 0 0 0 0 0
174000 176000 3 3 3 0 0 0 3 0 0 0 24 17 20 3 6500 6500 6500 0 128 128 128 0 1 1
176000 178000 0 0 0 0 0 0 0 0 0 0 0 0 0 0 0 0 0 0 0 0 0 0 0 0
178000 180000 2 2 2 0 0 0 2 0 0 0 30 19 24 7 6500 6500 6500 0 128 128 128 0 1 1
180000 182000 7 7 13 10381 0 0 18 875 0 0 219 15 78 92 6500 6500 6500 0 128 128 128 0 1 1
182000 184000 6 6 6 0 0 0 6 0 0 0 30 16 27 5 6500 6500 6500 0 128 128 128 0 1 1
184000 186000 1 1 1 0 0 0 1 0 0 0 18 18 18 0 6500 6500 6500 0 128 128 128 0 1 1
186000 188000 5 5 55 109479 0 0 98 1303 0 0 285 15 117 126 6500 6500 6500 0 128 128 128 0 1 2
188000 190000 8 8 25 7698 0 0 34 9901 0 0 322 17 84 115 6500 6500 6500 0 0 0 0 0 1 0
190000 192000 8 8 14 12314 0 0 17 844 0 0 257 16 77 99 4400 4400 4400 0 128 128 128 0 2 3
192000 194000 1 1 1 0 0 0 1 0 0 0 20 20 20 0 4400 4400 4400 0 0 0 0 0 1 0
194000 196000 0 0 0 0 0 0 0 0 0 0 0 0 0 0 0 0 0 0 0 0 0 0 0 0
196000 198000 0 0 0 0 0 0 0 0 0 0 0 0 0 0 0 0 0 0 0 0 0 0 0 0
198000 200000 2 2 3 0 0 0 4 77 0 0 89 25 57 45 4400 4400 4400 0 0 0 0 0 2 0
200000 202000 3 3 11 14083 0 0 15 1339 0 0 236 218 228 9 4400 4400 4400 0 128 128 128 0 1 2
202000 204000 0 0 0 0 0 0 0 0 0 0 0 0 0 0 0 0 0 0 0 0 0 0 0 0
204000 206000 1 1 1 0 0 0 1 0 0 0 16 16 16 0 6500 6500 6500 0 128 128 128 0 2 2
206000 208000 1 1 4 4982 0 0 6 522 0 0 277 277 277 0 6500 6500 6500 0 128 128 128 0 1 1
208000 210000 0 0 0 0 0 0 0 0 0 0 0 0 0 0 0 0 0 0 0 0 0 0 0 0
210000 212000 6 6 11 13787 0 0 16 875 0 0 241 1 81 117 6500 6500 6500 0 128 128 128 0 1 1
212000 214000 3 3 2 0 0 0 2 0 0 0 21 20 20 0 6500 6500 6500 0 128 128 128 0 1 1
214000 216000 4 4 2 0 15 9148 2 0 18 9303 119 19 60 47 6500 6500 6500 0 128 128 128 0 1 1
216000 218000 1 1 1 35 0 0 2 31 0 0 64 64 64 0 6500 6500 6500 0 128 128 128 0 1 1
218000 220000 1 1 1 35 0 0 2 31 0 0 74 74 74 0 6500 6500 6500 0 128 128 128 0 1 1
220000 222000 4 4 10 10341 0 0 13 844 0 0 244 27 133 121 6500 6500 6500 0 128 128 128 0 1 1
222000 224000 0 0 0 0 0 0 0 0 0 0 0 0 0 0 0 0 0 0 0 0 0 0 0 0
224000 226000 2 2 2 0 0 0 2 0 0 0 20 19 19 0 6500 6500 6500 0 128 128 128 0 1 1
226000 228000 4 4 4 0 0 0 4 0 0 0 30 19 23 4 6500 6500 6500 0 128 128 128 0 1 1
228000 230000 6 6 6 0 0 0 6 0 0 0 26 19 24 3 6500 6500 6500 0 128 128 128 0 1 1
230000 232000 4 4 10 10348 0 0 11 844 0 0 577 18 207 263 0 0 0 0 128 128 128 0 0 1
232000 234000 4 4 7 0 0 0 8 78 0 0 71 15 37 26 6500 4400 5100 1212 128 128 128 0 3 2
234000 236000 6 6 6 0 0 0 6 0 0 0 25 16 19 3 4400 4400 4400 0 128 128 128 0 1 1
236000 238000 7 7 8 0 0 0 9 39 0 0 109 32 46 27 4400 4400 4400 0 128 128 128 0 2 2
238000 240000 2 2 4 0 0 0 4 39 0 0 110 22 66 62 4400 4400 4400 0 128 128 128 0 1 1
240000 242000 14 13 92 17311 0 0 149 162298 0 0 322 17 140 97 4400 4400 4400 0 128 128 128 0 1 1
242000 244000 7 7 43 1479 40 20442 75 103724 49 21869 817 80 257 255 4400 4400 4400 0 128 128 128 0 1 1
244000 246000 2 2 3 0 0 0 4 39 0 0 96 25 61 50 4400 4400 4400 0 128 128 128 0 1 1
246000 248000 7 7 71 128686 0 0 125 6648 0 0 301 17 120 125 4400 4400 4400 0 128 128 128 0 1 1
248000 250000 6 6 25 7734 0 0 36 10029 0 0 220 16 104 74 4400 4400 4400 0 128 128 128 0 1 1
250000 252000 5 5 13 20196 0 0 18 862 0 0 603 22 221 269 4400 4400 4400 0 128 128 128 0 1 1
252000 254000 2 2 3 0 0 0 4 568 0 0 97 0 48 68 0 0 0 0 0 0 0 0 0 0
254000 256000 0 0 0 0 0 0 0 0 0 0 0 0 0 0 0 0 0 0 0 0 0 0 0 0
256000 258000 3 3 5 0 0 0 5 77 0 0 106 25 52 46 4400 4400 4400 0 128 128 128 0 1 1
258000 260000 1 1 2 0 0 0 3 77 0 0 94 94 94 0 4400 4400 4400 0 128 128 128 0 2 1
260000 262000 3 3 11 10346 0 0 12 883 0 0 251 21 164 124 4400 4400 4400 0 128 128 128 0 1 1
262000 264000 0 0 0 0 0 0 0 0 0 0 0 0 0 0 0 0 0 0 0 0 0 0 0 0
264000 266000 0 0 0 0 0 0 0 0 0 0 0 0 0 0 0 0 0 0 0 0 0 0 0 0
266000 268000 0 0 0 0 0 0 0 0 0 0 0 0 0 0 0 0 0 0 0 0 0 0 0 0
268000 270000 0 0 0 0 0 0 0 0 0 0 0 0 0 0 0 0 0 0 0 0 0 0 0 0
270000 272000 4 4 10 10972 0 0 15 875 0 0 190 16 106 93 4400 4400 4400 0 128 128 128 0 1 1
272000 274000 2 2 2 0 0 0 2 0 0 0 22 18 20 2 4400 4400 4400 0 128 128 128 0 1 1
274000 276000 2 2 0 0 15 6757 0 0 16 8028 121 118 120 2 6500 6500 6500 0 128 128 128 0 2 2
276000 278000 2 2 2 35 0 0 3 31 0 0 68 27 48 29 6500 6500 6500 0 128 128 128 0 1 1
278000 280000 2 2 2 0 0 0 2 0 0 0 24 16 20 5 6500 6500 6500 0 128 128 128 0 1 1
280000 282000 9 9 25 14772 0 0 30 7008 0 0 873 22 168 277 6500 6500 6500 0 128 128 128 0 1 1
282000 284000 0 0 0 0 0 0 0 0 0 0 0 0 0 0 0 0 0 0 0 0 0 0 0 0
284000 286000 0 0 0 0 0 0 0 0 0 0 0 0 0 0 0 0 0 0 0 0 0 0 0 0
286000 288000 4 4 7 4724 0 0 8 522 0 0 237 17 75 108 6500 6500 6500 0 128 128 128 0 1 1
288000 290000 1 1 1 0 0 0 1 0 0 0 17 17 17 0 6500 6500 6500 0 128 128 128 0 1 1
290000 292000 3 3 11 11642 0 0 14 863 0 0 321 15 180 154 6500 6500 6500 0 128 128 128 0 1 1
292000 294000 0 0 0 0 0 0 0 0 0 0 0 0 0 0 0 0 0 0 0 0 0 0 0 0
294000 296000 1 1 1 0 0 0 1 0 0 0 16 16 16 0 6500 6500 6500 0 0 0 0 0 1 0
296000 298000 0 0 0 0 0 0 0 0 0 0 0 0 0 0 0 0 0 0 0 0 0 0 0 0
298000 300000 0 0 0 0 0 0 0 0 0 0 0 0 0 0 0 0 0 0 0 0 0 0 0 0
300000 302000 0 0 0 0 0 0 0 0 0 0 0 0 0 0 0 0 0 0 0 0 0 0 0 0
