ts te nbins ncons c_pkts_all c_bytes_all s_pkts_all s_bytes_all max_bin_duration min_bin_duration avg_bin_duration std_bin_duration max_video_rate min_video_rate avg_video_rate std_video_rate max_audio_rate min_audio_rate avg_audio_rate std_audio_rate video_reqs audio_reqs media_reqs
0.0 5000.0 0 0 0.0 0.0 0.0 0.0 0.0 0.0 0.0 0.0 0.0 0.0 0.0 0.0 0.0 0.0 0.0 0.0 0 0 
5000.0 10000.0 3 1 265.53858810430154 21731.87538787524 717.4266293475931 1017732.6351857014 999.8420000000042 369.85205078125 789.7586835937497 363.649834469849 2300.0 1500.0 1900.0 461.8802153517006 128.0 128.0 128.0 0.0 4 4 2.0
10000.0 15000.0 6 1 999.8506818259191 65047.39698898254 2419.2725910664058 3478251.569987097 999.8919999999925 362.9360351563082 830.5001640624832 272.2455004687094 2300.0 1500.0 1677.7777777777778 352.76684147527874 128.0 128.0 128.0 0.0 9 9 2.0
15000.0 20000.0 5 1 467.06992907605013 27689.5736652555 1105.7580752805097 1577749.0045921926 998.8640000000014 49.25 618.2013929687673 404.21098239122387 4400.0 4400.0 4400.0 0.0 128.0 128.0 128.0 0.0 2 2 3.0
20000.0 25000.0 6 1 1016.1996058323897 56527.693700509684 2481.26425246212 3594137.3991271053 999.4450000000652 30.86328125 820.9965468750257 387.84117245066165 4400.0 4400.0 4400.0 0.0 128.0 128.0 128.0 0.0 3 3 2.0
25000.0 30000.0 5 1 647.2391662925759 36102.3390272219 1647.1363058400448 2374981.5244149733 999.9120000000694 952.9317187499837 986.5847402343876 20.1731510146563 4400.0 4400.0 4400.0 0.0 128.0 128.0 128.0 0.0 2 2 3.0
30000.0 35000.0 6 1 916.37319519103 48809.06410169511 2501.939289580325 3622821.4556269445 998.6979999999749 12.317017578112427 826.8548323567666 399.37201400559707 4400.0 4400.0 4400.0 0.0 128.0 128.0 128.0 0.0 4 4 2.0
35000.0 40000.0 6 1 918.7874428915223 49675.47842195006 2387.60100749119 3451444.269574966 999.6269999999204 38.73902343749069 830.4216569010168 388.3487293270302 4400.0 4400.0 4400.0 0.0 128.0 128.0 128.0 0.0 3 3 3.0
40000.0 45000.0 6 1 856.9413907862113 44434.57870650999 2218.601848931812 3200156.1414910196 999.9270000000251 49.6150820311741 763.2093470051963 389.63120358907855 4400.0 4400.0 4400.0 0.0 128.0 128.0 128.0 0.0 2 2 2.0
45000.0 50000.0 4 1 583.0 32596.0 1584.0 2289795.0 999.2600000000093 992.3929999999818 995.7664999999979 2.8204789782463413 4400.0 4400.0 4400.0 0.0 128.0 128.0 128.0 0.0 2 2 3.0
50000.0 55000.0 5 1 925.0 51693.0 2378.0 3436906.0 999.7129999999888 994.2750000000233 997.5877999999909 2.482834207094881 4400.0 4400.0 4400.0 0.0 128.0 128.0 128.0 0.0 3 3 2.0
55000.0 60000.0 5 1 820.7585312351741 45675.000395942225 2292.6681673310004 3317636.178964612 999.8119999999763 986.583984375 996.5515968749999 5.691291784112643 4400.0 4400.0 4400.0 0.0 128.0 128.0 128.0 0.0 3 3 3.0
60000.0 65000.0 6 1 695.7118969251154 38898.56403086914 1865.8326577214693 2689700.645998343 999.2929999999469 12.654015625012107 827.0023203124874 399.1804797345353 4400.0 4400.0 4400.0 0.0 128.0 128.0 128.0 0.0 3 3 2.0
65000.0 70000.0 6 1 615.3847166992801 34722.28064544833 1660.2199515920772 2404177.742724927 999.6460000000079 36.38709375000326 564.1070061849119 486.60344215007353 4400.0 4400.0 4400.0 0.0 128.0 128.0 128.0 0.0 2 2 3.0
70000.0 75000.0 5 1 668.2702893477058 40582.33660715637 1804.7811124644338 2605734.9155029887 999.4479999999749 49.199951171875 730.3702015624847 406.7236854282359 4400.0 4400.0 4400.0 0.0 128.0 128.0 128.0 0.0 2 3 2.0
75000.0 80000.0 6 1 870.3543439091835 50041.52421278906 2423.1476909947237 3510305.0967743737 999.4710000000196 39.407958984375 830.4321679687613 388.0485292917254 4400.0 3000.0 3280.0 626.0990336999411 128.0 128.0 128.0 0.0 5 4 3.0
80000.0 85000.0 5 1 660.4983043549244 37432.92992456806 1778.0194618123537 2565066.557644153 999.5999999999185 43.968994140625 758.154207031231 413.40598131182617 4400.0 4400.0 4400.0 0.0 128.0 128.0 128.0 0.0 3 3 2.0
85000.0 90000.0 6 1 766.4519476604122 42932.38155638451 2157.934483198858 3121195.1808574605 999.8040000000037 35.0439453125 830.3966585286544 390.12173480744127 4400.0 4400.0 4400.0 0.0 128.0 128.0 128.0 0.0 3 3 3.0
90000.0 95000.0 5 1 770.5699698682043 41249.982626842306 2021.396474885084 2919419.681533142 999.5009999999893 694.7719999999972 929.9786109374952 132.38249121190893 4400.0 4400.0 4400.0 0.0 128.0 128.0 128.0 0.0 2 2 2.0
95000.0 100000.0 4 1 591.0 33464.0 1615.0 2330699.0 999.4839999999967 991.6790000000037 997.3404999999766 3.782479301533148 4400.0 4400.0 4400.0 0.0 128.0 128.0 128.0 0.0 2 2 3.0
100000.0 105000.0 5 1 853.4324141904024 48902.08002304334 2370.4169887094404 3425866.91792781 998.4029999999912 983.8099999999977 992.6797808593604 6.586661436469662 4400.0 4400.0 4400.0 0.0 128.0 128.0 128.0 0.0 4 4 2.0
105000.0 110000.0 6 1 802.2271256111201 43843.86339654049 2220.3783537852205 3213400.222408032 999.5779999999213 10.869095703121275 831.0993688150969 401.8896185418378 4400.0 4400.0 4400.0 0.0 128.0 128.0 128.0 0.0 2 2 3.0
110000.0 115000.0 6 1 774.5292435644145 43361.9099592282 2120.0525179227116 3073502.8375009624 999.9610000000102 12.108882812492084 830.9164606119739 401.22671793199817 4400.0 4400.0 4400.0 0.0 128.0 128.0 128.0 0.0 3 3 2.0
115000.0 120000.0 6 1 701.171743021558 40155.4999350865 1864.5612374765456 2679882.9201541133 998.2139999999781 21.632119140704162 823.7105693359626 393.70492717276545 4400.0 4400.0 4400.0 0.0 128.0 128.0 128.0 0.0 2 2 3.0
120000.0 125000.0 6 1 794.6643190647067 43925.261265627945 2108.242450406856 3043786.985510622 999.0699999999488 51.28070312499767 799.0407659505048 375.9316089780931 4400.0 4400.0 4400.0 0.0 128.0 128.0 128.0 0.0 3 3 2.0
125000.0 130000.0 6 1 856.1241431337623 47806.19517189567 2251.0433579813366 3243278.384421387 999.984999999986 217.49110742186895 826.3828616536435 312.2497208396314 4400.0 4400.0 4400.0 0.0 128.0 128.0 128.0 0.0 3 3 3.0
130000.0 135000.0 6 1 655.6895561469458 36400.447796934306 1781.5256361903937 2569525.0804315484 999.8640000000014 48.823974609375 649.8964853515694 421.5361927512713 4400.0 4400.0 4400.0 0.0 128.0 128.0 128.0 0.0 2 2 2.0
135000.0 140000.0 6 1 780.4598370466575 43468.975379806165 2176.7211244045925 3152565.7581034806 999.7469999999739 33.820068359375 830.1325156249901 390.5840890290603 4400.0 4400.0 4400.0 0.0 128.0 128.0 128.0 0.0 3 3 3.0
140000.0 145000.0 4 1 616.7016182204327 33857.76707183738 1658.058333122903 2382826.893542044 999.1109999999753 916.6069316407084 977.7264829101769 40.752776417379806 4400.0 4400.0 4400.0 0.0 128.0 128.0 128.0 0.0 2 2 2.0
145000.0 150000.0 5 1 766.1798503847867 41764.77589865768 2025.9496259619668 2923686.4155322323 999.7289999999339 991.679931640625 996.5699863281101 3.2676807738052003 4400.0 4400.0 4400.0 0.0 128.0 128.0 128.0 0.0 2 2 3.0
150000.0 155000.0 6 1 825.5621457939546 46519.50115810474 2270.9001935361016 3283473.5223789634 999.7189999999246 5.526068359380588 827.6974925130004 402.99177766459513 4400.0 4400.0 4400.0 0.0 128.0 128.0 128.0 0.0 3 4 2.0
155000.0 160000.0 6 1 910.513172093746 49976.70222186674 2405.830406937275 3486883.7508729226 999.8190000000177 29.57811328122625 830.0138684895743 392.53083873646983 4400.0 4400.0 4400.0 0.0 128.0 128.0 128.0 0.0 3 2 3.0
160000.0 165000.0 6 1 612.8531973591439 34864.39247941427 1646.0843339442984 2381942.38003253 999.8369999999995 41.48090234375559 565.9133291015556 485.08622762084315 4400.0 4400.0 4400.0 0.0 128.0 128.0 128.0 0.0 2 3 2.0
165000.0 170000.0 5 1 645.2515907606542 35249.4443698156 1634.1465735602428 2354100.4688214855 998.9089999999269 48.72998046869179 697.2369816406048 422.74912600221796 4400.0 4400.0 4400.0 0.0 128.0 128.0 128.0 0.0 2 1 3.0
170000.0 175000.0 6 1 897.6657677859945 51925.548390570046 2370.157937610635 3426251.5252938215 999.3950000000186 0.14208984375 823.8451848958115 403.9724166720574 4400.0 4400.0 4400.0 0.0 128.0 128.0 128.0 0.0 4 4 2.0
175000.0 180000.0 5 1 714.4944720343796 40257.06057285595 1922.6908413259291 2781601.330564648 999.6279101562686 41.729248046875 773.9320316406199 415.7558558457055 4400.0 4400.0 4400.0 0.0 128.0 128.0 128.0 0.0 2 2 3.0
180000.0 185000.0 6 1 926.1565919424177 51144.01151073957 2438.187842916506 3532352.145952799 999.88400000002 33.58203125 831.0694638671897 391.0399248167144 4400.0 4400.0 4400.0 0.0 128.0 128.0 128.0 0.0 3 3 2.0
185000.0 190000.0 5 1 825.3232118449232 45533.56339797539 2111.052244207046 3042397.4605505983 999.1690000000526 966.1669687500107 987.7867937500123 14.999891533266402 4400.0 4400.0 4400.0 0.0 128.0 128.0 128.0 0.0 2 2 3.0
190000.0 195000.0 5 1 896.2036323687469 49752.1894806987 2366.3728280728233 3423982.3463617396 999.3960000000079 975.0 993.453199999989 10.377942989817285 4400.0 4400.0 4400.0 0.0 128.0 128.0 128.0 0.0 3 3 2.0
195000.0 200000.0 6 1 755.1148690870696 43144.062141139424 1999.150826149044 2888610.5941068185 998.8860000000568 24.457999999984168 829.8644947916619 394.7700026877336 4400.0 4400.0 4400.0 0.0 128.0 128.0 128.0 0.0 3 3 3.0
200000.0 205000.0 6 1 777.5209389406368 43806.11693454074 2062.7189769914758 2985789.7701108353 999.1319999999832 33.40203124994878 829.3599957682114 390.40598138114325 4400.0 4400.0 4400.0 0.0 128.0 128.0 128.0 0.0 3 3 2.0
205000.0 210000.0 6 1 612.3991255343194 33042.20627408137 1676.5088208257853 2426514.3636521404 998.9259999999776 48.219056640635245 558.609667317709 487.53458762944064 4400.0 4400.0 4400.0 0.0 128.0 128.0 128.0 0.0 1 1 3.0
210000.0 215000.0 6 1 887.3209463951868 50815.11693232968 2426.106371384287 3513935.485379266 999.8519999999553 37.47509765625 830.5456917317546 389.0304380554909 4400.0 4400.0 4400.0 0.0 128.0 128.0 128.0 0.0 4 4 2.0
215000.0 220000.0 5 1 598.9531709343388 32195.801462225336 1544.9969274077025 2236035.273148814 999.045999999973 48.072998046875 649.6489800781244 463.7530102741588 4400.0 4400.0 4400.0 0.0 128.0 128.0 128.0 0.0 1 1 3.0
220000.0 225000.0 5 1 823.4873167397018 45968.50677498476 2272.1452491688815 3282786.167240386 999.969000000041 756.7010000000009 941.1504003906157 105.16218896966656 4400.0 4400.0 4400.0 0.0 128.0 128.0 128.0 0.0 3 3 2.0
225000.0 230000.0 5 1 676.0583871360599 38163.85688252886 1960.8164411172288 2839048.9399944907 997.8830000000307 39.743896484375 805.2369792968966 427.9243344234535 4400.0 4400.0 4400.0 0.0 128.0 128.0 128.0 0.0 3 3 3.0
230000.0 235000.0 6 1 813.0675836922401 44069.00409538478 2322.4476584897984 3356069.6994709168 998.185999999987 34.778076171875 830.2955299479072 390.0515932375006 4400.0 4400.0 4400.0 0.0 128.0 128.0 128.0 0.0 3 3 2.0
235000.0 240000.0 6 1 850.4611098078254 46602.386251654985 2385.444931981419 3446156.6963356766 999.1779999999562 20.738037109375 829.3818268229176 396.3809543378645 4400.0 4400.0 4400.0 0.0 128.0 128.0 128.0 0.0 3 3 3.0
240000.0 245000.0 5 1 670.871480983065 37785.83625710153 1744.5698587623783 2523720.7759354752 997.7449999999953 197.041259765625 781.9220445312792 334.3010335948288 4400.0 4400.0 4400.0 0.0 128.0 128.0 128.0 0.0 2 3 2.0
245000.0 250000.0 6 1 855.7852118015479 46524.02975380655 2373.203675227243 3437229.7015724247 998.8190000000177 187.402099609375 828.8143066406095 323.69685599186084 4400.0 4400.0 4400.0 0.0 128.0 128.0 128.0 0.0 3 2 3.0
250000.0 255000.0 6 1 650.9088808662973 37199.89000264965 1890.388415478459 2735526.084941518 999.9150000000373 65.2099609375 797.4529768880069 366.1346032682727 4400.0 4400.0 4400.0 0.0 128.0 128.0 128.0 0.0 3 3 2.0
255000.0 260000.0 6 1 798.2413514810723 42829.56841781539 2304.5127221255175 3332108.077346554 999.6770000000251 47.56201171875 827.8720084635424 383.0876395088181 4400.0 4400.0 4400.0 0.0 128.0 128.0 128.0 0.0 2 2 3.0
260000.0 265000.0 4 1 477.6059942318921 30226.428339058253 1248.6162968179567 1784515.024402944 999.2380000000121 40.88600000005681 735.6602470703365 465.29894608014195 4400.0 4400.0 4400.0 0.0 128.0 128.0 128.0 0.0 4 4 2.0
265000.0 270000.0 5 1 652.4401609236565 37144.07294735531 1912.2665936115332 2769765.0939239464 999.3649999999907 34.7099609375 804.3523921875051 430.2474570388311 4400.0 4400.0 4400.0 0.0 128.0 128.0 128.0 0.0 3 3 3.0
270000.0 275000.0 6 1 869.9224808797794 47039.13236718069 2405.1619220330504 3485674.6879416695 999.8649999999907 26.158935546875 830.708495768214 394.41977968120045 4400.0 4400.0 4400.0 0.0 128.0 128.0 128.0 0.0 3 3 2.0
275000.0 280000.0 5 1 779.4083821138496 43310.99383635615 2141.0763616230724 3082795.1133778384 999.4100000000326 945.1600000000326 975.9076246093958 25.786433185005546 4400.0 4400.0 4400.0 0.0 128.0 128.0 128.0 0.0 3 3 3.0
280000.0 285000.0 6 1 661.4895760711997 35302.51496188419 1879.6645434307009 2705552.076915974 999.2939999999944 7.0639414062025025 826.3537093099052 401.46828823507144 4400.0 4400.0 4400.0 0.0 128.0 128.0 128.0 0.0 2 2 2.0
285000.0 290000.0 6 1 810.2441844409643 44582.09761910811 2319.1661667425906 3361952.3008048274 999.14300000004 22.755685546901077 829.4239983724159 395.43852618226106 4400.0 4400.0 4400.0 0.0 128.0 128.0 128.0 0.0 3 3 3.0
290000.0 295000.0 6 1 604.1574222884749 33798.36644527901 1595.509131273271 2295941.1912559345 998.7280000000028 4.298095703125 649.0304651692664 489.64624733405424 4400.0 4400.0 4400.0 0.0 128.0 128.0 128.0 0.0 2 3 2.0
295000.0 300000.0 5 1 747.0290511772685 40999.877567758376 2069.850586637457 2992670.4827335766 999.3399999999674 953.5230000000447 984.5304437499959 19.193132652184214 4400.0 4400.0 4400.0 0.0 128.0 128.0 128.0 0.0 3 2 3.0
