ts te nbins ncons c_pkts_all c_bytes_all s_pkts_all s_bytes_all max_bin_duration min_bin_duration avg_bin_duration std_bin_duration max_video_rate min_video_rate avg_video_rate std_video_rate max_audio_rate min_audio_rate avg_audio_rate std_audio_rate video_reqs audio_reqs media_reqs
0.0 5000.0 0 0 0.0 0.0 0.0 0.0 0.0 0.0 0.0 0.0 0.0 0.0 0.0 0.0 0.0 0.0 0.0 0.0 0 0 
5000.0 10000.0 4 1 315.38830789884526 29655.267929729842 734.3374834432892 1020351.7399034698 999.9959999999846 284.2392578125 815.3350644531165 354.1168372197999 1500.0 288.0 692.0 625.8741087471186 128.0 128.0 128.0 0.0 6 6 2.0
10000.0 15000.0 5 1 355.61169210115474 28184.732070270155 664.6625165567108 907109.2600965302 998.960000000021 563.2370000000228 852.3395484375069 202.65399106281765 288.0 288.0 288.0 0.0 128.0 128.0 128.0 0.0 7 7 2.0
15000.0 20000.0 5 1 365.9862413742044 26373.06598350546 595.6202536861929 824721.8203095715 998.6230000000214 859.837890625 969.0577781250119 61.09594281260445 840.0 840.0 840.0 0.0 128.0 128.0 128.0 0.0 4 4 3.0
20000.0 25000.0 6 1 265.0515779726219 17127.200383312087 399.4959983463126 564408.98016774 999.7139999999781 131.66510937502608 819.9161936849123 344.38479714297415 840.0 840.0 840.0 0.0 128.0 128.0 128.0 0.0 2 2 2.0
25000.0 30000.0 6 1 288.132765052035 19275.129878955722 430.72256612590024 596997.2468764759 998.9780000000028 57.650947265618015 780.2165361328128 371.5400925449429 840.0 840.0 840.0 0.0 128.0 128.0 128.0 0.0 3 3 3.0
30000.0 35000.0 6 1 361.70533320821573 22298.89321093894 577.7181251338274 820486.8866520103 999.5030000000261 285.02273046877235 771.5565039062543 310.8913894324465 840.0 840.0 840.0 0.0 128.0 128.0 128.0 0.0 3 3 2.0
35000.0 40000.0 6 1 372.9311256153442 24135.62515583215 849.8510603740581 1218170.4873176573 998.8640000000014 433.2309570311918 820.739277343741 270.08824097857627 8000.0 840.0 5613.333333333333 4133.8279273977205 128.0 128.0 128.0 0.0 3 3 3.0
40000.0 45000.0 6 1 673.2593144998692 39621.59247316882 1684.1448673097198 2431852.2068967186 998.3609999999753 418.262939453125 819.9019970703133 260.18558524075434 8000.0 1500.0 2583.3333333333335 2653.6138880151098 128.0 128.0 128.0 0.0 6 6 2.0
45000.0 50000.0 4 1 484.57552020226217 28367.99654140358 1220.327062719942 1758521.0355063502 998.6280000000261 496.96806054690387 857.7837583008077 242.28743817958653 3000.0 3000.0 3000.0 0.0 128.0 128.0 128.0 0.0 3 3 3.0
50000.0 55000.0 5 1 511.3724393849069 28719.845186132516 1230.881780042727 1773339.0143884174 999.8620000000228 61.046027343778405 719.461223828129 403.2678268851642 3000.0 3000.0 3000.0 0.0 128.0 128.0 128.0 0.0 3 3 2.0
55000.0 60000.0 6 1 671.6956439135125 36133.571342183364 1539.6301643860238 2226613.359304128 999.8130000000237 61.62090820312733 831.3038225911732 378.0417356871543 3000.0 3000.0 3000.0 0.0 128.0 128.0 128.0 0.0 2 2 3.0
60000.0 65000.0 6 1 690.5865066103806 36418.73216642121 1632.1779321761182 2358435.2528406577 998.9619999999995 26.86197265627561 819.2338307291599 390.2329727440499 3000.0 3000.0 3000.0 0.0 128.0 128.0 128.0 0.0 3 3 2.0
65000.0 70000.0 6 1 537.1765796239074 29813.560519591905 1296.6359021145236 1864095.2749394565 999.9400000000023 57.4939882811741 821.2351595051781 377.14462755990075 3000.0 3000.0 3000.0 0.0 128.0 128.0 128.0 0.0 3 3 3.0
70000.0 75000.0 6 1 581.6599940830656 32432.633114235792 1377.7132346024503 1976166.1272665514 999.9619999999995 120.31703124998603 829.1680162760507 351.39876114948623 3000.0 3000.0 3000.0 0.0 128.0 128.0 128.0 0.0 2 2 2.0
75000.0 80000.0 6 1 604.415677147587 31956.750325953646 1395.8501604896962 2006347.051635144 999.4369999999763 129.48393359372858 803.7448095702954 346.7533517460195 3000.0 3000.0 3000.0 0.0 128.0 128.0 128.0 0.0 3 3 3.0
80000.0 85000.0 5 1 411.56995657709564 24554.11420978703 888.4148294022215 1266417.6135484031 997.3239999999641 270.81807617191225 795.3917999999715 297.03437426320926 3000.0 3000.0 3000.0 0.0 128.0 128.0 128.0 0.0 2 2 2.0
85000.0 90000.0 6 1 681.2660636306849 39846.33587241077 1578.9481549483362 2262051.1369921584 998.7710000000079 25.837076171883382 814.5308470052065 389.3472549134876 3000.0 3000.0 3000.0 0.0 128.0 128.0 128.0 0.0 5 5 3.0
90000.0 95000.0 6 1 604.1063482039256 34712.689707666046 1424.8369579273196 2045385.3052496973 999.4160000000265 123.12599414063152 826.6570507812527 349.024502249854 3000.0 3000.0 3000.0 0.0 128.0 128.0 128.0 0.0 3 3 2.0
95000.0 100000.0 6 1 697.5550899049749 40174.641953088605 1539.6119937094493 2222260.8907693867 999.9569999999367 140.29068945313338 817.0834947916446 337.6369457171557 3000.0 3000.0 3000.0 0.0 128.0 128.0 128.0 0.0 2 2 3.0
100000.0 105000.0 5 1 550.4086600525926 32102.76149145755 1250.33475926623 1803238.6760835093 999.3939999999711 95.54972070310032 747.0189378906158 384.4297872654726 3000.0 3000.0 3000.0 0.0 128.0 128.0 128.0 0.0 3 3 2.0
105000.0 110000.0 6 1 816.7673525170317 45984.87382179823 1726.892503168127 2494446.456132857 1000.0 56.840031249972526 830.9568271484362 380.141683664547 3000.0 3000.0 3000.0 0.0 128.0 128.0 128.0 0.0 3 3 3.0
110000.0 115000.0 6 1 697.9643935544862 39298.82568323016 1481.2592985331682 2125019.9324309304 999.5779999999795 63.406068359385245 827.1214964192768 375.6091675857428 3000.0 3000.0 3000.0 0.0 128.0 128.0 128.0 0.0 2 2 2.0
115000.0 120000.0 6 1 635.4407801525274 36138.96626432573 1432.8667521049956 2054629.8937742696 999.6990000000224 57.41108984372113 816.4345052083276 374.2343850394992 3000.0 3000.0 3000.0 0.0 128.0 128.0 128.0 0.0 3 3 3.0
120000.0 125000.0 6 1 647.9695199008092 38234.3475551544 1329.6925224726333 1906450.8766227593 998.070000000007 108.56605859374395 769.9876611328121 344.26059764002787 3000.0 3000.0 3000.0 0.0 128.0 128.0 128.0 0.0 2 2 2.0
125000.0 130000.0 6 1 647.0668425419509 36274.769213884385 1472.7807242192503 2121003.314227542 999.0320000000065 270.05309179687174 810.804676106772 301.29731087538516 3000.0 3000.0 3000.0 0.0 128.0 128.0 128.0 0.0 3 3 3.0
130000.0 135000.0 6 1 713.3659139588627 39879.02834426344 1620.6438057932282 2336951.806011767 999.8190000000177 366.72603515622905 816.0431588541542 278.3919685329138 3000.0 3000.0 3000.0 0.0 128.0 128.0 128.0 0.0 3 3 2.0
135000.0 140000.0 6 1 619.4759334235719 34785.41644599778 1392.8206092509326 2004200.5655863178 998.9619999999995 427.3670820312691 721.367525716157 303.8671176133282 3000.0 3000.0 3000.0 0.0 128.0 128.0 128.0 0.0 2 2 3.0
140000.0 145000.0 5 1 466.7269517568354 27162.029296648907 1092.7713481809642 1574099.0306596186 999.7250000000349 73.07192773441784 801.4245773437549 408.04047948287746 3000.0 3000.0 3000.0 0.0 128.0 128.0 128.0 0.0 2 2 2.0
145000.0 150000.0 6 1 717.9624877743377 41213.38419100494 1701.6519543952732 2457648.691212663 999.7679999999818 58.67004101560451 816.8212194010266 376.1927986920075 3000.0 3000.0 3000.0 0.0 128.0 128.0 128.0 0.0 4 3 3.0
150000.0 155000.0 6 1 724.1287548177658 40557.37833619186 1566.9176823973626 2264722.5642824303 999.7920000000158 149.371724609402 815.2837815755338 335.134096504569 3000.0 3000.0 3000.0 0.0 128.0 128.0 128.0 0.0 2 3 2.0
155000.0 160000.0 6 1 620.5020054449734 35229.81035009496 1348.7678471769054 1942833.1437835528 997.8910000000033 194.34103515627794 764.870847005203 344.55168760089947 3000.0 3000.0 3000.0 0.0 128.0 128.0 128.0 0.0 3 3 3.0
160000.0 165000.0 4 1 465.57795532053285 27961.79084657378 1060.8643771990987 1530087.6925244187 995.2700000000186 517.5789531249902 785.9475512695353 223.24563629948915 3000.0 3000.0 3000.0 0.0 128.0 128.0 128.0 0.0 2 2 2.0
165000.0 170000.0 6 1 774.484522787141 43604.52119291105 1769.4383144258604 2560399.0387850367 998.9510000000009 58.077748046896886 829.9614381510668 379.2218709873306 3000.0 3000.0 3000.0 0.0 128.0 128.0 128.0 0.0 3 3 3.0
170000.0 175000.0 5 1 452.88176809542676 26721.042901981804 1001.8868395361704 1433995.4475552356 996.4060000000172 48.55911914061289 603.7768394531216 501.55215504047345 3000.0 3000.0 3000.0 0.0 128.0 128.0 128.0 0.0 2 2 2.0
175000.0 180000.0 6 1 857.3079380226641 48246.6909112615 1780.6712537263716 2573060.3734097355 998.9639999999781 57.71992187498836 807.7626611328063 371.19076034758007 3000.0 3000.0 3000.0 0.0 128.0 128.0 128.0 0.0 3 3 3.0
180000.0 185000.0 6 1 828.8327992969445 47226.21184321359 1752.2985919741345 2527772.0661673383 999.8169999999809 70.05995507811895 830.3911591796787 373.85734172698324 3000.0 3000.0 3000.0 0.0 128.0 128.0 128.0 0.0 3 3 2.0
185000.0 190000.0 6 1 684.0982719855019 39316.141103147274 1367.5414866987237 1970102.3361810823 999.2970000000205 79.93599999998696 727.7316725260462 379.29125880950585 3000.0 3000.0 3000.0 0.0 128.0 128.0 128.0 0.0 2 2 3.0
190000.0 195000.0 6 1 714.2238162737893 40343.146276937776 1531.2285883706345 2201533.4357749624 999.685999999987 417.65087890625 823.0748072916662 273.51507615467386 3000.0 3000.0 3000.0 0.0 128.0 128.0 128.0 0.0 3 3 2.0
195000.0 200000.0 5 1 493.92475135253585 28736.4755962743 1043.7000192576645 1501521.4940934647 999.2199999999721 262.1339999999618 755.3040417968529 326.82880358944993 3000.0 3000.0 3000.0 0.0 128.0 128.0 128.0 0.0 2 2 3.0
200000.0 205000.0 6 1 792.2747076316477 46152.48012045621 1708.1170428809708 2462351.518860041 998.9050000000279 56.650912109413184 821.1523242187492 375.6342573315543 3000.0 3000.0 3000.0 0.0 128.0 128.0 128.0 0.0 5 5 2.0
205000.0 210000.0 6 1 543.5676963334777 30207.53018860272 1152.2726354764811 1651096.9551799442 999.9980000000214 68.58496679691598 689.0989944661657 477.15650240859077 3000.0 3000.0 3000.0 0.0 128.0 128.0 128.0 0.0 2 2 3.0
210000.0 215000.0 4 1 617.9447078925546 35407.73239025987 1381.8728372005164 1996415.5010307392 999.1829999999609 935.4140625 982.547015624994 31.43677455028861 3000.0 3000.0 3000.0 0.0 128.0 128.0 128.0 0.0 3 3 2.0
215000.0 220000.0 6 1 742.1020567334197 40789.03776150019 1645.8420391995749 2368939.6236985233 999.5280000000494 63.46493749995716 822.3329833984413 373.91771541141134 3000.0 3000.0 3000.0 0.0 128.0 128.0 128.0 0.0 3 3 3.0
220000.0 225000.0 6 1 672.8453274402752 37312.08654057041 1347.9779126405442 1930494.3898769505 999.0579999999609 104.51903710933402 822.7576914062374 354.367953274802 3000.0 3000.0 3000.0 0.0 128.0 128.0 128.0 0.0 2 2 2.0
225000.0 230000.0 6 1 679.7324901479117 37842.35647263191 1490.423874992685 2141834.548070734 998.1870000000345 62.68088867189363 811.6096448567696 370.0832358156664 3000.0 3000.0 3000.0 0.0 128.0 128.0 128.0 0.0 3 3 3.0
230000.0 235000.0 6 1 697.6699910759635 39332.01826372088 1558.018440324197 2248511.4111861805 999.1369999999879 127.75901953119319 828.7603509114512 347.7787636384664 3000.0 3000.0 3000.0 0.0 128.0 128.0 128.0 0.0 3 3 2.0
235000.0 240000.0 5 1 595.163640408383 32988.06609281449 1276.2071659193666 1841436.5025789076 998.48199999996 140.6309140624944 747.3557753906352 366.52052792706974 3000.0 3000.0 3000.0 0.0 128.0 128.0 128.0 0.0 2 2 3.0
240000.0 245000.0 6 1 638.9234834797112 37061.12374918411 1299.3555299556213 1867011.7812609656 999.7929999999469 61.203037109342404 819.5230250650978 374.572412667759 3000.0 3000.0 3000.0 0.0 128.0 128.0 128.0 0.0 3 3 2.0
245000.0 250000.0 6 1 742.5476878490686 40620.50954644489 1628.3009451235362 2354946.475916044 999.9070000000065 121.11088671872858 829.6292958984268 351.24354493253134 3000.0 3000.0 3000.0 0.0 128.0 128.0 128.0 0.0 3 2 3.0
250000.0 255000.0 5 1 513.8490193640984 29491.02437349347 1133.688971658298 1629747.995628944 999.9749999999767 136.18811132817063 649.0838011718821 450.81376868110925 3000.0 3000.0 3000.0 0.0 128.0 128.0 128.0 0.0 2 3 2.0
255000.0 260000.0 6 1 740.4784199081422 40919.724193509996 1620.67327801047 2341716.767840161 999.9120000000112 58.36110546870623 827.1140628255089 378.2262600044279 3000.0 3000.0 3000.0 0.0 128.0 128.0 128.0 0.0 3 3 3.0
260000.0 265000.0 6 1 663.9945489082107 36703.097204103135 1400.9393163752081 2008192.7342092507 998.8279999999795 87.44672851567157 828.2789505208493 364.93820933589404 3000.0 3000.0 3000.0 0.0 128.0 128.0 128.0 0.0 2 2 2.0
265000.0 270000.0 6 1 688.8981690298092 41611.208760435715 1508.4813810343637 2166202.3156675063 999.7839999999851 58.838025390636176 802.0633437500219 372.79355562062426 3000.0 3000.0 3000.0 0.0 128.0 128.0 128.0 0.0 3 3 3.0
270000.0 275000.0 5 1 609.8504577624522 34651.01465133094 1271.218307565619 1831334.9530350938 999.1520000000019 203.06196289067157 832.3067925781477 352.0737783087956 3000.0 3000.0 3000.0 0.0 128.0 128.0 128.0 0.0 2 2 2.0
275000.0 280000.0 5 1 613.4187081964176 35123.0334050497 1399.6460509450278 2014805.4276325863 999.2700000000186 890.156005859375 976.0996011718875 48.061546692889685 3000.0 3000.0 3000.0 0.0 128.0 128.0 128.0 0.0 3 3 3.0
280000.0 285000.0 6 1 787.7448866195707 44296.288336130725 1693.4720373909458 2446354.0366312475 999.8079999999609 108.85199414065573 829.8499944661356 356.52620386910297 3000.0 3000.0 3000.0 0.0 128.0 128.0 128.0 0.0 3 3 2.0
285000.0 290000.0 5 1 570.9800316800967 31652.396802360923 1278.1863530748783 1845812.5846647234 998.4969999999739 120.90602734370623 716.8433832030976 385.2310595717133 3000.0 3000.0 3000.0 0.0 128.0 128.0 128.0 0.0 2 2 3.0
290000.0 295000.0 6 1 697.5966242996438 39593.86054147658 1457.4644905982168 2103686.4403486107 999.9150000000373 64.18911132810172 821.9605169270848 374.30639670225037 3000.0 3000.0 3000.0 0.0 128.0 128.0 128.0 0.0 3 3 2.0
295000.0 300000.0 6 1 685.9642477740133 38348.34434698649 1462.874897986996 2110173.598232782 999.7550000000047 117.20900976564735 803.161669270834 350.51968712175466 3000.0 3000.0 3000.0 0.0 128.0 128.0 128.0 0.0 3 3 3.0
