ts te nbins ncons c_pkts_all c_bytes_all s_pkts_all s_bytes_all max_bin_duration min_bin_duration avg_bin_duration std_bin_duration max_video_rate min_video_rate avg_video_rate std_video_rate max_audio_rate min_audio_rate avg_audio_rate std_audio_rate video_reqs audio_reqs media_reqs
0.0 5000.0 0 0 0.0 0.0 0.0 0.0 0.0 0.0 0.0 0.0 0.0 0.0 0.0 0.0 0.0 0.0 0.0 0.0 0 0 
5000.0 10000.0 2 1 194.39432125602207 16386.882816080844 489.12271675769756 695175.1764089152 999.9870000000228 982.8740234375 991.4305117187614 12.100701773646339 1500.0 1500.0 1500.0 0.0 128.0 128.0 128.0 0.0 2 2 1.0
10000.0 15000.0 6 1 617.6302126317178 39289.83694816883 1514.4790587263965 2179857.1136105238 999.375 14.196976562496275 830.4091624348948 399.9513203954619 1500.0 1500.0 1500.0 0.0 128.0 128.0 128.0 0.0 6 6 3.0
15000.0 20000.0 6 1 578.5509071833364 35709.4248173034 1427.0894543857796 2051805.644579082 999.314000000013 19.37600195314735 819.3116588541694 392.4956484361788 1500.0 1500.0 1500.0 0.0 128.0 128.0 128.0 0.0 4 5 2.0
20000.0 25000.0 6 1 539.5999988877835 29265.787190680043 1395.231956872958 2018057.5325520705 999.7380000000121 38.57804882811615 818.024833333339 383.03826252133894 3000.0 3000.0 3000.0 0.0 128.0 128.0 128.0 0.0 4 3 3.0
25000.0 30000.0 6 1 594.7295909276471 32561.835041186947 1463.0942007124713 2117036.9797877925 998.814000000013 77.0160488281399 827.8498388671918 369.759380888667 3000.0 3000.0 3000.0 0.0 128.0 128.0 128.0 0.0 2 3 2.0
30000.0 35000.0 6 1 629.6103835385007 33720.50135937252 1489.4519073729048 2142725.5160062807 997.4170000000158 94.04501562501537 828.0918476562462 362.01351070858345 3000.0 3000.0 3000.0 0.0 128.0 128.0 128.0 0.0 3 3 3.0
35000.0 40000.0 6 1 504.484102856325 28658.058606442075 1198.902063642016 1724112.2495540997 998.6730000000098 13.762939453125 644.4471448567832 473.38187642615515 3000.0 3000.0 3000.0 0.0 128.0 128.0 128.0 0.0 3 3 2.0
40000.0 45000.0 6 1 638.2571414876124 34157.64059097133 1452.3010875044124 2099740.179056407 999.9280000000144 1.701904296875 827.6589941406273 404.68139328130854 3000.0 3000.0 3000.0 0.0 128.0 128.0 128.0 0.0 2 3 3.0
45000.0 50000.0 5 1 643.3593415361975 34847.8481081261 1522.4281184984832 2201239.416404191 999.2069999999949 992.9480957032065 995.5730410156306 2.4121470957394098 3000.0 3000.0 3000.0 0.0 128.0 128.0 128.0 0.0 3 2 2.0
50000.0 55000.0 6 1 579.5657433030806 31849.603490103123 1315.9104534875587 1899524.190119542 996.0709999999963 2.5748906250228174 710.0346295572914 396.1665453234489 3000.0 3000.0 3000.0 0.0 128.0 128.0 128.0 0.0 3 3 3.0
55000.0 60000.0 6 1 632.2470788748935 35351.4729806341 1474.364190288942 2137001.0950128357 998.2189999999828 308.63099999993574 714.2710341796823 315.5281896652678 3000.0 3000.0 3000.0 0.0 128.0 128.0 128.0 0.0 2 2 2.0
60000.0 65000.0 6 1 599.6872242725076 32698.87144529642 1437.8878049467671 2078280.3993300162 999.8799999999464 377.9541015625 804.5645016275812 286.0250458319744 3000.0 3000.0 3000.0 0.0 128.0 128.0 128.0 0.0 3 3 3.0
65000.0 70000.0 6 1 661.1325225645021 37087.289033258356 1485.7574778534993 2144565.2605826785 998.755999999994 7.476074218691792 723.9149954426879 387.16232001219225 3000.0 3000.0 3000.0 0.0 128.0 128.0 128.0 0.0 3 3 2.0
70000.0 75000.0 5 1 645.058984536253 37727.20022564237 1426.3597871011225 2058056.4135324743 999.5570000000298 992.4719257812249 995.9766378906322 3.0974357173226306 3000.0 3000.0 3000.0 0.0 128.0 128.0 128.0 0.0 2 2 3.0
75000.0 80000.0 6 1 632.1249762259513 35536.87991960404 1497.5834868109923 2157622.930130127 997.6739999999991 6.017736328125466 825.939279622408 401.7511844882952 3000.0 3000.0 3000.0 0.0 128.0 128.0 128.0 0.0 3 3 2.0
80000.0 85000.0 6 1 619.8144532134913 34762.22478937701 1366.8864743795948 1968475.1418193227 999.3490000000456 19.569058593770023 829.0664970703365 396.78550247461834 3000.0 3000.0 3000.0 0.0 128.0 128.0 128.0 0.0 2 2 3.0
85000.0 90000.0 6 1 618.98761623906 35432.88469386321 1341.5241488771028 1929290.7822418232 999.6280000000261 32.300076171872206 825.3808369140703 389.5726551144335 3000.0 3000.0 3000.0 0.0 128.0 128.0 128.0 0.0 3 3 2.0
90000.0 95000.0 6 1 690.7125131290151 39858.23794432758 1535.9463289501068 2213827.066091546 999.8369999999995 71.89605468750233 829.9560260416571 372.63793925476483 3000.0 3000.0 3000.0 0.0 128.0 128.0 128.0 0.0 2 3 3.0
95000.0 100000.0 6 1 620.3777854056013 34072.36567528282 1431.9086226449576 2071973.1936987825 999.2299999999814 19.077880859375 655.85962988281 474.18918992826224 3000.0 3000.0 3000.0 0.0 128.0 128.0 128.0 0.0 3 2 2.0
100000.0 105000.0 5 1 671.9856386155582 39579.768401479116 1391.3723402031046 1998985.8090187747 999.3709999999846 976.950927734375 987.1402093749726 10.439960329832106 3000.0 3000.0 3000.0 0.0 128.0 128.0 128.0 0.0 3 3 3.0
105000.0 110000.0 6 1 652.6894633149436 36098.385922799775 1399.3983199831318 2022307.9104627152 999.2439999999478 21.65907226561103 661.4050120442407 395.71003328009414 3000.0 3000.0 3000.0 0.0 128.0 128.0 128.0 0.0 2 2 2.0
110000.0 115000.0 5 1 690.1614111062178 39261.56186820537 1542.9570094245814 2232210.577684492 999.6429999999236 486.1240234375 896.1180046874913 229.19751700854147 3000.0 3000.0 3000.0 0.0 128.0 128.0 128.0 0.0 3 3 3.0
115000.0 120000.0 5 1 570.3312767642026 34086.6519262692 1279.6583415962857 1838459.7359406287 998.7060000000056 512.2099765624735 802.0384531249874 237.62529069791432 3000.0 3000.0 3000.0 0.0 128.0 128.0 128.0 0.0 3 3 2.0
120000.0 125000.0 5 1 488.5073121295797 26764.786205525426 1068.384648979133 1542924.686374879 999.387999999919 75.29771093750605 633.9211421874818 493.2462791012237 3000.0 3000.0 3000.0 0.0 128.0 128.0 128.0 0.0 1 1 2.0
125000.0 130000.0 5 1 824.4563436314311 47874.08440417315 1755.467300149041 2541373.795716902 999.7669999999925 758.8979492186918 950.9035898437374 107.33574807326858 3000.0 3000.0 3000.0 0.0 128.0 128.0 128.0 0.0 4 4 3.0
130000.0 135000.0 6 1 700.8066701203065 38612.589052265204 1603.0061246040868 2313882.1426434414 998.6680000000051 240.83305078127887 813.7708313801946 305.96120479486484 3000.0 3000.0 3000.0 0.0 128.0 128.0 128.0 0.0 2 2 3.0
135000.0 140000.0 6 1 606.5406376164101 34759.38818726091 1370.9770387337635 1980649.1801234067 999.8520000000135 13.012939453125 667.3108336588581 483.0012650133823 3000.0 3000.0 3000.0 0.0 128.0 128.0 128.0 0.0 3 3 2.0
140000.0 145000.0 5 1 644.1963486318523 36752.938356300736 1425.5495365131087 2059947.8815162494 999.6429999998654 982.6260605468997 993.6782121093478 6.854555281856041 3000.0 3000.0 3000.0 0.0 128.0 128.0 128.0 0.0 3 3 3.0
145000.0 150000.0 5 1 691.5562398698959 37484.82025281449 1566.1170493160014 2266983.955606834 999.335000000021 968.889892578125 990.5147785156266 12.291228241744214 3000.0 3000.0 3000.0 0.0 128.0 128.0 128.0 0.0 2 2 2.0
150000.0 155000.0 6 1 572.6137274091403 32416.356363479732 1296.5844607172426 1872903.6369614364 999.7069999999949 31.107107421848923 713.0363932291511 384.77469755893446 3000.0 3000.0 3000.0 0.0 128.0 128.0 128.0 0.0 3 3 3.0
155000.0 160000.0 6 1 617.3274159422124 35096.158749349015 1377.7940915514077 1989201.2407420592 998.0349999999744 422.99399999994785 733.692963216124 290.6415246911195 3000.0 3000.0 3000.0 0.0 128.0 128.0 128.0 0.0 2 2 2.0
160000.0 165000.0 6 1 739.8426049939371 42355.39300016665 1595.1873912887586 2306935.3097682 999.8890000000247 489.758056640625 829.406504231767 259.8475687000016 3000.0 3000.0 3000.0 0.0 128.0 128.0 128.0 0.0 3 3 3.0
165000.0 170000.0 6 1 664.0027782982817 38817.514254998765 1329.1182794957342 1920168.3044014685 999.7420000000275 2.221923828125 733.587644531246 404.07905199867855 3000.0 3000.0 3000.0 0.0 128.0 128.0 128.0 0.0 2 3 2.0
170000.0 175000.0 5 1 745.3255977590524 42674.55668164893 1605.9031551915832 2319252.2167137554 998.0329999999958 967.685302734375 986.8856757812551 13.310669526364872 3000.0 3000.0 3000.0 0.0 128.0 128.0 128.0 0.0 3 2 3.0
175000.0 180000.0 6 1 628.5094653331755 36217.72462231521 1400.6958324930595 2022074.9150802086 999.7550000000047 30.588697265600786 829.7406057942522 391.86226937534707 3000.0 3000.0 3000.0 0.0 128.0 128.0 128.0 0.0 3 3 2.0
180000.0 185000.0 6 1 598.8451611231253 34518.94971415705 1303.806225864137 1877080.5814963083 999.9589999999152 43.438062499975786 828.0203450520736 385.17395282271565 3000.0 3000.0 3000.0 0.0 128.0 128.0 128.0 0.0 3 3 3.0
185000.0 190000.0 6 1 684.0468743105441 37066.01625213837 1580.194698230373 2285741.358613057 998.9239999999991 59.6559921875014 829.2481803385405 378.19039692714716 3000.0 3000.0 3000.0 0.0 128.0 128.0 128.0 0.0 2 2 2.0
190000.0 195000.0 6 1 606.6264874444578 34916.730280426396 1342.1075133158408 1936218.2120025032 999.109000000055 75.44791015627561 822.5063245442967 367.77223055362975 3000.0 3000.0 3000.0 0.0 128.0 128.0 128.0 0.0 3 3 3.0
195000.0 200000.0 6 1 585.4760250116813 32138.534143058383 1329.2649761227854 1925998.352908939 998.8980000000447 14.29296875 672.452821940106 480.47585222307976 3000.0 3000.0 3000.0 0.0 128.0 128.0 128.0 0.0 2 2 2.0
200000.0 205000.0 6 1 608.1743590741025 36425.318700991775 1384.9826141482324 2000401.8570110516 999.908000000054 2.49609375 830.137520833329 405.4945064572236 3000.0 3000.0 3000.0 0.0 128.0 128.0 128.0 0.0 3 3 3.0
205000.0 210000.0 5 1 581.4457026623488 32301.813460281875 1344.474566376746 1944785.670322944 997.1940000000177 506.14111328125 806.4846039062598 257.8658476306266 3000.0 3000.0 3000.0 0.0 128.0 128.0 128.0 0.0 2 3 2.0
210000.0 215000.0 6 1 644.5978390223916 35830.648271288694 1446.3608135890208 2091229.079220064 999.8610000000335 490.819091796875 829.3018297526093 261.63238661233976 3000.0 3000.0 3000.0 0.0 128.0 128.0 128.0 0.0 3 3 3.0
215000.0 220000.0 5 1 554.5568355959949 31593.443378459873 1243.3079155592197 1792181.0064300548 999.4449999999488 506.51790820318274 829.0193988281302 236.80814804100012 3000.0 3000.0 3000.0 0.0 128.0 128.0 128.0 0.0 2 3 2.0
220000.0 225000.0 6 1 716.0528861496584 39323.02187442478 1628.1004167398578 2357557.3027211158 999.0960000000196 0.6689140625530854 826.6611523437701 404.82086878672123 3000.0 3000.0 3000.0 0.0 128.0 128.0 128.0 0.0 3 3 3.0
225000.0 230000.0 5 1 561.8584641417743 32104.29025899442 1278.8876814275122 1836989.1429161662 999.1550000000279 926.59130859375 980.9906617187429 30.816039372872403 3000.0 3000.0 3000.0 0.0 128.0 128.0 128.0 0.0 3 3 2.0
230000.0 235000.0 6 1 672.2141361055264 37911.20308067198 1519.7938191907397 2189393.7823133483 999.125 68.67969140619971 823.3371139322795 372.23214705149894 3000.0 3000.0 3000.0 0.0 128.0 128.0 128.0 0.0 3 3 3.0
235000.0 240000.0 6 1 644.0140085416473 35079.79556442959 1430.9729363606727 2070801.317263884 999.2140000000363 108.46300781250466 828.6775084635398 356.2973641161121 3000.0 3000.0 3000.0 0.0 128.0 128.0 128.0 0.0 2 2 2.0
240000.0 245000.0 6 1 552.4485738824387 32080.325229799273 1200.2223895538746 1732786.379448794 998.5439999999944 125.8789570312947 687.4239804687483 370.2355932641557 3000.0 3000.0 3000.0 0.0 128.0 128.0 128.0 0.0 2 3 3.0
245000.0 250000.0 6 1 723.4648173286132 39237.38586610474 1643.1231734672008 2376275.378057807 999.7049999999581 304.46907421876676 816.8260123697886 292.9058381811488 3000.0 3000.0 3000.0 0.0 128.0 128.0 128.0 0.0 3 2 2.0
250000.0 255000.0 5 1 606.5161042336763 34568.19845182259 1364.8876814056327 1976035.9134009788 999.859000000055 469.1119999999646 791.6844187499955 284.52782242849196 3000.0 3000.0 3000.0 0.0 128.0 128.0 128.0 0.0 3 3 3.0
255000.0 260000.0 6 1 631.9643394127974 35109.05413802824 1422.677174011742 2060501.6255328716 999.6899999999441 463.327880859375 825.2924645182211 265.638812698526 3000.0 3000.0 3000.0 0.0 128.0 128.0 128.0 0.0 3 3 2.0
260000.0 265000.0 5 1 545.5195563535265 31458.74741014917 1213.4351445826253 1757763.4610661496 998.0370000000112 534.8821191405877 868.4184238281101 202.2691253193013 3000.0 3000.0 3000.0 0.0 128.0 128.0 128.0 0.0 2 2 3.0
265000.0 270000.0 5 1 659.8812135106309 36729.722521254655 1458.8803459939654 2108886.193900056 999.8850000000093 965.305908203125 991.2711816406111 14.620638100423921 3000.0 3000.0 3000.0 0.0 128.0 128.0 128.0 0.0 3 3 2.0
270000.0 275000.0 6 1 680.3499618988496 37309.14252495046 1462.795873765241 2114743.8166322676 999.6629999999423 31.39909179683309 828.4826699218635 390.9255757663319 3000.0 3000.0 3000.0 0.0 128.0 128.0 128.0 0.0 2 2 3.0
275000.0 280000.0 6 1 655.3450444435438 36496.04950875687 1469.710209055032 2117882.839629996 999.2389999999432 46.11907226557378 826.8266979166656 383.3730343670802 3000.0 3000.0 3000.0 0.0 128.0 128.0 128.0 0.0 3 3 2.0
280000.0 285000.0 6 1 663.5113930115849 39958.57210764912 1327.0069816139041 1911067.5118758548 999.1269999999786 67.08388476562686 829.1061279296797 374.6791771276741 3000.0 3000.0 3000.0 0.0 128.0 128.0 128.0 0.0 3 3 3.0
285000.0 290000.0 6 1 792.6058886046471 43887.537121893765 1641.4164369610944 2371813.068700292 998.3059999999823 80.8701171875 829.0063375650983 368.3969586398051 3000.0 3000.0 3000.0 0.0 128.0 128.0 128.0 0.0 2 2 2.0
290000.0 295000.0 6 1 625.0123329124547 36129.81859849915 1366.8260275895525 1975811.8597307354 999.795999999973 36.16109179682098 708.0313938801992 385.973113433781 3000.0 3000.0 3000.0 0.0 128.0 128.0 128.0 0.0 3 3 3.0
295000.0 300000.0 6 1 734.2941656182888 42090.15761699599 1532.3641250212108 2211694.709530798 998.5280000000494 300.3379999999888 797.0306214192727 315.54980325443495 3000.0 3000.0 3000.0 0.0 128.0 128.0 128.0 0.0 2 2 2.0
300000.0 305000.0 0 0 0.0 0.0 0.0 0.0 0.0 0.0 0.0 0.0 0.0 0.0 0.0 0.0 0.0 0.0 0.0 0.0 0 0 
