ts te nbins ncons c_pkts_all c_bytes_all s_pkts_all s_bytes_all max_bin_duration min_bin_duration avg_bin_duration std_bin_duration max_video_rate min_video_rate avg_video_rate std_video_rate max_audio_rate min_audio_rate avg_audio_rate std_audio_rate video_reqs audio_reqs media_reqs
0.0 5000.0 0 0 0.0 0.0 0.0 0.0 0.0 0.0 0.0 0.0 0.0 0.0 0.0 0.0 0.0 0.0 0.0 0.0 0 0 
5000.0 10000.0 3 1 116.75214935886163 17229.516616837707 235.04658826660523 279220.8083317277 973.2440000000024 202.85888671875 714.2589622395839 442.89763959298307 1500.0 288.0 894.0 699.7485262578264 128.0 128.0 128.0 0.0 4 4 1.0
10000.0 15000.0 6 1 214.06970186250663 25131.32034179092 754.9238863026275 928646.9759412325 994.8810000000012 118.761962890625 805.3176793619799 348.08498135139376 288.0 288.0 288.0 0.0 128.0 128.0 128.0 0.0 8 8 3.0
15000.0 20000.0 5 1 161.09930989979372 14851.125666254035 382.15262175386596 463867.17329990026 999.9590000000026 330.1339999999982 829.1119878906247 282.95522870715416 480.0 288.0 432.0 96.0 128.0 128.0 128.0 0.0 4 4 2.0
20000.0 25000.0 6 1 138.88437270860123 13999.811788611098 398.26109413781825 483390.1232776973 995.864999999998 35.1680976562493 789.7175335286447 377.998137581844 480.0 480.0 480.0 0.0 128.0 128.0 128.0 0.0 3 3 3.0
25000.0 30000.0 6 1 138.3204100719161 11639.380408527228 340.5635922666753 407569.0078614839 998.3969999999972 204.9178964843668 788.6739694010381 316.8002566121039 480.0 480.0 480.0 0.0 128.0 128.0 128.0 0.0 2 2 2.0
30000.0 35000.0 5 1 211.58019171641462 16109.104155879566 420.5531344858056 513150.9343046192 996.1999999999971 343.11308007812477 721.5344019531243 324.1590020954148 480.0 480.0 480.0 0.0 128.0 128.0 128.0 0.0 3 3 3.0
35000.0 40000.0 7 2 325.20721033844177 24994.08291290047 591.5985350169661 723844.8429061347 995.7479999999996 88.2470703125 697.0085725446437 413.16025641162094 840.0 480.0 750.0 180.0 128.0 128.0 128.0 0.0 4 4 2.0
40000.0 45000.0 6 1 237.28676193539326 16218.480414603579 517.8456897306014 634901.5619458664 998.288999999997 94.21706249999988 561.3868375651036 432.0072812812411 840.0 840.0 840.0 0.0 128.0 128.0 128.0 0.0 3 3 3.0
45000.0 50000.0 4 1 226.5373244209856 18744.966335799792 644.9450469311366 790573.5000598475 993.5690000000031 328.91203710937407 702.4867587890622 305.7663597742326 1500.0 840.0 1280.0 381.051177665153 128.0 128.0 128.0 0.0 3 3 2.0
50000.0 55000.0 4 1 345.26256768708544 20692.21135879561 995.1098111078982 1236456.0720714903 906.7010000000009 93.15600195313164 651.5025004882846 376.7422979526604 1500.0 1500.0 1500.0 0.0 128.0 128.0 128.0 0.0 3 3 3.0
55000.0 60000.0 4 1 346.78484418934903 21299.20431775793 992.3748304507799 1238446.6720277546 997.2250000000058 865.7109375 964.049734375003 65.56032699505974 2300.0 2300.0 2300.0 0.0 128.0 128.0 128.0 0.0 3 3 2.0
60000.0 65000.0 6 1 471.50123493842165 26934.47790837384 1375.324884216703 1714277.8438797619 998.2649999999994 93.45006249999278 808.7428359374971 360.3217331616222 2300.0 2300.0 2300.0 0.0 128.0 128.0 128.0 0.0 3 3 3.0
65000.0 70000.0 6 1 454.26126975898313 26828.617951393717 1335.3902349235975 1666676.8066039393 999.4199999999983 208.90304687499884 828.8578287760392 316.3941045679643 3000.0 3000.0 3000.0 0.0 128.0 128.0 128.0 0.0 3 3 2.0
70000.0 75000.0 6 1 550.6371269196981 29623.626653791736 1576.5993985272003 1975095.0139300777 999.7899999999936 223.80007421874325 829.4763261718714 311.0486920059683 3000.0 2300.0 2650.0 404.14518843273805 128.0 128.0 128.0 0.0 4 4 3.0
75000.0 80000.0 5 1 392.8155241935481 21501.07316868278 1118.3106518817194 1400526.6635584666 998.8270000000048 232.67611718749686 720.9060234374978 380.74213009631467 2300.0 2300.0 2300.0 0.0 128.0 128.0 128.0 0.0 2 2 2.0
80000.0 85000.0 5 1 550.620954594852 32859.375072262126 1605.7870243212376 2008199.4557934334 998.1189999999915 858.172119140625 955.6966238281253 58.678315140533016 2300.0 2300.0 2300.0 0.0 128.0 128.0 128.0 0.0 4 4 3.0
85000.0 90000.0 6 1 495.79411160037205 29596.375442409175 1418.8396476157811 1766207.5137148574 999.9989999999962 136.74088085937547 785.5428186848949 330.9438869856501 3000.0 2300.0 2766.6666666666665 404.14518843273805 128.0 128.0 128.0 0.0 3 3 2.0
90000.0 95000.0 6 1 578.9072050592335 31419.719141571797 1669.2557071630856 2089491.6918387217 998.0080000000016 242.60996874999546 828.2168102213545 304.89411235266226 3000.0 3000.0 3000.0 0.0 128.0 128.0 128.0 0.0 3 3 3.0
95000.0 100000.0 6 1 509.40562308019383 28693.176155196696 1488.3516214041913 1858831.0718310787 999.3410000000003 261.01210742187686 829.7782005208331 297.8328859324152 3000.0 3000.0 3000.0 0.0 128.0 128.0 128.0 0.0 2 2 2.0
100000.0 105000.0 6 1 529.4666019806621 28939.382877459313 1537.323274459222 1926949.2145669595 998.5429999999906 262.05590429688164 807.9468209635428 296.8245001689045 3000.0 3000.0 3000.0 0.0 128.0 128.0 128.0 0.0 3 3 3.0
105000.0 110000.0 6 1 553.4719022014414 31103.736977353732 1591.8711700440447 1992853.0599664624 999.9789999999921 333.99097851561964 830.3039794921884 279.7696924959096 3000.0 3000.0 3000.0 0.0 128.0 128.0 128.0 0.0 2 2 2.0
110000.0 115000.0 6 1 550.3657380809227 29941.131655125417 1571.3045531532866 1965263.80112311 999.2999999999884 346.94610156249837 828.6975172525999 276.8637587512147 3000.0 3000.0 3000.0 0.0 128.0 128.0 128.0 0.0 3 3 3.0
115000.0 120000.0 6 1 521.9026248089614 29454.52200791439 1539.4542903971294 1927061.6068836164 999.073000000004 362.819998046878 827.9558235677105 274.09123522390166 3000.0 3000.0 3000.0 0.0 128.0 128.0 128.0 0.0 2 2 2.0
120000.0 125000.0 6 1 511.3066785463065 28976.497581467604 1490.460866325757 1867957.3226552138 997.1820000000007 308.5810000000056 682.0602236328123 320.33615796830145 3000.0 3000.0 3000.0 0.0 128.0 128.0 128.0 0.0 3 3 3.0
125000.0 130000.0 5 1 568.7585600470545 29893.083089239753 1637.351845116265 2052385.2616265463 998.5540000000037 501.47171484376304 855.9385429687566 218.7311955094591 3000.0 3000.0 3000.0 0.0 128.0 128.0 128.0 0.0 2 2 2.0
130000.0 135000.0 5 1 663.3574223632326 37608.506392543786 1967.2500435763252 2468178.822917374 997.7960000000021 898.33203125 976.9412062499963 43.95374082977776 3000.0 3000.0 3000.0 0.0 128.0 128.0 128.0 0.0 4 4 3.0
135000.0 140000.0 6 1 596.6471615257688 31830.61773411338 1731.3254097651288 2169759.2953653564 999.820000000007 97.76496875000885 823.3446585286487 359.04934659955336 3000.0 3000.0 3000.0 0.0 128.0 128.0 128.0 0.0 2 2 2.0
140000.0 145000.0 6 1 555.9938744230484 31585.413907566875 1649.3388821808558 2058644.498373182 999.8330000000133 94.91301757813198 800.9663535156287 357.14183629130764 3000.0 3000.0 3000.0 0.0 128.0 128.0 128.0 0.0 3 3 3.0
145000.0 150000.0 6 1 521.4073388305081 29420.736365180728 1487.2760027625268 1859531.6583712962 999.1289999999863 229.58989648436545 828.9339820963505 309.27298518826535 3000.0 3000.0 3000.0 0.0 128.0 128.0 128.0 0.0 2 2 2.0
150000.0 155000.0 6 1 549.0762787895934 29630.084490878304 1589.698801572284 1989886.2119039586 999.9500000000116 242.51600390626118 830.2316481119827 304.082826151631 3000.0 3000.0 3000.0 0.0 128.0 128.0 128.0 0.0 3 3 3.0
155000.0 160000.0 6 1 524.7027543747001 29467.804618818736 1503.0627691457132 1877229.3892290124 999.4539999999979 246.50411523436196 829.1766839192715 303.05081891864984 3000.0 3000.0 3000.0 0.0 128.0 128.0 128.0 0.0 2 2 2.0
160000.0 165000.0 6 1 552.6070765588179 29703.798888908037 1602.7802663868779 2007917.729741421 998.7550000000047 254.14901171874953 828.1280087890578 301.10481400611377 3000.0 3000.0 3000.0 0.0 128.0 128.0 128.0 0.0 3 3 3.0
165000.0 170000.0 6 1 500.79584693225155 29269.449688437544 1413.4229218693317 1766197.0019328212 999.1229999999923 272.22995898438967 819.1813092447943 292.3531129593556 3000.0 2300.0 2533.3333333333335 404.14518843273805 128.0 128.0 128.0 0.0 3 3 2.0
170000.0 175000.0 6 1 443.53780999356195 26338.59319081363 1267.9296227526831 1583750.9331467247 999.6500000000233 299.7341035156278 824.310512044273 290.68937729499225 2300.0 2300.0 2300.0 0.0 128.0 128.0 128.0 0.0 3 3 3.0
175000.0 180000.0 4 1 376.8744362085171 20915.994722738975 1103.9152799882734 1380242.4590188533 999.8090000000375 341.1640312499949 784.7472578125089 310.26381487309567 2300.0 2300.0 2300.0 0.0 128.0 128.0 128.0 0.0 2 2 2.0
180000.0 185000.0 5 1 606.3332178612249 36176.93930417486 1771.8247044958182 2214039.3721064073 998.9230000000098 780.4572753906541 954.2700550781447 97.1777502815269 2300.0 2300.0 2300.0 0.0 128.0 128.0 128.0 0.0 4 4 3.0
185000.0 190000.0 6 1 498.05272719286614 30632.013920253215 1452.3000945597487 1809359.0751479531 999.1469999999972 216.92572460934753 806.7397757161428 304.7957654242702 3000.0 3000.0 3000.0 0.0 128.0 128.0 128.0 0.0 3 3 2.0
190000.0 195000.0 6 1 560.7684679666254 30141.900370879022 1610.8503138347237 2018002.072937274 999.6169999999984 241.46007031248882 828.4516783854197 306.45470771115833 3000.0 3000.0 3000.0 0.0 128.0 128.0 128.0 0.0 3 3 3.0
195000.0 200000.0 6 1 520.7845737979713 30030.243754471263 1484.3345172780341 1854914.6097886844 998.4619999999995 261.2140000000072 827.5871761067732 299.33308809729226 3000.0 3000.0 3000.0 0.0 128.0 128.0 128.0 0.0 2 2 2.0
200000.0 205000.0 6 1 557.2917449548042 30912.630421582347 1598.8006703463482 2003642.1691158065 999.6620000000112 278.9719433593855 829.232472981787 293.8147040144234 3000.0 3000.0 3000.0 0.0 128.0 128.0 128.0 0.0 3 3 3.0
205000.0 210000.0 6 1 530.8676474575622 29598.54959498861 1538.0367289821734 1922197.9833921413 999.8460000000196 289.51710546875256 828.7548398437697 291.5117977741449 3000.0 3000.0 3000.0 0.0 128.0 128.0 128.0 0.0 2 2 2.0
210000.0 215000.0 6 1 541.805641019346 30364.889829933203 1574.6122992878134 1971639.2802795572 999.9590000000026 308.09306640623254 830.1795117187527 285.40554275739015 3000.0 3000.0 3000.0 0.0 128.0 128.0 128.0 0.0 3 4 3.0
215000.0 220000.0 5 1 488.28589395295893 27288.46359363013 1405.8665069913363 1761997.982365016 999.3319999999949 317.0799960937584 798.9600023437582 284.21484560970737 3000.0 3000.0 3000.0 0.0 128.0 128.0 128.0 0.0 2 1 2.0
220000.0 225000.0 6 1 526.983843809157 29855.6024212551 1558.138590882898 1948305.9382761242 993.3850000000093 94.24898437500815 795.9834850260473 348.91237751983203 3000.0 3000.0 3000.0 0.0 128.0 128.0 128.0 0.0 3 3 3.0
225000.0 230000.0 6 1 633.2028594614904 36245.62771756773 1791.688432087896 2239695.285216595 999.1130000000412 169.23607421878842 806.8893867187677 325.7067139554471 3000.0 3000.0 3000.0 0.0 128.0 128.0 128.0 0.0 3 3 2.0
230000.0 235000.0 6 1 662.298139318663 36646.637336811946 1932.1953486344967 2426884.722929929 999.2369999999937 239.9597539062379 827.3041422526003 305.0451764776413 3000.0 3000.0 3000.0 0.0 128.0 128.0 128.0 0.0 3 3 3.0
235000.0 240000.0 6 1 524.0053662985126 29818.78240007177 1510.2509492183824 1884291.4418439656 999.99099999998 257.30890039063524 828.5399869791678 300.41276159237617 3000.0 3000.0 3000.0 0.0 128.0 128.0 128.0 0.0 2 2 2.0
240000.0 245000.0 6 1 561.0838410293621 30938.476551808104 1579.8681662860154 1977608.0257292003 997.9890000000014 273.8499785156455 770.1673238932271 325.9672487936835 3000.0 3000.0 3000.0 0.0 128.0 128.0 128.0 0.0 3 3 3.0
245000.0 250000.0 5 1 496.2360358794559 26561.242782572685 1440.2326771143157 1808631.0408713464 999.9560000000056 558.6260351562523 895.366807031259 190.9930064725666 3000.0 3000.0 3000.0 0.0 128.0 128.0 128.0 0.0 2 2 2.0
250000.0 255000.0 5 1 564.0668160271175 31666.00724647658 1663.2062581706673 2084820.2432801714 998.9480000000331 830.27294921875 964.3983898437466 74.98381699958986 3000.0 3000.0 3000.0 0.0 128.0 128.0 128.0 0.0 3 3 3.0
255000.0 260000.0 6 1 507.00799175252087 28953.551225555744 1468.6078998801215 1838483.157060959 999.7900000000373 165.4760507812607 812.248512369794 325.91742031703114 3000.0 3000.0 3000.0 0.0 128.0 128.0 128.0 0.0 2 2 2.0
260000.0 265000.0 6 1 557.5020913931504 30974.423003807817 1612.4238251175052 2018425.1038531654 999.8649999999907 180.22997656249208 826.5025065104224 327.9655192979103 3000.0 2300.0 2650.0 404.14518843273805 128.0 128.0 128.0 0.0 4 4 3.0
265000.0 270000.0 6 1 383.4838146366033 23729.068797089272 1081.494970619375 1351690.2223792106 998.8719999999739 215.3239375000121 829.9295032552036 313.2846942613938 2300.0 2300.0 2300.0 0.0 128.0 128.0 128.0 0.0 2 2 2.0
270000.0 275000.0 6 1 457.2196024261034 27593.145073243897 1340.5914592876254 1677780.7693422055 999.5389999999898 170.08691796881612 813.0566712239719 334.6037599149441 2300.0 2300.0 2300.0 0.0 128.0 128.0 128.0 0.0 3 3 3.0
275000.0 280000.0 5 1 539.7196837645046 31806.80465382669 1523.6755869247054 1908330.5040842881 998.0729999999749 281.02689062501304 852.1587781250012 319.28459857933706 2300.0 2300.0 2300.0 0.0 128.0 128.0 128.0 0.0 3 3 2.0
280000.0 285000.0 5 1 558.518528724544 33157.9820912915 1631.2762662491052 2038749.6660528607 999.1479999999865 781.02392578125 934.1267851562473 96.14797291024428 3000.0 3000.0 3000.0 0.0 128.0 128.0 128.0 0.0 4 4 3.0
285000.0 290000.0 6 1 516.4766074575324 29480.65473207933 1511.852694271113 1892185.9611770373 999.7550000000047 218.522074218723 821.316162760418 312.77804780426527 3000.0 3000.0 3000.0 0.0 128.0 128.0 128.0 0.0 2 2 2.0
290000.0 295000.0 6 1 530.853169833329 28794.94625191093 1528.9527057853222 1914196.107750364 998.783000000054 261.3370976562728 827.1751969401279 299.42245079664605 3000.0 3000.0 3000.0 0.0 128.0 128.0 128.0 0.0 3 3 3.0
295000.0 300000.0 6 1 514.9047851752858 29424.27353658608 1474.976322857117 1850890.0649011433 999.8499999999767 280.2309160156292 828.636982421866 293.54575974213975 3000.0 3000.0 3000.0 0.0 128.0 128.0 128.0 0.0 2 2 2.0
300000.0 305000.0 1 1 22.24690880930878 1792.1433881321657 52.942010837342416 65905.20011859445 275.10302148439223 275.10302148439223 275.10302148439223 0.0 3000.0 3000.0 3000.0 0.0 128.0 128.0 128.0 0.0 1 1 1.0
