ts te nbins ncons c_pkts_all c_bytes_all s_pkts_all s_bytes_all max_bin_duration min_bin_duration avg_bin_duration std_bin_duration max_video_rate min_video_rate avg_video_rate std_video_rate max_audio_rate min_audio_rate avg_audio_rate std_audio_rate video_reqs audio_reqs media_reqs
0.0 5000.0 0 0 0.0 0.0 0.0 0.0 0.0 0.0 0.0 0.0 0.0 0.0 0.0 0.0 0.0 0.0 0.0 0.0 0 0 
5000.0 10000.0 3 1 1238.0 92516.0 6401.0 9169370.0 989.9810000000289 393.17800000001444 689.1906666666813 298.43018409058044 4400.0 4400.0 4400.0 0.0 128.0 128.0 128.0 0.0 9 9 2.0
10000.0 15000.0 4 1 408.19585048999727 27233.05981823831 3603.389999758999 5175936.250581225 971.6610000000219 333.81396484375 773.1527412109426 299.71401066558883 8000.0 8000.0 8000.0 0.0 128.0 128.0 128.0 0.0 4 4 2.0
15000.0 20000.0 5 1 347.80414951000273 20251.94018176169 3258.610000241001 4686291.749418775 996.414000000048 35.60899999999674 479.9846070312662 461.2013878883824 8000.0 8000.0 8000.0 0.0 128.0 128.0 128.0 0.0 2 2 3.0
20000.0 25000.0 4 1 422.0814664225052 26869.02628007777 3759.175888465292 5388543.35415088 990.9500000000116 771.216064453125 926.4575161132816 104.10269260911556 8000.0 8000.0 8000.0 0.0 128.0 128.0 128.0 0.0 3 3 2.0
25000.0 30000.0 4 1 494.9185335774948 29759.97371992223 4568.824111534708 6572341.64584912 689.7019999999902 89.33900000003632 317.3954838867212 261.23197714367456 8000.0 8000.0 8000.0 0.0 128.0 128.0 128.0 0.0 3 3 3.0
30000.0 35000.0 3 1 343.0 22316.0 3095.0 4441676.0 992.3580000000075 628.082999999926 868.1203333333251 207.9212375067946 8000.0 8000.0 8000.0 0.0 128.0 128.0 128.0 0.0 2 2 2.0
35000.0 40000.0 3 1 446.0 27838.0 4105.0 5898375.0 730.8539999999921 312.57199999992736 575.1033333332938 228.67343737598185 8000.0 8000.0 8000.0 0.0 128.0 128.0 128.0 0.0 3 3 3.0
40000.0 45000.0 2 1 281.0 17724.0 2553.0 3672105.0 297.33699999999953 192.64500000001863 244.99100000000908 74.02842313596854 8000.0 8000.0 8000.0 0.0 128.0 128.0 128.0 0.0 2 2 2.0
45000.0 50000.0 3 1 434.0 28104.0 3982.0 5715599.0 495.84499999991385 196.42399999999907 365.84766666661017 153.55474799015184 8000.0 8000.0 8000.0 0.0 128.0 128.0 128.0 0.0 3 3 3.0
50000.0 55000.0 3 1 385.4232093809951 23748.05126637758 3550.723560308424 5103609.52206842 631.7079999999842 422.46899999998277 496.559976562489 117.22291589135247 8000.0 8000.0 8000.0 0.0 128.0 128.0 128.0 0.0 3 3 2.0
55000.0 60000.0 4 1 400.5767906190049 24707.948733622423 3563.276439691576 5104039.47793158 973.3369999999995 389.86807031248463 705.308767578128 245.0353236711732 8000.0 8000.0 8000.0 0.0 128.0 128.0 128.0 0.0 2 2 3.0
60000.0 65000.0 3 1 463.1733998265667 27944.48668117234 4085.0978832916667 5871003.619469215 733.9259999999776 433.326904296875 626.687301432287 167.78755707001298 8000.0 8000.0 8000.0 0.0 128.0 128.0 128.0 0.0 3 3 2.0
65000.0 70000.0 5 1 350.5556575610747 23085.200413069608 3201.4957027897954 4598748.3646387635 980.8460000000778 244.67599999997765 660.4810074218898 377.24154720532175 8000.0 8000.0 8000.0 0.0 128.0 128.0 128.0 0.0 2 2 3.0
70000.0 75000.0 5 1 409.32564972284285 25190.96644846912 3843.486259719156 5529161.497051187 970.1080000000075 62.181058593676426 633.1428265624796 436.67530114350035 8000.0 8000.0 8000.0 0.0 128.0 128.0 128.0 0.0 3 3 2.0
75000.0 80000.0 4 1 349.9452928895157 21537.346457288935 2994.9201541993825 4266356.5188408345 806.5650000000023 93.57692578126444 399.9169814453053 355.1657201177792 8000.0 8000.0 8000.0 0.0 128.0 128.0 128.0 0.0 2 2 3.0
80000.0 85000.0 2 1 464.0 29474.0 4237.0 6097606.0 714.0189999999711 645.1349999999511 679.5769999999611 48.7083435152683 8000.0 8000.0 8000.0 0.0 128.0 128.0 128.0 0.0 3 3 2.0
85000.0 90000.0 3 1 513.0 33602.0 4319.0 6182683.0 853.2989999999991 584.8510000000242 677.5926666666832 152.24465216331495 8000.0 8000.0 8000.0 0.0 128.0 128.0 128.0 0.0 3 3 3.0
90000.0 95000.0 2 1 306.0 19410.0 2839.0 4083841.0 339.0800000000163 317.420999999973 328.25049999999464 15.315225773750056 8000.0 8000.0 8000.0 0.0 128.0 128.0 128.0 0.0 2 2 2.0
95000.0 100000.0 3 1 476.0 31024.0 4269.0 6133711.0 387.96899999992456 255.71500000008382 335.0273333333316 69.9595538459354 8000.0 8000.0 8000.0 0.0 128.0 128.0 128.0 0.0 3 3 3.0
100000.0 105000.0 3 1 421.1937689737779 26006.612843030875 3872.589242732104 5566944.637033358 601.390000000014 374.9099999999744 470.8666829427045 117.12999934053141 8000.0 8000.0 8000.0 0.0 128.0 128.0 128.0 0.0 3 3 2.0
105000.0 110000.0 3 1 325.8062310262221 22945.387156969125 2919.410757267896 4192465.3629666422 622.0140000000247 156.19095117191318 386.6153170573137 232.9513598962652 8000.0 8000.0 8000.0 0.0 128.0 128.0 128.0 0.0 2 2 3.0
110000.0 115000.0 4 1 423.67547532498304 27542.658242451766 3983.679854582786 5723663.446342807 999.5489999999991 103.05999999999767 567.1994916992116 450.2461103859977 8000.0 8000.0 8000.0 0.0 128.0 128.0 128.0 0.0 3 3 2.0
115000.0 120000.0 5 1 338.32452467501696 21187.341757548234 3014.320145417214 4322038.553657193 998.9870000000228 52.454000000085216 439.077606640663 509.84006519784367 8000.0 8000.0 8000.0 0.0 128.0 128.0 128.0 0.0 2 2 3.0
120000.0 125000.0 3 1 294.0 18126.0 2674.0 3836850.0 997.2140000000363 44.61599999986356 670.0536666666352 541.837395430061 8000.0 8000.0 8000.0 0.0 128.0 128.0 128.0 0.0 2 2 2.0
125000.0 130000.0 4 1 632.5507782311837 38782.0498733831 5752.962623514472 8272376.858440137 999.5370000000112 722.189000000013 905.9592690429708 129.5396051378677 8000.0 8000.0 8000.0 0.0 128.0 128.0 128.0 0.0 4 4 3.0
130000.0 135000.0 3 1 336.4492217688163 20481.950126616903 2961.0373764855276 4228525.141559863 711.5239999999758 72.40192382811802 375.4703079426933 320.8352847920766 8000.0 8000.0 8000.0 0.0 128.0 128.0 128.0 0.0 2 2 2.0
135000.0 140000.0 3 1 439.0 27629.0 3932.0 5641674.0 690.1749999999884 243.07099999999627 439.24033333333983 228.52774012213317 8000.0 8000.0 8000.0 0.0 128.0 128.0 128.0 0.0 3 3 3.0
140000.0 145000.0 2 1 284.0 18531.0 2584.0 3708739.0 567.5229999999865 283.225999999966 425.37449999997625 201.02833657100638 8000.0 8000.0 8000.0 0.0 128.0 128.0 128.0 0.0 2 2 2.0
145000.0 150000.0 3 1 452.0 30336.0 4241.0 6091514.0 638.1410000000033 293.79999999998836 475.906333333347 173.02844685870866 8000.0 8000.0 8000.0 0.0 128.0 128.0 128.0 0.0 3 3 3.0
150000.0 155000.0 3 1 408.52510720661854 25273.734068073718 3763.4015969770635 5411217.486760627 766.3399999999674 437.81396484375 621.000321614556 167.5010962425968 8000.0 8000.0 8000.0 0.0 128.0 128.0 128.0 0.0 3 3 2.0
155000.0 160000.0 4 1 350.47489279338146 23065.265931926282 3257.5984030229365 4680090.513239373 987.5970000000088 56.99099999997998 543.2335087890679 503.68995535579097 8000.0 8000.0 8000.0 0.0 128.0 128.0 128.0 0.0 2 2 3.0
160000.0 165000.0 3 1 475.91939731884986 29017.271972479728 4086.6423347971886 5849322.789507169 968.7110000000102 364.15600000001723 745.4743027343842 331.83434496285776 8000.0 8000.0 8000.0 0.0 128.0 128.0 128.0 0.0 3 3 2.0
165000.0 170000.0 5 1 316.08060268115014 19209.728027520272 2904.3576652028114 4167853.2104928303 999.9859999999753 93.6040917969076 810.1050183593645 400.727350059496 8000.0 8000.0 8000.0 0.0 128.0 128.0 128.0 0.0 2 2 3.0
170000.0 175000.0 4 1 450.0 27303.0 4147.0 5958805.0 994.8260000000009 252.420999999973 718.2362499999872 345.7602268050167 8000.0 8000.0 8000.0 0.0 128.0 128.0 128.0 0.0 3 3 2.0
175000.0 180000.0 3 1 450.0 29235.0 4164.0 5978505.0 973.286999999953 721.6819999999716 809.439333333304 142.01610164459902 8000.0 8000.0 8000.0 0.0 128.0 128.0 128.0 0.0 3 3 3.0
180000.0 185000.0 2 1 485.0 42290.0 2724.0 3872769.0 568.0109999999986 75.90200000000186 321.95650000000023 347.9736109829284 8000.0 8000.0 8000.0 0.0 128.0 128.0 128.0 0.0 2 2 2.0
185000.0 190000.0 3 1 475.0 30010.0 4259.0 6137418.0 471.83400000003166 257.6359999999986 356.15133333334234 108.12600890321066 8000.0 8000.0 8000.0 0.0 128.0 128.0 128.0 0.0 3 3 3.0
190000.0 195000.0 2 1 331.0 21632.0 2857.0 4081216.0 531.813000000082 356.5810000000056 444.1970000000438 123.9077354809351 8000.0 8000.0 8000.0 0.0 128.0 128.0 128.0 0.0 2 2 2.0
195000.0 200000.0 3 1 447.0 27378.0 4180.0 6009800.0 628.9719999999506 265.14100000000326 413.9733333333279 190.72686462667042 8000.0 8000.0 8000.0 0.0 128.0 128.0 128.0 0.0 3 3 3.0
200000.0 205000.0 3 1 416.1299726419169 25456.529919829998 3751.191140866319 5370086.05842131 645.0169999999925 435.351318359375 574.0244394531086 120.10586256052626 8000.0 8000.0 8000.0 0.0 128.0 128.0 128.0 0.0 3 3 2.0
205000.0 210000.0 4 1 350.8700273580831 21397.470080170002 3205.808859133681 4604600.94157869 637.7090000000317 99.90099999995437 292.177420410153 237.82066969988534 8000.0 8000.0 8000.0 0.0 128.0 128.0 128.0 0.0 2 2 3.0
210000.0 215000.0 3 1 315.0 19247.0 2865.0 4110528.0 999.4889999999432 22.974999999976717 672.5753333333026 562.5743610246791 8000.0 8000.0 8000.0 0.0 128.0 128.0 128.0 0.0 2 2 2.0
215000.0 220000.0 4 1 453.97775889326283 38601.97747646016 4058.4908627380087 5812224.783550074 999.8739999999525 152.5230000000447 705.0010263671866 381.2674830034374 8000.0 8000.0 8000.0 0.0 128.0 128.0 128.0 0.0 3 3 3.0
220000.0 225000.0 4 1 452.02224110673717 26656.02252353984 4211.509137261991 6054557.216449926 999.9510000000009 92.92989453126211 612.0437236328144 378.2812800995683 8000.0 8000.0 8000.0 0.0 128.0 128.0 128.0 0.0 3 3 2.0
225000.0 230000.0 3 1 456.6312249162853 29433.358560412664 4196.038228061117 6023776.936936162 907.14404296875 712.8830000000307 813.2223476562649 97.2894028146312 8000.0 8000.0 8000.0 0.0 128.0 128.0 128.0 0.0 3 3 3.0
230000.0 235000.0 3 1 346.3687750837147 22902.641439587336 2986.9617719388834 4276325.063063838 772.9139999999898 48.77995703124907 456.19898567709606 370.490137125521 8000.0 8000.0 8000.0 0.0 128.0 128.0 128.0 0.0 2 2 2.0
235000.0 240000.0 3 1 465.0 30157.0 4151.0 5955111.0 595.23199999996 332.71100000001024 465.1893333333234 131.27744747033577 8000.0 8000.0 8000.0 0.0 128.0 128.0 128.0 0.0 3 3 3.0
240000.0 245000.0 2 1 324.0 19612.0 2943.0 4232096.0 634.9549999999581 257.5799999999581 446.2674999999581 266.84442155027335 8000.0 8000.0 8000.0 0.0 128.0 128.0 128.0 0.0 2 2 2.0
245000.0 250000.0 3 1 439.0 28749.0 3986.0 5724772.0 613.6210000000428 482.0590000000084 552.5890000000363 66.29327993094452 8000.0 8000.0 8000.0 0.0 128.0 128.0 128.0 0.0 3 3 3.0
250000.0 255000.0 2 1 314.0 19037.0 2870.0 4101499.0 613.6419999999925 600.8810000000522 607.2615000000224 9.023389634679386 8000.0 8000.0 8000.0 0.0 128.0 128.0 128.0 0.0 2 2 2.0
255000.0 260000.0 4 1 474.5552520266597 31054.136499780507 4191.682322876185 5993893.08186458 906.77490234375 321.71200000005774 582.017475585948 245.51138128388956 8000.0 8000.0 8000.0 0.0 128.0 128.0 128.0 0.0 3 3 3.0
260000.0 265000.0 5 1 296.4447479733403 17080.863500219493 2730.3176771238145 3922507.9181354204 998.3469999999506 0.0 609.4552195312456 528.7310778714548 8000.0 8000.0 8000.0 0.0 128.0 128.0 128.0 0.0 2 2 2.0
265000.0 270000.0 4 1 655.0 42007.0 5635.0 8048489.0 992.1310000000522 50.305999999982305 684.1257500000065 442.7504406821874 8000.0 8000.0 8000.0 0.0 128.0 128.0 128.0 0.0 4 4 3.0
270000.0 275000.0 2 1 303.0 18557.0 2791.0 4019569.0 701.5400000000373 694.8580000000075 698.1990000000224 4.724887511909584 8000.0 8000.0 8000.0 0.0 128.0 128.0 128.0 0.0 2 2 2.0
275000.0 280000.0 3 1 451.0 29257.0 4141.0 5946672.0 834.51800000004 592.2530000000261 711.0073333333712 121.20251476902183 8000.0 8000.0 8000.0 0.0 128.0 128.0 128.0 0.0 3 3 3.0
280000.0 285000.0 2 1 308.0 19535.0 2817.0 4036511.0 595.408000000054 494.5779999999795 544.9930000000168 71.29757674709226 8000.0 8000.0 8000.0 0.0 128.0 128.0 128.0 0.0 2 2 2.0
285000.0 290000.0 3 1 482.0 30625.0 4217.0 6041642.0 658.3270000000484 238.78700000001118 462.0906666667045 211.0756577636128 8000.0 8000.0 8000.0 0.0 128.0 128.0 128.0 0.0 3 3 3.0
290000.0 295000.0 3 1 409.5048979910862 25212.077476982126 3811.4773458329596 5483814.581728872 629.5760000000009 252.68599999998696 441.8813600260376 188.44948168012743 8000.0 8000.0 8000.0 0.0 128.0 128.0 128.0 0.0 3 3 2.0
295000.0 300000.0 3 1 343.4951020089138 21942.922523017874 3132.5226541670404 4504972.418271128 604.954000000027 154.6409199219197 358.14063997399836 228.25976666553106 8000.0 8000.0 8000.0 0.0 128.0 128.0 128.0 0.0 2 2 3.0
