ts te nbins ncons c_tcp_packs c_tcp_bytes c_udp_packs c_udp_bytes s_tcp_packs s_tcp_bytes s_udp_packs s_udp_bytes max_bins_span min_bins_span avg_bins_span std_bins_span max_video_rate min_video_rate avg_video_rate std_video_rate max_audio_rate min_audio_rate avg_audio_rate std_audio_rate video_requests audio_requests
0 1000 0 0 0 0 0 0 0 0 0 0 0 0 0 0 0 0 0 0 0 0 0 0 0 0
1000 2000 0 0 0 0 0 0 0 0 0 0 0 0 0 0 0 0 0 0 0 0 0 0 0 0
2000 3000 0 0 0 0 0 0 0 0 0 0 0 0 0 0 0 0 0 0 0 0 0 0 0 0
3000 4000 0 0 0 0 0 0 0 0 0 0 0 0 0 0 0 0 0 0 0 0 0 0 0 0
4000 5000 0 0 0 0 0 0 0 0 0 0 0 0 0 0 0 0 0 0 0 0 0 0 0 0
5000 6000 0 0 0 0 0 0 0 0 0 0 0 0 0 0 0 0 0 0 0 0 0 0 0 0
6000 7000 1 1 0 0 50 8085 0 0 139 186565 996 996 996 0 1500 1500 1500 0 128 128 128 0 2 2
7000 8000 2 1 0 0 179 10760 0 0 406 580291 994 2 498 701 1500 1500 1500 0 128 128 128 0 1 1
8000 9000 2 1 0 0 131 7086 0 0 286 409185 632 3 317 444 0 0 0 0 0 0 0 0 0 0
9000 10000 1 1 0 0 169 10454 0 0 323 458054 892 892 892 0 1500 1500 1500 0 128 128 128 0 1 1
10000 11000 1 1 0 0 129 9150 0 0 250 361219 821 821 821 0 1500 1500 1500 0 128 128 128 0 1 1
11000 12000 2 1 0 0 119 6212 0 0 238 344418 807 175 491 446 1500 1500 1500 0 128 128 128 0 1 1
12000 13000 2 1 0 0 156 9918 0 0 332 482504 806 187 497 437 1500 1500 1500 0 128 128 128 0 1 1
13000 14000 2 1 0 0 162 9211 0 0 366 529021 803 192 498 432 1500 1500 1500 0 128 128 128 0 2 2
14000 15000 2 1 0 0 176 10101 0 0 369 534992 803 194 499 430 1500 1500 1500 0 128 128 128 0 1 1
15000 16000 2 1 0 0 158 9459 0 0 333 482201 800 194 497 428 1500 1500 1500 0 128 128 128 0 1 1
16000 17000 2 1 0 0 150 8465 0 0 295 424510 798 198 498 423 1500 1500 1500 0 128 128 128 0 1 1
17000 18000 2 1 0 0 99 6912 0 0 224 320949 789 124 456 470 3000 3000 3000 0 128 128 128 0 2 2
18000 19000 2 1 0 0 133 7239 0 0 300 432805 789 209 499 409 0 0 0 0 0 0 0 0 0 0
19000 20000 2 1 0 0 108 6126 0 0 256 369171 783 208 496 406 3000 3000 3000 0 128 128 128 0 1 1
20000 21000 2 1 0 0 143 7500 0 0 309 444701 783 214 498 401 0 0 0 0 0 0 0 0 0 0
21000 22000 2 1 0 0 78 4279 0 0 159 231504 382 139 261 171 3000 3000 3000 0 128 128 128 0 1 1
22000 23000 2 1 0 0 154 8747 0 0 335 486234 611 381 496 162 0 0 0 0 0 0 0 0 0 0
23000 24000 2 1 0 0 150 8163 0 0 360 520974 612 379 495 164 3000 3000 3000 0 128 128 128 0 1 1
24000 25000 2 1 0 0 139 7211 0 0 308 443986 618 379 498 168 0 0 0 0 0 0 0 0 0 0
25000 26000 2 1 0 0 158 8673 0 0 327 469945 617 375 496 171 3000 3000 3000 0 128 128 128 0 1 1
26000 27000 2 1 0 0 136 7149 0 0 277 400700 623 371 497 178 0 0 0 0 0 0 0 0 0 0
27000 28000 2 1 0 0 120 6880 0 0 252 362941 627 369 498 182 3000 3000 3000 0 128 128 128 0 1 1
28000 29000 2 1 0 0 150 7804 0 0 331 477745 629 368 498 184 0 0 0 0 0 0 0 0 0 0
29000 30000 2 1 0 0 144 8384 0 0 303 435121 624 364 494 183 3000 3000 3000 0 128 128 128 0 1 1
30000 31000 2 1 0 0 156 8484 0 0 338 488607 633 364 498 189 0 0 0 0 0 0 0 0 0 0
31000 32000 2 1 0 0 122 7033 0 0 274 393529 634 357 495 196 3000 3000 3000 0 128 128 128 0 1 1
32000 33000 2 1 0 0 114 5738 0 0 248 357916 551 214 383 238 3000 3000 3000 0 128 128 128 0 1 1
33000 34000 2 1 0 0 131 7762 0 0 301 433780 779 89 434 487 0 0 0 0 0 0 0 0 0 0
34000 35000 2 1 0 0 140 8353 0 0 334 481129 907 89 498 578 3000 3000 3000 0 128 128 128 0 1 1
35000 36000 2 1 0 0 166 7855 0 0 373 541712 910 88 499 581 0 0 0 0 0 0 0 0 0 0
36000 37000 3 2 2 0 109 6893 2 24 223 321837 911 63 353 483 3000 3000 3000 0 128 128 128 0 1 1
37000 38000 2 1 0 0 137 6538 0 0 308 446787 910 85 497 583 0 0 0 0 0 0 0 0 0 0
38000 39000 4 3 2 0 98 6342 2 24 190 271179 913 0 266 433 3000 3000 3000 0 128 128 128 0 1 1
39000 40000 2 1 0 0 131 6261 0 0 284 413317 914 79 497 590 0 0 0 0 0 0 0 0 0 0
40000 41000 3 2 0 0 106 6779 0 0 277 397863 916 0 331 508 3000 3000 3000 0 128 128 128 0 1 1
41000 42000 1 1 0 0 128 5949 0 0 270 392961 905 905 905 0 0 0 0 0 0 0 0 0 0 0
42000 43000 1 1 0 0 140 8412 0 0 347 499341 925 925 925 0 3000 3000 3000 0 128 128 128 0 1 1
43000 44000 2 1 0 0 99 4692 0 0 215 312314 922 72 497 600 0 0 0 0 0 0 0 0 0 0
44000 45000 2 1 0 0 93 6194 0 0 199 286533 918 76 497 594 3000 3000 3000 0 128 128 128 0 1 1
45000 46000 2 1 0 0 150 7076 0 0 359 521544 916 78 497 592 0 0 0 0 0 0 0 0 0 0
46000 47000 2 1 0 0 173 9934 0 0 371 535062 915 81 498 590 3000 3000 3000 0 128 128 128 0 1 1
47000 48000 2 1 0 0 139 6714 0 0 265 380317 870 81 476 558 0 0 0 0 0 0 0 0 0 0
48000 49000 1 1 0 0 45 2902 0 0 97 140983 386 386 386 0 3000 3000 3000 0 128 128 128 0 1 1
49000 50000 2 1 0 0 132 7917 0 0 297 429885 612 374 493 167 0 0 0 0 0 0 0 0 0 0
50000 51000 2 1 0 0 158 8427 0 0 374 540868 624 372 498 178 3000 3000 3000 0 128 128 128 0 1 1
51000 52000 2 1 0 0 145 7541 0 0 342 496050 627 366 497 184 0 0 0 0 0 0 0 0 0 0
52000 53000 2 1 0 0 135 7345 0 0 300 433118 631 366 498 187 3000 3000 3000 0 128 128 128 0 1 1
53000 54000 2 1 0 0 152 7970 0 0 319 460305 633 363 498 190 3000 3000 3000 0 0 0 0 0 1 0
54000 55000 2 1 0 0 157 8406 0 0 353 512086 632 361 497 191 0 0 0 0 128 128 128 0 0 1
55000 56000 1 1 0 0 84 4354 0 0 170 246875 545 545 545 0 0 0 0 0 0 0 0 0 0 0
56000 57000 1 1 0 0 117 7155 0 0 302 438543 882 882 882 0 3000 3000 3000 0 128 128 128 0 1 1
57000 58000 2 1 0 0 107 6543 0 0 206 298083 881 116 499 540 0 0 0 0 0 0 0 0 0 0
58000 59000 2 1 0 0 113 5907 0 0 300 435724 838 116 477 510 3000 3000 3000 0 128 128 128 0 1 1
59000 60000 2 1 0 0 99 5925 0 0 202 290231 837 159 498 479 0 0 0 0 0 0 0 0 0 0
60000 61000 2 1 0 0 155 8262 0 0 357 517721 835 159 497 477 3000 3000 3000 0 128 128 128 0 1 1
61000 62000 2 1 0 0 165 9121 0 0 383 556622 833 164 498 472 3000 3000 3000 0 128 128 128 0 1 1
62000 63000 2 1 0 0 148 8495 0 0 337 488136 833 161 497 474 0 0 0 0 0 0 0 0 0 0
63000 64000 2 1 0 0 119 6982 0 0 283 407934 832 165 498 470 3000 3000 3000 0 128 128 128 0 1 1
64000 65000 2 1 0 0 146 7707 0 0 321 465859 830 166 498 469 0 0 0 0 0 0 0 0 0 0
65000 66000 2 1 0 0 104 6157 0 0 240 344481 810 168 489 453 3000 3000 3000 0 128 128 128 0 1 1
66000 67000 2 1 0 0 139 7562 0 0 300 431819 805 188 497 436 0 0 0 0 0 0 0 0 0 0
67000 68000 2 1 0 0 70 4012 0 0 168 243910 386 66 226 226 3000 3000 3000 0 128 128 128 0 1 1
68000 69000 2 1 0 0 142 8536 0 0 279 394686 611 244 428 259 0 0 0 0 0 0 0 0 0 0
69000 70000 1 1 0 0 56 3246 0 0 142 206847 384 384 384 0 3000 3000 3000 0 128 128 128 0 1 1
70000 71000 2 1 0 0 156 9172 0 0 365 530605 613 384 498 162 0 0 0 0 0 0 0 0 0 0
71000 72000 2 1 0 0 160 9061 0 0 350 508003 612 381 496 163 3000 3000 3000 0 128 128 128 0 1 1
72000 73000 2 1 0 0 134 7151 0 0 311 449271 617 380 499 167 0 0 0 0 0 0 0 0 0 0
73000 74000 2 1 0 0 132 7547 0 0 302 434402 616 380 498 166 3000 3000 3000 0 128 128 128 0 1 1
74000 75000 2 1 0 0 147 7839 0 0 321 462314 615 380 497 166 3000 3000 3000 0 128 128 128 0 1 1
75000 76000 2 1 0 0 133 7747 0 0 277 395481 617 379 498 168 3000 3000 3000 0 0 0 0 0 1 0
76000 77000 2 1 0 0 116 6184 0 0 243 350553 571 214 392 252 0 0 0 0 0 0 0 0 0 0
77000 78000 2 1 0 0 120 7460 0 0 287 412236 784 212 498 404 3000 3000 3000 0 128 128 128 0 1 1
78000 79000 2 1 0 0 150 8083 0 0 322 464577 784 162 473 439 3000 3000 3000 0 128 128 128 0 1 1
79000 80000 2 1 0 0 110 6468 0 0 258 370967 788 161 475 443 0 0 0 0 0 0 0 0 0 0
80000 81000 2 1 0 0 64 3792 0 0 152 216200 836 146 491 488 0 0 0 0 0 0 0 0 0 0
81000 82000 2 1 0 0 118 7147 0 0 255 367639 851 142 497 501 3000 3000 3000 0 128 128 128 0 1 1
82000 83000 2 1 0 0 165 9820 0 0 363 525675 855 142 498 504 3000 3000 3000 0 128 128 128 0 1 1
83000 84000 2 1 0 0 149 7417 0 0 379 550396 856 140 498 505 0 0 0 0 0 0 0 0 0 0
84000 85000 2 1 0 0 119 7520 0 0 257 370635 858 139 499 508 3000 3000 3000 0 128 128 128 0 1 1
85000 86000 2 1 0 0 147 7402 0 0 300 435973 852 138 495 504 0 0 0 0 0 0 0 0 0 0
86000 87000 2 1 0 0 87 5915 0 0 151 214252 855 133 494 510 3000 3000 3000 0 128 128 128 0 1 1
87000 88000 2 1 0 0 145 7223 0 0 354 512720 863 132 498 517 0 0 0 0 0 0 0 0 0 0
88000 89000 2 1 0 0 102 6607 0 0 249 360087 866 131 499 519 3000 3000 3000 0 128 128 128 0 1 1
89000 90000 2 1 0 0 141 7123 0 0 327 474955 863 130 496 518 0 0 0 0 0 0 0 0 0 0
90000 91000 2 1 0 0 93 6208 0 0 205 294617 864 129 497 519 3000 3000 3000 0 128 128 128 0 1 1
91000 92000 2 1 0 0 120 5893 0 0 308 445818 868 128 498 523 0 0 0 0 0 0 0 0 0 0
92000 93000 2 1 0 0 94 6279 0 0 221 319141 870 127 499 525 3000 3000 3000 0 128 128 128 0 1 1
93000 94000 2 1 0 0 143 7231 0 0 307 446585 868 126 497 524 0 0 0 0 0 0 0 0 0 0
94000 95000 2 1 0 0 158 9436 0 0 383 553097 872 125 498 528 3000 3000 3000 0 128 128 128 0 1 1
95000 96000 2 1 0 0 138 6925 0 0 286 413678 862 117 489 526 0 0 0 0 0 0 0 0 0 0
96000 97000 2 1 0 0 53 4350 0 0 138 199862 880 114 497 542 3000 3000 3000 0 128 128 128 0 1 1
97000 98000 2 1 0 0 144 7276 0 0 311 449984 885 113 499 545 0 0 0 0 0 0 0 0 0 0
98000 99000 2 1 0 0 169 10221 0 0 368 533364 882 111 497 544 3000 3000 3000 0 128 128 128 0 1 1
99000 100000 2 1 0 0 152 8966 0 0 330 476900 886 107 496 551 0 0 0 0 0 0 0 0 0 0
100000 101000 2 1 0 0 166 9862 0 0 362 526013 889 105 497 554 3000 3000 3000 0 128 128 128 0 1 1
101000 102000 2 1 0 0 120 6087 0 0 229 330291 892 96 494 562 3000 3000 3000 0 128 128 128 0 1 1
102000 103000 2 1 0 0 171 10183 0 0 372 538689 902 94 498 571 0 0 0 0 0 0 0 0 0 0
103000 104000 1 1 0 0 77 3709 0 0 163 231867 491 491 491 0 0 0 0 0 0 0 0 0 0 0
104000 105000 1 1 0 0 143 8879 0 0 328 476603 886 886 886 0 3000 3000 3000 0 128 128 128 0 1 1
105000 106000 2 1 0 0 89 5712 0 0 205 295777 872 104 488 543 0 0 0 0 0 0 0 0 0 0
106000 107000 2 1 0 0 148 7985 0 0 310 449246 845 115 480 516 3000 3000 3000 0 128 128 128 0 1 1
107000 108000 2 1 0 0 94 5727 0 0 218 314215 843 151 497 489 0 0 0 0 0 0 0 0 0 0
108000 109000 2 1 0 0 130 6979 0 0 351 509818 841 155 498 485 3000 3000 3000 0 128 128 128 0 1 1
109000 110000 2 1 0 0 197 11499 0 0 394 573241 839 155 497 483 3000 3000 3000 0 128 128 128 0 1 1
110000 111000 2 1 0 0 172 9250 0 0 354 514746 836 158 497 479 0 0 0 0 0 0 0 0 0 0
111000 112000 2 1 0 0 106 6355 0 0 249 359275 830 162 496 472 3000 3000 3000 0 128 128 128 0 1 1
112000 113000 2 1 0 0 137 7459 0 0 305 440569 828 169 499 465 0 0 0 0 0 0 0 0 0 0
113000 114000 2 1 0 0 113 6765 0 0 242 349122 827 166 496 467 3000 3000 3000 0 128 128 128 0 1 1
114000 115000 2 1 0 0 157 8675 0 0 311 449473 826 170 498 463 0 0 0 0 0 0 0 0 0 0
115000 116000 2 1 0 0 101 6170 0 0 239 346037 815 163 489 460 3000 3000 3000 0 128 128 128 0 1 1
116000 117000 2 1 0 0 140 7946 0 0 283 405799 793 183 488 431 0 0 0 0 0 0 0 0 0 0
117000 118000 1 1 0 0 58 3309 0 0 152 220904 382 382 382 0 3000 3000 3000 0 128 128 128 0 1 1
118000 119000 2 1 0 0 134 8140 0 0 322 466971 616 379 498 167 0 0 0 0 0 0 0 0 0 0
119000 120000 2 1 0 0 117 7088 0 0 253 367129 616 339 477 195 3000 3000 3000 0 128 128 128 0 1 1
120000 121000 2 1 0 0 163 8418 0 0 358 515066 659 336 498 228 0 0 0 0 0 0 0 0 0 0
121000 122000 1 1 0 0 17 991 0 0 30 42853 96 96 96 0 0 0 0 0 0 0 0 0 0 0
122000 123000 1 1 0 0 98 7359 0 0 248 359240 761 761 761 0 3000 3000 3000 0 128 128 128 0 1 1
123000 124000 2 1 0 0 166 9527 0 0 338 488271 759 235 497 370 0 0 0 0 128 128 128 0 0 1
124000 125000 2 1 0 0 179 10064 0 0 396 575183 757 236 497 368 3000 3000 3000 0 128 128 128 0 1 1
125000 126000 2 1 0 0 170 9591 0 0 325 470128 756 239 498 365 3000 3000 3000 0 0 0 0 0 1 0
126000 127000 2 1 0 0 166 9920 0 0 359 521625 749 236 492 362 0 0 0 0 0 0 0 0 0 0
127000 128000 2 1 0 0 150 7879 0 0 342 496520 749 248 498 354 3000 3000 3000 0 128 128 128 0 1 1
128000 129000 2 1 0 0 160 9380 0 0 358 517528 745 249 497 350 3000 3000 3000 0 128 128 128 0 1 1
129000 130000 2 1 0 0 175 9286 0 0 367 533575 744 253 499 346 0 0 0 0 0 0 0 0 0 0
130000 131000 2 1 0 0 99 6408 0 0 226 324466 739 255 497 342 3000 3000 3000 0 128 128 128 0 1 1
131000 132000 2 1 0 0 125 6678 0 0 247 357084 738 256 497 340 0 0 0 0 0 0 0 0 0 0
132000 133000 2 1 0 0 160 9253 0 0 354 512894 736 256 496 339 3000 3000 3000 0 128 128 128 0 1 1
133000 134000 2 1 0 0 151 7979 0 0 319 458790 734 263 499 333 0 0 0 0 0 0 0 0 0 0
134000 135000 2 1 0 0 45 2639 0 0 96 137173 216 144 180 50 0 0 0 0 0 0 0 0 0 0
135000 136000 2 1 0 0 118 7639 0 0 262 374907 776 175 475 425 3000 3000 3000 0 128 128 128 0 1 1
136000 137000 2 1 0 0 172 10230 0 0 391 565486 822 170 496 460 3000 3000 3000 0 128 128 128 0 1 1
137000 138000 2 1 0 0 136 6978 0 0 317 459143 827 170 499 464 0 0 0 0 0 0 0 0 0 0
138000 139000 2 1 0 0 83 5705 0 0 176 254611 827 169 498 465 3000 3000 3000 0 128 128 128 0 1 1
139000 140000 2 1 0 0 155 7909 0 0 314 455988 790 86 438 497 0 0 0 0 0 0 0 0 0 0
140000 141000 2 1 0 0 141 8580 0 0 327 473695 910 86 498 582 3000 3000 3000 0 128 128 128 0 1 1
141000 142000 2 1 0 0 151 7664 0 0 314 455459 905 73 489 587 0 0 0 0 0 0 0 0 0 0
142000 143000 2 1 0 0 51 4322 0 0 148 213979 925 72 498 603 3000 3000 3000 0 128 128 128 0 1 1
143000 144000 2 1 0 0 148 7439 0 0 334 485291 927 68 498 607 0 0 0 0 0 0 0 0 0 0
144000 145000 2 1 0 0 73 5353 0 0 174 249304 930 65 497 611 3000 3000 3000 0 128 128 128 0 1 1
145000 146000 2 1 0 0 126 6179 0 0 289 417886 933 64 499 614 0 0 0 0 0 0 0 0 0 0
146000 147000 2 1 0 0 159 9552 0 0 360 520405 930 61 496 614 3000 3000 3000 0 128 128 128 0 1 1
147000 148000 1 1 0 0 129 6281 0 0 287 414275 898 898 898 0 0 0 0 0 0 0 0 0 0 0
148000 149000 1 1 0 0 132 8032 0 0 348 505436 883 883 883 0 3000 3000 3000 0 128 128 128 0 1 1
149000 150000 2 1 0 0 97 6231 0 0 193 278240 878 116 497 539 0 0 0 0 0 0 0 0 0 0
150000 151000 2 1 0 0 150 8066 0 0 353 513051 836 118 477 507 3000 3000 3000 0 128 128 128 0 1 1
151000 152000 2 1 0 0 98 5996 0 0 209 301823 836 161 498 477 0 0 0 0 0 0 0 0 0 0
152000 153000 2 1 0 0 153 8313 0 0 351 509832 835 163 499 474 3000 3000 3000 0 128 128 128 0 1 1
153000 154000 2 1 0 0 98 6008 0 0 200 282260 835 162 499 475 0 0 0 0 0 0 0 0 0 0
154000 155000 2 1 0 0 140 7537 0 0 340 492520 834 160 497 476 3000 3000 3000 0 128 128 128 0 1 1
155000 156000 2 1 0 0 105 6486 0 0 206 296481 832 159 496 475 0 0 0 0 0 0 0 0 0 0
156000 157000 2 1 0 0 154 8302 0 0 375 545203 830 165 498 470 3000 3000 3000 0 128 128 128 0 1 1
157000 158000 2 1 0 0 81 6265 0 0 206 294870 829 168 498 467 3000 3000 3000 0 128 128 128 0 1 1
158000 159000 2 1 0 0 128 7200 0 0 281 406950 825 170 497 463 0 0 0 0 0 0 0 0 0 0
159000 160000 2 1 0 0 169 9553 0 0 372 537604 825 173 499 460 3000 3000 3000 0 128 128 128 0 1 1
160000 161000 2 1 0 0 180 9701 0 0 387 562629 824 170 497 462 0 0 0 0 0 0 0 0 0 0
161000 162000 2 1 0 0 90 6251 0 0 189 270641 823 171 497 460 3000 3000 3000 0 128 128 128 0 1 1
162000 163000 2 1 0 0 139 7575 0 0 311 450346 820 175 497 456 0 0 0 0 0 0 0 0 0 0
163000 164000 2 1 0 0 123 7153 0 0 259 374587 817 179 498 451 3000 3000 3000 0 128 128 128 0 1 1
164000 165000 2 1 0 0 145 7712 0 0 366 532380 816 175 495 453 0 0 0 0 0 0 0 0 0 0
165000 166000 2 1 0 0 153 8541 0 0 361 522480 816 179 497 450 3000 3000 3000 0 128 128 128 0 1 1
166000 167000 2 1 0 0 151 8230 0 0 319 459608 734 181 458 390 0 0 0 0 0 0 0 0 0 0
167000 168000 1 1 0 0 47 2810 0 0 122 178119 390 390 390 0 3000 3000 3000 0 128 128 128 0 1 1
168000 169000 2 1 0 0 136 8241 0 0 313 454177 608 389 499 154 0 0 0 0 0 0 0 0 0 0
169000 170000 2 1 0 0 157 8993 0 0 336 487344 608 388 498 155 3000 3000 3000 0 128 128 128 0 1 1
170000 171000 2 1 0 0 129 6880 0 0 281 397988 610 242 426 259 0 0 0 0 0 0 0 0 0 0
171000 172000 1 1 0 0 47 2765 0 0 123 180042 381 381 381 0 3000 3000 3000 0 128 128 128 0 1 1
172000 173000 2 1 0 0 137 8131 0 0 347 503330 618 380 499 167 0 0 0 0 0 0 0 0 0 0
173000 174000 2 1 0 0 156 8682 0 0 361 522414 617 378 498 169 3000 3000 3000 0 128 128 128 0 1 1
174000 175000 2 1 0 0 121 6230 0 0 273 392642 586 215 400 261 3000 3000 3000 0 128 128 128 0 1 1
175000 176000 2 1 0 0 143 8585 0 0 344 495013 781 214 497 400 0 0 0 0 0 0 0 0 0 0
176000 177000 2 1 0 0 130 7161 0 0 261 374079 782 185 483 422 3000 3000 3000 0 128 128 128 0 1 1
177000 178000 2 1 0 0 135 7752 0 0 289 416002 806 181 494 442 0 0 0 0 0 0 0 0 0 0
178000 179000 2 1 0 0 77 4695 0 0 163 232012 816 169 492 457 3000 3000 3000 0 128 128 128 0 1 1
179000 180000 2 1 0 0 169 10169 0 0 376 543228 830 163 497 471 0 0 0 0 0 0 0 0 0 0
180000 181000 2 1 0 0 102 5819 0 0 211 302300 783 155 469 444 0 0 0 0 0 0 0 0 0 0
181000 182000 2 1 0 0 150 9152 0 0 318 456132 843 155 499 486 3000 3000 3000 0 128 128 128 0 1 1
182000 183000 2 1 0 0 170 10488 0 0 353 510693 844 147 495 493 3000 3000 3000 0 128 128 128 0 1 1
183000 184000 2 1 0 0 172 9185 0 0 347 503848 847 146 497 495 0 0 0 0 0 0 0 0 0 0
184000 185000 2 1 0 0 116 7414 0 0 230 332091 850 145 498 498 3000 3000 3000 0 128 128 128 0 1 1
185000 186000 2 1 0 0 184 9986 0 0 348 505459 854 125 489 515 0 0 0 0 0 0 0 0 0 0
186000 187000 2 1 0 0 169 10165 0 0 430 623813 871 123 497 528 3000 3000 3000 0 128 128 128 0 1 1
187000 188000 2 1 0 0 177 9496 0 0 335 486573 869 122 495 527 0 0 0 0 0 0 0 0 0 0
188000 189000 2 1 0 0 68 5065 0 0 125 180145 871 120 496 531 3000 3000 3000 0 128 128 128 0 1 1
189000 190000 2 1 0 0 158 8143 0 0 332 482246 879 119 499 536 0 0 0 0 0 0 0 0 0 0
190000 191000 2 1 0 0 125 8550 0 0 218 312571 879 119 499 537 3000 3000 3000 0 128 128 128 0 1 1
191000 192000 2 1 0 0 169 8780 0 0 379 550610 880 115 497 540 0 0 0 0 0 0 0 0 0 0
192000 193000 2 1 0 0 78 5644 0 0 178 256944 883 110 496 547 3000 3000 3000 0 128 128 128 0 1 1
193000 194000 2 1 0 0 164 8913 0 0 350 507832 885 108 497 549 0 0 0 0 0 0 0 0 0 0
194000 195000 2 1 0 0 163 9746 0 0 384 555253 888 108 498 551 3000 3000 3000 0 128 128 128 0 1 1
195000 196000 2 1 0 0 184 9817 0 0 365 528306 888 106 497 552 3000 3000 3000 0 128 128 128 0 1 1
196000 197000 2 1 0 0 152 9238 0 0 356 514651 892 100 496 559 0 0 0 0 0 0 0 0 0 0
197000 198000 1 1 0 0 96 4959 0 0 183 261903 567 567 567 0 0 0 0 0 0 0 0 0 0 0
198000 199000 1 1 0 0 133 8380 0 0 315 457760 890 890 890 0 3000 3000 3000 0 128 128 128 0 1 1
199000 200000 2 1 0 0 67 4073 0 0 127 183594 889 106 498 553 0 0 0 0 0 0 0 0 0 0
200000 201000 2 1 0 0 145 8345 0 0 357 519255 888 107 497 552 3000 3000 3000 0 128 128 128 0 1 1
201000 202000 2 1 0 0 78 4462 0 0 159 229641 881 110 496 545 0 0 0 0 0 0 0 0 0 0
202000 203000 2 1 0 0 146 8308 0 0 367 533565 878 114 496 540 3000 3000 3000 0 128 128 128 0 1 1
203000 204000 2 1 0 0 155 8793 0 0 383 556684 876 118 497 535 3000 3000 3000 0 128 128 128 0 1 1
204000 205000 2 1 0 0 117 6355 0 0 281 407907 875 118 497 535 0 0 0 0 0 0 0 0 0 0
205000 206000 2 1 0 0 112 6646 0 0 246 351181 873 121 497 531 3000 3000 3000 0 128 128 128 0 1 1
206000 207000 2 1 0 0 127 7721 0 0 245 354902 872 120 496 531 0 0 0 0 0 0 0 0 0 0
207000 208000 2 1 0 0 157 9033 0 0 369 534424 859 127 493 517 3000 3000 3000 0 128 128 128 0 1 1
208000 209000 2 1 0 0 153 8293 0 0 319 454166 780 137 459 454 0 0 0 0 0 0 0 0 0 0
209000 210000 1 1 0 0 43 2619 0 0 104 152444 379 379 379 0 3000 3000 3000 0 128 128 128 0 1 1
210000 211000 2 1 0 0 125 7144 0 0 301 434865 618 377 498 170 0 0 0 0 0 0 0 0 0 0
211000 212000 2 1 0 0 109 6079 0 0 273 393757 393 360 376 23 3000 3000 3000 0 128 128 128 0 1 1
212000 213000 2 1 0 0 136 8295 0 0 313 453839 638 358 498 197 0 0 0 0 0 0 0 0 0 0
213000 214000 2 1 0 0 121 7329 0 0 251 362166 625 335 480 205 3000 3000 3000 0 128 128 128 0 1 1
214000 215000 2 1 0 0 129 7001 0 0 305 442569 663 330 497 235 0 0 0 0 0 0 0 0 0 0
215000 216000 2 1 0 0 103 6633 0 0 186 269797 665 329 497 237 3000 3000 3000 0 128 128 128 0 1 1
216000 217000 2 1 0 0 135 7312 0 0 298 431718 665 324 495 241 0 0 0 0 0 0 0 0 0 0
217000 218000 2 1 0 0 157 8976 0 0 369 534256 671 322 497 247 3000 3000 3000 0 128 128 128 0 1 1
218000 219000 2 1 0 0 125 6717 0 0 279 405070 672 322 497 247 0 0 0 0 0 0 0 0 0 0
219000 220000 2 1 0 0 81 5274 0 0 189 272139 677 321 499 251 3000 3000 3000 0 128 128 128 0 1 1
220000 221000 2 1 0 0 157 8324 0 0 359 520478 673 320 496 249 0 0 0 0 0 0 0 0 0 0
221000 222000 2 1 0 0 161 9263 0 0 366 530645 679 313 496 258 3000 3000 3000 0 128 128 128 0 1 1
222000 223000 2 1 0 0 144 7492 0 0 331 479775 686 312 499 264 3000 3000 3000 0 128 128 128 0 1 1
223000 224000 2 1 0 0 128 7704 0 0 270 390019 685 165 425 367 0 0 0 0 0 0 0 0 0 0
224000 225000 2 1 0 0 117 6579 0 0 249 356228 827 152 490 477 3000 3000 3000 0 128 128 128 0 1 1
225000 226000 2 1 0 0 143 8167 0 0 341 491380 845 149 497 491 0 0 0 0 0 0 0 0 0 0
226000 227000 2 1 0 0 116 6799 0 0 213 303617 828 149 489 479 3000 3000 3000 0 128 128 128 0 1 1
227000 228000 2 1 0 0 147 8533 0 0 346 499635 849 149 499 494 0 0 0 0 0 0 0 0 0 0
228000 229000 2 1 0 0 94 5520 0 0 159 227048 848 126 487 510 0 0 0 0 0 0 0 0 0 0
229000 230000 2 1 0 0 124 7402 0 0 298 430191 870 121 495 529 3000 3000 3000 0 128 128 128 0 1 1
230000 231000 2 1 0 0 154 9391 0 0 330 469417 877 117 497 537 3000 3000 3000 0 128 128 128 0 1 1
231000 232000 2 1 0 0 132 6502 0 0 316 459714 880 110 495 544 0 0 0 0 0 0 0 0 0 0
232000 233000 2 1 0 0 102 6663 0 0 256 368710 886 109 498 549 3000 3000 3000 0 128 128 128 0 1 1
233000 234000 1 1 0 0 134 6568 0 0 287 417174 860 860 860 0 0 0 0 0 0 0 0 0 0 0
234000 235000 1 1 0 0 140 8525 0 0 345 498723 890 890 890 0 3000 3000 3000 0 128 128 128 0 1 1
235000 236000 2 1 0 0 146 7284 0 0 308 444417 872 101 487 545 0 0 0 0 0 0 0 0 0 0
236000 237000 1 1 0 0 58 3527 0 0 152 221638 385 385 385 0 3000 3000 3000 0 128 128 128 0 1 1
237000 238000 2 1 0 0 135 8590 0 0 326 472819 611 379 495 164 0 0 0 0 0 0 0 0 0 0
238000 239000 2 1 0 0 99 6098 0 0 212 304939 432 331 382 71 3000 3000 3000 0 128 128 128 0 1 1
239000 240000 2 1 0 0 153 8401 0 0 358 515662 667 330 498 238 0 0 0 0 0 0 0 0 0 0
240000 241000 2 1 0 0 163 9093 0 0 368 533050 666 328 497 239 3000 3000 3000 0 128 128 128 0 1 1
241000 242000 2 1 0 0 159 8742 0 0 327 471833 670 326 498 243 0 0 0 0 0 0 0 0 0 0
242000 243000 2 1 0 0 127 7159 0 0 284 405922 669 326 498 242 3000 3000 3000 0 128 128 128 0 1 1
243000 244000 2 1 0 0 122 6486 0 0 293 421213 672 321 497 247 0 0 0 0 0 0 0 0 0 0
244000 245000 2 1 0 0 124 7655 0 0 284 404426 677 321 499 252 3000 3000 3000 0 128 128 128 0 1 1
245000 246000 2 1 0 0 152 8453 0 0 350 507951 676 320 498 251 0 0 0 0 0 0 0 0 0 0
246000 247000 2 1 0 0 123 7171 0 0 282 407945 678 320 499 253 3000 3000 3000 0 128 128 128 0 1 1
247000 248000 2 1 0 0 134 7459 0 0 295 427974 672 319 496 249 0 0 0 0 0 0 0 0 0 0
248000 249000 2 1 0 0 109 6365 0 0 244 352677 676 317 497 254 3000 3000 3000 0 128 128 128 0 1 1
249000 250000 2 1 0 0 99 5613 0 0 198 284903 649 302 475 245 0 0 0 0 0 0 0 0 0 0
250000 251000 2 1 0 0 71 4806 0 0 148 210113 693 300 497 277 3000 3000 3000 0 128 128 128 0 1 1
251000 252000 2 1 0 0 155 8556 0 0 363 526524 697 285 491 291 0 0 0 0 128 128 128 0 0 1
252000 253000 2 1 0 0 151 7916 0 0 360 518769 713 285 499 302 3000 3000 3000 0 0 0 0 0 1 0
253000 254000 1 1 0 0 99 5212 0 0 206 297827 635 635 635 0 0 0 0 0 0 0 0 0 0 0
254000 255000 1 1 0 0 101 6674 0 0 219 317305 891 891 891 0 3000 3000 3000 0 128 128 128 0 1 1
255000 256000 2 1 0 0 146 8503 0 0 317 458623 891 101 496 558 3000 3000 3000 0 128 128 128 0 1 1
256000 257000 2 1 0 0 122 6620 0 0 286 414577 868 82 475 555 0 0 0 0 0 0 0 0 0 0
257000 258000 2 1 0 0 167 9581 0 0 394 570919 867 129 498 521 3000 3000 3000 0 128 128 128 0 1 1
258000 259000 2 1 0 0 154 8703 0 0 301 433519 866 128 497 522 0 0 0 0 0 0 0 0 0 0
259000 260000 2 1 0 0 80 4680 0 0 172 249722 383 81 232 213 3000 3000 3000 0 128 128 128 0 1 1
260000 261000 2 1 0 0 172 10275 0 0 375 540111 615 379 497 167 0 0 0 0 0 0 0 0 0 0
261000 262000 2 1 0 0 170 9740 0 0 368 526715 618 373 496 173 3000 3000 3000 0 128 128 128 0 1 1
262000 263000 2 1 0 0 122 7001 0 0 254 365433 623 372 498 177 0 0 0 0 0 0 0 0 0 0
263000 264000 2 1 0 0 70 4726 0 0 147 209219 610 344 477 188 3000 3000 3000 0 128 128 128 0 1 1
264000 265000 2 1 0 0 159 8503 0 0 377 546749 649 342 496 217 0 0 0 0 0 0 0 0 0 0
265000 266000 2 1 0 0 171 9701 0 0 362 519824 657 340 499 223 3000 3000 3000 0 128 128 128 0 1 1
266000 267000 2 1 0 0 136 7180 0 0 282 402340 637 213 425 299 0 0 0 0 0 0 0 0 0 0
267000 268000 2 1 0 0 123 7819 0 0 282 405810 782 212 497 403 3000 3000 3000 0 128 128 128 0 1 1
268000 269000 2 1 0 0 134 7590 0 0 260 374614 783 177 480 428 0 0 0 0 0 0 0 0 0 0
269000 270000 2 1 0 0 118 7017 0 0 269 387688 820 171 496 458 3000 3000 3000 0 128 128 128 0 1 1
270000 271000 2 1 0 0 158 8686 0 0 334 483823 827 170 498 464 3000 3000 3000 0 128 128 128 0 1 1
271000 272000 2 1 0 0 157 9010 0 0 338 488482 826 168 497 464 0 0 0 0 0 0 0 0 0 0
272000 273000 2 1 0 0 122 6562 0 0 302 434334 830 166 498 469 0 0 0 0 0 0 0 0 0 0
273000 274000 2 1 0 0 112 6590 0 0 278 401597 832 160 496 475 3000 3000 3000 0 128 128 128 0 1 1
274000 275000 2 1 0 0 135 7403 0 0 266 382789 828 155 491 475 3000 3000 3000 0 128 128 128 0 1 1
275000 276000 2 1 0 0 145 8472 0 0 336 487212 841 151 496 487 0 0 0 0 0 0 0 0 0 0
276000 277000 2 1 0 0 144 9002 0 0 304 440449 846 150 498 492 3000 3000 3000 0 128 128 128 0 1 1
277000 278000 2 1 0 0 164 8334 0 0 375 544826 847 150 498 492 0 0 0 0 0 0 0 0 0 0
278000 279000 2 1 0 0 116 7455 0 0 209 301189 849 147 498 495 3000 3000 3000 0 128 128 128 0 1 1
279000 280000 2 1 0 0 152 7771 0 0 340 493287 851 145 498 499 0 0 0 0 0 0 0 0 0 0
280000 281000 2 1 0 0 88 5981 0 0 205 295088 853 143 498 501 3000 3000 3000 0 128 128 128 0 1 1
281000 282000 2 1 0 0 143 7444 0 0 294 427176 829 130 479 494 0 0 0 0 0 0 0 0 0 0
282000 283000 2 1 0 0 109 6970 0 0 281 405996 869 125 497 526 3000 3000 3000 0 128 128 128 0 1 1
283000 284000 2 1 0 0 130 6471 0 0 300 435257 871 124 497 528 0 0 0 0 0 0 0 0 0 0
284000 285000 2 1 0 0 110 7073 0 0 241 348192 872 120 496 531 3000 3000 3000 0 128 128 128 0 1 1
285000 286000 2 1 0 0 170 8732 0 0 349 506045 877 120 498 535 0 0 0 0 0 0 0 0 0 0
286000 287000 2 1 0 0 111 7314 0 0 222 318045 879 115 497 540 3000 3000 3000 0 128 128 128 0 1 1
287000 288000 2 1 0 0 162 8212 0 0 364 528956 882 114 498 543 0 0 0 0 0 0 0 0 0 0
288000 289000 2 1 0 0 154 9216 0 0 342 490223 884 108 496 549 3000 3000 3000 0 128 128 128 0 1 1
289000 290000 1 1 0 0 139 6885 0 0 282 407855 813 813 813 0 0 0 0 0 0 0 0 0 0 0
290000 291000 1 1 0 0 62 3825 0 0 151 219340 385 385 385 0 3000 3000 3000 0 128 128 128 0 1 1
291000 292000 2 1 0 0 170 10249 0 0 380 547763 609 383 496 159 0 0 0 0 0 0 0 0 0 0
292000 293000 2 1 0 0 178 10256 0 0 354 506132 614 382 498 163 3000 3000 3000 0 128 128 128 0 1 1
293000 294000 1 1 0 0 93 5073 0 0 183 264954 549 549 549 0 0 0 0 0 0 0 0 0 0 0
294000 295000 1 1 0 0 184 11286 0 0 386 558307 886 886 886 0 3000 3000 3000 0 128 128 128 0 1 1
295000 296000 2 1 0 0 86 4592 0 0 162 232426 403 110 257 207 0 0 0 0 0 0 0 0 0 0
296000 297000 1 1 0 0 168 10487 0 0 366 531453 880 880 880 0 3000 3000 3000 0 128 128 128 0 1 1
297000 298000 2 1 0 0 166 9602 0 0 347 501387 879 115 497 540 3000 3000 3000 0 128 128 128 0 1 1
298000 299000 2 1 0 0 174 9579 0 0 382 554445 873 115 494 535 0 0 0 0 0 0 0 0 0 0
299000 300000 2 1 0 0 47 3574 0 0 82 116997 866 125 496 524 0 0 0 0 0 0 0 0 0 0
300000 301000 1 1 0 0 3 312 0 0 4 6047 115 115 115 0 3000 3000 3000 0 128 128 128 0 1 1
