ts te nbins ncons c_tcp_packs c_tcp_bytes c_udp_packs c_udp_bytes s_tcp_packs s_tcp_bytes s_udp_packs s_udp_bytes max_bins_span min_bins_span avg_bins_span std_bins_span max_video_rate min_video_rate avg_video_rate std_video_rate max_audio_rate min_audio_rate avg_audio_rate std_audio_rate video_requests audio_requests
0 1000 0 0 0 0 0 0 0 0 0 0 0 0 0 0 0 0 0 0 0 0 0 0 0 0
1000 2000 0 0 0 0 0 0 0 0 0 0 0 0 0 0 0 0 0 0 0 0 0 0 0 0
2000 3000 0 0 0 0 0 0 0 0 0 0 0 0 0 0 0 0 0 0 0 0 0 0 0 0
3000 4000 0 0 0 0 0 0 0 0 0 0 0 0 0 0 0 0 0 0 0 0 0 0 0 0
4000 5000 0 0 0 0 0 0 0 0 0 0 0 0 0 0 0 0 0 0 0 0 0 0 0 0
5000 6000 0 0 0 0 0 0 0 0 0 0 0 0 0 0 0 0 0 0 0 0 0 0 0 0
6000 7000 0 0 0 0 0 0 0 0 0 0 0 0 0 0 0 0 0 0 0 0 0 0 0 0
7000 8000 4 4 170 12156 0 0 222 317115 0 0 576 314 443 146 1500 1500 1500 0 128 128 128 0 2 2
8000 9000 2 1 113 1663 0 0 145 223790 0 0 390 84 237 215 1500 1500 1500 0 0 0 0 0 1 0
9000 10000 4 4 273 3015 0 0 350 533279 0 0 848 208 574 267 1500 1500 1500 0 128 128 128 0 1 2
10000 11000 5 3 215 2575 0 0 311 514863 0 0 778 149 378 244 1500 1500 1500 0 128 128 128 0 1 1
11000 12000 5 3 156 2451 0 0 223 376717 0 0 667 90 394 236 1500 1500 1500 0 128 128 128 0 1 1
12000 13000 5 3 286 1923 0 0 351 568144 0 0 885 66 459 314 1500 1500 1500 0 128 128 128 0 1 1
13000 14000 4 3 191 2832 0 0 238 425370 0 0 765 375 541 164 1500 1500 1500 0 128 128 128 0 1 1
14000 15000 3 2 205 1534 0 0 310 614154 0 0 832 368 600 231 1500 1500 1500 0 128 128 128 0 1 1
15000 16000 4 3 125 3516 0 0 198 350965 0 0 883 160 510 314 1500 1500 1500 0 128 128 128 0 2 1
16000 17000 5 3 201 2168 0 0 260 518960 0 0 633 115 380 240 1500 1500 1500 0 128 128 128 0 1 2
17000 18000 4 2 152 2508 0 0 198 415282 0 0 706 78 408 280 1500 1500 1500 0 128 128 128 0 1 1
18000 19000 1 1 122 0 0 0 172 347287 0 0 651 651 651 0 0 0 0 0 0 0 0 0 0 0
19000 20000 1 1 3 820 0 0 4 2914 0 0 286 286 286 0 0 0 0 0 0 0 0 0 0 0
20000 21000 0 0 0 0 0 0 0 0 0 0 0 0 0 0 0 0 0 0 0 0 0 0 0 0
21000 22000 3 3 61 2783 0 0 87 165258 0 0 600 260 450 173 3000 3000 3000 0 128 128 128 0 2 1
22000 23000 3 2 137 1388 0 0 182 395954 0 0 507 374 456 71 0 0 0 0 128 128 128 0 0 1
23000 24000 3 3 216 1488 0 0 268 492495 0 0 745 255 478 248 1500 1500 1500 0 0 0 0 0 1 0
24000 25000 3 2 133 2186 0 0 174 312437 0 0 503 193 383 167 1500 1500 1500 0 128 128 128 0 1 1
25000 26000 3 2 134 2170 0 0 184 336973 0 0 516 233 343 151 1500 1500 1500 0 128 128 128 0 1 1
26000 27000 1 1 76 0 0 0 110 227325 0 0 448 448 448 0 0 0 0 0 0 0 0 0 0 0
27000 28000 1 1 2 820 0 0 3 2917 0 0 284 284 284 0 0 0 0 0 0 0 0 0 0 0
28000 29000 0 0 0 0 0 0 0 0 0 0 0 0 0 0 0 0 0 0 0 0 0 0 0 0
29000 30000 2 2 67 2551 0 0 100 214689 0 0 601 503 552 68 1500 1500 1500 0 128 128 128 0 1 1
30000 31000 4 2 176 2095 0 0 265 465930 0 0 547 319 427 93 1500 1500 1500 0 128 128 128 0 1 1
31000 32000 3 2 155 1366 0 0 218 418940 0 0 532 381 444 78 1500 1500 1500 0 128 128 128 0 1 1
32000 33000 2 2 56 672 0 0 77 173472 0 0 399 223 311 124 0 0 0 0 0 0 0 0 0 0
33000 34000 1 1 1 820 0 0 2 0 0 0 267 267 267 0 0 0 0 0 0 0 0 0 0 0
34000 35000 1 1 1 417 0 0 1 1484 0 0 453 453 453 0 0 0 0 0 0 0 0 0 0 0
35000 36000 2 1 1 402 0 0 2 2490 0 0 436 313 375 87 0 0 0 0 0 0 0 0 0 0
36000 37000 1 1 0 0 0 0 1 1856 0 0 549 549 549 0 0 0 0 0 0 0 0 0 0 0
37000 38000 1 1 14 1001 0 0 36 57164 0 0 600 600 600 0 0 0 0 0 0 0 0 0 0 0
38000 39000 3 2 121 2880 0 0 153 271539 0 0 872 396 622 238 1500 1500 1500 0 128 128 128 0 2 1
39000 40000 4 3 227 2356 0 0 289 590096 0 0 810 290 501 238 1500 1500 1500 0 128 128 128 0 1 2
40000 41000 4 2 123 2070 0 0 192 378678 0 0 801 90 472 296 1500 1500 1500 0 128 128 128 0 1 1
41000 42000 4 2 168 2394 0 0 244 480398 0 0 800 197 473 248 1500 1500 1500 0 128 128 128 0 1 1
42000 43000 2 1 85 167 0 0 94 215607 0 0 329 198 264 92 0 0 0 0 0 0 0 0 0 0
43000 44000 2 2 81 1838 0 0 122 241172 0 0 599 265 432 236 1500 1500 1500 0 128 128 128 0 1 1
44000 45000 2 1 70 663 0 0 84 182459 0 0 398 175 287 157 0 0 0 0 0 0 0 0 0 0
45000 46000 2 2 79 1392 0 0 122 260514 0 0 599 382 490 153 1500 1500 1500 0 128 128 128 0 1 1
46000 47000 3 2 59 1109 0 0 90 188855 0 0 437 7 280 236 0 0 0 0 0 0 0 0 0 0
47000 48000 2 2 59 1839 0 0 95 209066 0 0 601 321 461 197 1500 1500 1500 0 128 128 128 0 1 1
48000 49000 2 1 53 1153 0 0 68 159974 0 0 597 398 497 140 0 0 0 0 0 0 0 0 0 0
49000 50000 3 2 100 1315 0 0 132 278922 0 0 579 384 454 108 1500 1500 1500 0 128 128 128 0 1 1
50000 51000 2 2 61 694 0 0 85 177424 0 0 412 267 339 102 0 0 0 0 0 0 0 0 0 0
51000 52000 2 2 98 1655 0 0 140 260276 0 0 600 385 492 152 1500 1500 1500 0 128 128 128 0 1 1
52000 53000 4 2 135 3232 0 0 193 368327 0 0 613 290 419 137 1500 1500 1500 0 128 128 128 0 1 1
53000 54000 3 2 111 1798 0 0 148 323473 0 0 521 232 343 155 1500 1500 1500 0 128 128 128 0 1 1
54000 55000 2 2 76 0 0 0 109 243047 0 0 490 104 297 273 0 0 0 0 0 0 0 0 0 0
55000 56000 3 3 65 2003 0 0 94 184294 0 0 601 0 369 323 1500 1500 1500 0 128 128 128 0 1 1
56000 57000 3 2 70 920 0 0 88 187321 0 0 505 32 342 268 0 0 0 0 0 0 0 0 0 0
57000 58000 3 2 100 1657 0 0 145 324258 0 0 496 269 414 126 3000 3000 3000 0 128 128 128 0 1 1
58000 59000 2 1 113 1247 0 0 163 356544 0 0 501 494 497 4 0 0 0 0 0 0 0 0 0 0
59000 60000 3 2 121 1252 0 0 169 356857 0 0 500 229 408 155 3000 3000 3000 0 128 128 128 0 1 1
60000 61000 2 1 118 834 0 0 162 331110 0 0 503 488 496 10 0 0 0 0 0 0 0 0 0 0
61000 62000 3 2 132 1655 0 0 194 376681 0 0 487 252 406 133 3000 3000 3000 0 128 128 128 0 1 1
62000 63000 2 1 148 1238 0 0 202 411539 0 0 517 475 496 29 0 0 0 0 0 0 0 0 0 0
63000 64000 3 2 147 1409 0 0 192 400113 0 0 508 252 416 142 3000 3000 3000 0 128 128 128 0 1 1
64000 65000 2 1 103 1064 0 0 142 310007 0 0 456 257 356 140 0 0 0 0 0 0 0 0 0 0
65000 66000 3 2 167 1375 0 0 220 425919 0 0 523 333 409 100 1500 1500 1500 0 128 128 128 0 1 1
66000 67000 2 2 101 352 0 0 127 218973 0 0 400 269 335 93 0 0 0 0 0 0 0 0 0 0
67000 68000 2 2 73 1669 0 0 114 237829 0 0 598 386 492 149 1500 1500 1500 0 128 128 128 0 1 1
68000 69000 3 2 48 1322 0 0 70 147412 0 0 589 96 361 248 0 0 0 0 0 0 0 0 0 0
69000 70000 3 2 90 1658 0 0 143 248163 0 0 578 283 419 148 1500 1500 1500 0 128 128 128 0 1 1
70000 71000 2 1 57 838 0 0 89 161294 0 0 574 420 497 109 0 0 0 0 0 0 0 0 0 0
71000 72000 3 2 87 1649 0 0 122 247851 0 0 562 271 411 145 1500 1500 1500 0 128 128 128 0 1 1
72000 73000 2 1 56 835 0 0 78 164873 0 0 556 437 496 83 0 0 0 0 0 0 0 0 0 0
73000 74000 3 2 97 1682 0 0 128 248246 0 0 543 294 419 124 1500 1500 1500 0 128 128 128 0 1 1
74000 75000 1 1 53 353 0 0 79 155928 0 0 392 392 392 0 0 0 0 0 0 0 0 0 0 0
75000 76000 2 2 88 1840 0 0 129 245007 0 0 600 264 432 237 1500 1500 1500 0 128 128 128 0 1 1
76000 77000 2 1 60 1152 0 0 78 150558 0 0 597 397 497 141 0 0 0 0 0 0 0 0 0 0
77000 78000 3 2 89 1652 0 0 129 244660 0 0 574 283 419 146 1500 1500 1500 0 128 128 128 0 1 1
78000 79000 2 1 58 829 0 0 83 162566 0 0 572 424 498 104 0 0 0 0 0 0 0 0 0 0
79000 80000 3 2 110 1573 0 0 135 267359 0 0 533 382 446 78 1500 1500 1500 0 128 128 128 0 1 1
80000 81000 2 2 58 456 0 0 77 157280 0 0 353 64 208 204 0 0 0 0 0 0 0 0 0 0
81000 82000 2 2 94 1839 0 0 137 260900 0 0 600 291 445 218 1500 1500 1500 0 128 128 128 0 1 1
82000 83000 2 1 58 1153 0 0 77 151261 0 0 597 398 497 140 0 0 0 0 0 0 0 0 0 0
83000 84000 3 2 95 1694 0 0 119 245189 0 0 573 382 452 105 1500 1500 1500 0 128 128 128 0 1 1
84000 85000 3 3 44 316 0 0 59 122584 0 0 490 3 276 248 0 0 0 0 0 0 0 0 0 0
85000 86000 3 3 88 1774 0 0 116 238454 0 0 600 384 461 120 1500 1500 1500 0 128 128 128 0 1 1
86000 87000 2 2 43 727 0 0 59 129788 0 0 359 54 207 215 0 0 0 0 0 0 0 0 0 0
87000 88000 1 1 2 820 0 0 4 2915 0 0 254 254 254 0 0 0 0 0 0 0 0 0 0 0
88000 89000 0 0 0 0 0 0 0 0 0 0 0 0 0 0 0 0 0 0 0 0 0 0 0 0
89000 90000 2 2 93 2185 0 0 133 256008 0 0 599 386 492 150 1500 1500 1500 0 128 128 128 0 1 1
90000 91000 4 2 133 2363 0 0 186 364144 0 0 607 228 400 156 1500 1500 1500 0 128 128 128 0 1 1
91000 92000 2 1 55 455 0 0 71 154643 0 0 481 0 240 340 0 0 0 0 0 0 0 0 0 0
92000 93000 0 0 0 0 0 0 0 0 0 0 0 0 0 0 0 0 0 0 0 0 0 0 0 0
93000 94000 2 2 85 1839 0 0 119 247612 0 0 599 278 439 227 1500 1500 1500 0 128 128 128 0 1 1
94000 95000 2 1 58 662 0 0 66 142215 0 0 397 63 230 236 0 0 0 0 0 0 0 0 0 0
95000 96000 2 2 82 1838 0 0 122 249613 0 0 598 265 431 235 1500 1500 1500 0 128 128 128 0 1 1
96000 97000 2 1 58 1154 0 0 76 167324 0 0 597 397 497 141 0 0 0 0 0 0 0 0 0 0
97000 98000 3 2 89 1956 0 0 125 268006 0 0 576 385 454 106 1500 1500 1500 0 128 128 128 0 1 1
98000 99000 4 2 139 2445 0 0 199 389844 0 0 612 224 409 159 1500 1500 1500 0 128 128 128 0 1 1
99000 100000 3 2 141 1549 0 0 191 364385 0 0 517 281 394 118 1500 1500 1500 0 128 128 128 0 1 1
100000 101000 2 2 62 243 0 0 91 179656 0 0 324 157 241 118 0 0 0 0 0 0 0 0 0 0
101000 102000 2 2 95 1842 0 0 144 273153 0 0 600 282 441 224 1500 1500 1500 0 128 128 128 0 1 1
102000 103000 2 1 64 1151 0 0 81 158354 0 0 599 395 497 144 0 0 0 0 0 0 0 0 0 0
103000 104000 3 2 103 1658 0 0 130 252610 0 0 560 264 408 148 1500 1500 1500 0 128 128 128 0 1 1
104000 105000 1 1 53 351 0 0 77 157177 0 0 401 401 401 0 0 0 0 0 0 0 0 0 0 0
105000 106000 2 2 87 1836 0 0 122 264726 0 0 598 284 441 222 1500 1500 1500 0 128 128 128 0 1 1
106000 107000 2 1 53 1156 0 0 69 155002 0 0 594 400 497 137 0 0 0 0 0 0 0 0 0 0
107000 108000 3 2 91 1189 0 0 127 256203 0 0 560 386 448 96 1500 1500 1500 0 128 128 128 0 1 1
108000 109000 3 2 72 1280 0 0 108 212378 0 0 558 436 482 66 0 0 0 0 0 0 0 0 0 0
109000 110000 3 2 102 1354 0 0 140 248323 0 0 517 384 447 67 1500 1500 1500 0 128 128 128 0 1 1
110000 111000 2 2 71 688 0 0 98 174778 0 0 368 259 314 76 0 0 0 0 0 0 0 0 0 0
111000 112000 2 2 86 1648 0 0 142 265551 0 0 600 384 492 152 1500 1500 1500 0 128 128 128 0 1 1
112000 113000 4 2 154 2865 0 0 208 397325 0 0 613 383 498 124 1500 1500 1500 0 128 128 128 0 1 1
113000 114000 3 2 70 490 0 0 83 181678 0 0 482 0 169 271 0 0 0 0 0 0 0 0 0 0
114000 115000 0 0 0 0 0 0 0 0 0 0 0 0 0 0 0 0 0 0 0 0 0 0 0 0
115000 116000 2 2 80 1661 0 0 125 252771 0 0 599 384 491 151 1500 1500 1500 0 128 128 128 0 1 1
116000 117000 4 2 136 3217 0 0 181 366014 0 0 586 364 432 104 1500 1500 1500 0 128 128 128 0 1 1
117000 118000 3 2 130 1806 0 0 173 388638 0 0 506 280 383 114 1500 1500 1500 0 128 128 128 0 1 1
118000 119000 1 1 57 0 0 0 78 179127 0 0 360 360 360 0 0 0 0 0 0 0 0 0 0 0
119000 120000 2 2 75 1839 0 0 109 247616 0 0 600 265 432 236 1500 1500 1500 0 128 128 128 0 1 1
120000 121000 2 1 50 1153 0 0 63 152972 0 0 597 397 497 141 0 0 0 0 0 0 0 0 0 0
121000 122000 3 2 98 1653 0 0 126 229071 0 0 560 280 413 140 1500 1500 1500 0 128 128 128 0 1 1
122000 123000 1 1 50 357 0 0 73 139379 0 0 412 412 412 0 0 0 0 0 0 0 0 0 0 0
123000 124000 1 1 10 241 0 0 19 43249 0 0 145 145 145 0 1500 1500 1500 0 0 0 0 0 1 0
124000 125000 3 2 94 2616 0 0 146 309082 0 0 852 143 425 376 0 0 0 0 128 128 128 0 0 1
125000 126000 3 2 72 2028 0 0 88 168477 0 0 525 108 339 212 1500 1500 1500 0 128 128 128 0 1 1
126000 127000 2 2 145 957 0 0 220 396115 0 0 670 510 590 113 0 0 0 0 0 0 0 0 0 0
127000 128000 2 2 59 1633 0 0 92 174541 0 0 598 383 491 151 1500 1500 1500 0 128 128 128 0 1 1
128000 129000 3 2 63 1358 0 0 87 173198 0 0 595 121 372 238 0 0 0 0 0 0 0 0 0 0
129000 130000 3 2 122 1617 0 0 168 306210 0 0 579 383 454 108 1500 1500 1500 0 128 128 128 0 1 1
130000 131000 2 2 51 393 0 0 74 138250 0 0 343 40 192 214 0 0 0 0 0 0 0 0 0 0
131000 132000 2 2 72 1481 0 0 114 211983 0 0 600 384 492 152 1500 1500 1500 0 128 128 128 0 1 1
132000 133000 3 2 65 1510 0 0 88 165150 0 0 597 284 426 158 0 0 0 0 0 0 0 0 0 0
133000 134000 3 2 86 1641 0 0 122 247339 0 0 558 277 412 140 1500 1500 1500 0 128 128 128 0 1 1
134000 135000 2 1 57 834 0 0 77 162850 0 0 556 437 497 84 0 0 0 0 0 0 0 0 0 0
135000 136000 3 2 89 1664 0 0 106 233159 0 0 519 368 438 76 1500 1500 1500 0 128 128 128 0 1 1
136000 137000 1 1 47 372 0 0 65 153782 0 0 412 412 412 0 0 0 0 0 0 0 0 0 0 0
137000 138000 2 2 95 1666 0 0 135 264235 0 0 599 383 491 152 1500 1500 1500 0 128 128 128 0 1 1
138000 139000 3 2 62 1327 0 0 81 160472 0 0 597 101 364 249 0 0 0 0 0 0 0 0 0 0
139000 140000 3 2 96 1645 0 0 134 249518 0 0 559 385 447 96 1500 1500 1500 0 128 128 128 0 1 1
140000 141000 2 2 54 365 0 0 78 149322 0 0 396 7 202 275 0 0 0 0 0 0 0 0 0 0
141000 142000 2 2 70 1838 0 0 109 190389 0 0 599 301 450 211 1500 1500 1500 0 128 128 128 0 1 1
142000 143000 2 1 71 1154 0 0 102 187322 0 0 597 398 498 140 0 0 0 0 0 0 0 0 0 0
143000 144000 3 2 113 1477 0 0 165 318184 0 0 569 384 451 102 1500 1500 1500 0 128 128 128 0 1 1
144000 145000 4 2 143 2919 0 0 206 383801 0 0 584 318 425 114 1500 1500 1500 0 128 128 128 0 1 1
145000 146000 3 2 116 1797 0 0 170 320940 0 0 503 249 344 138 1500 1500 1500 0 128 128 128 0 1 1
146000 147000 1 1 70 0 0 0 111 212737 0 0 410 410 410 0 0 0 0 0 0 0 0 0 0 0
147000 148000 2 2 89 2120 0 0 124 238650 0 0 512 380 446 93 1500 1500 1500 0 128 128 128 0 1 1
148000 149000 1 1 63 381 0 0 82 168281 0 0 425 425 425 0 0 0 0 0 0 0 0 0 0 0
149000 150000 2 2 74 2082 0 0 116 226347 0 0 501 369 435 93 3000 3000 3000 0 128 128 128 0 1 1
150000 151000 2 1 127 875 0 0 173 373738 0 0 498 498 498 0 0 0 0 0 0 0 0 0 0 0
151000 152000 3 2 130 1477 0 0 185 358500 0 0 398 296 339 53 3000 3000 3000 0 128 128 128 0 1 1
152000 153000 2 1 158 1102 0 0 231 460190 0 0 673 320 497 249 0 0 0 0 0 0 0 0 0 0
153000 154000 3 2 153 1541 0 0 205 446487 0 0 676 0 389 349 3000 3000 3000 0 128 128 128 0 1 1
154000 155000 2 1 120 1252 0 0 158 375112 0 0 505 487 496 12 0 0 0 0 0 0 0 0 0 0
155000 156000 3 2 139 1260 0 0 193 395335 0 0 504 229 408 155 3000 3000 3000 0 128 128 128 0 1 1
156000 157000 2 1 154 834 0 0 197 364453 0 0 504 493 498 7 0 0 0 0 0 0 0 0 0 0
157000 158000 3 2 142 1651 0 0 189 389054 0 0 486 259 409 130 3000 3000 3000 0 128 128 128 0 1 1
158000 159000 2 1 114 1239 0 0 160 363538 0 0 512 483 498 19 0 0 0 0 0 0 0 0 0 0
159000 160000 3 2 131 1262 0 0 181 388040 0 0 510 250 415 144 3000 3000 3000 0 128 128 128 0 1 1
160000 161000 2 1 111 1254 0 0 157 338684 0 0 512 484 498 20 0 0 0 0 0 0 0 0 0 0
161000 162000 3 2 130 1261 0 0 199 376575 0 0 504 254 417 141 3000 3000 3000 0 128 128 128 0 1 1
162000 163000 2 1 149 1252 0 0 211 404033 0 0 500 495 497 3 0 0 0 0 0 0 0 0 0 0
163000 164000 3 2 154 1250 0 0 220 449469 0 0 504 238 412 151 3000 3000 3000 0 128 128 128 0 1 1
164000 165000 2 1 115 1251 0 0 167 359408 0 0 498 494 496 3 0 0 0 0 0 0 0 0 0 0
165000 166000 3 2 147 1250 0 0 223 401662 0 0 504 249 415 143 3000 3000 3000 0 128 128 128 0 1 1
166000 167000 2 1 139 834 0 0 198 361783 0 0 501 493 497 6 0 0 0 0 0 0 0 0 0 0
167000 168000 3 2 126 1662 0 0 187 363007 0 0 498 262 414 131 3000 3000 3000 0 128 128 128 0 1 1
168000 169000 2 1 134 857 0 0 186 386338 0 0 499 495 497 2 0 0 0 0 0 0 0 0 0 0
169000 170000 3 2 148 1394 0 0 213 413950 0 0 472 384 431 44 3000 3000 3000 0 128 128 128 0 1 1
170000 171000 3 2 144 1454 0 0 215 409923 0 0 526 142 379 207 0 0 0 0 0 0 0 0 0 0
171000 172000 3 2 118 1438 0 0 168 340643 0 0 527 269 393 129 3000 3000 3000 0 128 128 128 0 1 1
172000 173000 3 2 158 855 0 0 228 475124 0 0 729 191 396 291 0 0 0 0 0 0 0 0 0 0
173000 174000 3 2 110 1926 0 0 132 250506 0 0 505 259 348 136 3000 3000 3000 0 128 128 128 0 1 1
174000 175000 2 1 180 556 0 0 245 447767 0 0 740 256 498 341 0 0 0 0 0 0 0 0 0 0
175000 176000 3 2 73 1945 0 0 86 165687 0 0 510 92 311 209 3000 3000 3000 0 128 128 128 0 1 1
176000 177000 2 1 171 231 0 0 272 544738 0 0 905 92 498 575 0 0 0 0 0 0 0 0 0 0
177000 178000 2 2 130 2682 0 0 154 302943 0 0 899 501 700 281 2300 2300 2300 0 128 128 128 0 2 1
178000 179000 2 1 98 838 0 0 137 278418 0 0 501 496 499 3 0 0 0 0 0 0 0 0 0 0
179000 180000 3 2 95 1222 0 0 134 296419 0 0 500 383 454 62 2300 2300 2300 0 128 128 128 0 1 1
180000 181000 3 2 104 1706 0 0 141 322467 0 0 499 423 473 43 0 0 0 0 0 0 0 0 0 0
181000 182000 3 2 102 1254 0 0 152 315231 0 0 492 382 452 60 2300 2300 2300 0 128 128 128 0 1 1
182000 183000 3 2 103 1219 0 0 155 313643 0 0 504 350 448 85 0 0 0 0 0 0 0 0 0 0
183000 184000 3 2 147 1329 0 0 192 333771 0 0 506 382 437 63 2300 2300 2300 0 128 128 128 0 1 1
184000 185000 3 2 161 1094 0 0 211 351756 0 0 577 278 424 149 0 0 0 0 0 0 0 0 0 0
185000 186000 3 2 101 1615 0 0 130 242338 0 0 520 375 425 81 2300 2300 2300 0 128 128 128 0 1 1
186000 187000 3 2 130 539 0 0 183 350637 0 0 622 79 357 271 0 0 0 0 0 0 0 0 0 0
187000 188000 2 1 67 1035 0 0 84 148256 0 0 399 367 383 23 2300 2300 2300 0 0 0 0 0 1 0
188000 189000 3 2 154 2580 0 0 211 380590 0 0 632 365 529 143 0 0 0 0 128 128 128 0 0 1
189000 190000 3 2 120 1691 0 0 155 314368 0 0 516 356 418 85 2300 2300 2300 0 128 128 128 0 1 1
190000 191000 5 3 172 3756 0 0 242 470703 0 0 643 247 421 156 2300 2300 2300 0 128 128 128 0 1 1
191000 192000 4 2 148 1068 0 0 204 424846 0 0 751 0 407 347 0 0 0 0 0 0 0 0 0 0
192000 193000 1 1 34 0 0 0 42 98520 0 0 207 207 207 0 0 0 0 0 0 0 0 0 0 0
193000 194000 2 2 93 1735 0 0 143 281346 0 0 599 381 490 154 2300 2300 2300 0 128 128 128 0 1 1
194000 195000 3 2 89 1258 0 0 127 251211 0 0 599 53 350 275 0 0 0 0 0 0 0 0 0 0
195000 196000 4 3 133 1446 0 0 176 318280 0 0 566 296 410 112 2300 2300 2300 0 128 128 128 0 1 1
196000 197000 6 4 193 2951 0 0 252 455388 0 0 617 253 446 143 2300 2300 2300 0 128 128 128 0 1 1
197000 198000 4 2 192 2489 0 0 304 536469 0 0 744 250 467 225 2300 2300 2300 0 0 0 0 0 1 0
198000 199000 4 3 194 1599 0 0 343 561215 0 0 882 186 516 320 0 0 0 0 128 128 128 0 0 1
199000 200000 4 2 224 2016 0 0 315 548992 0 0 818 100 444 345 2300 2300 2300 0 128 128 128 0 1 1
200000 201000 2 1 114 296 0 0 156 332671 0 0 568 177 373 276 0 0 0 0 0 0 0 0 0 0
201000 202000 2 2 88 1622 0 0 153 296865 0 0 600 385 493 151 2300 2300 2300 0 128 128 128 0 1 1
202000 203000 3 2 95 1371 0 0 136 276027 0 0 598 137 377 231 0 0 0 0 0 0 0 0 0 0
203000 204000 3 2 111 1645 0 0 156 320041 0 0 566 264 410 151 2300 2300 2300 0 128 128 128 0 1 1
204000 205000 2 1 94 828 0 0 135 273196 0 0 565 432 498 94 0 0 0 0 0 0 0 0 0 0
205000 206000 3 2 127 1361 0 0 207 350888 0 0 525 382 447 72 2300 2300 2300 0 128 128 128 0 1 1
206000 207000 3 2 112 1545 0 0 178 308068 0 0 521 189 394 179 0 0 0 0 0 0 0 0 0 0
207000 208000 3 2 114 1518 0 0 175 339511 0 0 498 385 453 60 2300 2300 2300 0 128 128 128 0 1 1
208000 209000 3 2 89 960 0 0 133 264304 0 0 501 61 353 253 0 0 0 0 0 0 0 0 0 0
209000 210000 3 2 112 1157 0 0 165 313286 0 0 495 383 453 61 2300 2300 2300 0 128 128 128 0 1 1
210000 211000 3 2 122 1334 0 0 172 323071 0 0 561 494 519 36 0 0 0 0 0 0 0 0 0 0
211000 212000 3 2 100 1168 0 0 138 264390 0 0 489 383 452 59 2300 2300 2300 0 128 128 128 0 1 1
212000 213000 4 2 109 910 0 0 156 311539 0 0 559 0 388 260 0 0 0 0 0 0 0 0 0 0
213000 214000 2 1 24 407 0 0 19 48920 0 0 475 0 237 336 0 0 0 0 0 0 0 0 0 0
214000 215000 0 0 0 0 0 0 0 0 0 0 0 0 0 0 0 0 0 0 0 0 0 0 0 0
215000 216000 2 2 81 1705 0 0 138 281119 0 0 601 384 492 153 2300 2300 2300 0 128 128 128 0 1 1
216000 217000 5 3 213 2339 0 0 263 503617 0 0 532 272 381 98 2300 2300 2300 0 128 128 128 0 1 1
217000 218000 4 2 327 959 0 0 325 498866 0 0 725 0 367 322 0 0 0 0 0 0 0 0 0 0
218000 219000 0 0 0 0 0 0 0 0 0 0 0 0 0 0 0 0 0 0 0 0 0 0 0 0
219000 220000 2 2 91 1699 0 0 134 277541 0 0 599 381 490 154 2300 2300 2300 0 128 128 128 0 1 1
220000 221000 5 3 151 2974 0 0 220 450156 0 0 597 260 423 140 2300 2300 2300 0 128 128 128 0 1 1
221000 222000 4 2 170 1261 0 0 255 538636 0 0 671 326 492 157 2300 2300 2300 0 0 0 0 0 1 0
222000 223000 3 2 123 1232 0 0 173 376318 0 0 569 283 426 143 0 0 0 0 128 128 128 0 0 1
223000 224000 3 2 142 1654 0 0 206 416700 0 0 565 294 419 136 2300 2300 2300 0 128 128 128 0 1 1
224000 225000 2 1 91 829 0 0 132 276899 0 0 563 433 498 91 0 0 0 0 0 0 0 0 0 0
225000 226000 3 2 153 1478 0 0 211 368150 0 0 524 380 446 73 2300 2300 2300 0 128 128 128 0 1 1
226000 227000 3 2 122 990 0 0 161 281806 0 0 524 90 361 236 0 0 0 0 0 0 0 0 0 0
227000 228000 2 1 18 389 0 0 17 39648 0 0 473 0 236 335 0 0 0 0 0 0 0 0 0 0
228000 229000 0 0 0 0 0 0 0 0 0 0 0 0 0 0 0 0 0 0 0 0 0 0 0 0
229000 230000 2 2 78 1838 0 0 113 249915 0 0 600 279 440 226 2300 2300 2300 0 128 128 128 0 1 1
230000 231000 3 2 134 1943 0 0 190 421157 0 0 596 338 444 135 2300 2300 2300 0 128 128 128 0 1 1
231000 232000 4 2 198 2006 0 0 290 576215 0 0 658 338 492 148 2300 2300 2300 0 0 0 0 0 1 0
232000 233000 3 2 146 1369 0 0 213 425172 0 0 609 422 534 99 0 0 0 0 128 128 128 0 0 1
233000 234000 3 2 127 1637 0 0 184 381644 0 0 530 284 412 123 2300 2300 2300 0 128 128 128 0 1 1
234000 235000 2 1 88 861 0 0 125 270577 0 0 530 464 497 46 0 0 0 0 0 0 0 0 0 0
235000 236000 2 1 69 942 0 0 96 206968 0 0 398 355 376 30 2300 2300 2300 0 0 0 0 0 1 0
236000 237000 3 2 125 2585 0 0 181 374605 0 0 644 347 507 149 0 0 0 0 128 128 128 0 0 1
237000 238000 3 2 100 1656 0 0 138 282825 0 0 509 260 384 124 2300 2300 2300 0 128 128 128 0 1 1
238000 239000 5 3 210 1701 0 0 303 591135 0 0 733 151 424 234 2300 2300 2300 0 128 128 128 0 1 1
239000 240000 4 2 158 972 0 0 233 444423 0 0 725 0 350 339 0 0 0 0 0 0 0 0 0 0
240000 241000 0 0 0 0 0 0 0 0 0 0 0 0 0 0 0 0 0 0 0 0 0 0 0 0
241000 242000 2 2 73 1843 0 0 120 275623 0 0 601 281 441 226 2300 2300 2300 0 128 128 128 0 1 1
242000 243000 2 1 133 658 0 0 178 352774 0 0 447 394 420 37 0 0 0 0 0 0 0 0 0 0
243000 244000 1 1 1 820 0 0 2 0 0 0 253 253 253 0 0 0 0 0 0 0 0 0 0 0
244000 245000 1 1 1 751 0 0 2 2640 0 0 405 405 405 0 0 0 0 0 0 0 0 0 0 0
245000 246000 3 2 87 1601 0 0 133 236381 0 0 491 382 419 62 2300 2300 2300 0 128 128 128 0 1 1
246000 247000 5 3 212 1704 0 0 299 566330 0 0 615 144 404 185 2300 2300 2300 0 128 128 128 0 1 1
247000 248000 4 2 186 1754 0 0 269 560721 0 0 665 330 460 158 2300 2300 2300 0 128 128 128 0 1 1
248000 249000 4 2 144 1651 0 0 214 414875 0 0 658 160 340 225 2300 2300 2300 0 0 0 0 0 1 0
249000 250000 4 2 198 1993 0 0 295 576358 0 0 837 159 463 293 0 0 0 0 128 128 128 0 0 1
250000 251000 4 3 176 1687 0 0 246 393348 0 0 680 195 373 212 2300 2300 2300 0 128 128 128 0 1 1
251000 252000 3 2 213 1563 0 0 317 530073 0 0 655 302 519 189 2300 2300 2300 0 128 128 128 0 1 1
252000 253000 3 2 97 1155 0 0 142 276029 0 0 592 208 400 191 0 0 0 0 0 0 0 0 0 0
253000 254000 3 2 118 1332 0 0 178 329888 0 0 578 381 452 109 2300 2300 2300 0 128 128 128 0 1 1
254000 255000 3 2 114 1163 0 0 171 300086 0 0 576 241 412 167 0 0 0 0 0 0 0 0 0 0
255000 256000 3 2 117 1653 0 0 174 317915 0 0 564 264 409 150 2300 2300 2300 0 128 128 128 0 1 1
256000 257000 2 1 83 827 0 0 122 248910 0 0 563 431 497 93 0 0 0 0 0 0 0 0 0 0
257000 258000 3 2 42 2039 0 0 50 104084 0 0 435 251 324 97 0 0 0 0 128 128 128 0 0 1
258000 259000 1 1 2 752 0 0 2 331 0 0 266 266 266 0 0 0 0 0 0 0 0 0 0 0
259000 260000 2 2 8 3399 0 0 12 3635 0 0 628 600 614 19 0 0 0 0 0 0 0 0 0 0
260000 261000 2 1 0 122 0 0 1 702 0 0 103 13 58 63 0 0 0 0 0 0 0 0 0 0
261000 262000 3 2 176 1281 0 0 244 376989 0 0 889 50 510 424 2300 2300 2300 0 0 0 0 0 1 0
262000 263000 3 2 251 1631 0 0 346 555496 0 0 797 408 598 194 2300 2300 2300 0 128 128 128 0 1 1
263000 264000 4 3 190 2051 0 0 260 450654 0 0 601 363 439 109 2300 2300 2300 0 128 128 128 0 1 1
264000 265000 3 2 131 795 0 0 201 373092 0 0 600 100 353 249 0 0 0 0 0 0 0 0 0 0
265000 266000 3 3 177 2437 0 0 272 515953 0 0 918 188 554 365 2300 2300 2300 0 128 128 128 0 1 1
266000 267000 3 2 202 1597 0 0 303 568696 0 0 822 75 562 421 2300 2300 2300 0 128 128 128 0 1 1
267000 268000 3 2 157 1989 0 0 201 418335 0 0 704 176 493 279 2300 2300 2300 0 128 128 128 0 1 1
268000 269000 2 1 84 1152 0 0 115 273908 0 0 599 396 498 143 0 0 0 0 0 0 0 0 0 0
269000 270000 3 2 121 1387 0 0 178 355707 0 0 563 377 446 101 2300 2300 2300 0 128 128 128 0 1 1
270000 271000 3 2 113 1086 0 0 148 263640 0 0 562 164 387 203 0 0 0 0 0 0 0 0 0 0
271000 272000 3 2 121 1647 0 0 168 298220 0 0 535 264 410 136 2300 2300 2300 0 128 128 128 0 1 1
272000 273000 2 1 98 841 0 0 150 274184 0 0 532 462 497 49 0 0 0 0 0 0 0 0 0 0
273000 274000 3 2 111 1532 0 0 163 330157 0 0 526 380 447 73 2300 2300 2300 0 128 128 128 0 1 1
274000 275000 3 2 96 966 0 0 140 288353 0 0 524 64 353 251 0 0 0 0 0 0 0 0 0 0
275000 276000 3 2 111 1655 0 0 153 312148 0 0 523 336 431 93 2300 2300 2300 0 128 128 128 0 1 1
276000 277000 2 1 87 829 0 0 132 279433 0 0 523 471 497 36 0 0 0 0 0 0 0 0 0 0
277000 278000 3 2 106 1262 0 0 160 317825 0 0 507 383 454 64 2300 2300 2300 0 128 128 128 0 1 1
278000 279000 3 2 92 1225 0 0 137 265707 0 0 505 340 445 90 0 0 0 0 0 0 0 0 0 0
279000 280000 3 2 109 1658 0 0 161 296360 0 0 492 297 426 111 2300 2300 2300 0 128 128 128 0 1 1
280000 281000 2 1 101 1253 0 0 156 303437 0 0 505 488 497 11 0 0 0 0 0 0 0 0 0 0
281000 282000 3 2 108 1674 0 0 162 310744 0 0 493 280 419 120 2300 2300 2300 0 128 128 128 0 1 1
282000 283000 2 1 88 818 0 0 133 275226 0 0 514 482 498 22 0 0 0 0 0 0 0 0 0 0
283000 284000 3 2 105 1683 0 0 149 291342 0 0 497 268 413 125 2300 2300 2300 0 128 128 128 0 1 1
284000 285000 3 2 135 971 0 0 209 421693 0 0 523 201 399 173 2300 2300 2300 0 128 128 128 0 1 1
285000 286000 4 2 176 1530 0 0 244 511590 0 0 795 123 392 321 0 0 0 0 0 0 0 0 0 0
286000 287000 0 0 0 0 0 0 0 0 0 0 0 0 0 0 0 0 0 0 0 0 0 0 0 0
287000 288000 2 2 75 1839 0 0 110 225323 0 0 600 274 437 230 2300 2300 2300 0 128 128 128 0 1 1
288000 289000 3 2 140 1394 0 0 199 409457 0 0 596 243 412 177 2300 2300 2300 0 128 128 128 0 1 1
289000 290000 5 3 224 2947 0 0 306 568491 0 0 755 239 505 205 2300 2300 2300 0 0 0 0 0 1 0
290000 291000 5 3 157 1833 0 0 198 419832 0 0 585 286 447 129 0 0 0 0 128 128 128 0 0 1
291000 292000 4 2 143 1658 0 0 204 408505 0 0 575 400 463 77 2300 2300 2300 0 128 128 128 0 1 1
292000 293000 2 1 103 840 0 0 142 287737 0 0 573 422 498 106 0 0 0 0 0 0 0 0 0 0
293000 294000 3 2 118 1650 0 0 166 380755 0 0 561 271 410 145 2300 2300 2300 0 128 128 128 0 1 1
294000 295000 2 1 84 828 0 0 110 270166 0 0 561 435 498 89 0 0 0 0 0 0 0 0 0 0
295000 296000 2 1 29 358 0 0 30 77869 0 0 436 186 311 177 0 0 0 0 0 0 0 0 0 0
296000 297000 0 0 0 0 0 0 0 0 0 0 0 0 0 0 0 0 0 0 0 0 0 0 0 0
297000 298000 2 2 88 1842 0 0 120 219261 0 0 601 283 442 224 2300 2300 2300 0 128 128 128 0 1 1
298000 299000 2 1 101 1151 0 0 133 271976 0 0 598 395 497 143 0 0 0 0 0 0 0 0 0 0
299000 300000 2 1 83 803 0 0 121 245250 0 0 563 400 482 115 2300 2300 2300 0 0 0 0 0 1 0
