ts te nbins ncons c_tcp_packs c_tcp_bytes c_udp_packs c_udp_bytes s_tcp_packs s_tcp_bytes s_udp_packs s_udp_bytes max_bins_span min_bins_span avg_bins_span std_bins_span max_video_rate min_video_rate avg_video_rate std_video_rate max_audio_rate min_audio_rate avg_audio_rate std_audio_rate video_requests audio_requests
0 10000 57 45 319 90648 142 81935 462 138411 144 60279 995 0 392 211 2300 2300 2300 0 128 128 128 0 6 7
10000 20000 11 7 40 38134 95 31052 62 14072 147 117296 998 95 360 257 2300 2300 2300 0 128 128 128 0 7 6
20000 30000 5 5 31 21696 0 0 45 10699 0 0 707 99 363 227 4400 4400 4400 0 128 128 128 0 7 7
30000 40000 12 12 80 144887 16 7992 143 6691 18 8071 544 190 333 120 4400 4400 4400 0 128 128 128 0 6 6
40000 50000 38 38 66 28185 0 0 85 11234 0 0 594 17 68 131 4400 4400 4400 0 128 128 128 0 4 4
50000 60000 13 13 26 15298 0 0 37 5127 0 0 466 16 117 161 4400 3000 3933 722 128 128 128 0 6 5
60000 70000 26 25 120 145140 0 0 191 15996 0 0 917 0 158 208 4400 3000 3400 683 128 128 128 0 7 8
70000 80000 6 6 17 14656 0 0 22 833 0 0 274 24 114 121 4400 4400 4400 0 128 128 128 0 5 5
80000 90000 5 5 15 15730 0 0 22 1281 0 0 283 28 171 129 4400 4400 4400 0 128 128 128 0 5 5
90000 100000 29 29 33 10855 17 10485 47 880 23 13666 318 17 93 120 4400 4400 4400 0 128 128 128 0 6 6
100000 110000 3 3 9 11539 0 0 16 756 0 0 278 68 205 118 4400 3000 3700 748 128 128 128 0 8 7
110000 120000 21 21 29 13274 0 0 52 756 0 0 286 18 70 76 4400 4400 4400 0 128 128 128 0 4 5
120000 130000 22 19 249 149262 0 0 416 291831 0 0 962 0 365 326 4400 4400 4400 0 128 128 128 0 5 4
130000 140000 6 5 18 19197 0 0 28 910 0 0 429 0 177 176 4400 3000 3600 748 128 128 128 0 7 5
140000 150000 3 3 10 12903 0 0 15 756 0 0 478 260 335 123 4400 4400 4400 0 128 128 128 0 6 6
150000 160000 11 7 16 12273 0 0 27 880 0 0 836 0 308 239 4400 3000 3233 571 128 128 128 0 6 5
160000 170000 5 5 14 16617 0 0 23 1281 0 0 296 18 181 148 3000 3000 3000 0 128 128 128 0 4 4
170000 180000 4 4 12 9553 0 0 15 775 0 0 265 16 126 128 4400 3000 3400 683 128 128 128 0 7 7
180000 190000 10 9 92 138339 0 0 164 12971 0 0 959 57 439 260 4400 4400 4400 0 128 128 128 0 5 5
190000 200000 3 3 11 11996 0 0 17 833 0 0 290 87 219 114 4400 4400 4400 0 128 128 128 0 5 5
200000 210000 3 3 12 15143 0 0 20 1281 0 0 287 281 283 2 4400 4400 4400 0 128 128 128 0 6 6
210000 220000 8 8 16 12233 0 0 31 1259 0 0 443 18 245 149 4400 4400 4400 0 128 128 128 0 5 6
220000 230000 2 2 8 10970 0 0 14 756 0 0 259 258 258 0 4400 3000 3400 683 128 128 128 0 7 6
230000 240000 6 6 12 12710 0 0 20 756 0 0 259 18 108 117 4400 4400 4400 0 128 128 128 0 6 6
240000 250000 13 13 197 151789 0 0 329 211752 0 0 968 235 394 190 4400 3000 3700 748 128 128 128 0 8 8
250000 260000 4 4 25 24633 0 0 35 5100 0 0 485 74 264 217 4400 4400 4400 0 128 128 128 0 4 4
260000 270000 2 2 8 10012 0 0 13 1250 0 0 266 258 262 5 4400 3000 3233 571 128 128 128 0 6 6
270000 280000 6 6 12 11662 0 0 26 924 0 0 296 260 275 15 4400 3000 3400 683 128 128 128 0 7 7
280000 290000 5 5 14 17581 0 0 23 1325 0 0 284 19 175 142 4400 3000 3933 722 128 128 128 0 6 6
290000 300000 4 4 10 11886 0 0 16 800 0 0 281 18 148 149 4400 3000 3200 529 128 128 128 0 7 7
300000 310000 0 0 0 0 0 0 0 0 0 0 0 0 0 0 0 0 0 0 0 0 0 0 0 0
