ts te nbins ncons c_tcp_packs c_tcp_bytes c_udp_packs c_udp_bytes s_tcp_packs s_tcp_bytes s_udp_packs s_udp_bytes max_bins_span min_bins_span avg_bins_span std_bins_span max_video_rate min_video_rate avg_video_rate std_video_rate max_audio_rate min_audio_rate avg_audio_rate std_audio_rate video_requests audio_requests
0 10000 76 52 1338 114646 204 57409 1939 2266572 322 270363 999 0 358 331 2300 840 1570 842 128 128 128 0 4 5
10000 20000 38 18 2845 40915 175 70090 4065 5613940 289 194937 999 21 568 360 1500 480 692 382 128 128 128 0 13 12
20000 30000 14 6 2101 34296 0 0 2940 4034640 0 0 999 15 668 371 1500 1500 1500 0 128 128 128 0 5 5
30000 40000 24 22 89 148131 13 6639 132 7415 16 8004 605 17 91 126 3000 1500 2485 558 128 128 128 0 7 7
40000 50000 26 26 65 29925 3 702 80 15901 3 148 722 15 109 175 3000 3000 3000 0 128 128 128 0 5 5
50000 60000 23 22 44 17850 0 0 53 7607 0 0 261 14 58 72 4400 3000 3933 722 128 128 128 0 6 6
60000 70000 23 23 111 150778 3 720 177 6334 3 148 342 0 83 93 4400 4400 4400 0 128 128 128 0 6 6
70000 80000 8 8 17 12911 0 0 22 952 0 0 247 16 89 91 4400 4400 4400 0 128 128 128 0 5 5
80000 90000 9 9 18 15227 3 701 22 1380 3 148 238 16 119 102 4400 4400 4400 0 128 128 128 0 5 5
90000 100000 26 26 30 11103 14 7937 36 932 20 10601 202 15 44 49 4400 4400 4400 0 128 128 128 0 5 5
100000 110000 10 10 17 10957 0 0 21 875 0 0 210 17 58 78 4400 4400 4400 0 128 128 128 0 6 5
110000 120000 5 5 11 10344 0 0 15 844 0 0 249 16 109 124 4400 4400 4400 0 128 128 128 0 5 6
120000 130000 29 23 612 150439 54 28575 800 852541 73 27631 999 16 344 313 4400 4400 4400 0 128 128 128 0 5 5
130000 140000 16 16 35 25845 0 0 46 5267 0 0 332 21 82 104 4400 4400 4400 0 128 128 128 0 5 5
140000 150000 17 17 25 10614 0 0 27 921 0 0 183 0 36 53 4400 4400 4400 0 128 128 128 0 5 5
150000 160000 6 6 10 10736 16 8000 16 906 18 9303 236 62 165 74 4400 4400 4400 0 128 128 128 0 5 5
160000 170000 12 12 26 15752 6 2778 31 1576 9 6248 617 15 133 178 4400 4400 4400 0 128 128 128 0 6 6
170000 180000 7 7 14 12776 0 0 17 844 0 0 252 15 85 110 4400 4400 4400 0 128 128 128 0 5 5
180000 190000 22 22 74 119520 5 2230 121 1427 5 420 357 15 67 99 4400 4400 4400 0 128 128 128 0 5 5
190000 200000 12 12 35 19923 0 0 41 5478 0 0 297 17 86 102 4400 4400 4400 0 128 128 128 0 5 5
200000 210000 7 7 17 15574 3 678 21 1445 3 156 306 15 148 110 4400 4400 4400 0 128 128 128 0 6 5
210000 220000 13 13 20 11334 18 8138 24 925 18 8069 299 16 100 104 4400 4400 4400 0 128 128 128 0 5 6
220000 230000 13 13 19 10969 0 0 23 831 0 0 601 14 80 165 4400 4400 4400 0 128 128 128 0 5 5
230000 240000 20 20 28 10934 0 0 33 878 0 0 198 16 46 53 4400 4400 4400 0 128 128 128 0 5 5
240000 250000 38 29 1578 133957 39 21703 2244 2860026 46 19176 999 46 334 325 4400 2300 3140 1150 128 128 128 0 5 7
250000 260000 9 9 81 28882 0 0 108 91979 0 0 506 8 171 166 3000 1500 2333 790 128 128 128 0 9 7
260000 270000 4 4 16 13827 0 0 20 916 0 0 235 19 148 95 4400 3000 3700 766 128 128 128 0 6 6
270000 280000 11 11 15 11560 15 7974 21 862 18 9326 231 14 78 78 4400 4400 4400 0 128 128 128 0 5 5
280000 290000 14 14 29 16342 0 0 35 1532 0 0 343 15 91 118 4400 4400 4400 0 128 128 128 0 5 5
290000 300000 5 5 11 11053 0 0 15 800 0 0 232 15 86 101 4400 4400 4400 0 128 128 128 0 5 5
300000 310000 0 0 0 0 0 0 0 0 0 0 0 0 0 0 0 0 0 0 0 0 0 0 0 0
