ts te nbins ncons c_tcp_packs c_tcp_bytes c_udp_packs c_udp_bytes s_tcp_packs s_tcp_bytes s_udp_packs s_udp_bytes max_bins_span min_bins_span avg_bins_span std_bins_span max_video_rate min_video_rate avg_video_rate std_video_rate max_audio_rate min_audio_rate avg_audio_rate std_audio_rate video_requests audio_requests
0 1000 1 1 8 2138 0 0 17 20442 0 0 182 182 182 0 0 0 0 0 0 0 0 0 0 0
1000 2000 4 4 621 11678 0 0 641 1004024 0 0 864 107 488 395 4400 4400 4400 0 128 128 128 0 3 3
2000 3000 2 2 1289 5383 0 0 1892 3074633 0 0 797 761 779 24 4400 4400 4400 0 128 128 128 0 3 3
3000 4000 2 2 383 1144 0 0 1161 1792760 0 0 768 134 451 448 4400 4400 4400 0 0 0 0 0 1 0
4000 5000 3 2 341 4823 0 0 1296 2038890 0 0 661 209 510 260 4400 4400 4400 0 128 128 128 0 2 3
5000 6000 3 2 307 2062 0 0 1118 1805079 0 0 328 168 252 80 4400 4400 4400 0 128 128 128 0 1 1
6000 7000 1 1 3 0 0 0 3 24 0 0 840 840 840 0 0 0 0 0 0 0 0 0 0 0
7000 8000 2 2 230 2502 0 0 716 1111160 0 0 723 168 446 392 4400 4400 4400 0 128 128 128 0 1 1
9000 10000 3 3 520 3332 0 0 1222 2002489 0 0 277 79 195 103 8000 8000 8000 0 128 128 128 0 2 1
11000 12000 2 2 362 2502 0 0 1221 2016049 0 0 378 291 334 61 8000 8000 8000 0 128 128 128 0 1 1
13000 14000 2 2 355 2502 0 0 1211 1828897 0 0 258 161 209 69 8000 8000 8000 0 128 128 128 0 1 1
15000 16000 2 2 465 2502 0 0 1283 1990329 0 0 368 186 277 128 8000 8000 8000 0 128 128 128 0 1 1
17000 18000 2 2 458 2502 0 0 1311 2029005 0 0 271 257 264 9 8000 8000 8000 0 128 128 128 0 1 1
19000 20000 2 2 327 2502 0 0 1176 1961745 0 0 278 236 257 29 8000 8000 8000 0 128 128 128 0 1 1
21000 22000 2 2 404 2502 0 0 1069 1982368 0 0 591 139 365 319 8000 8000 8000 0 128 128 128 0 1 1
23000 24000 2 2 281 2502 0 0 1170 1730495 0 0 494 181 337 221 8000 8000 8000 0 128 128 128 0 1 1
25000 26000 2 2 410 2502 0 0 1351 2219545 0 0 589 190 389 282 8000 8000 8000 0 128 128 128 0 1 1
27000 28000 2 2 318 2502 0 0 1149 1929890 0 0 522 193 358 232 8000 8000 8000 0 128 128 128 0 1 1
29000 30000 4 4 678 6289 0 0 2456 3875097 0 0 554 159 297 176 8000 8000 8000 0 128 128 128 0 2 2
31000 32000 2 2 338 2502 0 0 1202 2013938 0 0 357 251 304 75 8000 8000 8000 0 128 128 128 0 1 1
33000 34000 2 2 417 2502 0 0 1135 1766234 0 0 251 250 250 0 8000 8000 8000 0 128 128 128 0 1 1
34000 35000 1 1 2 0 0 0 2 21 0 0 594 594 594 0 0 0 0 0 0 0 0 0 0 0
35000 36000 3 3 356 2502 0 0 1108 1865373 0 0 675 65 296 331 8000 8000 8000 0 128 128 128 0 1 1
37000 38000 2 2 304 2502 0 0 1041 1996024 0 0 532 191 361 241 8000 8000 8000 0 128 128 128 0 1 1
39000 40000 2 2 325 2502 0 0 1063 1839987 0 0 293 193 243 71 8000 8000 8000 0 128 128 128 0 1 1
41000 42000 2 2 366 2502 0 0 1216 1870169 0 0 254 245 250 6 8000 8000 8000 0 128 128 128 0 1 1
43000 44000 2 2 354 2502 0 0 1219 1951406 0 0 517 509 513 5 8000 8000 8000 0 128 128 128 0 1 1
45000 46000 2 2 332 2502 0 0 1314 2047370 0 0 269 221 245 33 8000 8000 8000 0 128 128 128 0 1 1
47000 48000 2 2 383 2502 0 0 1117 1937855 0 0 665 470 567 137 8000 8000 8000 0 128 128 128 0 1 1
49000 50000 2 2 343 2502 0 0 1227 1896729 0 0 334 291 313 30 8000 8000 8000 0 128 128 128 0 1 1
51000 52000 2 2 247 2502 0 0 1165 1908994 0 0 568 205 387 256 8000 8000 8000 0 128 128 128 0 1 1
53000 54000 2 2 453 2502 0 0 1244 2075112 0 0 289 272 281 11 8000 8000 8000 0 128 128 128 0 1 1
55000 56000 2 2 342 2502 0 0 1258 1976886 0 0 544 229 386 222 8000 8000 8000 0 128 128 128 0 1 1
57000 58000 2 2 335 2502 0 0 1027 1972961 0 0 830 209 519 439 8000 8000 8000 0 128 128 128 0 1 1
59000 60000 5 4 157 2422 0 0 568 950442 0 0 956 0 298 387 8000 8000 8000 0 128 128 128 0 2 2
60000 61000 4 3 614 1761 0 0 1797 2937337 0 0 890 43 362 366 0 0 0 0 0 0 0 0 0 0
61000 62000 2 2 9 2989 0 0 10 3464 0 0 136 101 118 24 0 0 0 0 0 0 0 0 0 0
63000 64000 2 2 328 2502 0 0 1063 1991571 0 0 693 194 443 352 8000 8000 8000 0 128 128 128 0 1 1
65000 66000 2 2 326 2502 0 0 1138 1982392 0 0 313 235 274 54 8000 8000 8000 0 128 128 128 0 1 1
66000 67000 1 1 2 0 0 0 2 17 0 0 158 158 158 0 0 0 0 0 0 0 0 0 0 0
67000 68000 3 3 364 2502 0 0 1262 1982184 0 0 296 61 163 120 8000 8000 8000 0 128 128 128 0 1 1
69000 70000 2 2 353 2502 0 0 1077 1816723 0 0 260 244 252 11 8000 8000 8000 0 128 128 128 0 1 1
71000 72000 2 2 305 2502 0 0 1221 1846172 0 0 229 220 225 6 8000 8000 8000 0 128 128 128 0 1 1
73000 74000 2 2 352 2502 0 0 1186 1985001 0 0 296 219 257 54 8000 8000 8000 0 128 128 128 0 1 1
75000 76000 2 2 383 2502 0 0 1194 1966359 0 0 538 168 353 261 8000 8000 8000 0 128 128 128 0 1 1
77000 78000 3 3 741 4184 0 0 2408 3816879 0 0 547 313 404 125 8000 8000 8000 0 128 128 128 0 2 2
79000 80000 2 2 312 2502 0 0 1256 1968329 0 0 547 208 377 239 8000 8000 8000 0 128 128 128 0 1 1
81000 82000 2 2 349 2502 0 0 1248 2019884 0 0 464 226 345 167 8000 8000 8000 0 128 128 128 0 1 1
83000 84000 2 2 358 2502 0 0 1172 1973194 0 0 683 528 606 109 8000 8000 8000 0 128 128 128 0 1 1
85000 86000 2 2 409 2502 0 0 1166 1912784 0 0 547 223 385 228 8000 8000 8000 0 128 128 128 0 1 1
87000 88000 2 2 349 2502 0 0 1320 2004166 0 0 249 201 225 33 8000 8000 8000 0 128 128 128 0 1 1
89000 90000 2 2 391 2502 0 0 1212 1897571 0 0 537 165 351 262 8000 8000 8000 0 128 128 128 0 1 1
91000 92000 2 2 434 2502 0 0 1296 2007137 0 0 325 193 259 93 8000 8000 8000 0 128 128 128 0 1 1
93000 94000 2 2 349 2430 0 0 899 1824623 0 0 822 254 538 401 8000 8000 8000 0 128 128 128 0 1 1
94000 95000 1 1 30 71 0 0 81 166068 0 0 23 23 23 0 0 0 0 0 0 0 0 0 0 0
95000 96000 2 2 371 2502 0 0 1060 1825237 0 0 513 197 355 223 8000 8000 8000 0 128 128 128 0 1 1
97000 98000 2 2 394 2502 0 0 1212 2028300 0 0 314 255 285 41 8000 8000 8000 0 128 128 128 0 1 1
99000 100000 2 2 387 2502 0 0 1258 2018178 0 0 286 274 280 8 8000 8000 8000 0 128 128 128 0 1 1
101000 102000 2 2 336 2502 0 0 1322 1963240 0 0 332 227 280 73 8000 8000 8000 0 128 128 128 0 1 1
103000 104000 2 2 390 2502 0 0 1125 1988720 0 0 621 538 580 59 8000 8000 8000 0 128 128 128 0 1 1
105000 106000 2 2 353 2502 0 0 1178 1908427 0 0 408 193 301 151 8000 8000 8000 0 128 128 128 0 1 1
107000 108000 2 2 395 2502 0 0 1296 2030556 0 0 383 176 280 146 8000 8000 8000 0 128 128 128 0 1 1
109000 110000 2 2 351 2502 0 0 1115 1897312 0 0 314 268 291 32 8000 8000 8000 0 128 128 128 0 1 1
111000 112000 3 3 671 3973 0 0 2113 3236273 0 0 749 417 572 167 8000 8000 8000 0 128 128 128 0 2 2
112000 113000 2 1 150 1553 0 0 372 590471 0 0 749 250 499 353 0 0 0 0 0 0 0 0 0 0
113000 114000 3 2 101 1042 0 0 282 459480 0 0 840 12 343 438 8000 8000 8000 0 128 128 128 0 1 1
114000 115000 2 1 267 833 0 0 838 1317116 0 0 821 134 478 485 0 0 0 0 0 0 0 0 0 0
115000 116000 1 1 36 102 0 0 114 179941 0 0 117 117 117 0 0 0 0 0 0 0 0 0 0 0
118000 119000 3 3 736 4703 0 0 2086 3347669 0 0 650 140 420 258 8000 8000 8000 0 128 128 128 0 2 2
119000 120000 1 1 87 300 0 0 230 376305 0 0 143 143 143 0 0 0 0 0 0 0 0 0 0 0
121000 122000 2 2 409 2502 0 0 1222 1882446 0 0 303 203 253 71 8000 8000 8000 0 128 128 128 0 1 1
123000 124000 2 2 340 2502 0 0 1127 1860839 0 0 456 164 310 206 8000 8000 8000 0 128 128 128 0 1 1
125000 126000 3 3 704 5024 0 0 2473 4034589 0 0 595 246 460 187 8000 8000 8000 0 128 128 128 0 2 2
127000 128000 2 2 362 2502 0 0 1202 1945476 0 0 661 191 426 332 8000 8000 8000 0 128 128 128 0 1 1
129000 130000 2 2 324 2502 0 0 1217 1939268 0 0 251 139 195 79 8000 8000 8000 0 128 128 128 0 1 1
131000 132000 2 2 346 2502 0 0 1321 2080395 0 0 318 147 232 121 8000 8000 8000 0 128 128 128 0 1 1
133000 134000 2 2 308 2502 0 0 1248 1957582 0 0 273 216 244 39 8000 8000 8000 0 128 128 128 0 1 1
135000 136000 2 2 309 2502 0 0 1225 2022201 0 0 501 408 454 65 8000 8000 8000 0 128 128 128 0 1 1
137000 138000 2 2 410 2502 0 0 1190 1889625 0 0 481 164 323 223 8000 8000 8000 0 128 128 128 0 1 1
139000 140000 2 2 364 2502 0 0 1183 1913195 0 0 384 188 286 138 8000 8000 8000 0 128 128 128 0 1 1
141000 142000 2 2 347 2502 0 0 1265 1951288 0 0 337 247 292 64 8000 8000 8000 0 128 128 128 0 1 1
143000 144000 1 1 2 820 0 0 3 2912 0 0 145 145 145 0 0 0 0 0 0 0 0 0 0 0
145000 146000 2 2 306 3342 0 0 1201 2056296 0 0 562 320 441 171 8000 8000 8000 0 128 128 128 0 1 1
147000 148000 2 2 619 5297 0 0 2091 3553336 0 0 957 755 856 142 8000 8000 8000 0 128 128 128 0 2 2
148000 149000 3 2 389 1352 0 0 1388 2258755 0 0 939 34 379 488 8000 8000 8000 0 128 128 128 0 1 1
149000 150000 2 1 15 36 0 0 55 87750 0 0 59 43 51 11 0 0 0 0 0 0 0 0 0 0
151000 152000 4 4 612 6353 0 0 1697 2734063 0 0 915 217 417 333 8000 8000 8000 0 128 128 128 0 2 2
152000 153000 1 1 221 697 0 0 638 970015 0 0 719 719 719 0 0 0 0 0 0 0 0 0 0 0
153000 154000 1 1 39 122 0 0 112 170830 0 0 126 126 126 0 0 0 0 0 0 0 0 0 0 0
155000 156000 2 2 306 2502 0 0 1126 2020372 0 0 275 146 210 91 8000 8000 8000 0 128 128 128 0 1 1
156000 157000 1 1 2 0 0 0 2 21 0 0 609 609 609 0 0 0 0 0 0 0 0 0 0 0
157000 158000 3 3 279 2502 0 0 1147 2027729 0 0 245 64 156 90 8000 8000 8000 0 128 128 128 0 1 1
159000 160000 2 2 244 2502 0 0 886 1882293 0 0 296 166 231 92 8000 8000 8000 0 128 128 128 0 1 1
161000 162000 2 2 453 2502 0 0 1298 2046965 0 0 632 166 399 330 8000 8000 8000 0 128 128 128 0 1 1
163000 164000 2 2 387 2502 0 0 1234 1901331 0 0 348 311 329 26 8000 8000 8000 0 128 128 128 0 1 1
165000 166000 1 1 1 820 0 0 1 0 0 0 19 19 19 0 0 0 0 0 0 0 0 0 0 0
166000 167000 1 1 229 474 0 0 669 1103763 0 0 253 253 253 0 8000 8000 8000 0 0 0 0 0 1 0
167000 168000 3 3 620 4529 0 0 1751 2882986 0 0 645 221 392 223 8000 8000 8000 0 128 128 128 0 1 2
169000 170000 2 2 389 2502 0 0 1283 2019809 0 0 442 184 313 182 8000 8000 8000 0 128 128 128 0 1 1
171000 172000 2 2 356 2502 0 0 1139 1943490 0 0 505 204 355 213 8000 8000 8000 0 128 128 128 0 1 1
173000 174000 2 2 493 3819 0 0 1517 3041080 0 0 956 792 874 115 8000 8000 8000 0 128 128 128 0 2 2
174000 175000 3 2 134 1051 0 0 444 879223 0 0 792 6 335 408 0 0 0 0 0 0 0 0 0 0
175000 176000 3 2 432 1810 0 0 1144 1909545 0 0 258 65 159 96 8000 8000 8000 0 128 128 128 0 1 1
176000 177000 1 1 1 3 0 0 4 7666 0 0 1 1 1 0 0 0 0 0 0 0 0 0 0 0
177000 178000 2 2 434 2463 0 0 1246 1907554 0 0 864 258 561 428 8000 8000 8000 0 128 128 128 0 1 1
178000 179000 1 1 19 38 0 0 58 89956 0 0 12 12 12 0 0 0 0 0 0 0 0 0 0 0
179000 180000 2 2 397 2502 0 0 1224 1943863 0 0 290 268 279 15 8000 8000 8000 0 128 128 128 0 1 1
181000 182000 2 2 412 2502 0 0 1196 1959498 0 0 332 311 322 14 8000 8000 8000 0 128 128 128 0 1 1
183000 184000 2 2 442 2502 0 0 1293 2041398 0 0 347 234 291 80 8000 8000 8000 0 128 128 128 0 1 1
185000 186000 2 2 318 2369 0 0 778 1254290 0 0 837 322 580 364 8000 8000 8000 0 128 128 128 0 1 1
186000 187000 2 1 136 1455 0 0 333 521118 0 0 790 156 473 448 0 0 0 0 0 0 0 0 0 0
187000 188000 3 2 494 1178 0 0 1376 2114345 0 0 251 11 154 126 8000 8000 8000 0 128 128 128 0 1 1
189000 190000 2 2 447 2502 0 0 1320 2021343 0 0 277 193 235 59 8000 8000 8000 0 128 128 128 0 1 1
191000 192000 2 2 377 2502 0 0 1194 1938180 0 0 353 200 277 108 8000 8000 8000 0 128 128 128 0 1 1
193000 194000 2 2 437 2502 0 0 1222 2005109 0 0 376 191 283 131 8000 8000 8000 0 128 128 128 0 1 1
195000 196000 2 2 351 2502 0 0 1246 1919224 0 0 278 150 214 90 8000 8000 8000 0 128 128 128 0 1 1
197000 198000 2 2 532 2502 0 0 1243 1959113 0 0 231 201 216 21 8000 8000 8000 0 128 128 128 0 1 1
199000 200000 2 2 470 2502 0 0 1346 2034672 0 0 244 241 242 1 8000 8000 8000 0 128 128 128 0 1 1
201000 202000 2 2 319 2502 0 0 1017 1824791 0 0 267 186 226 57 8000 8000 8000 0 128 128 128 0 1 1
203000 204000 2 2 407 2502 0 0 1371 2116307 0 0 254 220 237 24 8000 8000 8000 0 128 128 128 0 1 1
205000 206000 2 2 454 2502 0 0 1230 1945233 0 0 256 244 250 8 8000 8000 8000 0 128 128 128 0 1 1
207000 208000 2 2 409 2502 0 0 1191 2008764 0 0 279 261 270 12 8000 8000 8000 0 128 128 128 0 1 1
209000 210000 2 2 387 2502 0 0 1233 1931960 0 0 352 130 241 157 8000 8000 8000 0 128 128 128 0 1 1
211000 212000 2 2 366 2502 0 0 1068 1968580 0 0 361 166 264 137 8000 8000 8000 0 128 128 128 0 1 1
212000 213000 1 1 2 0 0 0 1 22 0 0 909 909 909 0 0 0 0 0 0 0 0 0 0 0
213000 214000 3 3 324 2502 0 0 1243 2012746 0 0 448 42 207 213 8000 8000 8000 0 128 128 128 0 1 1
215000 216000 2 2 344 2502 0 0 1155 1989119 0 0 373 128 250 172 8000 8000 8000 0 128 128 128 0 1 1
217000 218000 2 2 244 2502 0 0 1003 1945291 0 0 327 69 198 182 8000 8000 8000 0 128 128 128 0 1 1
219000 220000 2 2 413 3342 0 0 1183 1906009 0 0 578 351 465 160 8000 8000 8000 0 128 128 128 0 1 1
221000 222000 3 3 863 6385 0 0 2378 3853342 0 0 684 187 463 253 8000 8000 8000 0 128 128 128 0 2 2
223000 224000 2 2 304 2356 0 0 726 1203568 0 0 816 219 518 422 8000 8000 8000 0 128 128 128 0 1 1
224000 225000 2 1 172 1448 0 0 476 761007 0 0 773 171 472 426 0 0 0 0 0 0 0 0 0 0
225000 226000 2 2 405 1199 0 0 1304 2083300 0 0 212 197 204 10 8000 8000 8000 0 128 128 128 0 1 1
226000 227000 1 1 2 0 0 0 2 20 0 0 506 506 506 0 0 0 0 0 0 0 0 0 0 0
227000 228000 2 2 1 820 0 0 1 3 0 0 79 33 56 32 0 0 0 0 0 0 0 0 0 0
229000 230000 1 1 2 820 0 0 3 2913 0 0 27 27 27 0 0 0 0 0 0 0 0 0 0 0
231000 232000 1 1 2 820 0 0 3 2913 0 0 26 26 26 0 0 0 0 0 0 0 0 0 0 0
233000 234000 3 3 359 5783 0 0 1021 1790632 0 0 845 210 515 318 8000 288 2858 4452 128 128 128 0 3 2
234000 235000 3 2 276 5957 0 0 775 1317114 0 0 580 143 416 238 4400 288 2344 2907 128 128 128 0 2 2
235000 236000 3 2 261 1336 0 0 746 1258059 0 0 159 48 112 57 4400 4400 4400 0 128 128 128 0 1 1
237000 238000 2 2 256 2502 0 0 631 1103716 0 0 603 88 345 364 4400 4400 4400 0 128 128 128 0 1 1
239000 240000 2 2 28 2502 0 0 32 58110 0 0 743 60 402 482 4400 4400 4400 0 128 128 128 0 1 1
240000 241000 1 1 474 784 0 0 601 1002306 0 0 949 949 949 0 0 0 0 0 0 0 0 0 0 0
241000 242000 3 2 321 1717 0 0 732 1144428 0 0 684 43 384 322 4400 4400 4400 0 128 128 128 0 1 1
243000 244000 2 2 282 2502 0 0 663 1020847 0 0 536 71 304 328 4400 4400 4400 0 128 128 128 0 1 1
245000 246000 2 2 289 2502 0 0 816 1202270 0 0 768 68 418 494 4400 4400 4400 0 128 128 128 0 1 1
247000 248000 2 2 258 2502 0 0 691 1077525 0 0 470 117 293 249 4400 4400 4400 0 128 128 128 0 1 1
249000 250000 2 2 167 2023 0 0 499 818542 0 0 774 202 488 404 8000 8000 8000 0 128 128 128 0 1 1
250000 251000 3 3 535 2863 0 0 1781 2921009 0 0 859 81 402 406 8000 8000 8000 0 128 128 128 0 1 1
251000 252000 2 1 24 116 0 0 86 140325 0 0 65 1 33 45 0 0 0 0 0 0 0 0 0 0
253000 254000 2 2 467 2502 0 0 1248 2023847 0 0 489 363 426 88 8000 8000 8000 0 128 128 128 0 1 1
255000 256000 2 2 409 2502 0 0 1152 1925897 0 0 523 516 520 5 8000 8000 8000 0 128 128 128 0 1 1
257000 258000 2 2 449 2502 0 0 1315 2022825 0 0 264 145 204 83 8000 8000 8000 0 128 128 128 0 1 1
259000 260000 2 2 383 2502 0 0 1151 1862743 0 0 526 399 463 89 8000 8000 8000 0 128 128 128 0 1 1
261000 262000 2 2 344 2502 0 0 1219 2075452 0 0 381 257 319 87 8000 8000 8000 0 128 128 128 0 1 1
263000 264000 2 2 324 2502 0 0 937 1852148 0 0 368 131 250 167 8000 8000 8000 0 128 128 128 0 1 1
265000 266000 2 2 405 2502 0 0 1110 2030742 0 0 570 192 381 267 8000 8000 8000 0 128 128 128 0 1 1
267000 268000 2 2 408 3342 0 0 1147 2011524 0 0 536 341 439 138 8000 8000 8000 0 128 128 128 0 1 1
269000 270000 2 2 402 2502 0 0 1229 2006966 0 0 484 87 286 280 8000 8000 8000 0 128 128 128 0 1 1
271000 272000 2 2 770 4184 0 0 2309 3766523 0 0 430 425 427 3 8000 8000 8000 0 128 128 128 0 2 2
273000 274000 2 2 471 2502 0 0 1256 2064904 0 0 685 664 674 14 8000 8000 8000 0 128 128 128 0 1 1
275000 276000 2 2 270 3481 0 0 769 1270552 0 0 956 246 601 502 8000 8000 8000 0 128 128 128 0 1 1
276000 277000 3 2 592 1463 0 0 1643 2524788 0 0 925 23 367 488 8000 8000 8000 0 128 128 128 0 1 1
277000 278000 2 1 34 58 0 0 93 138840 0 0 71 1 36 49 0 0 0 0 0 0 0 0 0 0
279000 280000 2 2 446 2502 0 0 1273 1986531 0 0 483 173 328 219 8000 8000 8000 0 128 128 128 0 1 1
281000 282000 2 2 405 2502 0 0 1152 2016137 0 0 551 200 375 248 8000 8000 8000 0 128 128 128 0 1 1
283000 284000 2 2 323 2502 0 0 1139 2020374 0 0 246 239 242 4 8000 8000 8000 0 128 128 128 0 1 1
285000 286000 2 2 326 2502 0 0 1156 1943330 0 0 268 141 204 89 8000 8000 8000 0 128 128 128 0 1 1
287000 288000 2 2 394 2502 0 0 1194 1924077 0 0 543 97 320 314 8000 8000 8000 0 128 128 128 0 1 1
289000 290000 2 2 323 2502 0 0 1268 1992721 0 0 255 164 209 64 8000 8000 8000 0 128 128 128 0 1 1
291000 292000 2 2 355 2502 0 0 1111 1909787 0 0 301 165 233 96 8000 8000 8000 0 128 128 128 0 1 1
293000 294000 4 4 892 7705 0 0 2348 3902112 0 0 953 477 648 210 8000 8000 8000 0 128 128 128 0 2 2
294000 295000 1 1 16 130 0 0 48 80368 0 0 38 38 38 0 0 0 0 0 0 0 0 0 0 0
