ts te nbins ncons c_pkts_all c_bytes_all s_pkts_all s_bytes_all max_bin_duration min_bin_duration avg_bin_duration std_bin_duration max_video_rate min_video_rate avg_video_rate std_video_rate max_audio_rate min_audio_rate avg_audio_rate std_audio_rate video_reqs audio_reqs media_reqs
0.0 2000.0 0 0 0.0 0.0 0.0 0.0 0.0 0.0 0.0 0.0 0.0 0.0 0.0 0.0 0.0 0.0 0.0 0.0 0 0 
2000.0 4000.0 0 0 0.0 0.0 0.0 0.0 0.0 0.0 0.0 0.0 0.0 0.0 0.0 0.0 0.0 0.0 0.0 0.0 0 0 
4000.0 6000.0 0 0 0.0 0.0 0.0 0.0 0.0 0.0 0.0 0.0 0.0 0.0 0.0 0.0 0.0 0.0 0.0 0.0 0 0 
6000.0 8000.0 2 1 386.79966063525495 30275.963692957128 1048.1240606868664 1496997.726966944 998.695000000007 792.222900390625 895.458950195316 145.99782175961832 3000.0 1500.0 2100.0 821.5838362577492 128.0 128.0 128.0 0.0 5 6 1.0
8000.0 10000.0 3 1 302.65034679169617 19076.87784150648 806.972390695912 1159665.2720171069 997.9040000000386 205.8550996092963 664.3750221354034 410.5513577350236 1500.0 1500.0 1500.0 0.0 128.0 128.0 128.0 0.0 2 1 1.0
10000.0 12000.0 3 1 306.92658183634717 19478.0785503277 898.3449966793587 1297116.21772627 999.9969999999739 208.47803320310777 665.5643502604022 409.7664094086527 1500.0 1500.0 1500.0 0.0 128.0 128.0 128.0 0.0 3 4 1.0
12000.0 14000.0 2 1 118.62341073670169 6521.079915208691 376.5585519378628 541893.783289679 445.39000000001397 206.7459824218531 326.06799121093354 168.7468031191192 1500.0 1500.0 1500.0 0.0 0.0 0.0 0.0 0.0 1 0 1.0
14000.0 16000.0 2 1 253.0 16331.0 811.0 1167001.0 999.8510000000242 408.85800000000745 704.3545000000158 417.89515793379314 2300.0 2300.0 2300.0 0.0 128.0 128.0 128.0 0.0 3 3 1.0
16000.0 18000.0 2 1 237.08803983111437 14498.691997087819 722.3586308341465 1037002.7241507705 998.4710000000196 511.950927734375 755.2109638671973 344.0216422824064 6500.0 6500.0 6500.0 0.0 128.0 128.0 128.0 0.0 2 2 1.0
18000.0 20000.0 3 1 344.32270764137377 18334.42070025642 1107.5672793837425 1600519.0311854123 999.9210000000312 469.47998046875 650.8316842447966 302.3968396903425 6500.0 6500.0 6500.0 0.0 128.0 128.0 128.0 0.0 1 1 1.0
20000.0 22000.0 2 1 100.58925252751189 4960.887302655761 325.0740897821109 466505.2446638173 523.5300195312593 32.070999999996275 277.8005097656278 347.514005385848 0.0 0.0 0.0 0.0 0.0 0.0 0.0 0.0 0 0 1.0
22000.0 24000.0 2 1 264.0512603603084 15582.058618073039 876.3543741916586 1265230.5513262884 998.9980000000214 513.50390625 756.2509531250107 343.29616591665757 6500.0 6500.0 6500.0 0.0 128.0 128.0 128.0 0.0 1 2 1.0
24000.0 26000.0 3 1 380.1572175389963 21006.101717323752 1291.1639063632033 1874163.6475544 999.0860000000102 486.2250937499921 665.7273958333341 288.98165782271735 4400.0 4400.0 4400.0 0.0 128.0 128.0 128.0 0.0 3 2 1.0
26000.0 28000.0 3 1 347.8197618845468 18992.585934431005 1185.220007076099 1714725.6702014331 999.4560000000056 486.8079062500037 664.1040006510448 290.58263682308524 4400.0 4400.0 4400.0 0.0 128.0 128.0 128.0 0.0 1 2 1.0
28000.0 30000.0 3 1 350.7166626959243 18987.122493446386 1163.7216228836476 1684763.7167107412 993.1990000000224 492.710904296895 663.3059869791808 285.7515641999991 4400.0 4400.0 4400.0 0.0 128.0 128.0 128.0 0.0 2 1 1.0
30000.0 32000.0 2 1 213.25509752022424 10280.131236725818 643.5400894853917 922001.4142071375 622.5580000000191 495.35194335936103 558.9549716796901 89.94826525860937 0.0 0.0 0.0 0.0 0.0 0.0 0.0 0.0 0 0 1.0
32000.0 34000.0 2 1 250.20867897445368 16172.785700712699 841.2912228509193 1211877.3370323337 995.6539999999222 513.385986328125 754.5199931640236 341.01498281669444 6500.0 6500.0 6500.0 0.0 128.0 128.0 128.0 0.0 3 3 1.0
34000.0 36000.0 3 1 367.10586327957986 19070.104008323433 1182.5197322841782 1713369.4261142295 998.5350000000326 483.22401367191924 664.326653645859 289.7712393462403 6500.0 6500.0 6500.0 0.0 128.0 128.0 128.0 0.0 1 1 1.0
36000.0 38000.0 3 1 369.68925876893695 19345.542658483737 1201.6637407136463 1741798.4450794267 998.8850000000093 488.4050527344225 664.4926803385412 289.72871066844283 6500.0 6500.0 6500.0 0.0 128.0 128.0 128.0 0.0 1 1 1.0
38000.0 40000.0 3 1 368.7404150709961 19230.763137364833 1184.7684001804912 1714089.4383088925 998.2519999999786 493.3250117187272 664.224645182277 289.30227441093876 6500.0 6500.0 6500.0 0.0 128.0 128.0 128.0 0.0 1 1 1.0
40000.0 42000.0 3 1 326.84769679073776 17359.613889390916 1100.9224121971831 1592269.8315771068 997.012999999919 496.507080078125 664.0020520833205 288.39763813287107 6500.0 6500.0 6500.0 0.0 128.0 128.0 128.0 0.0 1 1 1.0
42000.0 44000.0 3 1 375.52924471596566 20323.79568426795 1237.7976030381192 1794888.7182101258 998.6720000000205 494.791259765625 664.8833932291794 289.087100412182 6500.0 6500.0 6500.0 0.0 128.0 128.0 128.0 0.0 1 1 1.0
44000.0 46000.0 3 1 350.1116190498825 18760.086700125234 1206.4889494638408 1748644.4753142989 998.7770000000019 492.1201171875 665.148952473964 288.9971962741146 6500.0 6500.0 6500.0 0.0 128.0 128.0 128.0 0.0 1 1 1.0
46000.0 48000.0 3 1 376.7456778672457 20340.188258981496 1231.0507822818524 1784956.580404038 998.4039999999804 490.0439453125 663.3266093749941 290.242375365897 6500.0 6500.0 6500.0 0.0 128.0 128.0 128.0 0.0 1 1 1.0
48000.0 50000.0 3 1 413.5604282966265 22776.497668752654 1291.9993661215237 1873280.0608353033 998.3620000000228 484.9189453125 662.9006666666828 290.6988368458723 6500.0 6500.0 6500.0 0.0 128.0 128.0 128.0 0.0 1 1 1.0
50000.0 52000.0 3 1 368.2888134369126 20488.286068563946 1171.867875595713 1699499.0501485267 984.7000000000116 476.9951171875 658.3927239583378 283.17869127823485 6500.0 6500.0 6500.0 0.0 128.0 128.0 128.0 0.0 1 1 1.0
52000.0 54000.0 3 1 367.40577806764946 19877.87972388723 1203.2428068203762 1744904.5555031863 961.6809999999823 436.862060546875 639.4723144531212 282.11091513860686 6500.0 6500.0 6500.0 0.0 128.0 128.0 128.0 0.0 1 1 1.0
54000.0 56000.0 3 1 365.06714182599416 19596.651749927667 1266.1746821647348 1834887.638503195 999.3150000000023 436.419921875 665.0956204427057 295.9177566351207 6500.0 6500.0 6500.0 0.0 128.0 128.0 128.0 0.0 1 1 1.0
56000.0 58000.0 3 1 371.52825946019345 20201.193208530218 1162.4792564530876 1683549.8803698833 999.3859999999986 430.9951171875 664.3707317708371 297.5147278892681 6500.0 6500.0 6500.0 0.0 128.0 128.0 128.0 0.0 1 1 1.0
58000.0 60000.0 3 1 382.6606971808698 20657.582367227555 1274.5454348006854 1848773.9713305952 994.8929999999818 424.532958984375 662.6456139322836 296.6035313327835 6500.0 6500.0 6500.0 0.0 128.0 128.0 128.0 0.0 1 1 1.0
60000.0 62000.0 3 1 377.0049683822825 20372.71363106539 1214.196942010225 1760020.7287958341 999.5119999999879 419.429931640625 664.6666575521036 300.2433673308964 6500.0 6500.0 6500.0 0.0 128.0 128.0 128.0 0.0 1 1 1.0
62000.0 64000.0 3 1 379.1040213136078 20645.351457262594 1201.1361456878758 1739682.5230685242 998.6849999999977 415.544921875 664.7899967447933 300.6447994904428 6500.0 6500.0 6500.0 0.0 128.0 128.0 128.0 0.0 1 1 1.0
64000.0 66000.0 3 1 386.694711750069 21411.75082821453 1192.9010707068119 1723377.3192995852 999.5349999999744 407.652099609375 663.7997259114442 303.8617896410034 6500.0 6500.0 6500.0 0.0 128.0 128.0 128.0 0.0 1 1 1.0
66000.0 68000.0 3 1 318.07551989845257 17386.895818869663 1057.4842730451417 1530147.5913015357 999.4349999999977 405.1772460936918 665.3810488280918 303.93412581943335 6500.0 6500.0 6500.0 0.0 128.0 128.0 128.0 0.0 1 1 1.0
68000.0 70000.0 3 1 384.74882889541493 21116.447417097814 1277.49921983085 1854656.867194394 998.3699999999953 400.802978515625 664.0692441406427 305.0508324747932 6500.0 6500.0 6500.0 0.0 128.0 128.0 128.0 0.0 1 2 1.0
70000.0 72000.0 3 1 390.4491562937162 21590.189426597513 1205.092082745527 1748107.7041465053 997.5250000000233 397.514892578125 664.106971354185 305.5361074146689 6500.0 6500.0 6500.0 0.0 128.0 128.0 128.0 0.0 1 1 1.0
72000.0 74000.0 3 1 372.3881891478596 19850.08286697692 1224.4463401876947 1775326.404025374 996.109999999986 395.6953125 664.6978066406251 305.03389509832556 6500.0 6500.0 6500.0 0.0 128.0 128.0 128.0 0.0 1 1 1.0
74000.0 76000.0 3 1 355.0605864486846 18559.08316373506 1189.6967611857444 1721011.009669448 997.9230000000098 394.673095703125 665.1309277343875 306.417655966079 6500.0 6500.0 6500.0 0.0 0.0 0.0 0.0 0.0 1 0 1.0
76000.0 78000.0 3 1 319.2195970257903 17550.407003941356 1082.7901482802517 1560459.6648023373 999.756999999925 389.8369140625 659.3726061197618 311.07118432920106 6500.0 6500.0 6500.0 0.0 128.0 128.0 128.0 0.0 1 2 1.0
78000.0 80000.0 3 1 353.0327687833752 19517.31446667391 1191.9600547751218 1727320.999533477 999.4170000000158 386.200927734375 664.5143378906263 310.49999259047775 6500.0 6500.0 6500.0 0.0 128.0 128.0 128.0 0.0 1 1 1.0
80000.0 82000.0 3 1 328.7885693649872 17645.504481213804 1168.756483410223 1693428.3226731392 998.8650000000489 376.0239257811918 662.6729993489377 314.3622546545875 6500.0 6500.0 6500.0 0.0 128.0 128.0 128.0 0.0 1 1 1.0
82000.0 84000.0 3 1 328.2634590078841 18442.18222196792 1122.015206095117 1622055.1704886146 999.984999999986 375.074951171875 666.1733417968886 314.6370284978959 6500.0 6500.0 6500.0 0.0 128.0 128.0 128.0 0.0 1 2 1.0
84000.0 86000.0 3 1 315.25824259701477 22428.245507038773 1063.2712142892497 1533461.619019296 998.4579999999842 368.238037109375 663.0160286458364 317.07171089111705 4400.0 4400.0 4400.0 0.0 0.0 0.0 0.0 0.0 2 0 1.0
86000.0 88000.0 3 1 276.22577970873704 16117.043851306535 929.8085939038598 1341444.6733691778 999.9229999999516 354.885986328125 659.789649739551 323.9583852569256 4400.0 4400.0 4400.0 0.0 128.0 128.0 128.0 0.0 2 2 1.0
88000.0 90000.0 3 1 360.39394267774935 20349.801527894087 1187.922863330779 1718553.1638902118 999.9359999999288 354.116943359375 666.2869856770654 323.44485335034 4400.0 4400.0 4400.0 0.0 128.0 128.0 128.0 0.0 1 1 1.0
90000.0 92000.0 3 1 311.48159225535403 16969.64145867035 997.0147622023587 1440079.713977462 996.6979999999749 254.7260742186918 624.4983769531245 370.9919184764282 4400.0 4400.0 4400.0 0.0 128.0 128.0 128.0 0.0 1 1 1.0
92000.0 94000.0 3 1 283.9128947184171 15676.096784461666 930.8288299373909 1340173.4824147269 996.4699999999721 252.215087890625 663.9003378906249 378.3824794241743 4400.0 4400.0 4400.0 0.0 128.0 128.0 128.0 0.0 1 1 1.0
94000.0 96000.0 3 1 281.8234574677832 15526.638679711314 947.8990730673316 1366826.625421326 997.0619999999763 247.8588867186918 663.1615996093411 381.17722728129337 4400.0 4400.0 4400.0 0.0 128.0 128.0 128.0 0.0 1 1 1.0
96000.0 98000.0 3 1 246.96109320953843 14020.477332149965 786.6623283456161 1134346.6928130987 996.9640000000363 247.0869140625 664.9783424479343 382.24829901569814 4400.0 4400.0 4400.0 0.0 128.0 128.0 128.0 0.0 1 1 1.0
98000.0 100000.0 2 1 221.62304826723758 12141.161250611269 701.8053419964784 1010584.3153647905 974.2970000000205 750.352085937513 862.3245429687668 158.35296734583764 4400.0 4400.0 4400.0 0.0 128.0 128.0 128.0 0.0 1 1 1.0
100000.0 102000.0 2 1 238.20196614913846 14008.886744231997 745.4675272157781 1075702.3142007045 999.9519999999902 511.3588867186918 755.655443359341 345.4875036422531 4400.0 4400.0 4400.0 0.0 128.0 128.0 128.0 0.0 1 1 1.0
102000.0 104000.0 3 1 263.37241397751336 14768.43919728581 835.7613647840876 1203742.168043718 998.7050000000163 473.2709960936918 651.931369791661 300.361071672334 4400.0 4400.0 4400.0 0.0 128.0 128.0 128.0 0.0 1 1 1.0
104000.0 106000.0 3 1 275.0417758807181 16451.835751009945 915.8436327521968 1320076.028763364 997.4650000000256 468.2060546875 649.9856861979157 301.03329771307364 6500.0 6500.0 6500.0 0.0 128.0 128.0 128.0 0.0 2 2 1.0
106000.0 108000.0 3 1 360.7311673257274 19650.526878194047 1141.802639456319 1643252.2292052703 999.4739999999874 463.3212890625 663.3077447916536 292.87136374361785 6500.0 6500.0 6500.0 0.0 128.0 128.0 128.0 0.0 1 1 1.0
108000.0 110000.0 3 1 406.96029399829484 22336.82220456228 1206.7987666611439 1732274.8074094942 995.5420000000158 461.251953125 664.4802213541698 289.1755839218009 6500.0 6500.0 6500.0 0.0 128.0 128.0 128.0 0.0 1 1 1.0
110000.0 112000.0 3 1 326.49918582622485 17775.998937111093 1107.921596018367 1601457.1574186685 999.3539999999339 454.3090820311918 663.3500429687168 293.86764441445973 6500.0 6500.0 6500.0 0.0 128.0 128.0 128.0 0.0 1 1 1.0
112000.0 114000.0 3 1 364.5515343471743 19447.836041873717 1238.6101837141453 1793673.4972912124 998.9089999999851 449.333251953125 664.5173899739748 293.5407837877257 6500.0 6500.0 6500.0 0.0 128.0 128.0 128.0 0.0 1 1 1.0
114000.0 116000.0 3 1 344.635534420043 18619.545950873147 1118.608225939459 1618741.633525821 999.7979999999516 441.8979492186918 663.0305657551702 296.38096255538653 6500.0 6500.0 6500.0 0.0 128.0 128.0 128.0 0.0 1 1 1.0
116000.0 118000.0 3 1 372.0600648482158 20689.300992557575 1184.3374456880013 1717664.971138978 998.2390000000014 435.012939453125 663.6526634114756 296.18307238200623 6500.0 6500.0 6500.0 0.0 128.0 128.0 128.0 0.0 1 2 1.0
118000.0 120000.0 3 1 356.5282088043242 19013.399849989553 1212.7252184829636 1753700.4445636766 998.6660000000265 430.056884765625 663.6826484375051 297.54680631653406 6500.0 6500.0 6500.0 0.0 128.0 128.0 128.0 0.0 1 1 1.0
120000.0 122000.0 3 1 356.6664847021061 18908.36303614957 1112.672647198861 1609757.2564063324 995.7840000000433 418.294921875 655.5856790364875 302.1851813941009 6500.0 6500.0 6500.0 0.0 128.0 128.0 128.0 0.0 1 1 1.0
122000.0 124000.0 3 1 275.842092424338 18119.270679919493 802.6368215345096 1161199.3168745362 998.1179999999586 414.406982421875 664.1763535156109 300.82115445698827 3000.0 3000.0 3000.0 0.0 128.0 128.0 128.0 0.0 2 2 1.0
124000.0 126000.0 3 1 301.66181955877937 16773.746538647945 1018.0715573419617 1468759.2670881187 999.5910000000149 407.729248046875 664.256755208325 303.6987977885345 3000.0 3000.0 3000.0 0.0 128.0 128.0 128.0 0.0 2 1 1.0
126000.0 128000.0 2 1 200.54615254552135 12314.614542830655 662.0852237548886 952427.0175365754 875.10009765625 570.7567519531003 722.9284248046752 215.20324355569886 4400.0 4400.0 4400.0 0.0 128.0 128.0 128.0 0.0 2 2 1.0
128000.0 130000.0 3 1 285.8260922972662 16329.61277858284 882.03652990601 1274927.787090907 872.513916015625 123.82690234377515 522.8356061198283 376.7733760903285 4400.0 4400.0 4400.0 0.0 128.0 128.0 128.0 0.0 1 1 1.0
130000.0 132000.0 3 1 249.1958653406552 14232.927920096921 747.6565736077466 1075094.2459165684 994.6539999999222 127.13708398438757 650.2616601562282 460.5489215278019 4400.0 4400.0 4400.0 0.0 128.0 128.0 128.0 0.0 1 1 1.0
132000.0 134000.0 2 1 52.67934755395942 3156.8719560834106 138.9640459435612 194678.85752605388 396.34799999999814 163.35110351559706 279.8495517577976 164.75368549954007 0.0 0.0 0.0 0.0 0.0 0.0 0.0 0.0 0 0 1.0
134000.0 136000.0 2 1 287.7419916186928 17414.976977445716 855.8740861483029 1228901.0045588047 999.9520000000484 515.1630859375 757.5575429687742 342.7975285776904 4400.0 4400.0 4400.0 0.0 128.0 128.0 128.0 0.0 2 2 1.0
136000.0 138000.0 3 1 364.760102921756 20120.85922593139 1114.112706563209 1612710.8184583108 883.7640000000247 482.118896484375 616.0716035156316 231.82844022205353 4400.0 4400.0 4400.0 0.0 128.0 128.0 128.0 0.0 1 1 1.0
138000.0 140000.0 3 1 367.43606274775493 20315.278116184996 1142.1142660300138 1651967.1354080022 998.0559999999823 475.3588867186918 663.3753300781245 290.5784998464517 4400.0 4400.0 4400.0 0.0 128.0 128.0 128.0 0.0 1 1 1.0
140000.0 142000.0 3 1 277.87218324481006 15474.248082067355 906.7668105370277 1305226.5710584237 999.2469999999157 467.083984375 650.0146992187365 302.55831159254666 4400.0 4400.0 4400.0 0.0 128.0 128.0 128.0 0.0 1 1 1.0
142000.0 144000.0 3 1 245.32336819709113 13944.871310473303 777.8090594604228 1116412.8021371409 999.954000000027 449.229248046875 658.7874212239598 298.01848503355444 4400.0 4400.0 4400.0 0.0 128.0 128.0 128.0 0.0 1 1 1.0
144000.0 146000.0 3 1 268.8957226909545 15130.067453458167 799.830290407381 1153494.3949884097 999.7600000000093 435.297119140625 659.4692903645919 299.6117857981016 4400.0 4400.0 4400.0 0.0 128.0 128.0 128.0 0.0 1 1 1.0
146000.0 148000.0 3 1 261.89223605993277 14507.915844408148 775.6448791698474 1114607.2627897158 997.2660000000033 260.680908203125 598.5372630208343 372.0463473102 4400.0 4400.0 4400.0 0.0 128.0 128.0 128.0 0.0 1 1 1.0
148000.0 150000.0 1 1 79.07833251900777 3910.78299003093 228.84790168379521 330300.01060119225 389.523091796902 389.523091796902 389.523091796902 0.0 0.0 0.0 0.0 0.0 0.0 0.0 0.0 0.0 0 0 0.0
150000.0 152000.0 2 1 206.11189059204443 12240.49131470453 658.2173678794695 946825.5265686536 998.869000000006 512.2958984375 755.582449218753 344.0591396578187 4400.0 4400.0 4400.0 0.0 128.0 128.0 128.0 0.0 1 1 1.0
152000.0 154000.0 3 1 315.3269364248385 18136.041913751887 1048.022025385445 1515774.0724520024 998.0140000000247 455.4873046875 645.4548020833366 305.6318857553625 4400.0 4400.0 4400.0 0.0 128.0 128.0 128.0 0.0 2 2 1.0
154000.0 156000.0 3 1 346.9054895271519 18986.12483019058 1123.5012899743247 1627078.037945516 995.7510000000475 453.0419921875 663.8265625000155 290.92854338630434 4400.0 4400.0 4400.0 0.0 128.0 128.0 128.0 0.0 1 1 1.0
156000.0 158000.0 3 1 287.6032862491368 15758.750925466244 905.2475403846781 1304586.0834401518 996.6680000000051 447.6918945311918 663.5123007812266 292.6933024959268 4400.0 4400.0 4400.0 0.0 128.0 128.0 128.0 0.0 1 1 1.0
158000.0 160000.0 2 1 44.052397206828445 2430.5910158867596 136.01177637608282 193773.2795936763 548.6291054688045 0.0 274.31455273440224 387.93936083330124 0.0 0.0 0.0 0.0 0.0 0.0 0.0 0.0 0 0 1.0
160000.0 162000.0 2 1 212.97317395929923 12670.417263598654 704.2372097283275 1014235.0028126569 999.9330000000191 515.15087890625 757.5419394531345 342.79272522340216 4400.0 4400.0 4400.0 0.0 128.0 128.0 128.0 0.0 1 1 1.0
162000.0 164000.0 3 1 330.8634507136587 19150.749181094274 1046.8341766214514 1510480.9859479936 995.4239999999991 482.88525390625 654.1557916666692 295.5476231709537 4400.0 4400.0 4400.0 0.0 128.0 128.0 128.0 0.0 2 2 1.0
164000.0 166000.0 2 1 207.16337532704205 10670.83355530707 658.9286136502211 952250.0112393495 575.5219999999972 514.1117460937239 544.8168730468606 43.42360697151351 0.0 0.0 0.0 0.0 0.0 0.0 0.0 0.0 0 0 1.0
166000.0 168000.0 2 1 279.3650598381324 16812.225354482493 921.6920655958801 1333196.879245218 997.7470000000321 513.830078125 755.7885390625161 342.18093698875595 4400.0 4400.0 4400.0 0.0 128.0 128.0 128.0 0.0 2 2 1.0
168000.0 170000.0 3 1 378.8689479116801 20881.53851625044 1193.4566799001782 1726473.6063376558 999.5819999999949 486.1489218749921 666.3002812499957 288.9464684850211 4400.0 4400.0 4400.0 0.0 128.0 128.0 128.0 0.0 1 1 1.0
170000.0 172000.0 2 1 111.76599225018747 6033.236129267069 289.85125450394173 412766.51441712637 483.59607812500326 57.191000000049826 270.39353906252654 301.51392227453414 0.0 0.0 0.0 0.0 0.0 0.0 0.0 0.0 0 0 1.0
172000.0 174000.0 2 1 300.84077263279033 21428.447971781632 946.522317898371 1365691.9656457636 997.4349999999977 517.034912109375 757.2349560546863 339.69415983007275 4400.0 4400.0 4400.0 0.0 128.0 128.0 128.0 0.0 2 2 1.0
174000.0 176000.0 2 1 249.15922736720967 13151.552028218368 777.477682101629 1122128.0343542364 827.9130000000005 481.2030878905789 654.5580439452897 245.1609299571639 0.0 0.0 0.0 0.0 0.0 0.0 0.0 0.0 0 0 1.0
176000.0 178000.0 2 1 237.530837943158 14602.752055383196 797.3677844394366 1150213.3793757479 997.6689999999944 516.076904296875 756.8729521484347 340.5370366375165 4400.0 4400.0 4400.0 0.0 128.0 128.0 128.0 0.0 2 2 1.0
178000.0 180000.0 3 1 322.37343294302434 17545.830530932035 1098.6260334114372 1590637.6253376072 995.8339999999735 482.98409570311196 663.8163997395701 287.9175253958441 4400.0 4400.0 4400.0 0.0 128.0 128.0 128.0 0.0 1 1 1.0
180000.0 182000.0 3 1 291.0889822899502 15953.642100185438 895.8461592993092 1288236.2590146603 995.7619999999297 471.138916015625 649.6879374999941 299.75961133506814 4400.0 4400.0 4400.0 0.0 128.0 128.0 128.0 0.0 1 1 1.0
182000.0 184000.0 3 1 271.6300778585902 15606.844551294449 780.3641233002008 1120053.010254559 999.3280000000377 457.178955078125 646.4313463541912 305.8855671363846 4400.0 4400.0 4400.0 0.0 128.0 128.0 128.0 0.0 1 1 1.0
184000.0 186000.0 3 1 343.16252013383723 20276.583743306423 996.7125671115987 1438841.798855588 998.5739999999641 437.3100585936918 658.7463678385053 298.7753035094951 4400.0 4400.0 4400.0 0.0 128.0 128.0 128.0 0.0 2 2 1.0
186000.0 188000.0 2 1 238.2141488314401 12514.347018898461 686.0833324380176 991440.9271618377 682.5530000000144 561.8009414062253 622.1769707031199 85.3845994739036 0.0 0.0 0.0 0.0 0.0 0.0 0.0 0.0 0 0 1.0
188000.0 190000.0 2 1 286.1264157148101 17517.655560964708 866.7956891786513 1249829.3406874016 998.7010000000009 516.3979492186918 757.5494746093464 341.0397577944235 4400.0 4400.0 4400.0 0.0 128.0 128.0 128.0 0.0 2 2 1.0
190000.0 192000.0 3 1 385.86451059095305 22977.96910369987 1163.429075431138 1686391.0175260121 999.5620000000345 482.99505078117363 664.2470442708 290.70930584838953 6500.0 6500.0 6500.0 0.0 128.0 128.0 128.0 0.0 2 2 1.0
192000.0 194000.0 3 1 335.2598221440355 17558.275547902904 960.6413514218116 1392611.4345231177 998.6170000000275 488.64291796879843 664.8150735677336 289.2295793580448 0.0 0.0 0.0 0.0 0.0 0.0 0.0 0.0 0 0 1.0
194000.0 196000.0 3 1 281.11431328283186 15612.088189858936 891.4609781991104 1285698.7505783022 999.4380000000237 458.8491210936918 647.034606119773 305.42548222214276 6500.0 6500.0 6500.0 0.0 128.0 128.0 128.0 0.0 1 1 1.0
196000.0 198000.0 3 1 360.7935938901782 21676.62452241432 1139.6224300339134 1647109.165917401 998.1689999999944 435.030029296875 657.4156360677056 299.64907730997214 4400.0 4400.0 4400.0 0.0 128.0 128.0 128.0 0.0 3 3 1.0
198000.0 200000.0 2 1 271.8413443771913 14055.387075159262 789.0504757353754 1135224.2907677651 801.7979999999516 561.9749707031297 681.8864853515406 169.58049030048284 0.0 0.0 0.0 0.0 0.0 0.0 0.0 0.0 0 0 1.0
200000.0 202000.0 2 1 270.93913842786367 16444.725962240478 885.6697172688844 1280806.154476759 999.2280000000028 516.458984375 757.8434921875014 341.3692446951938 4400.0 4400.0 4400.0 0.0 128.0 128.0 128.0 0.0 2 2 1.0
202000.0 204000.0 3 1 343.7551974343336 18896.939072938552 1108.6139153108224 1607470.496787292 996.3059999999823 482.9270156250568 663.6833033854297 288.42165314545326 4400.0 4400.0 4400.0 0.0 128.0 128.0 128.0 0.0 1 1 1.0
204000.0 206000.0 3 1 327.49597540632095 17973.5991419356 947.1963794002681 1358261.4309254794 995.2120000000577 486.7741054687649 664.0593333333576 287.0255471059915 4400.0 4400.0 4400.0 0.0 128.0 128.0 128.0 0.0 1 1 1.0
206000.0 208000.0 3 1 313.33014053215635 18565.588925577737 976.3487283026027 1400269.9022877282 998.9710000000196 463.044921875 648.3043424479353 303.84840930540247 6500.0 6500.0 6500.0 0.0 128.0 128.0 128.0 0.0 2 2 1.0
208000.0 210000.0 3 1 368.84495260833785 20181.09258010125 1118.7574473632312 1607530.0127464747 995.6570000000065 442.052978515625 657.9246855468955 296.2378417451674 6500.0 6500.0 6500.0 0.0 128.0 128.0 128.0 0.0 1 1 1.0
210000.0 212000.0 2 1 122.63459559098762 6622.054317206385 296.4138123541912 422151.00277626666 553.3820214844309 31.457000000053085 292.419510742242 369.05672196253806 0.0 0.0 0.0 0.0 0.0 0.0 0.0 0.0 0 0 1.0
212000.0 214000.0 2 1 291.02391745922347 17457.632924978334 891.8801263519183 1284218.9434629853 998.8179999999702 512.9599609375 755.8889804687351 343.55351411507115 6500.0 6500.0 6500.0 0.0 128.0 128.0 128.0 0.0 1 2 1.0
214000.0 216000.0 3 1 351.6023821313073 19152.23711641652 1106.173018804374 1601411.0907604373 996.6689999999944 483.13703906245064 663.6583281249817 288.7360864682287 4400.0 4400.0 4400.0 0.0 0.0 0.0 0.0 0.0 2 0 1.0
216000.0 218000.0 3 1 365.67591617123503 21803.813655417667 1102.8333544115544 1592926.689903759 998.2979999999516 465.4189453125 648.677999999995 302.8976639478916 4400.0 4400.0 4400.0 0.0 128.0 128.0 128.0 0.0 2 3 1.0
218000.0 220000.0 2 1 235.6977842382342 12614.31630318748 683.1135004321536 989304.2758728184 603.4590000000317 529.0450546875363 566.252027343784 52.61860534531036 0.0 0.0 0.0 0.0 0.0 0.0 0.0 0.0 0 0 1.0
220000.0 222000.0 2 1 302.243057414174 18265.590936897006 913.4812141795296 1317732.003506324 998.9490000000224 517.193115234375 758.0710576171987 340.65285299431423 4400.0 4400.0 4400.0 0.0 128.0 128.0 128.0 0.0 2 2 1.0
222000.0 224000.0 3 1 405.1770605030212 22489.985229960108 1222.2620203589802 1770964.1730435924 998.3800000000047 481.5808847656008 663.0232571614519 290.7534289537195 4400.0 4400.0 4400.0 0.0 128.0 128.0 128.0 0.0 1 1 1.0
224000.0 226000.0 2 1 137.57988208280474 7242.423833142886 369.25676546149015 528381.8234500836 488.47411328123417 145.07700000004843 316.7755566406413 242.81842744101147 0.0 0.0 0.0 0.0 0.0 0.0 0.0 0.0 0 0 1.0
226000.0 228000.0 2 1 271.0 15666.0 778.0 1120453.0 999.5270000000019 324.64399999997113 662.0854999999865 477.2143458075425 4400.0 4400.0 4400.0 0.0 128.0 128.0 128.0 0.0 1 1 1.0
228000.0 230000.0 2 1 255.27073512384263 15970.04775224363 828.1026482362054 1196586.9436936826 997.9520000000484 512.637939453125 755.2949697265867 343.16886321790827 4400.0 4400.0 4400.0 0.0 128.0 128.0 128.0 0.0 2 2 1.0
230000.0 232000.0 3 1 334.61700491015813 21081.850829421375 1009.7950692332689 1456723.2158267363 938.4340000000084 486.26306054682937 641.6197233072793 257.14262973309764 6500.0 4400.0 5800.0 1212.4355652982142 128.0 128.0 128.0 0.0 3 3 1.0
232000.0 234000.0 2 1 59.112259965999215 3177.101418334995 178.10228253052574 251148.84047958118 483.68289062497206 47.413999999989755 265.5484453124809 308.4886909816572 0.0 0.0 0.0 0.0 0.0 0.0 0.0 0.0 0 0 1.0
234000.0 236000.0 2 1 308.34826625857846 18770.253550283363 911.5586814456492 1314653.2035879225 997.6870000000345 516.1279296875 756.9074648437672 340.51368415988253 4400.0 4400.0 4400.0 0.0 128.0 128.0 128.0 0.0 2 2 1.0
236000.0 238000.0 3 1 296.3245086751291 17899.678115732568 904.2357418277127 1305663.1768214838 998.6739999999991 62.57807031250559 524.3124576822933 468.17569477273406 4400.0 4400.0 4400.0 0.0 128.0 128.0 128.0 0.0 2 2 1.0
238000.0 240000.0 3 1 391.331181104954 22745.01571234283 1231.3591622193653 1786725.5105369138 994.6339999999618 487.6916972656036 664.2335657551885 286.35985798918495 4400.0 4400.0 4400.0 0.0 128.0 128.0 128.0 0.0 1 2 1.0
240000.0 242000.0 3 1 402.1956782811932 22032.304834887058 1225.0842994916984 1776051.9877230572 998.0010000000475 485.3179999999702 662.9836933593809 290.3112334614874 4400.0 4400.0 4400.0 0.0 128.0 128.0 128.0 0.0 2 1 1.0
242000.0 244000.0 2 1 220.80036568014526 11359.74778675418 654.7621150155746 942805.1213306226 852.359999999986 491.0509199218359 671.705459960911 255.48410062753328 0.0 0.0 0.0 0.0 0.0 0.0 0.0 0.0 0 0 1.0
244000.0 246000.0 2 1 285.1319814495506 17024.002513820324 891.3669445204154 1288761.4179607336 998.6180000000168 513.89794921875 756.2579746093834 342.7488348845214 4400.0 4400.0 4400.0 0.0 128.0 128.0 128.0 0.0 2 2 1.0
246000.0 248000.0 2 1 221.8680185504494 11751.997486179676 693.6330554795848 1004818.5820392666 651.0829999999842 484.9320507812081 568.0075253905961 117.48646289317827 0.0 0.0 0.0 0.0 0.0 0.0 0.0 0.0 0 0 1.0
248000.0 250000.0 1 1 8.0 1039.0 8.0 6221.0 113.86800000001676 113.86800000001676 113.86800000001676 0.0 0.0 0.0 0.0 0.0 0.0 0.0 0.0 0.0 0 0 1.0
250000.0 252000.0 2 1 295.160534465964 18115.50198691445 910.0311418409505 1314664.7804464337 999.9109999999637 517.75927734375 758.8351386718568 340.93275265098424 4400.0 4400.0 4400.0 0.0 128.0 128.0 128.0 0.0 2 3 1.0
252000.0 254000.0 3 1 415.8719066864069 23458.08723659424 1199.0978368535668 1730155.4966180052 999.8490000000456 479.6867226562463 664.9648697916806 290.56610490779104 4400.0 4400.0 4400.0 0.0 128.0 128.0 128.0 0.0 1 1 1.0
254000.0 256000.0 3 1 330.5341193586302 17239.6613498201 1036.8824862777212 1503433.472495563 998.5720000000438 484.11311328120064 664.0228046874981 290.0034804226938 4400.0 4400.0 4400.0 0.0 0.0 0.0 0.0 0.0 1 0 0.0
256000.0 258000.0 3 1 344.61464153171215 19821.057987557335 1050.8875242854901 1516952.58284222 998.6750000000466 472.06591796875 651.7278723958492 300.52874769833585 4400.0 4400.0 4400.0 0.0 128.0 128.0 128.0 0.0 2 2 1.0
258000.0 260000.0 3 1 370.773483780683 20654.213634374268 1121.4327502575215 1618733.9386144 997.6829999999609 467.452880859375 664.1159876302117 290.4186707791648 4400.0 4400.0 4400.0 0.0 128.0 128.0 128.0 0.0 1 1 1.0
260000.0 262000.0 3 1 343.1073859927415 18883.658998233543 1021.2061990021115 1470627.8805207103 999.7700000000186 466.477294921875 666.1014713541759 290.8198645083447 4400.0 4400.0 4400.0 0.0 128.0 128.0 128.0 0.0 1 1 1.0
262000.0 264000.0 3 1 282.29815758762635 16086.036696741054 826.9489387076401 1188830.5905212804 999.7240000000456 458.5400390625 647.7782480468741 305.0824942506863 4400.0 4400.0 4400.0 0.0 128.0 128.0 128.0 0.0 1 1 1.0
264000.0 266000.0 3 1 336.2661124826357 20274.69293027749 968.2690475961736 1392287.8607817334 998.329000000027 448.23388671875 644.0889492187416 307.3524227961029 6500.0 6500.0 6500.0 0.0 128.0 128.0 128.0 0.0 2 2 1.0
266000.0 268000.0 3 1 359.2040253523597 20004.162422585447 1052.5935933831265 1518824.8975922999 999.439000000013 444.14794921875 664.586020833347 294.79673687483586 6500.0 6500.0 6500.0 0.0 128.0 128.0 128.0 0.0 1 1 1.0
268000.0 270000.0 3 1 414.4322606486588 22477.888458202797 1252.2117662319365 1812712.4845687714 999.5629999999655 442.697265625 665.284772135395 294.7557878273207 6500.0 6500.0 6500.0 0.0 128.0 128.0 128.0 0.0 1 1 1.0
270000.0 272000.0 2 1 134.73737211258165 6966.038298699278 393.4387155637619 565785.0149985823 554.1267343750224 103.42399999999907 328.7753671875107 318.6949597758982 0.0 0.0 0.0 0.0 0.0 0.0 0.0 0.0 0 0 1.0
272000.0 274000.0 2 1 277.41620049675817 17174.664962540737 871.8206016385604 1256151.5135791898 997.420999999973 509.4130859375 753.4170429687365 345.07370530627657 6500.0 6500.0 6500.0 0.0 128.0 128.0 128.0 0.0 1 2 1.0
274000.0 276000.0 3 1 384.59943615268594 22093.62550829785 1188.6370079518852 1722745.1660235994 999.283000000054 490.3509140624665 665.3284108072985 289.32378741920394 3000.0 3000.0 3000.0 0.0 128.0 128.0 128.0 0.0 3 2 1.0
276000.0 278000.0 3 1 262.9459397438776 14767.63859930624 788.035986475108 1133354.5450280295 998.4529999999795 470.1630859375 649.9239225260293 301.885073618596 3000.0 3000.0 3000.0 0.0 128.0 128.0 128.0 0.0 1 1 1.0
278000.0 280000.0 2 1 12.038423606678311 924.0709298551732 11.506403934446386 7718.775369181195 482.36291406245437 68.77899999998044 275.5709570312174 292.44799022324963 0.0 0.0 0.0 0.0 0.0 0.0 0.0 0.0 0 0 1.0
280000.0 282000.0 2 1 297.92690548560404 18251.011528534113 849.9272170676071 1216262.2003396351 999.9760000000242 513.056884765625 756.5164423828246 344.30380827159763 3000.0 3000.0 3000.0 0.0 128.0 128.0 128.0 0.0 2 2 1.0
282000.0 284000.0 3 1 400.75017541253516 23335.573424044735 1151.6666902158463 1655110.9776301538 998.1080000000075 468.72412109375 649.5450787760395 301.93517112299475 3000.0 3000.0 3000.0 0.0 128.0 128.0 128.0 0.0 2 2 1.0
284000.0 286000.0 2 1 288.3229191018608 16147.41504742116 817.4060927165469 1175663.8220302116 994.1739999999991 481.96287890628446 738.0684394531418 362.1879571245295 3000.0 3000.0 3000.0 0.0 128.0 128.0 128.0 0.0 1 1 1.0
286000.0 288000.0 2 1 279.0263868028845 17495.604816747822 847.400403473945 1221201.216214721 999.4510000000009 515.964111328125 757.707555664063 341.8768575946688 6500.0 6500.0 6500.0 0.0 128.0 128.0 128.0 0.0 2 2 1.0
288000.0 290000.0 2 1 117.97361319711554 6229.39518325218 319.59959652605505 456424.783785279 483.4808886718238 115.7280000000028 299.6044443359133 260.0405613807861 0.0 0.0 0.0 0.0 0.0 0.0 0.0 0.0 0 0 1.0
290000.0 292000.0 2 1 288.6338442653262 16436.800760692084 888.2740887186242 1279698.118264488 999.3029999999562 512.616943359375 755.9599716796656 344.1390109594951 6500.0 6500.0 6500.0 0.0 128.0 128.0 128.0 0.0 1 1 1.0
292000.0 294000.0 3 1 323.33082660412896 19179.51342751852 963.0053977979453 1380735.672446252 997.6010000000242 447.64697265625 643.2096764323069 307.4609827223644 4400.0 4400.0 4400.0 0.0 128.0 128.0 128.0 0.0 2 2 1.0
294000.0 296000.0 3 1 313.4579351826613 18235.348893606566 984.2732924042577 1416117.088519447 999.3370000000577 428.117919921875 658.9009824219005 300.9827856861027 4400.0 4400.0 4400.0 0.0 128.0 128.0 128.0 0.0 2 2 1.0
296000.0 298000.0 3 1 364.4447643769784 20218.93404068309 1136.0158917827057 1644141.8306313432 998.8179999999702 425.248046875 664.9877089843698 298.13655867391145 4400.0 4400.0 4400.0 0.0 128.0 128.0 128.0 0.0 1 1 1.0
298000.0 300000.0 2 1 131.13262957090518 6651.402877499745 376.431329296467 541949.2901384701 570.6979531249963 190.5 380.59897656249814 268.84055084793 0.0 0.0 0.0 0.0 0.0 0.0 0.0 0.0 0 0 1.0
300000.0 302000.0 0 0 0.0 0.0 0.0 0.0 0.0 0.0 0.0 0.0 0.0 0.0 0.0 0.0 0.0 0.0 0.0 0.0 0 0 
