ts te nbins ncons c_pkts_all c_bytes_all s_pkts_all s_bytes_all max_bin min_bin avg_bin std_bin max_vid min_vid avg_vid std_vid max_aud min_aud avg_aud std_aud num_vid num_aud num_mfs
0 2000 0 0 0 0 0 0 0 0 0 0 0 0 0 0 0 0 0 0 0 0 
2000 4000 0 0 0 0 0 0 0 0 0 0 0 0 0 0 0 0 0 0 0 0 
4000 6000 0 0 0 0 0 0 0 0 0 0 0 0 0 0 0 0 0 0 0 0 
6000 8000 2 1 253 21433 618 869254 997 520 759 337 1500 840 1170 381 128 128 128 0 4 4 1.0
8000 10000 3 1 255 19622 624 871306 985 477 647 292 840 840 840 0 128 128 128 0 3 2 1.0
10000 12000 2 1 124 8812 270 386120 761 308 535 320 840 840 840 0 128 128 128 0 1 2 1.0
12000 14000 2 1 166 13956 455 655054 996 604 800 277 840 840 840 0 128 128 128 0 3 3 1.0
14000 16000 2 1 97 6200 232 327924 395 338 367 40 840 840 840 0 128 128 128 0 1 1 1.0
16000 18000 2 1 174 11503 432 620614 995 322 658 475 4400 4400 4400 0 128 128 128 0 2 2 1.0
18000 20000 3 1 283 16622 683 988298 999 315 664 342 3000 3000 3000 0 128 128 128 0 2 2 1.0
20000 22000 3 1 288 15090 699 1014878 998 308 663 345 3000 3000 3000 0 128 128 128 0 1 1 1.0
22000 24000 3 1 277 14676 663 961634 999 303 662 348 3000 3000 3000 0 128 128 128 0 2 2 1.0
24000 26000 3 1 287 16073 681 984510 995 302 663 347 3000 3000 3000 0 128 128 128 0 1 1 1.0
26000 28000 3 1 309 16680 672 973745 999 296 664 352 3000 3000 3000 0 128 128 128 0 1 1 1.0
28000 30000 3 1 272 14107 644 930091 994 289 661 354 3000 3000 3000 0 128 128 128 0 1 1 1.0
30000 32000 2 1 185 11651 402 571642 908 707 808 142 3000 3000 3000 0 128 128 128 0 2 2 1.0
32000 34000 2 1 189 11057 445 637456 991 354 672 450 3000 3000 3000 0 128 128 128 0 1 1 1.0
34000 36000 3 1 256 14829 609 876837 998 309 650 344 3000 3000 3000 0 128 128 128 0 1 2 1.0
36000 38000 3 1 274 14768 634 917512 999 297 659 351 3000 3000 3000 0 128 128 128 0 1 1 1.0
38000 40000 3 1 304 15379 658 946604 998 295 653 351 3000 3000 3000 0 0 0 0 0 1 0 1.0
40000 42000 3 1 228 12529 520 746111 998 290 662 355 3000 3000 3000 0 128 128 128 0 1 1 1.0
42000 44000 3 1 191 10914 463 664460 997 283 663 359 3000 3000 3000 0 128 128 128 0 1 1 1.0
44000 46000 3 1 295 17224 640 923247 997 278 664 362 3000 3000 3000 0 128 128 128 0 1 2 1.0
46000 48000 3 1 323 17807 722 1045094 999 276 665 364 3000 3000 3000 0 128 128 128 0 2 1 1.0
48000 50000 3 1 275 15569 598 859793 945 160 601 401 3000 3000 3000 0 128 128 128 0 1 1 1.0
50000 52000 3 1 340 18208 782 1133856 999 157 665 446 3000 3000 3000 0 128 128 128 0 1 1 1.0
52000 54000 3 1 254 13519 562 804508 996 25 605 512 3000 3000 3000 0 128 128 128 0 1 1 1.0
54000 56000 1 1 118 6296 243 343957 704 704 704 0 0 0 0 0 0 0 0 0 0 0 1.0
56000 58000 2 1 191 12143 466 672440 998 355 677 454 3000 3000 3000 0 128 128 128 0 1 2 1.0
58000 60000 3 1 342 18728 765 1108826 996 355 664 321 3000 2300 2533 404 128 128 128 0 3 2 1.0
60000 62000 3 1 289 17112 632 901092 997 351 664 323 2300 2300 2300 0 128 128 128 0 1 1 1.0
62000 64000 2 1 44 2464 86 120645 643 27 335 435 0 0 0 0 0 0 0 0 0 0 1.0
64000 66000 2 1 201 14216 480 689776 997 356 677 453 3000 3000 3000 0 128 128 128 0 2 3 1.0
66000 68000 3 1 319 17370 699 1012413 996 349 663 324 3000 3000 3000 0 128 128 128 0 2 1 1.0
68000 70000 2 1 241 13365 496 714015 766 649 707 82 0 0 0 0 0 0 0 0 0 0 1.0
70000 72000 2 1 204 12846 499 718474 999 354 677 456 3000 3000 3000 0 128 128 128 0 1 1 1.0
72000 74000 3 1 331 18299 753 1091920 996 350 664 323 3000 3000 3000 0 128 128 128 0 2 2 1.0
74000 76000 3 1 312 18068 728 1054582 998 344 664 327 3000 3000 3000 0 128 128 128 0 1 1 1.0
76000 78000 3 1 290 16121 676 972501 998 340 663 329 3000 3000 3000 0 128 128 128 0 1 1 1.0
78000 80000 3 1 302 17567 668 959930 999 323 655 337 3000 3000 3000 0 128 128 128 0 1 1 1.0
80000 82000 3 1 299 17198 673 971694 999 319 663 339 3000 3000 3000 0 128 128 128 0 2 2 1.0
82000 84000 2 1 231 12424 488 702434 791 679 735 79 0 0 0 0 0 0 0 0 0 0 1.0
84000 86000 2 1 203 12422 487 702366 997 359 678 451 3000 3000 3000 0 128 128 128 0 1 2 1.0
86000 88000 3 1 274 16225 618 892758 997 357 664 320 3000 3000 3000 0 128 128 128 0 2 1 1.0
88000 90000 3 1 328 18509 714 1030584 998 351 663 324 3000 3000 3000 0 128 128 128 0 1 1 1.0
90000 92000 3 1 330 18427 738 1065895 998 349 665 324 3000 3000 3000 0 128 128 128 0 1 1 1.0
92000 94000 3 1 288 16225 625 898669 997 323 654 336 3000 3000 3000 0 128 128 128 0 1 1 1.0
94000 96000 3 1 174 11210 416 595943 994 293 643 350 3000 3000 3000 0 128 128 128 0 1 1 1.0
96000 98000 3 1 299 16978 661 954158 992 288 661 353 3000 3000 3000 0 128 128 128 0 1 1 1.0
98000 100000 3 1 267 14578 610 877362 999 282 664 360 3000 3000 3000 0 128 128 128 0 1 1 1.0
100000 102000 3 1 246 14870 543 782325 999 277 658 362 3000 3000 3000 0 128 128 128 0 1 1 1.0
102000 104000 3 1 265 14978 606 872498 999 235 650 386 3000 3000 3000 0 128 128 128 0 1 1 1.0
104000 106000 3 1 241 14004 530 762558 996 234 665 390 3000 3000 3000 0 128 128 128 0 1 1 1.0
106000 108000 3 1 230 13174 526 754936 994 209 645 400 3000 3000 3000 0 128 128 128 0 1 1 1.0
108000 110000 3 1 258 14562 605 868226 999 203 663 411 3000 3000 3000 0 128 128 128 0 1 1 1.0
110000 112000 3 1 232 13467 538 772951 998 199 664 415 3000 3000 3000 0 128 128 128 0 1 1 1.0
112000 114000 3 1 251 14234 514 737107 999 149 641 440 3000 3000 3000 0 128 128 128 0 1 1 1.0
114000 116000 3 1 291 16579 631 906375 998 130 651 459 3000 3000 3000 0 128 128 128 0 1 1 1.0
116000 118000 3 1 193 11436 447 639209 998 123 658 468 3000 3000 3000 0 128 128 128 0 1 1 1.0
118000 120000 3 1 232 13413 519 745588 999 79 634 488 3000 3000 3000 0 128 128 128 0 1 1 1.0
120000 122000 3 1 258 14723 573 822473 999 76 664 511 3000 3000 3000 0 128 128 128 0 1 1 1.0
122000 124000 1 1 84 4948 160 219010 533 533 533 0 0 0 0 0 0 0 0 0 0 0 0.0
124000 126000 2 1 197 12470 453 652178 999 700 849 211 3000 3000 3000 0 128 128 128 0 1 1 1.0
126000 128000 3 1 302 17586 694 1007604 999 299 665 351 3000 3000 3000 0 128 128 128 0 1 1 1.0
128000 130000 3 1 320 18404 763 1107655 995 299 662 349 3000 3000 3000 0 128 128 128 0 2 1 1.0
130000 132000 3 1 300 16906 709 1029480 999 307 666 346 3000 3000 3000 0 128 128 128 0 1 2 1.0
132000 134000 3 1 295 16563 671 972712 999 307 664 346 3000 3000 3000 0 128 128 128 0 1 1 1.0
134000 136000 3 1 283 15935 622 893823 998 310 663 344 3000 3000 3000 0 128 128 128 0 1 1 1.0
136000 138000 3 1 211 13115 470 674068 989 252 519 408 3000 3000 3000 0 128 128 128 0 1 1 1.0
138000 140000 3 1 300 16938 660 950835 997 312 664 342 3000 3000 3000 0 128 128 128 0 1 1 1.0
140000 142000 3 1 223 13302 542 779764 999 298 661 351 3000 3000 3000 0 128 128 128 0 1 1 1.0
142000 144000 3 1 261 14082 597 861187 994 296 663 350 3000 3000 3000 0 128 128 128 0 1 1 1.0
144000 146000 3 1 171 10643 391 561365 996 277 638 359 3000 3000 3000 0 128 128 128 0 1 1 1.0
146000 148000 3 1 280 16102 665 958948 993 253 652 373 3000 3000 3000 0 128 128 128 0 1 2 1.0
148000 150000 3 1 252 13332 616 889815 997 250 663 380 3000 3000 3000 0 0 0 0 0 1 0 1.0
150000 152000 3 1 230 14409 488 699951 995 200 635 403 3000 3000 3000 0 128 128 128 0 1 2 1.0
152000 154000 3 1 298 16184 730 1056288 997 197 664 416 3000 3000 3000 0 128 128 128 0 2 1 1.0
154000 156000 2 1 227 12483 488 701065 799 699 749 70 0 0 0 0 0 0 0 0 0 0 1.0
156000 158000 2 1 212 13263 509 733275 997 356 677 452 3000 3000 3000 0 128 128 128 0 1 2 1.0
158000 160000 3 1 311 17855 722 1044283 998 349 663 324 3000 3000 3000 0 128 128 128 0 2 1 1.0
160000 162000 3 1 308 17169 680 979990 997 312 650 342 3000 3000 3000 0 128 128 128 0 1 1 1.0
162000 164000 3 1 346 19949 700 1013351 998 309 664 345 3000 3000 3000 0 128 128 128 0 1 1 1.0
164000 166000 3 1 253 14421 576 825674 997 287 658 356 3000 3000 3000 0 128 128 128 0 1 1 1.0
166000 168000 3 1 247 14820 522 748468 997 276 660 362 3000 3000 3000 0 128 128 128 0 1 1 1.0
168000 170000 3 1 315 18102 658 946126 998 247 655 379 3000 3000 3000 0 128 128 128 0 1 1 1.0
170000 172000 3 1 243 14471 517 741649 999 240 664 387 3000 3000 3000 0 128 128 128 0 1 1 1.0
172000 174000 3 1 262 14886 560 803728 997 223 654 394 3000 3000 3000 0 128 128 128 0 1 1 1.0
174000 176000 3 1 268 15540 608 877144 999 217 663 402 3000 3000 3000 0 128 128 128 0 1 1 1.0
176000 178000 3 1 272 16214 599 864702 995 215 663 402 3000 3000 3000 0 128 128 128 0 1 2 1.0
178000 180000 3 1 320 18476 678 977944 998 212 664 406 3000 3000 3000 0 128 128 128 0 2 1 1.0
180000 182000 2 1 257 17336 487 699868 822 787 805 24 0 0 0 0 0 0 0 0 0 0 1.0
182000 184000 2 1 196 12807 449 646229 997 358 677 452 3000 3000 3000 0 128 128 128 0 1 2 1.0
184000 186000 3 1 305 17271 709 1026914 999 356 632 331 3000 3000 3000 0 128 128 128 0 2 1 1.0
186000 188000 3 1 290 16456 666 963986 996 354 665 321 3000 3000 3000 0 128 128 128 0 1 1 1.0
188000 190000 2 1 186 10210 385 554027 640 475 558 117 0 0 0 0 0 0 0 0 0 0 1.0
190000 192000 2 1 162 11773 364 521248 994 348 671 456 3000 3000 3000 0 128 128 128 0 1 2 1.0
192000 194000 3 1 296 15656 638 918061 996 341 662 327 3000 3000 3000 0 0 0 0 0 1 0 1.0
194000 196000 3 1 227 12983 529 760436 997 302 646 347 3000 3000 3000 0 128 128 128 0 1 1 1.0
196000 198000 3 1 252 15085 566 817011 998 288 658 356 3000 3000 3000 0 128 128 128 0 1 2 1.0
198000 200000 3 1 329 17723 713 1032646 996 284 664 358 3000 3000 3000 0 0 0 0 0 2 0 1.0
200000 202000 3 1 283 16666 680 981191 999 282 665 361 3000 3000 3000 0 128 128 128 0 1 2 1.0
202000 204000 3 1 285 16218 627 904552 997 279 664 361 3000 3000 3000 0 128 128 128 0 1 1 1.0
204000 206000 3 1 269 15057 610 874166 999 252 656 376 3000 3000 3000 0 128 128 128 0 1 1 1.0
206000 208000 3 1 269 15139 576 826352 997 236 652 385 3000 3000 3000 0 128 128 128 0 1 1 1.0
208000 210000 1 1 82 4700 148 209588 721 721 721 0 0 0 0 0 0 0 0 0 0 0 1.0
210000 212000 2 1 202 13192 486 701206 997 350 674 457 3000 3000 3000 0 128 128 128 0 1 2 1.0
212000 214000 3 1 302 17210 683 989832 990 345 660 322 2300 2300 2300 0 128 128 128 0 3 2 1.0
214000 216000 2 1 131 7555 311 449163 653 226 439 301 0 0 0 0 0 0 0 0 0 0 1.0
216000 218000 2 1 203 12613 489 704489 999 350 675 458 2300 2300 2300 0 128 128 128 0 2 2 1.0
218000 220000 3 1 271 16181 642 913822 997 346 664 325 2300 2300 2300 0 128 128 128 0 1 1 1.0
220000 222000 3 1 289 16900 625 902213 999 344 665 327 2300 2300 2300 0 128 128 128 0 1 1 1.0
222000 224000 2 1 12 1123 11 10225 641 31 336 431 0 0 0 0 0 0 0 0 0 0 1.0
224000 226000 2 1 203 14175 502 720745 999 354 677 455 3000 3000 3000 0 128 128 128 0 2 3 1.0
226000 228000 3 1 311 17037 726 1052395 999 354 666 323 3000 3000 3000 0 128 128 128 0 2 1 1.0
228000 230000 3 1 297 17596 675 973356 999 348 664 326 3000 3000 3000 0 128 128 128 0 1 1 1.0
230000 232000 3 1 318 17846 733 1060684 997 347 665 324 3000 3000 3000 0 128 128 128 0 1 1 1.0
232000 234000 3 1 317 17731 746 1080179 997 341 663 327 3000 3000 3000 0 128 128 128 0 2 2 1.0
234000 236000 2 1 194 10656 433 623416 656 621 638 25 0 0 0 0 0 0 0 0 0 0 1.0
236000 238000 2 1 213 13708 503 724415 996 356 676 452 3000 3000 3000 0 128 128 128 0 1 2 1.0
238000 240000 3 1 286 15853 671 969477 999 354 664 323 3000 3000 3000 0 128 128 128 0 2 1 1.0
240000 242000 3 1 322 18376 711 1029265 999 348 663 325 3000 3000 3000 0 128 128 128 0 1 1 1.0
242000 244000 3 1 252 15008 553 796756 996 342 662 327 3000 3000 3000 0 128 128 128 0 1 1 1.0
244000 246000 3 1 323 18174 701 1013228 997 333 662 331 3000 3000 3000 0 128 128 128 0 1 1 1.0
246000 248000 2 1 84 4485 189 267437 641 48 344 419 0 0 0 0 0 0 0 0 0 0 1.0
248000 250000 2 1 187 12042 484 697526 996 354 675 454 3000 3000 3000 0 128 128 128 0 1 2 1.0
250000 252000 3 1 320 17498 733 1063572 997 352 664 323 3000 3000 3000 0 128 128 128 0 2 1 1.0
252000 254000 2 1 210 11190 440 636080 805 646 726 113 0 0 0 0 0 0 0 0 0 0 1.0
254000 256000 2 1 198 13013 451 651093 998 354 676 455 3000 3000 3000 0 128 128 128 0 1 2 1.0
256000 258000 3 1 288 15374 638 920835 999 327 656 336 3000 3000 3000 0 0 0 0 0 2 0 1.0
258000 260000 3 1 309 17765 738 1070192 999 325 664 337 3000 3000 3000 0 128 128 128 0 1 2 1.0
260000 262000 3 1 287 15721 706 1023082 998 322 663 338 3000 3000 3000 0 128 128 128 0 1 1 1.0
262000 264000 3 1 261 14649 598 862695 996 317 663 339 3000 3000 3000 0 128 128 128 0 1 1 1.0
264000 266000 2 1 64 3547 131 184924 677 26 352 459 0 0 0 0 0 0 0 0 0 0 1.0
266000 268000 2 1 218 14988 514 739249 996 359 677 450 3000 3000 3000 0 128 128 128 0 2 2 1.0
268000 270000 3 1 286 17385 640 926305 999 350 663 324 0 0 0 0 0 0 0 0 0 0 1.0
270000 272000 3 1 224 13179 510 734279 999 313 650 343 3000 3000 3000 0 128 128 128 0 1 1 1.0
272000 274000 3 1 333 19095 747 1082643 999 310 665 345 3000 3000 3000 0 128 128 128 0 2 2 1.0
274000 276000 3 1 300 16877 692 997732 997 305 664 346 3000 3000 3000 0 128 128 128 0 1 1 1.0
276000 278000 3 1 291 16033 673 971026 995 304 663 346 3000 3000 3000 0 128 128 128 0 1 1 1.0
278000 280000 3 1 255 13916 587 849583 999 299 662 350 3000 3000 3000 0 128 128 128 0 1 1 1.0
280000 282000 3 1 166 10799 405 581327 990 291 656 350 3000 3000 3000 0 128 128 128 0 1 2 1.0
282000 284000 3 1 307 17056 696 1004616 996 288 663 356 3000 3000 3000 0 128 128 128 0 2 1 1.0
284000 286000 3 1 300 16965 713 1028910 998 286 664 358 3000 3000 3000 0 128 128 128 0 1 1 1.0
286000 288000 3 1 289 15850 675 971903 997 284 663 358 3000 3000 3000 0 128 128 128 0 1 1 1.0
288000 290000 3 1 224 12805 519 745329 999 257 656 374 3000 3000 3000 0 128 128 128 0 1 1 1.0
290000 292000 2 1 105 5612 229 326125 729 0 365 515 0 0 0 0 0 0 0 0 0 0 1.0
292000 294000 2 1 189 12237 468 673757 995 356 675 452 3000 3000 3000 0 128 128 128 0 1 2 1.0
294000 296000 3 1 313 17599 735 1065219 999 354 664 323 3000 3000 3000 0 128 128 128 0 2 1 1.0
296000 298000 2 1 197 9817 460 662714 666 645 655 15 0 0 0 0 0 0 0 0 0 0 1.0
298000 300000 2 1 180 11681 435 626157 997 359 678 450 3000 3000 3000 0 128 128 128 0 1 2 1.0
300000 302000 1 1 78 4265 161 231738 639 639 639 0 3000 3000 3000 0 0 0 0 0 1 0 0.0
