ts te nbins ncons c_pkts_all c_bytes_all s_pkts_all s_bytes_all max_bin min_bin avg_bin std_bin max_vid min_vid avg_vid std_vid max_aud min_aud avg_aud std_aud num_vid num_aud num_mfs
0 2000 0 0 0 0 0 0 0 0 0 0 0 0 0 0 0 0 0 0 0 0 
2000 4000 0 0 0 0 0 0 0 0 0 0 0 0 0 0 0 0 0 0 0 0 
4000 6000 0 0 0 0 0 0 0 0 0 0 0 0 0 0 0 0 0 0 0 0 
6000 8000 2 1 135 14694 364 508061 999 12 505 698 840 840 840 0 128 128 128 0 3 4 1.0
8000 10000 3 1 300 19987 693 942839 992 4 661 568 840 840 840 0 128 128 128 0 3 3 1.0
10000 12000 2 1 229 14717 486 696498 996 993 994 1 840 840 840 0 128 128 128 0 2 2 1.0
12000 14000 2 1 215 13092 398 568379 752 727 740 17 840 840 840 0 128 128 128 0 3 2 1.0
14000 16000 3 1 142 9916 291 414503 997 244 649 379 4400 4400 4400 0 128 128 128 0 2 2 1.0
16000 18000 3 1 321 17682 634 914367 997 292 664 353 0 0 0 0 128 128 128 0 0 1 1.0
18000 20000 3 1 336 18005 692 1004614 999 223 632 390 8000 8000 8000 0 128 128 128 0 3 2 1.0
20000 22000 3 1 325 20162 644 927339 998 322 664 337 3000 3000 3000 0 128 128 128 0 2 2 1.0
22000 24000 3 1 297 16732 588 850351 996 326 660 335 3000 2300 2533 404 128 128 128 0 3 2 1.0
24000 26000 3 1 355 18759 722 1046604 998 340 663 329 2300 2300 2300 0 128 128 128 0 1 1 1.0
26000 28000 2 1 181 10391 364 525149 750 268 509 341 2300 2300 2300 0 128 128 128 0 1 2 1.0
28000 30000 3 1 326 17016 628 905192 996 247 620 374 2300 2300 2300 0 0 0 0 0 1 0 1.0
30000 32000 1 1 119 7531 240 345121 752 752 752 0 2300 2300 2300 0 128 128 128 0 1 2 1.0
32000 34000 3 1 256 14671 551 789644 999 246 664 383 2300 2300 2300 0 128 128 128 0 2 1 1.0
34000 36000 3 1 333 17328 667 958842 997 249 665 380 2300 2300 2300 0 128 128 128 0 1 1 1.0
36000 38000 3 1 245 13224 452 643188 997 251 645 374 2300 2300 2300 0 128 128 128 0 1 1 1.0
38000 40000 3 1 232 13098 446 636084 994 306 633 345 2300 2300 2300 0 128 128 128 0 1 2 1.0
40000 42000 3 1 288 15966 545 782464 999 325 573 370 2300 2300 2300 0 0 0 0 0 1 0 1.0
42000 44000 1 1 124 7286 269 386503 753 753 753 0 2300 2300 2300 0 128 128 128 0 1 1 1.0
44000 46000 3 1 202 12385 399 569141 996 245 647 378 3000 3000 3000 0 128 128 128 0 2 2 1.0
46000 48000 3 1 318 18258 619 881649 999 296 665 353 2300 2300 2300 0 128 128 128 0 2 2 1.0
48000 50000 3 1 249 14895 478 683019 997 297 664 350 2300 2300 2300 0 128 128 128 0 1 1 1.0
50000 52000 3 1 258 14796 516 740313 997 301 664 348 2300 2300 2300 0 128 128 128 0 1 1 1.0
52000 54000 3 1 215 12629 397 561514 994 304 659 345 2300 2300 2300 0 128 128 128 0 1 1 1.0
54000 56000 2 1 188 11184 385 555041 751 294 523 322 2300 2300 2300 0 128 128 128 0 1 1 1.0
56000 58000 3 1 225 13233 419 591772 999 245 648 379 2300 2300 2300 0 128 128 128 0 1 1 1.0
58000 60000 3 1 222 13374 428 612971 949 296 643 328 2300 2300 2300 0 128 128 128 0 1 2 1.0
60000 62000 3 1 342 18820 655 944557 997 314 621 346 2300 2300 2300 0 0 0 0 0 1 0 1.0
62000 64000 1 1 118 7604 238 342422 751 751 751 0 2300 2300 2300 0 128 128 128 0 1 2 1.0
64000 66000 3 1 363 20503 715 1027445 998 247 663 382 2300 2300 2300 0 128 128 128 0 2 1 1.0
66000 68000 3 1 192 10034 393 558880 987 51 428 494 0 0 0 0 0 0 0 0 0 0 1.0
68000 70000 1 1 121 7903 256 369219 753 753 753 0 2300 2300 2300 0 128 128 128 0 1 2 1.0
70000 72000 3 1 307 17703 602 861854 999 243 665 385 2300 2300 2300 0 128 128 128 0 1 1 1.0
72000 74000 3 1 247 13545 459 655569 997 112 451 477 2300 2300 2300 0 0 0 0 0 1 0 1.0
74000 76000 1 1 117 7689 259 373263 752 752 752 0 2300 2300 2300 0 128 128 128 0 1 2 1.0
76000 78000 3 1 319 18187 582 838462 996 247 560 389 2300 2300 2300 0 0 0 0 0 1 0 1.0
78000 80000 1 1 104 7073 240 343018 754 754 754 0 2300 2300 2300 0 128 128 128 0 1 2 1.0
80000 82000 3 1 304 18633 613 883907 999 245 664 384 2300 2300 2300 0 128 128 128 0 2 1 1.0
82000 84000 3 1 341 18773 678 975811 994 251 649 374 2300 2300 2300 0 128 128 128 0 1 1 1.0
84000 86000 3 1 224 13206 444 634371 949 295 644 329 2300 2300 2300 0 128 128 128 0 1 1 1.0
86000 88000 3 1 234 13577 467 668287 936 309 644 316 2300 2300 2300 0 128 128 128 0 1 1 1.0
88000 90000 3 1 223 12894 456 651876 996 309 658 343 2300 2300 2300 0 128 128 128 0 1 1 1.0
90000 92000 3 1 228 13506 456 652218 986 327 655 329 2300 2300 2300 0 128 128 128 0 1 2 1.0
92000 94000 3 1 301 17836 592 854763 999 347 665 326 2300 2300 2300 0 128 128 128 0 1 1 1.0
94000 96000 3 1 359 19585 737 1062057 996 345 662 325 2300 2300 2300 0 128 128 128 0 2 1 1.0
96000 98000 3 1 244 14999 493 698506 983 352 659 315 3000 3000 3000 0 128 128 128 0 2 2 1.0
98000 100000 3 1 273 16240 527 755428 953 354 635 301 3000 3000 3000 0 128 128 128 0 1 1 1.0
100000 102000 3 1 153 9683 279 389572 907 398 598 271 3000 3000 3000 0 128 128 128 0 1 1 1.0
102000 104000 2 1 184 10182 372 528915 812 507 659 215 0 0 0 0 0 0 0 0 0 0 1.0
104000 106000 1 1 133 8071 280 404308 749 749 749 0 3000 3000 3000 0 128 128 128 0 1 1 1.0
106000 108000 3 1 352 19565 717 1032186 999 247 663 382 3000 3000 3000 0 128 128 128 0 1 1 1.0
108000 110000 3 1 286 16781 553 793209 988 254 645 369 3000 3000 3000 0 128 128 128 0 1 2 1.0
110000 112000 3 1 367 21370 722 1042509 995 305 663 345 3000 3000 3000 0 128 128 128 0 1 1 1.0
112000 114000 3 1 343 17927 686 991120 997 291 606 359 3000 3000 3000 0 0 0 0 0 1 0 1.0
114000 116000 1 1 132 8558 284 408821 754 754 754 0 3000 3000 3000 0 128 128 128 0 1 2 1.0
116000 118000 3 1 329 18897 630 907885 999 243 664 385 3000 3000 3000 0 128 128 128 0 1 1 1.0
118000 120000 3 1 383 20623 738 1064061 996 247 663 381 3000 3000 3000 0 0 0 0 0 1 0 1.0
120000 122000 2 1 50 3175 90 127102 241 77 159 116 0 0 0 0 0 0 0 0 0 0 1.0
122000 124000 1 1 57 4121 146 208901 696 696 696 0 3000 3000 3000 0 128 128 128 0 1 1 1.0
124000 126000 3 1 332 19686 689 999006 999 302 664 349 3000 3000 3000 0 128 128 128 0 1 3 1.0
126000 128000 3 1 376 22812 764 1109468 999 306 664 347 2300 2300 2300 0 128 128 128 0 3 2 1.0
128000 130000 3 1 351 19718 711 1027393 997 311 664 343 2300 2300 2300 0 128 128 128 0 1 1 1.0
130000 132000 3 1 377 20647 775 1123400 998 314 663 342 2300 2300 2300 0 128 128 128 0 2 1 1.0
132000 134000 3 1 235 13380 474 676473 996 322 664 337 2300 2300 2300 0 128 128 128 0 1 1 1.0
134000 136000 2 1 62 4114 124 174736 987 324 656 468 0 0 0 0 0 0 0 0 0 0 1.0
136000 138000 1 1 146 9779 303 437950 752 752 752 0 2300 2300 2300 0 128 128 128 0 1 2 1.0
138000 140000 3 1 382 22472 726 1049876 999 244 663 384 2300 2300 2300 0 128 128 128 0 2 1 1.0
140000 142000 3 1 155 8986 266 379202 992 24 422 506 0 0 0 0 0 0 0 0 0 0 1.0
142000 144000 1 1 136 8771 260 374628 750 750 750 0 2300 2300 2300 0 128 128 128 0 1 2 1.0
144000 146000 3 1 399 23260 758 1090364 998 248 664 381 2300 2300 2300 0 128 128 128 0 2 1 1.0
146000 148000 3 1 215 12079 381 545505 992 26 422 506 0 0 0 0 0 0 0 0 0 0 1.0
148000 150000 1 1 136 8876 282 405804 751 751 751 0 2300 2300 2300 0 128 128 128 0 1 2 1.0
150000 152000 3 1 372 21703 733 1059712 998 247 664 382 2300 2300 2300 0 128 128 128 0 2 1 1.0
152000 154000 3 1 259 15261 509 731262 994 250 653 376 2300 2300 2300 0 128 128 128 0 1 2 1.0
154000 156000 3 1 326 19035 644 926906 960 282 641 340 2300 2300 2300 0 128 128 128 0 2 1 1.0
156000 158000 3 1 190 10546 351 502207 981 4 434 498 0 0 0 0 0 0 0 0 0 0 1.0
158000 160000 1 1 130 7994 288 416524 748 748 748 0 2300 2300 2300 0 128 128 128 0 1 1 1.0
160000 162000 3 1 254 15398 491 705961 996 249 649 376 2300 2300 2300 0 128 128 128 0 1 1 1.0
162000 164000 3 1 90 5680 137 187851 996 28 440 499 0 0 0 0 0 0 0 0 0 0 1.0
164000 166000 1 1 98 6803 227 324766 749 749 749 0 2300 2300 2300 0 128 128 128 0 1 2 1.0
166000 168000 3 1 366 22001 740 1068117 998 244 663 384 2300 2300 2300 0 128 128 128 0 2 1 1.0
168000 170000 3 1 377 20811 744 1075282 999 248 663 381 2300 2300 2300 0 128 128 128 0 1 1 1.0
170000 172000 3 1 202 12089 393 562766 990 254 649 371 2300 2300 2300 0 128 128 128 0 1 2 1.0
172000 174000 3 1 352 20273 711 1020677 998 295 664 352 2300 2300 2300 0 128 128 128 0 2 1 1.0
174000 176000 3 1 265 15275 514 736149 943 299 640 323 2300 2300 2300 0 128 128 128 0 1 1 1.0
176000 178000 3 1 229 13635 456 646618 996 317 630 342 2300 2300 2300 0 128 128 128 0 1 1 1.0
178000 180000 2 1 97 6166 181 252575 932 421 676 360 0 0 0 0 0 0 0 0 0 0 1.0
180000 182000 1 1 127 8596 267 385273 749 749 749 0 2300 2300 2300 0 128 128 128 0 1 2 1.0
182000 184000 3 1 356 21255 692 995350 997 249 662 380 2300 2300 2300 0 128 128 128 0 1 1 1.0
184000 186000 3 1 350 19833 705 1012201 990 256 649 369 2300 2300 2300 0 128 128 128 0 2 2 1.0
186000 188000 3 1 314 17533 619 888353 999 293 664 354 2300 2300 2300 0 0 0 0 0 1 0 1.0
188000 190000 2 1 110 7710 235 335375 750 5 378 526 2300 2300 2300 0 128 128 128 0 1 2 1.0
190000 192000 3 1 348 21596 687 988018 998 247 664 382 3000 2300 2766 404 128 128 128 0 3 2 1.0
192000 194000 3 1 326 18455 643 926085 996 251 663 378 3000 3000 3000 0 128 128 128 0 1 1 1.0
194000 196000 3 1 238 12772 452 647076 998 92 447 483 0 0 0 0 0 0 0 0 0 0 1.0
196000 198000 1 1 108 7205 254 365209 751 751 751 0 3000 3000 3000 0 128 128 128 0 1 2 1.0
198000 200000 3 1 331 18741 655 942558 998 247 665 382 2300 2300 2300 0 0 0 0 0 2 0 1.0
200000 202000 2 1 147 9902 296 425282 750 102 426 458 2300 2300 2300 0 128 128 128 0 1 3 1.0
202000 204000 3 1 314 17750 610 878642 997 248 620 374 2300 2300 2300 0 0 0 0 0 1 0 1.0
204000 206000 1 1 124 7602 278 399900 750 750 750 0 2300 2300 2300 0 128 128 128 0 1 1 1.0
206000 208000 3 1 221 13518 444 638460 997 248 649 377 2300 2300 2300 0 128 128 128 0 1 2 1.0
208000 210000 3 1 282 15832 533 765109 998 293 617 356 2300 2300 2300 0 0 0 0 0 1 0 1.0
210000 212000 1 1 2 752 5 3603 63 63 63 0 0 0 0 0 0 0 0 0 0 0 1.0
212000 214000 1 1 100 6874 206 296434 751 751 751 0 2300 2300 2300 0 128 128 128 0 1 2 1.0
214000 216000 3 1 362 21221 719 1042332 998 247 664 381 2300 2300 2300 0 128 128 128 0 2 2 1.0
216000 218000 3 1 343 19045 706 1020171 997 252 663 378 2300 2300 2300 0 128 128 128 0 1 1 1.0
218000 220000 3 1 338 18336 705 1015464 999 254 663 377 2300 2300 2300 0 128 128 128 0 2 1 1.0
220000 222000 3 1 235 14023 459 656979 980 263 643 360 2300 2300 2300 0 128 128 128 0 1 1 1.0
222000 224000 3 1 86 5595 144 200208 997 25 444 499 0 0 0 0 0 0 0 0 0 0 1.0
224000 226000 1 1 133 9698 286 410846 753 753 753 0 3000 3000 3000 0 128 128 128 0 2 3 1.0
226000 228000 3 1 371 22637 735 1059668 999 246 664 383 2300 2300 2300 0 128 128 128 0 2 2 1.0
228000 230000 3 1 373 21648 715 1029542 997 251 663 378 2300 2300 2300 0 128 128 128 0 2 1 1.0
230000 232000 3 1 248 14556 466 667743 986 258 646 366 2300 2300 2300 0 128 128 128 0 1 1 1.0
232000 234000 3 1 248 14512 487 698126 997 300 663 349 2300 2300 2300 0 128 128 128 0 1 1 1.0
234000 236000 3 1 243 14237 467 669089 989 306 661 342 2300 2300 2300 0 128 128 128 0 1 1 1.0
236000 238000 3 1 224 13355 429 614140 986 308 657 339 2300 2300 2300 0 128 128 128 0 1 1 1.0
238000 240000 3 1 219 13075 418 599704 997 318 664 339 2300 2300 2300 0 128 128 128 0 1 1 1.0
240000 242000 2 1 97 5929 177 251278 998 321 659 479 0 0 0 0 0 0 0 0 0 0 1.0
242000 244000 1 1 123 8132 267 385153 750 750 750 0 2300 2300 2300 0 128 128 128 0 1 2 1.0
244000 246000 3 1 334 19865 689 998622 997 249 664 380 2300 2300 2300 0 128 128 128 0 2 1 1.0
246000 248000 3 1 211 11153 413 589574 990 25 422 504 0 0 0 0 0 0 0 0 0 0 1.0
248000 250000 1 1 113 7519 257 370136 751 751 751 0 2300 2300 2300 0 128 128 128 0 1 2 1.0
250000 252000 3 1 365 21077 746 1076031 995 246 663 381 2300 2300 2300 0 128 128 128 0 2 1 1.0
252000 254000 3 1 260 14338 526 753288 994 250 643 373 2300 2300 2300 0 128 128 128 0 1 1 1.0
254000 256000 3 1 217 12949 420 601223 994 312 623 344 2300 2300 2300 0 128 128 128 0 1 2 1.0
256000 258000 3 1 369 20861 768 1111004 999 434 664 296 2300 2300 2300 0 128 128 128 0 2 1 1.0
258000 260000 2 1 209 11460 380 540231 906 438 672 330 0 0 0 0 0 0 0 0 0 0 1.0
260000 262000 1 1 111 7390 237 337931 751 751 751 0 2300 2300 2300 0 128 128 128 0 1 2 1.0
262000 264000 3 1 346 20007 698 1007734 997 242 663 384 2300 2300 2300 0 128 128 128 0 2 1 1.0
264000 266000 3 1 237 13262 414 592893 998 49 432 500 0 0 0 0 0 0 0 0 0 0 1.0
266000 268000 1 1 126 8400 265 382099 752 752 752 0 2300 2300 2300 0 128 128 128 0 1 2 1.0
268000 270000 3 1 367 21141 744 1072003 999 243 664 385 2300 2300 2300 0 128 128 128 0 2 1 1.0
270000 272000 3 1 135 7423 251 355800 995 35 419 507 0 0 0 0 0 0 0 0 0 0 1.0
272000 274000 1 1 105 7285 230 328705 751 751 751 0 2300 2300 2300 0 128 128 128 0 1 2 1.0
274000 276000 3 1 341 19137 636 914375 995 247 663 380 2300 2300 2300 0 0 0 0 0 1 0 1.0
276000 278000 2 1 151 9452 310 446251 753 204 479 388 2300 2300 2300 0 128 128 128 0 1 2 1.0
278000 280000 3 1 344 21004 674 969511 998 246 663 382 2300 2300 2300 0 128 128 128 0 2 2 1.0
280000 282000 3 1 366 19751 716 1031859 999 250 663 380 2300 2300 2300 0 0 0 0 0 1 0 1.0
282000 284000 3 1 185 11229 364 509009 985 259 643 365 2300 2300 2300 0 128 128 128 0 1 2 1.0
284000 286000 3 1 341 19627 646 931234 997 308 664 345 2300 2300 2300 0 128 128 128 0 2 1 1.0
286000 288000 3 1 314 18653 603 863332 976 311 633 332 3000 3000 3000 0 128 128 128 0 2 2 1.0
288000 290000 3 1 299 17880 565 810550 924 387 632 271 3000 3000 3000 0 128 128 128 0 1 1 1.0
290000 292000 2 1 182 10216 360 507293 928 412 670 364 0 0 0 0 0 0 0 0 0 0 1.0
292000 294000 1 1 116 7740 245 352634 752 752 752 0 3000 3000 3000 0 128 128 128 0 1 2 1.0
294000 296000 3 1 366 20786 723 1045503 998 246 664 382 3000 3000 3000 0 128 128 128 0 1 1 1.0
296000 298000 3 1 346 18288 693 997387 997 252 662 378 3000 3000 3000 0 0 0 0 0 1 0 1.0
298000 300000 1 1 128 8775 260 373470 750 750 750 0 3000 3000 3000 0 128 128 128 0 1 2 1.0
300000 302000 1 1 42 2894 86 123167 247 247 247 0 3000 3000 3000 0 0 0 0 0 1 0 1.0
