ts te nbins ncons c_tcp_packs c_tcp_bytes c_udp_packs c_udp_bytes s_tcp_packs s_tcp_bytes s_udp_packs s_udp_bytes max_bins_span min_bins_span avg_bins_span std_bins_span max_video_rate min_video_rate avg_video_rate std_video_rate max_audio_rate min_audio_rate avg_audio_rate std_audio_rate video_requests audio_requests
0 2000 0 0 0 0 0 0 0 0 0 0 0 0 0 0 0 0 0 0 0 0 0 0 0 0
2000 4000 0 0 0 0 0 0 0 0 0 0 0 0 0 0 0 0 0 0 0 0 0 0 0 0
4000 6000 0 0 0 0 0 0 0 0 0 0 0 0 0 0 0 0 0 0 0 0 0 0 0 0
6000 8000 0 0 0 0 0 0 0 0 0 0 0 0 0 0 0 0 0 0 0 0 0 0 0 0
8000 10000 1 1 0 0 48 5911 0 0 115 151255 501 501 501 0 480 480 480 0 128 128 128 0 2 2
10000 12000 3 1 0 0 196 17616 0 0 361 485134 997 491 662 290 480 480 480 0 128 128 128 0 3 3
12000 14000 3 1 0 0 142 10147 0 0 262 367486 999 462 646 305 480 480 480 0 128 128 128 0 1 1
14000 16000 3 1 0 0 190 18726 0 0 393 552568 998 458 664 291 840 480 582 175 128 128 128 0 7 7
16000 18000 3 1 0 0 125 9481 0 0 279 389585 590 215 448 203 480 480 480 0 128 128 128 0 2 2
18000 20000 3 1 0 0 66 5923 0 0 122 165062 991 172 648 425 0 0 0 0 0 0 0 0 0 0
20000 22000 2 1 0 0 18 1781 0 0 39 50172 378 217 298 113 2300 2300 2300 0 128 128 128 0 2 2
22000 24000 3 1 0 0 184 16748 0 0 320 456616 999 216 664 403 480 480 480 0 128 128 128 0 3 2
24000 26000 3 1 0 0 175 11422 0 0 288 408193 916 214 638 372 480 480 480 0 128 128 128 0 2 3
26000 28000 2 1 0 0 71 6277 0 0 128 175311 748 216 482 375 0 0 0 0 0 0 0 0 0 0
28000 30000 3 1 0 0 108 8950 0 0 176 237236 997 179 652 424 840 840 840 0 128 128 128 0 2 2
30000 32000 2 1 0 0 19 1352 0 0 32 38884 586 216 401 261 840 840 840 0 128 128 128 0 1 1
32000 34000 3 1 0 0 153 12046 0 0 247 353959 998 207 657 407 480 480 480 0 128 128 128 0 2 2
34000 36000 2 1 0 0 54 3092 0 0 80 111182 636 218 427 295 480 480 480 0 0 0 0 0 1 0
36000 38000 3 1 0 0 125 10208 0 0 209 293162 999 213 663 405 480 480 480 0 128 128 128 0 1 2
38000 40000 3 1 0 0 114 7382 0 0 169 237221 993 166 646 429 480 480 480 0 128 128 128 0 2 1
40000 42000 3 1 0 0 86 6871 0 0 145 198860 986 124 646 458 480 480 480 0 128 128 128 0 1 2
42000 44000 2 1 0 0 75 5975 0 0 126 175967 873 242 557 446 0 0 0 0 0 0 0 0 0 0
44000 46000 2 1 0 0 92 8374 0 0 217 302035 671 217 444 321 840 840 840 0 128 128 128 0 3 3
46000 48000 2 1 0 0 87 7440 0 0 201 281075 683 217 450 329 1500 1500 1500 0 128 128 128 0 2 2
48000 50000 3 1 0 0 120 9815 0 0 285 405100 996 160 646 434 1500 1500 1500 0 128 128 128 0 1 1
50000 52000 3 1 0 0 226 14105 0 0 572 816821 997 148 661 451 1500 1500 1500 0 128 128 128 0 1 1
52000 54000 3 1 0 0 173 10831 0 0 415 593413 997 7 618 534 2300 2300 2300 0 128 128 128 0 2 2
54000 56000 2 1 0 0 185 12456 0 0 423 602079 991 989 990 0 2300 2300 2300 0 128 128 128 0 2 2
56000 58000 2 1 0 0 171 8477 0 0 405 578714 992 788 890 144 0 0 0 0 0 0 0 0 0 0
58000 60000 2 1 0 0 16 1254 0 0 39 54961 217 96 157 85 2300 2300 2300 0 128 128 128 0 1 1
60000 62000 3 1 0 0 196 11712 0 0 449 641973 998 178 652 424 2300 2300 2300 0 128 128 128 0 1 1
62000 64000 3 1 0 0 276 15544 0 0 667 962202 999 175 665 433 2300 2300 2300 0 128 128 128 0 1 1
64000 66000 2 1 0 0 76 4334 0 0 175 250805 679 217 448 326 2300 2300 2300 0 128 128 128 0 1 1
66000 68000 3 1 0 0 209 14713 0 0 496 710690 998 217 665 403 1500 1500 1500 0 128 128 128 0 2 1
68000 70000 3 1 0 0 221 13045 0 0 458 654844 997 30 601 506 1500 1500 1500 0 128 128 128 0 1 2
70000 72000 1 1 0 0 14 1568 0 0 34 48556 218 218 218 0 1500 1500 1500 0 128 128 128 0 1 1
72000 74000 4 2 0 0 253 20320 0 0 569 818976 998 211 648 333 3000 1500 2500 866 128 128 128 0 3 3
74000 76000 3 1 0 0 226 13087 0 0 497 709166 989 27 601 506 0 0 0 0 0 0 0 0 0 0
76000 78000 1 1 0 0 26 1957 0 0 63 90466 217 217 217 0 3000 3000 3000 0 128 128 128 0 1 1
78000 80000 3 1 0 0 240 15596 0 0 549 788943 999 172 650 428 2300 2300 2300 0 128 128 128 0 2 1
80000 82000 3 1 0 0 174 9081 0 0 397 569377 951 163 647 423 2300 2300 2300 0 0 0 0 0 1 0
82000 84000 3 1 0 0 279 17260 0 0 658 949578 998 155 663 447 2300 2300 2300 0 128 128 128 0 1 3
84000 86000 3 1 0 0 260 13915 0 0 562 813417 996 154 664 448 2300 2300 2300 0 128 128 128 0 1 1
86000 88000 3 1 0 0 186 10257 0 0 419 595917 991 24 620 521 2300 2300 2300 0 128 128 128 0 1 1
88000 90000 1 1 0 0 23 1792 0 0 56 80006 217 217 217 0 2300 2300 2300 0 0 0 0 0 1 0
90000 92000 3 1 0 0 189 12357 0 0 417 595945 997 161 646 433 2300 2300 2300 0 128 128 128 0 1 1
92000 94000 3 1 0 0 266 16030 0 0 640 921236 999 154 663 447 2300 2300 2300 0 128 128 128 0 1 2
94000 96000 3 1 0 0 275 15125 0 0 603 865031 998 131 658 462 2300 2300 2300 0 128 128 128 0 2 1
96000 98000 3 1 0 0 265 14653 0 0 658 951446 997 129 664 468 2300 2300 2300 0 128 128 128 0 1 2
98000 100000 2 1 0 0 103 5313 0 0 223 318743 759 218 488 382 2300 2300 2300 0 128 128 128 0 1 1
100000 102000 3 1 0 0 173 11329 0 0 405 579449 999 161 647 434 3000 3000 3000 0 128 128 128 0 2 2
102000 104000 3 1 0 0 273 17471 0 0 662 952673 999 156 664 447 3000 3000 3000 0 128 128 128 0 1 2
104000 106000 3 1 0 0 281 15734 0 0 676 980013 999 153 663 448 3000 3000 3000 0 128 128 128 0 1 1
106000 108000 3 1 0 0 283 15236 0 0 627 908974 998 142 662 456 3000 3000 3000 0 0 0 0 0 1 0
108000 110000 2 1 0 0 100 5195 0 0 233 334389 616 218 417 281 3000 3000 3000 0 128 128 128 0 1 1
110000 112000 3 1 0 0 214 12731 0 0 498 714659 997 174 650 427 3000 3000 3000 0 128 128 128 0 1 1
112000 114000 3 1 0 0 251 15943 0 0 597 859813 997 171 662 434 1500 1500 1500 0 128 128 128 0 2 1
114000 116000 3 1 0 0 217 12862 0 0 507 730315 999 169 665 438 1500 1500 1500 0 128 128 128 0 2 3
116000 118000 3 1 0 0 122 7953 0 0 272 389237 945 130 635 440 3000 3000 3000 0 128 128 128 0 2 2
118000 120000 3 1 0 0 232 15329 0 0 532 758298 980 11 619 530 3000 3000 3000 0 128 128 128 0 1 1
120000 122000 2 1 0 0 236 13987 0 0 541 773726 988 887 937 71 3000 3000 3000 0 128 128 128 0 1 1
122000 124000 2 1 0 0 266 14544 0 0 581 838783 996 927 962 49 0 0 0 0 0 0 0 0 0 0
124000 126000 2 1 0 0 157 10887 0 0 331 469171 997 908 953 63 3000 3000 3000 0 128 128 128 0 1 3
126000 128000 3 1 0 0 218 16304 0 0 532 754431 996 79 652 499 3000 3000 3000 0 128 128 128 0 4 2
128000 130000 3 1 0 0 272 16152 0 0 592 851620 998 118 660 473 3000 3000 3000 0 128 128 128 0 1 1
130000 132000 2 1 0 0 237 14078 0 0 554 794147 997 758 878 169 3000 3000 3000 0 128 128 128 0 1 1
132000 134000 3 1 0 0 241 14785 0 0 529 757870 997 240 664 386 3000 3000 3000 0 128 128 128 0 1 1
134000 136000 4 2 0 0 171 14009 0 0 373 539420 999 3 582 420 0 0 0 0 128 128 128 0 0 1
136000 138000 3 1 0 0 209 15155 0 0 462 662457 993 268 662 366 840 840 840 0 128 128 128 0 3 3
138000 140000 2 1 0 0 42 2926 0 0 95 134560 244 216 230 20 840 840 840 0 128 128 128 0 1 1
140000 142000 3 1 0 0 120 9053 0 0 271 381014 997 37 605 503 840 840 840 0 128 128 128 0 1 1
142000 144000 1 1 0 0 27 2191 0 0 63 91134 218 218 218 0 840 840 840 0 128 128 128 0 1 1
144000 146000 3 1 0 0 174 12628 0 0 371 530651 996 160 645 434 840 840 840 0 128 128 128 0 2 2
146000 148000 3 1 0 0 166 11338 0 0 367 519305 991 141 657 452 2300 840 1813 842 128 128 128 0 3 3
148000 150000 3 1 0 0 192 12824 0 0 398 569540 987 132 658 460 0 0 0 0 0 0 0 0 0 0
150000 152000 2 1 0 0 211 13082 0 0 406 569382 995 866 930 91 2300 2300 2300 0 128 128 128 0 1 1
152000 154000 1 1 0 0 23 2146 0 0 56 79716 218 218 218 0 3000 3000 3000 0 128 128 128 0 2 2
154000 156000 3 1 0 0 281 18861 0 0 675 971556 997 215 665 403 3000 3000 3000 0 128 128 128 0 1 2
156000 158000 3 1 0 0 307 16847 0 0 699 1011157 998 205 659 408 3000 3000 3000 0 0 0 0 0 1 0
158000 160000 2 1 0 0 80 4405 0 0 181 259545 486 217 352 190 3000 3000 3000 0 128 128 128 0 1 1
160000 162000 3 1 0 0 307 19051 0 0 701 1013240 998 214 663 404 3000 3000 3000 0 128 128 128 0 1 2
162000 164000 3 1 0 0 269 15066 0 0 644 930632 997 212 664 405 3000 3000 3000 0 128 128 128 0 1 1
164000 166000 3 1 0 0 322 17612 0 0 742 1075459 996 211 664 406 3000 3000 3000 0 128 128 128 0 1 1
166000 168000 3 1 0 0 313 17569 0 0 691 1000562 999 206 663 410 3000 3000 3000 0 128 128 128 0 2 1
168000 170000 3 1 0 0 249 14184 0 0 558 797507 988 160 646 432 3000 3000 3000 0 128 128 128 0 1 1
170000 172000 3 1 0 0 237 14041 0 0 551 788564 999 157 665 447 3000 3000 3000 0 128 128 128 0 1 1
172000 174000 3 1 0 0 228 13172 0 0 516 737881 994 149 661 450 3000 3000 3000 0 128 128 128 0 1 1
174000 176000 3 1 0 0 237 13159 0 0 546 783888 995 0 614 537 0 0 0 0 0 0 0 0 0 0
176000 178000 1 1 0 0 19 1676 0 0 50 71912 218 218 218 0 3000 3000 3000 0 128 128 128 0 1 1
178000 180000 3 1 0 0 263 17705 0 0 639 923918 999 213 664 405 2300 2300 2300 0 128 128 128 0 2 3
180000 182000 3 1 0 0 250 14803 0 0 558 803088 999 205 663 410 2300 2300 2300 0 128 128 128 0 1 1
182000 184000 3 1 0 0 313 17766 0 0 693 1001166 993 198 661 413 2300 2300 2300 0 128 128 128 0 2 1
184000 186000 3 1 0 0 176 11019 0 0 406 579299 983 161 648 431 2300 2300 2300 0 128 128 128 0 1 1
186000 188000 3 1 0 0 220 12784 0 0 510 728837 998 151 662 449 2300 2300 2300 0 128 128 128 0 1 1
188000 190000 3 1 0 0 209 13083 0 0 458 652485 998 145 663 454 2300 2300 2300 0 128 128 128 0 1 1
190000 192000 3 1 0 0 200 11881 0 0 447 636952 983 142 658 452 2300 2300 2300 0 128 128 128 0 1 1
192000 194000 3 1 0 0 313 18516 0 0 690 995090 996 138 663 459 2300 2300 2300 0 128 128 128 0 1 1
194000 196000 2 1 0 0 96 5138 0 0 222 316467 833 214 524 437 2300 2300 2300 0 128 128 128 0 1 1
196000 198000 3 1 0 0 154 10788 0 0 347 495565 995 181 652 422 3000 3000 3000 0 128 128 128 0 2 2
198000 200000 3 1 0 0 317 19657 0 0 732 1057850 999 178 664 430 3000 3000 3000 0 128 128 128 0 1 2
200000 202000 3 1 0 0 305 16773 0 0 724 1049835 999 173 663 434 3000 3000 3000 0 128 128 128 0 1 1
202000 204000 3 1 0 0 278 15429 0 0 666 965549 999 170 665 436 3000 3000 3000 0 128 128 128 0 1 1
204000 206000 3 1 0 0 275 15264 0 0 603 868651 997 146 657 450 3000 3000 3000 0 128 128 128 0 2 1
206000 208000 3 1 0 0 270 16337 0 0 619 889690 996 141 663 457 3000 3000 3000 0 128 128 128 0 1 1
208000 210000 3 1 0 0 247 13149 0 0 548 785953 981 134 657 457 3000 3000 3000 0 128 128 128 0 1 1
210000 212000 3 1 0 0 230 14286 0 0 529 758137 994 109 656 477 3000 3000 3000 0 128 128 128 0 1 1
212000 214000 2 1 0 0 240 12740 0 0 519 745817 989 889 939 70 0 0 0 0 0 0 0 0 0 0
214000 216000 1 1 0 0 25 1811 0 0 67 97187 218 218 218 0 3000 3000 3000 0 128 128 128 0 1 1
216000 218000 3 1 0 0 284 17450 0 0 674 969945 996 215 662 402 2300 2300 2300 0 128 128 128 0 2 1
218000 220000 2 1 0 0 89 5469 0 0 195 281177 421 218 319 143 2300 2300 2300 0 128 128 128 0 1 2
220000 222000 3 1 0 0 312 19726 0 0 699 1005970 995 212 662 404 2300 2300 2300 0 128 128 128 0 1 2
222000 224000 3 1 0 0 259 14395 0 0 598 860071 992 171 650 427 2300 2300 2300 0 128 128 128 0 2 1
224000 226000 3 1 0 0 210 12309 0 0 492 703692 998 170 665 436 3000 3000 3000 0 128 128 128 0 2 2
226000 228000 3 1 0 0 227 14049 0 0 550 791753 951 162 646 423 3000 3000 3000 0 128 128 128 0 1 1
228000 230000 3 1 0 0 238 13884 0 0 561 801070 991 157 661 443 3000 3000 3000 0 128 128 128 0 1 1
230000 232000 3 1 0 0 195 11575 0 0 436 618201 998 155 664 448 3000 3000 3000 0 128 128 128 0 1 1
232000 234000 3 1 0 0 238 13375 0 0 535 770731 984 0 608 531 0 0 0 0 0 0 0 0 0 0
234000 236000 1 1 0 0 25 1927 0 0 66 94332 216 216 216 0 3000 3000 3000 0 128 128 128 0 1 1
236000 238000 3 1 0 0 285 19776 0 0 698 999069 999 216 665 404 2300 2300 2300 0 128 128 128 0 2 3
238000 240000 3 1 0 0 287 23047 0 0 593 850933 996 161 647 434 2300 2300 2300 0 128 128 128 0 2 1
240000 242000 3 1 0 0 301 17575 0 0 714 1029791 999 158 664 445 2300 2300 2300 0 128 128 128 0 1 1
242000 244000 1 1 0 0 21 1043 0 0 32 46293 130 130 130 0 0 0 0 0 0 0 0 0 0 0
244000 246000 2 1 0 0 138 10434 0 0 316 451727 999 284 642 505 3000 3000 3000 0 128 128 128 0 2 3
246000 248000 3 1 0 0 320 17960 0 0 709 1025661 996 279 662 361 3000 3000 3000 0 128 128 128 0 1 1
248000 250000 3 1 0 0 301 16610 0 0 716 1036073 998 230 645 387 3000 3000 3000 0 0 0 0 0 1 0
250000 252000 3 1 0 0 287 16190 0 0 674 972821 997 226 664 396 3000 3000 3000 0 128 128 128 0 2 2
252000 254000 3 1 0 0 236 12970 0 0 533 767567 767 216 526 282 3000 3000 3000 0 128 128 128 0 1 1
254000 256000 3 1 0 0 260 15995 0 0 594 855517 999 210 664 407 3000 3000 3000 0 128 128 128 0 1 2
256000 258000 3 1 0 0 287 15817 0 0 710 1030083 996 208 663 407 3000 3000 3000 0 128 128 128 0 1 1
258000 260000 3 1 0 0 312 16892 0 0 743 1078914 999 202 663 412 3000 3000 3000 0 128 128 128 0 1 1
260000 262000 3 1 0 0 298 16340 0 0 682 988862 995 201 664 413 3000 3000 3000 0 128 128 128 0 2 1
262000 264000 3 1 0 0 208 12220 0 0 475 678462 983 49 610 494 0 0 0 0 0 0 0 0 0 0
264000 266000 1 1 0 0 24 1773 0 0 62 89692 216 216 216 0 3000 3000 3000 0 128 128 128 0 1 1
266000 268000 3 1 0 0 286 18427 0 0 632 912181 999 209 663 408 1500 1500 1500 0 128 128 128 0 2 3
268000 270000 3 1 0 0 157 10529 0 0 362 518882 992 176 651 424 1500 1500 1500 0 128 128 128 0 2 1
270000 272000 3 1 0 0 166 10236 0 0 358 510455 954 145 640 434 2300 2300 2300 0 128 128 128 0 2 2
272000 274000 3 1 0 0 231 15481 0 0 429 607214 997 141 663 457 3000 3000 3000 0 128 128 128 0 2 2
274000 276000 3 1 0 0 259 15864 0 0 573 820349 991 134 659 459 3000 3000 3000 0 128 128 128 0 1 1
276000 278000 3 1 0 0 242 15070 0 0 510 732671 990 118 657 471 3000 3000 3000 0 128 128 128 0 1 1
278000 280000 2 1 0 0 251 12878 0 0 528 758369 974 879 927 67 0 0 0 0 0 0 0 0 0 0
280000 282000 1 1 0 0 6 1355 0 0 10 14284 218 218 218 0 3000 3000 3000 0 128 128 128 0 1 1
282000 284000 3 1 0 0 170 12792 0 0 390 559650 993 189 647 413 0 0 0 0 128 128 128 0 0 2
284000 286000 3 1 0 0 287 16446 0 0 658 948531 972 183 654 416 2300 1500 1900 461 128 128 128 0 4 2
286000 288000 3 1 0 0 288 19329 0 0 605 867052 996 181 664 428 1500 1500 1500 0 128 128 128 0 2 2
288000 290000 2 1 0 0 98 5225 0 0 218 312215 409 218 313 135 1500 1500 1500 0 128 128 128 0 1 1
290000 292000 2 1 0 0 132 8733 0 0 298 426212 758 217 487 382 3000 3000 3000 0 128 128 128 0 2 2
292000 294000 3 1 0 0 282 18144 0 0 600 864223 998 118 631 458 3000 3000 3000 0 128 128 128 0 1 1
294000 296000 4 2 0 0 266 18644 0 0 567 816361 902 110 623 368 3000 3000 3000 0 128 128 128 0 1 1
296000 298000 3 1 0 0 263 14734 0 0 593 858279 958 65 636 495 3000 3000 3000 0 128 128 128 0 1 1
298000 300000 3 1 0 0 280 16307 0 0 653 942420 996 61 663 522 3000 3000 3000 0 128 128 128 0 1 2
300000 302000 1 1 0 0 97 4877 0 0 164 234189 542 542 542 0 0 0 0 0 0 0 0 0 0 0
