ts te nbins ncons c_tcp_packs c_tcp_bytes c_udp_packs c_udp_bytes s_tcp_packs s_tcp_bytes s_udp_packs s_udp_bytes max_bins_span min_bins_span avg_bins_span std_bins_span max_video_rate min_video_rate avg_video_rate std_video_rate max_audio_rate min_audio_rate avg_audio_rate std_audio_rate video_requests audio_requests
0 10000 62 45 396 112247 61 31458 545 178308 61 28699 949 0 387 273 288 288 288 0 128 128 128 0 5 2
10000 20000 23 10 39 34903 532 562927 60 17116 390 124058 999 0 390 323 288 288 288 0 0 0 0 0 4 0
20000 30000 5 5 19 12340 0 0 27 5223 0 0 874 32 406 303 288 288 288 0 0 0 0 0 1 0
30000 40000 26 22 120 161611 8 6119 198 19407 7 318 998 0 298 331 288 288 288 0 128 128 128 0 7 5
40000 50000 42 41 64 28330 25 13486 79 5774 25 12534 986 16 108 202 840 288 533 290 128 128 128 0 9 9
50000 60000 17 15 51 31139 0 0 60 9713 0 0 654 17 212 203 840 480 660 197 128 128 128 0 6 5
60000 70000 36 32 190 162065 0 0 229 19008 0 0 994 22 265 298 840 480 660 197 128 128 128 0 6 6
70000 80000 3 3 19 17975 0 0 28 1250 0 0 544 19 306 265 840 288 508 302 128 128 128 0 5 5
80000 90000 6 6 21 17402 0 0 28 1282 0 0 596 16 182 229 480 480 480 0 128 128 128 0 5 5
90000 100000 32 32 39 14735 63 37255 53 3119 71 28056 451 16 136 162 840 480 768 160 128 128 128 0 5 5
100000 110000 11 8 17 13710 27 19294 25 4527 30 16325 571 0 288 226 840 840 840 0 128 128 128 0 6 6
110000 120000 18 18 27 14205 6 3929 45 1234 5 187 564 17 184 172 840 840 840 0 128 128 128 0 5 5
120000 130000 36 25 261 167641 0 0 372 231868 0 0 999 0 415 325 840 840 840 0 128 128 128 0 5 5
130000 140000 6 6 18 19578 7 5959 28 910 5 193 374 15 218 157 840 840 840 0 128 128 128 0 5 5
140000 150000 9 5 13 11063 6 2725 15 756 6 247 946 0 253 354 840 840 840 0 128 128 128 0 5 5
150000 160000 7 7 13 11808 0 0 28 880 0 0 314 253 282 21 840 480 624 197 128 128 128 0 5 5
160000 170000 8 8 20 14704 17 8089 28 1264 20 10842 583 17 268 234 480 480 480 0 128 128 128 0 5 5
170000 180000 14 12 12 10256 85 51524 17 756 92 40123 999 18 297 273 840 480 540 146 128 128 128 0 6 6
180000 190000 14 10 135 154336 0 0 175 6186 0 0 970 23 541 310 840 840 840 0 128 128 128 0 5 5
190000 200000 3 3 10 12131 0 0 17 833 0 0 293 19 194 151 840 840 840 0 128 128 128 0 5 5
200000 210000 3 3 18 13812 0 0 25 1282 0 0 376 348 360 14 288 288 288 0 128 128 128 0 5 5
210000 220000 8 8 21 14792 0 0 34 1339 0 0 359 25 224 126 288 288 288 0 128 128 128 0 5 5
220000 230000 9 8 15 13222 56 34441 22 1586 59 23087 514 127 300 131 840 288 564 302 128 128 128 0 6 6
230000 240000 5 5 14 14337 0 0 21 756 0 0 292 33 183 137 840 840 840 0 128 128 128 0 5 5
240000 250000 20 15 246 162575 16 10680 355 215019 12 499 998 0 509 310 840 480 600 185 128 128 128 0 6 6
250000 260000 4 4 20 23554 0 0 30 910 0 0 552 23 236 259 840 840 840 0 128 128 128 0 4 4
260000 270000 4 4 9 10521 4 3706 15 756 3 149 285 17 165 130 840 480 552 160 128 128 128 0 5 5
270000 280000 6 6 13 11737 0 0 27 881 0 0 499 265 326 92 840 480 660 197 128 128 128 0 6 6
280000 290000 13 13 20 17819 85 53765 27 1263 97 43989 734 33 422 225 840 840 840 0 128 128 128 0 5 5
290000 300000 7 7 13 11966 4 3622 18 756 3 149 304 17 141 130 840 480 600 185 128 128 128 0 6 6
