ts te nbins ncons c_pkts_all c_bytes_all s_pkts_all s_bytes_all max_bin min_bin avg_bin std_bin max_vid min_vid avg_vid std_vid max_aud min_aud avg_aud std_aud num_vid num_aud num_mfs
0 10000 4 3 87 19193 144 149869 998 301 635 384 840 840 840 0 128 128 128 0 2 2 1.0
10000 20000 15 9 223 67581 367 291822 978 18 594 281 288 288 288 0 128 128 128 0 7 7 5.0
20000 30000 0 0 0 0 0 0 0 0 0 0 0 0 0 0 0 0 0 0 0 0 
30000 40000 4 4 31 16543 38 18131 683 220 386 205 288 288 288 0 128 128 128 0 6 6 5.0
40000 50000 0 0 0 0 0 0 0 0 0 0 0 0 0 0 0 0 0 0 0 0 
50000 60000 0 0 0 0 0 0 0 0 0 0 0 0 0 0 0 0 0 0 0 0 
60000 70000 0 0 0 0 0 0 0 0 0 0 0 0 0 0 0 0 0 0 0 0 
70000 80000 1 1 11 4763 14 5119 162 162 162 0 480 288 370 102 128 128 128 0 7 7 5.0
80000 90000 0 0 0 0 0 0 0 0 0 0 0 0 0 0 0 0 0 0 0 0 
90000 100000 4 3 37 23134 41 16555 986 0 420 414 1500 1500 1500 0 128 128 128 0 5 5 5.0
100000 110000 0 0 0 0 0 0 0 0 0 0 0 0 0 0 0 0 0 0 0 0 
110000 120000 0 0 0 0 0 0 0 0 0 0 0 0 0 0 0 0 0 0 0 0 
120000 130000 4 4 43 19390 51 19528 443 126 312 143 2300 1500 2033 413 128 128 128 0 6 6 5.0
130000 140000 0 0 0 0 0 0 0 0 0 0 0 0 0 0 0 0 0 0 0 0 
140000 150000 0 0 0 0 0 0 0 0 0 0 0 0 0 0 0 0 0 0 0 0 
150000 160000 2 2 18 9298 21 13324 297 234 265 44 2300 2300 2300 0 128 128 128 0 5 5 5.0
160000 170000 0 0 0 0 0 0 0 0 0 0 0 0 0 0 0 0 0 0 0 0 
170000 180000 0 0 0 0 0 0 0 0 0 0 0 0 0 0 0 0 0 0 0 0 
180000 190000 0 0 0 0 0 0 0 0 0 0 0 0 0 0 0 0 0 0 0 0 
190000 200000 1 1 10 4989 13 8224 119 119 119 0 2300 2300 2300 0 128 128 128 0 5 5 5.0
200000 210000 0 0 0 0 0 0 0 0 0 0 0 0 0 0 0 0 0 0 0 0 
210000 220000 2 2 20 6964 20 8303 363 359 361 2 2300 2300 2300 0 128 128 128 0 4 4 5.0
220000 230000 0 0 0 0 0 0 0 0 0 0 0 0 0 0 0 0 0 0 0 0 
230000 240000 0 0 0 0 0 0 0 0 0 0 0 0 0 0 0 0 0 0 0 0 
240000 250000 4 4 38 19325 47 20671 378 243 306 55 2300 2300 2300 0 128 128 128 0 5 5 5.0
250000 260000 0 0 0 0 0 0 0 0 0 0 0 0 0 0 0 0 0 0 0 0 
260000 270000 0 0 0 0 0 0 0 0 0 0 0 0 0 0 0 0 0 0 0 0 
270000 280000 2 2 21 13212 27 16234 414 406 410 5 2300 2300 2300 0 128 128 128 0 5 5 5.0
280000 290000 0 0 0 0 0 0 0 0 0 0 0 0 0 0 0 0 0 0 0 0 
290000 300000 0 0 0 0 0 0 0 0 0 0 0 0 0 0 0 0 0 0 0 0 
300000 310000 0 0 0 0 0 0 0 0 0 0 0 0 0 0 0 0 0 0 0 0 
