ts te nbins ncons c_tcp_packs c_tcp_bytes c_udp_packs c_udp_bytes s_tcp_packs s_tcp_bytes s_udp_packs s_udp_bytes max_bins_span min_bins_span avg_bins_span std_bins_span max_video_rate min_video_rate avg_video_rate std_video_rate max_audio_rate min_audio_rate avg_audio_rate std_audio_rate video_requests audio_requests
0 1000 1 1 0 0 79 6653 0 0 195 279561 378 378 378 0 2300 2300 2300 0 128 128 128 0 2 3
1000 2000 2 1 0 0 184 15186 0 0 466 665405 621 378 499 172 1500 1500 1500 0 128 128 128 0 2 2
2000 3000 2 1 0 0 152 10902 0 0 409 585769 612 349 480 185 1500 1500 1500 0 128 128 128 0 1 1
3000 4000 2 1 0 0 162 10013 0 0 431 619329 650 348 499 213 1500 1500 1500 0 128 128 128 0 2 1
4000 5000 3 2 3 0 139 8976 2 24 345 491574 650 189 395 234 1500 1500 1500 0 128 128 128 0 1 2
5000 6000 2 1 0 0 174 10882 0 0 423 603534 653 324 489 232 1500 1500 1500 0 128 128 128 0 1 1
6000 7000 2 1 0 0 159 9675 0 0 453 653197 674 323 498 247 1500 1500 1500 0 128 128 128 0 2 2
7000 8000 2 1 0 0 183 10846 0 0 487 702160 675 322 499 249 1500 1500 1500 0 128 128 128 0 1 1
8000 9000 2 1 0 0 138 8028 0 0 338 483616 671 211 441 325 1500 1500 1500 0 0 0 0 0 1 0
9000 10000 1 1 0 0 0 55 0 0 2 3202 4 4 4 0 4400 4400 4400 0 128 128 128 0 2 2
10000 11000 2 1 0 0 186 12258 0 0 492 713837 995 4 499 700 0 0 0 0 0 0 0 0 0 0
11000 12000 2 1 0 0 116 5378 0 0 284 409052 691 3 347 486 4400 4400 4400 0 128 128 128 0 1 1
12000 13000 2 1 0 0 190 11087 0 0 525 763486 993 3 498 699 0 0 0 0 0 0 0 0 0 0
13000 14000 2 1 0 0 186 10068 0 0 513 744043 995 2 499 701 4400 4400 4400 0 128 128 128 0 1 1
14000 15000 2 1 0 0 183 9277 0 0 512 743758 997 2 499 703 0 0 0 0 0 0 0 0 0 0
15000 16000 1 1 0 0 86 5321 0 0 241 345253 996 996 996 0 4400 4400 4400 0 128 128 128 0 1 1
16000 17000 1 1 0 0 183 9154 0 0 435 630211 998 998 998 0 0 0 0 0 0 0 0 0 0 0
17000 18000 1 1 0 0 167 9377 0 0 447 645991 998 998 998 0 4400 4400 4400 0 128 128 128 0 1 1
18000 19000 2 1 0 0 196 10148 0 0 474 684533 988 1 494 698 0 0 0 0 0 0 0 0 0 0
19000 20000 1 1 0 0 95 5269 0 0 266 387505 508 508 508 0 4400 4400 4400 0 128 128 128 0 1 1
20000 21000 2 1 0 0 184 9915 0 0 480 695284 507 487 497 13 0 0 0 0 0 0 0 0 0 0
21000 22000 2 1 0 0 110 6096 0 0 285 411929 502 90 296 291 4400 4400 4400 0 128 128 128 0 1 1
22000 23000 2 1 0 0 168 9708 0 0 455 657132 501 494 497 5 0 0 0 0 0 0 0 0 0 0
23000 24000 2 1 0 0 174 9265 0 0 474 686111 499 498 498 0 4400 4400 4400 0 128 128 128 0 1 1
24000 25000 2 1 0 0 183 9850 0 0 478 693068 499 498 498 0 0 0 0 0 128 128 128 0 0 1
25000 26000 2 1 0 0 175 9272 0 0 470 681685 499 499 499 0 4400 4400 4400 0 0 0 0 0 1 0
26000 27000 2 1 0 0 114 6256 0 0 296 428161 499 493 496 4 0 0 0 0 0 0 0 0 0 0
27000 28000 2 1 0 0 101 5623 0 0 276 397420 488 463 476 17 4400 4400 4400 0 128 128 128 0 1 1
28000 29000 2 1 0 0 160 8249 0 0 473 684751 535 462 498 51 0 0 0 0 128 128 128 0 0 1
29000 30000 2 1 0 0 167 8718 0 0 467 676936 533 460 496 51 4400 4400 4400 0 0 0 0 0 1 0
30000 31000 2 1 0 0 165 8500 0 0 455 657911 539 460 499 55 4400 4400 4400 0 128 128 128 0 1 1
31000 32000 2 1 0 0 158 8313 0 0 416 600245 535 458 497 54 0 0 0 0 0 0 0 0 0 0
32000 33000 2 1 0 0 141 7371 0 0 366 527711 538 455 497 58 4400 4400 4400 0 128 128 128 0 1 1
33000 34000 2 1 0 0 135 7282 0 0 381 550778 543 454 499 62 0 0 0 0 0 0 0 0 0 0
34000 35000 2 1 0 0 160 8294 0 0 443 640357 544 452 498 65 4400 4400 4400 0 128 128 128 0 1 1
35000 36000 2 1 0 0 152 8093 0 0 413 595091 547 450 499 68 0 0 0 0 0 0 0 0 0 0
36000 37000 2 1 0 0 110 5444 0 0 301 434546 457 203 330 179 4400 4400 4400 0 128 128 128 0 1 1
37000 38000 2 1 0 0 159 9150 0 0 426 614494 795 199 497 421 0 0 0 0 0 0 0 0 0 0
38000 39000 2 1 0 0 151 8185 0 0 401 580367 797 198 497 423 4400 4400 4400 0 128 128 128 0 1 1
39000 40000 2 1 0 0 166 8538 0 0 477 691993 796 197 496 422 0 0 0 0 0 0 0 0 0 0
40000 41000 2 1 0 0 150 8585 0 0 420 607238 796 197 497 423 4400 4400 4400 0 128 128 128 0 1 1
41000 42000 2 1 0 0 161 8122 0 0 449 651518 802 195 498 429 0 0 0 0 0 0 0 0 0 0
42000 43000 2 1 0 0 104 6649 0 0 299 429036 803 190 497 433 4400 4400 4400 0 128 128 128 0 1 1
43000 44000 2 1 0 0 182 9515 0 0 474 687851 809 184 497 441 0 0 0 0 0 0 0 0 0 0
44000 45000 2 1 0 0 136 8331 0 0 362 523481 813 180 496 447 4400 4400 4400 0 128 128 128 0 1 1
45000 46000 2 1 0 0 180 9239 0 0 477 692534 817 177 497 452 0 0 0 0 0 0 0 0 0 0
46000 47000 2 1 0 0 123 7588 0 0 349 505649 822 176 499 456 4400 4400 4400 0 128 128 128 0 1 1
47000 48000 2 1 0 0 167 8430 0 0 459 666349 822 171 496 460 0 0 0 0 0 0 0 0 0 0
48000 49000 2 1 0 0 109 7034 0 0 285 408171 828 169 498 465 4400 4400 4400 0 128 128 128 0 1 1
49000 50000 2 1 0 0 144 7034 0 0 385 557352 830 167 498 469 0 0 0 0 0 0 0 0 0 0
50000 51000 2 1 0 0 78 4505 0 0 218 311598 830 151 490 480 4400 4400 4400 0 128 128 128 0 1 1
51000 52000 2 1 0 0 178 10338 0 0 475 687039 846 149 498 492 0 0 0 0 128 128 128 0 0 1
52000 53000 2 1 0 0 173 10482 0 0 414 598090 849 148 499 495 4400 4400 4400 0 0 0 0 0 1 0
53000 54000 2 1 0 0 192 9766 0 0 529 768790 848 146 497 496 0 0 0 0 128 128 128 0 0 1
54000 55000 2 1 0 0 184 10755 0 0 512 743099 852 146 499 499 4400 4400 4400 0 0 0 0 0 1 0
55000 56000 2 1 0 0 180 9707 0 0 463 670811 830 135 482 491 4400 4400 4400 0 128 128 128 0 1 1
56000 57000 2 1 0 0 163 9020 0 0 475 688151 864 133 498 516 0 0 0 0 0 0 0 0 0 0
57000 58000 2 1 0 0 96 4784 0 0 244 352651 534 8 271 372 4400 4400 4400 0 128 128 128 0 1 1
58000 59000 2 1 0 0 169 10184 0 0 518 752145 989 6 497 694 0 0 0 0 0 0 0 0 0 0
59000 60000 1 1 0 0 187 10729 0 0 489 710473 993 993 993 0 4400 4400 4400 0 128 128 128 0 1 1
60000 61000 1 1 0 0 213 12046 0 0 547 794244 996 996 996 0 0 0 0 0 0 0 0 0 0 0
61000 62000 1 1 0 0 42 3321 0 0 92 129680 995 995 995 0 4400 4400 4400 0 128 128 128 0 1 1
62000 63000 1 1 0 0 210 11488 0 0 549 797671 978 978 978 0 0 0 0 0 0 0 0 0 0 0
63000 64000 2 1 0 0 146 8445 0 0 400 578262 976 20 498 675 4400 4400 4400 0 128 128 128 0 1 1
64000 65000 2 1 0 0 141 9022 0 0 389 562455 973 20 497 673 0 0 0 0 0 0 0 0 0 0
65000 66000 2 1 0 0 194 10848 0 0 510 739309 972 21 497 672 4400 4400 4400 0 128 128 128 0 1 1
66000 67000 2 1 0 0 160 8566 0 0 435 630678 970 25 498 667 0 0 0 0 0 0 0 0 0 0
67000 68000 2 1 0 0 143 8224 0 0 402 579791 970 29 499 665 4400 4400 4400 0 128 128 128 0 1 1
68000 69000 2 1 0 0 152 8066 0 0 429 621853 969 27 498 666 0 0 0 0 0 0 0 0 0 0
69000 70000 2 1 0 0 133 7808 0 0 346 495485 966 29 498 662 4400 4400 4400 0 128 128 128 0 1 1
70000 71000 2 1 0 0 162 8707 0 0 434 629948 966 31 498 660 0 0 0 0 0 0 0 0 0 0
71000 72000 2 1 0 0 149 8474 0 0 398 576164 964 31 497 659 4400 4400 4400 0 128 128 128 0 1 1
72000 73000 2 1 0 0 170 8884 0 0 487 706085 962 32 497 657 0 0 0 0 0 0 0 0 0 0
73000 74000 2 1 0 0 80 4570 0 0 206 297334 508 14 261 349 4400 4400 4400 0 128 128 128 0 1 1
74000 75000 2 1 0 0 157 9201 0 0 436 630224 507 486 497 15 0 0 0 0 128 128 128 0 0 1
75000 76000 2 1 0 0 172 9229 0 0 493 714724 502 492 497 7 4400 4400 4400 0 0 0 0 0 1 0
76000 77000 2 1 0 0 170 9211 0 0 481 696510 497 495 496 1 4400 4400 4400 0 128 128 128 0 1 1
77000 78000 2 1 0 0 150 8281 0 0 413 597267 502 492 497 7 0 0 0 0 0 0 0 0 0 0
78000 79000 2 1 0 0 138 7756 0 0 374 538446 506 491 498 10 4400 4400 4400 0 128 128 128 0 1 1
79000 80000 2 1 0 0 142 7853 0 0 386 555336 506 491 499 10 0 0 0 0 0 0 0 0 0 0
80000 81000 2 1 0 0 160 9396 0 0 437 631302 502 487 494 10 4400 4400 4400 0 128 128 128 0 2 2
81000 82000 2 1 0 0 134 8261 0 0 344 493518 512 249 381 185 0 0 0 0 0 0 0 0 0 0
82000 83000 1 1 0 0 33 2026 0 0 97 140931 200 200 200 0 4400 4400 4400 0 128 128 128 0 1 1
83000 84000 2 1 0 0 174 10424 0 0 491 710441 796 200 498 421 0 0 0 0 0 0 0 0 0 0
84000 85000 2 1 0 0 193 11169 0 0 512 743171 798 197 497 424 4400 4400 4400 0 128 128 128 0 1 1
85000 86000 2 1 0 0 161 8171 0 0 447 649447 801 194 498 429 0 0 0 0 0 0 0 0 0 0
86000 87000 2 1 0 0 93 6081 0 0 264 382402 803 191 497 432 4400 4400 4400 0 128 128 128 0 1 1
87000 88000 2 1 0 0 168 8476 0 0 485 703244 807 189 498 436 0 0 0 0 0 0 0 0 0 0
88000 89000 2 1 0 0 143 8561 0 0 382 550683 808 185 497 440 4400 4400 4400 0 128 128 128 0 1 1
89000 90000 2 1 0 0 189 9671 0 0 503 730144 813 184 498 444 0 0 0 0 0 0 0 0 0 0
90000 91000 2 1 0 0 170 9858 0 0 470 681177 814 183 498 446 4400 4400 4400 0 128 128 128 0 1 1
91000 92000 2 1 0 0 176 8851 0 0 435 631931 813 171 492 454 0 0 0 0 0 0 0 0 0 0
92000 93000 2 1 0 0 174 10295 0 0 494 714920 827 163 495 469 4400 4400 4400 0 128 128 128 0 1 1
93000 94000 1 1 0 0 131 6328 0 0 371 536484 780 780 780 0 0 0 0 0 0 0 0 0 0 0
94000 95000 1 1 0 0 32 1943 0 0 96 138262 201 201 201 0 4400 4400 4400 0 128 128 128 0 1 1
95000 96000 2 1 0 0 164 9835 0 0 480 691051 798 200 499 423 0 0 0 0 0 0 0 0 0 0
96000 97000 2 1 0 0 174 9976 0 0 480 694037 799 196 498 426 4400 4400 4400 0 128 128 128 0 1 1
97000 98000 2 1 0 0 163 8246 0 0 449 652363 802 194 498 429 0 0 0 0 0 0 0 0 0 0
98000 99000 2 1 0 0 175 10109 0 0 480 693838 802 193 497 430 4400 4400 4400 0 128 128 128 0 1 1
99000 100000 2 1 0 0 118 5670 0 0 321 463433 675 9 342 471 4400 4400 4400 0 128 128 128 0 1 1
100000 101000 2 1 0 0 173 10244 0 0 514 747517 989 5 497 695 0 0 0 0 0 0 0 0 0 0
101000 102000 1 1 0 0 121 7256 0 0 299 433074 994 994 994 0 4400 4400 4400 0 128 128 128 0 1 1
102000 103000 1 1 0 0 142 7407 0 0 436 633123 975 975 975 0 0 0 0 0 0 0 0 0 0 0
103000 104000 2 1 0 0 141 8259 0 0 376 544163 975 22 498 674 4400 4400 4400 0 128 128 128 0 1 1
104000 105000 2 1 0 0 174 8957 0 0 528 766792 975 23 499 672 0 0 0 0 0 0 0 0 0 0
105000 106000 2 1 0 0 93 6029 0 0 215 309124 962 22 492 664 4400 4400 4400 0 128 128 128 0 1 1
106000 107000 1 1 0 0 177 9140 0 0 515 748790 973 973 973 0 0 0 0 0 0 0 0 0 0 0
107000 108000 2 1 0 0 180 10041 0 0 429 622367 970 23 497 670 4400 4400 4400 0 128 128 128 0 1 1
108000 109000 2 1 0 0 183 9694 0 0 462 668234 950 28 489 652 0 0 0 0 0 0 0 0 0 0
109000 110000 1 1 0 0 93 5176 0 0 266 387094 507 507 507 0 4400 4400 4400 0 128 128 128 0 1 1
110000 111000 2 1 0 0 136 7858 0 0 378 548465 506 490 498 11 0 0 0 0 0 0 0 0 0 0
111000 112000 2 1 0 0 125 6953 0 0 361 523372 504 493 498 8 4400 4400 4400 0 128 128 128 0 1 1
112000 113000 2 1 0 0 134 7404 0 0 381 550109 504 493 499 7 0 0 0 0 0 0 0 0 0 0
113000 114000 2 1 0 0 144 7944 0 0 398 577235 504 492 498 7 4400 4400 4400 0 128 128 128 0 1 1
114000 115000 2 1 0 0 177 9934 0 0 488 708919 502 494 498 5 0 0 0 0 0 0 0 0 0 0
115000 116000 2 1 0 0 168 9124 0 0 466 675872 501 492 496 6 4400 4400 4400 0 128 128 128 0 1 1
116000 117000 2 1 0 0 176 9383 0 0 449 651126 501 497 499 3 0 0 0 0 0 0 0 0 0 0
117000 118000 2 1 0 0 169 9447 0 0 427 620016 499 495 497 3 4400 4400 4400 0 128 128 128 0 1 1
118000 119000 2 1 0 0 110 6693 0 0 289 414115 499 498 498 0 0 0 0 0 0 0 0 0 0 0
119000 120000 2 1 0 0 121 6847 0 0 332 477389 490 482 486 5 4400 4400 4400 0 128 128 128 0 1 1
120000 121000 2 1 0 0 171 9242 0 0 489 709059 515 481 498 24 0 0 0 0 0 0 0 0 0 0
121000 122000 2 1 0 0 177 9739 0 0 470 681412 516 478 497 27 4400 4400 4400 0 128 128 128 0 1 1
122000 123000 2 1 0 0 179 9707 0 0 473 684091 519 477 498 29 0 0 0 0 0 0 0 0 0 0
123000 124000 2 1 0 0 173 9380 0 0 472 682220 521 475 498 33 4400 4400 4400 0 128 128 128 0 1 1
124000 125000 2 1 0 0 171 9236 0 0 462 668564 524 473 499 36 4400 4400 4400 0 128 128 128 0 1 1
125000 126000 2 1 0 0 165 9030 0 0 459 664529 520 473 496 33 0 0 0 0 0 0 0 0 0 0
126000 127000 2 1 0 0 182 9709 0 0 504 727190 525 470 497 38 4400 4400 4400 0 128 128 128 0 1 1
127000 128000 2 1 0 0 175 9524 0 0 449 644595 527 468 497 41 0 0 0 0 0 0 0 0 0 0
128000 129000 2 1 0 0 44 2513 0 0 124 179441 201 66 134 95 4400 4400 4400 0 128 128 128 0 1 1
129000 130000 2 1 0 0 151 8946 0 0 432 623669 795 199 497 421 0 0 0 0 0 0 0 0 0 0
130000 131000 2 1 0 0 113 6145 0 0 292 419178 800 174 487 442 4400 4400 4400 0 128 128 128 0 1 1
131000 132000 2 1 0 0 174 9841 0 0 505 729937 825 169 497 464 0 0 0 0 0 0 0 0 0 0
132000 133000 2 1 0 0 174 10027 0 0 480 694425 822 168 495 462 4400 4400 4400 0 128 128 128 0 1 1
133000 134000 2 1 0 0 171 8624 0 0 469 680368 829 166 498 468 0 0 0 0 0 0 0 0 0 0
134000 135000 2 1 0 0 116 7313 0 0 312 449662 829 166 498 468 4400 4400 4400 0 128 128 128 0 1 1
135000 136000 2 1 0 0 189 9719 0 0 497 721281 828 164 496 469 0 0 0 0 0 0 0 0 0 0
136000 137000 2 1 0 0 159 9244 0 0 422 611194 833 161 497 475 4400 4400 4400 0 128 128 128 0 1 1
137000 138000 2 1 0 0 162 8153 0 0 454 658720 838 155 497 483 0 0 0 0 0 0 0 0 0 0
138000 139000 2 1 0 0 81 5592 0 0 237 344238 842 152 497 488 4400 4400 4400 0 128 128 128 0 1 1
139000 140000 2 1 0 0 163 8166 0 0 464 673567 847 149 498 493 0 0 0 0 0 0 0 0 0 0
140000 141000 2 1 0 0 101 6561 0 0 281 403816 847 148 497 494 4400 4400 4400 0 128 128 128 0 1 1
141000 142000 2 1 0 0 161 7999 0 0 447 648326 851 147 499 497 0 0 0 0 0 0 0 0 0 0
142000 143000 2 1 0 0 172 9866 0 0 488 707193 850 145 497 498 4400 4400 4400 0 128 128 128 0 1 1
143000 144000 2 1 0 0 141 6748 0 0 384 556946 805 9 407 562 4400 4400 4400 0 128 128 128 0 1 1
144000 145000 2 1 0 0 169 10015 0 0 500 726123 990 6 498 695 0 0 0 0 0 0 0 0 0 0
145000 146000 1 1 0 0 132 6601 0 0 303 437823 657 657 657 0 0 0 0 0 0 0 0 0 0 0
146000 147000 1 1 0 0 90 5379 0 0 257 374497 506 506 506 0 4400 4400 4400 0 128 128 128 0 1 1
147000 148000 2 1 0 0 174 10156 0 0 485 702342 506 489 497 12 4400 4400 4400 0 128 128 128 0 1 1
148000 149000 2 1 0 0 179 9824 0 0 490 708493 506 490 498 11 0 0 0 0 0 0 0 0 0 0
149000 150000 2 1 0 0 143 8003 0 0 391 566471 505 489 497 11 4400 4400 4400 0 128 128 128 0 1 1
150000 151000 2 1 0 0 144 7931 0 0 390 565662 503 493 498 7 0 0 0 0 0 0 0 0 0 0
151000 152000 2 1 0 0 140 7712 0 0 388 562004 503 494 498 6 4400 4400 4400 0 128 128 128 0 1 1
152000 153000 2 1 0 0 145 8054 0 0 392 568537 503 493 498 6 0 0 0 0 0 0 0 0 0 0
153000 154000 2 1 0 0 159 8716 0 0 442 641207 502 496 499 4 4400 4400 4400 0 128 128 128 0 1 1
154000 155000 2 1 0 0 150 8228 0 0 395 573224 498 496 497 1 0 0 0 0 0 0 0 0 0 0
155000 156000 2 1 0 0 147 8118 0 0 365 528470 501 495 498 4 4400 4400 4400 0 128 128 128 0 1 1
156000 157000 2 1 0 0 148 8285 0 0 413 598409 504 495 499 6 0 0 0 0 0 0 0 0 0 0
157000 158000 2 1 0 0 174 9477 0 0 491 711856 501 495 498 4 4400 4400 4400 0 128 128 128 0 1 1
158000 159000 2 1 0 0 164 9826 0 0 413 595359 500 493 496 4 0 0 0 0 0 0 0 0 0 0
159000 160000 2 1 0 0 160 8924 0 0 386 558003 496 468 482 20 4400 4400 4400 0 128 128 128 0 1 1
160000 161000 2 1 0 0 153 8389 0 0 378 547340 527 466 496 43 0 0 0 0 0 0 0 0 0 0
161000 162000 2 1 0 0 158 9001 0 0 411 595046 494 464 479 21 4400 4400 4400 0 128 128 128 0 1 1
162000 163000 2 1 0 0 169 9584 0 0 454 658050 535 460 497 53 0 0 0 0 0 0 0 0 0 0
163000 164000 2 1 0 0 168 9816 0 0 427 618227 538 459 498 56 4400 4400 4400 0 128 128 128 0 1 1
164000 165000 2 1 0 0 181 10042 0 0 488 706498 538 457 498 57 0 0 0 0 0 0 0 0 0 0
165000 166000 2 1 0 0 173 9426 0 0 439 634401 541 456 498 60 4400 4400 4400 0 128 128 128 0 1 1
166000 167000 2 1 0 0 152 8511 0 0 353 510732 543 455 499 61 0 0 0 0 0 0 0 0 0 0
167000 168000 2 1 0 0 140 8101 0 0 378 545766 544 452 498 65 4400 4400 4400 0 128 128 128 0 1 1
168000 169000 2 1 0 0 175 9455 0 0 493 713527 541 451 496 63 4400 4400 4400 0 128 128 128 0 1 1
169000 170000 2 1 0 0 177 9761 0 0 468 675953 547 450 499 68 0 0 0 0 0 0 0 0 0 0
170000 171000 2 1 0 0 108 5704 0 0 292 422125 542 199 370 242 0 0 0 0 0 0 0 0 0 0
171000 172000 2 1 0 0 84 5847 0 0 237 341977 795 198 497 422 4400 4400 4400 0 128 128 128 0 1 1
172000 173000 2 1 0 0 189 10068 0 0 509 739606 798 198 498 424 0 0 0 0 128 128 128 0 0 1
173000 174000 2 1 0 0 183 10074 0 0 503 728589 800 197 498 426 4400 4400 4400 0 0 0 0 0 1 0
174000 175000 2 1 0 0 177 9357 0 0 483 699092 802 192 497 431 4400 4400 4400 0 128 128 128 0 1 1
175000 176000 2 1 0 0 161 9020 0 0 463 671264 805 192 498 433 0 0 0 0 0 0 0 0 0 0
176000 177000 2 1 0 0 92 5141 0 0 248 357565 799 155 477 454 4400 4400 4400 0 128 128 128 0 1 1
177000 178000 2 1 0 0 145 8156 0 0 435 628405 841 154 497 485 0 0 0 0 0 0 0 0 0 0
178000 179000 2 1 0 0 140 7673 0 0 344 497275 797 149 473 458 4400 4400 4400 0 128 128 128 0 1 1
179000 180000 2 1 0 0 164 9318 0 0 453 652644 847 148 498 494 0 0 0 0 0 0 0 0 0 0
180000 181000 2 1 0 0 143 7713 0 0 364 524764 845 138 491 499 4400 4400 4400 0 128 128 128 0 1 1
181000 182000 2 1 0 0 170 9653 0 0 477 690772 856 137 496 508 0 0 0 0 0 0 0 0 0 0
182000 183000 2 1 0 0 118 7690 0 0 284 407564 857 118 488 522 4400 4400 4400 0 128 128 128 0 1 1
183000 184000 2 1 0 0 178 8744 0 0 513 745595 881 117 499 540 0 0 0 0 0 0 0 0 0 0
184000 185000 2 1 0 0 181 10466 0 0 436 632271 882 116 499 541 4400 4400 4400 0 128 128 128 0 1 1
185000 186000 2 1 0 0 183 9018 0 0 509 739917 880 113 496 542 0 0 0 0 0 0 0 0 0 0
186000 187000 2 1 0 0 169 9790 0 0 507 736304 886 109 498 549 4400 4400 4400 0 128 128 128 0 1 1
187000 188000 1 1 0 0 151 7251 0 0 411 595113 865 865 865 0 0 0 0 0 0 0 0 0 0 0
188000 189000 1 1 0 0 78 4735 0 0 212 307502 508 508 508 0 4400 4400 4400 0 128 128 128 0 1 1
189000 190000 2 1 0 0 166 9605 0 0 456 661535 503 489 496 10 0 0 0 0 0 0 0 0 0 0
190000 191000 2 1 0 0 182 9766 0 0 501 727527 499 493 496 4 4400 4400 4400 0 128 128 128 0 1 1
191000 192000 2 1 0 0 133 7374 0 0 356 516161 499 499 499 0 0 0 0 0 0 0 0 0 0 0
192000 193000 2 1 0 0 115 6412 0 0 332 480029 493 480 487 8 4400 4400 4400 0 128 128 128 0 1 1
193000 194000 2 1 0 0 177 9522 0 0 495 718536 515 478 497 25 0 0 0 0 128 128 128 0 0 1
194000 195000 2 1 0 0 172 9362 0 0 455 660719 519 476 498 30 4400 4400 4400 0 0 0 0 0 1 0
195000 196000 2 1 0 0 107 6248 0 0 267 386711 518 475 496 29 0 0 0 0 0 0 0 0 0 0
196000 197000 2 1 0 0 114 6630 0 0 299 432369 493 473 483 14 4400 4400 4400 0 128 128 128 0 1 1
197000 198000 2 1 0 0 177 8915 0 0 470 680337 526 468 497 40 0 0 0 0 0 0 0 0 0 0
198000 199000 2 1 0 0 66 3609 0 0 177 255552 201 176 188 17 4400 4400 4400 0 128 128 128 0 1 1
199000 200000 2 1 0 0 167 9996 0 0 480 694079 794 199 497 420 0 0 0 0 128 128 128 0 0 1
200000 201000 2 1 0 0 178 10159 0 0 481 697513 799 196 498 426 4400 4400 4400 0 0 0 0 0 1 0
201000 202000 2 1 0 0 183 9192 0 0 501 728043 800 196 498 427 4400 4400 4400 0 128 128 128 0 1 1
202000 203000 2 1 0 0 178 10323 0 0 504 730753 802 195 499 428 0 0 0 0 0 0 0 0 0 0
203000 204000 2 1 0 0 175 9584 0 0 476 690113 800 195 498 427 4400 4400 4400 0 128 128 128 0 1 1
204000 205000 2 1 0 0 159 8091 0 0 440 638972 802 194 498 429 0 0 0 0 0 0 0 0 0 0
205000 206000 2 1 0 0 56 2824 0 0 127 183417 288 9 149 197 4400 4400 4400 0 128 128 128 0 1 1
206000 207000 2 1 0 0 178 10482 0 0 509 739908 989 7 498 694 0 0 0 0 0 0 0 0 0 0
207000 208000 2 1 0 0 188 10502 0 0 512 743944 990 5 497 696 4400 4400 4400 0 128 128 128 0 1 1
208000 209000 2 1 0 0 177 9036 0 0 500 726840 993 4 498 699 0 0 0 0 0 0 0 0 0 0
209000 210000 2 1 0 0 97 5969 0 0 272 391534 993 4 499 699 4400 4400 4400 0 128 128 128 0 1 1
210000 211000 2 1 0 0 184 9545 0 0 518 753508 993 2 497 700 0 0 0 0 0 0 0 0 0 0
211000 212000 1 1 0 0 183 10176 0 0 477 691187 997 997 997 0 4400 4400 4400 0 128 128 128 0 1 1
212000 213000 1 1 0 0 157 8156 0 0 409 589616 866 866 866 0 0 0 0 0 0 0 0 0 0 0
213000 214000 1 1 0 0 86 4768 0 0 258 375624 502 502 502 0 4400 4400 4400 0 128 128 128 0 1 1
214000 215000 2 1 0 0 122 7565 0 0 331 477525 500 493 496 4 0 0 0 0 0 0 0 0 0 0
215000 216000 2 1 0 0 121 6844 0 0 334 482044 495 480 488 10 4400 4400 4400 0 128 128 128 0 1 1
216000 217000 2 1 0 0 170 9053 0 0 497 719574 513 480 497 23 0 0 0 0 0 0 0 0 0 0
217000 218000 2 1 0 0 158 8566 0 0 449 649283 518 478 498 28 4400 4400 4400 0 128 128 128 0 1 1
218000 219000 2 1 0 0 144 7830 0 0 402 581038 519 474 496 32 4400 4400 4400 0 128 128 128 0 1 1
219000 220000 2 1 0 0 167 9233 0 0 434 626949 521 472 496 34 0 0 0 0 0 0 0 0 0 0
220000 221000 2 1 0 0 120 6862 0 0 301 434619 527 470 499 39 0 0 0 0 0 0 0 0 0 0
221000 222000 2 1 0 0 96 5617 0 0 279 402336 527 470 498 40 4400 4400 4400 0 128 128 128 0 1 1
222000 223000 2 1 0 0 174 9213 0 0 470 682379 528 466 497 43 4400 4400 4400 0 128 128 128 0 1 1
223000 224000 2 1 0 0 184 9983 0 0 468 680397 533 465 499 47 0 0 0 0 0 0 0 0 0 0
224000 225000 2 1 0 0 162 8799 0 0 450 649424 533 464 499 48 4400 4400 4400 0 128 128 128 0 1 1
225000 226000 2 1 0 0 152 8316 0 0 409 587391 534 463 499 50 0 0 0 0 0 0 0 0 0 0
226000 227000 2 1 0 0 106 5434 0 0 288 415968 428 200 314 160 4400 4400 4400 0 128 128 128 0 1 1
227000 228000 2 1 0 0 158 9397 0 0 441 636555 799 200 499 423 0 0 0 0 0 0 0 0 0 0
228000 229000 2 1 0 0 177 9829 0 0 440 639178 798 199 499 423 4400 4400 4400 0 128 128 128 0 1 1
229000 230000 2 1 0 0 156 8123 0 0 452 656432 798 198 498 424 0 0 0 0 0 0 0 0 0 0
230000 231000 2 1 0 0 98 5551 0 0 241 348897 798 172 485 442 4400 4400 4400 0 128 128 128 0 1 1
231000 232000 2 1 0 0 173 9684 0 0 499 721208 824 171 498 461 0 0 0 0 0 0 0 0 0 0
232000 233000 2 1 0 0 168 9815 0 0 445 641779 825 169 497 463 4400 4400 4400 0 128 128 128 0 1 1
233000 234000 2 1 0 0 172 8568 0 0 443 643558 827 167 497 466 0 0 0 0 0 0 0 0 0 0
234000 235000 2 1 0 0 131 7969 0 0 367 531522 828 166 497 467 4400 4400 4400 0 128 128 128 0 1 1
235000 236000 2 1 0 0 205 10292 0 0 503 729130 831 165 498 470 0 0 0 0 0 0 0 0 0 0
236000 237000 2 1 0 0 45 2389 0 0 111 158682 204 99 152 74 0 0 0 0 0 0 0 0 0 0
237000 238000 2 1 0 0 111 7542 0 0 304 436976 899 96 498 567 4400 4400 4400 0 128 128 128 0 1 1
238000 239000 2 1 0 0 209 12786 0 0 483 694796 874 72 473 567 4400 4400 4400 0 128 128 128 0 1 1
239000 240000 2 1 0 0 169 8361 0 0 478 692957 926 70 498 605 0 0 0 0 0 0 0 0 0 0
240000 241000 2 1 0 0 180 10491 0 0 510 741544 926 67 496 607 4400 4400 4400 0 128 128 128 0 1 1
241000 242000 2 1 0 0 175 8638 0 0 481 698113 931 64 497 613 0 0 0 0 0 0 0 0 0 0
242000 243000 2 1 0 0 49 4236 0 0 124 174946 935 63 499 616 4400 4400 4400 0 128 128 128 0 1 1
243000 244000 2 1 0 0 182 8867 0 0 515 748678 936 62 499 617 0 0 0 0 0 0 0 0 0 0
244000 245000 2 1 0 0 174 10132 0 0 445 645771 937 55 496 623 4400 4400 4400 0 128 128 128 0 1 1
245000 246000 2 1 0 0 182 8805 0 0 495 719452 940 53 496 627 0 0 0 0 128 128 128 0 0 1
246000 247000 2 1 0 0 157 9339 0 0 459 663379 944 52 498 630 4400 4400 4400 0 0 0 0 0 1 0
247000 248000 2 1 0 0 187 9722 0 0 494 716515 947 52 499 633 4400 4400 4400 0 128 128 128 0 1 1
248000 249000 2 1 0 0 178 9721 0 0 513 745835 947 49 498 634 0 0 0 0 0 0 0 0 0 0
249000 250000 2 1 0 0 74 3510 0 0 191 275176 489 9 249 338 4400 4400 4400 0 128 128 128 0 1 1
250000 251000 2 1 0 0 171 10174 0 0 495 719353 989 7 498 694 0 0 0 0 0 0 0 0 0 0
251000 252000 2 1 0 0 81 4564 0 0 186 265143 992 5 498 697 4400 4400 4400 0 128 128 128 0 1 1
252000 253000 2 1 0 0 178 9846 0 0 508 738281 989 4 497 696 0 0 0 0 0 0 0 0 0 0
253000 254000 2 1 0 0 182 10064 0 0 517 750536 993 3 498 699 4400 4400 4400 0 128 128 128 0 1 1
254000 255000 2 1 0 0 181 9302 0 0 495 718851 994 1 498 702 0 0 0 0 0 0 0 0 0 0
255000 256000 2 1 0 0 178 9815 0 0 506 732433 996 0 498 704 4400 4400 4400 0 128 128 128 0 1 1
256000 257000 1 1 0 0 172 8853 0 0 440 640048 996 996 996 0 0 0 0 0 0 0 0 0 0 0
257000 258000 1 1 0 0 87 5606 0 0 230 330087 998 998 998 0 4400 4400 4400 0 128 128 128 0 1 1
258000 259000 2 1 0 0 179 9199 0 0 506 735831 997 0 498 704 0 0 0 0 0 0 0 0 0 0
259000 260000 2 1 0 0 88 5528 0 0 250 358881 996 0 498 704 4400 4400 4400 0 128 128 128 0 1 1
260000 261000 2 1 0 0 134 7024 0 0 338 484326 875 2 439 617 0 0 0 0 0 0 0 0 0 0
261000 262000 1 1 0 0 92 5114 0 0 243 352231 509 509 509 0 4400 4400 4400 0 128 128 128 0 1 1
262000 263000 2 1 0 0 167 9655 0 0 458 662558 508 485 497 16 0 0 0 0 0 0 0 0 0 0
263000 264000 2 1 0 0 184 10078 0 0 494 715502 504 489 496 11 4400 4400 4400 0 128 128 128 0 1 1
264000 265000 2 1 0 0 146 8410 0 0 356 511865 501 494 497 5 4400 4400 4400 0 128 128 128 0 1 1
265000 266000 2 1 0 0 128 7413 0 0 345 495430 486 469 477 11 0 0 0 0 0 0 0 0 0 0
266000 267000 2 1 0 0 180 9586 0 0 488 708197 512 485 499 19 0 0 0 0 128 128 128 0 0 1
267000 268000 2 1 0 0 183 9939 0 0 469 680644 513 485 499 19 4400 4400 4400 0 0 0 0 0 1 0
268000 269000 2 1 0 0 185 10305 0 0 511 741131 514 482 498 22 0 0 0 0 128 128 128 0 0 1
269000 270000 2 1 0 0 187 10176 0 0 511 742504 514 482 498 23 4400 4400 4400 0 0 0 0 0 1 0
270000 271000 2 1 0 0 170 9237 0 0 446 644064 517 479 498 26 4400 4400 4400 0 128 128 128 0 1 1
271000 272000 2 1 0 0 160 8676 0 0 416 599398 520 474 497 32 0 0 0 0 0 0 0 0 0 0
272000 273000 2 1 0 0 182 9853 0 0 458 661709 524 471 497 37 4400 4400 4400 0 128 128 128 0 1 1
273000 274000 2 1 0 0 187 10432 0 0 457 656702 527 470 499 40 0 0 0 0 0 0 0 0 0 0
274000 275000 2 1 0 0 111 5971 0 0 282 407100 425 199 312 159 4400 4400 4400 0 128 128 128 0 1 1
275000 276000 2 1 0 0 150 9112 0 0 422 609064 798 199 498 423 0 0 0 0 0 0 0 0 0 0
276000 277000 2 1 0 0 146 8086 0 0 358 517010 796 163 480 447 4400 4400 4400 0 128 128 128 0 1 1
277000 278000 2 1 0 0 173 10128 0 0 451 650364 830 162 496 472 0 0 0 0 0 0 0 0 0 0
278000 279000 2 1 0 0 187 10847 0 0 481 695028 837 159 498 479 4400 4400 4400 0 128 128 128 0 1 1
279000 280000 2 1 0 0 188 9496 0 0 514 746688 837 158 498 480 0 0 0 0 0 0 0 0 0 0
280000 281000 2 1 0 0 139 8438 0 0 370 533961 837 156 497 481 4400 4400 4400 0 128 128 128 0 1 1
281000 282000 2 1 0 0 190 9783 0 0 488 709075 843 151 497 488 0 0 0 0 0 0 0 0 0 0
282000 283000 2 1 0 0 120 7511 0 0 341 492689 847 151 499 492 4400 4400 4400 0 128 128 128 0 1 1
283000 284000 2 1 0 0 179 9184 0 0 453 657316 844 151 498 490 0 0 0 0 0 0 0 0 0 0
284000 285000 2 1 0 0 90 6094 0 0 248 359140 848 149 499 493 4400 4400 4400 0 128 128 128 0 1 1
285000 286000 2 1 0 0 191 9925 0 0 479 695673 846 148 497 493 0 0 0 0 0 0 0 0 0 0
286000 287000 2 1 0 0 103 6618 0 0 286 413780 850 147 499 496 4400 4400 4400 0 128 128 128 0 1 1
287000 288000 2 1 0 0 180 8942 0 0 497 721954 847 147 497 494 0 0 0 0 0 0 0 0 0 0
288000 289000 2 1 0 0 164 9550 0 0 447 645381 850 147 499 497 4400 4400 4400 0 128 128 128 0 1 1
289000 290000 2 1 0 0 185 9487 0 0 432 626948 849 143 496 499 0 0 0 0 128 128 128 0 0 1
290000 291000 2 1 0 0 189 10926 0 0 527 762241 855 142 498 504 4400 4400 4400 0 0 0 0 0 1 0
291000 292000 2 1 0 0 100 4869 0 0 250 360699 536 6 271 374 4400 4400 4400 0 128 128 128 0 1 1
292000 293000 2 1 0 0 170 10034 0 0 514 746954 993 4 498 699 0 0 0 0 0 0 0 0 0 0
293000 294000 1 1 0 0 78 5365 0 0 156 223019 994 994 994 0 4400 4400 4400 0 128 128 128 0 1 1
294000 295000 1 1 0 0 152 7878 0 0 440 637529 970 970 970 0 0 0 0 0 0 0 0 0 0 0
