ts te nbins ncons c_pkts_all c_ack_cnt c_ack_cnt_p c_bytes_all c_bytes_uniq s_pkts_all s_ack_cnt s_ack_cnt_p s_bytes_all s_bytes_uniq c_pkts_retx s_pkts_retx c_pkts_data s_pkts_data max_bin min_bin avg_bin std_bin max_vid min_vid avg_vid std_vid max_aud min_aud avg_aud std_aud num_vid num_aud num_mfs
0 1000 9 8 147 146 126 17837 17818 207 207 29 369864 360214 0 12 20 177 952 3 364 395 0 0 0 0 0 0 0 0 0 0.0 0.0
1000 2000 18 16 248 247 193 21593 21081 357 357 66 399350 346636 5 62 53 289 948 0 303 316 0 0 0 0 0 0 0 0 0 0.0 0.0
2000 3000 24 20 196 196 147 7988 6727 269 269 63 373596 347666 10 30 49 205 948 0 341 290 0 0 0 0 0 0 0 0 0 0.0 0.0
3000 4000 24 17 228 227 169 4974 4131 341 341 73 407981 316438 11 75 57 266 958 0 408 344 0 0 0 0 0 0 0 0 0 0.0 0.0
4000 5000 15 13 218 214 189 8275 7791 316 316 37 398157 313159 3 61 25 275 961 25 399 344 0 0 0 0 0 0 0 0 0 0.0 0.0
5000 6000 13 11 134 131 114 9983 9654 216 216 28 268715 166670 1 71 17 185 969 0 361 348 0 0 0 0 0 0 0 0 0 0.0 0.0
6000 7000 10 8 134 134 126 5577 5577 180 180 14 368977 368072 0 2 7 164 967 20 215 280 0 0 0 0 0 0 0 0 0 0.0 1.0
7000 8000 7 6 124 123 114 4299 4183 183 183 13 354929 354840 0 0 9 169 973 2 395 393 0 0 0 0 0 0 0 0 0 0.0 0.0
8000 9000 4 3 145 145 132 8013 7738 189 189 16 350443 344449 0 3 12 172 982 14 465 398 0 0 0 0 0 0 0 0 0 0.0 0.0
9000 10000 8 7 160 158 146 9145 9145 225 225 16 361509 318115 0 27 11 206 984 0 325 363 288 288 288 0 128 128 128 0 2 2.0 0.0
10000 11000 11 9 199 196 166 34291 32950 283 283 46 321575 258799 0 47 29 233 980 11 332 319 0 0 0 0 0 0 0 0 0 0.0 0.0
11000 12000 8 7 144 142 126 18964 18916 195 195 26 266196 226209 1 25 16 167 988 9 348 330 288 288 288 0 128 128 128 0 2 1.0 1.0
12000 13000 7 6 119 119 113 2993 2918 172 172 7 247215 176547 0 45 5 165 987 0 398 376 288 288 288 0 128 128 128 0 1 1.0 0.0
13000 14000 9 6 99 98 91 4246 4184 152 152 12 252183 204652 0 29 6 139 914 0 325 321 288 288 288 0 128 128 128 0 1 2.0 1.0
14000 15000 4 3 118 118 118 377 377 159 159 1 262448 223789 0 24 0 158 987 2 270 478 288 288 288 0 128 128 128 0 1 1.0 0.0
15000 16000 1 1 105 105 105 0 0 136 136 0 233276 195881 0 21 0 136 997 997 997 0 288 288 288 0 128 128 128 0 2 1.0 1.0
16000 17000 1 1 75 75 74 34 34 108 108 1 219140 193672 0 12 0 106 996 996 996 0 288 288 288 0 128 128 128 0 1 2.0 0.0
17000 18000 2 1 87 87 87 0 0 113 113 0 230074 209407 0 13 0 113 991 0 496 701 288 288 288 0 128 128 128 0 2 1.0 1.0
18000 19000 2 1 111 111 110 34 34 155 155 1 253310 228524 0 18 0 153 988 7 498 693 0 0 0 0 128 128 128 0 0 1.0 0.0
19000 20000 2 1 98 98 98 0 0 140 140 0 318389 312687 0 4 0 140 983 9 496 688 480 480 480 0 128 128 128 0 2 1.0 1.0
20000 21000 6 5 119 119 108 14866 14866 153 153 20 265682 244437 0 12 11 133 981 14 405 359 0 0 0 0 0 0 0 0 0 0.0 0.0
21000 22000 6 5 107 107 103 5114 5114 152 152 7 330535 323258 0 3 3 144 963 5 202 375 840 840 840 0 128 128 128 0 2 1.0 1.0
22000 23000 1 1 72 72 72 0 0 80 80 0 184221 180530 0 2 0 80 975 975 975 0 0 0 0 0 0 0 0 0 0 0.0 0.0
23000 24000 2 1 67 67 66 33 33 90 90 1 198322 194188 0 2 0 88 971 23 497 669 840 840 840 0 128 128 128 0 1 1.0 1.0
24000 25000 2 1 21 21 21 1 1 15 15 0 29846 28339 0 1 0 15 247 28 137 154 0 0 0 0 0 0 0 0 0 0.0 0.0
25000 26000 0 0 0 0 0 0 0 0 0 0 0 0 0 0 0 0 0 0 0 0 0 0 0 0 0 0 0 0 0  
26000 27000 0 0 0 0 0 0 0 0 0 0 0 0 0 0 0 0 0 0 0 0 0 0 0 0 0 0 0 0 0  
27000 28000 0 0 0 0 0 0 0 0 0 0 0 0 0 0 0 0 0 0 0 0 0 0 0 0 0 0 0 0 0  
28000 29000 0 0 0 0 0 0 0 0 0 0 0 0 0 0 0 0 0 0 0 0 0 0 0 0 0 0 0 0 0  
29000 30000 0 0 0 0 0 0 0 0 0 0 0 0 0 0 0 0 0 0 0 0 0 0 0 0 0 0 0 0 0  
30000 31000 6 6 31 31 5 51161 51161 53 53 47 5360 5360 0 0 25 6 394 147 247 104 840 840 840 0 128 128 128 0 1 1.0 0.0
31000 32000 5 5 41 41 1 100953 100953 78 78 76 552 552 0 0 39 2 491 36 169 184 0 0 0 0 0 0 0 0 0 0.0 1.0
32000 33000 10 10 9 9 9 17 17 10 10 10 15 15 0 0 0 0 126 16 29 34 840 840 840 0 128 128 128 0 1 1.0 0.0
33000 34000 1 1 0 0 0 0 0 0 0 0 0 0 0 0 0 0 0 0 0 0 1500 1500 1500 0 128 128 128 0 2 1.0 1.0
34000 35000 1 1 1 1 1 0 0 1 1 1 0 0 0 0 0 0 17 17 17 0 0 0 0 0 0 0 0 0 0 0.0 0.0
35000 36000 1 1 2 2 1 0 0 1 1 0 0 0 0 0 0 0 46 46 46 0 1500 1500 1500 0 128 128 128 0 1 1.0 1.0
36000 37000 1 1 1 1 0 25 25 2 2 1 22 22 0 0 0 0 213 213 213 0 0 0 0 0 0 0 0 0 0 0.0 0.0
37000 38000 1 1 0 0 0 9 9 0 0 0 8 8 0 0 0 0 82 82 82 0 1500 1500 1500 0 128 128 128 0 1 1.0 1.0
38000 39000 0 0 0 0 0 0 0 0 0 0 0 0 0 0 0 0 0 0 0 0 0 0 0 0 0 0 0 0 0  
39000 40000 0 0 0 0 0 0 0 0 0 0 0 0 0 0 0 0 0 0 0 0 0 0 0 0 0 0 0 0 0  
40000 41000 3 3 11 11 3 8266 7828 19 19 14 4617 4616 0 0 8 4 346 184 287 89 1500 1500 1500 0 128 128 128 0 1 1.0 0.0
41000 42000 2 2 6 6 1 5028 4281 8 8 6 269 269 1 0 4 2 314 90 202 158 0 0 0 0 0 0 0 0 0 0.0 1.0
42000 43000 4 4 9 9 3 5337 5337 15 15 11 4514 4514 0 0 6 4 343 0 182 157 1500 1500 1500 0 128 128 128 0 1 1.0 0.0
43000 44000 3 3 2 2 2 0 0 2 2 2 0 0 0 0 0 0 16 0 11 9 0 0 0 0 0 0 0 0 0 0.0 1.0
44000 45000 2 2 2 2 2 0 0 2 2 2 0 0 0 0 0 0 18 15 16 1 1500 1500 1500 0 128 128 128 0 1 1.0 0.0
45000 46000 2 2 2 2 2 0 0 2 2 2 0 0 0 0 0 0 18 18 18 0 0 0 0 0 0 0 0 0 0 0.0 1.0
46000 47000 3 3 6 6 3 0 0 3 3 0 0 0 0 0 0 0 144 143 143 0 1500 1500 1500 0 128 128 128 0 1 1.0 0.0
47000 48000 9 9 15 15 9 0 0 9 9 3 0 0 0 0 0 0 22 16 19 1 0 0 0 0 0 0 0 0 0 0.0 1.0
48000 49000 8 8 8 8 8 0 0 8 8 8 0 0 0 0 0 0 263 17 111 125 1500 1500 1500 0 128 128 128 0 1 1.0 0.0
49000 50000 6 6 9 9 6 6122 6122 12 12 11 524 524 0 0 3 1 349 15 74 134 0 0 0 0 0 0 0 0 0 0.0 1.0
50000 51000 6 6 14 14 6 8896 8896 21 21 17 4715 4715 0 0 7 3 330 17 146 149 1500 1500 1500 0 128 128 128 0 1 1.0 0.0
51000 52000 3 3 3 3 2 1811 1811 4 4 4 127 127 0 0 1 0 92 16 42 43 0 0 0 0 0 0 0 0 0 0.0 1.0
52000 53000 4 4 4 4 4 0 0 4 4 4 0 0 0 0 0 0 18 17 18 0 1500 1500 1500 0 128 128 128 0 1 1.0 0.0
53000 54000 0 0 0 0 0 0 0 0 0 0 0 0 0 0 0 0 0 0 0 0 0 0 0 0 0 0 0 0 0  
54000 55000 0 0 0 0 0 0 0 0 0 0 0 0 0 0 0 0 0 0 0 0 0 0 0 0 0 0 0 0 0  
55000 56000 2 2 2 2 2 0 0 2 2 2 0 0 0 0 0 0 18 17 17 0 1500 1500 1500 0 128 128 128 0 1 1.0 1.0
56000 57000 1 1 1 1 1 0 0 1 1 1 0 0 0 0 0 0 18 18 18 0 0 0 0 0 0 0 0 0 0 0.0 0.0
57000 58000 0 0 0 0 0 0 0 0 0 0 0 0 0 0 0 0 0 0 0 0 0 0 0 0 0 0 0 0 0  
58000 59000 1 1 1 1 1 0 0 1 1 1 0 0 0 0 0 0 17 17 17 0 0 0 0 0 0 0 0 0 0 0.0 0.0
59000 60000 3 3 6 6 3 0 0 3 3 0 0 0 0 0 0 0 30 29 29 0 1500 1500 1500 0 128 128 128 0 1 1.0 1.0
60000 61000 8 8 27 26 9 12434 10910 35 35 21 7951 7951 2 0 12 9 598 143 253 167 0 0 0 0 0 0 0 0 0 0.0 0.0
61000 62000 6 6 10 9 3 5208 4728 14 14 7 2893 2893 0 0 4 4 346 21 124 112 1500 1500 1500 0 128 128 128 0 1 1.0 1.0
62000 63000 3 3 3 2 0 26 26 6 6 1 132 132 0 0 0 3 300 57 173 122 0 0 0 0 0 0 0 0 0 0.0 0.0
63000 64000 0 0 0 0 0 0 0 0 0 0 0 0 0 0 0 0 0 0 0 0 0 0 0 0 0 0 0 0 0  
64000 65000 2 2 18 18 2 24285 20496 25 25 20 1300 1300 2 0 15 3 190 119 155 49 0 0 0 0 0 0 0 0 0 0.0 0.0
65000 66000 3 2 71 70 4 103998 88355 95 95 83 5097 5097 10 0 64 10 785 30 334 398 2300 2300 2300 0 128 128 128 0 2 1.0 1.0
66000 67000 2 2 12 12 2 13586 13586 13 13 11 188 188 0 0 9 2 680 159 419 367 0 0 0 0 0 0 0 0 0 0.0 0.0
67000 68000 2 2 2 1 0 19 19 3 3 1 591 591 0 0 0 1 197 109 153 62 2300 2300 2300 0 128 128 128 0 1 1.0 1.0
68000 69000 0 0 0 0 0 0 0 0 0 0 0 0 0 0 0 0 0 0 0 0 0 0 0 0 0 0 0 0 0  
69000 70000 0 0 0 0 0 0 0 0 0 0 0 0 0 0 0 0 0 0 0 0 0 0 0 0 0 0 0 0 0  
70000 71000 5 5 13 13 3 9525 9525 20 20 15 4825 4825 0 0 8 3 518 119 265 188 0 0 0 0 0 0 0 0 0 0.0 0.0
71000 72000 4 4 6 6 2 4747 4747 9 9 7 438 438 0 0 4 1 157 17 112 64 2300 2300 2300 0 128 128 128 0 1 1.0 1.0
72000 73000 3 2 1 1 0 38 38 2 2 1 34 34 0 0 1 1 171 0 61 94 2300 2300 2300 0 0 0 0 0 1 0.0 0.0
73000 74000 1 1 0 0 0 0 0 0 0 0 0 0 0 0 0 0 0 0 0 0 0 0 0 0 128 128 128 0 0 1.0 1.0
74000 75000 0 0 0 0 0 0 0 0 0 0 0 0 0 0 0 0 0 0 0 0 0 0 0 0 0 0 0 0 0  
75000 76000 0 0 0 0 0 0 0 0 0 0 0 0 0 0 0 0 0 0 0 0 0 0 0 0 0 0 0 0 0  
76000 77000 0 0 0 0 0 0 0 0 0 0 0 0 0 0 0 0 0 0 0 0 0 0 0 0 0 0 0 0 0  
77000 78000 1 1 1 1 1 0 0 1 1 1 0 0 0 0 0 0 18 18 18 0 2300 2300 2300 0 128 128 128 0 1 1.0 1.0
78000 79000 0 0 0 0 0 0 0 0 0 0 0 0 0 0 0 0 0 0 0 0 0 0 0 0 0 0 0 0 0  
79000 80000 1 1 1 1 1 0 0 1 1 1 0 0 0 0 0 0 19 19 19 0 2300 2300 2300 0 128 128 128 0 1 1.0 1.0
80000 81000 2 2 3 3 1 2000 2000 5 5 3 219 219 0 0 1 1 129 126 127 2 2300 2300 2300 0 128 128 128 0 1 1.0 0.0
81000 82000 2 2 3 3 1 3321 3321 5 5 4 235 235 0 0 1 0 215 25 120 134 0 0 0 0 0 0 0 0 0 0.0 1.0
82000 83000 0 0 0 0 0 0 0 0 0 0 0 0 0 0 0 0 0 0 0 0 0 0 0 0 0 0 0 0 0  
83000 84000 0 0 0 0 0 0 0 0 0 0 0 0 0 0 0 0 0 0 0 0 0 0 0 0 0 0 0 0 0  
84000 85000 0 0 0 0 0 0 0 0 0 0 0 0 0 0 0 0 0 0 0 0 0 0 0 0 0 0 0 0 0  
85000 86000 0 0 0 0 0 0 0 0 0 0 0 0 0 0 0 0 0 0 0 0 0 0 0 0 0 0 0 0 0  
86000 87000 0 0 0 0 0 0 0 0 0 0 0 0 0 0 0 0 0 0 0 0 0 0 0 0 0 0 0 0 0  
87000 88000 0 0 0 0 0 0 0 0 0 0 0 0 0 0 0 0 0 0 0 0 0 0 0 0 0 0 0 0 0  
88000 89000 0 0 0 0 0 0 0 0 0 0 0 0 0 0 0 0 0 0 0 0 0 0 0 0 0 0 0 0 0  
89000 90000 2 2 5 5 2 3506 3506 7 7 6 524 524 0 0 3 1 455 17 236 309 0 0 0 0 0 0 0 0 0 0.0 1.0
90000 91000 1 1 1 1 0 2654 2654 3 3 2 165 165 0 0 1 0 123 123 123 0 2300 2300 2300 0 128 128 128 0 1 1.0 0.0
91000 92000 1 1 2 2 0 3401 3401 3 3 3 212 212 0 0 1 0 158 158 158 0 0 0 0 0 0 0 0 0 0 0.0 1.0
92000 93000 1 1 1 1 0 35 35 3 3 2 31 31 0 0 1 1 421 421 421 0 2300 2300 2300 0 128 128 128 0 1 1.0 0.0
93000 94000 7 7 7 7 7 0 0 7 7 7 0 0 0 0 0 0 18 16 17 0 0 0 0 0 0 0 0 0 0 0.0 1.0
94000 95000 0 0 0 0 0 0 0 0 0 0 0 0 0 0 0 0 0 0 0 0 0 0 0 0 0 0 0 0 0  
95000 96000 6 6 6 6 6 0 0 6 6 6 0 0 0 0 0 0 17 16 16 0 0 0 0 0 0 0 0 0 0 0.0 1.0
96000 97000 1 1 0 0 0 2 2 0 0 0 2 2 0 0 0 0 29 29 29 0 2300 2300 2300 0 128 128 128 0 1 1.0 0.0
97000 98000 7 7 6 6 6 32 32 8 8 7 28 28 0 0 0 0 335 17 68 117 2300 2300 2300 0 128 128 128 0 1 1.0 1.0
98000 99000 0 0 0 0 0 0 0 0 0 0 0 0 0 0 0 0 0 0 0 0 0 0 0 0 0 0 0 0 0  
99000 100000 0 0 0 0 0 0 0 0 0 0 0 0 0 0 0 0 0 0 0 0 0 0 0 0 0 0 0 0 0  
100000 101000 2 2 2 2 0 2194 2194 4 4 3 164 164 0 0 1 0 119 111 115 5 2300 2300 2300 0 128 128 128 0 1 1.0 0.0
101000 102000 2 2 3 3 1 2853 2853 4 4 3 213 213 0 0 1 0 155 22 88 94 2300 2300 2300 0 128 128 128 0 1 1.0 1.0
102000 103000 2 2 1 1 0 35 35 3 3 2 31 31 0 0 1 1 981 8 494 687 0 0 0 0 0 0 0 0 0 0.0 0.0
103000 104000 3 3 1 1 1 34 34 3 3 2 30 30 0 0 0 0 974 3 331 556 2300 2300 2300 0 0 0 0 0 1 0.0 1.0
104000 105000 0 0 0 0 0 0 0 0 0 0 0 0 0 0 0 0 0 0 0 0 0 0 0 0 0 0 0 0 0  
105000 106000 0 0 0 0 0 0 0 0 0 0 0 0 0 0 0 0 0 0 0 0 0 0 0 0 0 0 0 0 0  
106000 107000 0 0 0 0 0 0 0 0 0 0 0 0 0 0 0 0 0 0 0 0 0 0 0 0 0 0 0 0 0  
107000 108000 0 0 0 0 0 0 0 0 0 0 0 0 0 0 0 0 0 0 0 0 0 0 0 0 0 0 0 0 0  
108000 109000 0 0 0 0 0 0 0 0 0 0 0 0 0 0 0 0 0 0 0 0 0 0 0 0 0 0 0 0 0  
109000 110000 0 0 0 0 0 0 0 0 0 0 0 0 0 0 0 0 0 0 0 0 0 0 0 0 0 0 0 0 0  
110000 111000 1 1 1 1 0 2036 2036 2 2 2 152 152 0 0 1 0 115 115 115 0 0 0 0 0 0 0 0 0 0 0.0 0.0
111000 112000 2 2 3 3 1 3015 3015 4 4 3 225 225 0 0 1 0 170 19 94 107 2300 2300 2300 0 128 128 128 0 1 1.0 1.0
112000 113000 2 2 2 2 0 0 0 4 4 2 0 0 0 0 0 0 122 108 115 10 0 0 0 0 0 0 0 0 0 0.0 0.0
113000 114000 2 2 2 2 0 0 0 4 4 2 0 0 0 0 0 0 98 27 62 49 2300 2300 2300 0 128 128 128 0 1 1.0 1.0
114000 115000 1 1 1 1 0 0 0 2 2 1 0 0 0 0 0 0 137 137 137 0 0 0 0 0 0 0 0 0 0 0.0 0.0
115000 116000 1 1 1 1 0 0 0 2 2 1 0 0 0 0 0 0 159 159 159 0 2300 2300 2300 0 128 128 128 0 1 1.0 1.0
116000 117000 2 2 2 2 2 0 0 2 2 2 0 0 0 0 0 0 26 17 22 6 0 0 0 0 0 0 0 0 0 0.0 0.0
117000 118000 1 1 1 1 0 0 0 2 2 1 0 0 0 0 0 0 135 135 135 0 2300 2300 2300 0 128 128 128 0 1 1.0 1.0
118000 119000 3 3 3 3 1 0 0 5 5 3 0 0 0 0 0 0 148 17 104 75 2300 2300 2300 0 128 128 128 0 1 1.0 0.0
119000 120000 1 1 1 1 0 0 0 2 2 1 0 0 0 0 0 0 126 126 126 0 0 0 0 0 0 0 0 0 0 0.0 1.0
120000 121000 1 1 1 1 0 2255 2255 2 2 2 158 158 0 0 1 0 111 111 111 0 0 0 0 0 0 0 0 0 0 0.0 0.0
121000 122000 3 3 2 2 0 3132 3132 4 4 3 219 219 0 0 1 0 155 7 57 85 2300 2300 2300 0 128 128 128 0 1 1.0 1.0
122000 123000 8 8 7 7 1 35 35 18 18 8 31 31 0 3 1 1 616 99 354 218 0 0 0 0 0 0 0 0 0 0.0 0.0
123000 124000 3 3 8 7 2 1966 1966 11 11 6 1551 1551 0 0 4 3 458 0 199 234 2300 2300 2300 0 128 128 128 0 1 1.0 1.0
124000 125000 8 8 82 81 59 13037 11196 114 114 24 147090 129671 2 12 16 85 746 18 281 292 0 0 0 0 0 0 0 0 0 0.0 0.0
125000 126000 5 4 40 40 20 26468 19610 53 53 23 47614 41960 4 3 19 29 778 0 225 322 2300 2300 2300 0 128 128 128 0 1 1.0 0.0
126000 127000 3 2 7 7 0 9371 5452 9 9 8 398 398 2 0 6 0 864 29 308 482 0 0 0 0 128 128 128 0 0 1.0 1.0
127000 128000 4 4 19 18 5 12353 8315 24 24 16 6306 6306 2 0 12 7 948 0 431 396 2300 2300 2300 0 0 0 0 0 1 0.0 1.0
128000 129000 1 1 16 16 1 24214 22869 19 19 17 81 81 0 0 14 1 910 910 910 0 0 0 0 0 0 0 0 0 0 0.0 0.0
129000 130000 3 2 31 31 2 43723 34996 38 38 35 601 601 6 0 28 2 859 28 424 416 2300 2300 2300 0 128 128 128 0 1 1.0 1.0
130000 131000 7 6 29 28 7 26867 21001 42 42 31 11001 7912 4 2 21 9 838 0 312 315 2300 2300 2300 0 128 128 128 0 1 1.0 0.0
131000 132000 6 4 22 22 4 24898 19766 30 30 24 5053 2917 3 1 17 6 788 0 273 278 0 0 0 0 0 0 0 0 0 0.0 1.0
132000 133000 4 3 12 12 0 13750 9435 16 16 13 70 70 3 0 10 1 836 140 484 363 2300 2300 2300 0 128 128 128 0 1 1.0 0.0
133000 134000 5 4 15 15 1 20577 18439 20 20 18 76 76 1 0 14 2 866 0 375 401 0 0 0 0 0 0 0 0 0 0.0 1.0
134000 135000 3 2 15 15 0 22164 17795 18 18 17 39 39 3 0 14 0 691 27 290 353 2300 2300 2300 0 128 128 128 0 1 1.0 0.0
135000 136000 2 1 21 21 1 29227 25066 24 24 22 66 66 2 0 20 1 655 237 446 295 0 0 0 0 0 0 0 0 0 0.0 1.0
136000 137000 2 1 19 19 0 27235 24003 23 23 22 56 56 2 0 18 1 636 340 488 209 2300 2300 2300 0 128 128 128 0 1 1.0 0.0
137000 138000 3 2 27 27 3 33096 26799 30 30 26 172 172 3 0 22 3 631 105 359 263 0 0 0 0 0 0 0 0 0 0.0 1.0
138000 139000 2 1 22 22 1 31403 24259 27 27 25 70 70 4 0 21 1 583 355 469 161 2300 2300 2300 0 128 128 128 0 1 1.0 0.0
139000 140000 2 1 18 18 0 24707 20471 21 21 19 39 38 3 0 17 1 500 393 447 75 0 0 0 0 0 0 0 0 0 0.0 1.0
140000 141000 3 2 18 18 1 23174 18268 21 21 19 182 160 4 0 16 2 486 105 351 213 2300 2300 2300 0 128 128 128 0 1 1.0 0.0
141000 142000 4 3 13 13 2 14788 9494 17 17 13 377 356 4 0 10 2 457 89 307 179 0 0 0 0 0 0 0 0 0 0.0 1.0
142000 143000 3 2 12 12 0 14860 11370 12 12 10 38 38 2 0 10 0 520 21 328 268 2300 2300 2300 0 128 128 128 0 1 1.0 0.0
143000 144000 2 1 15 15 1 19458 15977 20 20 19 45 45 2 0 14 1 530 431 481 70 2300 2300 2300 0 128 128 128 0 1 1.0 1.0
144000 145000 1 1 1 1 0 1777 969 3 3 3 0 0 0 0 1 0 176 176 176 0 0 0 0 0 0 0 0 0 0 0.0 0.0
145000 146000 0 0 0 0 0 0 0 0 0 0 0 0 0 0 0 0 0 0 0 0 0 0 0 0 0 0 0 0 0  
146000 147000 0 0 0 0 0 0 0 0 0 0 0 0 0 0 0 0 0 0 0 0 0 0 0 0 0 0 0 0 0  
147000 148000 1 1 1 1 0 0 0 0 0 0 0 0 0 0 0 0 504 504 504 0 2300 2300 2300 0 0 0 0 0 1 0.0 1.0
148000 149000 2 1 2 2 0 0 0 0 0 0 0 0 1 0 0 0 370 276 323 66 0 0 0 0 128 128 128 0 0 1.0 0.0
149000 150000 2 2 1 1 0 0 0 2 2 1 0 0 0 0 0 0 300 151 226 105 2300 2300 2300 0 128 128 128 0 1 1.0 1.0
150000 151000 2 2 1 1 0 1558 1558 1 1 1 116 116 0 0 0 0 101 0 50 71 0 0 0 0 0 0 0 0 0 0.0 0.0
151000 152000 1 1 2 2 0 3497 3497 4 4 3 261 261 0 0 2 0 227 227 227 0 2300 2300 2300 0 128 128 128 0 1 1.0 1.0
152000 153000 1 1 1 1 0 65 32 3 3 2 29 29 0 0 1 0 515 515 515 0 0 0 0 0 0 0 0 0 0 0.0 0.0
153000 154000 2 2 0 0 0 4 2 0 0 0 1 1 0 0 0 0 34 0 17 24 0 0 0 0 0 0 0 0 0 0.0 1.0
154000 155000 0 0 0 0 0 0 0 0 0 0 0 0 0 0 0 0 0 0 0 0 0 0 0 0 0 0 0 0 0  
155000 156000 0 0 0 0 0 0 0 0 0 0 0 0 0 0 0 0 0 0 0 0 0 0 0 0 0 0 0 0 0  
156000 157000 0 0 0 0 0 0 0 0 0 0 0 0 0 0 0 0 0 0 0 0 0 0 0 0 0 0 0 0 0  
157000 158000 2 2 1 1 0 35 35 3 3 2 31 31 0 0 1 1 416 0 208 294 2300 2300 2300 0 128 128 128 0 1 1.0 1.0
158000 159000 0 0 0 0 0 0 0 0 0 0 0 0 0 0 0 0 0 0 0 0 0 0 0 0 0 0 0 0 0  
159000 160000 0 0 0 0 0 0 0 0 0 0 0 0 0 0 0 0 0 0 0 0 0 0 0 0 0 0 0 0 0  
160000 161000 1 1 1 1 0 1755 1755 2 2 1 131 131 0 0 1 0 100 100 100 0 0 0 0 0 0 0 0 0 0 0.0 0.0
161000 162000 1 1 2 2 0 3299 3299 3 3 3 246 246 0 0 1 0 188 188 188 0 2300 2300 2300 0 128 128 128 0 1 1.0 1.0
162000 163000 1 1 0 0 0 29 29 2 2 1 26 26 0 0 0 0 701 701 701 0 0 0 0 0 0 0 0 0 0 0.0 0.0
163000 164000 2 2 1 1 0 40 40 3 3 2 35 35 0 0 1 1 713 119 416 419 2300 2300 2300 0 128 128 128 0 1 1.0 1.0
164000 165000 0 0 0 0 0 0 0 0 0 0 0 0 0 0 0 0 0 0 0 0 0 0 0 0 0 0 0 0 0  
165000 166000 0 0 0 0 0 0 0 0 0 0 0 0 0 0 0 0 0 0 0 0 0 0 0 0 0 0 0 0 0  
166000 167000 0 0 0 0 0 0 0 0 0 0 0 0 0 0 0 0 0 0 0 0 0 0 0 0 0 0 0 0 0  
167000 168000 0 0 0 0 0 0 0 0 0 0 0 0 0 0 0 0 0 0 0 0 0 0 0 0 0 0 0 0 0  
168000 169000 0 0 0 0 0 0 0 0 0 0 0 0 0 0 0 0 0 0 0 0 0 0 0 0 0 0 0 0 0  
169000 170000 2 2 4 4 2 3334 3334 6 6 5 524 524 0 0 2 1 479 16 248 326 0 0 0 0 0 0 0 0 0 0.0 1.0
170000 171000 1 1 1 1 0 2191 2191 2 2 2 144 144 0 0 1 0 98 98 98 0 0 0 0 0 0 0 0 0 0 0.0 0.0
171000 172000 2 2 3 3 1 3550 3550 5 5 4 233 233 0 0 1 0 158 23 91 95 2300 2300 2300 0 128 128 128 0 1 1.0 1.0
172000 173000 0 0 0 0 0 0 0 0 0 0 0 0 0 0 0 0 0 0 0 0 0 0 0 0 0 0 0 0 0  
173000 174000 0 0 0 0 0 0 0 0 0 0 0 0 0 0 0 0 0 0 0 0 0 0 0 0 0 0 0 0 0  
174000 175000 0 0 0 0 0 0 0 0 0 0 0 0 0 0 0 0 0 0 0 0 0 0 0 0 0 0 0 0 0  
175000 176000 0 0 0 0 0 0 0 0 0 0 0 0 0 0 0 0 0 0 0 0 0 0 0 0 0 0 0 0 0  
176000 177000 2 2 2 2 2 0 0 2 2 2 0 0 0 0 0 0 18 18 18 0 2300 2300 2300 0 128 128 128 0 1 1.0 0.0
177000 178000 0 0 0 0 0 0 0 0 0 0 0 0 0 0 0 0 0 0 0 0 0 0 0 0 0 0 0 0 0  
178000 179000 0 0 0 0 0 0 0 0 0 0 0 0 0 0 0 0 0 0 0 0 0 0 0 0 0 0 0 0 0  
179000 180000 0 0 0 0 0 0 0 0 0 0 0 0 0 0 0 0 0 0 0 0 0 0 0 0 0 0 0 0 0  
180000 181000 1 1 1 1 0 1918 1918 2 2 2 134 134 0 0 1 0 96 96 96 0 2300 2300 2300 0 128 128 128 0 1 1.0 0.0
181000 182000 1 1 2 2 0 3468 3468 4 4 3 243 243 0 0 1 0 174 174 174 0 0 0 0 0 0 0 0 0 0 0.0 1.0
182000 183000 1 1 0 0 0 34 34 2 2 1 30 30 0 0 0 0 319 319 319 0 2300 2300 2300 0 128 128 128 0 1 1.0 0.0
183000 184000 1 1 0 0 0 0 0 0 0 0 0 0 0 0 0 0 1 1 1 0 0 0 0 0 0 0 0 0 0 0.0 1.0
184000 185000 0 0 0 0 0 0 0 0 0 0 0 0 0 0 0 0 0 0 0 0 0 0 0 0 0 0 0 0 0  
185000 186000 0 0 0 0 0 0 0 0 0 0 0 0 0 0 0 0 0 0 0 0 0 0 0 0 0 0 0 0 0  
186000 187000 0 0 0 0 0 0 0 0 0 0 0 0 0 0 0 0 0 0 0 0 0 0 0 0 0 0 0 0 0  
187000 188000 1 1 1 1 0 35 35 3 3 2 31 31 0 0 1 1 406 406 406 0 0 0 0 0 0 0 0 0 0 0.0 1.0
188000 189000 0 0 0 0 0 0 0 0 0 0 0 0 0 0 0 0 0 0 0 0 0 0 0 0 0 0 0 0 0  
189000 190000 1 1 1 1 1 0 0 1 1 1 0 0 0 0 0 0 27 27 27 0 0 0 0 0 0 0 0 0 0 0.0 1.0
190000 191000 5 5 28 27 8 20115 18628 41 41 28 12044 12044 2 0 18 11 620 78 310 228 2300 2300 2300 0 128 128 128 0 1 1.0 0.0
191000 192000 4 4 18 17 5 20431 19604 27 27 21 4159 4159 0 0 12 5 575 27 247 231 0 0 0 0 0 0 0 0 0 0.0 1.0
192000 193000 1 1 0 0 0 25 25 2 2 1 22 22 0 0 0 0 567 567 567 0 2300 2300 2300 0 128 128 128 0 1 1.0 0.0
193000 194000 2 2 1 1 0 39 39 3 3 2 34 34 0 0 1 1 670 199 434 333 2300 2300 2300 0 128 128 128 0 1 1.0 1.0
194000 195000 1 1 0 0 0 4 4 0 0 0 4 4 0 0 0 0 109 109 109 0 0 0 0 0 0 0 0 0 0 0.0 0.0
195000 196000 0 0 0 0 0 0 0 0 0 0 0 0 0 0 0 0 0 0 0 0 0 0 0 0 0 0 0 0 0  
196000 197000 0 0 0 0 0 0 0 0 0 0 0 0 0 0 0 0 0 0 0 0 0 0 0 0 0 0 0 0 0  
197000 198000 0 0 0 0 0 0 0 0 0 0 0 0 0 0 0 0 0 0 0 0 0 0 0 0 0 0 0 0 0  
198000 199000 0 0 0 0 0 0 0 0 0 0 0 0 0 0 0 0 0 0 0 0 0 0 0 0 0 0 0 0 0  
199000 200000 0 0 0 0 0 0 0 0 0 0 0 0 0 0 0 0 0 0 0 0 0 0 0 0 0 0 0 0 0  
200000 201000 3 3 4 3 0 2377 2377 6 6 2 318 318 0 0 1 2 124 79 98 23 2300 2300 2300 0 128 128 128 0 1 1.0 0.0
201000 202000 2 2 4 4 1 4863 4863 7 7 6 514 514 0 0 3 1 183 182 182 0 2300 2300 2300 0 128 128 128 0 1 1.0 1.0
202000 203000 0 0 0 0 0 0 0 0 0 0 0 0 0 0 0 0 0 0 0 0 0 0 0 0 0 0 0 0 0  
203000 204000 1 1 2 2 1 0 0 2 2 0 59 59 0 0 0 0 48 48 48 0 2300 2300 2300 0 128 128 128 0 1 1.0 1.0
204000 205000 1 1 0 0 0 0 0 0 0 0 17 17 0 0 0 0 14 14 14 0 0 0 0 0 0 0 0 0 0 0.0 0.0
205000 206000 0 0 0 0 0 0 0 0 0 0 0 0 0 0 0 0 0 0 0 0 0 0 0 0 0 0 0 0 0  
206000 207000 0 0 0 0 0 0 0 0 0 0 0 0 0 0 0 0 0 0 0 0 0 0 0 0 0 0 0 0 0  
207000 208000 0 0 0 0 0 0 0 0 0 0 0 0 0 0 0 0 0 0 0 0 0 0 0 0 0 0 0 0 0  
208000 209000 0 0 0 0 0 0 0 0 0 0 0 0 0 0 0 0 0 0 0 0 0 0 0 0 0 0 0 0 0  
209000 210000 1 1 3 3 1 3254 3254 5 5 4 524 524 0 0 2 1 393 393 393 0 2300 2300 2300 0 128 128 128 0 1 1.0 1.0
210000 211000 2 2 3 3 1 2477 2477 3 3 2 258 258 0 0 1 1 89 76 83 9 0 0 0 0 0 0 0 0 0 0.0 0.0
211000 212000 2 2 5 5 1 5114 5114 8 8 5 516 516 0 0 3 1 189 145 167 31 2300 2300 2300 0 128 128 128 0 1 1.0 1.0
212000 213000 1 1 0 0 0 18 18 1 1 1 16 16 0 0 0 0 204 204 204 0 0 0 0 0 0 0 0 0 0 0.0 0.0
213000 214000 1 1 0 0 0 16 16 1 1 0 14 14 0 0 0 0 178 178 178 0 2300 2300 2300 0 128 128 128 0 1 1.0 1.0
214000 215000 1 1 1 1 1 0 0 1 1 1 0 0 0 0 0 0 25 25 25 0 0 0 0 0 0 0 0 0 0 0.0 0.0
215000 216000 0 0 0 0 0 0 0 0 0 0 0 0 0 0 0 0 0 0 0 0 0 0 0 0 0 0 0 0 0  
216000 217000 1 1 1 1 1 0 0 1 1 1 0 0 0 0 0 0 24 24 24 0 0 0 0 0 0 0 0 0 0 0.0 0.0
217000 218000 1 1 1 1 0 35 35 3 3 2 31 31 0 0 1 1 373 373 373 0 2300 2300 2300 0 128 128 128 0 1 1.0 1.0
218000 219000 0 0 0 0 0 0 0 0 0 0 0 0 0 0 0 0 0 0 0 0 0 0 0 0 0 0 0 0 0  
219000 220000 0 0 0 0 0 0 0 0 0 0 0 0 0 0 0 0 0 0 0 0 0 0 0 0 0 0 0 0 0  
220000 221000 1 1 1 1 0 1517 1517 1 1 1 101 101 0 0 0 0 85 85 85 0 2300 2300 2300 0 128 128 128 0 1 1.0 0.0
221000 222000 1 1 2 2 0 4154 4154 5 5 4 276 276 0 0 2 0 234 234 234 0 0 0 0 0 0 0 0 0 0 0.0 1.0
222000 223000 1 1 0 0 0 17 17 1 1 1 15 15 0 0 0 0 391 391 391 0 2300 2300 2300 0 128 128 128 0 1 1.0 0.0
223000 224000 2 2 1 1 0 43 43 3 3 2 38 38 0 0 1 1 499 381 440 83 0 0 0 0 0 0 0 0 0 0.0 1.0
224000 225000 1 1 0 0 0 8 8 0 0 0 7 7 0 0 0 0 156 156 156 0 2300 2300 2300 0 128 128 128 0 1 1.0 0.0
225000 226000 0 0 0 0 0 0 0 0 0 0 0 0 0 0 0 0 0 0 0 0 0 0 0 0 0 0 0 0 0  
226000 227000 0 0 0 0 0 0 0 0 0 0 0 0 0 0 0 0 0 0 0 0 0 0 0 0 0 0 0 0 0  
227000 228000 0 0 0 0 0 0 0 0 0 0 0 0 0 0 0 0 0 0 0 0 0 0 0 0 0 0 0 0 0  
228000 229000 0 0 0 0 0 0 0 0 0 0 0 0 0 0 0 0 0 0 0 0 0 0 0 0 0 0 0 0 0  
229000 230000 0 0 0 0 0 0 0 0 0 0 0 0 0 0 0 0 0 0 0 0 0 0 0 0 0 0 0 0 0  
230000 231000 1 1 1 1 0 1470 1470 1 1 1 103 103 0 0 0 0 80 80 80 0 2300 2300 2300 0 128 128 128 0 1 1.0 0.0
231000 232000 1 1 2 2 0 3915 3915 5 5 4 274 274 0 0 2 0 215 215 215 0 0 0 0 0 0 0 0 0 0 0.0 1.0
232000 233000 0 0 0 0 0 0 0 0 0 0 0 0 0 0 0 0 0 0 0 0 0 0 0 0 0 0 0 0 0  
233000 234000 0 0 0 0 0 0 0 0 0 0 0 0 0 0 0 0 0 0 0 0 0 0 0 0 0 0 0 0 0  
234000 235000 0 0 0 0 0 0 0 0 0 0 0 0 0 0 0 0 0 0 0 0 0 0 0 0 0 0 0 0 0  
235000 236000 2 2 1 1 1 0 0 2 2 1 0 0 0 0 0 0 134 71 103 44 0 0 0 0 0 0 0 0 0 0.0 1.0
236000 237000 2 2 1 1 1 0 0 1 1 1 0 0 0 0 0 0 67 17 42 35 2300 2300 2300 0 128 128 128 0 1 1.0 0.0
237000 238000 0 0 0 0 0 0 0 0 0 0 0 0 0 0 0 0 0 0 0 0 0 0 0 0 0 0 0 0 0  
238000 239000 0 0 0 0 0 0 0 0 0 0 0 0 0 0 0 0 0 0 0 0 0 0 0 0 0 0 0 0 0  
239000 240000 0 0 0 0 0 0 0 0 0 0 0 0 0 0 0 0 0 0 0 0 0 0 0 0 0 0 0 0 0  
240000 241000 1 1 0 0 0 483 483 0 0 0 72 36 0 0 0 0 75 75 75 0 0 0 0 0 0 0 0 0 0 0.0 0.0
241000 242000 1 1 5 5 2 4573 4573 8 8 4 685 341 0 2 2 3 715 715 715 0 2300 2300 2300 0 0 0 0 0 1 0.0 1.0
242000 243000 2 2 1 1 0 4 4 2 2 1 3 3 0 0 0 0 153 47 100 75 0 0 0 0 128 128 128 0 0 1.0 0.0
243000 244000 3 3 22 21 14 3205 2974 30 30 10 23977 23155 0 0 7 19 387 92 277 161 0 0 0 0 0 0 0 0 0 0.0 1.0
244000 245000 2 2 93 92 77 8961 6886 119 119 17 159005 151593 2 6 14 100 833 91 462 524 2300 2300 2300 0 128 128 128 0 1 1.0 0.0
245000 246000 1 1 0 0 0 0 0 0 0 0 0 0 0 0 0 0 0 0 0 0 0 0 0 0 0 0 0 0 0 0.0 1.0
246000 247000 0 0 0 0 0 0 0 0 0 0 0 0 0 0 0 0 0 0 0 0 0 0 0 0 0 0 0 0 0  
247000 248000 2 2 13 12 5 4526 4526 20 20 10 6526 6526 0 0 6 8 626 315 471 219 2300 2300 2300 0 128 128 128 0 1 1.0 1.0
248000 249000 3 3 1 1 1 124 124 2 2 0 4269 4269 0 0 0 2 140 16 62 67 0 0 0 0 0 0 0 0 0 0.0 0.0
249000 250000 1 1 3 3 1 3254 3254 5 5 4 524 524 0 0 2 1 486 486 486 0 2300 2300 2300 0 128 128 128 0 1 1.0 1.0
250000 251000 4 4 11 11 5 5644 5644 16 16 10 6844 4705 0 2 6 6 782 3 230 368 0 0 0 0 0 0 0 0 0 0.0 0.0
251000 252000 5 4 28 26 12 19169 19169 40 40 23 15518 10279 0 4 13 14 899 0 385 381 2300 2300 2300 0 128 128 128 0 1 1.0 1.0
252000 253000 2 2 0 0 0 10 10 0 0 0 9 9 0 0 0 0 199 0 99 141 0 0 0 0 0 0 0 0 0 0.0 0.0
253000 254000 2 2 1 1 0 50 50 4 4 2 44 44 0 0 1 1 486 406 446 57 2300 2300 2300 0 128 128 128 0 1 1.0 1.0
254000 255000 1 1 0 0 0 9 9 0 0 0 8 8 0 0 0 0 143 143 143 0 0 0 0 0 0 0 0 0 0 0.0 0.0
255000 256000 0 0 0 0 0 0 0 0 0 0 0 0 0 0 0 0 0 0 0 0 0 0 0 0 0 0 0 0 0  
256000 257000 0 0 0 0 0 0 0 0 0 0 0 0 0 0 0 0 0 0 0 0 0 0 0 0 0 0 0 0 0  
257000 258000 1 1 2 2 1 0 0 4 4 1 77 77 0 0 0 2 77 77 77 0 2300 2300 2300 0 128 128 128 0 1 1.0 1.0
258000 259000 0 0 0 0 0 0 0 0 0 0 0 0 0 0 0 0 0 0 0 0 0 0 0 0 0 0 0 0 0  
259000 260000 0 0 0 0 0 0 0 0 0 0 0 0 0 0 0 0 0 0 0 0 0 0 0 0 0 0 0 0 0  
260000 261000 1 1 0 0 0 1195 1195 1 1 1 84 84 0 0 0 0 68 68 68 0 0 0 0 0 0 0 0 0 0 0.0 0.0
261000 262000 2 2 5 5 1 4143 4143 8 8 5 370 370 0 0 2 1 236 129 183 75 2300 2300 2300 0 128 128 128 0 1 1.0 1.0
262000 263000 0 0 0 0 0 0 0 0 0 0 0 0 0 0 0 0 0 0 0 0 0 0 0 0 0 0 0 0 0  
263000 264000 0 0 0 0 0 0 0 0 0 0 0 0 0 0 0 0 0 0 0 0 0 0 0 0 0 0 0 0 0  
264000 265000 0 0 0 0 0 0 0 0 0 0 0 0 0 0 0 0 0 0 0 0 0 0 0 0 0 0 0 0 0  
265000 266000 0 0 0 0 0 0 0 0 0 0 0 0 0 0 0 0 0 0 0 0 0 0 0 0 0 0 0 0 0  
266000 267000 1 1 1 1 1 0 0 2 2 0 474 474 0 0 0 1 172 172 172 0 0 0 0 0 0 0 0 0 0 0.0 0.0
267000 268000 1 1 1 1 0 0 0 1 1 1 0 0 0 0 0 0 19 19 19 0 2300 2300 2300 0 128 128 128 0 1 1.0 1.0
268000 269000 0 0 0 0 0 0 0 0 0 0 0 0 0 0 0 0 0 0 0 0 0 0 0 0 0 0 0 0 0  
269000 270000 0 0 0 0 0 0 0 0 0 0 0 0 0 0 0 0 0 0 0 0 0 0 0 0 0 0 0 0 0  
270000 271000 3 3 9 9 3 8698 8698 15 15 10 495 468 0 1 5 4 576 60 234 296 2300 2300 2300 0 128 128 128 0 1 1.0 0.0
271000 272000 3 3 14 13 5 10907 10907 19 19 14 2301 2288 0 0 8 4 464 227 326 123 0 0 0 0 0 0 0 0 0 0.0 1.0
272000 273000 0 0 0 0 0 0 0 0 0 0 0 0 0 0 0 0 0 0 0 0 0 0 0 0 0 0 0 0 0  
273000 274000 1 1 1 1 0 35 35 3 3 2 31 31 0 0 1 1 306 306 306 0 0 0 0 0 128 128 128 0 0 1.0 1.0
274000 275000 0 0 0 0 0 0 0 0 0 0 0 0 0 0 0 0 0 0 0 0 0 0 0 0 0 0 0 0 0  
275000 276000 0 0 0 0 0 0 0 0 0 0 0 0 0 0 0 0 0 0 0 0 0 0 0 0 0 0 0 0 0  
276000 277000 0 0 0 0 0 0 0 0 0 0 0 0 0 0 0 0 0 0 0 0 0 0 0 0 0 0 0 0 0  
277000 278000 1 1 0 0 0 18 18 1 1 1 16 16 0 0 0 0 196 196 196 0 0 0 0 0 0 0 0 0 0 0.0 1.0
278000 279000 1 1 0 0 0 16 16 1 1 0 14 14 0 0 0 0 174 174 174 0 2300 2300 2300 0 128 128 128 0 1 1.0 0.0
279000 280000 0 0 0 0 0 0 0 0 0 0 0 0 0 0 0 0 0 0 0 0 0 0 0 0 0 0 0 0 0  
280000 281000 1 1 0 0 0 1030 1030 1 1 1 72 72 0 0 0 0 60 60 60 0 2300 2300 2300 0 128 128 128 0 1 1.0 0.0
281000 282000 1 1 3 3 0 4975 4975 5 5 4 349 349 0 0 2 0 290 290 290 0 0 0 0 0 0 0 0 0 0 0.0 1.0
282000 283000 1 1 0 0 0 1 1 0 0 0 1 1 0 0 0 0 27 27 27 0 2300 2300 2300 0 128 128 128 0 1 1.0 0.0
283000 284000 2 2 1 1 0 52 52 4 4 2 46 46 0 0 1 1 660 333 497 231 0 0 0 0 0 0 0 0 0 0.0 1.0
284000 285000 1 1 0 0 0 16 16 1 1 0 14 14 0 0 0 0 286 286 286 0 2300 2300 2300 0 128 128 128 0 1 1.0 0.0
285000 286000 0 0 0 0 0 0 0 0 0 0 0 0 0 0 0 0 0 0 0 0 0 0 0 0 0 0 0 0 0  
286000 287000 0 0 0 0 0 0 0 0 0 0 0 0 0 0 0 0 0 0 0 0 0 0 0 0 0 0 0 0 0  
287000 288000 0 0 0 0 0 0 0 0 0 0 0 0 0 0 0 0 0 0 0 0 0 0 0 0 0 0 0 0 0  
288000 289000 0 0 0 0 0 0 0 0 0 0 0 0 0 0 0 0 0 0 0 0 0 0 0 0 0 0 0 0 0  
289000 290000 1 1 3 3 1 3254 3254 5 5 4 524 524 0 0 2 1 428 428 428 0 2300 2300 2300 0 128 128 128 0 1 1.0 1.0
290000 291000 2 2 1 1 1 1002 1002 2 2 2 78 78 0 0 0 0 53 18 35 25 0 0 0 0 0 0 0 0 0 0.0 0.0
291000 292000 1 1 3 3 0 4408 4408 5 5 4 343 343 0 0 2 0 234 234 234 0 2300 2300 2300 0 0 0 0 0 1 0.0 1.0
292000 293000 0 0 0 0 0 0 0 0 0 0 0 0 0 0 0 0 0 0 0 0 0 0 0 0 0 0 0 0 0  
293000 294000 1 1 1 1 1 0 0 1 1 1 0 0 0 0 0 0 16 16 16 0 0 0 0 0 0 0 0 0 0 0.0 1.0
294000 295000 0 0 0 0 0 0 0 0 0 0 0 0 0 0 0 0 0 0 0 0 0 0 0 0 0 0 0 0 0  
295000 296000 0 0 0 0 0 0 0 0 0 0 0 0 0 0 0 0 0 0 0 0 0 0 0 0 0 0 0 0 0  
296000 297000 1 1 1 1 1 0 0 1 1 1 0 0 0 0 0 0 17 17 17 0 0 0 0 0 0 0 0 0 0 0.0 0.0
297000 298000 0 0 0 0 0 0 0 0 0 0 0 0 0 0 0 0 0 0 0 0 0 0 0 0 0 0 0 0 0  
298000 299000 0 0 0 0 0 0 0 0 0 0 0 0 0 0 0 0 0 0 0 0 0 0 0 0 0 0 0 0 0  
299000 300000 0 0 0 0 0 0 0 0 0 0 0 0 0 0 0 0 0 0 0 0 0 0 0 0 0 0 0 0 0  
300000 301000 0 0 0 0 0 0 0 0 0 0 0 0 0 0 0 0 0 0 0 0 0 0 0 0 0 0 0 0 0  
