ts te nbins ncons c_pkts_all c_ack_cnt c_ack_cnt_p c_bytes_all c_bytes_uniq s_pkts_all s_ack_cnt s_ack_cnt_p s_bytes_all s_bytes_uniq c_pkts_retx s_pkts_retx c_pkts_data s_pkts_data max_bin min_bin avg_bin std_bin max_vid min_vid avg_vid std_vid max_aud min_aud avg_aud std_aud num_vid num_aud num_mfs
0 1000 11 10 105 100 42 46524 46524 152 152 77 65237 65237 3 3 58 69 639 0 288 209 0 0 0 0 0 0 0 0 0 0.0 0.0
1000 2000 24 23 100 99 32 13506 12726 143 143 84 46682 46682 4 0 66 57 772 0 299 230 0 0 0 0 0 0 0 0 0 0.0 0.0
2000 3000 17 13 64 62 29 7394 7184 91 91 42 62664 62664 1 0 32 46 675 0 201 213 0 0 0 0 0 0 0 0 0 0.0 0.0
3000 4000 3 3 7 7 1 541 541 12 12 8 2126 2126 0 0 6 3 467 211 327 129 0 0 0 0 0 0 0 0 0 0.0 0.0
4000 5000 3 3 8 7 2 2822 2822 11 11 8 901 901 0 0 5 2 696 5 346 345 0 0 0 0 0 0 0 0 0 0.0 0.0
5000 6000 8 7 57 54 18 17014 17014 80 80 50 21046 21046 0 0 36 26 775 126 444 214 0 0 0 0 0 0 0 0 0 0.0 0.0
6000 7000 4 4 6 6 2 2916 2563 8 8 5 2324 2324 0 0 3 2 207 44 132 67 0 0 0 0 0 0 0 0 0 0.0 1.0
7000 8000 5 5 44 41 17 17898 15855 54 54 32 17149 17084 3 1 23 19 692 319 514 162 840 840 840 0 128 128 128 0 2 2.0 0.0
8000 9000 4 3 13 12 5 4172 3954 17 17 10 3833 3734 0 1 6 6 561 42 288 213 840 840 840 0 128 128 128 0 1 1.0 0.0
9000 10000 11 11 41 34 14 20207 9773 46 46 24 24698 18791 10 6 17 16 788 81 409 241 480 480 480 0 128 128 128 0 2 1.0 1.0
10000 11000 17 13 102 95 27 95240 84452 148 148 99 47130 42208 9 7 66 41 785 10 379 238 480 480 480 0 128 128 128 0 2 1.0 0.0
11000 12000 7 5 33 31 15 12178 11183 45 45 25 13419 12460 1 2 16 18 644 0 276 220 480 480 480 0 128 128 128 0 2 3.0 1.0
12000 13000 3 3 11 11 6 3157 1769 14 14 7 10837 10837 1 0 4 6 373 255 302 62 480 480 480 0 128 128 128 0 2 2.0 0.0
13000 14000 1 1 2 1 1 746 746 2 2 1 2616 2616 0 0 0 0 178 178 178 0 480 480 480 0 128 128 128 0 1 1.0 1.0
14000 15000 1 1 2 2 1 543 543 3 3 2 507 507 0 0 1 1 261 261 261 0 0 0 0 0 0 0 0 0 0 0.0 0.0
15000 16000 0 0 0 0 0 0 0 0 0 0 0 0 0 0 0 0 0 0 0 0 0 0 0 0 0 0 0 0 0  
16000 17000 0 0 0 0 0 0 0 0 0 0 0 0 0 0 0 0 0 0 0 0 0 0 0 0 0 0 0 0 0  
17000 18000 2 2 4 4 1 3023 3023 7 7 6 3095 3095 0 0 3 1 385 104 244 198 1500 1500 1500 0 128 128 128 0 1 1.0 1.0
18000 19000 2 2 3 3 0 2296 2296 6 6 4 1367 1367 0 0 2 1 323 140 231 129 1500 1500 1500 0 128 128 128 0 1 1.0 0.0
19000 20000 0 0 0 0 0 0 0 0 0 0 0 0 0 0 0 0 0 0 0 0 0 0 0 0 0 0 0 0 0  
20000 21000 2 2 10 10 2 15743 15743 17 17 15 756 756 0 0 8 2 302 257 279 31 1500 1500 1500 0 128 128 128 0 1 1.0 0.0
21000 22000 0 0 0 0 0 0 0 0 0 0 0 0 0 0 0 0 0 0 0 0 0 0 0 0 0 0 0 0 0  
22000 23000 0 0 0 0 0 0 0 0 0 0 0 0 0 0 0 0 0 0 0 0 0 0 0 0 0 0 0 0 0  
23000 24000 0 0 0 0 0 0 0 0 0 0 0 0 0 0 0 0 0 0 0 0 0 0 0 0 0 0 0 0 0  
24000 25000 1 1 1 1 1 0 0 1 1 1 0 0 0 0 0 0 29 29 29 0 1500 1500 1500 0 128 128 128 0 1 1.0 0.0
25000 26000 0 0 0 0 0 0 0 0 0 0 0 0 0 0 0 0 0 0 0 0 0 0 0 0 0 0 0 0 0  
26000 27000 0 0 0 0 0 0 0 0 0 0 0 0 0 0 0 0 0 0 0 0 0 0 0 0 0 0 0 0 0  
27000 28000 2 2 8 8 2 4738 4738 14 14 9 4355 4355 0 0 5 4 345 286 316 41 1500 1500 1500 0 128 128 128 0 1 1.0 1.0
28000 29000 1 1 0 0 0 593 593 1 1 1 118 118 0 0 0 0 141 141 141 0 0 0 0 0 0 0 0 0 0 0.0 0.0
29000 30000 0 0 0 0 0 0 0 0 0 0 0 0 0 0 0 0 0 0 0 0 0 0 0 0 0 0 0 0 0  
30000 31000 5 5 64 64 4 150964 150964 117 117 113 1422 1422 0 0 60 4 698 15 295 257 0 0 0 0 0 0 0 0 0 0.0 0.0
31000 32000 3 3 1 1 0 32 32 2 2 1 29 29 0 0 0 0 259 0 86 149 1500 1500 1500 0 128 128 128 0 1 1.0 1.0
32000 33000 0 0 0 0 0 0 0 0 0 0 0 0 0 0 0 0 0 0 0 0 0 0 0 0 0 0 0 0 0  
33000 34000 0 0 0 0 0 0 0 0 0 0 0 0 0 0 0 0 0 0 0 0 0 0 0 0 0 0 0 0 0  
34000 35000 1 1 2 2 0 1620 1620 4 4 3 1884 1884 0 0 1 0 271 271 271 0 1500 1500 1500 0 128 128 128 0 1 1.0 0.0
35000 36000 10 10 15 15 10 3758 3758 19 19 16 2626 2626 0 0 5 3 426 17 125 170 0 0 0 0 0 0 0 0 0 0.0 1.0
36000 37000 0 0 0 0 0 0 0 0 0 0 0 0 0 0 0 0 0 0 0 0 0 0 0 0 0 0 0 0 0  
37000 38000 5 5 9 9 5 4142 4142 13 13 10 3712 3712 0 0 4 2 386 15 123 162 0 0 0 0 0 0 0 0 0 0.0 1.0
38000 39000 3 3 2 2 0 1160 1160 5 5 4 775 775 0 0 1 1 243 69 134 95 0 0 0 0 0 0 0 0 0 0.0 0.0
39000 40000 2 2 2 2 1 7 7 1 1 0 6 6 0 0 0 0 83 39 61 31 2300 2300 2300 0 128 128 128 0 2 1.0 1.0
40000 41000 2 2 6 6 1 7070 6105 10 10 8 402 402 1 0 4 1 332 282 307 34 0 0 0 0 0 0 0 0 0 0.0 0.0
41000 42000 1 1 1 1 1 0 0 1 1 1 0 0 0 0 0 0 16 16 16 0 2300 2300 2300 0 128 128 128 0 1 1.0 1.0
42000 43000 0 0 0 0 0 0 0 0 0 0 0 0 0 0 0 0 0 0 0 0 0 0 0 0 0 0 0 0 0  
43000 44000 0 0 0 0 0 0 0 0 0 0 0 0 0 0 0 0 0 0 0 0 0 0 0 0 0 0 0 0 0  
44000 45000 0 0 0 0 0 0 0 0 0 0 0 0 0 0 0 0 0 0 0 0 0 0 0 0 0 0 0 0 0  
45000 46000 3 3 3 3 3 0 0 3 3 3 0 0 0 0 0 0 21 17 19 2 2300 2300 2300 0 128 128 128 0 1 1.0 1.0
46000 47000 8 8 8 8 8 0 0 8 8 8 0 0 0 0 0 0 24 17 22 2 0 0 0 0 0 0 0 0 0 0.0 0.0
47000 48000 11 11 16 16 10 5098 5094 20 20 16 3319 2360 0 0 5 3 385 0 91 144 2300 2300 2300 0 128 128 128 0 1 2.0 1.0
48000 49000 6 5 16 15 6 7588 7550 24 24 17 8091 7075 1 1 9 6 608 18 242 231 2300 2300 2300 0 0 0 0 0 1 0.0 0.0
49000 50000 2 2 2 2 1 794 794 3 3 2 1095 1095 0 0 0 0 140 22 81 83 0 0 0 0 0 0 0 0 0 0.0 1.0
50000 51000 11 11 22 22 11 5389 5389 17 17 8 378 378 0 0 3 1 258 18 102 62 2300 2300 2300 0 128 128 128 0 1 1.0 0.0
51000 52000 3 3 3 3 3 0 0 3 3 3 0 0 0 0 0 0 27 18 24 5 0 0 0 0 0 0 0 0 0 0.0 1.0
52000 53000 1 1 1 1 1 0 0 1 1 1 0 0 0 0 0 0 17 17 17 0 0 0 0 0 0 0 0 0 0 0.0 0.0
53000 54000 3 3 5 5 3 0 0 3 3 1 0 0 0 0 0 0 24 17 22 4 2300 2300 2300 0 128 128 128 0 1 2.0 1.0
54000 55000 0 0 0 0 0 0 0 0 0 0 0 0 0 0 0 0 0 0 0 0 0 0 0 0 0 0 0 0 0  
55000 56000 1 1 1 1 1 0 0 1 1 1 0 0 0 0 0 0 25 25 25 0 2300 2300 2300 0 128 128 128 0 1 1.0 1.0
56000 57000 2 2 2 2 2 0 0 2 2 2 0 0 0 0 0 0 18 17 17 0 2300 2300 2300 0 0 0 0 0 1 0.0 0.0
57000 58000 3 3 5 5 2 2904 2904 9 9 6 2976 2976 0 0 3 2 383 21 167 191 0 0 0 0 128 128 128 0 0 1.0 1.0
58000 59000 2 2 4 4 1 2425 2425 7 7 5 1494 1494 0 0 2 2 320 161 240 111 2300 2300 2300 0 0 0 0 0 1 0.0 0.0
59000 60000 3 3 4 4 3 0 0 3 3 2 0 0 0 0 0 0 99 18 45 46 0 0 0 0 128 128 128 0 0 1.0 1.0
60000 61000 4 4 12 12 5 8160 8160 16 16 11 742 742 0 0 5 3 261 119 190 80 2300 2300 2300 0 0 0 0 0 1 0.0 0.0
61000 62000 4 4 7 5 1 35 35 11 11 3 209 209 0 0 1 5 382 129 199 122 2300 2300 2300 0 128 128 128 0 1 1.0 1.0
62000 63000 0 0 0 0 0 0 0 0 0 0 0 0 0 0 0 0 0 0 0 0 0 0 0 0 0 0 0 0 0  
63000 64000 1 1 2 1 0 0 0 2 2 0 574 574 0 0 0 1 151 151 151 0 2300 2300 2300 0 128 128 128 0 1 1.0 1.0
64000 65000 0 0 0 0 0 0 0 0 0 0 0 0 0 0 0 0 0 0 0 0 0 0 0 0 0 0 0 0 0  
65000 66000 3 3 51 49 10 82602 82602 85 85 68 4392 4313 0 1 37 16 627 2 314 312 2300 2300 2300 0 128 128 128 0 1 1.0 1.0
66000 67000 1 1 25 25 5 44960 44960 43 43 35 2333 2290 0 1 20 7 341 341 341 0 0 0 0 0 0 0 0 0 0 0.0 0.0
67000 68000 2 2 8 8 2 5097 5097 14 14 10 4426 4426 0 0 5 3 363 285 324 54 0 0 0 0 0 0 0 0 0 0.0 1.0
68000 69000 2 2 1 1 0 275 275 3 3 2 79 79 0 0 1 1 260 44 152 153 0 0 0 0 0 0 0 0 0 0.0 0.0
69000 70000 0 0 0 0 0 0 0 0 0 0 0 0 0 0 0 0 0 0 0 0 0 0 0 0 0 0 0 0 0  
70000 71000 4 4 10 10 3 8303 8303 15 15 11 787 787 0 0 6 3 365 135 259 94 0 0 0 0 0 0 0 0 0 0.0 0.0
71000 72000 0 0 0 0 0 0 0 0 0 0 0 0 0 0 0 0 0 0 0 0 0 0 0 0 0 0 0 0 0  
72000 73000 0 0 0 0 0 0 0 0 0 0 0 0 0 0 0 0 0 0 0 0 0 0 0 0 0 0 0 0 0  
73000 74000 2 2 4 4 2 0 0 2 2 0 0 0 0 0 0 0 117 117 117 0 1500 1500 1500 0 128 128 128 0 1 1.0 1.0
74000 75000 0 0 0 0 0 0 0 0 0 0 0 0 0 0 0 0 0 0 0 0 0 0 0 0 0 0 0 0 0  
75000 76000 0 0 0 0 0 0 0 0 0 0 0 0 0 0 0 0 0 0 0 0 0 0 0 0 0 0 0 0 0  
76000 77000 0 0 0 0 0 0 0 0 0 0 0 0 0 0 0 0 0 0 0 0 0 0 0 0 0 0 0 0 0  
77000 78000 1 1 2 2 1 0 0 3 3 1 77 77 0 0 0 1 162 162 162 0 2300 2300 2300 0 128 128 128 0 1 1.0 1.0
78000 79000 2 2 2 2 2 0 0 2 2 2 0 0 0 0 0 0 17 17 17 0 0 0 0 0 0 0 0 0 0 0.0 0.0
79000 80000 0 0 0 0 0 0 0 0 0 0 0 0 0 0 0 0 0 0 0 0 0 0 0 0 0 0 0 0 0  
80000 81000 1 1 5 5 1 6761 6761 8 8 7 378 378 0 0 4 1 273 273 273 0 0 0 0 0 0 0 0 0 0 0.0 0.0
81000 82000 0 0 0 0 0 0 0 0 0 0 0 0 0 0 0 0 0 0 0 0 0 0 0 0 0 0 0 0 0  
82000 83000 0 0 0 0 0 0 0 0 0 0 0 0 0 0 0 0 0 0 0 0 0 0 0 0 0 0 0 0 0  
83000 84000 0 0 0 0 0 0 0 0 0 0 0 0 0 0 0 0 0 0 0 0 0 0 0 0 0 0 0 0 0  
84000 85000 0 0 0 0 0 0 0 0 0 0 0 0 0 0 0 0 0 0 0 0 0 0 0 0 0 0 0 0 0  
85000 86000 0 0 0 0 0 0 0 0 0 0 0 0 0 0 0 0 0 0 0 0 0 0 0 0 0 0 0 0 0  
86000 87000 1 1 1 1 1 0 0 1 1 1 0 0 0 0 0 0 18 18 18 0 0 0 0 0 0 0 0 0 0 0.0 0.0
87000 88000 1 1 4 4 1 2364 2104 6 6 5 323 323 0 0 3 1 368 368 368 0 2300 2300 2300 0 128 128 128 0 1 1.0 1.0
88000 89000 1 1 2 2 0 1341 1193 3 3 2 183 183 0 0 1 0 209 209 209 0 0 0 0 0 0 0 0 0 0 0.0 0.0
89000 90000 0 0 0 0 0 0 0 0 0 0 0 0 0 0 0 0 0 0 0 0 0 0 0 0 0 0 0 0 0  
90000 91000 1 1 4 4 1 5390 5390 7 7 6 378 378 0 0 3 1 269 269 269 0 0 0 0 0 0 0 0 0 0 0.0 0.0
91000 92000 1 1 1 1 0 35 35 3 3 2 31 31 0 0 1 1 280 280 280 0 2300 2300 2300 0 128 128 128 0 1 1.0 1.0
92000 93000 10 10 10 10 10 0 0 10 10 10 0 0 0 0 0 0 22 18 19 1 0 0 0 0 0 0 0 0 0 0.0 0.0
93000 94000 0 0 0 0 0 0 0 0 0 0 0 0 0 0 0 0 0 0 0 0 0 0 0 0 0 0 0 0 0  
94000 95000 3 3 3 3 3 0 0 3 3 3 0 0 0 0 0 0 26 26 26 0 0 0 0 0 0 0 0 0 0 0.0 0.0
95000 96000 1 1 1 1 0 35 35 3 3 2 31 31 0 0 1 1 354 354 354 0 2300 2300 2300 0 128 128 128 0 1 1.0 1.0
96000 97000 5 5 5 5 5 0 0 5 5 5 0 0 0 0 0 0 23 18 21 2 2300 2300 2300 0 128 128 128 0 1 1.0 0.0
97000 98000 0 0 0 0 0 0 0 0 0 0 0 0 0 0 0 0 0 0 0 0 0 0 0 0 0 0 0 0 0  
98000 99000 3 3 3 3 2 35 35 5 5 4 31 31 0 0 1 1 343 16 125 188 2300 2300 2300 0 128 128 128 0 1 1.0 0.0
99000 100000 0 0 0 0 0 0 0 0 0 0 0 0 0 0 0 0 0 0 0 0 0 0 0 0 0 0 0 0 0  
100000 101000 2 2 5 5 1 5405 5405 10 10 8 409 409 0 0 4 2 330 281 305 34 2300 2300 2300 0 0 0 0 0 1 0.0 0.0
101000 102000 0 0 0 0 0 0 0 0 0 0 0 0 0 0 0 0 0 0 0 0 0 0 0 0 0 0 0 0 0  
102000 103000 2 2 2 2 2 0 0 2 2 2 0 0 0 0 0 0 19 19 19 0 2300 2300 2300 0 0 0 0 0 1 0.0 0.0
103000 104000 0 0 0 0 0 0 0 0 0 0 0 0 0 0 0 0 0 0 0 0 0 0 0 0 0 0 0 0 0  
104000 105000 1 1 1 1 1 0 0 1 1 1 0 0 0 0 0 0 17 17 17 0 0 0 0 0 0 0 0 0 0 0.0 0.0
105000 106000 0 0 0 0 0 0 0 0 0 0 0 0 0 0 0 0 0 0 0 0 0 0 0 0 0 0 0 0 0  
106000 107000 0 0 0 0 0 0 0 0 0 0 0 0 0 0 0 0 0 0 0 0 0 0 0 0 0 0 0 0 0  
107000 108000 0 0 0 0 0 0 0 0 0 0 0 0 0 0 0 0 0 0 0 0 0 0 0 0 0 0 0 0 0  
108000 109000 0 0 0 0 0 0 0 0 0 0 0 0 0 0 0 0 0 0 0 0 0 0 0 0 0 0 0 0 0  
109000 110000 0 0 0 0 0 0 0 0 0 0 0 0 0 0 0 0 0 0 0 0 0 0 0 0 0 0 0 0 0  
110000 111000 1 1 4 4 1 5346 5346 8 8 5 751 375 0 1 2 2 733 733 733 0 0 0 0 0 0 0 0 0 0 0.0 0.0
111000 112000 2 2 1 1 1 40 40 1 1 1 5 2 0 0 0 0 19 5 12 9 2300 2300 2300 0 128 128 128 0 1 1.0 1.0
112000 113000 1 1 0 0 0 0 0 1 1 0 0 0 0 0 0 0 163 163 163 0 0 0 0 0 0 0 0 0 0 0.0 0.0
113000 114000 4 4 3 3 1 0 0 5 5 3 0 0 0 0 0 0 143 12 72 67 2300 2300 2300 0 128 128 128 0 1 1.0 1.0
114000 115000 0 0 0 0 0 0 0 0 0 0 0 0 0 0 0 0 0 0 0 0 0 0 0 0 0 0 0 0 0  
115000 116000 3 3 3 3 0 0 0 6 6 3 0 0 0 0 0 0 28 19 22 4 2300 2300 2300 0 128 128 128 0 1 1.0 1.0
116000 117000 0 0 0 0 0 0 0 0 0 0 0 0 0 0 0 0 0 0 0 0 0 0 0 0 0 0 0 0 0  
117000 118000 7 7 6 6 1 0 0 11 11 6 0 0 0 0 0 0 153 13 112 66 2300 2300 2300 0 128 128 128 0 1 1.0 1.0
118000 119000 4 4 3 3 0 0 0 6 6 3 0 0 0 0 0 0 159 14 110 67 0 0 0 0 0 0 0 0 0 0.0 0.0
119000 120000 4 4 4 4 0 0 0 6 6 2 0 0 0 0 0 0 676 25 204 316 2300 2300 2300 0 128 128 128 0 1 1.0 1.0
120000 121000 5 4 8 8 1 5052 5052 10 10 7 378 378 2 0 3 1 504 62 243 172 0 0 0 0 0 0 0 0 0 0.0 0.0
121000 122000 2 2 1 1 0 35 35 3 3 2 31 31 0 0 1 1 254 195 225 41 2300 2300 2300 0 128 128 128 0 1 1.0 1.0
122000 123000 2 2 3 3 1 746 746 4 4 2 2128 2128 0 0 1 2 126 0 63 89 0 0 0 0 0 0 0 0 0 0.0 0.0
123000 124000 5 5 104 103 86 8539 8402 132 132 23 185547 159337 0 15 16 107 804 0 240 346 2300 2300 2300 0 128 128 128 0 1 1.0 1.0
124000 125000 2 1 12 12 10 727 712 16 16 2 21431 17205 0 3 1 13 235 90 162 102 0 0 0 0 0 0 0 0 0 0.0 0.0
125000 126000 2 2 38 38 1 91770 91770 80 80 70 470 470 0 0 36 9 649 236 443 292 2300 2300 2300 0 128 128 128 0 1 1.0 1.0
126000 127000 5 5 9 9 0 16244 16244 16 16 13 342 322 0 0 6 2 211 32 108 76 0 0 0 0 0 0 0 0 0 0.0 0.0
127000 128000 6 6 33 31 15 10615 10615 43 43 21 13020 12476 1 4 13 19 943 0 432 329 2300 2300 2300 0 128 128 128 0 1 1.0 1.0
128000 129000 8 8 14 13 5 4556 4556 22 22 12 4487 4468 0 0 6 7 480 0 187 192 0 0 0 0 0 0 0 0 0 0.0 0.0
129000 130000 2 2 0 0 0 0 0 0 0 0 0 0 0 0 0 0 0 0 0 0 2300 2300 2300 0 128 128 128 0 1 1.0 1.0
130000 131000 3 3 13 13 4 14953 14953 23 23 16 1168 772 0 3 8 6 723 283 551 235 0 0 0 0 0 0 0 0 0 0.0 0.0
131000 132000 3 2 2 2 1 551 551 2 2 0 67 33 0 1 0 0 158 54 116 54 2300 2300 2300 0 128 128 128 0 1 1.0 1.0
132000 133000 1 1 0 0 0 0 0 0 0 0 0 0 0 0 0 0 0 0 0 0 0 0 0 0 0 0 0 0 0 0.0 0.0
133000 134000 0 0 0 0 0 0 0 0 0 0 0 0 0 0 0 0 0 0 0 0 0 0 0 0 0 0 0 0 0  
134000 135000 0 0 0 0 0 0 0 0 0 0 0 0 0 0 0 0 0 0 0 0 0 0 0 0 0 0 0 0 0  
135000 136000 0 0 0 0 0 0 0 0 0 0 0 0 0 0 0 0 0 0 0 0 0 0 0 0 0 0 0 0 0  
136000 137000 1 1 0 0 0 0 0 0 0 0 0 0 0 0 0 0 0 0 0 0 0 0 0 0 0 0 0 0 0 0.0 0.0
137000 138000 1 1 3 3 2 0 0 3 3 1 77 77 0 0 0 1 152 152 152 0 2300 2300 2300 0 128 128 128 0 1 1.0 1.0
138000 139000 1 1 3 3 2 0 0 3 3 1 77 77 0 0 0 1 266 266 266 0 0 0 0 0 0 0 0 0 0 0.0 0.0
139000 140000 0 0 0 0 0 0 0 0 0 0 0 0 0 0 0 0 0 0 0 0 0 0 0 0 0 0 0 0 0  
140000 141000 2 2 5 5 1 5336 5336 7 7 6 378 378 0 0 3 1 485 278 381 146 0 0 0 0 0 0 0 0 0 0.0 0.0
141000 142000 2 1 3 3 0 0 0 0 0 0 0 0 2 0 0 0 436 331 384 73 2300 2300 2300 0 128 128 128 0 1 1.0 1.0
142000 143000 2 1 0 0 0 0 0 0 0 0 0 0 0 0 0 0 28 0 14 19 0 0 0 0 0 0 0 0 0 0.0 0.0
143000 144000 0 0 0 0 0 0 0 0 0 0 0 0 0 0 0 0 0 0 0 0 0 0 0 0 0 0 0 0 0  
144000 145000 1 1 0 0 0 0 0 0 0 0 0 0 0 0 0 0 0 0 0 0 0 0 0 0 128 128 128 0 0 1.0 0.0
145000 146000 0 0 0 0 0 0 0 0 0 0 0 0 0 0 0 0 0 0 0 0 0 0 0 0 0 0 0 0 0  
146000 147000 0 0 0 0 0 0 0 0 0 0 0 0 0 0 0 0 0 0 0 0 0 0 0 0 0 0 0 0 0  
147000 148000 0 0 0 0 0 0 0 0 0 0 0 0 0 0 0 0 0 0 0 0 0 0 0 0 0 0 0 0 0  
148000 149000 2 2 3 3 0 0 0 0 0 0 0 0 1 0 0 0 602 0 301 426 2300 2300 2300 0 0 0 0 0 1 0.0 0.0
149000 150000 2 1 1 1 0 0 0 0 0 0 0 0 1 0 0 0 388 139 263 175 0 0 0 0 128 128 128 0 0 1.0 1.0
150000 151000 3 3 5 5 1 5054 5054 6 6 5 378 378 1 0 3 1 571 0 292 286 2300 2300 2300 0 0 0 0 0 1 0.0 0.0
151000 152000 1 1 1 1 0 35 35 3 3 2 31 31 0 0 1 1 318 318 318 0 0 0 0 0 128 128 128 0 0 1.0 1.0
152000 153000 1 1 0 0 0 0 0 0 0 0 0 0 0 0 0 0 0 0 0 0 2300 2300 2300 0 0 0 0 0 1 0.0 0.0
153000 154000 0 0 0 0 0 0 0 0 0 0 0 0 0 0 0 0 0 0 0 0 0 0 0 0 0 0 0 0 0  
154000 155000 0 0 0 0 0 0 0 0 0 0 0 0 0 0 0 0 0 0 0 0 0 0 0 0 0 0 0 0 0  
155000 156000 1 1 0 0 0 26 26 2 2 1 23 23 0 0 0 0 208 208 208 0 2300 2300 2300 0 128 128 128 0 1 1.0 1.0
156000 157000 2 2 0 0 0 8 8 0 0 0 7 7 0 0 0 0 70 0 35 49 0 0 0 0 0 0 0 0 0 0.0 0.0
157000 158000 0 0 0 0 0 0 0 0 0 0 0 0 0 0 0 0 0 0 0 0 0 0 0 0 0 0 0 0 0  
158000 159000 2 2 0 0 0 33 33 2 2 1 29 29 0 0 0 0 387 0 193 274 0 0 0 0 0 0 0 0 0 0.0 0.0
159000 160000 1 1 0 0 0 1 1 0 0 0 1 1 0 0 0 0 15 15 15 0 2300 2300 2300 0 128 128 128 0 1 1.0 1.0
160000 161000 2 2 4 4 1 5727 5727 7 7 6 384 384 0 0 3 1 268 53 160 151 0 0 0 0 0 0 0 0 0 0.0 0.0
161000 162000 1 1 0 0 0 27 27 2 2 1 24 24 0 0 0 0 204 204 204 0 2300 2300 2300 0 128 128 128 0 1 1.0 1.0
162000 163000 0 0 0 0 0 0 0 0 0 0 0 0 0 0 0 0 0 0 0 0 0 0 0 0 0 0 0 0 0  
163000 164000 0 0 0 0 0 0 0 0 0 0 0 0 0 0 0 0 0 0 0 0 0 0 0 0 0 0 0 0 0  
164000 165000 0 0 0 0 0 0 0 0 0 0 0 0 0 0 0 0 0 0 0 0 0 0 0 0 0 0 0 0 0  
165000 166000 0 0 0 0 0 0 0 0 0 0 0 0 0 0 0 0 0 0 0 0 0 0 0 0 0 0 0 0 0  
166000 167000 0 0 0 0 0 0 0 0 0 0 0 0 0 0 0 0 0 0 0 0 0 0 0 0 0 0 0 0 0  
167000 168000 1 1 2 2 1 1669 1669 4 4 3 302 302 0 0 1 1 370 370 370 0 2300 2300 2300 0 128 128 128 0 1 1.0 1.0
168000 169000 2 2 3 3 1 1127 1127 4 4 3 204 204 0 0 1 0 250 17 133 164 0 0 0 0 0 0 0 0 0 0.0 0.0
169000 170000 1 1 1 1 1 0 0 1 1 1 0 0 0 0 0 0 255 255 255 0 2300 2300 2300 0 128 128 128 0 1 1.0 1.0
170000 171000 1 1 4 4 1 5407 5407 7 7 6 378 378 0 0 3 1 301 301 301 0 0 0 0 0 0 0 0 0 0 0.0 0.0
171000 172000 1 1 1 1 1 0 0 1 1 1 0 0 0 0 0 0 17 17 17 0 2300 2300 2300 0 128 128 128 0 1 1.0 1.0
172000 173000 0 0 0 0 0 0 0 0 0 0 0 0 0 0 0 0 0 0 0 0 0 0 0 0 0 0 0 0 0  
173000 174000 1 1 1 1 1 0 0 1 1 1 0 0 0 0 0 0 18 18 18 0 2300 2300 2300 0 128 128 128 0 1 1.0 1.0
174000 175000 0 0 0 0 0 0 0 0 0 0 0 0 0 0 0 0 0 0 0 0 0 0 0 0 0 0 0 0 0  
175000 176000 0 0 0 0 0 0 0 0 0 0 0 0 0 0 0 0 0 0 0 0 0 0 0 0 0 0 0 0 0  
176000 177000 0 0 0 0 0 0 0 0 0 0 0 0 0 0 0 0 0 0 0 0 0 0 0 0 0 0 0 0 0  
177000 178000 0 0 0 0 0 0 0 0 0 0 0 0 0 0 0 0 0 0 0 0 0 0 0 0 0 0 0 0 0  
178000 179000 0 0 0 0 0 0 0 0 0 0 0 0 0 0 0 0 0 0 0 0 0 0 0 0 0 0 0 0 0  
179000 180000 0 0 0 0 0 0 0 0 0 0 0 0 0 0 0 0 0 0 0 0 0 0 0 0 0 0 0 0 0  
180000 181000 1 1 4 4 1 5053 5053 6 6 5 378 378 0 0 3 1 300 300 300 0 0 0 0 0 0 0 0 0 0 0.0 0.0
181000 182000 1 1 1 1 0 35 35 3 3 2 31 31 0 0 1 1 289 289 289 0 2300 2300 2300 0 128 128 128 0 1 1.0 1.0
182000 183000 0 0 0 0 0 0 0 0 0 0 0 0 0 0 0 0 0 0 0 0 0 0 0 0 0 0 0 0 0  
183000 184000 0 0 0 0 0 0 0 0 0 0 0 0 0 0 0 0 0 0 0 0 0 0 0 0 0 0 0 0 0  
184000 185000 0 0 0 0 0 0 0 0 0 0 0 0 0 0 0 0 0 0 0 0 0 0 0 0 0 0 0 0 0  
185000 186000 2 2 32 32 2 73570 73570 64 64 56 432 373 0 1 29 8 652 152 402 353 2300 2300 2300 0 128 128 128 0 1 1.0 1.0
186000 187000 2 2 14 14 1 32655 32655 30 30 26 203 178 0 0 13 3 289 208 249 57 0 0 0 0 0 0 0 0 0 0.0 0.0
187000 188000 2 2 5 5 1 2287 2263 7 7 5 2640 2636 0 0 3 1 379 10 194 260 2300 2300 2300 0 128 128 128 0 1 1.0 1.0
188000 189000 3 3 16 15 7 5714 5699 23 23 12 7781 7423 0 1 7 9 955 233 475 415 0 0 0 0 0 0 0 0 0 0.0 0.0
189000 190000 1 1 0 0 0 13 13 1 1 0 12 12 0 0 0 0 151 151 151 0 2300 2300 2300 0 128 128 128 0 1 1.0 1.0
190000 191000 3 3 13 12 4 10105 10105 19 19 14 1236 1236 0 0 7 3 592 28 401 322 0 0 0 0 0 0 0 0 0 0.0 0.0
191000 192000 1 1 0 0 0 31 31 2 2 1 28 28 0 0 0 0 299 299 299 0 2300 2300 2300 0 128 128 128 0 1 1.0 1.0
192000 193000 0 0 0 0 0 0 0 0 0 0 0 0 0 0 0 0 0 0 0 0 0 0 0 0 0 0 0 0 0  
193000 194000 0 0 0 0 0 0 0 0 0 0 0 0 0 0 0 0 0 0 0 0 0 0 0 0 0 0 0 0 0  
194000 195000 0 0 0 0 0 0 0 0 0 0 0 0 0 0 0 0 0 0 0 0 0 0 0 0 0 0 0 0 0  
195000 196000 0 0 0 0 0 0 0 0 0 0 0 0 0 0 0 0 0 0 0 0 0 0 0 0 0 0 0 0 0  
196000 197000 0 0 0 0 0 0 0 0 0 0 0 0 0 0 0 0 0 0 0 0 0 0 0 0 0 0 0 0 0  
197000 198000 0 0 0 0 0 0 0 0 0 0 0 0 0 0 0 0 0 0 0 0 0 0 0 0 0 0 0 0 0  
198000 199000 1 1 3 2 1 0 0 3 3 0 77 77 0 0 0 2 112 112 112 0 2300 2300 2300 0 0 0 0 0 1 0.0 0.0
199000 200000 0 0 0 0 0 0 0 0 0 0 0 0 0 0 0 0 0 0 0 0 0 0 0 0 0 0 0 0 0  
200000 201000 1 1 4 4 1 6002 6002 7 7 6 378 378 0 0 3 1 296 296 296 0 0 0 0 0 0 0 0 0 0 0.0 0.0
201000 202000 0 0 0 0 0 0 0 0 0 0 0 0 0 0 0 0 0 0 0 0 0 0 0 0 0 0 0 0 0  
202000 203000 0 0 0 0 0 0 0 0 0 0 0 0 0 0 0 0 0 0 0 0 0 0 0 0 0 0 0 0 0  
203000 204000 0 0 0 0 0 0 0 0 0 0 0 0 0 0 0 0 0 0 0 0 0 0 0 0 0 0 0 0 0  
204000 205000 0 0 0 0 0 0 0 0 0 0 0 0 0 0 0 0 0 0 0 0 0 0 0 0 0 0 0 0 0  
205000 206000 0 0 0 0 0 0 0 0 0 0 0 0 0 0 0 0 0 0 0 0 0 0 0 0 0 0 0 0 0  
206000 207000 0 0 0 0 0 0 0 0 0 0 0 0 0 0 0 0 0 0 0 0 0 0 0 0 0 0 0 0 0  
207000 208000 1 1 3 3 1 1808 1808 5 5 3 327 327 0 0 1 1 371 371 371 0 2300 2300 2300 0 128 128 128 0 1 1.0 1.0
208000 209000 1 1 2 2 1 988 988 3 3 2 179 179 0 0 1 1 202 202 202 0 0 0 0 0 0 0 0 0 0 0.0 0.0
209000 210000 0 0 0 0 0 0 0 0 0 0 0 0 0 0 0 0 0 0 0 0 0 0 0 0 0 0 0 0 0  
210000 211000 1 1 4 4 1 5408 5408 7 7 6 378 378 0 0 3 1 288 288 288 0 0 0 0 0 0 0 0 0 0 0.0 0.0
211000 212000 1 1 1 1 0 35 35 3 3 2 31 31 0 0 1 1 254 254 254 0 2300 2300 2300 0 128 128 128 0 1 1.0 1.0
212000 213000 0 0 0 0 0 0 0 0 0 0 0 0 0 0 0 0 0 0 0 0 0 0 0 0 0 0 0 0 0  
213000 214000 0 0 0 0 0 0 0 0 0 0 0 0 0 0 0 0 0 0 0 0 0 0 0 0 0 0 0 0 0  
214000 215000 0 0 0 0 0 0 0 0 0 0 0 0 0 0 0 0 0 0 0 0 0 0 0 0 0 0 0 0 0  
215000 216000 3 3 2 2 2 3 3 2 2 2 2 2 0 0 0 0 71 38 60 19 2300 2300 2300 0 128 128 128 0 1 1.0 1.0
216000 217000 1 1 0 0 0 31 31 2 2 1 28 28 0 0 0 0 376 376 376 0 0 0 0 0 0 0 0 0 0 0.0 0.0
217000 218000 0 0 0 0 0 0 0 0 0 0 0 0 0 0 0 0 0 0 0 0 0 0 0 0 0 0 0 0 0  
218000 219000 1 1 0 0 0 9 9 0 0 0 8 8 0 0 0 0 83 83 83 0 0 0 0 0 0 0 0 0 0 0.0 0.0
219000 220000 1 1 0 0 0 25 25 2 2 1 22 22 0 0 0 0 224 224 224 0 2300 2300 2300 0 128 128 128 0 1 1.0 1.0
220000 221000 1 1 4 4 1 5054 5054 6 6 5 378 378 0 0 3 1 283 283 283 0 0 0 0 0 128 128 128 0 0 1.0 0.0
221000 222000 1 1 1 1 0 35 35 3 3 2 31 31 0 0 1 1 368 368 368 0 2300 2300 2300 0 0 0 0 0 1 0.0 1.0
222000 223000 0 0 0 0 0 0 0 0 0 0 0 0 0 0 0 0 0 0 0 0 0 0 0 0 0 0 0 0 0  
223000 224000 0 0 0 0 0 0 0 0 0 0 0 0 0 0 0 0 0 0 0 0 0 0 0 0 0 0 0 0 0  
224000 225000 0 0 0 0 0 0 0 0 0 0 0 0 0 0 0 0 0 0 0 0 0 0 0 0 0 0 0 0 0  
225000 226000 0 0 0 0 0 0 0 0 0 0 0 0 0 0 0 0 0 0 0 0 0 0 0 0 0 0 0 0 0  
226000 227000 0 0 0 0 0 0 0 0 0 0 0 0 0 0 0 0 0 0 0 0 0 0 0 0 0 0 0 0 0  
227000 228000 0 0 0 0 0 0 0 0 0 0 0 0 0 0 0 0 0 0 0 0 0 0 0 0 0 0 0 0 0  
228000 229000 0 0 0 0 0 0 0 0 0 0 0 0 0 0 0 0 0 0 0 0 0 0 0 0 0 0 0 0 0  
229000 230000 0 0 0 0 0 0 0 0 0 0 0 0 0 0 0 0 0 0 0 0 0 0 0 0 0 0 0 0 0  
230000 231000 1 1 4 4 1 5055 5055 6 6 5 378 378 0 0 3 1 413 413 413 0 2300 2300 2300 0 128 128 128 0 1 1.0 0.0
231000 232000 1 1 1 1 1 0 0 1 1 1 0 0 0 0 0 0 18 18 18 0 0 0 0 0 0 0 0 0 0 0.0 1.0
232000 233000 0 0 0 0 0 0 0 0 0 0 0 0 0 0 0 0 0 0 0 0 0 0 0 0 0 0 0 0 0  
233000 234000 1 1 1 1 1 0 0 1 1 1 0 0 0 0 0 0 18 18 18 0 0 0 0 0 0 0 0 0 0 0.0 1.0
234000 235000 0 0 0 0 0 0 0 0 0 0 0 0 0 0 0 0 0 0 0 0 0 0 0 0 0 0 0 0 0  
235000 236000 1 1 1 1 0 0 0 2 2 1 0 0 0 0 0 0 104 104 104 0 0 0 0 0 0 0 0 0 0 0.0 1.0
236000 237000 0 0 0 0 0 0 0 0 0 0 0 0 0 0 0 0 0 0 0 0 0 0 0 0 0 0 0 0 0  
237000 238000 0 0 0 0 0 0 0 0 0 0 0 0 0 0 0 0 0 0 0 0 0 0 0 0 0 0 0 0 0  
238000 239000 0 0 0 0 0 0 0 0 0 0 0 0 0 0 0 0 0 0 0 0 0 0 0 0 0 0 0 0 0  
239000 240000 0 0 0 0 0 0 0 0 0 0 0 0 0 0 0 0 0 0 0 0 0 0 0 0 0 0 0 0 0  
240000 241000 2 2 5 5 1 5391 5391 9 9 7 378 378 0 0 3 1 297 159 228 97 0 0 0 0 0 0 0 0 0 0.0 0.0
241000 242000 1 1 1 1 0 35 35 3 3 2 31 31 0 0 1 1 394 394 394 0 2300 2300 2300 0 0 0 0 0 1 0.0 1.0
242000 243000 1 1 10 9 4 2460 2460 13 13 7 2010 2010 0 0 5 5 485 485 485 0 0 0 0 0 128 128 128 0 0 1.0 0.0
243000 244000 2 2 111 110 96 7336 7336 152 152 16 200535 170992 0 23 13 134 942 53 497 628 2300 2300 2300 0 128 128 128 0 1 1.0 1.0
244000 245000 0 0 0 0 0 0 0 0 0 0 0 0 0 0 0 0 0 0 0 0 0 0 0 0 0 0 0 0 0  
245000 246000 1 1 34 34 3 76928 76878 66 66 58 379 379 0 0 30 7 649 649 649 0 2300 2300 2300 0 128 128 128 0 1 1.0 1.0
246000 247000 2 2 13 13 1 28853 28834 27 27 24 172 172 0 0 12 3 393 243 318 106 0 0 0 0 0 0 0 0 0 0.0 0.0
247000 248000 4 4 18 18 6 8943 8943 27 27 17 9126 9126 0 0 11 8 375 63 267 144 0 0 0 0 0 0 0 0 0 0.0 1.0
248000 249000 5 5 17 15 8 6416 6416 22 22 12 8095 8095 0 0 7 9 356 2 133 144 0 0 0 0 0 0 0 0 0 0.0 0.0
249000 250000 1 1 0 0 0 34 34 2 2 1 30 30 0 0 0 0 265 265 265 0 2300 2300 2300 0 128 128 128 0 1 2.0 1.0
250000 251000 2 2 15 14 4 17183 17183 22 22 18 1215 1215 0 0 10 3 575 560 567 10 2300 2300 2300 0 0 0 0 0 1 0.0 0.0
251000 252000 1 1 1 1 0 35 35 3 3 2 31 31 0 0 1 1 323 323 323 0 0 0 0 0 128 128 128 0 0 1.0 1.0
252000 253000 0 0 0 0 0 0 0 0 0 0 0 0 0 0 0 0 0 0 0 0 0 0 0 0 0 0 0 0 0  
253000 254000 0 0 0 0 0 0 0 0 0 0 0 0 0 0 0 0 0 0 0 0 0 0 0 0 0 0 0 0 0  
254000 255000 0 0 0 0 0 0 0 0 0 0 0 0 0 0 0 0 0 0 0 0 0 0 0 0 0 0 0 0 0  
255000 256000 0 0 0 0 0 0 0 0 0 0 0 0 0 0 0 0 0 0 0 0 0 0 0 0 0 0 0 0 0  
256000 257000 0 0 0 0 0 0 0 0 0 0 0 0 0 0 0 0 0 0 0 0 0 0 0 0 0 0 0 0 0  
257000 258000 1 1 1 1 0 0 0 3 3 0 77 77 0 0 0 2 34 34 34 0 2300 2300 2300 0 128 128 128 0 1 1.0 1.0
258000 259000 1 1 3 3 2 0 0 3 3 1 77 77 0 0 0 1 106 106 106 0 0 0 0 0 0 0 0 0 0 0.0 0.0
259000 260000 0 0 0 0 0 0 0 0 0 0 0 0 0 0 0 0 0 0 0 0 0 0 0 0 0 0 0 0 0  
260000 261000 2 2 7 7 2 7908 7908 11 11 9 756 756 0 0 5 2 349 290 319 42 2300 2300 2300 0 0 0 0 0 1 0.0 0.0
261000 262000 0 0 0 0 0 0 0 0 0 0 0 0 0 0 0 0 0 0 0 0 0 0 0 0 0 0 0 0 0  
262000 263000 0 0 0 0 0 0 0 0 0 0 0 0 0 0 0 0 0 0 0 0 0 0 0 0 0 0 0 0 0  
263000 264000 0 0 0 0 0 0 0 0 0 0 0 0 0 0 0 0 0 0 0 0 0 0 0 0 0 0 0 0 0  
264000 265000 0 0 0 0 0 0 0 0 0 0 0 0 0 0 0 0 0 0 0 0 0 0 0 0 0 0 0 0 0  
265000 266000 0 0 0 0 0 0 0 0 0 0 0 0 0 0 0 0 0 0 0 0 0 0 0 0 0 0 0 0 0  
266000 267000 0 0 0 0 0 0 0 0 0 0 0 0 0 0 0 0 0 0 0 0 0 0 0 0 0 0 0 0 0  
267000 268000 0 0 0 0 0 0 0 0 0 0 0 0 0 0 0 0 0 0 0 0 0 0 0 0 0 0 0 0 0  
268000 269000 0 0 0 0 0 0 0 0 0 0 0 0 0 0 0 0 0 0 0 0 0 0 0 0 0 0 0 0 0  
269000 270000 0 0 0 0 0 0 0 0 0 0 0 0 0 0 0 0 0 0 0 0 0 0 0 0 0 0 0 0 0  
270000 271000 2 2 9 9 3 7989 7989 12 12 9 775 775 0 0 5 2 266 173 220 65 2300 2300 2300 0 128 128 128 0 1 1.0 0.0
271000 272000 1 1 1 1 0 35 35 3 3 2 31 31 0 0 1 1 363 363 363 0 0 0 0 0 0 0 0 0 0 0.0 1.0
272000 273000 0 0 0 0 0 0 0 0 0 0 0 0 0 0 0 0 0 0 0 0 0 0 0 0 0 0 0 0 0  
273000 274000 0 0 0 0 0 0 0 0 0 0 0 0 0 0 0 0 0 0 0 0 0 0 0 0 0 0 0 0 0  
274000 275000 0 0 0 0 0 0 0 0 0 0 0 0 0 0 0 0 0 0 0 0 0 0 0 0 0 0 0 0 0  
275000 276000 0 0 0 0 0 0 0 0 0 0 0 0 0 0 0 0 0 0 0 0 0 0 0 0 0 0 0 0 0  
276000 277000 1 1 1 1 0 35 35 3 3 2 31 31 0 0 1 1 275 275 275 0 0 0 0 0 0 0 0 0 0 0.0 0.0
277000 278000 0 0 0 0 0 0 0 0 0 0 0 0 0 0 0 0 0 0 0 0 0 0 0 0 0 0 0 0 0  
278000 279000 0 0 0 0 0 0 0 0 0 0 0 0 0 0 0 0 0 0 0 0 0 0 0 0 0 0 0 0 0  
279000 280000 1 1 1 1 0 35 35 3 3 2 31 31 0 0 1 1 263 263 263 0 2300 2300 2300 0 128 128 128 0 1 1.0 1.0
280000 281000 2 2 14 13 5 8355 8355 17 17 12 1234 1234 0 0 7 3 547 278 413 190 0 0 0 0 128 128 128 0 0 1.0 0.0
281000 282000 1 1 1 1 0 35 35 3 3 2 31 31 0 0 1 1 398 398 398 0 840 840 840 0 0 0 0 0 1 0.0 1.0
282000 283000 0 0 0 0 0 0 0 0 0 0 0 0 0 0 0 0 0 0 0 0 0 0 0 0 0 0 0 0 0  
283000 284000 0 0 0 0 0 0 0 0 0 0 0 0 0 0 0 0 0 0 0 0 0 0 0 0 0 0 0 0 0  
284000 285000 0 0 0 0 0 0 0 0 0 0 0 0 0 0 0 0 0 0 0 0 0 0 0 0 0 0 0 0 0  
285000 286000 0 0 0 0 0 0 0 0 0 0 0 0 0 0 0 0 0 0 0 0 0 0 0 0 0 0 0 0 0  
286000 287000 0 0 0 0 0 0 0 0 0 0 0 0 0 0 0 0 0 0 0 0 0 0 0 0 0 0 0 0 0  
287000 288000 1 1 4 4 2 2336 2336 7 7 4 358 358 0 0 2 2 370 370 370 0 2300 2300 2300 0 128 128 128 0 1 1.0 1.0
288000 289000 1 1 2 2 0 966 966 2 2 2 148 148 0 0 1 0 153 153 153 0 0 0 0 0 0 0 0 0 0 0.0 0.0
289000 290000 2 2 2 2 2 0 0 2 2 2 0 0 0 0 0 0 22 22 22 0 2300 2300 2300 0 0 0 0 0 1 0.0 1.0
290000 291000 1 1 5 5 1 7787 7787 8 8 7 378 378 0 0 4 1 286 286 286 0 0 0 0 0 128 128 128 0 0 1.0 0.0
291000 292000 1 1 1 1 1 0 0 1 1 1 0 0 0 0 0 0 16 16 16 0 2300 2300 2300 0 128 128 128 0 1 1.0 1.0
292000 293000 0 0 0 0 0 0 0 0 0 0 0 0 0 0 0 0 0 0 0 0 0 0 0 0 0 0 0 0 0  
293000 294000 1 1 1 1 1 0 0 1 1 1 0 0 0 0 0 0 18 18 18 0 2300 2300 2300 0 128 128 128 0 1 1.0 1.0
294000 295000 0 0 0 0 0 0 0 0 0 0 0 0 0 0 0 0 0 0 0 0 0 0 0 0 0 0 0 0 0  
295000 296000 0 0 0 0 0 0 0 0 0 0 0 0 0 0 0 0 0 0 0 0 0 0 0 0 0 0 0 0 0  
296000 297000 0 0 0 0 0 0 0 0 0 0 0 0 0 0 0 0 0 0 0 0 0 0 0 0 0 0 0 0 0  
297000 298000 0 0 0 0 0 0 0 0 0 0 0 0 0 0 0 0 0 0 0 0 0 0 0 0 0 0 0 0 0  
298000 299000 0 0 0 0 0 0 0 0 0 0 0 0 0 0 0 0 0 0 0 0 0 0 0 0 0 0 0 0 0  
299000 300000 0 0 0 0 0 0 0 0 0 0 0 0 0 0 0 0 0 0 0 0 0 0 0 0 0 0 0 0 0  
300000 301000 0 0 0 0 0 0 0 0 0 0 0 0 0 0 0 0 0 0 0 0 0 0 0 0 0 0 0 0 0  
