ts te nbins ncons c_pkts_all c_ack_cnt c_ack_cnt_p c_bytes_all c_bytes_uniq s_pkts_all s_ack_cnt s_ack_cnt_p s_bytes_all s_bytes_uniq c_pkts_retx s_pkts_retx c_pkts_data s_pkts_data max_bin_duration min_bin_duration avg_bin_duration std_bin_duration max_video_rate min_video_rate avg_video_rate std_video_rate max_audio_rate min_audio_rate avg_audio_rate std_audio_rate video_reqs audio_reqs media_reqs
0.0 10000.0 11 4 698.3977290770255 694.3977290770255 668.9350305866627 21666.294534427652 19982.294534427652 877.4397698719216 877.4397698719216 29.462698490362616 1333054.1252640255 1227026.6313653924 3.0 73.05793878903785 25.462698490362616 843.9770713815591 999.4779999999992 180.54999999999927 706.0029099786933 338.51117475622027 840.0 840.0 840.0 0.0 128.0 128.0 128.0 0.0 7 5 3
10000.0 20000.0 23 4 1393.138388302638 1393.138388302638 1368.454180126288 19813.63799894371 19813.63799894371 1973.5534110883927 1973.5534110883927 24.684208176349863 2915828.7957688137 2693352.0805669515 0.0 160.27078199703013 23.684208176349863 1947.8692029120427 999.5809999999983 7.725076171875116 714.5943479959229 368.1050668731875 2300.0 840.0 1326.6666666666667 730.0 128.0 128.0 128.0 0.0 9 10 5
20000.0 30000.0 16 3 1266.4072807735952 1266.4072807735952 1250.2751772832544 13460.868743598508 13460.868743598508 2059.306620617982 2059.306620617982 16.132103490340892 3026782.5036776634 2937602.731200914 0.0 62.699837483392486 16.132103490340892 2043.174517127641 999.7139999999999 35.88525390625 714.460448242186 357.39254419575525 2300.0 2300.0 2300.0 0.0 128.0 128.0 128.0 0.0 5 5 5
30000.0 40000.0 16 2 1417.7113691406653 1417.7113691406653 1403.7697436585288 11620.326303557698 11620.326303557698 2177.6787795507666 2177.6787795507666 13.941625482136466 3167468.768293475 3005108.7498707194 0.0 115.97144173053957 13.941625482136466 2163.73715406863 999.9599999999919 32.39990234375 670.7687322998013 413.833601816722 2300.0 2300.0 2300.0 0.0 128.0 128.0 128.0 0.0 5 5 5
40000.0 50000.0 15 2 1298.4357047442163 1298.4357047442163 1282.6642493222048 13140.38708965743 13140.38708965743 2111.3684506619916 2111.3684506619916 15.771455422011377 3115159.320379111 2961159.320379111 0.0 104.0 15.771455422011377 2095.59699523998 999.676999999996 87.57000000000698 739.1665333333333 371.2935927060934 2300.0 2300.0 2300.0 0.0 128.0 128.0 128.0 0.0 5 5 5
50000.0 60000.0 16 2 1087.2859817223984 1087.2859817223984 1071.4320646807328 13219.442014680077 13219.442014680077 2010.0218433185553 2010.0218433185553 15.853917041665541 2868410.2721194928 2780210.2721194928 0.0 59.0 15.853917041665541 1994.16792627689 999.4149999999936 7.713097656247555 654.2120089111322 437.7340020213057 2300.0 2300.0 2300.0 0.0 128.0 128.0 128.0 0.0 5 5 5
60000.0 70000.0 18 3 1091.3819854045746 1091.3819854045746 1073.2520963121176 14299.279015300437 14299.279015300437 2013.6541621188169 2013.6541621188169 17.129889092457038 2827327.4404469286 2820327.4404469286 0.0 5.0 17.129889092457038 1995.5242730263597 999.9470000000001 36.89199999999255 718.0009356553807 386.510280054315 2300.0 1500.0 1728.5714285714287 390.3600291794133 128.0 128.0 128.0 0.0 7 6 5
70000.0 80000.0 16 2 1130.7615378309076 1130.7615378309076 1114.9355306294692 13205.34494914714 13205.34494914714 1991.011222743311 1991.011222743311 14.92505500305732 2857016.9342344366 2834603.6034571007 0.0 16.00952198381117 15.826007201438438 1976.0861677402536 999.5339999999997 24.040113281240338 664.9061898193386 424.4422856831526 2300.0 2300.0 2300.0 0.0 128.0 128.0 128.0 0.0 5 5 5
80000.0 90000.0 16 2 1130.5510289585582 1130.5510289585582 1115.5760568170153 12489.226877480616 12489.226877480616 1853.2314804011482 1853.2314804011482 15.87592433992403 3011396.642581821 2895209.9733591564 0.0 77.99047801618883 14.974972141542912 1837.3555560612244 999.5129999999917 61.994000000006054 665.9382619628932 424.54450573231435 2300.0 2300.0 2300.0 0.0 128.0 128.0 128.0 0.0 5 5 5
90000.0 100000.0 18 3 1186.790410618056 1185.790410618056 1170.542902708024 13160.455949775103 13160.455949775103 1903.9292789532044 1903.9292789532044 16.247507910032247 3037613.6390747665 2943813.6390747665 0.0 62.0 15.247507910032247 1886.6817710431721 998.3920000000071 12.162109375 591.6353851996529 418.01478252684217 2300.0 2300.0 2300.0 0.0 128.0 128.0 128.0 0.0 5 5 5
100000.0 110000.0 16 3 584.6716378681517 584.6716378681517 568.643158370255 12529.64003077899 12529.64003077899 879.4217460124944 879.4217460124944 16.02847949789664 1492818.2668400793 1450528.2668400793 0.0 31.0 15.02847949789664 862.3932665145978 997.6680000000051 0.0 542.9214329833994 414.2586240712954 1500.0 840.0 972.0 295.16097302997224 128.0 128.0 128.0 0.0 5 5 5
110000.0 120000.0 15 3 743.8019169575367 742.8019169575367 724.6425107766504 14744.28069816251 14744.28069816251 1171.9304761868593 1171.9304761868593 19.159406180886297 1887794.9861218545 1858276.9861218545 0.0 22.0 17.159406180886297 1150.7710700059731 999.4489999999932 33.449951171875 650.5598649739579 317.3116910645521 2300.0 840.0 1424.0 799.6749339575425 128.0 128.0 128.0 0.0 5 5 5
120000.0 130000.0 18 4 914.5872365782878 912.1478580897823 891.8994604146529 17495.273031760233 17495.273031760233 1530.7921357022783 1530.7921357022783 21.809019186623704 2617865.431540496 2256234.2200589185 0.0 221.56042594631612 19.809019186623704 1506.9831165156543 999.5950000000012 18.386962890625 659.5415547960066 390.8786539562147 4400.0 288.0 2510.8571428571427 1899.7834463056947 128.0 128.0 128.0 0.0 7 5 4
130000.0 140000.0 26 6 538.4276273052176 533.8670057937231 498.9262902791905 26294.677082491373 26294.677082491373 634.1909185487765 634.1909185487765 33.38009400303826 2224675.1810009074 2071874.823949337 2.0 101.80712300593261 30.38009400303826 598.8108245457382 999.0849999999919 0.16200000001117587 594.5007297175493 391.3367576248809 4400.0 480.0 929.0909090909091 1191.1461249188073 128.0 128.0 128.0 0.0 11 10 5
140000.0 150000.0 22 6 1008.8566572055004 1003.8566572055004 976.0167420248167 22950.14343313521 22245.14343313521 1379.0381444570296 1379.0381444570296 28.8399151806836 2846572.9381043427 2739784.506637491 2.0 73.63245104775127 25.8399151806836 1345.1982292763462 999.0909999999858 31.506103515625 650.0799633345159 371.782193784467 4400.0 840.0 1433.3333333333333 1453.3639140513524 128.0 128.0 128.0 0.0 6 7 5
150000.0 160000.0 12 3 525.0335225343101 525.0335225343101 509.45767769775574 12137.768357674182 12137.768357674182 710.0487114458474 710.0487114458474 15.575844836554412 1721225.1733906937 1574241.166046781 0.0 88.44571833917259 14.575844836554412 693.4728666092929 998.8340000000026 70.51500000001397 703.710316406255 389.8814706747415 1500.0 1500.0 1500.0 0.0 128.0 128.0 128.0 0.0 4 4 5
160000.0 170000.0 17 3 800.9120522062251 800.9120522062251 783.9176250451642 14185.557400346375 14185.557400346375 1171.6291303009484 1171.6291303009484 16.99442716106072 2377053.0547678387 2328432.7640720815 0.0 29.271637403448942 16.99442716106072 1154.6347031398877 998.7229999999981 88.89009960938711 684.8235927159976 366.1208468574791 1500.0 1500.0 1500.0 0.0 128.0 128.0 128.0 0.0 6 6 5
170000.0 180000.0 17 3 779.964106300243 779.964106300243 765.4923882927687 12061.525946203596 11241.525946203596 1136.2948243016162 1136.2948243016162 14.471718007474212 2315921.3566280287 2234325.654667699 1.0 55.282644257378465 14.471718007474212 1121.8231062941422 998.8859999999986 33.537109375 706.9225960477951 385.5178090394009 2300.0 1500.0 1660.0 357.77087639996637 128.0 128.0 128.0 0.0 5 5 5
180000.0 190000.0 19 2 1527.6531800760245 1527.6531800760245 1510.8588043178918 14021.331879250198 14021.331879250198 2169.9231020346087 2169.9231020346087 16.794375758132766 3437920.606743113 3079450.13552219 0.0 241.26533658637362 16.794375758132766 2153.128726276476 999.9629999999888 5.92724609375 779.0667607935887 357.29936424927047 2300.0 2300.0 2300.0 0.0 128.0 128.0 128.0 0.0 6 6 5
190000.0 200000.0 20 3 1491.1324622507448 1491.1324622507448 1476.1095697402086 12529.403010829834 12529.403010829834 2426.478640860402 2426.478640860402 15.02289251053607 3598464.9650415624 3374485.622051163 0.0 155.0659592788563 15.02289251053607 2411.4557483498656 999.2919999999867 33.330078125 784.9457200195291 306.6122429093473 2300.0 2300.0 2300.0 0.0 128.0 128.0 128.0 0.0 5 5 5
200000.0 210000.0 20 3 1331.4357362101491 1331.4357362101491 1315.654882004177 13165.934520440853 13165.934520440853 2117.201148984548 2117.201148984548 15.780854205972034 3181455.046363321 2969499.56047762 0.0 145.54175085475376 15.780854205972034 2101.420294778576 999.9679999999935 19.240966796875 788.9558456054699 338.86412578080353 2300.0 2300.0 2300.0 0.0 128.0 128.0 128.0 0.0 5 6 5
210000.0 220000.0 23 4 1506.1194140423095 1505.1194140423095 1486.1800209096348 15501.266022537546 15501.266022537546 2317.523503367497 2317.523503367497 19.939393132674734 3387267.092585918 3239705.820578534 0.0 104.54243017524138 17.939393132674734 2295.5841102348218 999.9219999999914 33.069091796875 644.9102711447061 382.7961079673316 2300.0 2300.0 2300.0 0.0 128.0 128.0 128.0 0.0 6 5 5
220000.0 230000.0 20 3 1458.7436604361146 1458.7436604361146 1443.4224974843928 12780.1386302966 12780.1386302966 2287.4550212841073 2287.4550212841073 15.321162951721883 3361953.4148797966 3203836.9869842026 0.0 113.58452310477492 15.321162951721883 2272.133858332385 999.6979999999749 3.9790000000211876 725.1348422851545 377.01063239418403 2300.0 2300.0 2300.0 0.0 128.0 128.0 128.0 0.0 5 5 5
230000.0 240000.0 16 2 1422.0771394430074 1422.0771394430074 1406.1992660769959 13228.462438711576 13228.462438711576 2084.413168732208 2084.413168732208 14.8977137936155 3088634.914598519 2951434.914598519 0.0 96.0 15.877873366011388 2069.5154549385925 999.6179999999877 6.748046875 801.4721304931627 305.68546529759743 2300.0 2300.0 2300.0 0.0 128.0 128.0 128.0 0.0 5 5 5
240000.0 250000.0 15 3 1173.604487459296 1173.604487459296 1157.718174667874 13253.441212604168 13253.441212604168 1781.1265537477814 1781.1265537477814 15.913395754304801 2555299.4399149953 2313178.367381813 0.0 174.53076609513028 15.886312791421942 1765.2131579934764 999.7800000000279 64.3859999999986 772.8931497395893 324.1283582875854 2300.0 840.0 1716.0 799.6749339575425 128.0 128.0 128.0 0.0 5 5 5
250000.0 260000.0 17 2 1301.618246238246 1301.618246238246 1286.394738776581 12698.96187204724 12698.96187204724 2178.4867284470133 2178.4867284470133 16.176584071177764 3099388.1243735207 3058583.3009018237 0.0 30.90701676549813 15.223507461664738 2162.310144375836 999.5050000000047 46.86670703126583 683.346620749083 365.32650335259524 2300.0 2300.0 2300.0 0.0 128.0 128.0 128.0 0.0 6 6 5
260000.0 270000.0 19 2 1410.4552190509908 1410.4552190509908 1394.8149015634883 13050.500613815391 13050.500613815391 2236.2535037019347 2236.2535037019347 15.640317487502422 3237429.7090990553 3125925.605103935 0.0 80.5622171393716 15.640317487502422 2220.6131862144325 997.545999999973 24.8120761718601 781.035504317438 285.96101442065765 2300.0 2300.0 2300.0 0.0 128.0 128.0 128.0 0.0 5 5 5
270000.0 280000.0 20 2 1392.6974764837141 1392.6974764837141 1378.3359107653628 11989.975895784373 11989.975895784373 2221.395371646762 2221.395371646762 14.361565718351113 3220191.025641247 3158287.6333671287 0.0 44.26300773031081 14.361565718351113 2207.0338059284113 999.8680000000168 8.601000000024214 727.9913474609377 406.70207452797257 2300.0 2300.0 2300.0 0.0 128.0 128.0 128.0 0.0 5 5 5
280000.0 290000.0 16 3 1136.4144056988114 1136.4144056988114 1116.8787333177336 16308.250543899157 16308.250543899157 1818.3241623232984 1818.3241623232984 18.535672381077752 2609280.057599803 2532928.0387752377 0.0 55.40585734017749 19.535672381077752 1799.7884899422206 999.7700000000186 29.667000000015832 753.5165944824257 311.4112786987271 2300.0 1500.0 1980.0 438.1780460041329 128.0 128.0 128.0 0.0 5 5 5
290000.0 300000.0 18 3 1362.1424657682574 1362.1424657682574 1345.8319776934509 13614.771879776392 13614.771879776392 2167.83764628895 2167.83764628895 17.31048807480647 3182494.2052408606 2975803.5747961365 0.0 147.63616460337448 16.31048807480647 2150.5271582141436 999.6900000000023 71.0 644.5096041666725 379.0930493035857 2300.0 1500.0 2166.6666666666665 326.5986323710904 128.0 128.0 128.0 0.0 6 6 5
300000.0 310000.0 2 2 100.78993331422706 100.78993331422706 99.76763765665561 857.4320228858205 857.4320228858205 169.04034229894896 169.04034229894896 1.0222956575714508 243461.56768351412 234088.60922692204 0.0 6.6949703261372004 1.0222956575714508 168.01804664137748 741.6011191406287 48.07111718750093 394.8361181640648 490.3997673373762 0.0 0.0 0.0 0.0 0.0 0.0 0.0 0.0 0 0 0
