ts te nbins ncons c_tcp_packs c_tcp_bytes c_udp_packs c_udp_bytes s_tcp_packs s_tcp_bytes s_udp_packs s_udp_bytes max_bins_span min_bins_span avg_bins_span std_bins_span max_video_rate min_video_rate avg_video_rate std_video_rate max_audio_rate min_audio_rate avg_audio_rate std_audio_rate video_requests audio_requests
0 10000 1 1 0 0 86 9940 0 0 197 270075 623 623 623 0 840 840 840 0 128 128 128 0 2 2
10000 20000 12 2 1 0 1327 97779 2 24 3204 4434962 998 72 767 345 840 840 840 0 128 128 128 0 11 11
20000 30000 11 2 0 0 1009 61871 0 0 1916 2744935 999 0 800 353 2300 1500 2071 390 128 128 128 0 7 7
30000 40000 13 3 2 0 1228 68556 4 48 2259 3252184 998 60 781 353 2300 2300 2300 0 128 128 128 0 5 5
40000 50000 13 3 0 0 1187 65669 0 0 2193 3164353 999 0 763 396 2300 2300 2300 0 128 128 128 0 5 5
50000 60000 11 1 0 0 1278 69367 0 0 2323 3358110 998 73 885 283 2300 2300 2300 0 128 128 128 0 5 5
60000 70000 9 1 0 0 1027 57466 0 0 1957 2832162 998 388 929 202 2300 2300 2300 0 128 128 128 0 5 6
70000 80000 11 1 0 0 1315 72571 0 0 2439 3523378 999 373 904 210 2300 2300 2300 0 128 128 128 0 6 5
80000 90000 11 1 0 0 1217 70848 0 0 2267 3262666 999 341 903 217 2300 2300 2300 0 128 128 128 0 5 5
90000 100000 11 1 0 0 1131 65829 0 0 2064 2969630 999 230 892 241 2300 2300 2300 0 128 128 128 0 5 5
100000 110000 11 1 0 0 1305 72300 0 0 2445 3540507 999 206 905 241 2300 2300 2300 0 128 128 128 0 5 5
110000 120000 11 1 0 0 1219 70675 0 0 2220 3180893 999 169 874 246 2300 2300 2300 0 128 128 128 0 6 6
120000 130000 10 1 0 0 1042 59736 0 0 1931 2785656 999 225 898 242 2300 2300 2300 0 128 128 128 0 4 5
130000 140000 11 1 0 0 1212 67536 0 0 2248 3246734 998 58 844 312 2300 2300 2300 0 128 128 128 0 6 5
140000 150000 11 1 0 0 1250 71091 0 0 2371 3431091 999 392 904 211 2300 2300 2300 0 128 128 128 0 5 5
150000 160000 10 1 0 0 1020 58060 0 0 1825 2628359 999 379 839 260 2300 2300 2300 0 128 128 128 0 5 5
160000 170000 11 1 0 0 1194 69186 0 0 2251 3248462 999 328 902 221 2300 1500 2033 413 128 128 128 0 6 6
170000 180000 10 1 0 0 902 54139 0 0 1688 2419768 998 204 829 259 1500 1500 1500 0 128 128 128 0 6 6
180000 190000 10 1 0 0 1003 60400 0 0 1819 2599115 999 346 834 274 2300 1500 2166 326 128 128 128 0 6 6
190000 200000 11 1 0 0 1142 64670 0 0 2113 3052137 999 293 900 230 2300 2300 2300 0 128 128 128 0 5 5
200000 210000 11 1 0 0 1205 68134 0 0 2267 3271111 999 260 901 229 2300 2300 2300 0 128 128 128 0 5 6
210000 220000 11 1 0 0 1270 72169 0 0 2299 3322779 999 234 904 235 2300 2300 2300 0 128 128 128 0 6 5
220000 230000 11 1 0 0 1266 70508 0 0 2353 3399127 999 216 904 238 2300 2300 2300 0 128 128 128 0 5 5
230000 240000 10 1 0 0 1047 59217 0 0 1903 2744785 999 386 816 257 2300 2300 2300 0 128 128 128 0 5 5
240000 250000 11 1 0 0 1198 68445 0 0 2246 3245279 999 380 902 214 2300 2300 2300 0 128 128 128 0 5 5
250000 260000 11 1 0 0 1177 66271 0 0 2189 3172561 999 360 903 212 2300 2300 2300 0 128 128 128 0 5 6
260000 270000 11 1 0 0 1258 70404 0 0 2356 3411613 999 337 904 216 2300 2300 2300 0 128 128 128 0 6 5
270000 280000 11 1 0 0 1148 64869 0 0 2123 3058308 999 277 896 228 2300 2300 2300 0 128 128 128 0 5 5
280000 290000 11 1 0 0 1234 68662 0 0 2318 3352349 999 253 904 230 2300 2300 2300 0 128 128 128 0 5 5
290000 300000 11 1 0 0 1205 67574 0 0 2193 3154254 999 215 902 240 2300 2300 2300 0 128 128 128 0 6 6
