ts te nbins ncons c_tcp_packs c_tcp_bytes c_udp_packs c_udp_bytes s_tcp_packs s_tcp_bytes s_udp_packs s_udp_bytes max_bins_span min_bins_span avg_bins_span std_bins_span max_video_rate min_video_rate avg_video_rate std_video_rate max_audio_rate min_audio_rate avg_audio_rate std_audio_rate video_requests audio_requests
0 10000 6 1 0 0 636 49172 0 0 1342 1871021 999 35 837 392 840 840 840 0 128 128 128 0 7 8
10000 20000 9 1 0 0 845 53711 0 0 1546 2208435 999 421 882 196 2300 840 1264 608 128 128 128 0 10 9
20000 30000 10 1 0 0 1071 64282 0 0 1868 2672269 999 132 803 317 2300 1500 1766 413 128 128 128 0 6 6
30000 40000 12 3 4 0 794 50205 4 48 1442 2058184 998 27 664 419 2300 1500 1900 438 128 128 128 0 6 7
40000 50000 12 3 0 0 1008 58532 0 0 1801 2573351 999 0 677 405 1500 1500 1500 0 128 128 128 0 6 6
50000 60000 10 1 0 0 1045 64734 0 0 1907 2734379 999 288 829 282 2300 1500 1700 370 128 128 128 0 8 7
60000 70000 10 1 0 0 798 46950 0 0 1466 2099015 999 0 795 342 1500 1500 1500 0 128 128 128 0 4 5
70000 80000 11 1 0 0 831 48388 0 0 1497 2130503 999 373 894 220 1500 1500 1500 0 128 128 128 0 6 5
80000 90000 9 1 0 0 750 47788 0 0 1375 1963796 998 460 883 198 2300 1500 1766 413 128 128 128 0 6 7
90000 100000 10 1 0 0 960 54495 0 0 1752 2513536 999 27 766 387 1500 1500 1500 0 128 128 128 0 6 5
100000 110000 9 1 0 0 947 58556 0 0 1733 2483750 999 406 929 196 2300 1500 1700 370 128 128 128 0 8 8
110000 120000 11 1 0 0 1083 64360 0 0 1968 2809367 999 274 889 237 2300 2300 2300 0 128 128 128 0 6 6
120000 130000 9 1 0 0 951 59975 0 0 1762 2517947 999 241 862 250 2300 1500 1600 282 128 128 128 0 8 8
130000 140000 8 1 0 0 799 48352 0 0 1478 2115521 999 461 851 191 1500 1500 1500 0 128 128 128 0 5 6
140000 150000 9 1 0 0 864 54524 0 0 1568 2245129 999 126 722 343 2300 1500 1728 390 128 128 128 0 7 7
150000 160000 10 1 0 0 1014 63357 0 0 1817 2598013 999 34 801 340 2300 1500 1842 427 128 128 128 0 7 7
160000 170000 11 1 0 0 871 51612 0 0 1573 2241542 999 42 856 301 1500 1500 1500 0 128 128 128 0 5 4
170000 180000 8 1 0 0 879 56548 0 0 1662 2368227 999 221 833 310 2300 1500 1728 390 128 128 128 0 7 8
180000 190000 10 1 0 0 869 52825 0 0 1584 2262515 999 19 793 349 1500 1500 1500 0 128 128 128 0 6 6
190000 200000 9 1 0 0 866 53808 0 0 1564 2233910 999 377 751 298 2300 1500 1728 390 128 128 128 0 7 7
200000 210000 10 1 0 0 1064 63951 0 0 1946 2770953 999 572 947 132 2300 1500 1900 438 128 128 128 0 6 5
210000 220000 8 1 0 0 861 52899 0 0 1606 2300725 998 74 881 326 2300 1500 1633 326 128 128 128 0 6 6
220000 230000 8 1 0 0 683 42315 0 0 1261 1801868 999 23 804 366 1500 1500 1500 0 128 128 128 0 5 7
230000 240000 10 1 0 0 853 56335 0 0 1577 2242412 998 19 797 343 1500 840 1206 347 128 128 128 0 9 7
240000 250000 9 1 0 0 783 50529 0 0 1426 2027637 999 36 750 380 1500 1500 1500 0 128 128 128 0 6 6
250000 260000 8 1 0 0 816 50922 0 0 1477 2120667 998 32 808 364 2300 1500 1728 390 128 128 128 0 7 8
260000 270000 11 1 0 0 904 54680 0 0 1633 2330591 998 394 899 217 1500 1500 1500 0 128 128 128 0 6 5
270000 280000 9 1 0 0 772 47601 0 0 1375 1955456 998 463 885 204 2300 1500 1980 438 128 128 128 0 5 7
280000 290000 9 1 0 0 732 48014 0 0 1312 1862532 997 34 671 418 1500 840 1005 305 128 128 128 0 8 6
290000 300000 10 1 0 0 924 57089 0 0 1682 2406455 999 25 799 343 1500 1500 1500 0 128 128 128 0 5 6
300000 310000 1 1 0 0 75 4514 0 0 129 186471 534 534 534 0 1500 1500 1500 0 0 0 0 0 1 0
