ts te nbins ncons c_pkts_all c_bytes_all s_pkts_all s_bytes_all max_bin min_bin avg_bin std_bin max_vid min_vid avg_vid std_vid max_aud min_aud avg_aud std_aud num_vid num_aud num_mfs
0 2000 0 0 0 0 0 0 0 0 0 0 0 0 0 0 0 0 0 0 0 0 
2000 4000 0 0 0 0 0 0 0 0 0 0 0 0 0 0 0 0 0 0 0 0 
4000 6000 1 1 1 1672 2 2732 319 319 319 0 0 0 0 0 0 0 0 0 0 0 0.0
6000 8000 3 1 6 4885 13 13401 636 188 477 250 0 0 0 0 0 0 0 0 0 0 0.0
8000 10000 3 1 10 1391 18 11169 690 88 474 334 0 0 0 0 0 0 0 0 0 0 0.0
10000 12000 3 1 63 6654 148 201280 993 74 659 508 288 288 288 0 128 128 128 0 2 2 1.0
12000 14000 3 1 63 5066 101 144164 996 49 649 521 288 288 288 0 128 128 128 0 1 1 1.0
14000 16000 3 1 68 5886 112 160707 989 30 657 542 288 288 288 0 128 128 128 0 1 2 1.0
16000 18000 3 1 79 5957 124 174159 993 17 657 554 288 288 288 0 128 128 128 0 1 1 1.0
18000 20000 2 1 20 1460 24 29031 352 333 343 13 288 288 288 0 0 0 0 0 1 0 1.0
20000 22000 3 1 57 6411 90 128269 988 315 654 336 288 288 288 0 128 128 128 0 2 1 1.0
22000 24000 3 1 57 3996 85 123997 992 287 651 352 0 0 0 0 128 128 128 0 0 1 1.0
24000 26000 3 1 64 5425 111 149982 986 279 657 355 288 288 288 0 128 128 128 0 1 1 1.0
26000 28000 3 1 66 5468 98 140032 999 251 655 377 288 288 288 0 128 128 128 0 1 2 1.0
28000 30000 3 1 52 4529 72 96594 954 201 632 388 288 288 288 0 128 128 128 0 1 1 1.0
30000 32000 3 1 49 3211 80 114264 995 189 655 417 0 0 0 0 0 0 0 0 0 0 1.0
32000 34000 3 1 52 4561 83 118053 998 161 653 437 288 288 288 0 128 128 128 0 1 1 1.0
34000 36000 3 1 47 3998 72 98160 990 152 657 444 288 288 288 0 128 128 128 0 1 1 1.0
36000 38000 3 1 48 4246 77 107663 997 134 657 459 288 288 288 0 128 128 128 0 1 1 1.0
38000 40000 3 1 58 4722 83 108384 994 85 647 490 288 288 288 0 128 128 128 0 1 1 1.0
40000 42000 3 1 54 4547 85 112962 981 75 648 498 288 288 288 0 128 128 128 0 1 1 1.0
42000 44000 2 1 30 2021 46 63401 913 876 895 26 0 0 0 0 0 0 0 0 0 0 1.0
44000 46000 3 1 31 3272 58 76233 874 121 603 418 288 288 288 0 128 128 128 0 1 1 1.0
46000 48000 3 1 52 3256 62 88473 992 132 633 446 0 0 0 0 0 0 0 0 0 0 1.0
48000 50000 3 1 40 3891 60 78201 971 211 641 389 288 288 288 0 128 128 128 0 1 1 1.0
50000 52000 3 1 44 2745 58 82121 990 258 654 369 0 0 0 0 0 0 0 0 0 0 1.0
52000 54000 3 1 49 4319 72 101141 977 248 642 368 288 288 288 0 128 128 128 0 1 1 1.0
54000 56000 3 1 47 4266 66 88146 985 289 649 348 288 288 288 0 128 128 128 0 1 1 1.0
56000 58000 3 1 51 3973 69 91372 990 316 649 337 288 288 288 0 128 128 128 0 1 1 1.0
58000 60000 3 1 49 4307 83 116151 984 337 651 324 0 0 0 0 0 0 0 0 0 0 1.0
60000 62000 3 1 64 5008 96 134809 994 350 651 324 288 288 288 0 128 128 128 0 1 1 1.0
62000 64000 3 1 70 5383 121 168544 970 386 652 295 288 288 288 0 128 128 128 0 2 2 1.0
64000 66000 3 1 67 5323 102 144005 884 398 621 245 288 288 288 0 128 128 128 0 1 1 1.0
66000 68000 3 1 60 5403 102 141847 994 412 660 300 288 288 288 0 128 128 128 0 1 1 1.0
68000 70000 3 1 69 5292 107 141882 990 412 656 298 288 288 288 0 128 128 128 0 1 1 1.0
70000 72000 3 1 55 4648 82 112684 998 402 648 311 288 288 288 0 128 128 128 0 1 1 1.0
72000 74000 3 1 62 4967 104 144466 989 453 654 291 288 288 288 0 128 128 128 0 1 1 1.0
74000 76000 3 1 64 5148 101 141352 994 463 649 299 288 288 288 0 128 128 128 0 1 1 1.0
76000 78000 3 1 51 4478 82 116471 976 373 602 326 288 288 288 0 128 128 128 0 1 1 1.0
78000 80000 3 1 45 4226 60 75910 982 350 648 317 288 288 288 0 128 128 128 0 1 1 1.0
80000 82000 3 1 37 2417 61 84609 985 321 651 332 0 0 0 0 0 0 0 0 0 0 1.0
82000 84000 3 1 40 3865 52 71568 995 265 645 366 288 288 288 0 128 128 128 0 1 1 1.0
84000 86000 3 1 65 4102 89 125210 993 205 643 401 288 288 288 0 128 128 128 0 1 1 1.0
86000 88000 3 1 52 4436 83 110278 996 114 633 461 288 288 288 0 128 128 128 0 1 1 1.0
88000 90000 3 1 62 6148 96 134196 997 91 653 490 288 288 288 0 128 128 128 0 1 1 1.0
90000 92000 3 1 63 5056 96 135132 999 75 658 507 288 288 288 0 128 128 128 0 1 1 1.0
92000 94000 3 1 53 3284 90 123246 980 68 654 508 0 0 0 0 0 0 0 0 0 0 1.0
94000 96000 2 1 52 4400 70 97241 984 928 956 39 288 288 288 0 128 128 128 0 1 1 1.0
96000 98000 2 1 57 4768 85 117739 985 981 983 3 288 288 288 0 128 128 128 0 1 1 1.0
98000 100000 3 1 85 6012 103 145382 980 11 656 558 288 288 288 0 128 128 128 0 1 1 1.0
100000 102000 3 1 81 7070 125 176953 992 13 653 554 288 288 288 0 128 128 128 0 2 2 1.0
102000 104000 3 1 76 5612 98 139835 983 37 652 532 288 288 288 0 128 128 128 0 1 1 1.0
104000 106000 3 1 63 5025 79 105952 992 62 657 516 288 288 288 0 128 128 128 0 1 1 1.0
106000 108000 3 1 73 5329 87 119703 981 71 642 497 288 288 288 0 128 128 128 0 1 1 1.0
108000 110000 3 1 86 6067 104 145503 997 122 658 469 288 288 288 0 128 128 128 0 1 1 1.0
110000 112000 3 1 96 7093 95 129764 993 143 658 452 288 288 288 0 128 128 128 0 1 1 1.0
112000 114000 3 1 84 6708 123 168999 996 147 653 447 288 288 288 0 128 128 128 0 2 2 1.0
114000 116000 3 1 60 3775 83 115025 967 141 627 432 0 0 0 0 0 0 0 0 0 0 1.0
116000 118000 3 1 71 5288 82 116956 983 199 645 403 288 288 288 0 128 128 128 0 1 1 1.0
118000 120000 3 1 80 6849 106 150548 997 237 658 386 288 288 288 0 128 128 128 0 2 1 1.0
120000 122000 3 1 99 6674 114 156837 985 259 659 369 288 288 288 0 128 128 128 0 1 2 1.0
122000 124000 3 1 85 6467 110 151428 958 256 631 353 288 288 288 0 128 128 128 0 1 1 1.0
124000 126000 3 1 89 6272 115 156852 998 309 656 344 288 288 288 0 128 128 128 0 1 1 1.0
126000 128000 3 1 93 7233 136 192943 998 338 659 330 288 288 288 0 128 128 128 0 2 2 1.0
128000 130000 3 1 93 7711 115 157958 996 349 655 324 288 288 288 0 128 128 128 0 1 1 1.0
130000 132000 3 1 97 6551 148 206792 998 378 657 314 288 288 288 0 128 128 128 0 2 2 1.0
132000 134000 3 1 98 8011 164 226400 987 389 649 306 288 288 288 0 128 128 128 0 2 2 1.0
134000 136000 3 1 108 8280 138 184961 998 427 659 300 288 288 288 0 128 128 128 0 1 1 1.0
136000 138000 3 1 87 6551 142 197270 996 436 657 298 288 288 288 0 128 128 128 0 2 2 1.0
138000 140000 3 1 91 7090 112 154218 996 446 653 299 288 288 288 0 128 128 128 0 1 1 1.0
140000 142000 3 1 98 7254 134 187592 989 478 657 288 288 288 288 0 128 128 128 0 2 1 1.0
142000 144000 3 1 66 5185 89 117295 989 483 655 289 288 288 288 0 128 128 128 0 1 1 1.0
144000 146000 3 1 57 4484 87 122223 997 468 652 298 0 0 0 0 128 128 128 0 0 1 1.0
146000 148000 3 1 78 5271 82 118705 998 440 654 300 288 288 288 0 128 128 128 0 1 1 1.0
148000 150000 3 1 83 5815 87 124141 982 433 651 291 288 288 288 0 128 128 128 0 1 1 1.0
150000 152000 3 1 83 5822 107 145184 988 171 575 408 288 288 288 0 128 128 128 0 1 1 1.0
152000 154000 2 1 132 8718 136 189029 996 352 674 455 288 288 288 0 128 128 128 0 2 1 1.0
154000 156000 1 1 81 5743 83 114419 746 746 746 0 288 288 288 0 128 128 128 0 1 1 1.0
156000 158000 1 1 81 5727 83 110925 721 721 721 0 288 288 288 0 128 128 128 0 1 1 1.0
158000 160000 1 1 76 5478 79 110301 711 711 711 0 288 288 288 0 128 128 128 0 1 1 1.0
160000 162000 1 1 81 5732 90 117863 686 686 686 0 288 288 288 0 128 128 128 0 1 1 1.0
162000 164000 2 1 130 10744 148 202452 997 605 801 276 480 480 480 0 128 128 128 0 2 2 1.0
164000 166000 2 1 100 5740 108 149421 829 393 611 308 480 480 480 0 128 128 128 0 1 1 1.0
166000 168000 1 1 120 7877 149 205281 967 967 967 0 480 480 480 0 128 128 128 0 1 1 1.0
168000 170000 1 1 107 6891 110 151978 879 879 879 0 480 480 480 0 128 128 128 0 1 1 1.0
170000 172000 1 1 103 6974 122 166614 829 829 829 0 480 480 480 0 128 128 128 0 1 1 1.0
172000 174000 2 1 128 8836 141 196919 998 608 803 276 480 480 480 0 128 128 128 0 1 1 1.0
174000 176000 3 1 125 7255 142 195506 874 118 460 383 480 480 480 0 128 128 128 0 2 2 1.0
176000 178000 3 1 110 8460 127 171450 998 78 649 498 480 480 480 0 128 128 128 0 1 1 1.0
178000 180000 3 1 117 7837 140 193187 998 64 657 515 480 480 480 0 128 128 128 0 1 1 1.0
180000 182000 3 1 114 7350 130 175553 995 44 656 530 480 480 480 0 128 128 128 0 1 1 1.0
182000 184000 2 1 91 5221 86 115324 929 100 515 585 840 840 840 0 128 128 128 0 2 2 1.0
184000 186000 3 1 228 15160 269 386931 999 93 664 496 840 840 840 0 128 128 128 0 1 1 1.0
186000 188000 3 1 176 10134 181 253565 997 80 657 502 840 840 840 0 128 128 128 0 1 1 1.0
188000 190000 3 1 189 10745 193 275548 994 74 661 510 840 840 840 0 128 128 128 0 1 1 1.0
190000 192000 2 1 152 8513 152 215669 902 617 760 201 840 840 840 0 128 128 128 0 1 1 1.0
192000 194000 3 1 171 10242 176 246678 999 380 665 312 840 840 840 0 128 128 128 0 1 1 1.0
194000 196000 3 1 235 13230 235 330812 998 381 662 312 840 840 840 0 128 128 128 0 1 1 1.0
196000 198000 3 1 171 10099 182 257705 994 186 503 431 840 840 840 0 128 128 128 0 1 1 1.0
198000 200000 3 1 127 7876 128 179216 999 127 645 458 840 840 840 0 128 128 128 0 1 1 1.0
200000 202000 3 1 220 12579 231 330756 999 112 660 479 840 840 840 0 128 128 128 0 1 1 1.0
202000 204000 3 1 185 10670 190 267744 997 98 661 490 840 840 840 0 128 128 128 0 1 1 1.0
204000 206000 3 1 205 11816 211 295900 992 73 654 505 840 840 840 0 128 128 128 0 1 1 1.0
206000 208000 2 1 176 10500 174 246970 926 816 871 77 840 840 840 0 128 128 128 0 1 1 1.0
208000 210000 2 1 144 9163 191 270210 997 187 592 572 840 840 840 0 128 128 128 0 1 1 1.0
210000 212000 3 1 241 13940 256 365485 997 181 662 427 840 840 840 0 128 128 128 0 1 1 1.0
212000 214000 2 1 154 8700 141 198715 813 778 796 24 840 840 840 0 128 128 128 0 1 1 1.0
214000 216000 2 1 162 10335 171 247741 999 607 803 277 840 840 840 0 128 128 128 0 1 1 1.0
216000 218000 3 1 185 11044 204 290206 996 388 656 310 840 840 840 0 128 128 128 0 1 1 1.0
218000 220000 3 1 160 9760 161 226126 995 387 653 311 840 840 840 0 128 128 128 0 1 1 1.0
220000 222000 3 1 202 11378 217 313156 999 387 650 315 840 840 840 0 128 128 128 0 2 2 1.0
222000 224000 2 1 158 8497 139 199621 858 435 646 298 0 0 0 0 0 0 0 0 0 0 1.0
224000 226000 2 1 195 11899 223 322028 998 614 806 271 840 840 840 0 128 128 128 0 2 2 1.0
226000 228000 3 1 169 9728 162 226533 872 118 458 382 840 840 840 0 128 128 128 0 1 1 1.0
228000 230000 3 1 151 10621 157 222877 998 74 649 501 840 840 840 0 128 128 128 0 1 1 1.0
230000 232000 3 1 236 13338 288 411545 998 72 665 514 840 840 840 0 128 128 128 0 1 1 1.0
232000 234000 2 1 113 7480 118 159894 972 872 922 70 840 840 840 0 128 128 128 0 1 1 1.0
234000 236000 3 1 225 12647 246 350199 998 26 662 551 840 840 840 0 128 128 128 0 1 1 1.0
236000 238000 3 1 185 10855 184 260351 890 35 515 436 840 840 840 0 128 128 128 0 1 1 1.0
238000 240000 3 1 172 10121 176 245964 612 373 532 137 840 840 840 0 128 128 128 0 1 1 1.0
240000 242000 3 1 241 15319 267 373118 997 383 662 311 840 840 840 0 128 128 128 0 2 2 1.0
242000 244000 3 1 92 6705 120 168826 991 189 467 454 840 840 840 0 128 128 128 0 1 1 1.0
244000 246000 3 1 217 13183 267 377880 999 157 656 441 840 840 840 0 128 128 128 0 1 1 1.0
246000 248000 3 1 132 8307 163 227364 996 133 647 454 840 840 840 0 128 128 128 0 1 1 1.0
248000 250000 3 1 225 12609 236 336280 999 131 664 466 840 840 840 0 128 128 128 0 1 1 1.0
250000 252000 3 1 167 9727 187 258680 995 125 643 458 840 840 840 0 128 128 128 0 1 1 1.0
252000 254000 3 1 181 10566 185 257074 997 113 659 477 840 840 840 0 128 128 128 0 1 1 1.0
254000 256000 3 1 171 10171 183 257837 995 112 660 479 840 840 840 0 128 128 128 0 1 1 1.0
256000 258000 3 1 175 10285 179 253890 994 80 652 498 840 840 840 0 128 128 128 0 1 1 1.0
258000 260000 2 1 206 11540 181 257433 914 845 879 48 840 840 840 0 128 128 128 0 1 1 1.0
260000 262000 2 1 156 10048 184 264909 993 612 803 269 840 840 840 0 128 128 128 0 1 1 1.0
262000 264000 3 1 173 11502 204 294474 997 383 663 310 840 840 840 0 128 128 128 0 1 1 1.0
264000 266000 3 1 174 10931 191 276042 993 388 647 312 840 840 840 0 128 128 128 0 1 1 1.0
266000 268000 3 1 176 10918 191 272585 999 438 663 295 840 840 840 0 128 128 128 0 1 1 1.0
268000 270000 3 1 206 12530 240 345420 998 445 663 293 840 840 840 0 128 128 128 0 2 2 1.0
270000 272000 2 1 155 9333 144 196130 891 448 669 313 0 0 0 0 0 0 0 0 0 0 1.0
272000 274000 2 1 196 12473 233 334978 996 612 804 271 840 840 840 0 128 128 128 0 2 2 1.0
274000 276000 3 1 163 10190 165 226496 842 114 448 367 840 840 840 0 128 128 128 0 1 1 1.0
276000 278000 3 1 168 11424 176 251758 999 75 651 502 840 840 840 0 128 128 128 0 1 1 1.0
278000 280000 3 1 232 13233 269 384245 997 68 662 516 840 840 840 0 128 128 128 0 1 1 1.0
280000 282000 2 1 112 6662 95 127821 916 114 515 566 840 840 840 0 128 128 128 0 1 1 1.0
282000 284000 3 1 230 14720 272 390283 998 110 664 483 840 840 840 0 128 128 128 0 1 1 1.0
284000 286000 3 1 172 10907 191 266214 998 98 656 487 840 840 840 0 128 128 128 0 1 1 1.0
286000 288000 3 1 174 11380 209 294411 995 59 642 508 840 840 840 0 128 128 128 0 1 1 1.0
288000 290000 2 1 172 10663 189 264396 924 616 770 218 840 840 840 0 128 128 128 0 1 1 1.0
290000 292000 3 1 176 10816 198 274973 611 378 512 120 840 840 840 0 128 128 128 0 1 1 1.0
292000 294000 3 1 181 11686 192 269371 996 388 651 312 840 840 840 0 128 128 128 0 1 1 1.0
294000 296000 3 1 237 13940 255 358851 995 429 663 295 840 840 840 0 128 128 128 0 1 1 1.0
296000 298000 3 1 149 10141 193 274614 999 165 449 476 840 840 840 0 128 128 128 0 1 1 1.0
298000 300000 3 1 186 11570 205 287969 996 118 642 463 840 840 840 0 128 128 128 0 1 1 1.0
300000 302000 1 1 29 1797 15 19193 249 249 249 0 0 0 0 0 0 0 0 0 0 0 0.0
