ts te nbins ncons c_tcp_packs c_tcp_bytes c_udp_packs c_udp_bytes s_tcp_packs s_tcp_bytes s_udp_packs s_udp_bytes max_bins_span min_bins_span avg_bins_span std_bins_span max_video_rate min_video_rate avg_video_rate std_video_rate max_audio_rate min_audio_rate avg_audio_rate std_audio_rate video_requests audio_requests
0 2000 0 0 0 0 0 0 0 0 0 0 0 0 0 0 0 0 0 0 0 0 0 0 0 0
2000 4000 0 0 0 0 0 0 0 0 0 0 0 0 0 0 0 0 0 0 0 0 0 0 0 0
4000 6000 0 0 0 0 0 0 0 0 0 0 0 0 0 0 0 0 0 0 0 0 0 0 0 0
6000 8000 0 0 0 0 0 0 0 0 0 0 0 0 0 0 0 0 0 0 0 0 0 0 0 0
8000 10000 2 1 0 0 87 10839 0 0 144 185423 992 140 566 602 288 288 288 0 128 128 128 0 2 3
10000 12000 3 1 0 0 105 8255 0 0 141 197887 938 65 614 477 288 288 288 0 128 128 128 0 2 1
12000 14000 3 1 0 0 185 12630 0 0 198 277324 999 56 661 524 288 288 288 0 128 128 128 0 2 3
14000 16000 3 1 0 0 228 14592 0 0 225 315790 993 47 660 531 288 288 288 0 128 128 128 0 3 3
16000 18000 2 1 0 0 183 11706 0 0 191 257905 947 621 784 230 288 288 288 0 128 128 128 0 2 1
18000 20000 1 1 0 0 84 5959 0 0 86 115062 680 680 680 0 288 288 288 0 128 128 128 0 1 1
20000 22000 2 1 0 0 139 10261 0 0 163 225409 994 166 580 585 480 480 480 0 128 128 128 0 2 2
22000 24000 2 1 0 0 114 8522 0 0 134 184980 900 898 899 0 480 480 480 0 128 128 128 0 1 1
24000 26000 3 1 0 0 113 7540 0 0 121 165478 999 100 653 483 480 480 480 0 128 128 128 0 1 1
26000 28000 3 1 0 0 114 7322 0 0 120 166437 961 134 651 450 480 480 480 0 128 128 128 0 1 1
28000 30000 3 1 0 0 106 8037 0 0 105 145049 958 141 649 443 480 480 480 0 128 128 128 0 1 1
30000 32000 3 1 0 0 210 12556 0 0 253 360682 994 150 660 448 840 840 840 0 128 128 128 0 3 3
32000 34000 3 1 0 0 195 11319 0 0 217 304583 988 163 657 436 840 840 840 0 128 128 128 0 1 1
34000 36000 3 1 0 0 177 10288 0 0 180 249804 989 175 658 427 840 840 840 0 128 128 128 0 1 1
36000 38000 3 1 0 0 174 10127 0 0 178 247906 989 188 657 417 840 840 840 0 128 128 128 0 1 1
38000 40000 3 1 0 0 207 11963 0 0 212 299634 967 205 652 397 840 840 840 0 128 128 128 0 1 1
40000 42000 3 1 0 0 196 11728 0 0 206 293823 999 211 663 406 840 840 840 0 128 128 128 0 1 1
42000 44000 3 1 0 0 191 11479 0 0 211 296663 994 218 661 399 840 840 840 0 128 128 128 0 1 1
44000 46000 3 1 0 0 190 11540 0 0 188 264367 999 225 663 397 840 840 840 0 128 128 128 0 1 1
46000 48000 3 1 0 0 154 9247 0 0 172 243577 997 230 663 392 840 840 840 0 128 128 128 0 1 1
48000 50000 3 1 0 0 192 11221 0 0 219 307498 992 237 661 385 840 840 840 0 128 128 128 0 1 1
50000 52000 3 1 0 0 176 10420 0 0 177 248139 998 244 662 383 840 840 840 0 128 128 128 0 1 1
52000 54000 3 1 0 0 165 9788 0 0 174 244631 993 246 659 379 840 840 840 0 128 128 128 0 1 1
54000 56000 3 1 0 0 164 9678 0 0 188 261101 994 259 661 372 840 840 840 0 128 128 128 0 1 1
56000 58000 3 1 0 0 214 12871 0 0 215 301478 994 266 582 373 840 840 840 0 128 128 128 0 1 1
58000 60000 2 1 0 0 159 10316 0 0 185 266570 997 468 732 374 840 840 840 0 128 128 128 0 1 1
60000 62000 3 1 0 0 179 10755 0 0 185 265649 998 432 651 303 840 840 840 0 128 128 128 0 1 1
62000 64000 3 1 0 0 195 11241 0 0 223 320566 998 428 653 303 840 840 840 0 128 128 128 0 1 1
64000 66000 3 1 0 0 229 12837 0 0 241 343137 995 420 662 298 840 840 840 0 128 128 128 0 1 1
66000 68000 2 1 0 0 151 8594 0 0 136 189590 838 576 707 185 840 840 840 0 128 128 128 0 1 1
68000 70000 2 1 0 0 163 10239 0 0 197 281082 992 469 730 369 840 840 840 0 128 128 128 0 1 1
70000 72000 2 1 0 0 161 9437 0 0 159 223372 946 529 738 294 840 840 840 0 128 128 128 0 1 1
72000 74000 2 1 0 0 172 11459 0 0 181 251378 997 969 983 19 840 840 840 0 128 128 128 0 1 1
74000 76000 3 1 0 0 155 9266 0 0 167 231400 996 23 655 547 840 840 840 0 128 128 128 0 1 1
76000 78000 3 1 0 0 197 11296 0 0 213 302529 999 31 655 541 840 840 840 0 128 128 128 0 1 1
78000 80000 3 1 0 0 248 14008 0 0 291 416642 998 63 662 520 840 840 840 0 128 128 128 0 2 2
80000 82000 3 1 0 0 194 11310 0 0 220 308117 983 71 658 509 840 840 840 0 128 128 128 0 1 1
82000 84000 3 1 0 0 173 10235 0 0 187 262245 896 76 582 442 840 840 840 0 128 128 128 0 1 1
84000 86000 3 1 0 0 141 8831 0 0 155 215247 997 101 651 481 840 840 840 0 128 128 128 0 1 1
86000 88000 3 1 0 0 196 11524 0 0 213 295926 999 142 658 454 840 840 840 0 128 128 128 0 1 1
88000 90000 3 1 0 0 222 12703 0 0 219 307769 978 163 657 434 840 840 840 0 128 128 128 0 1 1
90000 92000 3 1 0 0 201 11473 0 0 202 286209 997 166 663 438 840 840 840 0 128 128 128 0 1 1
92000 94000 3 1 0 0 126 7869 0 0 147 206441 987 174 659 428 840 840 840 0 128 128 128 0 1 1
94000 96000 3 1 0 0 190 10860 0 0 187 265312 998 180 661 427 840 840 840 0 128 128 128 0 1 1
96000 98000 3 1 0 0 165 10259 0 0 194 275094 999 192 660 418 840 840 840 0 128 128 128 0 1 1
98000 100000 3 1 0 0 171 10264 0 0 165 229614 997 208 662 407 840 840 840 0 128 128 128 0 1 1
100000 102000 3 1 0 0 245 13822 0 0 249 355794 999 212 662 405 840 840 840 0 128 128 128 0 1 1
102000 104000 2 1 0 0 114 7393 0 0 147 210305 894 56 475 592 840 840 840 0 128 128 128 0 1 1
104000 106000 3 1 0 0 219 12688 0 0 202 284964 997 103 634 469 840 840 840 0 128 128 128 0 1 1
106000 108000 2 1 0 0 149 9284 0 0 167 240347 998 473 735 371 840 840 840 0 128 128 128 0 1 1
108000 110000 3 1 0 0 166 10021 0 0 174 245104 999 463 663 293 840 840 840 0 128 128 128 0 1 1
110000 112000 3 1 0 0 173 10189 0 0 175 248503 997 442 655 299 840 840 840 0 128 128 128 0 1 1
112000 114000 3 1 0 0 183 10589 0 0 195 276979 998 429 651 305 840 840 840 0 128 128 128 0 1 1
114000 116000 3 1 0 0 212 12148 0 0 237 337531 998 422 663 299 840 840 840 0 128 128 128 0 2 1
116000 118000 2 1 0 0 134 7921 0 0 110 145997 610 574 592 25 0 0 0 0 128 128 128 0 0 1
118000 120000 2 1 0 0 168 10735 0 0 176 246843 995 972 983 15 840 840 840 0 128 128 128 0 1 1
120000 122000 3 1 0 0 175 11092 0 0 196 276084 998 24 663 554 840 840 840 0 128 128 128 0 1 1
122000 124000 3 1 0 0 127 6721 0 0 238 339293 975 31 637 526 840 840 840 0 128 128 128 0 1 1
124000 126000 3 1 0 0 228 14788 0 0 231 328128 998 89 661 497 840 840 840 0 128 128 128 0 2 2
126000 128000 3 1 0 0 163 9569 0 0 170 243911 997 97 663 493 840 840 840 0 0 0 0 0 1 0
128000 130000 3 1 0 0 236 13557 0 0 282 405807 995 100 661 488 840 840 840 0 128 128 128 0 2 2
130000 132000 3 1 0 0 239 14459 0 0 271 382949 995 108 659 481 840 840 840 0 128 128 128 0 1 1
132000 134000 3 1 0 0 209 12204 0 0 222 309406 973 125 651 459 840 840 840 0 128 128 128 0 1 1
134000 136000 3 1 0 0 112 7308 0 0 126 172811 998 136 662 461 840 840 840 0 128 128 128 0 1 1
136000 138000 3 1 0 0 207 11873 0 0 213 299188 997 146 665 455 840 840 840 0 128 128 128 0 1 1
138000 140000 3 1 0 0 167 10318 0 0 183 257888 996 147 662 452 840 840 840 0 128 128 128 0 1 1
140000 142000 3 1 0 0 199 12080 0 0 198 280106 995 155 663 446 840 840 840 0 128 128 128 0 1 1
142000 144000 3 1 0 0 162 9689 0 0 165 236197 999 153 661 447 840 840 840 0 128 128 128 0 1 1
144000 146000 3 1 0 0 129 7486 0 0 126 177122 983 167 597 409 840 840 840 0 128 128 128 0 1 1
146000 148000 3 1 0 0 247 13945 0 0 246 353115 998 354 661 323 840 840 840 0 128 128 128 0 1 1
148000 150000 3 1 0 0 170 9973 0 0 179 254276 994 364 661 316 840 840 840 0 128 128 128 0 1 1
150000 152000 3 1 0 0 169 9887 0 0 172 241511 998 366 661 318 840 840 840 0 128 128 128 0 1 1
152000 154000 3 1 0 0 184 10536 0 0 182 258017 998 371 663 315 840 840 840 0 128 128 128 0 1 1
154000 156000 3 1 0 0 185 10614 0 0 179 253871 994 158 503 436 840 840 840 0 128 128 128 0 1 1
156000 158000 1 1 0 0 104 6593 0 0 127 178195 896 896 896 0 840 840 840 0 128 128 128 0 1 1
158000 160000 3 1 0 0 224 12612 0 0 207 293399 995 103 613 459 840 840 840 0 128 128 128 0 1 1
160000 162000 2 1 0 0 150 9206 0 0 168 241322 994 473 734 368 840 840 840 0 128 128 128 0 1 1
162000 164000 3 1 0 0 215 12639 0 0 246 349376 997 465 663 291 840 840 840 0 128 128 128 0 1 1
164000 166000 2 1 0 0 186 10259 0 0 172 239180 977 532 754 314 840 840 840 0 128 128 128 0 1 1
166000 168000 2 1 0 0 195 12519 0 0 231 326093 995 972 983 16 840 840 840 0 128 128 128 0 2 2
168000 170000 3 1 0 0 148 8924 0 0 129 177754 983 27 657 545 0 0 0 0 0 0 0 0 0 0
170000 172000 3 1 0 0 158 9501 0 0 196 270171 993 28 649 538 840 840 840 0 128 128 128 0 1 1
172000 174000 3 1 0 0 158 9850 0 0 173 241661 998 70 662 514 840 840 840 0 128 128 128 0 1 1
174000 176000 3 1 0 0 241 13333 0 0 279 395294 999 79 663 507 840 840 840 0 128 128 128 0 2 2
176000 178000 3 1 0 0 158 9792 0 0 144 200840 996 87 662 500 0 0 0 0 0 0 0 0 0 0
178000 180000 3 1 0 0 231 13150 0 0 265 377503 999 92 664 497 840 840 840 0 128 128 128 0 2 2
180000 182000 3 1 0 0 129 8309 0 0 137 190662 896 98 479 399 840 840 840 0 128 128 128 0 1 1
182000 184000 3 1 0 0 187 11363 0 0 205 288980 997 100 652 482 840 840 840 0 128 128 128 0 1 1
184000 186000 3 1 0 0 127 8444 0 0 135 187001 961 138 646 444 840 840 840 0 128 128 128 0 1 1
186000 188000 3 1 0 0 222 13228 0 0 252 355472 993 157 659 442 840 840 840 0 128 128 128 0 1 1
188000 190000 3 1 0 0 246 14492 0 0 264 367440 992 166 661 437 840 840 840 0 128 128 128 0 1 1
190000 192000 3 1 0 0 157 9885 0 0 174 245415 996 165 661 438 840 840 840 0 128 128 128 0 1 1
192000 194000 3 1 0 0 190 11587 0 0 204 288960 998 176 663 431 840 840 840 0 128 128 128 0 1 1
194000 196000 3 1 0 0 197 11835 0 0 209 294145 999 180 664 429 840 840 840 0 128 128 128 0 1 1
196000 198000 3 1 0 0 167 10122 0 0 166 234205 984 183 654 419 840 840 840 0 128 128 128 0 1 1
198000 200000 3 1 0 0 230 13266 0 0 227 320764 998 199 635 404 840 840 840 0 128 128 128 0 1 1
200000 202000 2 1 0 0 141 9136 0 0 150 212029 993 170 581 581 840 840 840 0 128 128 128 0 1 1
202000 204000 1 1 0 0 105 7025 0 0 142 200137 894 894 894 0 840 840 840 0 128 128 128 0 1 1
204000 206000 3 1 0 0 237 14686 0 0 241 340303 999 105 638 471 840 840 840 0 128 128 128 0 1 1
206000 208000 2 1 0 0 179 11542 0 0 218 311954 994 472 733 368 840 840 840 0 128 128 128 0 1 1
208000 210000 3 1 0 0 220 13389 0 0 227 320685 992 466 661 288 840 840 840 0 128 128 128 0 1 1
210000 212000 2 1 0 0 134 8175 0 0 137 190881 847 531 689 223 840 840 840 0 128 128 128 0 1 1
212000 214000 2 1 0 0 169 10748 0 0 189 272259 994 473 734 368 840 840 840 0 128 128 128 0 1 1
214000 216000 2 1 0 0 148 8536 0 0 135 184219 760 525 642 166 840 840 840 0 128 128 128 0 1 1
216000 218000 2 1 0 0 165 10803 0 0 173 244917 997 967 982 21 840 840 840 0 128 128 128 0 1 1
218000 220000 3 1 0 0 195 12327 0 0 246 348098 997 30 662 547 840 840 840 0 128 128 128 0 2 2
220000 222000 3 1 0 0 178 10760 0 0 159 223374 997 35 662 543 0 0 0 0 0 0 0 0 0 0
222000 224000 3 1 0 0 248 14009 0 0 268 386026 999 31 658 543 840 840 840 0 128 128 128 0 2 2
224000 226000 3 1 0 0 180 10574 0 0 194 275111 897 56 615 483 840 840 840 0 128 128 128 0 1 1
226000 228000 3 1 0 0 177 10627 0 0 179 251140 997 98 651 483 840 840 840 0 128 128 128 0 1 1
228000 230000 3 1 0 0 186 11041 0 0 195 275013 958 139 648 444 840 840 840 0 128 128 128 0 1 1
230000 232000 3 1 0 0 174 10780 0 0 188 262450 999 150 664 452 840 840 840 0 128 128 128 0 1 1
232000 234000 3 1 0 0 207 12295 0 0 213 297517 987 154 656 442 840 840 840 0 128 128 128 0 1 1
234000 236000 3 1 0 0 185 11352 0 0 198 278025 993 167 662 436 840 840 840 0 128 128 128 0 1 1
236000 238000 3 1 0 0 178 10518 0 0 168 230587 990 172 659 430 840 840 840 0 128 128 128 0 1 1
238000 240000 2 1 0 0 142 9499 0 0 186 266324 968 165 567 567 840 840 840 0 128 128 128 0 1 1
240000 242000 3 1 0 0 169 10618 0 0 180 256797 994 31 655 541 840 840 840 0 128 128 128 0 1 1
242000 244000 3 1 0 0 135 9129 0 0 190 270797 932 53 631 500 840 840 840 0 128 128 128 0 1 1
244000 246000 3 1 0 0 228 13204 0 0 244 342835 998 62 661 520 840 840 840 0 128 128 128 0 1 1
246000 248000 3 1 0 0 246 14542 0 0 255 357977 997 75 664 511 840 840 840 0 128 128 128 0 1 1
248000 250000 3 1 0 0 114 7327 0 0 132 184667 897 27 324 496 840 840 840 0 128 128 128 0 1 1
250000 252000 3 1 0 0 226 13289 0 0 215 304684 997 101 642 475 840 840 840 0 128 128 128 0 1 1
252000 254000 2 1 0 0 144 9318 0 0 159 228433 999 468 734 375 840 840 840 0 128 128 128 0 1 1
254000 256000 3 1 0 0 179 11218 0 0 189 270003 998 460 662 292 840 840 840 0 128 128 128 0 1 1
256000 258000 3 1 0 0 188 11150 0 0 201 284355 992 436 653 297 840 840 840 0 128 128 128 0 1 1
258000 260000 2 1 0 0 157 9070 0 0 147 205670 940 562 751 267 840 840 840 0 128 128 128 0 1 1
260000 262000 2 1 0 0 161 10272 0 0 182 252506 996 316 656 480 840 840 840 0 128 128 128 0 1 1
262000 264000 2 1 0 0 172 12436 0 0 194 273765 993 975 984 12 840 840 840 0 128 128 128 0 1 1
264000 266000 3 1 0 0 192 11132 0 0 196 281610 999 23 651 544 840 840 840 0 128 128 128 0 1 1
266000 268000 3 1 0 0 236 13310 0 0 270 385605 997 67 663 517 840 840 840 0 128 128 128 0 2 2
268000 270000 3 1 0 0 137 8791 0 0 116 159495 950 71 640 493 0 0 0 0 0 0 0 0 0 0
270000 272000 3 1 0 0 129 8495 0 0 143 198245 952 99 649 476 840 840 840 0 128 128 128 0 1 1
272000 274000 3 1 0 0 235 13638 0 0 281 398984 996 102 663 488 840 840 840 0 128 128 128 0 2 2
274000 276000 3 1 0 0 168 10225 0 0 172 239848 988 106 650 475 840 840 840 0 128 128 128 0 1 1
276000 278000 3 1 0 0 194 12080 0 0 217 303243 954 139 646 442 840 840 840 0 128 128 128 0 1 1
278000 280000 3 1 0 0 189 11333 0 0 202 283972 999 151 657 447 840 840 840 0 128 128 128 0 1 1
280000 282000 3 1 0 0 190 12022 0 0 212 299050 999 178 659 428 840 840 840 0 128 128 128 0 1 1
282000 284000 3 1 0 0 212 13098 0 0 233 330402 995 198 662 414 840 840 840 0 128 128 128 0 1 1
284000 286000 3 1 0 0 181 11239 0 0 199 280276 995 205 663 409 840 840 840 0 128 128 128 0 1 1
286000 288000 3 1 0 0 195 11680 0 0 184 257766 999 207 663 409 840 840 840 0 128 128 128 0 1 1
288000 290000 3 1 0 0 151 9603 0 0 169 238808 997 210 661 405 840 840 840 0 128 128 128 0 1 1
290000 292000 3 1 0 0 162 10732 0 0 192 274953 998 223 660 396 840 840 840 0 128 128 128 0 1 1
292000 294000 3 1 0 0 163 10541 0 0 189 261643 997 239 663 386 840 840 840 0 128 128 128 0 1 1
294000 296000 3 1 0 0 191 11836 0 0 214 296155 992 241 660 382 840 840 840 0 128 128 128 0 1 1
296000 298000 3 1 0 0 245 14708 0 0 237 332588 996 250 661 379 840 840 840 0 128 128 128 0 1 1
298000 300000 3 1 0 0 167 10481 0 0 182 260155 994 17 456 496 840 840 840 0 128 128 128 0 1 1
300000 302000 0 0 0 0 0 0 0 0 0 0 0 0 0 0 0 0 0 0 0 0 0 0 0 0
