ts te nbins ncons c_pkts_all c_bytes_all s_pkts_all s_bytes_all max_bin min_bin avg_bin std_bin max_vid min_vid avg_vid std_vid max_aud min_aud avg_aud std_aud num_vid num_aud num_mfs
0 2000 0 0 0 0 0 0 0 0 0 0 0 0 0 0 0 0 0 0 0 0 
2000 4000 0 0 0 0 0 0 0 0 0 0 0 0 0 0 0 0 0 0 0 0 
4000 6000 0 0 0 0 0 0 0 0 0 0 0 0 0 0 0 0 0 0 0 0 
6000 8000 0 0 0 0 0 0 0 0 0 0 0 0 0 0 0 0 0 0 0 0 
8000 10000 2 1 40 8199 80 106187 583 521 552 44 288 288 288 0 128 128 128 0 2 2 0.0
10000 12000 3 1 59 6514 114 155067 997 441 648 304 288 288 288 0 128 128 128 0 1 1 1.0
12000 14000 3 1 51 3803 81 114107 978 480 653 281 288 288 288 0 128 128 128 0 1 1 1.0
14000 16000 3 1 52 4356 72 100366 994 460 639 307 0 0 0 0 0 0 0 0 0 0 1.0
16000 18000 3 1 51 4333 88 121773 990 419 647 302 288 288 288 0 128 128 128 0 1 1 1.0
18000 20000 3 1 45 3512 71 97988 981 391 648 302 288 288 288 0 128 128 128 0 1 1 1.0
20000 22000 3 1 37 3756 48 59160 963 242 591 361 288 288 288 0 128 128 128 0 1 1 1.0
22000 24000 3 1 49 3173 76 102169 875 173 600 374 0 0 0 0 0 0 0 0 0 0 1.0
24000 26000 3 1 47 4091 73 102247 999 66 621 490 288 288 288 0 128 128 128 0 1 1 1.0
26000 28000 3 1 42 3912 82 111431 983 63 654 512 288 288 288 0 128 128 128 0 1 1 1.0
28000 30000 3 1 66 5173 108 143276 995 46 653 526 288 288 288 0 128 128 128 0 1 1 1.0
30000 32000 3 1 73 6863 105 141004 998 28 652 541 288 288 288 0 128 128 128 0 2 2 1.0
32000 34000 3 1 60 4976 109 152784 981 14 651 552 288 288 288 0 128 128 128 0 1 1 1.0
34000 36000 3 1 50 4334 102 145609 998 2 654 565 288 288 288 0 128 128 128 0 1 1 1.0
36000 38000 2 1 64 5085 123 176441 993 970 982 16 288 288 288 0 128 128 128 0 1 1 1.0
38000 40000 3 1 78 7188 123 162812 997 1 660 570 288 288 288 0 128 128 128 0 2 2 1.0
40000 42000 3 1 73 5494 114 165473 996 11 644 549 288 288 288 0 128 128 128 0 1 1 1.0
42000 44000 3 1 58 4745 112 159103 995 48 652 524 288 288 288 0 128 128 128 0 1 1 1.0
44000 46000 3 1 71 5513 113 147877 994 77 633 488 288 288 288 0 128 128 128 0 1 1 1.0
46000 48000 2 1 69 6448 134 183679 997 882 940 81 288 288 288 0 128 128 128 0 2 2 1.0
48000 50000 3 1 68 5350 107 147414 960 101 639 468 288 288 288 0 128 128 128 0 1 1 1.0
50000 52000 3 1 57 4866 98 135693 874 130 611 416 288 288 288 0 128 128 128 0 1 1 1.0
52000 54000 3 1 70 5415 110 143916 993 164 652 433 288 288 288 0 128 128 128 0 1 1 1.0
54000 56000 3 1 51 4419 86 114635 974 188 641 405 288 288 288 0 128 128 128 0 1 1 1.0
56000 58000 3 1 64 6086 113 163284 995 237 646 382 288 288 288 0 128 128 128 0 2 1 1.0
58000 60000 3 1 66 5113 109 157304 995 282 649 356 288 288 288 0 128 128 128 0 1 1 1.0
60000 62000 3 1 67 5405 101 146242 998 308 654 344 288 288 288 0 128 128 128 0 1 2 1.0
62000 64000 3 1 60 5088 99 141001 986 340 652 323 288 288 288 0 128 128 128 0 1 1 1.0
64000 66000 3 1 59 4761 88 122987 995 361 659 318 288 288 288 0 128 128 128 0 1 1 1.0
66000 68000 3 1 56 4637 90 123594 998 376 649 317 288 288 288 0 128 128 128 0 1 1 1.0
68000 70000 3 1 51 4372 91 128873 980 416 652 293 288 288 288 0 128 128 128 0 1 1 1.0
70000 72000 3 1 59 5143 81 109105 999 431 654 303 288 288 288 0 128 128 128 0 1 1 1.0
72000 74000 3 1 43 3383 63 89052 992 462 655 292 288 288 288 0 128 128 128 0 1 1 1.0
74000 76000 3 1 41 3578 68 91354 977 483 656 278 0 0 0 0 0 0 0 0 0 0 1.0
76000 78000 3 1 47 4168 76 107259 986 441 644 297 288 288 288 0 128 128 128 0 1 1 1.0
78000 80000 3 1 58 4723 97 139361 999 470 646 305 288 288 288 0 128 128 128 0 1 1 1.0
80000 82000 3 1 66 5421 92 133595 987 454 654 289 288 288 288 0 128 128 128 0 1 1 1.0
82000 84000 3 1 52 4415 85 121719 973 437 648 285 288 288 288 0 128 128 128 0 1 1 1.0
84000 86000 3 1 52 4432 99 139093 990 429 655 295 288 288 288 0 128 128 128 0 2 1 1.0
86000 88000 3 1 50 4308 78 106983 999 405 650 310 0 0 0 0 128 128 128 0 0 1 1.0
88000 90000 3 1 57 4687 92 127062 987 388 652 305 288 288 288 0 128 128 128 0 1 1 1.0
90000 92000 3 1 71 5415 111 152287 998 372 656 316 288 288 288 0 128 128 128 0 2 2 1.0
92000 94000 3 1 64 4353 79 108800 622 172 337 247 288 288 288 0 128 128 128 0 1 1 1.0
94000 96000 3 1 223 15478 239 334220 995 168 661 435 288 288 288 0 128 128 128 0 3 3 1.0
96000 98000 2 1 134 9004 138 185352 828 797 812 21 288 288 288 0 128 128 128 0 1 1 1.0
98000 100000 2 1 163 11521 177 245390 906 559 732 245 480 480 480 0 128 128 128 0 3 3 1.0
100000 102000 3 1 113 7606 111 151537 997 436 646 305 480 480 480 0 128 128 128 0 1 1 1.0
102000 104000 3 1 110 7157 118 160253 984 481 651 288 480 480 480 0 128 128 128 0 1 1 1.0
104000 106000 2 1 111 7098 130 181034 558 464 511 66 480 480 480 0 128 128 128 0 1 1 1.0
106000 108000 3 1 109 7472 120 163425 991 439 645 301 480 480 480 0 128 128 128 0 1 1 1.0
108000 110000 3 1 115 7379 119 161575 943 488 642 260 480 480 480 0 128 128 128 0 1 1 1.0
110000 112000 2 1 151 9420 156 216898 822 434 628 274 480 480 480 0 128 128 128 0 1 1 1.0
112000 114000 2 1 70 4768 86 120757 560 92 326 330 480 480 480 0 128 128 128 0 1 1 1.0
114000 116000 3 1 149 10229 170 236753 999 428 658 301 480 480 480 0 128 128 128 0 1 1 1.0
116000 118000 2 1 122 8763 158 223921 820 130 475 488 840 840 840 0 128 128 128 0 2 2 1.0
118000 120000 3 1 179 11113 189 268274 997 178 656 426 840 840 840 0 128 128 128 0 1 1 1.0
120000 122000 3 1 166 10031 173 244050 998 202 663 412 840 840 840 0 128 128 128 0 1 1 1.0
122000 124000 3 1 120 7730 135 191454 718 209 419 265 840 840 840 0 128 128 128 0 1 1 1.0
124000 126000 3 1 217 12702 242 342666 999 274 661 364 840 840 840 0 128 128 128 0 1 1 1.0
126000 128000 3 1 236 13329 236 337968 999 287 662 357 840 840 840 0 128 128 128 0 1 1 1.0
128000 130000 3 1 178 10407 179 253907 997 120 480 458 840 840 840 0 128 128 128 0 1 1 1.0
130000 132000 3 1 146 9041 161 231571 995 40 452 490 840 840 840 0 128 128 128 0 1 1 1.0
132000 134000 3 1 170 10083 169 241059 998 311 663 343 840 840 840 0 128 128 128 0 1 1 1.0
134000 136000 3 1 173 10019 183 261731 996 264 648 367 840 840 840 0 128 128 128 0 1 1 1.0
136000 138000 2 1 186 10276 170 234752 885 733 809 107 840 840 840 0 128 128 128 0 1 1 1.0
138000 140000 2 1 164 10093 200 287710 993 323 658 473 840 840 840 0 128 128 128 0 1 1 1.0
140000 142000 2 1 186 10887 185 252282 990 672 831 224 840 840 840 0 128 128 128 0 1 1 1.0
142000 144000 2 1 166 11403 193 271671 996 815 906 128 840 840 840 0 128 128 128 0 1 1 1.0
144000 146000 3 1 236 13045 249 359440 993 175 653 426 840 840 840 0 128 128 128 0 2 2 1.0
146000 148000 3 1 141 9664 128 176790 814 204 525 306 0 0 0 0 0 0 0 0 0 0 1.0
148000 150000 3 1 204 13140 244 343249 999 436 661 297 840 840 840 0 128 128 128 0 4 4 1.0
150000 152000 3 1 179 10717 187 257961 988 450 648 296 840 840 840 0 128 128 128 0 1 1 1.0
152000 154000 3 1 174 10391 188 259442 991 416 633 312 840 840 840 0 128 128 128 0 1 1 1.0
154000 156000 3 1 176 10395 192 268054 902 403 629 252 840 840 840 0 128 128 128 0 1 1 1.0
156000 158000 3 1 163 9754 184 254113 992 402 662 300 840 840 840 0 128 128 128 0 1 1 1.0
158000 160000 3 1 225 13903 253 358765 997 394 662 307 840 840 840 0 128 128 128 0 1 1 1.0
160000 162000 3 1 181 10907 193 272912 999 385 661 311 840 840 840 0 128 128 128 0 1 1 1.0
162000 164000 2 1 173 10049 185 264545 823 581 702 170 840 840 840 0 128 128 128 0 1 1 1.0
164000 166000 3 1 161 9962 187 268353 998 172 654 429 840 840 840 0 128 128 128 0 1 1 1.0
166000 168000 3 1 178 10799 185 257142 991 208 661 405 840 840 840 0 128 128 128 0 1 1 1.0
168000 170000 3 1 175 10569 200 285066 999 210 662 407 840 840 840 0 128 128 128 0 1 1 1.0
170000 172000 3 1 230 13345 231 325029 998 219 664 401 840 840 840 0 128 128 128 0 1 1 1.0
172000 174000 2 1 115 7326 145 210627 825 105 465 509 840 840 840 0 128 128 128 0 1 1 1.0
174000 176000 3 1 240 13619 235 320204 999 167 662 437 840 840 840 0 128 128 128 0 1 1 1.0
176000 178000 3 1 147 10002 180 258340 998 44 454 490 840 840 840 0 128 128 128 0 1 1 1.0
178000 180000 3 1 194 11449 225 320653 997 296 656 351 840 840 840 0 128 128 128 0 1 1 1.0
180000 182000 3 1 171 9982 161 221973 967 270 646 351 840 840 840 0 128 128 128 0 1 1 1.0
182000 184000 3 1 166 9614 196 277819 998 267 662 368 840 840 840 0 128 128 128 0 1 1 1.0
184000 186000 2 1 192 11063 183 243612 964 726 845 168 840 840 840 0 128 128 128 0 1 1 1.0
186000 188000 2 1 164 10334 177 249386 997 820 908 125 840 840 840 0 128 128 128 0 1 1 1.0
188000 190000 3 1 177 10931 187 263867 999 179 662 428 840 840 840 0 128 128 128 0 1 1 1.0
190000 192000 3 1 170 10415 198 280148 999 184 658 422 840 840 840 0 128 128 128 0 1 1 1.0
192000 194000 3 1 174 10424 192 269259 997 208 661 406 840 840 840 0 128 128 128 0 1 1 1.0
194000 196000 3 1 219 12267 263 370864 996 220 662 398 840 840 840 0 128 128 128 0 2 2 1.0
196000 198000 3 1 144 8600 145 200000 803 228 530 288 0 0 0 0 0 0 0 0 0 0 1.0
198000 200000 3 1 203 12085 233 328304 998 438 661 296 840 840 840 0 128 128 128 0 2 2 1.0
200000 202000 3 1 187 11179 206 286648 987 445 648 295 840 840 840 0 128 128 128 0 1 1 1.0
202000 204000 3 1 160 9728 183 254858 994 453 645 302 840 840 840 0 128 128 128 0 1 1 1.0
204000 206000 3 1 223 13830 268 376121 998 448 663 293 840 840 840 0 128 128 128 0 1 1 1.0
206000 208000 2 1 124 7204 132 184506 558 542 550 11 840 840 840 0 128 128 128 0 1 1 1.0
208000 210000 3 1 217 13549 245 348017 998 439 663 295 840 840 840 0 128 128 128 0 1 1 1.0
210000 212000 3 1 173 10497 190 271042 999 441 662 297 840 840 840 0 128 128 128 0 1 1 1.0
212000 214000 3 1 180 10450 177 253641 996 453 662 292 840 840 840 0 128 128 128 0 1 1 1.0
214000 216000 3 1 171 9951 175 250798 995 457 661 291 840 840 840 0 128 128 128 0 1 1 1.0
216000 218000 3 1 171 10289 184 262358 996 466 663 290 840 840 840 0 128 128 128 0 1 1 1.0
218000 220000 3 1 163 9984 188 266227 999 466 661 293 840 840 840 0 128 128 128 0 1 1 1.0
220000 222000 3 1 242 13383 227 320140 993 478 658 290 840 840 840 0 128 128 128 0 1 1 1.0
222000 224000 2 1 163 9702 168 237377 998 322 660 478 840 840 840 0 128 128 128 0 1 1 1.0
224000 226000 3 1 141 9094 164 235756 996 21 445 499 840 840 840 0 128 128 128 0 1 1 1.0
226000 228000 3 1 170 10264 180 255668 996 312 663 342 840 840 840 0 128 128 128 0 1 1 1.0
228000 230000 3 1 193 11830 214 305123 998 305 662 347 840 840 840 0 128 128 128 0 1 1 1.0
230000 232000 2 1 181 10985 176 245827 929 688 809 170 840 840 840 0 128 128 128 0 1 1 1.0
232000 234000 2 1 159 10281 209 300674 996 318 657 479 840 840 840 0 128 128 128 0 1 1 1.0
234000 236000 2 1 186 11163 179 247478 909 678 794 163 840 840 840 0 128 128 128 0 1 1 1.0
236000 238000 2 1 176 11118 203 277030 996 518 757 338 840 840 840 0 128 128 128 0 1 1 1.0
238000 240000 2 1 161 10818 167 235828 999 816 907 129 840 840 840 0 128 128 128 0 1 1 1.0
240000 242000 3 1 167 10353 184 259120 999 178 655 425 840 840 840 0 128 128 128 0 1 1 1.0
242000 244000 3 1 186 10437 200 280155 995 210 548 403 840 840 840 0 128 128 128 0 1 1 1.0
244000 246000 2 1 170 11391 206 286896 998 671 834 230 840 840 840 0 128 128 128 0 1 2 1.0
246000 248000 3 1 230 13073 252 355307 994 287 634 353 840 840 840 0 128 128 128 0 2 1 1.0
248000 250000 3 1 173 10288 170 237418 611 377 515 122 840 840 840 0 128 128 128 0 1 1 1.0
250000 252000 3 1 171 10640 179 251952 999 440 647 306 840 840 840 0 128 128 128 0 1 1 1.0
252000 254000 3 1 162 10157 174 241533 997 411 634 317 840 840 840 0 128 128 128 0 1 1 1.0
254000 256000 3 1 226 14308 246 348274 996 405 662 302 840 840 840 0 128 128 128 0 1 1 1.0
256000 258000 2 1 131 7513 134 188671 588 561 575 19 840 840 840 0 128 128 128 0 1 1 1.0
258000 260000 3 1 222 13649 231 325923 998 435 664 296 840 840 840 0 128 128 128 0 1 1 1.0
260000 262000 3 1 168 10189 173 245820 992 434 658 294 840 840 840 0 128 128 128 0 1 1 1.0
262000 264000 3 1 170 11664 172 246053 994 446 660 293 840 840 840 0 128 128 128 0 2 2 1.0
264000 266000 3 1 243 13839 230 324782 998 455 652 300 840 840 840 0 128 128 128 0 1 1 1.0
266000 268000 1 1 99 6457 125 181519 823 823 823 0 840 840 840 0 128 128 128 0 1 1 1.0
268000 270000 3 1 212 12562 199 278319 998 174 664 433 840 840 840 0 128 128 128 0 1 1 1.0
270000 272000 3 1 152 9628 168 242750 996 108 474 463 840 840 840 0 128 128 128 0 1 1 1.0
272000 274000 3 1 172 10709 179 255453 995 310 661 342 840 840 840 0 128 128 128 0 1 1 1.0
274000 276000 3 1 174 10377 177 252132 997 294 657 351 840 840 840 0 128 128 128 0 1 1 1.0
276000 278000 3 1 190 11319 207 295374 995 293 656 351 840 840 840 0 128 128 128 0 1 1 1.0
278000 280000 3 1 224 13049 217 308086 996 287 662 356 840 840 840 0 128 128 128 0 1 1 1.0
280000 282000 2 1 153 9669 164 226412 844 710 777 95 840 840 840 0 128 128 128 0 1 1 1.0
282000 284000 2 1 163 11067 179 249250 998 816 907 128 840 840 840 0 128 128 128 0 1 1 1.0
284000 286000 3 1 229 13778 287 410300 996 172 657 430 840 840 840 0 128 128 128 0 2 1 1.0
286000 288000 3 1 146 8930 146 202239 857 191 536 333 0 0 0 0 128 128 128 0 0 1 1.0
288000 290000 3 1 196 11743 199 281467 994 435 661 294 840 840 840 0 128 128 128 0 2 2 1.0
290000 292000 3 1 138 8747 153 211806 980 441 640 296 0 0 0 0 0 0 0 0 0 0 1.0
292000 294000 3 1 209 12486 245 353090 996 491 661 290 840 840 840 0 128 128 128 0 1 2 1.0
294000 296000 3 1 212 12672 196 272841 999 467 657 296 840 840 840 0 128 128 128 0 2 1 1.0
296000 298000 3 1 137 9591 153 213823 993 451 658 292 840 840 840 0 128 128 128 0 1 1 1.0
298000 300000 3 1 200 12059 225 314886 999 447 663 294 840 840 840 0 128 128 128 0 1 1 1.0
300000 302000 1 1 67 3469 91 130779 550 550 550 0 0 0 0 0 0 0 0 0 0 0 0.0
