ts te nbins ncons c_pkts_all c_bytes_all s_pkts_all s_bytes_all max_bin min_bin avg_bin std_bin max_vid min_vid avg_vid std_vid max_aud min_aud avg_aud std_aud num_vid num_aud num_mfs
0 2000 0 0 0 0 0 0 0 0 0 0 0 0 0 0 0 0 0 0 0 0 
2000 4000 0 0 0 0 0 0 0 0 0 0 0 0 0 0 0 0 0 0 0 0 
4000 6000 0 0 0 0 0 0 0 0 0 0 0 0 0 0 0 0 0 0 0 0 
6000 8000 2 1 124 14249 207 258162 999 459 729 382 288 288 288 0 128 128 128 0 2 2 1.0
8000 10000 3 1 178 13310 269 368899 992 454 661 289 288 288 288 0 128 128 128 0 3 3 1.0
10000 12000 3 1 177 12629 289 393982 996 439 659 296 288 288 288 0 128 128 128 0 3 3 1.0
12000 14000 3 1 198 13733 211 291381 997 430 661 297 288 288 288 0 128 128 128 0 2 2 1.0
14000 16000 2 1 125 7328 123 168864 689 565 627 88 288 288 288 0 128 128 128 0 1 1 1.0
16000 18000 2 1 147 10964 163 229126 994 476 735 366 840 840 840 0 128 128 128 0 2 2 1.0
18000 20000 3 1 165 9591 154 217710 998 455 658 296 840 840 840 0 128 128 128 0 1 1 1.0
20000 22000 3 1 170 9950 195 278993 998 429 655 302 840 840 840 0 128 128 128 0 1 1 1.0
22000 24000 3 1 166 10099 180 257683 998 425 663 298 840 840 840 0 128 128 128 0 1 1 1.0
24000 26000 3 1 164 9904 177 251881 996 421 662 298 840 840 840 0 128 128 128 0 1 1 1.0
26000 28000 3 1 192 10869 212 305493 992 412 659 299 840 840 840 0 128 128 128 0 1 1 1.0
28000 30000 2 1 169 9226 156 220590 970 580 775 275 840 840 840 0 128 128 128 0 1 1 1.0
30000 32000 2 1 172 11972 207 295033 999 975 987 17 840 840 840 0 128 128 128 0 1 1 1.0
32000 34000 3 1 165 9638 178 253188 997 15 651 551 840 840 840 0 128 128 128 0 1 1 1.0
34000 36000 3 1 167 10099 168 240015 997 58 663 524 840 840 840 0 128 128 128 0 1 1 1.0
36000 38000 3 1 157 9327 172 244982 997 62 661 520 840 840 840 0 128 128 128 0 1 1 1.0
38000 40000 3 1 230 13076 277 395120 999 71 664 514 840 840 840 0 128 128 128 0 2 2 1.0
40000 42000 3 1 180 10878 186 261932 922 71 490 425 840 840 840 0 128 128 128 0 1 1 1.0
42000 44000 3 1 189 11816 198 275372 984 453 653 288 840 840 840 0 128 128 128 0 1 1 1.0
44000 46000 3 1 181 10540 198 281782 980 450 657 283 840 840 840 0 128 128 128 0 1 1 1.0
46000 48000 3 1 163 9570 165 229640 996 441 662 294 840 840 840 0 128 128 128 0 1 1 1.0
48000 50000 3 1 243 13394 270 379426 999 429 661 299 840 840 840 0 128 128 128 0 1 1 1.0
50000 52000 3 1 174 10645 202 286723 997 185 563 409 840 840 840 0 128 128 128 0 1 1 1.0
52000 54000 3 1 157 9640 175 243769 996 133 646 453 840 840 840 0 128 128 128 0 1 1 1.0
54000 56000 3 1 180 10486 193 270203 993 124 658 467 840 840 840 0 128 128 128 0 1 1 1.0
56000 58000 3 1 191 11037 206 288403 994 109 655 477 840 840 840 0 128 128 128 0 1 1 1.0
58000 60000 3 1 196 11474 217 305232 998 87 657 496 840 840 840 0 128 128 128 0 1 1 1.0
60000 62000 2 1 182 11189 197 271188 945 907 926 27 840 840 840 0 128 128 128 0 1 1 1.0
62000 64000 2 1 133 8878 185 263708 996 184 590 574 840 840 840 0 128 128 128 0 1 1 1.0
64000 66000 3 1 207 11750 194 276813 995 180 662 427 840 840 840 0 128 128 128 0 1 1 1.0
66000 68000 3 1 169 10240 175 247273 989 144 649 445 840 840 840 0 128 128 128 0 1 1 1.0
68000 70000 3 1 171 10131 180 257067 996 142 664 457 840 840 840 0 128 128 128 0 1 1 1.0
70000 72000 2 1 177 10399 194 268086 856 681 768 123 840 840 840 0 128 128 128 0 1 1 1.0
72000 74000 2 1 144 9716 169 243584 994 480 737 363 840 840 840 0 128 128 128 0 1 1 1.0
74000 76000 3 1 196 11314 219 312968 995 452 654 296 840 840 840 0 128 128 128 0 1 1 1.0
76000 78000 2 1 169 9564 150 212948 901 546 724 251 840 840 840 0 128 128 128 0 1 1 1.0
78000 80000 2 1 206 13236 219 309031 997 980 989 11 840 840 840 0 128 128 128 0 1 1 1.0
80000 82000 3 1 167 10218 192 275318 998 17 652 550 840 840 840 0 128 128 128 0 1 1 1.0
82000 84000 3 1 194 11469 222 314232 998 56 663 526 840 840 840 0 128 128 128 0 1 1 1.0
84000 86000 3 1 199 11470 230 319782 995 63 662 519 840 840 840 0 128 128 128 0 2 2 1.0
86000 88000 3 1 202 11635 217 305723 997 71 661 511 840 840 840 0 128 128 128 0 1 1 1.0
88000 90000 3 1 161 9297 145 200778 831 83 467 374 840 840 840 0 128 128 128 0 1 1 1.0
90000 92000 3 1 161 9999 178 245774 995 481 662 288 840 840 840 0 128 128 128 0 1 1 1.0
92000 94000 3 1 185 11087 197 276862 998 457 657 296 840 840 840 0 128 128 128 0 1 1 1.0
94000 96000 3 1 176 10556 202 282763 999 455 664 293 840 840 840 0 128 128 128 0 1 1 1.0
96000 98000 3 1 237 13497 260 362457 996 448 662 292 840 840 840 0 128 128 128 0 1 1 1.0
98000 100000 3 1 117 7855 131 180671 999 180 541 418 840 840 840 0 128 128 128 0 1 1 1.0
100000 102000 3 1 217 12284 246 348623 998 176 663 431 840 840 840 0 128 128 128 0 1 1 1.0
102000 104000 3 1 184 10851 197 275435 997 133 647 454 840 840 840 0 128 128 128 0 1 1 1.0
104000 106000 3 1 198 11245 198 281042 997 130 646 456 840 840 840 0 128 128 128 0 1 1 1.0
106000 108000 3 1 168 9763 164 230377 997 41 632 516 840 840 840 0 128 128 128 0 1 1 1.0
108000 110000 3 1 187 10685 203 283954 997 33 631 522 840 840 840 0 128 128 128 0 1 1 1.0
110000 112000 2 1 214 12346 208 295466 994 965 980 20 840 840 840 0 128 128 128 0 1 1 1.0
112000 114000 2 1 155 9437 168 233522 998 248 623 530 840 840 840 0 128 128 128 0 1 1 1.0
114000 116000 2 1 149 9512 174 248710 997 482 739 364 840 840 840 0 128 128 128 0 1 1 1.0
116000 118000 3 1 173 10518 178 251357 999 473 663 292 840 840 840 0 128 128 128 0 1 1 1.0
118000 120000 3 1 169 9741 182 260906 993 446 652 297 840 840 840 0 128 128 128 0 1 1 1.0
120000 122000 3 1 190 10749 203 288144 996 445 663 292 840 840 840 0 128 128 128 0 1 1 1.0
122000 124000 3 1 142 8900 178 253987 996 440 661 295 840 840 840 0 128 128 128 0 1 1 1.0
124000 126000 3 1 187 10719 208 298308 996 248 579 381 840 840 840 0 128 128 128 0 1 1 1.0
126000 128000 2 1 178 10117 163 231923 747 738 742 6 840 840 840 0 128 128 128 0 1 1 1.0
128000 130000 2 1 174 10775 174 249972 997 981 989 10 840 840 840 0 128 128 128 0 1 1 1.0
130000 132000 3 1 190 11458 193 271243 996 17 661 557 840 840 840 0 128 128 128 0 1 1 1.0
132000 134000 3 1 161 9333 164 232219 999 10 654 557 840 840 840 0 128 128 128 0 1 1 1.0
134000 136000 3 1 226 12510 258 368226 996 21 650 545 840 840 840 0 128 128 128 0 2 2 1.0
136000 138000 3 1 204 12126 230 325328 997 60 662 522 840 840 840 0 128 128 128 0 1 1 1.0
138000 140000 3 1 168 9837 158 219815 947 69 502 439 840 840 840 0 128 128 128 0 1 1 1.0
140000 142000 3 1 162 10345 170 236720 998 460 654 298 840 840 840 0 128 128 128 0 1 1 1.0
142000 144000 3 1 168 10213 182 248474 998 449 661 294 840 840 840 0 128 128 128 0 1 1 1.0
144000 146000 3 1 245 13392 249 350909 998 445 662 295 840 840 840 0 128 128 128 0 1 1 1.0
146000 148000 3 1 199 11331 209 292890 999 437 657 300 840 840 840 0 128 128 128 0 1 1 1.0
148000 150000 3 1 198 11425 208 289911 998 414 657 304 840 840 840 0 128 128 128 0 1 1 1.0
150000 152000 3 1 180 10514 197 277700 996 189 537 414 840 840 840 0 128 128 128 0 1 1 1.0
152000 154000 3 1 165 10127 183 253532 999 185 537 418 840 840 840 0 128 128 128 0 1 1 1.0
154000 156000 3 1 160 9860 180 252837 997 118 642 462 840 840 840 0 128 128 128 0 1 1 1.0
156000 158000 2 1 188 10870 167 233279 874 872 873 1 840 840 840 0 128 128 128 0 1 1 1.0
158000 160000 2 1 128 8470 174 244465 995 189 592 569 840 840 840 0 128 128 128 0 1 1 1.0
160000 162000 3 1 221 12544 219 308758 998 174 661 431 840 840 840 0 128 128 128 0 1 1 1.0
162000 164000 3 1 170 10986 198 281392 995 168 662 436 840 840 840 0 128 128 128 0 1 1 1.0
164000 166000 3 1 178 10606 189 268344 996 163 662 440 840 840 840 0 128 128 128 0 1 1 1.0
166000 168000 3 1 176 10391 191 272755 999 155 662 446 840 840 840 0 128 128 128 0 1 1 1.0
168000 170000 3 1 177 10498 192 272680 998 145 661 453 840 840 840 0 128 128 128 0 1 1 1.0
170000 172000 3 1 187 11523 197 282906 999 137 661 460 840 840 840 0 128 128 128 0 2 1 1.0
172000 174000 2 1 176 10336 175 246909 860 632 746 161 0 0 0 0 128 128 128 0 0 1 1.0
174000 176000 2 1 172 10924 202 287358 999 387 693 432 840 840 840 0 128 128 128 0 1 1 1.0
176000 178000 2 1 194 13666 215 307276 999 984 991 10 840 840 840 0 128 128 128 0 1 1 1.0
178000 180000 3 1 174 10415 180 254142 999 11 656 559 840 840 840 0 128 128 128 0 1 1 1.0
180000 182000 3 1 218 13324 291 413653 997 9 650 555 840 840 840 0 128 128 128 0 2 2 1.0
182000 184000 3 1 169 9942 145 199489 977 52 503 462 840 840 840 0 128 128 128 0 1 1 1.0
184000 186000 3 1 127 9075 156 217848 998 461 658 295 840 840 840 0 128 128 128 0 1 1 1.0
186000 188000 3 1 174 10878 209 282111 999 458 665 291 840 840 840 0 128 128 128 0 1 1 1.0
188000 190000 3 1 182 11206 202 283245 988 446 656 290 840 840 840 0 128 128 128 0 1 1 1.0
190000 192000 3 1 242 14494 278 396956 998 441 664 294 840 840 840 0 128 128 128 0 1 1 1.0
192000 194000 3 1 234 13445 231 315577 998 435 663 296 840 840 840 0 128 128 128 0 1 1 1.0
194000 196000 3 1 126 10903 148 203039 998 113 430 492 840 840 840 0 128 128 128 0 3 3 1.0
196000 198000 3 1 196 11618 209 294518 996 125 644 459 840 840 840 0 128 128 128 0 1 1 1.0
198000 200000 3 1 173 10440 186 260391 999 18 629 532 840 840 840 0 128 128 128 0 1 1 1.0
200000 202000 3 1 170 10449 179 250379 997 17 665 561 840 840 840 0 128 128 128 0 1 1 1.0
202000 204000 3 1 179 11239 207 289689 999 7 624 537 840 840 840 0 128 128 128 0 1 1 1.0
204000 206000 2 1 226 13860 208 292944 996 987 991 5 840 840 840 0 128 128 128 0 1 1 1.0
206000 208000 2 1 126 8644 175 243541 997 186 592 573 840 840 840 0 128 128 128 0 1 1 1.0
208000 210000 3 1 230 14057 230 317539 988 177 659 427 840 840 840 0 128 128 128 0 1 1 1.0
210000 212000 3 1 166 10277 181 257363 998 172 663 434 840 840 840 0 128 128 128 0 1 1 1.0
212000 214000 3 1 173 10761 188 266668 999 161 662 442 840 840 840 0 128 128 128 0 1 1 1.0
214000 216000 3 1 173 10626 200 284782 996 149 661 450 840 840 840 0 128 128 128 0 1 1 1.0
216000 218000 3 1 176 11333 190 269794 998 136 661 460 840 840 840 0 128 128 128 0 1 1 1.0
218000 220000 3 1 177 10540 180 257047 996 118 658 472 840 840 840 0 128 128 128 0 1 1 1.0
220000 222000 2 1 167 10068 172 243117 880 622 751 182 840 840 840 0 128 128 128 0 1 1 1.0
222000 224000 2 1 175 11656 195 271032 997 979 988 13 840 840 840 0 128 128 128 0 1 1 1.0
224000 226000 3 1 171 11165 179 254299 998 19 662 556 840 840 840 0 128 128 128 0 1 1 1.0
226000 228000 3 1 172 10796 183 259630 992 21 655 549 840 840 840 0 128 128 128 0 1 1 1.0
228000 230000 3 1 170 10282 182 254268 999 25 654 546 840 840 840 0 128 128 128 0 1 1 1.0
230000 232000 3 1 235 14136 301 429483 999 25 651 542 840 840 840 0 128 128 128 0 2 2 1.0
232000 234000 3 1 179 10130 160 219889 937 71 497 433 840 840 840 0 128 128 128 0 1 1 1.0
234000 236000 3 1 175 10405 178 249674 509 420 470 45 840 840 840 0 128 128 128 0 1 1 1.0
236000 238000 3 1 180 11431 184 257474 994 459 655 295 840 840 840 0 128 128 128 0 1 1 1.0
238000 240000 3 1 160 9677 164 230157 983 432 649 293 840 840 840 0 128 128 128 0 1 1 1.0
240000 242000 3 1 166 9979 171 240678 995 425 662 296 840 840 840 0 128 128 128 0 1 1 1.0
242000 244000 3 1 136 8189 143 203460 992 414 656 299 0 0 0 0 128 128 128 0 0 1 1.0
244000 246000 3 1 233 13531 230 329640 999 399 660 307 840 840 840 0 128 128 128 0 2 1 1.0
246000 248000 3 1 232 13148 238 332185 993 391 659 306 840 840 840 0 128 128 128 0 1 1 1.0
248000 250000 3 1 162 9966 169 235809 998 181 524 424 840 840 840 0 128 128 128 0 1 1 1.0
250000 252000 3 1 178 10617 186 260761 997 132 648 455 840 840 840 0 128 128 128 0 1 1 1.0
252000 254000 3 1 177 10739 186 259122 998 121 644 462 840 840 840 0 128 128 128 0 1 1 1.0
254000 256000 2 1 221 12528 207 291923 954 877 915 54 840 840 840 0 128 128 128 0 1 1 1.0
256000 258000 2 1 167 10254 175 245587 997 346 672 460 840 840 840 0 128 128 128 0 1 1 1.0
258000 260000 2 1 178 10563 184 258276 999 468 733 375 840 840 840 0 128 128 128 0 1 1 1.0
260000 262000 2 1 147 9761 164 236271 996 480 738 365 840 840 840 0 128 128 128 0 1 1 1.0
262000 264000 3 1 175 11101 198 283431 999 446 653 301 840 840 840 0 128 128 128 0 1 1 1.0
264000 266000 3 1 200 12350 250 354874 998 438 662 296 840 840 840 0 128 128 128 0 1 1 1.0
266000 268000 2 1 170 10518 158 220408 875 561 718 222 840 840 840 0 128 128 128 0 1 1 1.0
268000 270000 2 1 175 11127 199 286743 996 481 739 364 840 840 840 0 128 128 128 0 2 1 1.0
270000 272000 2 1 169 9751 162 229753 943 500 721 313 0 0 0 0 128 128 128 0 0 1 1.0
272000 274000 2 1 173 11447 188 262030 997 982 989 10 840 840 840 0 128 128 128 0 1 1 1.0
274000 276000 3 1 233 14544 284 407549 999 17 665 560 840 840 840 0 128 128 128 0 2 2 1.0
276000 278000 2 1 125 7077 102 141352 990 18 504 686 0 0 0 0 0 0 0 0 0 0 1.0
278000 280000 2 1 224 14662 276 393674 998 977 987 15 840 840 840 0 128 128 128 0 2 2 1.0
280000 282000 3 1 179 10447 187 253685 980 21 495 479 840 840 840 0 128 128 128 0 1 1 1.0
282000 284000 3 1 178 11482 192 268122 998 463 657 296 840 840 840 0 128 128 128 0 1 1 1.0
284000 286000 3 1 172 10434 189 260128 981 459 657 282 840 840 840 0 128 128 128 0 1 1 1.0
286000 288000 3 1 172 10728 191 265829 981 442 653 288 840 840 840 0 128 128 128 0 1 1 1.0
288000 290000 3 1 186 11984 212 294379 999 441 664 295 840 840 840 0 128 128 128 0 1 1 1.0
290000 292000 3 1 255 15317 286 396046 993 438 660 293 840 840 840 0 128 128 128 0 1 1 1.0
292000 294000 3 1 171 10895 211 297187 992 181 540 413 840 840 840 0 128 128 128 0 1 1 1.0
294000 296000 3 1 184 11081 184 255476 999 136 649 453 840 840 840 0 128 128 128 0 1 1 1.0
296000 298000 3 1 162 11014 172 241438 997 120 642 461 840 840 840 0 128 128 128 0 1 1 1.0
298000 300000 3 1 187 15271 202 280259 996 104 655 481 840 840 840 0 128 128 128 0 1 1 1.0
