ts te nbins ncons c_pkts_all c_bytes_all s_pkts_all s_bytes_all max_bin min_bin avg_bin std_bin max_vid min_vid avg_vid std_vid max_aud min_aud avg_aud std_aud num_vid num_aud num_mfs
0 10000 9 9 90 50223 98 39784 968 27 306 317 288 288 288 0 128 128 128 0 6 6 2.0
10000 20000 17 8 249 172664 304 195519 994 2 494 388 840 288 533 290 128 128 128 0 9 9 5.0
20000 30000 2 1 50 55136 34 1046 466 244 355 156 840 840 840 0 128 128 128 0 5 5 5.0
30000 40000 2 2 15 9191 18 9320 97 69 83 19 840 840 840 0 128 128 128 0 4 4 5.0
40000 50000 0 0 0 0 0 0 0 0 0 0 0 0 0 0 0 0 0 0 0 0 
50000 60000 1 1 1 48 1 48 32 32 32 0 840 840 840 0 128 128 128 0 4 4 5.0
60000 70000 9 6 84 50428 104 48802 997 115 555 341 840 840 840 0 128 128 128 0 5 5 5.0
70000 80000 0 0 0 0 0 0 0 0 0 0 0 0 0 0 0 0 0 0 0 0 
80000 90000 1 1 7 4092 6 282 673 673 673 0 840 840 840 0 128 128 128 0 5 5 5.0
90000 100000 2 2 16 9225 19 10570 108 88 98 13 840 840 840 0 128 128 128 0 6 6 5.0
100000 110000 0 0 0 0 0 0 0 0 0 0 0 0 0 0 0 0 0 0 0 0 
110000 120000 0 0 0 0 0 0 0 0 0 0 0 0 0 0 0 0 0 0 0 0 
120000 130000 0 0 0 0 0 0 0 0 0 0 0 0 0 0 0 0 0 0 0 0 
130000 140000 0 0 0 0 0 0 0 0 0 0 0 0 0 0 0 0 0 0 0 0 
140000 150000 0 0 0 0 0 0 0 0 0 0 0 0 0 0 0 0 0 0 0 0 
150000 160000 2 2 21 13154 28 17548 950 636 793 222 840 840 840 0 128 128 128 0 5 5 5.0
160000 170000 0 0 0 0 0 0 0 0 0 0 0 0 0 0 0 0 0 0 0 0 
170000 180000 0 0 0 0 0 0 0 0 0 0 0 0 0 0 0 0 0 0 0 0 
180000 190000 0 0 0 0 0 0 0 0 0 0 0 0 0 0 0 0 0 0 0 0 
190000 200000 0 0 0 0 0 0 0 0 0 0 0 0 0 0 0 0 0 0 0 0 
200000 210000 0 0 0 0 0 0 0 0 0 0 0 0 0 0 0 0 0 0 0 0 
210000 220000 0 0 0 0 0 0 0 0 0 0 0 0 0 0 0 0 0 0 0 0 
220000 230000 0 0 0 0 0 0 0 0 0 0 0 0 0 0 0 0 0 0 0 0 
230000 240000 0 0 0 0 0 0 0 0 0 0 0 0 0 0 0 0 0 0 0 0 
240000 250000 2 1 29 27352 23 5364 802 215 508 415 840 840 840 0 128 128 128 0 5 5 5.0
250000 260000 0 0 0 0 0 0 0 0 0 0 0 0 0 0 0 0 0 0 0 0 
260000 270000 0 0 0 0 0 0 0 0 0 0 0 0 0 0 0 0 0 0 0 0 
270000 280000 1 1 5 4854 4 166 117 117 117 0 840 840 840 0 128 128 128 0 6 6 5.0
280000 290000 1 1 4 2591 3 149 99 99 99 0 840 840 840 0 128 128 128 0 6 6 5.0
290000 300000 0 0 0 0 0 0 0 0 0 0 0 0 0 0 0 0 0 0 0 0 
300000 310000 0 0 0 0 0 0 0 0 0 0 0 0 0 0 0 0 0 0 0 0 
