ts te nbins ncons c_tcp_packs c_tcp_bytes c_udp_packs c_udp_bytes s_tcp_packs s_tcp_bytes s_udp_packs s_udp_bytes max_bins_span min_bins_span avg_bins_span std_bins_span max_video_rate min_video_rate avg_video_rate std_video_rate max_audio_rate min_audio_rate avg_audio_rate std_audio_rate video_requests audio_requests
0 10000 62 38 735 84879 29 15626 1332 1719565 40 17588 999 0 496 350 0 0 0 0 0 0 0 0 0 0
10000 20000 105 25 1034 51389 236 92916 2625 3541475 409 309562 999 0 719 320 288 288 288 0 128 128 128 0 3 4
20000 30000 34 10 1036 18306 170 176439 1785 2577202 138 9068 999 0 683 357 288 288 288 0 128 128 128 0 2 2
30000 40000 35 18 645 148944 28 16107 920 1459344 31 16407 999 0 520 419 288 288 288 0 128 128 128 0 5 5
40000 50000 53 36 632 34665 15 7282 861 1353795 12 484 999 0 378 411 288 288 288 0 128 128 128 0 5 5
50000 60000 24 12 585 17248 11 5777 767 1284921 12 578 999 18 606 431 288 288 288 0 128 128 128 0 6 6
60000 70000 58 33 705 124340 7 4364 1023 1386071 8 369 999 0 514 379 288 288 288 0 128 128 128 0 5 5
70000 80000 23 11 605 19159 8 4352 792 1296629 6 294 999 0 644 366 288 288 288 0 128 128 128 0 7 7
80000 90000 26 15 406 26551 9 4124 500 841493 10 382 999 0 524 373 288 288 288 0 128 128 128 0 7 7
90000 100000 30 28 45 20763 23 12366 62 5328 23 9520 623 4 138 180 480 288 425 93 128 128 128 0 7 6
100000 110000 9 9 19 14105 5 3194 28 939 4 169 357 0 165 160 480 480 480 0 128 128 128 0 6 6
110000 120000 19 19 28 11481 6 2369 50 1194 6 290 830 0 225 248 840 840 840 0 128 128 128 0 6 6
120000 130000 21 14 185 148783 0 0 288 206796 0 0 997 0 470 387 840 840 840 0 128 128 128 0 5 5
130000 140000 12 11 41 29252 6 6150 66 13092 6 218 784 0 248 262 840 840 840 0 128 128 128 0 5 5
140000 150000 3 3 11 10313 0 0 18 921 0 0 306 17 207 164 840 840 840 0 128 128 128 0 5 5
150000 160000 5 5 9 11016 7 4150 19 904 4 173 925 270 461 267 840 840 840 0 128 128 128 0 6 6
160000 170000 11 10 24 17204 8 4218 39 1839 9 441 824 0 356 294 840 840 840 0 128 128 128 0 5 5
170000 180000 5 5 12 12602 0 0 18 844 0 0 488 17 186 231 840 840 840 0 128 128 128 0 5 5
180000 190000 9 7 57 120400 9 5297 112 1427 8 340 961 17 301 265 840 840 840 0 128 128 128 0 5 5
190000 200000 10 9 32 22196 8 4277 52 10864 6 296 572 0 310 185 840 840 840 0 128 128 128 0 5 5
200000 210000 6 5 20 15539 9 4360 31 1508 9 393 732 82 505 255 840 840 840 0 128 128 128 0 7 7
210000 220000 8 7 15 14046 8 4186 24 894 6 296 478 18 272 191 840 840 840 0 128 128 128 0 5 5
220000 230000 6 6 12 11404 5 2688 22 918 3 148 560 267 369 120 840 840 840 0 128 128 128 0 5 5
230000 240000 7 6 11 11496 6 2847 19 845 5 198 805 0 244 327 840 840 840 0 128 128 128 0 5 5
240000 250000 23 16 193 143828 4 2216 308 212687 4 175 997 0 333 327 840 840 840 0 128 128 128 0 6 6
250000 260000 10 9 43 29215 11 7488 66 11809 8 350 828 105 424 244 840 840 840 0 128 128 128 0 5 5
260000 270000 4 4 11 11318 4 2271 21 944 3 148 485 287 373 82 840 840 840 0 128 128 128 0 5 5
270000 280000 5 5 10 10945 7 3168 19 1304 6 292 607 168 388 184 840 840 840 0 128 128 128 0 5 5
280000 290000 7 7 17 15801 0 0 33 1438 0 0 633 17 350 216 840 840 840 0 128 128 128 0 5 5
290000 300000 6 6 14 10711 5 3774 20 864 3 153 648 16 180 255 840 840 840 0 128 128 128 0 6 6
