ts te nbins ncons c_pkts_all c_bytes_all s_pkts_all s_bytes_all max_bin min_bin avg_bin std_bin max_vid min_vid avg_vid std_vid max_aud min_aud avg_aud std_aud num_vid num_aud num_mfs
0 10000 7 7 80 44715 106 45290 997 104 673 291 0 0 0 0 0 0 0 0 0 0 1.0
10000 20000 16 8 153 35287 268 228362 984 0 501 374 288 288 288 0 128 128 128 0 5 6 4.0
20000 30000 5 4 12 6405 14 4424 646 35 264 227 288 288 288 0 128 128 128 0 4 4 5.0
30000 40000 3 3 25 11758 26 13819 703 503 636 115 288 288 288 0 128 128 128 0 3 3 5.0
40000 50000 1 1 4 1479 4 141 318 318 318 0 288 288 288 0 128 128 128 0 6 6 5.0
50000 60000 0 0 0 0 0 0 0 0 0 0 0 0 0 0 0 0 0 0 0 0 
60000 70000 0 0 0 0 0 0 0 0 0 0 0 0 0 0 0 0 0 0 0 0 
70000 80000 0 0 0 0 0 0 0 0 0 0 0 0 0 0 0 0 0 0 0 0 
80000 90000 0 0 0 0 0 0 0 0 0 0 0 0 0 0 0 0 0 0 0 0 
90000 100000 2 2 16 8005 16 8014 401 400 400 1 288 288 288 0 128 128 128 0 6 6 5.0
100000 110000 0 0 0 0 0 0 0 0 0 0 0 0 0 0 0 0 0 0 0 0 
110000 120000 0 0 0 0 0 0 0 0 0 0 0 0 0 0 0 0 0 0 0 0 
120000 130000 5 3 34 18543 45 22950 986 0 554 488 288 288 288 0 128 128 128 0 5 5 5.0
130000 140000 1 1 13 4780 14 4827 593 593 593 0 288 288 288 0 128 128 128 0 7 6 5.0
140000 150000 2 2 2 1324 2 1677 119 105 112 9 288 288 288 0 128 128 128 0 4 5 5.0
150000 160000 5 2 19 9447 29 16122 950 20 590 373 288 288 288 0 128 128 128 0 6 5 5.0
160000 170000 0 0 0 0 0 0 0 0 0 0 0 0 0 0 0 0 0 0 0 0 
170000 180000 0 0 0 0 0 0 0 0 0 0 0 0 0 0 0 0 0 0 0 0 
180000 190000 0 0 0 0 0 0 0 0 0 0 0 0 0 0 0 0 0 0 0 0 
190000 200000 0 0 0 0 0 0 0 0 0 0 0 0 0 0 0 0 0 0 0 0 
200000 210000 2 2 4 2016 5 2977 31 25 28 4 480 288 416 99 128 128 128 0 6 6 5.0
210000 220000 2 2 7 3414 10 5042 69 35 52 24 480 480 480 0 128 128 128 0 5 5 5.0
220000 230000 0 0 0 0 0 0 0 0 0 0 0 0 0 0 0 0 0 0 0 0 
230000 240000 0 0 0 0 0 0 0 0 0 0 0 0 0 0 0 0 0 0 0 0 
240000 250000 4 4 48 22154 54 19906 659 223 424 232 840 840 840 0 128 128 128 0 5 5 5.0
250000 260000 0 0 0 0 0 0 0 0 0 0 0 0 0 0 0 0 0 0 0 0 
260000 270000 2 2 0 574 0 574 18 11 15 4 840 840 840 0 128 128 128 0 5 5 5.0
270000 280000 2 2 17 9937 17 9945 277 250 263 19 840 840 840 0 128 128 128 0 5 5 5.0
280000 290000 0 0 0 0 0 0 0 0 0 0 0 0 0 0 0 0 0 0 0 0 
290000 300000 0 0 0 0 0 0 0 0 0 0 0 0 0 0 0 0 0 0 0 0 
300000 310000 0 0 0 0 0 0 0 0 0 0 0 0 0 0 0 0 0 0 0 0 
