ts te nbins ncons c_tcp_packs c_tcp_bytes c_udp_packs c_udp_bytes s_tcp_packs s_tcp_bytes s_udp_packs s_udp_bytes max_bins_span min_bins_span avg_bins_span std_bins_span max_video_rate min_video_rate avg_video_rate std_video_rate max_audio_rate min_audio_rate avg_audio_rate std_audio_rate video_requests audio_requests
0 10000 36 9 1033 9226 0 0 1415 1955671 0 0 999 5 813 272 0 0 0 0 0 0 0 0 0 0
10000 20000 71 31 1229 53872 0 0 1645 1998452 0 0 999 17 697 299 0 0 0 0 0 0 0 0 0 0
20000 30000 116 37 1177 97380 13 5821 1753 2120163 18 13998 999 0 559 388 288 288 288 0 128 128 128 0 4 3
30000 40000 72 21 958 204874 19 11809 1337 1546030 23 13665 998 0 596 411 288 288 288 0 128 128 128 0 5 6
40000 50000 98 34 995 44793 75 9170 1359 1697311 127 126327 999 0 590 367 288 288 288 0 128 128 128 0 5 5
50000 60000 85 27 870 40627 48 27850 1115 1425699 61 30604 999 0 637 357 288 288 288 0 128 128 128 0 6 5
60000 70000 67 35 814 61836 16 11965 1068 1290662 18 6546 998 0 481 392 288 288 288 0 128 128 128 0 6 7
70000 80000 63 27 923 42686 36 14320 1169 1471158 43 18733 999 0 572 389 288 288 288 0 128 128 128 0 4 3
80000 90000 56 18 919 241815 0 0 1208 1306865 0 0 999 0 589 368 288 288 288 0 128 128 128 0 6 6
90000 100000 59 22 695 59497 24 9225 930 1117695 29 11541 999 19 661 328 288 288 288 0 128 128 128 0 8 7
100000 110000 40 20 496 40125 22 11451 706 902943 25 11035 999 0 499 409 288 288 288 0 128 128 128 0 5 7
110000 120000 39 29 90 27792 0 0 93 23473 0 0 965 14 267 368 480 288 342 93 128 128 128 0 7 6
120000 130000 21 11 59 24666 0 0 63 21196 0 0 941 13 456 424 480 480 480 0 128 128 128 0 6 6
130000 140000 25 13 70 28380 0 0 77 27461 0 0 961 0 418 404 840 480 685 192 128 128 128 0 7 6
140000 150000 32 18 292 179510 37 17174 420 294375 46 19023 977 16 486 325 840 840 840 0 128 128 128 0 5 5
150000 160000 38 24 443 39819 16 8009 599 750112 16 8026 998 2 429 404 840 288 619 302 128 128 128 0 5 5
160000 170000 33 16 671 26305 0 0 994 1297645 0 0 999 14 481 433 288 288 288 0 128 128 128 0 6 5
170000 180000 23 7 708 19143 12 4930 1120 1511385 14 8035 997 16 659 371 288 288 288 0 128 128 128 0 2 3
180000 190000 33 15 678 29755 14 9680 933 1212440 17 7543 999 16 580 424 288 288 288 0 128 128 128 0 6 6
190000 200000 25 8 542 27512 0 0 874 1143157 0 0 998 15 678 388 288 288 288 0 128 128 128 0 6 6
200000 210000 42 23 753 141379 0 0 1112 1305685 0 0 999 0 439 427 288 288 288 0 128 128 128 0 6 6
210000 220000 31 15 672 25583 24 14475 1113 1472744 29 18545 999 6 539 409 288 288 288 0 128 128 128 0 4 4
220000 230000 25 11 749 19453 0 0 1140 1516753 0 0 999 16 632 399 288 288 288 0 128 128 128 0 3 3
230000 240000 25 12 341 40054 0 0 449 509955 0 0 996 16 469 393 1500 288 742 627 128 128 128 0 8 7
240000 250000 21 14 73 39026 12 5130 76 9425 14 7525 960 16 317 365 1500 480 771 497 128 128 128 0 7 7
250000 260000 31 22 78 27917 0 0 91 24754 0 0 966 15 247 352 840 480 768 160 128 128 128 0 5 5
260000 270000 33 23 234 166254 47 27583 344 184324 57 24313 984 15 341 292 840 840 840 0 128 128 128 0 6 6
270000 280000 20 13 63 32727 16 8011 71 12015 16 8028 987 16 397 401 840 840 840 0 128 128 128 0 5 5
280000 290000 12 4 35 21995 0 0 37 4942 0 0 959 17 409 383 840 840 840 0 128 128 128 0 5 5
290000 300000 18 10 47 22637 0 0 51 5975 0 0 969 14 430 437 840 840 840 0 128 128 128 0 5 5
300000 310000 0 0 0 0 0 0 0 0 0 0 0 0 0 0 0 0 0 0 0 0 0 0 0 0
