ts te nbins ncons c_pkts_all c_bytes_all s_pkts_all s_bytes_all max_bin min_bin avg_bin std_bin max_vid min_vid avg_vid std_vid max_aud min_aud avg_aud std_aud num_vid num_aud num_mfs
0 10000 11 10 237 78410 407 379676 998 141 436 270 288 288 288 0 128 128 128 0 7 7 2.0
10000 20000 12 6 241 160794 315 213329 998 48 506 312 840 288 564 295 128 128 128 0 8 8 5.0
20000 30000 2 1 58 66233 42 1192 417 365 391 36 840 840 840 0 128 128 128 0 5 5 5.0
30000 40000 4 2 20 13062 28 17451 832 15 447 443 840 840 840 0 128 128 128 0 5 5 5.0
40000 50000 0 0 0 0 0 0 0 0 0 0 0 0 0 0 0 0 0 0 0 0 
50000 60000 0 0 0 0 0 0 0 0 0 0 0 0 0 0 0 0 0 0 0 0 
60000 70000 0 0 0 0 0 0 0 0 0 0 0 0 0 0 0 0 0 0 0 0 
70000 80000 1 1 1 48 1 48 34 34 34 0 840 840 840 0 128 128 128 0 5 5 5.0
80000 90000 0 0 0 0 0 0 0 0 0 0 0 0 0 0 0 0 0 0 0 0 
90000 100000 2 2 17 9303 21 12081 524 331 428 136 840 840 840 0 128 128 128 0 6 6 5.0
100000 110000 1 1 1 48 1 48 34 34 34 0 840 840 840 0 128 128 128 0 5 5 5.0
110000 120000 0 0 0 0 0 0 0 0 0 0 0 0 0 0 0 0 0 0 0 0 
120000 130000 0 0 0 0 0 0 0 0 0 0 0 0 0 0 0 0 0 0 0 0 
130000 140000 0 0 0 0 0 0 0 0 0 0 0 0 0 0 0 0 0 0 0 0 
140000 150000 0 0 0 0 0 0 0 0 0 0 0 0 0 0 0 0 0 0 0 0 
150000 160000 0 0 0 0 0 0 0 0 0 0 0 0 0 0 0 0 0 0 0 0 
160000 170000 0 0 0 0 0 0 0 0 0 0 0 0 0 0 0 0 0 0 0 0 
170000 180000 1 1 1 48 1 48 26 26 26 0 840 840 840 0 128 128 128 0 5 5 5.0
180000 190000 0 0 0 0 0 0 0 0 0 0 0 0 0 0 0 0 0 0 0 0 
190000 200000 0 0 0 0 0 0 0 0 0 0 0 0 0 0 0 0 0 0 0 0 
200000 210000 1 1 1 48 1 48 26 26 26 0 840 840 840 0 128 128 128 0 5 5 5.0
210000 220000 1 1 1 48 1 48 27 27 27 0 840 840 840 0 128 128 128 0 5 5 5.0
220000 230000 1 1 25 25603 17 3636 547 547 547 0 840 840 840 0 128 128 128 0 5 5 5.0
230000 240000 1 1 3 2439 3 143 292 292 292 0 840 840 840 0 128 128 128 0 5 5 5.0
240000 250000 0 0 0 0 0 0 0 0 0 0 0 0 0 0 0 0 0 0 0 0 
250000 260000 1 1 1 48 1 48 23 23 23 0 840 840 840 0 128 128 128 0 5 5 5.0
260000 270000 0 0 0 0 0 0 0 0 0 0 0 0 0 0 0 0 0 0 0 0 
270000 280000 1 1 14 10939 13 3720 989 989 989 0 840 840 840 0 128 128 128 0 5 5 5.0
280000 290000 0 0 0 0 0 0 0 0 0 0 0 0 0 0 0 0 0 0 0 0 
290000 300000 0 0 0 0 0 0 0 0 0 0 0 0 0 0 0 0 0 0 0 0 
300000 310000 0 0 0 0 0 0 0 0 0 0 0 0 0 0 0 0 0 0 0 0 
