ts te nbins ncons c_pkts_all c_bytes_all s_pkts_all s_bytes_all max_bin_duration min_bin_duration avg_bin_duration std_bin_duration max_video_rate min_video_rate avg_video_rate std_video_rate max_audio_rate min_audio_rate avg_audio_rate std_audio_rate video_reqs audio_reqs media_reqs
0.0 2000.0 0 0 0.0 0.0 0.0 0.0 0.0 0.0 0.0 0.0 0.0 0.0 0.0 0.0 0.0 0.0 0.0 0.0 0 0 
2000.0 4000.0 0 0 0.0 0.0 0.0 0.0 0.0 0.0 0.0 0.0 0.0 0.0 0.0 0.0 0.0 0.0 0.0 0.0 0 0 
4000.0 6000.0 1 1 29.463179894222712 3010.5545734939774 74.00054485060588 105164.53819348985 171.256103515625 171.256103515625 171.256103515625 0.0 0.0 0.0 0.0 0.0 0.0 0.0 0.0 0.0 0 0 1.0
6000.0 8000.0 3 1 306.21443122866935 27025.053821672704 774.1208546971378 1080864.086894855 997.2579999999725 166.743896484375 664.167930989565 438.96771885414245 2300.0 480.0 935.0 842.4962907930218 128.0 128.0 128.0 0.0 8 8 0.0
8000.0 10000.0 3 1 314.8869519472365 22335.45201222251 820.2346671274502 1161844.3837240366 995.7139999999781 140.294921875 632.2076751302035 441.9294151140808 4400.0 480.0 2440.0 2263.213055223333 128.0 128.0 128.0 0.0 4 5 1.0
10000.0 12000.0 3 1 358.42130738564697 19604.117886701664 951.6451501894561 1375223.7571095494 999.6199999999953 139.4580078125 665.2726953124899 460.93869680445255 4400.0 4400.0 4400.0 0.0 128.0 128.0 128.0 0.0 1 1 1.0
12000.0 14000.0 3 1 330.8564687790547 17229.88738482827 911.5564658936764 1318251.9999036763 995.1790000000037 135.51611328125 663.4403684895757 462.1922423729168 4400.0 4400.0 4400.0 0.0 128.0 128.0 128.0 0.0 1 1 1.0
14000.0 16000.0 3 1 342.231053493594 17752.02839113016 940.4660680457824 1359839.477146172 997.6699999999837 132.876953125 664.6402799479353 465.39020007511283 4400.0 4400.0 4400.0 0.0 128.0 128.0 128.0 0.0 1 1 1.0
16000.0 18000.0 2 1 298.9266072715757 15539.905929950706 802.9762491958913 1157394.7570282212 886.460000000021 866.6760468750144 876.5680234375177 13.989367413368898 4400.0 4400.0 4400.0 0.0 128.0 128.0 128.0 0.0 1 1 1.0
18000.0 20000.0 2 1 322.90345850342385 18750.51742962032 870.0066092111063 1256456.5965745263 997.9430000000284 917.48193359375 957.7124667968892 56.89456567738058 8000.0 8000.0 8000.0 0.0 128.0 128.0 128.0 0.0 2 2 1.0
20000.0 22000.0 3 1 361.33262222943404 18591.07392428956 1018.3558207208864 1478652.651686727 998.9699999999721 80.8820664062514 665.3326874999912 507.8403787396273 8000.0 8000.0 8000.0 0.0 128.0 128.0 128.0 0.0 1 1 1.0
22000.0 24000.0 3 1 338.08767327706414 18696.95030414303 893.4255283316195 1292635.2520864247 999.9980000000214 82.86100390623324 665.0756412760433 506.1128043325619 4400.0 4400.0 4400.0 0.0 0.0 0.0 0.0 0.0 2 0 1.0
24000.0 26000.0 3 1 335.008649696808 17343.62061690983 950.0375996892396 1378724.159470043 999.6809999999823 79.08008007809985 658.900014973944 504.70905292693016 4400.0 4400.0 4400.0 0.0 128.0 128.0 128.0 0.0 1 3 1.0
26000.0 28000.0 3 1 359.4851980868684 18524.27389805617 985.7310785034249 1425350.9935672947 998.2449999999953 100.17403515626211 662.7190240885442 490.189849628236 4400.0 4400.0 4400.0 0.0 128.0 128.0 128.0 0.0 1 1 1.0
28000.0 30000.0 3 1 369.2471974826336 19012.818298418577 1006.1613491325239 1457464.2155957434 993.0270000000019 105.86196289060172 662.7234042968679 485.0379303256231 4400.0 4400.0 4400.0 0.0 128.0 128.0 128.0 0.0 1 1 1.0
30000.0 32000.0 3 1 386.7234821679376 20235.519302636443 992.9080976441562 1432838.0103568588 995.9020000000019 108.83175000001211 663.1219433593797 483.2426539644747 4400.0 4400.0 4400.0 0.0 128.0 128.0 128.0 0.0 1 1 1.0
32000.0 34000.0 3 1 305.75975652535976 17072.327759310596 872.681096905994 1256181.5368074751 999.4440000000177 109.16491992189549 663.8347278645961 483.87999428299986 4400.0 4400.0 4400.0 0.0 128.0 128.0 128.0 0.0 2 2 1.0
34000.0 36000.0 3 1 286.48577551623634 14202.029492700305 713.5086569585725 1033090.0400129985 997.0449999999837 115.61273632809753 662.657884765591 477.6487079170158 0.0 0.0 0.0 0.0 0.0 0.0 0.0 0.0 0 0 1.0
36000.0 38000.0 3 1 397.7491613455063 23354.518193972617 975.50480364224 1406380.6922696296 994.1940000000177 80.19608203117969 648.2426575520658 495.82534014321357 4400.0 4400.0 4400.0 0.0 128.0 128.0 128.0 0.0 2 2 1.0
38000.0 40000.0 3 1 352.8913354746206 18786.18793751835 907.0849704345978 1310101.217237085 992.6639999999898 129.4791093749809 662.1740052083236 465.76512895963214 4400.0 4400.0 4400.0 0.0 128.0 128.0 128.0 0.0 1 1 1.0
40000.0 42000.0 3 1 354.3446344831498 18884.347394057208 986.6353972287293 1427076.8875860383 979.314000000013 135.2580937499879 652.2071367187503 452.921221748621 4400.0 4400.0 4400.0 0.0 128.0 128.0 128.0 0.0 1 1 1.0
42000.0 44000.0 3 1 364.112912169162 20013.103476346645 965.1774505099797 1399287.949090934 999.5999999999767 154.53368359367596 664.1798964843425 448.66504507494125 4400.0 4400.0 4400.0 0.0 128.0 128.0 128.0 0.0 1 1 1.0
44000.0 46000.0 3 1 350.4028382389355 19526.372063832998 908.5877250685144 1314255.3767994829 999.5449999999837 161.0269941406441 664.5406809895843 443.930925735738 4400.0 4400.0 4400.0 0.0 128.0 128.0 128.0 0.0 1 1 1.0
46000.0 48000.0 3 1 291.8805053780068 16412.606536278712 757.2241195147049 1086020.6043174916 999.804999999993 163.5649511719239 664.665634765639 442.1331521269082 4400.0 4400.0 4400.0 0.0 128.0 128.0 128.0 0.0 1 1 1.0
48000.0 50000.0 1 1 16.584799424853255 927.733371908628 41.96969650371028 59718.816541247106 169.2040468750056 169.2040468750056 169.2040468750056 0.0 0.0 0.0 0.0 0.0 0.0 0.0 0.0 0.0 0 0 1.0
50000.0 52000.0 2 1 328.455008293786 19846.856366768185 887.7121523618756 1282513.0832508244 999.0920000000042 918.843994140625 958.9679970703146 56.743909119864824 4400.0 4400.0 4400.0 0.0 128.0 128.0 128.0 0.0 2 2 1.0
52000.0 54000.0 3 1 360.13651912510363 19401.782893683318 991.0405804590494 1437255.0017720503 998.8400000000838 80.91600585938431 665.0759765625311 507.6117734647999 4400.0 4400.0 4400.0 0.0 128.0 128.0 128.0 0.0 1 1 1.0
54000.0 56000.0 3 1 371.4573562170537 20150.32989376592 981.3397205559087 1418723.9001092848 998.9749999999767 84.16907617187826 665.8210559895766 505.500667574049 4400.0 4400.0 4400.0 0.0 128.0 128.0 128.0 0.0 1 1 1.0
56000.0 58000.0 3 1 335.9993581507921 18030.962930132933 932.8464829689647 1351954.3504419397 999.1520000000019 83.7949082031264 665.2519967447734 505.40383282315804 4400.0 4400.0 4400.0 0.0 128.0 128.0 128.0 0.0 1 1 1.0
58000.0 60000.0 3 1 384.6650413515935 21550.196673793882 923.9844118606582 1332296.162626986 999.2810000000172 85.27491796872346 664.4056022135386 503.58441518744604 4400.0 4400.0 4400.0 0.0 128.0 128.0 128.0 0.0 1 1 1.0
60000.0 62000.0 2 1 17.28671686167098 918.8712418557659 41.076651793543505 55443.501798914986 86.97111132810824 28.755999999993946 57.86355566405109 41.16429998763942 0.0 0.0 0.0 0.0 0.0 0.0 0.0 0.0 0 0 1.0
62000.0 64000.0 2 1 368.51991512787356 23261.61065472079 989.6041341715104 1431143.202817033 999.0499999999884 905.9560546875 952.5030273437442 65.82736001787013 4400.0 3000.0 3466.6666666666665 808.2903768654761 128.0 128.0 128.0 0.0 3 2 1.0
64000.0 66000.0 3 1 401.81581794710155 22972.425787742173 978.4296695361428 1410089.541005298 998.5520000000834 91.22794531250838 664.3704147135722 498.63409746655105 3000.0 3000.0 3000.0 0.0 128.0 128.0 128.0 0.0 1 2 1.0
66000.0 68000.0 3 1 214.54014256755354 12583.562751163605 538.2636185689272 772348.6156831471 999.1039999999921 81.66270117188105 646.514600260416 494.18231521499524 3000.0 3000.0 3000.0 0.0 128.0 128.0 128.0 0.0 1 1 1.0
68000.0 70000.0 3 1 294.78037514059446 19238.392334406773 757.6770114638127 1089245.5833291514 998.4180000000051 140.39990039065015 661.7296647135518 457.8407013381167 4400.0 4400.0 4400.0 0.0 128.0 128.0 128.0 0.0 2 2 1.0
70000.0 72000.0 3 1 392.4593434015943 20898.592803803116 1010.8435576527727 1462724.483683252 999.7849999999744 151.23890624998603 664.8473242187368 451.6082858960502 4400.0 4400.0 4400.0 0.0 128.0 128.0 128.0 0.0 1 1 1.0
72000.0 74000.0 3 1 244.58038929659332 15057.953713684983 650.8671071630332 935608.558523552 999.9319999999716 154.54093359375838 662.6686308593684 447.84760550779555 4400.0 4400.0 4400.0 0.0 128.0 128.0 128.0 0.0 1 1 1.0
74000.0 76000.0 3 1 290.92443265741343 16463.975231793993 730.7793686217724 1046887.1520747922 999.8659999999218 160.71104101557285 654.9757128905816 439.06695550348303 4400.0 4400.0 4400.0 0.0 128.0 128.0 128.0 0.0 1 1 1.0
76000.0 78000.0 3 1 344.0800343471992 18673.84928749191 980.8030656453327 1415693.9431714402 997.5530000000726 193.7159023436834 664.6109557291687 419.2991705632002 4400.0 4400.0 4400.0 0.0 128.0 128.0 128.0 0.0 1 2 1.0
78000.0 80000.0 3 1 403.357821258463 22230.74856390102 1068.5496691830276 1545150.907430309 995.8730000000214 194.44103515625466 664.0520253906337 418.1062841823675 4400.0 4400.0 4400.0 0.0 128.0 128.0 128.0 0.0 2 1 1.0
80000.0 82000.0 2 1 229.94172825561364 11651.888871291641 571.1827979936686 824070.012282025 980.7779999999912 195.21695898438338 587.9974794921873 555.4755391380999 0.0 0.0 0.0 0.0 0.0 0.0 0.0 0.0 0 0 1.0
82000.0 84000.0 2 1 329.3957758044693 20481.71718110836 852.4985413825937 1228931.9395380649 997.310999999987 919.172119140625 958.241559570306 55.25253252998257 4400.0 4400.0 4400.0 0.0 128.0 128.0 128.0 0.0 2 2 1.0
84000.0 86000.0 3 1 351.7760755006433 19134.809497521324 976.5894952759884 1415094.1137096942 997.039999999979 79.13788085937267 663.9230631510145 508.07357184156973 4400.0 4400.0 4400.0 0.0 128.0 128.0 128.0 0.0 1 1 1.0
86000.0 88000.0 3 1 221.26058829960334 11808.204065465858 548.7498032284797 792778.9738673845 997.3339999999735 82.6136914063245 663.6972447916633 505.07499362417695 0.0 0.0 0.0 0.0 0.0 0.0 0.0 0.0 0 0 1.0
88000.0 90000.0 3 1 341.7400367259085 20314.76637233761 947.9425241270277 1370122.319413944 998.6769999999669 80.39395703130867 649.7650260416558 497.25506150698624 4400.0 4400.0 4400.0 0.0 128.0 128.0 128.0 0.0 2 2 1.0
90000.0 92000.0 3 1 381.8299470009448 21072.91415251238 1002.4719673260499 1453583.4500489784 999.3919999999925 127.07587890623836 663.4013209635353 469.3978767910815 4400.0 4400.0 4400.0 0.0 128.0 128.0 128.0 0.0 1 1 1.0
92000.0 94000.0 3 1 216.8688141075299 11445.811125619357 548.4901435380589 792604.1298416968 991.5160000000033 134.21291601570556 659.0796419271113 459.9067615311784 0.0 0.0 0.0 0.0 0.0 0.0 0.0 0.0 0 0 1.0
94000.0 96000.0 3 1 324.3411346026511 19555.4151367008 913.7888537351915 1315819.5285464157 997.9079999999958 125.84699023439316 655.0527701822963 464.93816453236315 4400.0 4400.0 4400.0 0.0 128.0 128.0 128.0 0.0 2 2 1.0
96000.0 98000.0 3 1 360.59422228542087 19047.734854268678 977.7667863912507 1414978.0095239668 999.7640000000247 157.75067968748044 665.3728945312517 446.93777065426934 4400.0 4400.0 4400.0 0.0 128.0 128.0 128.0 0.0 1 1 1.0
98000.0 100000.0 3 1 358.5138322610146 19612.01723605782 977.0199156730905 1416570.3160539204 999.1460000000079 159.68799609376583 664.8423704427163 445.0448492314696 4400.0 4400.0 4400.0 0.0 128.0 128.0 128.0 0.0 1 1 1.0
100000.0 102000.0 3 1 362.13932814091436 19592.463421765075 972.2983312657501 1408962.1042880693 998.8489999999874 161.9418847655761 664.1756562499795 442.90038675688265 4400.0 4400.0 4400.0 0.0 128.0 128.0 128.0 0.0 1 1 1.0
102000.0 104000.0 3 1 311.4969933309919 18196.52017001088 824.1283798332322 1183786.299642204 994.1030000000028 162.47491601569345 662.0490026041904 440.39590453386046 4400.0 4400.0 4400.0 0.0 128.0 128.0 128.0 0.0 1 1 1.0
104000.0 106000.0 3 1 350.0319071377191 19914.665300259207 883.3568377481542 1270673.1435657637 998.8770000000368 142.16590820311103 655.4139609375076 452.8892655524497 4400.0 4400.0 4400.0 0.0 128.0 128.0 128.0 0.0 1 1 1.0
106000.0 108000.0 3 1 243.59604420338076 14078.783380007086 635.0469733249803 910744.7180043311 999.8709999999846 139.95702539058402 648.4413730468563 450.957481259033 4400.0 4400.0 4400.0 0.0 128.0 128.0 128.0 0.0 1 1 1.0
108000.0 110000.0 3 1 319.66670219018454 17925.86409863045 857.3042129502195 1236016.3172441307 998.7629999999772 192.48690625000745 664.9899589843699 420.65995406241365 4400.0 4400.0 4400.0 0.0 128.0 128.0 128.0 0.0 1 1 1.0
110000.0 112000.0 3 1 320.4429744878573 18078.22297838136 839.2564645625835 1212083.5541375673 998.1030000000028 194.41302929690573 665.2233606770945 419.2231495405955 4400.0 4400.0 4400.0 0.0 128.0 128.0 128.0 0.0 1 1 1.0
112000.0 114000.0 3 1 328.51948264422384 18405.452375257515 857.6362636990797 1236858.3917301698 999.0560000000405 195.60194726561895 665.2593548177198 418.60269203340664 4400.0 4400.0 4400.0 0.0 128.0 128.0 128.0 0.0 1 1 1.0
114000.0 116000.0 3 1 333.4126224472243 18401.025845277858 829.2395383203993 1195128.9632355333 998.7339999999967 190.89788281248184 660.2179518229095 419.5021656175052 4400.0 4400.0 4400.0 0.0 128.0 128.0 128.0 0.0 1 1 1.0
116000.0 118000.0 3 1 309.92143121547184 17739.41876346299 783.5427339809469 1128179.9509685708 999.454000000027 190.8080273437663 649.3036510416617 415.06758629419096 4400.0 4400.0 4400.0 0.0 128.0 128.0 128.0 0.0 1 1 1.0
118000.0 120000.0 3 1 305.9449398855303 17048.297595813634 818.0465613039294 1180795.8440174097 999.2519999999786 241.1240742187365 663.8960286458023 386.54967796493105 4400.0 4400.0 4400.0 0.0 128.0 128.0 128.0 0.0 1 1 1.0
120000.0 122000.0 3 1 315.507147728316 16270.896449541762 791.825672332994 1143268.9326221845 994.5680000000284 247.29798828129424 614.5176627604329 373.80019667421755 4400.0 4400.0 4400.0 0.0 128.0 128.0 128.0 0.0 1 1 1.0
122000.0 124000.0 2 1 176.0572122078299 11754.946833248914 476.0592942605527 687512.0952663226 996.814000000013 661.68994140625 829.2519707031315 236.96849437040774 4400.0 4400.0 4400.0 0.0 128.0 128.0 128.0 0.0 1 1 1.0
124000.0 126000.0 3 1 385.322285962153 20704.64755392549 968.1932952575328 1401418.2235008047 999.3360000000102 337.38605859375093 664.9806764322954 331.02675358406435 4400.0 4400.0 4400.0 0.0 128.0 128.0 128.0 0.0 1 1 1.0
126000.0 128000.0 3 1 366.09983161408763 20915.915174143447 968.2363981948116 1400709.3657086533 998.9770000000135 341.7700292968657 666.1249863281264 328.6858691271463 4400.0 4400.0 4400.0 0.0 128.0 128.0 128.0 0.0 1 1 1.0
128000.0 130000.0 3 1 383.4825466406911 21100.577538824688 994.85587273636 1439674.8122120188 995.8300000000745 319.87607031251537 646.7443899739883 338.5242011413254 4400.0 4400.0 4400.0 0.0 128.0 128.0 128.0 0.0 2 2 1.0
130000.0 132000.0 3 1 364.7218185449447 21002.813608423716 958.0413492880405 1381420.2798507563 996.7129999999888 373.9409003906185 664.4612936197664 313.4763131178346 4400.0 4400.0 4400.0 0.0 128.0 128.0 128.0 0.0 1 1 1.0
132000.0 134000.0 3 1 378.00827970442083 21128.394792683535 953.4431930288247 1380250.1527166623 997.99099999998 377.222019531182 665.7953717447623 312.67508535755985 4400.0 4400.0 4400.0 0.0 128.0 128.0 128.0 0.0 1 1 1.0
134000.0 136000.0 1 1 47.308025325872876 2652.704498750209 108.17059723387787 156160.07074478187 225.21490429685218 225.21490429685218 225.21490429685218 0.0 0.0 0.0 0.0 0.0 0.0 0.0 0.0 0.0 0 0 1.0
136000.0 138000.0 2 1 355.8166547170541 21404.126062016032 980.1849047020473 1417957.530883512 999.4270000000834 917.9741210936918 958.7005605468876 57.59588302187617 4400.0 4400.0 4400.0 0.0 128.0 128.0 128.0 0.0 2 2 1.0
138000.0 140000.0 3 1 352.0890796229887 19008.233805692704 982.7679046502687 1424803.3098982908 996.1089999999967 81.12087890622206 664.2552558593646 506.6135437941536 4400.0 4400.0 4400.0 0.0 128.0 128.0 128.0 0.0 1 1 1.0
140000.0 142000.0 3 1 380.3174329567589 20748.830890109166 1013.992756159518 1468699.0663225695 995.4639999999781 79.4421113281278 662.4416855468686 506.5969778151429 4400.0 4400.0 4400.0 0.0 128.0 128.0 128.0 0.0 1 1 1.0
142000.0 144000.0 2 1 112.77683270319831 5914.809242182102 257.0544344881658 369263.09289562755 478.67399999999907 86.08305468747858 282.3785273437388 277.6037196629203 0.0 0.0 0.0 0.0 0.0 0.0 0.0 0.0 0 0 1.0
144000.0 146000.0 2 1 345.5181781359601 20801.148006632466 958.1144635079957 1386242.637809198 998.3439999998664 916.6752929686918 957.5096464842791 57.74849655248101 4400.0 4400.0 4400.0 0.0 128.0 128.0 128.0 0.0 2 2 1.0
146000.0 148000.0 3 1 278.9128734424229 14405.31116383195 701.1607872950747 1015107.1636222095 999.4170000000158 81.8807070311741 664.958529296855 506.78091786024953 0.0 0.0 0.0 0.0 0.0 0.0 0.0 0.0 0 0 1.0
148000.0 150000.0 3 1 345.1133213451369 19958.943828607444 969.5458827167333 1403010.7802630805 998.9180000000051 80.34811914060265 650.9113789062443 498.08759226486336 4400.0 4400.0 4400.0 0.0 128.0 128.0 128.0 0.0 2 2 1.0
150000.0 152000.0 3 1 362.37236169850746 19601.191210872756 966.4561315941196 1400653.0081093665 999.1790000000037 126.04398242186289 665.6866321614556 471.66157759160876 4400.0 4400.0 4400.0 0.0 128.0 128.0 128.0 0.0 1 1 1.0
152000.0 154000.0 3 1 369.21372399360297 20118.416208868868 992.4421045004633 1437677.7270949744 999.1849999999977 125.1410859375028 664.2577838541669 471.44267867557613 4400.0 4400.0 4400.0 0.0 128.0 128.0 128.0 0.0 1 1 1.0
154000.0 156000.0 3 1 369.4413572659255 20087.34325542942 1015.1647174880193 1473652.3775738645 999.7310000000289 131.09073437500047 665.6179055989682 467.7160777735393 4400.0 4400.0 4400.0 0.0 128.0 128.0 128.0 0.0 1 1 1.0
156000.0 158000.0 3 1 340.13990124807776 18450.899540699433 912.1613092575576 1315115.6963653676 999.1370000000461 131.41601757809985 665.4063444010486 467.2396363461374 4400.0 4400.0 4400.0 0.0 128.0 128.0 128.0 0.0 1 1 1.0
158000.0 160000.0 3 1 358.45093416972315 20852.832004698226 961.5106086063206 1390470.2338692043 998.945000000007 132.85498437500792 663.8413684895689 465.0865708308011 4400.0 4400.0 4400.0 0.0 128.0 128.0 128.0 0.0 2 2 1.0
160000.0 162000.0 3 1 366.303513551608 20262.06945305988 976.2639980085498 1411948.913679921 999.125 138.31787890632404 663.7532578125052 460.8040412512083 4400.0 4400.0 4400.0 0.0 128.0 128.0 128.0 0.0 1 1 1.0
162000.0 164000.0 3 1 289.30843946492973 16107.011314308103 783.9795182858688 1129169.3664833545 975.109999999986 142.03810546873137 635.4883333333031 437.32095198450406 4400.0 4400.0 4400.0 0.0 128.0 128.0 128.0 0.0 1 1 1.0
164000.0 166000.0 2 1 151.2253956841055 7744.83401299145 367.20047873929695 530079.0951294592 566.9930000000168 210.58310546877328 388.788052734395 252.01985330502447 0.0 0.0 0.0 0.0 0.0 0.0 0.0 0.0 0 0 1.0
166000.0 168000.0 2 1 339.90828079200077 20479.063284333024 936.9427240170659 1355693.2319153775 999.935999999987 918.41796875 959.1769843749935 57.641952685842675 4400.0 4400.0 4400.0 0.0 128.0 128.0 128.0 0.0 2 2 1.0
168000.0 170000.0 3 1 271.5102645437874 13989.769863244348 725.824880271576 1050542.7929033714 996.9710000000778 80.16103125002701 663.4293457031599 506.86061525280354 0.0 0.0 0.0 0.0 0.0 0.0 0.0 0.0 0 0 1.0
170000.0 172000.0 3 1 338.71571609778846 19755.314934789647 920.1270503588881 1326985.4355994975 995.5050000000047 81.85799414070789 651.6480976562792 496.962847074842 4400.0 4400.0 4400.0 0.0 128.0 128.0 128.0 0.0 2 2 1.0
172000.0 174000.0 3 1 260.5788557770411 13419.35533223928 692.5020735421995 1001572.7429033989 998.0079999999725 121.15970117191318 659.5608645833369 471.3830128175185 0.0 0.0 0.0 0.0 0.0 0.0 0.0 0.0 0 0 1.0
174000.0 176000.0 3 1 275.87006836255796 16510.592019522515 751.486606007939 1084591.4793198905 999.5869999999995 131.60810742189642 662.038017578132 465.0259441182077 4400.0 4400.0 4400.0 0.0 128.0 128.0 128.0 0.0 1 1 1.0
176000.0 178000.0 3 1 332.7315706214313 18354.94923985109 951.0788619928044 1375722.878070489 997.1940000000177 142.35105468751863 664.3736608073037 457.7523769958973 4400.0 4400.0 4400.0 0.0 128.0 128.0 128.0 0.0 2 2 1.0
178000.0 180000.0 3 1 340.97608426218744 18825.98685649268 904.5032930025665 1309703.123046474 999.3279999999213 145.24707226559985 665.9289954426737 456.8038161891275 4400.0 4400.0 4400.0 0.0 128.0 128.0 128.0 0.0 1 1 1.0
180000.0 182000.0 3 1 220.1198674938769 12621.275449418668 577.523143139206 831066.6712811239 997.7540000000154 145.10308593750233 663.2139993489642 455.00231353442314 0.0 0.0 0.0 0.0 0.0 0.0 0.0 0.0 0 0 1.0
182000.0 184000.0 3 1 337.71523121391965 18460.081637749052 897.6468701084972 1299673.78831496 998.8029999999562 143.00608789065154 651.5437031249943 450.11677448588557 4400.0 4400.0 4400.0 0.0 128.0 128.0 128.0 0.0 2 2 1.0
184000.0 186000.0 3 1 380.2099500157552 21427.223137239253 1012.379357894715 1464966.3223999855 997.6109999999753 180.37697851570556 662.3959765625186 427.93856648900714 4400.0 4400.0 4400.0 0.0 128.0 128.0 128.0 0.0 1 1 1.0
186000.0 188000.0 3 1 357.0309502491549 19743.86670686643 981.8893289770798 1421739.4171272358 998.6990000000224 187.0140488281031 664.3910032552085 424.3343728464184 4400.0 4400.0 4400.0 0.0 128.0 128.0 128.0 0.0 1 1 1.0
188000.0 190000.0 3 1 337.8899932587551 17756.239935144284 925.33051460793 1339762.9072107142 996.335999999952 188.836039062473 663.6740455728917 422.1072956820516 4400.0 4400.0 4400.0 0.0 128.0 128.0 128.0 0.0 1 1 1.0
190000.0 192000.0 2 1 75.74316731174389 3715.2816031097377 198.76529607953273 285581.20990748156 269.7139999999781 194.0829023437691 231.8984511718736 53.4792620212874 0.0 0.0 0.0 0.0 0.0 0.0 0.0 0.0 0 0 1.0
192000.0 194000.0 2 1 320.8754942112219 18623.36773488372 895.924566400751 1291836.8989868094 995.140000000014 918.187255859375 956.6636279296945 54.413807212759174 4400.0 4400.0 4400.0 0.0 128.0 128.0 128.0 0.0 2 2 1.0
194000.0 196000.0 3 1 217.1245057887781 11132.63226511628 584.0754335992491 843671.1010131906 999.505999999994 76.33074414060684 415.5289147135336 507.93766947728216 0.0 0.0 0.0 0.0 0.0 0.0 0.0 0.0 0 0 1.0
196000.0 198000.0 2 1 345.44649362476434 21011.95588570083 814.4194558287604 1171824.8927026135 999.625 909.86328125 954.744140625 63.47112001908467 4400.0 4400.0 4400.0 0.0 128.0 128.0 128.0 0.0 1 1 1.0
198000.0 200000.0 3 1 349.3180320841338 20358.4881373444 909.3612483881457 1312660.0865409896 998.3390000000363 86.57171875005588 649.3182213541974 492.0253119511441 4400.0 4400.0 4400.0 0.0 128.0 128.0 128.0 0.0 2 2 1.0
200000.0 202000.0 3 1 372.7633099496112 20329.618568271922 982.8424239926896 1421545.6621587044 995.6219999999739 135.1490546874702 664.1687207031064 463.00948184084336 4400.0 4400.0 4400.0 0.0 128.0 128.0 128.0 0.0 1 1 1.0
202000.0 204000.0 2 1 206.4721643414907 10426.937408682847 541.3768717904043 780395.3585976926 975.9930000000168 137.1048925780924 556.5489462890546 593.1834694147916 0.0 0.0 0.0 0.0 0.0 0.0 0.0 0.0 0 0 1.0
204000.0 206000.0 2 1 375.4738578115557 22976.711144287383 920.7144309579796 1329913.2213583281 997.4200000000419 912.12890625 954.774453125021 60.309910765472196 4400.0 4400.0 4400.0 0.0 128.0 128.0 128.0 0.0 2 2 1.0
206000.0 208000.0 3 1 372.4791635725821 20119.93226634364 1048.318760832736 1520131.311333355 997.390000000014 85.27109375002328 663.7227246093875 502.9212267307414 4400.0 4400.0 4400.0 0.0 128.0 128.0 128.0 0.0 1 1 1.0
208000.0 210000.0 3 1 383.4975035390802 21398.63424177516 944.7558360103178 1368651.62550714 996.9880000000121 87.84891992190387 663.502280598972 500.6169609513979 4400.0 4400.0 4400.0 0.0 128.0 128.0 128.0 0.0 1 1 1.0
210000.0 212000.0 3 1 358.81949936092815 19487.465473430966 983.1841698477799 1422607.2046034937 998.9279999999562 94.00007812504191 664.8943203124994 496.79052979910483 4400.0 4400.0 4400.0 0.0 128.0 128.0 128.0 0.0 1 1 1.0
212000.0 214000.0 3 1 319.28418457067227 17821.005525466102 810.3712558310796 1169072.50271039 996.1289999999572 97.32811718748417 663.3133424478971 492.68325749419915 4400.0 4400.0 4400.0 0.0 128.0 128.0 128.0 0.0 1 1 1.0
214000.0 216000.0 3 1 308.1219151055453 18112.070481458668 764.2311176998406 1098729.013520041 993.5169999999925 80.22408984380309 642.1333417968902 491.69782809488606 4400.0 4400.0 4400.0 0.0 128.0 128.0 128.0 0.0 1 1 1.0
216000.0 218000.0 3 1 338.7579436233582 18532.465370011127 941.734392209891 1362606.3823531186 995.0779999999795 138.66306445316877 661.454378255216 458.4756779215464 4400.0 4400.0 4400.0 0.0 128.0 128.0 128.0 0.0 2 2 1.0
218000.0 220000.0 3 1 298.5037260591015 16803.044836575606 748.8372676961844 1081619.9259848336 997.9440000000177 146.92592968745157 664.9620143229064 454.6885787608858 0.0 0.0 0.0 0.0 0.0 0.0 0.0 0.0 0 0 1.0
220000.0 222000.0 3 1 298.6761725883531 16447.47474081139 802.8292476902868 1159838.6989419437 997.1790000000037 142.52688671869691 653.2719980468586 451.09175866881384 4400.0 4400.0 4400.0 0.0 128.0 128.0 128.0 0.0 1 1 1.0
222000.0 224000.0 3 1 314.9115949169813 17050.619077906318 922.263028020004 1331580.002832077 998.1940000000177 150.80789257807191 648.7966106770715 442.80395323834256 4400.0 4400.0 4400.0 0.0 128.0 128.0 128.0 0.0 2 2 1.0
224000.0 226000.0 3 1 341.1103478277968 18480.147444511225 951.907056507662 1378266.7230662825 999.5010000000475 201.41106054687407 665.0200032552239 414.4181555936733 4400.0 4400.0 4400.0 0.0 128.0 128.0 128.0 0.0 1 1 1.0
226000.0 228000.0 2 1 219.36409102404542 10947.429397422413 548.8534366962381 787578.3877889968 975.4880000000121 201.5580507812556 588.5230253906338 547.2511152559431 0.0 0.0 0.0 0.0 0.0 0.0 0.0 0.0 0 0 1.0
228000.0 230000.0 2 1 345.438666512209 20708.964654557207 937.1808009823436 1354740.942593204 998.4610000000102 913.67529296875 956.0681464843801 59.95254838950006 4400.0 4400.0 4400.0 0.0 128.0 128.0 128.0 0.0 2 2 1.0
230000.0 232000.0 3 1 366.4671960466521 19978.25381499136 997.4819842437303 1444283.463743858 998.0500000000466 85.76170703128446 663.7876588541936 502.6261093394384 4400.0 4400.0 4400.0 0.0 128.0 128.0 128.0 0.0 1 1 1.0
232000.0 234000.0 2 1 156.09413744113888 7828.781530451435 392.3372147739261 564556.5936629378 752.2560000000522 91.99573046877049 422.1258652344113 466.8745139336269 0.0 0.0 0.0 0.0 0.0 0.0 0.0 0.0 0 0 1.0
234000.0 236000.0 2 1 325.67071941627273 19653.32014418972 904.3584256629467 1305344.5030868733 998.6230000000214 906.719970703125 952.6714853515732 64.9852552274214 4400.0 4400.0 4400.0 0.0 128.0 128.0 128.0 0.0 2 2 1.0
236000.0 238000.0 3 1 359.17493872270353 19328.177174985452 990.2206637902002 1435263.95980981 999.1949999999488 92.0650292969076 663.8606835937438 497.6511520881827 4400.0 4400.0 4400.0 0.0 128.0 128.0 128.0 0.0 1 1 1.0
238000.0 240000.0 3 1 333.51728345922214 18147.1716742414 930.1990653069754 1346873.3291745381 995.0139999999665 98.46897851559334 662.89341471352 491.34718198879614 4400.0 4400.0 4400.0 0.0 128.0 128.0 128.0 0.0 1 1 1.0
240000.0 242000.0 2 1 159.63705840180162 8496.331006583428 357.2218452398777 514592.20792877837 644.2199999999721 103.41273437498603 373.81636718747905 382.4084848383821 0.0 0.0 0.0 0.0 0.0 0.0 0.0 0.0 0 0 1.0
242000.0 244000.0 2 1 256.58511172389274 14869.23964070683 727.1170354416286 1050114.6029434367 999.2580000000307 787.260986328125 893.2594931640779 149.90452595870178 4400.0 4400.0 4400.0 0.0 128.0 128.0 128.0 0.0 1 1 1.0
244000.0 246000.0 3 1 346.022142613954 20102.79201739924 906.4512855120628 1308609.348050916 999.8460000000196 207.73101367184427 664.1703652343713 409.6333047523954 4400.0 4400.0 4400.0 0.0 128.0 128.0 128.0 0.0 2 1 1.0
246000.0 248000.0 3 1 376.1280424275591 20407.5804547916 1002.7085677847231 1453125.7517548953 998.0590000000084 213.35191796871368 664.4556575520741 405.3345021618002 4400.0 4400.0 4400.0 0.0 128.0 128.0 128.0 0.0 1 2 1.0
248000.0 250000.0 3 1 344.483022050698 19095.11538116831 918.029790494083 1325779.3311841884 977.5409999999683 216.0439453125 654.4519804687394 393.6283749908832 4400.0 4400.0 4400.0 0.0 128.0 128.0 128.0 0.0 1 1 1.0
250000.0 252000.0 3 1 357.76964596430014 19457.614620846758 967.703269615859 1390519.4117943766 999.7099999999627 229.1140039062593 665.2433365885323 395.22907413469255 4400.0 4400.0 4400.0 0.0 128.0 128.0 128.0 0.0 1 1 1.0
252000.0 254000.0 3 1 387.00445601153683 21357.908925513624 976.1966023731841 1409601.1117378091 999.5749999999534 228.07999414065853 663.037423177079 395.0518782372267 4400.0 4400.0 4400.0 0.0 128.0 128.0 128.0 0.0 1 1 1.0
254000.0 256000.0 1 1 26.00757920805921 1399.7489595736376 64.79344877845965 93314.44253437748 134.72572460933588 134.72572460933588 134.72572460933588 0.0 0.0 0.0 0.0 0.0 0.0 0.0 0.0 0.0 0 0 1.0
256000.0 258000.0 2 1 310.87403699543154 18898.31198332583 892.9856390062153 1291623.7383487336 998.5209999999497 914.5029296875 956.5119648437249 59.40974726014134 4400.0 4400.0 4400.0 0.0 128.0 128.0 128.0 0.0 2 1 1.0
258000.0 260000.0 3 1 313.94078331826734 17586.193682143647 783.3477066996072 1130972.0702826902 999.7020000000484 81.72807031252887 663.9591119791925 506.19792701301753 4400.0 4400.0 4400.0 0.0 128.0 128.0 128.0 0.0 1 2 1.0
260000.0 262000.0 3 1 358.2421877622703 19255.925115739796 1027.3356554791 1490357.7796829238 994.9189999999944 81.3367343749851 657.2325429687431 501.21443554131974 4400.0 4400.0 4400.0 0.0 128.0 128.0 128.0 0.0 1 1 1.0
262000.0 264000.0 3 1 365.51550383168774 19952.649424209154 950.3133510566931 1379765.7871404784 998.3460000000196 104.02710546879098 664.5103548177285 488.3425269570021 4400.0 4400.0 4400.0 0.0 128.0 128.0 128.0 0.0 1 1 1.0
264000.0 266000.0 3 1 375.93908267412235 21023.76978997667 1035.9273997692849 1501348.5844650017 999.5810000000056 104.87904101563618 664.7537701822972 487.962787080152 4400.0 4400.0 4400.0 0.0 128.0 128.0 128.0 0.0 1 1 1.0
266000.0 268000.0 3 1 318.2466298619674 16989.36939554598 842.0518355579468 1220085.8527175752 997.5 110.19673046877142 664.6206712239655 483.36144276612436 4400.0 4400.0 4400.0 0.0 128.0 128.0 128.0 0.0 1 1 1.0
268000.0 270000.0 3 1 344.87504267932565 19287.65584301496 950.797030110853 1370063.0344819878 996.3270000000484 84.22471679688897 649.7012395833541 493.86676938064636 4400.0 4400.0 4400.0 0.0 128.0 128.0 128.0 0.0 1 1 1.0
270000.0 272000.0 3 1 340.74745409788375 19235.1583999118 952.150867431096 1375099.105238567 999.4869999999646 127.93799804686569 664.6783684895685 469.5548275681229 4400.0 4400.0 4400.0 0.0 128.0 128.0 128.0 0.0 2 2 1.0
272000.0 274000.0 3 1 241.84836749523498 12689.812456420084 646.0034453177218 931872.4244827279 995.7850000000326 132.58589257812127 663.9886210937597 464.9303129145036 0.0 0.0 0.0 0.0 0.0 0.0 0.0 0.0 0 0 1.0
274000.0 276000.0 3 1 314.9966439651407 18387.916766014358 874.3930272827986 1264519.997676651 993.829000000027 136.29702929686755 662.8471041666731 461.00483151832185 4400.0 4400.0 4400.0 0.0 128.0 128.0 128.0 0.0 2 2 1.0
276000.0 278000.0 3 1 365.1118196125868 19825.28031139359 985.4965170955206 1428727.233126465 998.9220000000205 141.43371679692063 664.4742037760637 458.7994564211698 4400.0 4400.0 4400.0 0.0 128.0 128.0 128.0 0.0 1 1 1.0
278000.0 280000.0 3 1 376.19587729516593 20411.92619354488 988.612049582423 1429340.025645677 996.689000000013 146.4221054686932 664.2141184895687 454.4175144153497 4400.0 4400.0 4400.0 0.0 128.0 128.0 128.0 0.0 1 1 1.0
280000.0 282000.0 2 1 30.46657041091558 1595.0306387592477 71.58547561073965 102130.36671052118 144.34875000000466 18.881999999983236 81.61537499999395 88.7183897384524 0.0 0.0 0.0 0.0 0.0 0.0 0.0 0.0 0 0 1.0
282000.0 284000.0 2 1 316.6163720319214 19187.913072950978 888.54931877503 1285091.4345861338 997.5050000000047 919.533935546875 958.5194677734398 55.13386841114134 4400.0 4400.0 4400.0 0.0 128.0 128.0 128.0 0.0 2 2 1.0
284000.0 286000.0 3 1 358.35762290043175 19217.16161285547 994.8478433869084 1435037.3002125323 998.5350000000326 79.59506445308216 664.9789830729133 508.60163226141333 4400.0 4400.0 4400.0 0.0 128.0 128.0 128.0 0.0 1 1 1.0
286000.0 288000.0 3 1 359.3113545056102 19690.79427973253 970.4969416562003 1404522.4249391758 999.8980000000447 82.4441152344225 664.9393964844057 506.34594180826645 4400.0 4400.0 4400.0 0.0 128.0 128.0 128.0 0.0 1 1 1.0
288000.0 290000.0 3 1 353.34898645851865 19111.63662719638 977.8816002299036 1415806.1625399152 997.8159999999916 86.73292578128166 665.0026367187578 502.6974298576733 4400.0 4400.0 4400.0 0.0 128.0 128.0 128.0 0.0 1 1 1.0
290000.0 292000.0 2 1 88.36566410351796 4606.494407264636 196.22429595195766 281327.67772224254 342.78799999994226 86.8140156250447 214.80100781249348 181.00094015882942 0.0 0.0 0.0 0.0 0.0 0.0 0.0 0.0 0 0 1.0
292000.0 294000.0 2 1 337.6655437367194 20191.08576315108 947.6375653443899 1367235.336195033 995.9170000000158 912.68896484375 954.3029824218829 58.85110804382795 4400.0 4400.0 4400.0 0.0 128.0 128.0 128.0 0.0 2 2 1.0
294000.0 296000.0 3 1 356.9280466923045 19291.790980434227 980.5006184179325 1421785.958664251 998.3540000000503 84.99403515621088 665.1766399739621 504.29683675473007 4400.0 4400.0 4400.0 0.0 128.0 128.0 128.0 0.0 1 1 1.0
296000.0 298000.0 3 1 334.0643439626598 18383.425145687215 917.4253456566696 1328498.9498570925 997.4340000000084 87.26311523432378 664.8288072916524 502.10257373345615 4400.0 4400.0 4400.0 0.0 128.0 128.0 128.0 0.0 1 1 1.0
298000.0 300000.0 3 1 352.36610018122485 19079.50078883615 928.4556916172937 1340828.0297118016 999.640999999945 89.2116933594225 664.2662460937476 500.3050919910814 4400.0 4400.0 4400.0 0.0 128.0 128.0 128.0 0.0 1 1 1.0
