ts te nbins ncons c_pkts_all c_bytes_all s_pkts_all s_bytes_all max_bin_duration min_bin_duration avg_bin_duration std_bin_duration max_video_rate min_video_rate avg_video_rate std_video_rate max_audio_rate min_audio_rate avg_audio_rate std_audio_rate video_reqs audio_reqs media_reqs
0.0 2000.0 0 0 0.0 0.0 0.0 0.0 0.0 0.0 0.0 0.0 0.0 0.0 0.0 0.0 0.0 0.0 0.0 0.0 0 0 
2000.0 4000.0 0 0 0.0 0.0 0.0 0.0 0.0 0.0 0.0 0.0 0.0 0.0 0.0 0.0 0.0 0.0 0.0 0.0 0 0 
4000.0 6000.0 0 0 0.0 0.0 0.0 0.0 0.0 0.0 0.0 0.0 0.0 0.0 0.0 0.0 0.0 0.0 0.0 0.0 0 0 
6000.0 8000.0 2 1 247.94651767470052 18592.25542225907 722.3913354350668 842332.3090066919 996.3070000000043 967.5939941406286 981.9504970703165 20.30316115141363 2300.0 840.0 1570.0 842.9313930168536 128.0 128.0 128.0 0.0 4 3 0.0
8000.0 10000.0 3 1 220.88854527853073 10160.38009114509 517.5363168089721 625439.5724150275 999.1800000000003 27.88700585937113 661.2716842447904 548.9373650714181 840.0 840.0 840.0 0.0 128.0 128.0 128.0 0.0 3 3 1.0
10000.0 12000.0 3 1 198.38802403470186 8810.059055779975 462.87938491396125 561446.030350134 999.1970000000038 42.46595312499994 663.8200240885429 538.6749930936611 840.0 840.0 840.0 0.0 128.0 128.0 128.0 0.0 3 2 1.0
12000.0 14000.0 3 1 198.69776209094076 8320.800822353394 473.32320797197684 581157.3313704554 997.6259999999966 46.66688085937494 662.6903190104155 534.1709061608667 840.0 840.0 840.0 0.0 128.0 128.0 128.0 0.0 2 1 1.0
14000.0 16000.0 3 1 102.07915092112616 4246.504608462469 222.8697548700231 259046.75685769116 998.8589999999967 55.14892382812832 632.9236412760414 506.2648638761253 840.0 840.0 840.0 0.0 0.0 0.0 0.0 0.0 1 0 1.0
16000.0 18000.0 2 1 99.68126962373537 4458.918544522501 189.04508778762963 218345.6683030427 996.6840000000011 851.77490234375 924.2294511718756 102.46620560835879 840.0 840.0 840.0 0.0 128.0 128.0 128.0 0.0 1 1 1.0
18000.0 20000.0 3 1 62.31873037626464 2898.081455477499 125.95491221237037 139773.3316969573 996.5079999999944 45.20100000000093 389.4470325520815 527.3044846817371 0.0 0.0 0.0 0.0 128.0 128.0 128.0 0.0 0 3 1.0
20000.0 22000.0 2 1 96.89527285878702 4857.422421507467 227.4256828617073 268143.4480141769 996.4669999999969 546.993896484375 771.730448242186 317.8254794568593 840.0 840.0 840.0 0.0 128.0 128.0 128.0 0.0 2 1 1.0
22000.0 24000.0 3 1 115.15801128856376 5394.247300591411 290.8287955210438 340925.9044800281 993.1909999999989 446.3201035156235 661.9636621093741 291.1814758579561 480.0 480.0 480.0 0.0 128.0 128.0 128.0 0.0 2 2 1.0
24000.0 26000.0 2 1 82.94671585264922 4267.330277901122 168.74552161724893 195944.64750579503 962.5259999999907 446.4991171875008 704.5125585937458 364.8861081112675 480.0 480.0 480.0 0.0 128.0 128.0 128.0 0.0 1 1 1.0
26000.0 28000.0 1 1 46.0 2233.0 155.0 176375.0 630.1509999999907 630.1509999999907 630.1509999999907 0.0 840.0 840.0 840.0 0.0 128.0 128.0 128.0 0.0 1 1 1.0
28000.0 30000.0 1 1 81.0 3733.0 311.0 363312.0 808.7039999999979 808.7039999999979 808.7039999999979 0.0 1500.0 1500.0 1500.0 0.0 128.0 128.0 128.0 0.0 2 1 1.0
30000.0 32000.0 1 1 87.0 3617.0 329.0 400082.0 809.7339999999895 809.7339999999895 809.7339999999895 0.0 1500.0 1500.0 1500.0 0.0 128.0 128.0 128.0 0.0 1 1 1.0
32000.0 34000.0 2 1 128.37396574743306 4963.191620659855 497.1592094936581 602609.0961354278 999.5199999999968 548.220947265625 773.8704736328109 319.11662053153964 2300.0 2300.0 2300.0 0.0 128.0 128.0 128.0 0.0 1 1 1.0
34000.0 36000.0 2 1 125.62603425256694 4823.808379340145 476.8407905063419 580480.9038645722 983.8430000000008 445.9960527343719 714.9195263671863 380.3152236520096 2300.0 2300.0 2300.0 0.0 128.0 128.0 128.0 0.0 1 1 1.0
36000.0 38000.0 2 1 188.76719191959694 7472.284920459781 739.159140604625 897141.0484412916 995.0239999999976 551.375 773.1994999999988 313.7072163666289 2300.0 2300.0 2300.0 0.0 128.0 128.0 128.0 0.0 2 2 1.0
38000.0 40000.0 3 1 177.3585642873352 6698.254426717577 660.0257035147802 806451.2689354646 995.7829999999958 445.6050000000032 657.9259641927056 295.7928952465139 2300.0 2300.0 2300.0 0.0 128.0 128.0 128.0 0.0 1 1 1.0
40000.0 42000.0 3 1 142.94149021549174 5440.890220366261 544.3487790918067 664708.2249427915 999.7660000000033 446.3771074218821 659.4770644531285 297.81301818271237 2300.0 2300.0 2300.0 0.0 128.0 128.0 128.0 0.0 1 1 1.0
42000.0 44000.0 3 1 209.87457365376156 8134.878480230955 717.6629048699308 866013.6283557066 995.0729999999894 465.2099140624996 662.5572766927047 289.6404439229728 4400.0 4400.0 4400.0 0.0 128.0 128.0 128.0 0.0 2 1 1.0
44000.0 46000.0 3 1 260.0259811613645 9398.484268838043 905.972011888063 1109035.0250154044 999.9239999999991 470.38808398437686 664.3936601562503 291.76020228418946 4400.0 4400.0 4400.0 0.0 128.0 128.0 128.0 0.0 1 1 1.0
46000.0 48000.0 3 1 242.70712081179917 9145.13238325911 841.4589661259525 1036631.9619166147 998.6269999999931 443.92529296875 639.6924654947894 311.2734922174927 4400.0 4400.0 4400.0 0.0 128.0 128.0 128.0 0.0 1 1 1.0
48000.0 50000.0 3 1 265.62344406771166 9589.849527407034 914.2844437737343 1125727.972454499 999.1560000000027 439.470947265625 663.1572180989606 296.26409615463206 4400.0 4400.0 4400.0 0.0 128.0 128.0 128.0 0.0 1 1 1.0
50000.0 52000.0 3 1 257.580399311487 9303.036114617264 894.9935915080807 1100052.8316120685 995.8059999999969 422.9208984375 655.5596503906223 301.2206520195461 4400.0 4400.0 4400.0 0.0 128.0 128.0 128.0 0.0 1 1 1.0
52000.0 54000.0 3 1 260.8372024142043 9416.578155793719 925.7981097249185 1136286.5595412976 997.7780000000057 421.37109375 657.3253984375042 302.0780543675873 4400.0 4400.0 4400.0 0.0 128.0 128.0 128.0 0.0 1 1 1.0
54000.0 56000.0 3 1 264.3466935032823 9590.25841717616 915.1060429089611 1126767.524471911 999.6860000000015 363.4580078125 645.4903046875019 324.19466615950313 4400.0 4400.0 4400.0 0.0 128.0 128.0 128.0 0.0 1 1 1.0
56000.0 58000.0 3 1 253.8866073074422 9148.622151970963 905.4114597235208 1110699.6836450815 994.7130000000034 315.519287109375 633.5060930989615 341.6533444145346 4400.0 4400.0 4400.0 0.0 128.0 128.0 128.0 0.0 1 1 1.0
58000.0 60000.0 3 1 261.1938773499434 9414.93265850568 918.8255330920183 1126225.3688961775 998.2290000000066 259.227294921875 627.1486692708373 369.5109799196169 4400.0 4400.0 4400.0 0.0 128.0 128.0 128.0 0.0 1 1 1.0
60000.0 62000.0 3 1 261.2006942688065 9396.173983546416 911.1624310810472 1127066.8302217803 994.7590000000055 255.028076171875 607.0772604166705 371.1505343750301 4400.0 4400.0 4400.0 0.0 128.0 128.0 128.0 0.0 1 1 1.0
62000.0 64000.0 3 1 260.5971365961856 9669.939095073612 930.5862685697231 1142646.1080459983 997.7740000000049 247.904052734375 662.8693255208345 381.2918947526035 4400.0 4400.0 4400.0 0.0 128.0 128.0 128.0 0.0 1 1 1.0
64000.0 66000.0 3 1 276.7308452718817 10535.011779103344 953.6610079289723 1176412.2325184585 998.8800000000047 245.950927734375 663.499291666667 383.13077360826384 4400.0 4400.0 4400.0 0.0 128.0 128.0 128.0 0.0 1 1 1.0
66000.0 68000.0 3 1 251.5671329824671 9525.437429075431 892.3244247588957 1096745.4966254467 995.4279999999999 240.722900390625 662.3633242187498 385.0703756466429 4400.0 4400.0 4400.0 0.0 128.0 128.0 128.0 0.0 1 1 1.0
68000.0 70000.0 1 1 36.761044877239065 1319.2359878586547 117.21918083496985 142548.2343600079 544.9380996093532 544.9380996093532 544.9380996093532 0.0 0.0 0.0 0.0 0.0 0.0 0.0 0.0 0.0 0 0 1.0
70000.0 72000.0 2 1 210.90582177154164 8584.48268662839 766.6203393537404 938916.8380410502 996.1710000000021 549.3520507812354 772.7615253906188 315.9487089552375 4400.0 4400.0 4400.0 0.0 128.0 128.0 128.0 0.0 1 1 1.0
72000.0 74000.0 3 1 299.6847310511085 11486.323138316608 1047.141176898543 1291313.0623160563 997.3040000000037 449.40294921875466 664.3906790364612 292.3674471399311 4400.0 3000.0 3466.6666666666665 808.2903768654761 128.0 128.0 128.0 0.0 3 2 1.0
74000.0 76000.0 2 1 178.40944717734988 6774.194175055006 622.2384837477165 763435.0996428935 885.0859999999957 451.86791210935917 668.4769560546774 306.3314476801388 0.0 0.0 0.0 0.0 0.0 0.0 0.0 0.0 0 0 1.0
76000.0 78000.0 2 1 225.71612451011777 9258.387413126895 827.7291373485465 1024200.6213553378 999.5129999999917 551.666015625 775.5895078124959 316.67563958550244 3000.0 3000.0 3000.0 0.0 128.0 128.0 128.0 0.0 2 2 1.0
78000.0 80000.0 3 1 258.5159545122497 10005.90170061929 914.127278639115 1126452.1570804613 999.1720000000059 448.3199843750044 664.6956516927117 293.8031890861378 3000.0 3000.0 3000.0 0.0 128.0 128.0 128.0 0.0 1 1 1.0
80000.0 82000.0 3 1 193.63944127834287 7552.982106113297 701.2840226559925 861669.33199086 998.0329999999958 446.6570292968827 656.3149707031262 298.4690358771911 3000.0 3000.0 3000.0 0.0 128.0 128.0 128.0 0.0 1 1 1.0
82000.0 84000.0 3 1 187.0931284048584 7351.02684031573 638.7333055374133 782479.1654972524 999.9290000000037 472.6591171875043 653.3876894531277 300.2062298862602 3000.0 3000.0 3000.0 0.0 128.0 128.0 128.0 0.0 1 1 1.0
84000.0 86000.0 3 1 205.0730415504813 8527.788810458189 648.2215899960004 791759.3394409517 994.9309999999823 485.028076171875 662.5467083333255 288.0759922357295 3000.0 3000.0 3000.0 0.0 128.0 128.0 128.0 0.0 1 1 1.0
86000.0 88000.0 2 1 34.962309743949966 1471.9131293665994 90.90466582293227 106927.38463513691 483.95392382811406 31.512000000002445 257.73296191405825 319.92475243194514 0.0 0.0 0.0 0.0 0.0 0.0 0.0 0.0 0 0 1.0
88000.0 90000.0 2 1 218.23632961382327 9018.001203287611 768.7784102260882 942410.7102116053 997.5489999999845 552.236083984375 774.8925419921798 314.883782664593 2300.0 2300.0 2300.0 0.0 128.0 128.0 128.0 0.0 2 2 1.0
90000.0 92000.0 3 1 178.64304230058755 7189.484981376033 604.7087317298206 734855.5022731293 997.8410000000003 447.3999160156236 657.2406243489531 297.60698023106596 2300.0 2300.0 2300.0 0.0 128.0 128.0 128.0 0.0 1 1 1.0
92000.0 94000.0 2 1 172.12062808558917 6781.513815336357 593.5128580440912 727226.7875152654 989.0650000000023 472.82204296876444 730.9435214843834 365.0388956565838 2300.0 2300.0 2300.0 0.0 128.0 128.0 128.0 0.0 1 1 1.0
94000.0 96000.0 1 1 144.0 5816.0 500.0 606575.0 947.4499999999971 947.4499999999971 947.4499999999971 0.0 2300.0 2300.0 2300.0 0.0 128.0 128.0 128.0 0.0 1 1 1.0
96000.0 98000.0 2 1 134.0 5482.0 459.0 555637.0 993.8070000000007 20.37699999999313 507.0919999999969 688.3189540104263 2300.0 2300.0 2300.0 0.0 128.0 128.0 128.0 0.0 1 1 1.0
98000.0 100000.0 2 1 130.43856098444883 5337.493246862923 462.0297798515429 559487.6958813248 999.0950000000012 550.9169921875 775.0059960937506 316.90970850289705 2300.0 2300.0 2300.0 0.0 128.0 128.0 128.0 0.0 1 1 1.0
100000.0 102000.0 3 1 122.96033955635119 5053.137927549258 415.50898138721845 502356.04350108054 996.8610000000044 446.4100078125048 654.9496295572948 298.47963282794774 2300.0 2300.0 2300.0 0.0 128.0 128.0 128.0 0.0 1 1 1.0
102000.0 104000.0 3 1 255.24079184909033 10350.823381398615 838.2340709359457 1027804.0491050957 999.8870000000024 476.5371191406448 664.6593580729241 291.0391281968331 2300.0 2300.0 2300.0 0.0 128.0 128.0 128.0 0.0 2 2 1.0
104000.0 106000.0 3 1 209.6593738576057 8283.633900442517 712.3598079642268 871285.0273860369 996.002999999997 473.04204492188 654.4813235677042 295.9591537608745 2300.0 2300.0 2300.0 0.0 128.0 128.0 128.0 0.0 1 1 1.0
106000.0 108000.0 3 1 153.7934616318899 6153.88712221612 518.5119346726066 629956.2982964426 998.3759999999893 472.16307421875536 654.4463743489565 298.03047114448145 2300.0 2300.0 2300.0 0.0 128.0 128.0 128.0 0.0 1 1 1.0
108000.0 110000.0 3 1 146.80827452509016 5929.0414856637335 486.8393944830059 591090.7189591817 998.9930000000022 471.67724609375 650.7337324218776 301.64161179532334 2300.0 2300.0 2300.0 0.0 128.0 128.0 128.0 0.0 1 1 1.0
110000.0 112000.0 3 1 142.72329183718261 5902.349825050484 467.2359819941963 569266.6929648777 981.609999999986 461.136962890625 655.4262389322879 284.20091832130464 2300.0 2300.0 2300.0 0.0 128.0 128.0 128.0 0.0 1 1 1.0
112000.0 114000.0 2 1 147.37590575834133 5749.6331108163495 503.2800487112572 613616.4739059599 929.9049999999988 537.174037109362 733.5395185546804 277.7027270418917 2300.0 2300.0 2300.0 0.0 128.0 128.0 128.0 0.0 1 1 1.0
114000.0 116000.0 2 1 154.85605608834715 6480.954355710581 489.55086515547816 595956.3224940425 998.5739999999932 547.76708984375 773.1705449218716 318.7686231772343 2300.0 2300.0 2300.0 0.0 128.0 128.0 128.0 0.0 1 1 1.0
116000.0 118000.0 3 1 138.9537698778142 5630.819031003551 468.21765068186164 563610.5167418323 994.8159999999916 446.6089101562393 651.7949570312436 298.96758678803417 2300.0 2300.0 2300.0 0.0 128.0 128.0 128.0 0.0 1 1 1.0
118000.0 120000.0 3 1 145.5761864743645 6031.370031562883 508.1087283293803 619785.167161252 998.8090000000084 473.18103906250326 653.6871093750038 298.98990710841525 2300.0 2300.0 2300.0 0.0 128.0 128.0 128.0 0.0 1 1 1.0
120000.0 122000.0 2 1 140.61398755947414 5479.8565817229855 486.1227558332799 587096.9936028733 991.939000000013 506.5307109375135 749.2348554687633 343.23549284025324 2300.0 2300.0 2300.0 0.0 128.0 128.0 128.0 0.0 1 1 1.0
122000.0 124000.0 1 1 151.0 6216.0 495.0 606491.0 987.0 987.0 987.0 0.0 2300.0 2300.0 2300.0 0.0 128.0 128.0 128.0 0.0 1 1 1.0
124000.0 126000.0 1 1 144.0 5828.0 486.0 596000.0 993.5689999999886 993.5689999999886 993.5689999999886 0.0 2300.0 2300.0 2300.0 0.0 128.0 128.0 128.0 0.0 1 1 1.0
126000.0 128000.0 2 1 138.3141016200063 5630.878166420258 463.55235027000106 563258.8087567501 997.5849999999919 549.6630859375 773.6240429687459 316.72862287564595 2300.0 2300.0 2300.0 0.0 128.0 128.0 128.0 0.0 1 1 1.0
128000.0 130000.0 3 1 120.72769550542988 5360.5805063006555 397.95798161933465 480471.0206318398 999.9739999999874 445.4719140625093 655.5769420572906 300.655787916851 2300.0 2300.0 2300.0 0.0 128.0 128.0 128.0 0.0 1 1 1.0
130000.0 132000.0 3 1 216.23029057633036 8845.949015551216 740.8548341529754 909946.4957068937 995.5480000000098 475.41308789062896 652.6239921875045 297.036540187137 2300.0 2300.0 2300.0 0.0 128.0 128.0 128.0 0.0 2 2 1.0
132000.0 134000.0 3 1 234.76650832998035 9171.640977501715 798.6444829656256 978105.4499012426 995.8530000000028 485.251953125 664.6900214843723 287.1300986293594 2300.0 2300.0 2300.0 0.0 128.0 128.0 128.0 0.0 1 1 1.0
134000.0 136000.0 3 1 145.2189097060164 5851.359338964348 477.35563195748733 579079.1464721413 998.4629999999888 469.9169921875 648.119013020827 303.42192237055843 2300.0 2300.0 2300.0 0.0 128.0 128.0 128.0 0.0 1 1 1.0
136000.0 138000.0 3 1 198.03984839363315 8017.758493966814 664.305909299896 818209.7683437935 999.4489999999932 460.05126953125 660.9824257812483 294.82956314722946 4400.0 4400.0 4400.0 0.0 128.0 128.0 128.0 0.0 1 1 1.0
138000.0 140000.0 3 1 249.5054210266295 9230.659752384065 844.1632368361929 1037292.433695569 999.1719999999914 448.118896484375 660.1558756510398 296.6608471082195 4400.0 4400.0 4400.0 0.0 128.0 128.0 128.0 0.0 1 1 1.0
140000.0 142000.0 3 1 269.01918878732727 10238.533977049157 914.6814305508433 1121258.4079127533 998.3150000000023 442.639892578125 662.2846653645878 295.5552495004121 4400.0 4400.0 4400.0 0.0 128.0 128.0 128.0 0.0 1 1 1.0
142000.0 144000.0 3 1 267.36348541300794 10195.63482785918 892.1859186759881 1098972.3124041255 998.0659999999916 437.89599609375 661.0267011718728 296.9494639103697 4400.0 4400.0 4400.0 0.0 128.0 128.0 128.0 0.0 1 1 1.0
144000.0 146000.0 1 1 81.81455064163883 2947.004944002593 267.29822367165565 330548.15617489134 558.168003906263 558.168003906263 558.168003906263 0.0 0.0 0.0 0.0 0.0 0.0 0.0 0.0 0.0 0 0 1.0
146000.0 148000.0 2 1 216.98313801901014 8771.86003020714 761.8647085273428 936388.3452614786 999.6359999999986 550.095947265625 774.8659736328118 317.8728197034338 4400.0 4400.0 4400.0 0.0 128.0 128.0 128.0 0.0 1 1 1.0
148000.0 150000.0 3 1 269.969292705244 10560.360227017074 900.4463827245681 1103679.8512657357 995.56700000001 449.7220527343743 664.3923307291698 290.9753108148653 2300.0 2300.0 2300.0 0.0 128.0 128.0 128.0 0.0 2 2 1.0
150000.0 152000.0 2 1 63.04756927574584 2247.779742775786 210.688908748089 257122.80347278572 446.2460605468659 76.31599999999162 261.28103027342877 261.5800543774449 0.0 0.0 0.0 0.0 0.0 0.0 0.0 0.0 0 0 1.0
152000.0 154000.0 2 1 201.68256637179445 8418.5845354025 683.6713053101143 838558.8753544521 995.8010000000068 552.471923828125 774.1364619140659 313.48099605830504 2300.0 2300.0 2300.0 0.0 128.0 128.0 128.0 0.0 2 2 1.0
154000.0 156000.0 3 1 220.12059361607174 8669.634359140966 739.3848171663764 907518.3157590914 999.9739999999874 446.6770761718799 664.5003912760391 294.81445889072097 2300.0 2300.0 2300.0 0.0 128.0 128.0 128.0 0.0 1 1 1.0
156000.0 158000.0 3 1 147.79766298062995 5965.326957890994 506.34511197625346 618673.5615474167 996.2669999999925 447.06590234374744 657.6952773437466 296.11213190200436 2300.0 2300.0 2300.0 0.0 128.0 128.0 128.0 0.0 1 1 1.0
158000.0 160000.0 2 1 151.39917703150385 6078.454147565541 503.59876554725577 612082.2473390398 964.7580000000016 446.00207031250466 705.3800351562531 366.81583566276095 2300.0 2300.0 2300.0 0.0 128.0 128.0 128.0 0.0 1 1 1.0
160000.0 162000.0 1 1 3.0 145.0 6.0 2329.0 109.79300000000512 109.79300000000512 109.79300000000512 0.0 0.0 0.0 0.0 0.0 0.0 0.0 0.0 0.0 0 0 1.0
162000.0 164000.0 2 1 132.82042534252153 5466.3064439199115 465.802824986462 564559.6082664388 999.8839999999909 552.2680664062791 776.076033203135 316.512262011261 2300.0 2300.0 2300.0 0.0 128.0 128.0 128.0 0.0 1 1 1.0
164000.0 166000.0 3 1 221.30944323113619 9127.897810756247 754.284368490144 923292.4378648025 999.9100000000035 446.73893359376234 659.8230006510372 297.6522564760268 2300.0 2300.0 2300.0 0.0 128.0 128.0 128.0 0.0 2 2 1.0
166000.0 168000.0 3 1 216.91795352106476 8577.758583202049 730.4367175707554 889400.1951112269 995.0290000000095 449.44593164062826 655.2663020833279 296.42980861743627 2300.0 2300.0 2300.0 0.0 128.0 128.0 128.0 0.0 1 1 1.0
168000.0 170000.0 2 1 3.952177905277544 161.0371621217935 5.476088952638772 2311.758757531802 473.73802539063036 85.20200000001932 279.47001269532484 274.7364582889697 0.0 0.0 0.0 0.0 0.0 0.0 0.0 0.0 0 0 1.0
170000.0 172000.0 2 1 136.84571978756355 5613.36060799829 448.82572941579974 547373.323973504 999.9339999999793 547.89599609375 773.9149980468646 319.6391379161258 2300.0 2300.0 2300.0 0.0 128.0 128.0 128.0 0.0 1 1 1.0
172000.0 174000.0 3 1 248.15989844561452 10405.247080366098 799.0562937548871 984267.9367237708 999.2020000000193 446.80200390625396 659.6056640625078 297.22672473202397 2300.0 2300.0 2300.0 0.0 128.0 128.0 128.0 0.0 2 2 1.0
174000.0 176000.0 3 1 208.94874411109834 8554.276796828512 646.8713006663479 788314.8723868511 999.073000000004 445.7670117187663 657.2356516927053 298.80408171802253 2300.0 2300.0 2300.0 0.0 128.0 128.0 128.0 0.0 1 1 1.0
176000.0 178000.0 2 1 26.045637655723592 944.1155148071007 78.24667616296523 92135.86691587421 472.0450566406362 30.176999999996042 251.1110283203161 312.4478992403181 0.0 0.0 0.0 0.0 0.0 0.0 0.0 0.0 0 0 1.0
178000.0 180000.0 2 1 226.41652365315676 9308.724414850634 756.1466045453215 927275.3479429039 998.6980000000622 550.9689941406541 774.8334970703581 316.5922161770989 2300.0 2300.0 2300.0 0.0 128.0 128.0 128.0 0.0 2 2 1.0
180000.0 182000.0 3 1 210.2436571704422 8352.993513483616 698.8825192407875 849451.9820850003 999.4200000000419 447.6300058593624 653.3296569010514 301.4966156040376 2300.0 2300.0 2300.0 0.0 128.0 128.0 128.0 0.0 1 1 1.0
182000.0 184000.0 3 1 149.59953833443637 6044.2778632721265 499.9270827294447 609053.0941228713 997.9550000000454 456.89111328125 646.2510494791786 304.8839395863238 2300.0 2300.0 2300.0 0.0 128.0 128.0 128.0 0.0 1 1 1.0
184000.0 186000.0 3 1 103.9827401486467 4404.5267108795215 342.2862527911284 407071.63733189163 832.5899999999965 394.0920410155959 569.0949759114689 232.2568672733528 2300.0 2300.0 2300.0 0.0 0.0 0.0 0.0 0.0 1 0 1.0
186000.0 188000.0 3 1 104.04354961555673 4600.384988327675 311.17460317278983 367894.15078690933 956.6950000000361 209.2819824219332 550.1966471354535 377.99797595347417 2300.0 2300.0 2300.0 0.0 128.0 128.0 128.0 0.0 1 2 1.0
188000.0 190000.0 2 1 238.71399107776128 9067.092509186426 777.5829375205282 953206.7877304236 787.4260175781092 755.4459999999963 771.4360087890527 22.613287291948616 2300.0 2300.0 2300.0 0.0 128.0 128.0 128.0 0.0 1 1 1.0
190000.0 192000.0 2 1 137.8674901321231 5645.2521038752275 449.524985903033 549705.2250910477 995.8379999999888 552.096923828125 773.9674619140569 313.77232405214124 2300.0 2300.0 2300.0 0.0 128.0 128.0 128.0 0.0 1 1 1.0
192000.0 194000.0 3 1 198.08719542262372 8286.836011404195 673.5776587073947 822406.1170735889 997.4749999999767 447.1760761718324 655.7079921874878 298.36373549107213 2300.0 2300.0 2300.0 0.0 128.0 128.0 128.0 0.0 2 2 1.0
194000.0 196000.0 3 1 212.3062706014621 8440.045682120024 716.1148188530798 876022.2790049671 996.179999999993 474.945099609351 663.0673346354064 289.28899739469006 2300.0 2300.0 2300.0 0.0 128.0 128.0 128.0 0.0 1 1 1.0
196000.0 198000.0 3 1 139.4905595797885 5988.106637381942 443.8229423860084 533488.3587763807 997.176999999996 438.1188964844041 636.7286640625194 312.6983889198476 2300.0 2300.0 2300.0 0.0 128.0 128.0 128.0 0.0 1 1 1.0
198000.0 200000.0 3 1 218.099707891405 8437.139887901832 763.4820980921086 935607.198297545 995.6140000000305 423.5739746093459 654.1253593750007 301.72463226500105 4400.0 4400.0 4400.0 0.0 128.0 128.0 128.0 0.0 1 1 1.0
200000.0 202000.0 3 1 248.50031316837624 9587.895691177477 849.5509861100917 1042255.373356436 999.68299999999 414.7912597655959 661.4667617187466 303.0006052043816 4400.0 4400.0 4400.0 0.0 128.0 128.0 128.0 0.0 1 1 1.0
202000.0 204000.0 3 1 257.66658524216444 9843.475084945616 884.6733765772536 1090340.897642479 998.2010000000009 411.8200683593459 656.0962695312531 305.1859516855711 3000.0 3000.0 3000.0 0.0 128.0 128.0 128.0 0.0 1 1 1.0
204000.0 206000.0 3 1 195.756092108785 7802.646643381845 637.7123830562675 777019.8585748161 997.7419999999984 409.300048828125 663.7699934895791 302.16951509610936 3000.0 3000.0 3000.0 0.0 128.0 128.0 128.0 0.0 1 1 1.0
206000.0 208000.0 3 1 186.19352765375942 7138.84418593841 635.6713951858109 774778.4289670578 996.3800000000338 382.27392578125 637.0929589843727 320.1042659671096 3000.0 3000.0 3000.0 0.0 128.0 128.0 128.0 0.0 1 1 1.0
208000.0 210000.0 3 1 179.76530778524537 7036.222409005885 628.9021919039844 769433.912512395 997.222000000038 285.9140625 620.1387122395972 357.58550393911486 3000.0 3000.0 3000.0 0.0 128.0 128.0 128.0 0.0 1 1 1.0
210000.0 212000.0 3 1 172.51945111466526 6808.5950720119545 602.7593078831342 738535.3629208672 995.6590000000142 280.8679199219332 662.6789524739821 359.88876179141204 3000.0 3000.0 3000.0 0.0 128.0 128.0 128.0 0.0 1 1 1.0
212000.0 214000.0 3 1 194.7290862550381 7574.844102279118 652.4061965223628 800679.7315079236 999.8619999999937 248.56591796875 605.8416660156121 376.9934670066103 3000.0 3000.0 3000.0 0.0 128.0 128.0 128.0 0.0 1 1 1.0
214000.0 216000.0 3 1 202.75118873902355 7896.804992234808 668.9999859028499 817552.7555798165 995.0849999999919 247.3220214844041 663.381034505214 380.95170106191307 3000.0 3000.0 3000.0 0.0 128.0 128.0 128.0 0.0 1 1 1.0
216000.0 218000.0 3 1 181.12551503925727 7111.725755469808 620.4237815398661 757290.271480429 999.880999999994 244.0319824219332 663.4813203125183 384.7075105052797 3000.0 3000.0 3000.0 0.0 128.0 128.0 128.0 0.0 1 1 1.0
218000.0 220000.0 3 1 192.21531021782474 7453.2871511777075 644.1552636209332 782571.9232459434 995.8650000000198 235.7399902344041 662.4376692708369 388.55118842027895 3000.0 3000.0 3000.0 0.0 128.0 128.0 128.0 0.0 1 1 1.0
220000.0 222000.0 1 1 4.9263990484582125 201.27858969414984 4.222627755821325 1643.3059683071324 560.0640097656287 560.0640097656287 560.0640097656287 0.0 0.0 0.0 0.0 0.0 0.0 0.0 0.0 0.0 0 0 1.0
222000.0 224000.0 2 1 177.5250353762555 7295.581613054807 593.891372035276 718481.7842077812 996.6950000000652 551.218017578125 773.9565087890951 314.9997951330743 3000.0 3000.0 3000.0 0.0 128.0 128.0 128.0 0.0 1 1 1.0
224000.0 226000.0 3 1 272.16062044119155 11331.704353850015 889.6821882523267 1094875.1355565612 996.4499999999825 446.2509824218869 652.6376321614565 299.7400719494072 3000.0 3000.0 3000.0 0.0 128.0 128.0 128.0 0.0 2 2 1.0
226000.0 228000.0 3 1 312.1411879332412 12225.907026872592 1024.442850131287 1264765.3969675265 997.4369999999763 480.90608593748766 663.885683593738 289.3180398126802 3000.0 3000.0 3000.0 0.0 128.0 128.0 128.0 0.0 1 1 1.0
228000.0 230000.0 2 1 173.1731562493118 6487.807006222585 556.9835895811102 685457.6832681311 558.6070000000182 485.1530351562542 521.8800175781362 51.93979664606376 2300.0 2300.0 2300.0 0.0 128.0 128.0 128.0 0.0 1 1 1.0
230000.0 232000.0 2 1 211.96702202510195 8766.908203056495 705.0541876842022 860777.7981337635 998.6620000000403 551.06396484375 774.8629824218951 316.49960590478753 2300.0 2300.0 2300.0 0.0 128.0 128.0 128.0 0.0 2 2 1.0
232000.0 234000.0 2 1 209.03297797489805 8236.091796943505 698.9458123157978 860641.2018662365 976.9340000000666 446.491035156243 711.7125175781548 375.0798174737651 2300.0 2300.0 2300.0 0.0 128.0 128.0 128.0 0.0 1 1 1.0
234000.0 236000.0 2 1 133.14598987503206 5433.131183729284 455.4551219032139 551426.328448816 998.8289999999979 552.3049316406541 775.566965820326 315.7401966998975 2300.0 2300.0 2300.0 0.0 128.0 128.0 128.0 0.0 1 1 1.0
236000.0 238000.0 3 1 231.1139043599469 8881.53554947183 781.1884420768467 965471.6446977196 999.7380000000412 445.2660683593713 652.7257213541792 302.43343439327504 4400.0 4400.0 4400.0 0.0 128.0 128.0 128.0 0.0 1 1 1.0
238000.0 240000.0 3 1 251.07129026543635 9584.95770018545 848.2412682605902 1041835.7947316447 995.8649999999907 475.31090429687174 661.1256106770888 290.4790225309004 4400.0 4400.0 4400.0 0.0 128.0 128.0 128.0 0.0 1 1 1.0
240000.0 242000.0 2 1 58.6688154995847 2092.3755666134357 189.11516775934913 229292.23212181978 481.1080722656334 35.103000000002794 258.1055361328181 315.37321104262355 0.0 0.0 0.0 0.0 0.0 0.0 0.0 0.0 0 0 1.0
242000.0 244000.0 2 1 208.5717929965842 8106.741083351394 699.6843294249984 855784.2190699315 999.8969999999972 554.738037109375 777.3175185546861 314.77492136592963 4400.0 4400.0 4400.0 0.0 128.0 128.0 128.0 0.0 1 1 1.0
244000.0 246000.0 3 1 308.6029664488067 12269.542089925742 1023.1363219720681 1254180.8944107895 998.0169999999925 444.82496289064875 656.1843001302137 298.7855941094263 3000.0 3000.0 3000.0 0.0 128.0 128.0 128.0 0.0 2 2 1.0
246000.0 248000.0 3 1 285.05065010564056 11189.144188196662 950.0670795216693 1163723.4533918048 999.320000000007 471.20406249997905 665.2170052083287 290.5951270753102 3000.0 3000.0 3000.0 0.0 128.0 128.0 128.0 0.0 1 1 1.0
248000.0 250000.0 3 1 206.48411080436662 8025.176694351382 711.2101686320344 873611.355812138 999.1030000000028 472.3830468750093 652.7453489583373 300.04052919872174 3000.0 3000.0 3000.0 0.0 128.0 128.0 128.0 0.0 1 1 1.0
250000.0 252000.0 3 1 182.79085122573312 7337.707613342367 641.351952196784 783300.0936847316 997.4500000000698 472.507080078125 648.9526933594025 301.81551680607726 3000.0 3000.0 3000.0 0.0 128.0 128.0 128.0 0.0 1 1 1.0
252000.0 254000.0 3 1 178.34164736232594 7077.377500835144 622.1606582856309 763025.1754809921 998.4309999999823 451.3798828125 657.7932675781194 297.2008795946375 3000.0 3000.0 3000.0 0.0 128.0 128.0 128.0 0.0 1 1 1.0
254000.0 256000.0 3 1 190.98165102649932 7589.771675014449 650.9045823841951 792778.5085651501 997.1639999999898 449.9360351563082 662.5573841145961 293.30004327854664 3000.0 3000.0 3000.0 0.0 128.0 128.0 128.0 0.0 1 1 1.0
256000.0 258000.0 3 1 159.82071069994095 6264.607982965187 540.655816209544 660887.7646418896 999.8769999999786 443.5493164063082 664.0514270833422 295.5499087977723 3000.0 3000.0 3000.0 0.0 128.0 128.0 128.0 0.0 1 1 1.0
258000.0 260000.0 3 1 206.07693822320354 8250.827790678215 682.1631304831974 836998.8747274325 999.7939999999944 426.452880859375 659.39885481771 301.3950945551199 3000.0 3000.0 3000.0 0.0 128.0 128.0 128.0 0.0 1 1 1.0
260000.0 262000.0 2 1 176.27868110689906 6880.103381339457 573.6659608898783 702178.6602151402 907.1979999999749 556.1201191405999 731.6590595702874 248.24955028026687 2300.0 2300.0 2300.0 0.0 128.0 128.0 128.0 0.0 1 1 1.0
262000.0 264000.0 1 1 3.0 146.0 6.0 2334.0 107.16800000000512 107.16800000000512 107.16800000000512 0.0 0.0 0.0 0.0 0.0 0.0 0.0 0.0 0.0 0 0 1.0
264000.0 266000.0 2 1 247.9337225586865 10326.728561204614 822.5224459071785 1011877.6919204281 997.9699999999721 553.488037109375 775.7290185546735 314.2962100750486 2300.0 2300.0 2300.0 0.0 128.0 128.0 128.0 0.0 2 2 1.0
266000.0 268000.0 2 1 167.06627744131353 6692.271438795386 542.4775540928215 661684.3080795719 996.6759999999194 149.90796289063292 573.2919814452762 598.7554211319987 2300.0 2300.0 2300.0 0.0 128.0 128.0 128.0 0.0 1 1 1.0
268000.0 270000.0 2 1 141.64916008291615 5773.654953213 486.9868700621871 592103.3485330784 995.2229999999981 553.404052734375 774.3135263671866 312.41317366822375 2300.0 2300.0 2300.0 0.0 128.0 128.0 128.0 0.0 1 1 1.0
270000.0 272000.0 3 1 227.91291212264207 9360.23034008975 757.7568858768191 926793.6163241623 999.5540000000037 445.345947265625 656.3663072916679 299.81293217633544 2300.0 2300.0 2300.0 0.0 128.0 128.0 128.0 0.0 2 2 1.0
272000.0 274000.0 3 1 216.87993218908318 8600.19049039326 714.6982484556353 869356.2875695677 996.5559999999823 471.3370253906469 651.7656927083348 298.70521311757784 2300.0 2300.0 2300.0 0.0 128.0 128.0 128.0 0.0 1 1 1.0
274000.0 276000.0 3 1 184.44537850127494 7255.8277227833405 633.4173434356671 771260.2127117331 998.5580000000191 482.472900390625 663.8619492187476 290.1951673367541 4400.0 4400.0 4400.0 0.0 128.0 128.0 128.0 0.0 1 1 1.0
276000.0 278000.0 3 1 299.1679011050243 11507.830086211183 975.56686992269 1197206.0621569052 997.2330000000075 465.488037109375 652.9927122395796 298.5175297864743 4400.0 4400.0 4400.0 0.0 128.0 128.0 128.0 0.0 1 1 1.0
278000.0 280000.0 3 1 269.38269095253304 10648.759142578097 910.0427138120918 1112915.141967426 997.1280000000261 446.830078125 656.8656803385433 297.3654303343652 4400.0 4400.0 4400.0 0.0 128.0 128.0 128.0 0.0 1 1 1.0
280000.0 282000.0 3 1 247.1698218927141 9488.040245116295 835.3054335792466 1020239.7038808741 995.7069999999949 441.48095703125 660.5792929687499 294.7689568009253 4400.0 4400.0 4400.0 0.0 128.0 128.0 128.0 0.0 1 1 1.0
282000.0 284000.0 3 1 293.41335778546755 11202.415346729089 967.8489577197515 1189216.3175576227 994.4239999999991 439.8500976563082 664.0833802083507 292.11663518573704 4400.0 4400.0 4400.0 0.0 128.0 128.0 128.0 0.0 1 1 1.0
284000.0 286000.0 3 1 297.97976394442463 11356.45164486848 975.5090454831131 1207306.2498720335 997.689000000013 433.55126953125 663.5763906249971 296.12243860798384 4400.0 4400.0 4400.0 0.0 128.0 128.0 128.0 0.0 1 1 1.0
286000.0 288000.0 3 1 250.75159821184977 9300.002503185993 854.3329085275014 1048765.5363000394 999.618000000075 427.3759765625 663.2229023437831 299.07805753270713 4400.0 4400.0 4400.0 0.0 128.0 128.0 128.0 0.0 1 1 1.0
288000.0 290000.0 3 1 250.39623772657 9864.295826042115 850.5803527849096 1050770.0764000427 997.4820000000182 357.6508789063082 613.960300781279 338.35364415098195 4400.0 4400.0 4400.0 0.0 128.0 128.0 128.0 0.0 1 1 1.0
290000.0 292000.0 3 1 275.1930410471783 10444.74666629161 946.8883397423216 1164545.9436728146 995.2239999999874 321.194091796875 630.0704042968767 340.52081983575727 4400.0 4400.0 4400.0 0.0 128.0 128.0 128.0 0.0 1 1 1.0
292000.0 294000.0 3 1 274.9579450396363 10243.2320809279 929.924153351718 1146905.6324883003 998.1040000000503 315.862060546875 658.0999895833471 341.12645570448996 4400.0 4400.0 4400.0 0.0 128.0 128.0 128.0 0.0 1 1 1.0
294000.0 296000.0 1 1 61.70025939868559 2204.322951569883 196.1418772463479 240371.87056539932 585.2529394531157 585.2529394531157 585.2529394531157 0.0 0.0 0.0 0.0 0.0 0.0 0.0 0.0 0.0 0 0 1.0
296000.0 298000.0 2 1 222.72973302023712 8971.908594789136 702.1282760594815 859557.8698588761 999.6329999999725 546.393310546875 773.0131552734238 320.4888579151702 4400.0 4400.0 4400.0 0.0 128.0 128.0 128.0 0.0 1 1 1.0
298000.0 300000.0 3 1 309.6071960552056 12524.636720227621 997.6036523972136 1226059.7339815758 997.6920000000391 445.25868945312686 658.1495787760554 297.1970702246547 3000.0 3000.0 3000.0 0.0 128.0 128.0 128.0 0.0 2 1 1.0
300000.0 302000.0 1 1 74.66307092455732 3034.4546849832427 244.26807154330479 299222.39615954825 454.36995312501676 454.36995312501676 454.36995312501676 0.0 0.0 0.0 0.0 0.0 0.0 0.0 0.0 0.0 0 0 0.0
