ts te nbins ncons c_pkts_all c_ack_cnt c_ack_cnt_p c_bytes_all c_bytes_uniq s_pkts_all s_ack_cnt s_ack_cnt_p s_bytes_all s_bytes_uniq c_pkts_retx s_pkts_retx c_pkts_data s_pkts_data max_bin min_bin avg_bin std_bin max_vid min_vid avg_vid std_vid max_aud min_aud avg_aud std_aud num_vid num_aud num_mfs
0 2000 0 0 0 0 0 0 0 0 0 0 0 0 0 0 0 0 0 0 0 0 0 0 0 0 0 0 0 0 0  
2000 4000 0 0 0 0 0 0 0 0 0 0 0 0 0 0 0 0 0 0 0 0 0 0 0 0 0 0 0 0 0  
4000 6000 0 0 0 0 0 0 0 0 0 0 0 0 0 0 0 0 0 0 0 0 0 0 0 0 0 0 0 0 0  
6000 8000 4 4 68 65 52 12010 10984 112 112 19 123996 123767 1 2 13 89 611 595 605 7 288 288 288 0 128 128 128 0 3 3.0 1.0
8000 10000 9 4 106 105 96 7784 7139 136 136 16 218584 215673 0 2 8 119 845 202 387 193 288 288 288 0 128 128 128 0 3 2.0 1.0
10000 12000 9 4 130 130 122 6438 6438 176 176 15 274333 240445 0 23 7 160 996 172 533 306 288 288 288 0 128 128 128 0 3 4.0 1.0
12000 14000 6 3 100 100 94 5255 5255 141 141 11 224431 199876 0 14 6 129 985 148 586 340 288 288 288 0 128 128 128 0 2 2.0 1.0
14000 16000 4 3 73 73 70 2920 2920 118 118 6 193960 151496 0 22 3 111 533 260 439 121 480 480 480 0 128 128 128 0 2 1.0 1.0
16000 18000 3 2 45 45 43 2115 2115 67 67 4 130898 128805 0 2 2 63 641 447 525 102 480 480 480 0 128 128 128 0 1 1.0 1.0
18000 20000 7 3 73 73 69 3498 3498 98 98 7 167259 157923 0 6 4 91 975 15 424 297 840 840 840 0 128 128 128 0 2 1.0 1.0
20000 22000 5 3 94 94 90 2722 2722 122 122 5 215949 203826 0 7 3 117 924 86 466 324 840 840 840 0 128 128 128 0 1 1.0 1.0
22000 24000 5 2 97 97 94 2515 2515 138 138 5 255087 249148 0 3 3 133 997 24 448 369 840 840 840 0 128 128 128 0 1 1.0 1.0
24000 26000 4 2 109 109 106 2461 2461 141 141 4 235456 226225 0 5 2 136 914 464 585 219 840 840 840 0 128 128 128 0 1 1.0 1.0
26000 28000 4 2 123 123 120 2522 2522 151 151 4 246753 228456 0 10 3 147 975 482 617 239 840 840 840 0 128 128 128 0 1 1.0 1.0
28000 30000 6 2 98 98 95 2449 2449 129 129 5 200426 178942 0 15 2 123 787 201 459 203 288 288 288 0 128 128 128 0 1 1.0 1.0
30000 32000 4 2 44 44 42 2114 2114 61 61 4 125466 125466 0 0 2 56 639 269 387 171 288 288 288 0 128 128 128 0 1 1.0 1.0
32000 34000 4 2 42 42 38 2714 2714 60 60 5 113106 113106 0 0 3 54 638 158 350 204 288 288 288 0 128 128 128 0 1 1.0 1.0
34000 36000 5 2 45 45 42 2712 2712 56 56 4 99103 99103 0 0 3 51 997 24 450 368 288 288 288 0 128 128 128 0 1 1.0 1.0
36000 38000 4 2 49 49 46 2385 2385 63 63 5 109042 107163 0 1 2 57 640 70 314 237 288 288 288 0 128 128 128 0 1 1.0 1.0
38000 40000 3 2 46 46 43 2445 2445 62 62 4 106716 101355 0 1 2 57 640 260 402 207 288 288 288 0 128 128 128 0 1 1.0 1.0
40000 42000 4 2 46 46 43 2778 2778 67 67 4 122846 104925 0 8 3 62 995 277 561 323 288 288 288 0 128 128 128 0 1 1.0 1.0
42000 44000 4 2 40 40 37 2273 1973 57 57 4 101411 82063 0 10 2 53 999 289 547 317 288 288 288 0 128 128 128 0 1 1.0 1.0
44000 46000 4 2 51 51 47 3291 2751 74 74 6 135595 126450 0 4 3 68 639 284 436 173 288 288 288 0 128 128 128 0 1 1.0 1.0
46000 48000 3 2 41 41 38 2567 2567 56 56 5 109377 109377 0 0 3 51 640 257 417 199 288 288 288 0 128 128 128 0 1 1.0 1.0
48000 50000 4 2 41 41 38 2602 2602 52 52 4 95949 95949 0 0 3 48 994 292 547 332 288 288 288 0 128 128 128 0 1 1.0 1.0
50000 52000 4 2 41 41 38 1995 1995 60 60 4 105982 105982 0 0 2 55 639 59 324 238 288 288 288 0 128 128 128 0 1 1.0 1.0
52000 54000 6 3 103 103 98 4680 4680 120 120 9 198271 194107 0 3 5 111 806 258 479 228 288 288 288 0 128 128 128 0 2 2.0 1.0
54000 56000 4 2 47 47 44 2107 2107 75 75 4 127485 112527 0 6 2 70 638 117 387 227 288 288 288 0 128 128 128 0 1 1.0 1.0
56000 58000 7 3 48 48 45 2883 2883 84 84 5 147352 139145 0 3 3 77 992 0 367 340 840 840 840 0 128 128 128 0 1 1.0 1.0
58000 60000 4 2 79 79 76 2472 2472 118 118 4 226907 226907 0 0 2 113 988 389 585 274 840 840 840 0 128 128 128 0 1 1.0 1.0
60000 62000 4 2 90 90 87 2539 2539 136 136 5 259735 259735 0 0 3 131 976 170 547 331 840 840 840 0 128 128 128 0 1 1.0 1.0
62000 64000 4 2 81 81 78 2504 2504 106 106 4 215261 211183 0 3 3 102 992 458 613 253 840 840 840 0 128 128 128 0 1 1.0 1.0
64000 66000 6 2 105 105 101 2928 2928 139 139 6 238241 231886 0 6 3 133 993 226 579 318 840 840 840 0 128 128 128 0 1 1.0 1.0
66000 68000 4 2 90 90 88 1945 1945 118 118 3 209652 203324 0 4 2 114 811 167 507 328 288 288 288 0 128 128 128 0 1 1.0 1.0
68000 70000 4 2 50 50 47 2105 2105 81 81 5 142108 133852 0 6 2 76 640 294 469 157 288 288 288 0 128 128 128 0 1 1.0 1.0
70000 72000 4 2 35 35 32 2328 2328 61 61 4 99685 94749 0 3 2 56 640 285 381 172 288 288 288 0 128 128 128 0 1 1.0 1.0
72000 74000 5 2 50 50 47 2630 2630 68 68 5 116443 109422 0 4 3 63 641 68 372 218 288 288 288 0 128 128 128 0 1 1.0 1.0
74000 76000 4 2 45 45 42 2933 2933 67 67 5 120893 120893 0 0 3 61 640 260 409 176 288 288 288 0 128 128 128 0 1 1.0 1.0
76000 78000 4 2 35 35 33 2139 2139 53 53 4 93648 88304 0 3 2 49 639 58 320 239 288 288 288 0 128 128 128 0 1 1.0 1.0
78000 80000 5 2 33 33 30 2685 2685 58 58 4 101282 98298 0 1 3 53 995 190 489 323 288 288 288 0 128 128 128 0 1 1.0 1.0
80000 82000 5 2 42 42 39 2594 2594 61 61 5 102940 102940 0 0 3 55 995 292 490 294 288 288 288 0 128 128 128 0 1 1.0 1.0
82000 84000 4 2 44 44 41 2698 2698 72 72 5 129686 129686 0 0 3 66 637 116 376 225 288 288 288 0 128 128 128 0 1 1.0 1.0
84000 86000 4 2 32 32 29 2134 2134 54 54 4 92439 87205 0 4 2 50 640 18 301 255 288 288 288 0 128 128 128 0 1 1.0 1.0
86000 88000 4 2 39 39 36 2380 2380 66 66 4 108388 99924 0 6 2 62 640 139 384 216 288 288 288 0 128 128 128 0 1 1.0 1.0
88000 90000 5 2 39 39 36 2763 2763 57 57 4 96836 96006 0 0 3 52 985 252 492 311 288 288 288 0 128 128 128 0 1 1.0 1.0
90000 92000 5 2 38 38 35 2615 2615 58 58 5 87980 85825 0 3 3 53 941 212 409 304 288 288 288 0 128 128 128 0 1 1.0 1.0
92000 94000 4 2 50 50 47 2256 2256 85 85 5 137784 134996 0 3 2 80 638 286 463 170 288 288 288 0 128 128 128 0 1 1.0 1.0
94000 96000 4 2 29 29 26 2326 2326 50 50 4 87183 87183 0 0 2 45 639 176 357 198 288 288 288 0 128 128 128 0 1 1.0 1.0
96000 98000 6 3 47 47 43 2726 2726 70 70 4 111916 111916 0 0 3 64 999 240 493 281 288 288 288 0 128 128 128 0 1 1.0 1.0
98000 100000 5 2 48 48 44 2533 2533 61 61 5 106856 106856 0 0 3 55 995 290 496 293 288 288 288 0 128 128 128 0 1 1.0 1.0
100000 102000 3 2 20 20 18 1540 1540 27 27 3 47749 47749 0 0 1 23 383 237 324 76 0 0 0 0 0 0 0 0 0 0.0 1.0
102000 104000 3 3 29 29 26 2446 2446 42 42 4 79276 79276 0 0 2 38 640 84 339 281 288 288 288 0 128 128 128 0 2 1.0 1.0
104000 106000 7 4 88 86 77 8362 8362 123 123 16 194145 186087 0 6 8 105 998 254 552 290 288 288 288 0 128 128 128 0 1 2.0 1.0
106000 108000 4 2 44 44 42 1844 1844 60 60 4 117083 117083 0 0 2 56 640 45 333 244 288 288 288 0 128 128 128 0 1 1.0 1.0
108000 110000 6 4 56 56 51 2491 2491 70 70 6 108981 104425 0 3 2 61 640 80 259 219 288 288 288 0 128 128 128 0 1 1.0 1.0
110000 112000 4 2 44 44 41 2937 2937 66 66 5 112055 109670 0 1 3 60 640 98 341 224 288 288 288 0 128 128 128 0 1 1.0 1.0
112000 114000 7 3 88 87 80 6664 6664 127 127 12 197355 170455 0 14 7 113 999 220 555 329 288 288 288 0 128 128 128 0 2 2.0 1.0
114000 116000 4 2 52 52 50 1615 1615 80 80 4 134080 132392 0 1 1 75 640 291 394 165 288 288 288 0 128 128 128 0 1 1.0 1.0
116000 118000 5 3 29 29 26 1705 1705 39 39 4 59084 59084 0 0 2 33 989 26 352 375 0 0 0 0 0 0 0 0 0 0.0 1.0
118000 120000 2 2 30 30 28 2032 2032 36 36 4 67418 67418 0 0 2 31 639 287 463 249 288 288 288 0 128 128 128 0 1 1.0 1.0
120000 122000 4 2 31 31 28 2236 2236 41 41 4 74813 74813 0 0 2 37 639 27 288 257 288 288 288 0 128 128 128 0 1 1.0 1.0
122000 124000 3 2 27 27 24 2622 1998 40 40 4 67902 67902 0 0 3 35 639 109 341 271 288 288 288 0 0 0 0 0 1 0.0 1.0
124000 126000 8 4 124 122 113 8973 8778 197 197 16 304634 288579 0 11 9 178 999 19 518 377 4400 4400 4400 0 128 128 128 0 2 2.0 1.0
126000 128000 5 2 146 146 145 1289 1289 203 203 2 378313 354892 0 17 1 200 995 469 627 215 0 0 0 0 0 0 0 0 0 0.0 1.0
128000 130000 9 4 155 155 153 2012 2012 251 251 5 438241 381972 0 37 2 245 998 185 598 303 4400 4400 4400 0 128 128 128 0 1 1.0 1.0
130000 132000 10 4 199 197 193 1386 1386 271 271 2 406243 288560 0 82 1 267 994 0 460 383 0 0 0 0 0 0 0 0 0 0.0 1.0
132000 134000 7 4 134 132 121 10031 9627 212 212 19 337134 324365 0 9 10 190 984 138 602 298 480 480 480 0 128 128 128 0 3 3.0 1.0
134000 136000 7 4 136 135 126 7845 7499 199 199 16 335643 321075 0 9 8 182 991 323 592 287 480 480 480 0 128 128 128 0 3 3.0 1.0
136000 138000 6 2 99 99 94 4368 4368 138 138 9 239402 236197 0 1 5 128 957 182 445 273 480 480 480 0 128 128 128 0 2 2.0 1.0
138000 140000 6 4 50 50 45 2314 2314 80 80 7 134435 129074 0 1 2 71 739 73 457 284 480 480 480 0 128 128 128 0 1 1.0 1.0
140000 142000 4 2 47 47 44 2373 2373 62 62 3 108185 105217 0 1 2 58 998 289 564 321 480 480 480 0 128 128 128 0 1 1.0 1.0
142000 144000 5 2 40 40 37 2648 2648 69 69 5 123802 123802 0 0 3 64 966 263 498 291 480 480 480 0 128 128 128 0 1 1.0 1.0
144000 146000 5 2 53 53 50 2219 2219 67 67 4 116831 109471 0 4 2 62 966 112 456 320 480 480 480 0 128 128 128 0 1 1.0 1.0
146000 148000 4 2 50 50 47 2438 2438 76 76 5 139586 130099 0 5 2 70 640 290 433 150 480 480 480 0 128 128 128 0 1 1.0 1.0
148000 150000 5 2 45 45 42 2584 2584 62 62 4 117176 111334 0 3 3 57 993 186 487 323 480 480 480 0 128 128 128 0 1 1.0 1.0
150000 152000 4 2 44 44 42 2182 2182 83 83 4 147484 131600 0 9 2 78 640 294 441 147 480 480 480 0 128 128 128 0 1 1.0 1.0
152000 154000 5 2 53 53 49 3035 3035 81 81 6 160164 149616 0 6 3 74 640 232 423 188 480 480 480 0 128 128 128 0 1 1.0 1.0
154000 156000 5 2 45 45 42 2809 2809 61 61 5 120275 117594 0 1 3 56 989 8 449 372 480 480 480 0 128 128 128 0 1 1.0 1.0
156000 158000 4 2 32 32 29 2251 2251 45 45 4 103891 102343 0 1 2 40 979 289 561 312 480 480 480 0 128 128 128 0 1 1.0 1.0
158000 160000 4 2 35 35 32 2205 2205 55 55 5 124829 124829 0 0 2 50 640 117 353 217 480 480 480 0 128 128 128 0 1 1.0 1.0
160000 162000 5 2 40 40 37 2728 2728 57 57 4 127224 125524 0 1 3 52 998 136 475 337 480 480 480 0 128 128 128 0 1 1.0 1.0
162000 164000 5 2 56 56 53 2215 2215 69 69 4 120301 112545 0 5 2 64 972 160 466 312 480 480 480 0 128 128 128 0 1 1.0 1.0
164000 166000 4 2 67 67 63 2744 2744 103 103 5 164962 152357 0 7 3 97 641 292 465 143 480 480 480 0 128 128 128 0 1 1.0 1.0
166000 168000 5 2 56 56 53 2846 2846 69 69 5 126214 124740 0 0 3 64 999 30 452 368 480 480 480 0 128 128 128 0 1 1.0 1.0
168000 170000 4 2 43 43 41 1976 1976 61 61 4 106429 99106 0 3 2 57 992 288 546 313 480 480 480 0 128 128 128 0 1 1.0 1.0
170000 172000 4 2 56 56 54 2395 2395 83 83 5 142254 124455 0 9 2 78 638 283 430 155 480 480 480 0 128 128 128 0 1 1.0 1.0
172000 174000 4 2 48 48 45 2506 2506 73 73 5 122265 114446 0 5 3 68 637 268 384 171 480 480 480 0 128 128 128 0 1 1.0 1.0
174000 176000 6 2 109 109 103 4601 4601 145 145 9 229101 222515 0 3 5 136 812 243 456 241 480 480 480 0 128 128 128 0 2 2.0 1.0
176000 178000 4 2 77 77 73 2696 2696 111 111 6 164860 148911 0 10 3 105 542 385 475 65 480 480 480 0 128 128 128 0 1 1.0 1.0
178000 180000 3 2 48 48 46 2357 2357 74 74 4 131402 127094 0 3 2 70 598 318 448 141 840 840 840 0 128 128 128 0 1 1.0 1.0
180000 182000 3 1 42 42 41 1295 1295 52 52 2 109612 109612 0 0 1 50 887 0 481 448 0 0 0 0 0 0 0 0 0 0.0 1.0
182000 184000 2 2 38 38 36 2110 2110 70 70 4 129603 129603 0 0 2 66 534 361 448 122 840 840 840 0 128 128 128 0 1 1.0 1.0
184000 186000 4 2 107 107 103 2891 2891 143 143 6 241203 234449 0 4 3 136 968 98 609 407 480 480 480 0 128 128 128 0 1 1.0 1.0
186000 188000 2 2 29 29 27 2284 2284 47 47 4 84002 75100 0 5 2 43 640 287 464 249 480 480 480 0 128 128 128 0 1 1.0 1.0
188000 190000 7 3 80 79 73 6090 6090 117 117 12 200487 184795 0 9 6 104 843 171 464 251 480 480 480 0 128 128 128 0 2 2.0 1.0
190000 192000 5 2 68 68 65 2483 2483 93 93 4 169095 169095 0 0 2 88 987 144 502 373 480 480 480 0 128 128 128 0 1 1.0 1.0
192000 194000 5 3 65 65 62 1917 1917 96 96 5 189466 189466 0 0 2 89 641 172 409 217 480 480 480 0 128 128 128 0 1 1.0 1.0
194000 196000 5 2 68 68 65 2473 2473 77 77 4 163825 158713 0 4 2 72 639 265 368 154 480 480 480 0 128 128 128 0 1 1.0 1.0
196000 198000 5 2 51 51 47 2904 2904 70 70 4 145334 143648 0 1 3 65 991 286 514 293 480 480 480 0 128 128 128 0 1 1.0 1.0
198000 200000 5 2 108 108 102 4718 4718 132 132 10 252719 251629 0 0 5 122 985 391 644 223 480 480 480 0 128 128 128 0 2 2.0 1.0
200000 202000 4 2 81 81 79 2104 2104 125 125 5 227147 227147 0 0 2 120 652 70 418 252 840 840 840 0 128 128 128 0 1 1.0 1.0
202000 204000 4 2 84 84 81 2522 2522 123 123 5 241655 241655 0 0 3 118 984 209 553 326 840 840 840 0 128 128 128 0 1 1.0 1.0
204000 206000 4 2 84 84 81 2559 2559 113 113 4 213153 208361 0 2 3 108 938 172 544 313 840 840 840 0 128 128 128 0 1 1.0 1.0
206000 208000 5 2 115 115 112 2476 2476 159 159 5 289746 279774 0 5 2 153 888 124 485 271 840 840 840 0 128 128 128 0 1 1.0 1.0
208000 210000 4 2 104 104 101 2553 2553 144 144 5 243783 233596 0 7 3 139 954 222 558 300 840 840 840 0 128 128 128 0 1 1.0 1.0
210000 212000 4 2 86 86 83 2513 2513 121 121 5 256669 256669 0 0 3 116 980 365 589 271 840 840 840 0 128 128 128 0 1 1.0 1.0
212000 214000 4 2 70 70 67 2456 2456 111 111 4 216111 216111 0 0 2 106 964 431 583 255 840 840 840 0 128 128 128 0 1 1.0 1.0
214000 216000 4 2 90 90 87 2498 2498 128 128 4 246675 245983 0 0 2 123 991 448 607 257 840 840 840 0 128 128 128 0 1 1.0 1.0
216000 218000 4 2 83 83 80 2410 2410 125 125 4 247732 239779 0 3 2 120 975 474 607 245 840 840 840 0 128 128 128 0 1 1.0 1.0
218000 220000 5 2 109 109 106 2603 2603 154 154 4 260941 239316 0 11 3 150 989 49 455 356 840 840 840 0 128 128 128 0 1 1.0 1.0
220000 222000 6 2 122 122 119 2477 2477 166 166 5 284782 246346 0 23 2 160 995 56 530 301 840 840 840 0 128 128 128 0 1 1.0 1.0
222000 224000 3 1 55 55 54 1253 1253 68 68 2 127765 125759 0 1 1 66 987 0 500 493 0 0 0 0 0 0 0 0 0 0.0 1.0
224000 226000 2 2 34 34 31 2077 2077 57 57 3 115604 115604 0 0 2 53 493 421 457 50 840 840 840 0 128 128 128 0 1 1.0 1.0
226000 228000 4 2 68 68 64 2739 2739 84 84 4 176260 176260 0 0 3 79 975 282 559 294 288 288 288 0 128 128 128 0 1 1.0 1.0
228000 230000 7 3 107 106 99 6568 6568 128 128 12 212174 211416 0 0 7 115 980 137 510 343 288 288 288 0 128 128 128 0 2 2.0 1.0
230000 232000 3 2 29 29 28 820 820 45 45 3 77893 76146 0 2 1 41 419 314 376 55 0 0 0 0 0 0 0 0 0 0.0 1.0
232000 234000 2 2 6 6 4 820 820 7 7 3 2939 2939 0 0 1 3 281 165 223 82 0 0 0 0 0 0 0 0 0 0.0 1.0
234000 236000 0 0 0 0 0 0 0 0 0 0 0 0 0 0 0 0 0 0 0 0 0 0 0 0 0 0 0 0 0  
236000 238000 1 1 2 2 1 820 820 3 3 2 2915 2915 0 0 1 1 271 271 271 0 0 0 0 0 0 0 0 0 0 0.0 1.0
238000 240000 5 5 67 65 56 7729 7729 119 119 14 163333 163332 0 0 8 101 838 21 471 354 288 288 288 0 128 128 128 0 2 2.0 1.0
240000 242000 11 5 132 131 120 9302 9302 169 169 19 259149 259148 1 1 10 148 994 0 387 378 288 288 288 0 128 128 128 0 3 3.0 1.0
242000 244000 7 3 106 106 102 3351 3351 124 124 7 188964 188962 0 1 4 117 994 100 495 351 288 288 288 0 128 128 128 0 1 1.0 1.0
244000 246000 9 5 121 121 113 4783 4783 153 153 13 240654 240043 0 1 5 137 994 108 560 321 288 288 288 0 128 128 128 0 3 3.0 1.0
246000 248000 4 2 46 46 43 2277 2277 76 76 5 129327 128548 0 0 2 70 640 87 411 245 840 840 840 0 128 128 128 0 1 1.0 1.0
248000 250000 5 2 75 75 72 2744 2744 105 105 4 218991 213851 0 3 3 100 921 68 446 351 840 840 840 0 128 128 128 0 1 1.0 1.0
250000 252000 5 2 110 110 107 2527 2527 162 162 5 278390 264453 0 11 3 156 986 169 580 300 840 840 840 0 128 128 128 0 1 1.0 1.0
252000 254000 4 2 76 76 73 2525 2525 132 132 5 238895 238895 0 0 3 127 989 161 543 339 840 840 840 0 128 128 128 0 1 1.0 1.0
254000 256000 4 2 69 69 66 2154 2154 110 110 4 210559 210559 0 0 2 106 904 446 574 220 840 840 840 0 128 128 128 0 1 1.0 1.0
256000 258000 4 2 56 56 54 1567 1567 77 77 2 164673 164673 0 0 1 74 913 0 425 395 0 0 0 0 0 0 0 0 0 0.0 1.0
258000 260000 2 2 37 37 35 2088 2088 59 59 4 124758 124758 0 0 2 55 507 396 452 78 840 840 840 0 128 128 128 0 1 1.0 1.0
260000 262000 4 2 81 81 78 2496 2496 112 112 4 212173 200427 0 7 2 107 980 275 559 298 480 480 480 0 128 128 128 0 1 1.0 1.0
262000 264000 4 2 54 54 52 2166 2166 78 78 3 146612 133086 0 8 2 74 985 291 562 296 480 480 480 0 128 128 128 0 1 1.0 1.0
264000 266000 6 3 107 107 102 4863 4863 142 142 10 276799 272136 0 2 5 132 991 260 642 257 480 480 480 0 128 128 128 0 2 2.0 1.0
266000 268000 3 2 29 29 28 890 890 42 42 2 80475 80475 0 0 1 39 544 60 290 243 0 0 0 0 0 0 0 0 0 0.0 1.0
268000 270000 2 2 35 35 32 2398 2398 50 50 4 84984 84984 0 0 2 46 638 510 574 90 480 480 480 0 128 128 128 0 1 1.0 1.0
270000 272000 6 3 87 87 82 4115 4115 142 142 9 232027 232027 0 0 4 133 971 185 450 272 288 288 288 0 128 128 128 0 2 2.0 1.0
272000 274000 3 2 30 30 27 2403 2403 48 48 4 85198 85198 0 0 2 43 492 73 325 222 288 288 288 0 128 128 128 0 1 1.0 1.0
274000 276000 3 2 43 43 40 2372 2372 62 62 4 119302 119302 0 0 2 57 496 228 386 140 480 480 480 0 128 128 128 0 1 1.0 1.0
276000 278000 3 2 52 52 49 2419 2419 78 78 4 140780 140780 0 0 2 73 572 427 479 80 480 480 480 0 128 128 128 0 1 1.0 1.0
278000 280000 4 2 66 66 63 2560 2560 86 86 5 160034 158635 0 1 3 81 997 301 585 294 480 480 480 0 128 128 128 0 1 1.0 1.0
280000 282000 3 2 56 56 53 2462 2462 89 89 4 162389 161012 0 0 2 84 551 452 494 51 840 840 840 0 128 128 128 0 1 1.0 1.0
282000 284000 4 2 76 76 73 2516 2516 119 119 5 214437 214437 0 0 3 114 973 292 568 289 840 840 840 0 128 128 128 0 1 1.0 1.0
284000 286000 4 2 86 86 82 2799 2799 111 111 5 197738 197738 0 0 3 105 915 286 540 268 0 0 0 0 128 128 128 0 0 1.0 1.0
286000 288000 3 2 31 31 28 1203 1203 48 48 2 85174 85174 0 0 1 44 638 32 242 342 480 480 480 0 0 0 0 0 1 0.0 1.0
288000 290000 5 2 143 143 137 4316 4316 191 191 9 305715 280733 0 14 5 181 984 359 716 266 480 480 480 0 128 128 128 0 2 2.0 1.0
290000 292000 4 2 39 39 36 2096 2096 70 70 4 115633 107816 0 4 2 65 636 193 352 194 480 480 480 0 128 128 128 0 1 1.0 1.0
292000 294000 6 3 122 121 113 6856 6856 190 190 14 314247 309895 0 4 7 174 929 342 616 251 480 480 480 0 128 128 128 0 2 2.0 1.0
294000 296000 3 2 40 40 37 2382 2382 70 70 4 135748 134880 0 0 2 65 501 340 417 80 840 840 840 0 128 128 128 0 1 1.0 1.0
296000 298000 4 2 72 72 69 2510 2510 102 102 5 190860 190860 0 0 3 97 979 399 596 260 840 840 840 0 128 128 128 0 1 1.0 1.0
298000 300000 5 3 74 74 70 2443 2443 109 109 5 198643 198643 0 0 2 102 957 304 614 289 840 840 840 0 128 128 128 0 1 1.0 1.0
300000 302000 1 1 24 24 24 466 466 53 53 1 95321 95321 0 0 0 52 550 550 550 0 0 0 0 0 0 0 0 0 0 0.0 0.0
