ts te nbins ncons c_tcp_packs c_tcp_bytes c_udp_packs c_udp_bytes s_tcp_packs s_tcp_bytes s_udp_packs s_udp_bytes max_bins_span min_bins_span avg_bins_span std_bins_span max_video_rate min_video_rate avg_video_rate std_video_rate max_audio_rate min_audio_rate avg_audio_rate std_audio_rate video_requests audio_requests
0 2000 29 25 426 67939 0 0 736 763408 0 0 999 32 396 293 0 0 0 0 0 0 0 0 0 0
2000 4000 21 14 361 5547 8 4326 516 638024 10 5982 871 0 370 285 0 0 0 0 0 0 0 0 0 0
4000 6000 3 3 7 2116 0 0 8 1559 0 0 189 101 138 45 0 0 0 0 0 0 0 0 0 0
6000 8000 13 9 371 26780 0 0 589 721597 0 0 999 18 573 373 0 0 0 0 0 0 0 0 0 0
8000 10000 23 13 428 18106 79 14867 568 730956 134 143887 999 8 490 365 840 840 840 0 128 128 128 0 2 2
10000 12000 43 26 342 40475 187 57001 487 523407 318 279249 994 0 474 353 0 0 0 0 0 0 0 0 0 0
12000 14000 20 12 371 18837 23 3324 476 588339 35 11479 994 0 573 358 288 288 288 0 128 128 128 0 3 3
14000 16000 11 6 323 1623 7 3403 408 560107 8 955 999 5 542 396 288 288 288 0 128 128 128 0 1 1
16000 18000 7 3 315 168 5 3852 447 615201 4 137 998 10 604 403 288 288 288 0 128 128 128 0 2 2
18000 20000 6 2 376 1 0 0 463 641983 0 0 999 19 662 405 288 288 288 0 128 128 128 0 1 1
20000 22000 11 7 311 20007 0 0 431 561566 0 0 999 15 478 363 288 288 288 0 128 128 128 0 2 2
22000 24000 6 2 341 145 0 0 432 598510 0 0 999 41 663 392 288 288 288 0 128 128 128 0 1 1
24000 26000 6 2 345 0 0 0 431 599244 0 0 999 43 662 390 288 288 288 0 128 128 128 0 2 2
26000 28000 6 2 313 131 0 0 427 590369 0 0 999 48 661 386 288 288 288 0 128 128 128 0 1 1
28000 30000 6 2 268 45 0 0 410 571462 0 0 997 61 661 379 288 288 288 0 128 128 128 0 2 2
30000 32000 15 11 434 155714 6 3408 602 657433 7 4357 999 59 506 339 288 288 288 0 128 128 128 0 1 1
32000 34000 8 4 278 130 11 7146 407 563965 15 9021 997 77 585 355 288 288 288 0 128 128 128 0 2 2
34000 36000 8 4 343 42 10 4762 480 666742 12 4657 997 46 537 391 288 288 288 0 128 128 128 0 1 1
36000 38000 17 13 407 139 2 1225 471 636508 2 94 999 22 267 365 288 288 288 0 128 128 128 0 1 1
38000 40000 10 6 387 49 0 0 539 739570 0 0 999 20 407 425 288 288 288 0 128 128 128 0 1 1
40000 42000 13 9 374 18885 0 0 462 596667 0 0 999 24 447 323 288 288 288 0 128 128 128 0 1 1
42000 44000 8 4 372 708 0 0 521 711390 0 0 999 107 568 357 288 288 288 0 128 128 128 0 1 1
44000 46000 8 4 392 76 0 0 455 627765 0 0 997 17 516 400 288 288 288 0 128 128 128 0 1 1
46000 48000 15 11 360 41 0 0 494 672798 0 0 998 16 276 386 288 288 288 0 128 128 128 0 1 1
48000 50000 12 8 320 6840 0 0 454 612426 0 0 999 15 364 395 288 288 288 0 128 128 128 0 1 1
50000 52000 19 14 336 15357 0 0 508 674363 0 0 997 15 337 358 288 288 288 0 128 128 128 0 1 1
52000 54000 16 11 383 4194 0 0 515 677062 0 0 999 16 464 325 288 288 288 0 128 128 128 0 1 1
54000 56000 11 7 349 32 0 0 456 626060 0 0 998 15 432 404 288 288 288 0 128 128 128 0 1 1
56000 58000 12 8 368 78 0 0 472 643612 0 0 998 15 345 400 288 288 288 0 128 128 128 0 1 1
58000 60000 11 7 219 155 0 0 387 530149 0 0 994 16 366 406 288 288 288 0 128 128 128 0 1 1
60000 62000 19 15 347 11981 0 0 536 695836 0 0 999 5 349 309 288 288 288 0 128 128 128 0 1 1
62000 64000 8 4 346 3901 0 0 494 667364 0 0 996 183 604 308 288 288 288 0 128 128 128 0 1 1
64000 66000 6 2 400 36 0 0 476 656256 0 0 997 187 661 327 288 288 288 0 128 128 128 0 1 1
66000 68000 9 5 384 78186 0 0 504 596539 0 0 998 118 533 346 288 288 288 0 128 128 128 0 2 2
68000 70000 7 4 298 45337 0 0 497 632648 0 0 999 196 505 302 0 0 0 0 0 0 0 0 0 0
70000 72000 8 6 337 17358 0 0 491 649146 0 0 999 143 411 318 288 288 288 0 128 128 128 0 2 2
72000 74000 4 2 342 90 0 0 497 684127 0 0 999 147 535 424 0 0 0 0 0 0 0 0 0 0
74000 76000 4 3 114 49 11 4763 145 199000 14 5119 522 141 258 177 288 288 288 0 128 128 128 0 1 1
76000 78000 5 4 19 10080 0 0 30 8582 0 0 979 18 431 502 480 288 416 110 128 128 128 0 3 3
78000 80000 0 0 0 0 0 0 0 0 0 0 0 0 0 0 0 0 0 0 0 0 0 0 0 0
80000 82000 5 5 14 13864 0 0 16 1295 0 0 179 20 110 81 840 840 840 0 128 128 128 0 2 2
82000 84000 2 2 2 0 0 0 2 0 0 0 17 17 17 0 840 840 840 0 128 128 128 0 1 1
84000 86000 0 0 0 0 0 0 0 0 0 0 0 0 0 0 0 0 0 0 0 0 0 0 0 0
86000 88000 2 2 3 0 0 0 3 77 0 0 117 15 66 71 840 840 840 0 128 128 128 0 1 1
88000 90000 2 2 5 5288 0 0 7 525 0 0 336 16 176 226 1500 1500 1500 0 128 128 128 0 2 2
90000 92000 4 4 13 14536 0 0 18 1148 0 0 623 30 250 257 1500 1500 1500 0 128 128 128 0 1 1
92000 94000 9 9 7 0 16 8046 7 0 19 9597 411 18 92 148 1500 1500 1500 0 128 128 128 0 1 1
94000 96000 10 9 14 468 21 15088 13 5987 22 6958 986 0 197 318 1500 1500 1500 0 128 128 128 0 1 1
96000 98000 4 4 4 35 0 0 5 31 0 0 128 15 44 56 1500 1500 1500 0 128 128 128 0 1 1
98000 100000 1 1 1 0 0 0 1 0 0 0 18 18 18 0 1500 1500 1500 0 128 128 128 0 1 1
100000 102000 7 7 14 11142 0 0 18 824 0 0 170 15 58 68 1500 1500 1500 0 128 128 128 0 1 1
102000 104000 7 7 7 35 0 0 8 31 0 0 18 16 17 0 1500 1500 1500 0 128 128 128 0 1 1
104000 106000 1 1 1 35 0 0 2 31 0 0 21 21 21 0 1500 1500 1500 0 128 128 128 0 1 1
106000 108000 0 0 0 0 0 0 0 0 0 0 0 0 0 0 0 0 0 0 0 0 0 0 0 0
108000 110000 0 0 0 0 0 0 0 0 0 0 0 0 0 0 0 0 0 0 0 0 0 0 0 0
110000 112000 2 2 9 11015 0 0 13 800 0 0 337 261 299 54 1500 1500 1500 0 128 128 128 0 1 1
112000 114000 1 1 1 0 0 0 1 0 0 0 28 28 28 0 1500 1500 1500 0 128 128 128 0 1 1
114000 116000 1 1 1 0 0 0 1 0 0 0 27 27 27 0 1500 1500 1500 0 128 128 128 0 2 2
116000 118000 0 0 0 0 0 0 0 0 0 0 0 0 0 0 0 0 0 0 0 0 0 0 0 0
118000 120000 0 0 0 0 0 0 0 0 0 0 0 0 0 0 0 0 0 0 0 0 0 0 0 0
120000 122000 5 5 13 12132 0 0 16 1704 0 0 359 17 195 161 1500 1500 1500 0 128 128 128 0 1 1
122000 124000 8 8 124 4894 24 10629 161 190804 27 10913 718 15 280 242 1500 1500 1500 0 0 0 0 0 1 0
124000 126000 3 3 0 0 18 8760 0 0 23 8614 274 141 203 66 2300 2300 2300 0 128 128 128 0 2 3
126000 128000 6 6 53 114795 0 0 101 929 0 0 597 18 187 220 2300 2300 2300 0 128 128 128 0 1 1
128000 130000 4 3 22 11832 0 0 26 7295 0 0 663 141 363 217 2300 2300 2300 0 128 128 128 0 1 1
130000 132000 3 3 15 22442 0 0 22 2183 0 0 457 131 282 164 2300 2300 2300 0 128 128 128 0 1 1
132000 134000 7 6 28 8432 0 0 35 14177 0 0 481 52 199 179 2300 2300 2300 0 128 128 128 0 1 1
134000 136000 4 4 2 35 0 0 3 31 0 0 134 4 68 53 2300 2300 2300 0 128 128 128 0 1 1
136000 138000 1 1 0 0 0 0 0 0 0 0 14 14 14 0 2300 2300 2300 0 128 128 128 0 1 1
138000 140000 6 6 7 0 0 0 8 77 0 0 215 20 55 78 2300 2300 2300 0 128 128 128 0 1 1
140000 142000 5 5 11 10314 0 0 14 800 0 0 754 62 236 299 2300 2300 2300 0 128 128 128 0 1 1
142000 144000 7 7 11 0 0 0 11 154 0 0 280 15 59 97 2300 2300 2300 0 128 128 128 0 1 1
144000 146000 1 1 1 0 0 0 1 0 0 0 32 32 32 0 2300 2300 2300 0 128 128 128 0 1 1
146000 148000 3 3 3 0 0 0 3 0 0 0 25 24 24 0 2300 2300 2300 0 128 128 128 0 1 1
148000 150000 8 8 8 0 0 0 8 0 0 0 31 23 26 2 2300 2300 2300 0 128 128 128 0 1 1
150000 152000 5 5 9 10936 4 2190 14 862 5 3189 370 61 167 125 2300 2300 2300 0 128 128 128 0 1 1
152000 154000 2 2 0 0 13 7107 0 0 15 10134 236 170 203 46 2300 2300 2300 0 128 128 128 0 1 1
154000 156000 0 0 0 0 0 0 0 0 0 0 0 0 0 0 0 0 0 0 0 0 0 0 0 0
156000 158000 1 1 1 35 0 0 2 31 0 0 50 50 50 0 2300 2300 2300 0 128 128 128 0 2 1
158000 160000 0 0 0 0 0 0 0 0 0 0 0 0 0 0 0 0 0 0 0 0 0 0 0 0
160000 162000 3 3 10 11840 0 0 15 1673 0 0 615 263 392 193 2300 2300 2300 0 128 128 128 0 1 1
162000 164000 1 1 1 35 0 0 2 31 0 0 21 21 21 0 2300 2300 2300 0 128 128 128 0 2 2
164000 166000 1 1 1 35 0 0 2 31 0 0 133 133 133 0 2300 2300 2300 0 128 128 128 0 1 1
166000 168000 1 1 1 0 0 0 1 0 0 0 23 23 23 0 0 0 0 0 0 0 0 0 0 0
168000 170000 4 4 7 4640 0 0 8 525 0 0 362 16 105 171 2300 2300 2300 0 128 128 128 0 2 2
170000 172000 2 2 9 12495 0 0 10 800 0 0 273 232 252 29 2300 2300 2300 0 128 128 128 0 1 1
172000 174000 4 4 3 0 0 0 3 0 0 0 17 0 12 8 2300 2300 2300 0 128 128 128 0 1 1
174000 176000 0 0 0 0 0 0 0 0 0 0 0 0 0 0 0 0 0 0 0 0 0 0 0 0
176000 178000 1 1 1 0 0 0 1 0 0 0 17 17 17 0 2300 2300 2300 0 128 128 128 0 1 1
178000 180000 2 2 2 0 0 0 2 0 0 0 26 21 24 3 2300 2300 2300 0 128 128 128 0 1 1
180000 182000 4 4 10 10347 0 0 14 831 0 0 662 21 242 285 2300 2300 2300 0 128 128 128 0 1 1
182000 184000 5 5 5 0 0 0 5 0 0 0 20 19 19 0 2300 2300 2300 0 128 128 128 0 1 1
184000 186000 0 0 0 0 0 0 0 0 0 0 0 0 0 0 0 0 0 0 0 0 0 0 0 0
186000 188000 7 7 44 91159 0 0 83 692 0 0 740 16 155 270 2300 2300 2300 0 128 128 128 0 1 1
188000 190000 6 6 13 20352 0 0 22 654 0 0 266 18 103 101 2300 2300 2300 0 128 128 128 0 1 1
190000 192000 6 6 15 13718 0 0 16 2483 0 0 352 27 137 139 2300 2300 2300 0 128 128 128 0 1 1
192000 194000 11 11 25 6295 0 0 30 8244 0 0 229 22 66 73 2300 2300 2300 0 128 128 128 0 1 1
194000 196000 2 2 1 35 10 4989 2 31 13 8224 119 44 82 53 2300 2300 2300 0 128 128 128 0 1 1
196000 198000 0 0 0 0 0 0 0 0 0 0 0 0 0 0 0 0 0 0 0 0 0 0 0 0
198000 200000 0 0 0 0 0 0 0 0 0 0 0 0 0 0 0 0 0 0 0 0 0 0 0 0
200000 202000 3 3 10 11574 0 0 12 1295 0 0 275 207 248 36 2300 2300 2300 0 128 128 128 0 1 1
202000 204000 1 1 2 0 0 0 3 77 0 0 83 83 83 0 2300 2300 2300 0 128 128 128 0 1 1
204000 206000 0 0 0 0 0 0 0 0 0 0 0 0 0 0 0 0 0 0 0 0 0 0 0 0
206000 208000 0 0 0 0 0 0 0 0 0 0 0 0 0 0 0 0 0 0 0 0 0 0 0 0
208000 210000 1 1 4 4641 0 0 5 525 0 0 333 333 333 0 2300 2300 2300 0 128 128 128 0 2 2
210000 212000 7 7 12 12226 0 189 11 831 0 233 708 8 166 254 2300 2300 2300 0 128 128 128 0 1 1
212000 214000 5 5 3 0 19 6774 3 0 19 8069 354 23 157 177 0 0 0 0 0 0 0 0 0 0
214000 216000 0 0 0 0 0 0 0 0 0 0 0 0 0 0 0 0 0 0 0 0 0 0 0 0
216000 218000 0 0 0 0 0 0 0 0 0 0 0 0 0 0 0 0 0 0 0 0 0 0 0 0
218000 220000 3 3 3 35 0 0 4 31 0 0 81 26 45 31 0 0 0 0 0 0 0 0 0 0
220000 222000 2 2 8 10313 0 0 9 800 0 0 321 250 286 50 2300 2300 2300 0 128 128 128 0 2 2
222000 224000 1 1 1 35 0 0 2 31 0 0 136 136 136 0 2300 2300 2300 0 128 128 128 0 1 1
224000 226000 1 1 1 35 0 0 2 31 0 0 111 111 111 0 2300 2300 2300 0 128 128 128 0 1 1
226000 228000 2 2 2 0 0 0 2 0 0 0 16 16 16 0 2300 2300 2300 0 128 128 128 0 1 1
228000 230000 1 1 1 0 0 0 1 0 0 0 18 18 18 0 2300 2300 2300 0 128 128 128 0 1 1
230000 232000 7 7 13 10314 0 0 17 800 0 0 633 23 143 229 2300 2300 2300 0 128 128 128 0 1 1
232000 234000 6 6 8 0 0 0 11 78 0 0 247 17 90 112 2300 2300 2300 0 128 128 128 0 1 1
234000 236000 4 4 3 0 0 0 3 6 0 0 37 17 22 10 2300 2300 2300 0 128 128 128 0 1 1
236000 238000 3 3 3 0 0 0 4 32 0 0 204 14 94 98 2300 2300 2300 0 128 128 128 0 1 1
238000 240000 11 11 11 0 0 0 11 0 0 0 27 19 23 2 2300 2300 2300 0 128 128 128 0 1 1
240000 242000 10 10 24 11612 0 0 30 1532 0 0 273 62 200 71 2300 2300 2300 0 128 128 128 0 1 1
242000 244000 11 10 165 4829 14 8014 210 258174 18 7998 996 5 225 268 2300 2300 2300 0 128 128 128 0 1 1
244000 246000 6 6 5 0 23 11310 6 78 28 12672 297 34 154 95 2300 2300 2300 0 128 128 128 0 1 1
246000 248000 2 2 49 109631 0 0 92 1016 0 0 509 230 370 197 2300 2300 2300 0 128 128 128 0 1 1
248000 250000 5 5 18 7655 0 0 23 4127 0 0 321 96 191 105 2300 2300 2300 0 128 128 128 0 1 1
250000 252000 7 7 30 25746 0 0 36 5337 0 0 429 135 230 108 2300 2300 2300 0 128 128 128 0 1 1
252000 254000 3 3 17 6021 0 0 23 7992 0 0 257 88 163 86 2300 2300 2300 0 128 128 128 0 1 1
254000 256000 1 1 1 35 0 0 2 31 0 0 100 100 100 0 2300 2300 2300 0 128 128 128 0 1 1
256000 258000 1 1 0 0 0 0 0 0 0 0 0 0 0 0 2300 2300 2300 0 128 128 128 0 2 2
258000 260000 1 1 1 0 0 0 1 0 0 0 26 26 26 0 2300 2300 2300 0 128 128 128 0 1 1
260000 262000 3 3 10 11251 0 0 11 877 0 0 367 194 286 86 0 0 0 0 0 0 0 0 0 0
262000 264000 1 1 2 0 0 0 3 77 0 0 193 193 193 0 2300 2300 2300 0 128 128 128 0 1 1
264000 266000 0 0 0 0 0 0 0 0 0 0 0 0 0 0 0 0 0 0 0 0 0 0 0 0
266000 268000 0 0 0 0 0 0 0 0 0 0 0 0 0 0 0 0 0 0 0 0 0 0 0 0
268000 270000 0 0 0 0 0 0 0 0 0 0 0 0 0 0 0 0 0 0 0 0 0 0 0 0
270000 272000 3 3 9 10313 0 0 13 800 0 0 318 23 193 152 2300 2300 2300 0 128 128 128 0 1 1
272000 274000 4 4 2 35 21 13212 3 31 27 16234 414 20 237 202 2300 2300 2300 0 128 128 128 0 1 1
274000 276000 1 1 1 0 0 0 1 0 0 0 18 18 18 0 2300 2300 2300 0 128 128 128 0 1 1
276000 278000 0 0 0 0 0 0 0 0 0 0 0 0 0 0 0 0 0 0 0 0 0 0 0 0
278000 280000 2 2 2 35 0 0 3 31 0 0 118 26 72 65 2300 2300 2300 0 128 128 128 0 1 1
280000 282000 4 4 11 11576 0 0 13 1717 0 0 478 20 258 187 2300 2300 2300 0 128 128 128 0 1 1
282000 284000 2 2 2 35 0 0 3 31 0 0 146 16 81 91 2300 2300 2300 0 128 128 128 0 1 1
284000 286000 7 7 7 35 0 0 8 31 0 0 144 18 37 47 2300 2300 2300 0 128 128 128 0 1 1
286000 288000 1 1 1 0 0 0 1 0 0 0 16 16 16 0 2300 2300 2300 0 128 128 128 0 1 1
288000 290000 3 3 6 4641 0 0 8 1050 0 0 380 20 140 207 2300 2300 2300 0 128 128 128 0 1 1
290000 292000 2 2 8 11021 0 0 9 800 0 0 204 147 176 40 2300 2300 2300 0 128 128 128 0 1 1
292000 294000 1 1 1 0 0 0 1 0 0 0 21 21 21 0 2300 2300 2300 0 128 128 128 0 1 1
294000 296000 0 0 0 0 0 0 0 0 0 0 0 0 0 0 0 0 0 0 0 0 0 0 0 0
296000 298000 1 1 1 0 0 0 1 0 0 0 15 15 15 0 2300 2300 2300 0 128 128 128 0 1 1
298000 300000 0 0 0 0 0 0 0 0 0 0 0 0 0 0 0 0 0 0 0 0 0 0 0 0
300000 302000 0 0 0 0 0 0 0 0 0 0 0 0 0 0 0 0 0 0 0 0 0 0 0 0
