ts te nbins ncons c_tcp_packs c_tcp_bytes c_udp_packs c_udp_bytes s_tcp_packs s_tcp_bytes s_udp_packs s_udp_bytes max_bins_span min_bins_span avg_bins_span std_bins_span max_video_rate min_video_rate avg_video_rate std_video_rate max_audio_rate min_audio_rate avg_audio_rate std_audio_rate video_requests audio_requests
0 2000 22 16 395 58293 0 0 648 773555 0 0 992 176 483 245 0 0 0 0 0 0 0 0 0 0
2000 4000 19 14 157 12025 0 0 196 156239 0 0 874 58 333 227 0 0 0 0 0 0 0 0 0 0
4000 6000 3 3 21 2291 0 0 21 15284 0 0 185 62 123 61 0 0 0 0 0 0 0 0 0 0
6000 8000 3 3 17 8221 0 0 18 2319 0 0 802 88 359 386 0 0 0 0 0 0 0 0 0 0
8000 10000 16 16 59 12209 66 33574 64 5736 86 37660 294 37 162 79 0 0 0 0 0 0 0 0 0 0
10000 12000 17 16 53 23940 42 13047 63 11173 65 54197 993 17 266 276 0 0 0 0 0 0 0 0 0 0
12000 14000 16 11 272 28590 55 12254 444 517509 82 64119 998 43 443 303 840 840 840 0 128 128 128 0 2 2
14000 16000 8 4 336 6671 2 292 413 546807 4 460 997 0 435 374 288 288 288 0 128 128 128 0 2 2
16000 18000 8 5 295 7206 10 8310 363 480781 8 235 998 32 483 312 288 288 288 0 128 128 128 0 3 2
18000 20000 5 3 264 1241 0 0 348 473086 0 0 997 0 440 378 288 288 288 0 128 128 128 0 2 3
20000 22000 8 5 296 26201 0 0 360 453958 0 0 999 123 478 273 288 288 288 0 128 128 128 0 2 3
22000 24000 7 4 272 5747 4 1480 388 519235 4 143 999 153 483 290 288 288 288 0 128 128 128 0 2 1
24000 26000 6 4 321 5643 0 0 515 699407 0 0 999 97 426 328 480 480 480 0 128 128 128 0 2 2
26000 28000 6 3 352 38 18 10570 425 590033 25 14921 998 0 599 372 480 480 480 0 128 128 128 0 1 1
28000 30000 3 1 241 31 0 0 371 515289 0 0 995 444 663 292 480 480 480 0 128 128 128 0 1 1
30000 32000 9 6 341 142995 0 0 494 562047 0 0 996 114 519 307 480 480 480 0 128 128 128 0 1 1
32000 34000 7 4 358 1548 0 0 459 646426 0 0 997 20 317 367 480 480 480 0 128 128 128 0 1 1
34000 36000 9 7 345 4670 0 0 484 645489 0 0 998 25 386 352 480 480 480 0 128 128 128 0 1 1
36000 38000 8 6 284 5022 0 0 389 511992 0 0 997 18 409 339 480 480 480 0 128 128 128 0 1 1
38000 40000 11 9 243 32 1 632 408 570090 1 67 994 16 211 321 480 480 480 0 128 128 128 0 1 1
40000 42000 8 6 331 12596 3 980 449 617058 3 104 996 17 400 284 480 480 480 0 128 128 128 0 2 1
42000 44000 3 1 230 70 0 0 383 531668 0 0 997 470 663 290 0 0 0 0 128 128 128 0 0 1
44000 46000 6 4 270 5104 0 0 427 591321 0 0 996 21 442 331 480 480 480 0 128 128 128 0 1 1
46000 48000 12 10 315 71 0 0 448 615042 0 0 997 17 213 309 480 480 480 0 128 128 128 0 2 2
48000 50000 7 5 360 33 0 0 447 610980 0 0 995 17 295 382 480 480 480 0 128 128 128 0 1 1
50000 52000 15 13 345 10907 0 0 454 603854 0 0 998 18 284 268 0 0 0 0 0 0 0 0 0 0
52000 54000 10 9 214 7093 0 0 237 314492 0 0 864 15 206 271 480 480 480 0 128 128 128 0 1 1
54000 56000 6 6 21 10162 0 0 29 8645 0 0 611 26 203 274 480 480 480 0 128 128 128 0 2 2
56000 58000 7 7 14 4967 0 0 19 4259 0 0 192 18 52 63 840 840 840 0 128 128 128 0 2 2
58000 60000 6 6 6 0 0 0 6 0 0 0 31 31 31 0 840 840 840 0 128 128 128 0 1 1
60000 62000 8 8 20 14732 0 0 26 1410 0 0 214 18 115 84 840 840 840 0 128 128 128 0 1 1
62000 64000 1 1 0 0 0 0 0 12 0 0 41 41 41 0 840 840 840 0 128 128 128 0 1 1
64000 66000 2 2 6 3624 0 0 10 3856 0 0 385 8 197 266 1500 1500 1500 0 128 128 128 0 2 2
66000 68000 3 3 5 1782 0 0 7 496 0 0 156 12 62 81 1500 1500 1500 0 128 128 128 0 1 1
68000 70000 0 0 0 0 0 0 0 0 0 0 0 0 0 0 0 0 0 0 0 0 0 0 0 0
70000 72000 4 4 14 11379 0 0 16 973 0 0 181 38 125 63 1500 1500 1500 0 128 128 128 0 1 1
72000 74000 2 2 57 131314 0 0 105 1276 0 0 514 233 373 199 1500 1500 1500 0 128 128 128 0 1 1
74000 76000 2 2 10 5122 0 0 13 4335 0 0 161 87 124 52 1500 1500 1500 0 128 128 128 0 1 1
76000 78000 3 3 3 35 0 0 4 62 0 0 231 0 85 126 1500 1500 1500 0 128 128 128 0 1 1
78000 80000 0 0 0 0 0 0 0 0 0 0 0 0 0 0 0 0 0 0 0 0 0 0 0 0
80000 82000 3 3 11 13831 0 0 13 1339 0 0 219 178 196 20 1500 1500 1500 0 128 128 128 0 1 1
82000 84000 1 1 1 0 0 0 1 0 0 0 17 17 17 0 1500 1500 1500 0 128 128 128 0 1 1
84000 86000 1 1 2 0 0 0 2 77 0 0 1 1 1 0 1500 1500 1500 0 128 128 128 0 1 1
86000 88000 3 3 1 0 16 8004 1 0 16 8025 159 15 106 79 1500 1500 1500 0 128 128 128 0 1 1
88000 90000 0 0 0 0 0 0 0 0 0 0 0 0 0 0 0 0 0 0 0 0 0 0 0 0
90000 92000 3 3 10 12024 0 0 15 1297 0 0 570 140 325 220 1500 1500 1500 0 128 128 128 0 2 2
92000 94000 10 10 13 5060 0 0 14 587 0 0 252 23 48 71 1500 1500 1500 0 128 128 128 0 1 1
94000 96000 4 4 4 0 0 0 4 0 0 0 27 25 27 1 1500 1500 1500 0 128 128 128 0 1 1
96000 98000 2 2 2 35 0 0 3 31 0 0 31 31 31 0 1500 1500 1500 0 128 128 128 0 1 1
98000 100000 4 4 4 0 0 0 4 0 0 0 22 16 21 3 1500 1500 1500 0 128 128 128 0 1 1
100000 102000 4 4 10 10647 0 0 14 844 0 0 311 26 158 152 1500 1500 1500 0 128 128 128 0 1 1
102000 104000 8 8 8 0 0 0 8 0 0 0 23 16 20 2 2300 2300 2300 0 128 128 128 0 2 2
104000 106000 0 0 0 0 0 0 0 0 0 0 0 0 0 0 0 0 0 0 0 0 0 0 0 0
106000 108000 2 2 3 35 0 0 3 31 0 0 19 16 18 1 2300 2300 2300 0 128 128 128 0 1 1
108000 110000 0 0 0 0 0 0 0 0 0 0 0 0 0 0 0 0 0 0 0 0 0 0 0 0
110000 112000 2 2 8 11460 0 0 12 844 0 0 260 253 257 4 2300 2300 2300 0 128 128 128 0 1 1
112000 114000 0 0 0 0 0 0 0 0 0 0 0 0 0 0 0 0 0 0 0 0 0 0 0 0
114000 116000 1 1 1 0 0 0 2 1835 0 0 14 14 14 0 2300 2300 2300 0 128 128 128 0 1 1
116000 118000 0 0 0 0 0 0 0 0 0 0 0 0 0 0 0 0 0 0 0 0 0 0 0 0
118000 120000 1 1 1 0 0 0 1 0 0 0 24 24 24 0 2300 2300 2300 0 128 128 128 0 1 1
120000 122000 5 5 12 11611 0 0 17 1370 0 0 179 17 137 68 2300 2300 2300 0 128 128 128 0 1 1
122000 124000 6 6 90 5664 0 0 149 176585 0 0 561 15 215 189 2300 2300 2300 0 128 128 128 0 1 1
124000 126000 8 7 33 11949 46 21979 43 14384 50 21770 936 84 464 295 2300 2300 2300 0 128 128 128 0 1 1
126000 128000 1 1 1 35 0 0 2 31 0 0 30 30 30 0 2300 2300 2300 0 128 128 128 0 1 1
128000 130000 1 1 1 0 0 0 1 0 0 0 19 19 19 0 2300 2300 2300 0 128 128 128 0 1 1
130000 132000 2 2 15 17316 0 0 16 887 0 0 709 373 541 237 2300 2300 2300 0 128 128 128 0 1 1
132000 134000 5 5 72 123852 0 0 114 7623 0 0 846 22 463 311 2300 2300 2300 0 128 128 128 0 1 1
134000 136000 1 1 3 0 0 0 2 77 0 0 71 71 71 0 2300 2300 2300 0 128 128 128 0 1 1
136000 138000 3 3 22 7618 0 0 29 9896 0 0 209 77 140 66 2300 2300 2300 0 128 128 128 0 1 1
138000 140000 7 7 7 0 0 0 7 0 0 0 27 26 27 0 2300 2300 2300 0 128 128 128 0 2 2
140000 142000 5 5 14 14811 0 0 17 844 0 0 324 17 128 151 0 0 0 0 0 0 0 0 0 0
142000 144000 1 1 3 0 0 0 3 77 0 0 123 123 123 0 2300 2300 2300 0 128 128 128 0 2 2
144000 146000 5 5 5 0 0 0 5 0 0 0 26 17 19 4 0 0 0 0 0 0 0 0 0 0
146000 148000 5 5 4 0 17 8080 4 77 17 8049 283 19 129 126 2300 2300 2300 0 128 128 128 0 2 2
148000 150000 8 8 8 0 0 0 8 0 0 0 24 16 19 3 2300 2300 2300 0 128 128 128 0 1 1
150000 152000 3 3 9 10346 0 0 12 875 0 0 239 15 160 125 2300 2300 2300 0 128 128 128 0 1 1
152000 154000 1 1 1 0 0 0 1 0 0 0 16 16 16 0 2300 2300 2300 0 128 128 128 0 1 1
154000 156000 0 0 0 0 0 0 0 0 0 0 0 0 0 0 0 0 0 0 0 0 0 0 0 0
156000 158000 1 1 1 35 0 0 2 31 0 0 87 87 87 0 2300 2300 2300 0 128 128 128 0 1 1
158000 160000 0 0 0 0 0 0 0 0 0 0 0 0 0 0 0 0 0 0 0 0 0 0 0 0
160000 162000 3 3 10 11580 0 0 14 1339 0 0 201 183 192 8 2300 2300 2300 0 128 128 128 0 1 1
162000 164000 0 0 0 0 0 0 0 0 0 0 0 0 0 0 0 0 0 0 0 0 0 0 0 0
164000 166000 0 0 0 0 0 0 0 0 0 0 0 0 0 0 0 0 0 0 0 0 0 0 0 0
166000 168000 1 1 2 35 0 0 3 62 0 0 208 208 208 0 2300 2300 2300 0 128 128 128 0 1 1
168000 170000 2 2 2 0 0 0 2 0 0 0 22 21 22 0 2300 2300 2300 0 128 128 128 0 1 1
170000 172000 3 3 9 10932 0 0 13 844 0 0 187 19 130 95 2300 2300 2300 0 128 128 128 0 1 1
172000 174000 1 1 4 4654 0 0 5 531 0 0 333 333 333 0 2300 2300 2300 0 128 128 128 0 1 1
174000 176000 1 1 1 0 0 0 1 0 0 0 19 19 19 0 2300 2300 2300 0 128 128 128 0 1 1
176000 178000 0 0 0 0 0 0 0 0 0 0 0 0 0 0 0 0 0 0 0 0 0 0 0 0
178000 180000 2 2 2 0 0 0 2 0 0 0 21 21 21 0 2300 2300 2300 0 128 128 128 0 1 1
180000 182000 4 4 10 11023 0 0 12 875 0 0 228 15 135 94 2300 2300 2300 0 128 128 128 0 1 1
182000 184000 7 7 7 0 0 0 7 0 0 0 22 16 18 2 2300 2300 2300 0 128 128 128 0 1 1
184000 186000 3 3 3 0 0 0 3 0 0 0 16 15 16 0 2300 2300 2300 0 128 128 128 0 2 2
186000 188000 1 1 1 35 0 0 2 31 0 0 124 124 124 0 0 0 0 0 128 128 128 0 0 1
188000 190000 5 5 5 0 0 0 5 0 0 0 23 17 21 2 2300 2300 2300 0 128 128 128 0 2 1
190000 192000 4 4 10 11477 0 0 13 844 0 0 269 15 126 130 4400 4400 4400 0 128 128 128 0 2 2
192000 194000 8 8 53 111704 0 0 95 1016 0 0 379 19 89 129 4400 4400 4400 0 128 128 128 0 1 1
194000 196000 2 2 2 0 0 0 2 0 0 0 21 20 20 0 4400 4400 4400 0 128 128 128 0 1 1
196000 198000 3 3 19 7642 0 0 26 4661 0 0 175 17 106 81 4400 4400 4400 0 128 128 128 0 1 1
198000 200000 1 1 1 0 0 0 1 0 0 0 15 15 15 0 3000 3000 3000 0 128 128 128 0 2 2
200000 202000 3 3 14 15984 0 0 18 1761 0 0 508 286 395 111 0 0 0 0 128 128 128 0 0 1
202000 204000 0 0 0 0 0 0 0 0 0 0 0 0 0 0 0 0 0 0 0 0 0 0 0 0
204000 206000 0 0 0 0 0 0 0 0 0 0 0 0 0 0 0 0 0 0 0 0 0 0 0 0
206000 208000 3 3 3 0 18 9288 4 154 19 9425 347 141 248 102 3000 3000 3000 0 128 128 128 0 1 1
208000 210000 0 0 0 0 0 0 0 0 0 0 0 0 0 0 0 0 0 0 0 0 0 0 0 0
210000 212000 3 3 9 10112 0 0 12 875 0 0 276 114 220 91 1500 1500 1500 0 128 128 128 0 2 2
212000 214000 1 1 4 5076 0 0 6 531 0 0 271 271 271 0 1500 1500 1500 0 128 128 128 0 2 1
214000 216000 2 2 2 0 0 0 2 0 0 0 17 15 16 1 1500 1500 1500 0 128 128 128 0 1 1
216000 218000 2 2 2 35 0 0 3 31 0 0 142 23 82 83 1500 1500 1500 0 128 128 128 0 1 1
218000 220000 0 0 0 0 0 0 0 0 0 0 0 0 0 0 0 0 0 0 0 0 0 0 0 0
220000 222000 3 3 13 12986 0 0 14 863 0 0 301 18 174 143 1500 1500 1500 0 128 128 128 0 1 1
222000 224000 0 0 0 0 0 0 0 0 0 0 0 0 0 0 0 0 0 0 0 0 0 0 0 0
224000 226000 1 1 1 0 0 0 1 0 0 0 14 14 14 0 1500 1500 1500 0 128 128 128 0 1 1
226000 228000 1 1 1 35 0 0 2 31 0 0 36 36 36 0 1500 1500 1500 0 128 128 128 0 1 1
228000 230000 11 11 7 0 39 21753 7 0 49 20448 258 15 80 96 1500 1500 1500 0 128 128 128 0 1 1
230000 232000 6 6 21 15692 0 0 22 5521 0 0 598 17 177 254 2300 2300 2300 0 128 128 128 0 2 2
232000 234000 1 1 0 0 0 0 0 4 0 0 3 3 3 0 2300 2300 2300 0 128 128 128 0 1 1
234000 236000 4 4 5 0 0 0 6 39 0 0 164 21 57 71 2300 2300 2300 0 128 128 128 0 1 2
236000 238000 3 3 3 0 0 0 3 0 0 0 28 17 24 6 2300 2300 2300 0 128 128 128 0 2 1
238000 240000 2 2 2 0 0 0 2 0 0 0 27 18 22 6 2300 2300 2300 0 128 128 128 0 1 1
240000 242000 17 17 27 11611 0 0 34 1512 0 0 294 11 83 111 0 0 0 0 0 0 0 0 0 0
242000 244000 5 4 12 357 0 0 18 3783 0 0 896 6 343 331 2300 2300 2300 0 128 128 128 0 2 2
244000 246000 7 6 144 4256 0 0 178 230452 0 0 997 15 400 393 2300 2300 2300 0 128 128 128 0 1 1
246000 248000 4 3 12 383 0 0 15 10068 0 0 210 62 109 67 2300 2300 2300 0 128 128 128 0 1 1
248000 250000 0 0 0 0 0 0 0 0 0 0 0 0 0 0 0 0 0 0 0 0 0 0 0 0
250000 252000 6 6 19 16471 4 1620 24 961 4 141 398 19 176 150 2300 2300 2300 0 128 128 128 0 1 1
252000 254000 7 7 58 120315 0 0 112 3781 0 0 460 36 253 145 2300 2300 2300 0 128 128 128 0 1 1
254000 256000 3 3 11 5027 0 0 13 1391 0 0 457 198 328 129 2300 2300 2300 0 128 128 128 0 1 1
256000 258000 4 4 9 3481 0 0 15 4083 0 0 297 17 128 124 2300 2300 2300 0 128 128 128 0 1 1
258000 260000 3 3 14 4314 0 0 17 7272 0 0 384 72 192 167 2300 2300 2300 0 128 128 128 0 1 1
260000 262000 2 2 11 14506 0 0 14 844 0 0 404 278 341 88 2300 2300 2300 0 128 128 128 0 1 1
262000 264000 0 0 0 0 0 0 0 0 0 0 0 0 0 0 0 0 0 0 0 0 0 0 0 0
264000 266000 1 1 3 0 0 0 3 77 0 0 218 218 218 0 2300 2300 2300 0 128 128 128 0 1 1
266000 268000 2 2 0 0 18 9388 0 0 22 13588 621 525 573 67 2300 2300 2300 0 128 128 128 0 1 1
268000 270000 1 1 3 0 0 0 3 77 0 0 17 17 17 0 2300 2300 2300 0 128 128 128 0 1 1
270000 272000 3 3 11 10351 0 0 14 894 0 0 433 99 286 170 2300 2300 2300 0 128 128 128 0 1 1
272000 274000 1 1 1 0 0 0 1 0 0 0 18 18 18 0 2300 2300 2300 0 128 128 128 0 1 1
274000 276000 0 0 0 0 0 0 0 0 0 0 0 0 0 0 0 0 0 0 0 0 0 0 0 0
276000 278000 3 3 3 35 0 0 4 31 0 0 124 27 60 55 2300 2300 2300 0 128 128 128 0 1 1
278000 280000 3 3 3 0 0 0 3 0 0 0 24 16 21 4 2300 2300 2300 0 128 128 128 0 1 1
280000 282000 4 4 17 14555 0 0 21 3967 0 0 493 28 223 194 2300 2300 2300 0 128 128 128 0 1 1
282000 284000 0 0 0 0 0 0 0 0 0 0 0 0 0 0 0 0 0 0 0 0 0 0 0 0
284000 286000 1 1 1 0 0 0 1 0 0 0 17 17 17 0 2300 2300 2300 0 128 128 128 0 1 1
286000 288000 4 4 4 0 0 0 4 0 0 0 32 27 30 2 2300 2300 2300 0 128 128 128 0 1 1
288000 290000 2 2 5 35 0 0 7 148 0 0 778 139 459 451 2300 2300 2300 0 128 128 128 0 1 1
290000 292000 3 3 11 11773 0 0 15 1266 0 0 471 17 264 229 2300 2300 2300 0 128 128 128 0 1 1
292000 294000 3 3 6 4654 0 0 7 587 0 0 230 17 88 122 2300 2300 2300 0 128 128 128 0 1 1
294000 296000 0 0 0 0 0 0 0 0 0 0 0 0 0 0 0 0 0 0 0 0 0 0 0 0
296000 298000 0 0 0 0 0 0 0 0 0 0 0 0 0 0 0 0 0 0 0 0 0 0 0 0
298000 300000 1 1 1 0 0 0 1 0 0 0 16 16 16 0 2300 2300 2300 0 128 128 128 0 1 1
300000 302000 0 0 0 0 0 0 0 0 0 0 0 0 0 0 0 0 0 0 0 0 0 0 0 0
