ts te nbins ncons c_tcp_packs c_tcp_bytes c_udp_packs c_udp_bytes s_tcp_packs s_tcp_bytes s_udp_packs s_udp_bytes max_bins_span min_bins_span avg_bins_span std_bins_span max_video_rate min_video_rate avg_video_rate std_video_rate max_audio_rate min_audio_rate avg_audio_rate std_audio_rate video_requests audio_requests
0 2000 25 23 151 38286 0 0 205 81694 0 0 841 15 280 248 0 0 0 0 0 0 0 0 0 0
2000 4000 7 7 11 700 8 3244 15 4060 9 5940 156 1 71 58 0 0 0 0 0 0 0 0 0 0
4000 6000 10 9 66 15880 0 0 78 17138 0 0 645 25 242 190 0 0 0 0 0 0 0 0 0 0
6000 8000 8 8 35 18591 0 0 44 7414 0 0 265 30 137 79 840 840 840 0 128 128 128 0 3 4
8000 10000 9 7 19 5641 142 18592 23 6995 336 393721 998 20 293 348 288 288 288 0 128 128 128 0 3 3
10000 12000 21 18 86 60591 262 60771 136 42518 447 443869 991 117 392 281 288 288 288 0 128 128 128 0 3 3
12000 14000 4 4 8 1909 93 81600 9 7735 70 15887 704 257 430 192 288 288 288 0 128 128 128 0 3 2
14000 16000 2 2 0 0 20 21477 0 0 10 659 132 111 122 15 1500 1500 1500 0 128 128 128 0 2 2
16000 18000 3 3 1 855 39 44492 2 1346 19 556 203 117 153 44 1500 1500 1500 0 128 128 128 0 1 1
18000 20000 2 2 8 4309 0 0 12 4403 0 0 417 79 248 239 1500 1500 1500 0 128 128 128 0 1 1
20000 22000 3 3 10 16387 43 49976 15 844 18 518 297 274 288 12 1500 1500 1500 0 128 128 128 0 1 1
22000 24000 0 0 0 0 0 0 0 0 0 0 0 0 0 0 0 0 0 0 0 0 0 0 0 0
24000 26000 1 1 0 0 8 7567 0 0 5 195 114 114 114 0 1500 1500 1500 0 128 128 128 0 1 2
26000 28000 1 1 1 833 0 0 2 1104 0 0 137 137 137 0 1500 1500 1500 0 128 128 128 0 1 1
28000 30000 4 4 22 9491 0 0 30 4356 0 0 440 135 288 168 1500 1500 1500 0 128 128 128 0 1 1
30000 32000 7 6 72 139869 5 3042 107 1658 5 191 846 0 252 283 1500 1500 1500 0 128 128 128 0 1 1
32000 34000 1 1 0 0 4 1572 0 0 4 137 95 95 95 0 0 0 0 0 0 0 0 0 0 0
34000 36000 3 3 0 17 14 9803 0 7 20 12156 311 79 231 131 1500 1500 1500 0 128 128 128 0 1 2
36000 38000 4 4 5 1911 5 3274 7 2194 6 4060 235 96 144 62 2300 2300 2300 0 128 128 128 0 3 2
38000 40000 11 11 14 3388 0 0 19 2260 0 0 139 15 52 48 2300 2300 2300 0 128 128 128 0 1 1
40000 42000 8 8 15 13127 6 3866 18 844 3 146 320 22 113 131 0 0 0 0 0 0 0 0 0 0
42000 44000 2 2 2 0 0 0 2 0 0 0 26 14 20 8 2300 2300 2300 0 128 128 128 0 1 2
44000 46000 2 2 2 0 0 0 2 0 0 0 25 17 21 6 2300 2300 2300 0 128 128 128 0 1 1
46000 48000 16 16 23 10606 0 0 29 4236 0 0 339 0 45 84 2300 2300 2300 0 128 128 128 0 2 1
48000 50000 4 4 5 1988 0 0 6 657 0 0 102 11 38 43 0 0 0 0 0 0 0 0 0 0
50000 52000 7 7 13 10676 0 0 16 844 0 0 264 16 77 103 2300 2300 2300 0 128 128 128 0 1 2
52000 54000 3 3 3 0 0 0 3 0 0 0 20 17 19 1 1500 1500 1500 0 128 128 128 0 2 2
54000 56000 1 1 1 0 0 0 1 0 0 0 17 17 17 0 1500 1500 1500 0 128 128 128 0 2 1
56000 58000 1 1 5 2949 0 0 8 3445 0 0 132 132 132 0 1500 1500 1500 0 128 128 128 0 1 2
58000 60000 16 16 39 6430 0 0 44 6518 0 0 212 16 36 48 2300 2300 2300 0 128 128 128 0 1 1
60000 62000 5 5 15 13636 0 0 21 1014 0 0 199 1 118 87 2300 2300 2300 0 128 128 128 0 1 1
62000 64000 1 1 2 0 0 0 2 77 0 0 97 97 97 0 2300 2300 2300 0 128 128 128 0 1 1
64000 66000 1 1 1 0 0 0 3 58 0 0 308 308 308 0 2300 2300 2300 0 128 128 128 0 1 1
66000 68000 4 4 65 136713 0 0 126 4404 0 0 587 35 213 252 2300 2300 2300 0 128 128 128 0 2 1
68000 70000 4 4 6 2189 0 0 10 890 0 0 305 16 126 124 0 0 0 0 128 128 128 0 0 2
70000 72000 4 4 14 12535 0 0 18 863 0 0 454 19 196 213 2300 2300 2300 0 0 0 0 0 2 0
72000 74000 0 0 0 0 0 0 0 0 0 0 0 0 0 0 0 0 0 0 0 0 0 0 0 0
74000 76000 2 2 2 0 0 0 2 0 0 0 24 17 20 4 2300 2300 2300 0 128 128 128 0 1 1
76000 78000 1 1 1 0 0 0 1 0 0 0 18 18 18 0 2300 2300 2300 0 128 128 128 0 1 1
78000 80000 1 1 1 0 0 0 2 77 0 0 99 99 99 0 2300 2300 2300 0 128 128 128 0 1 1
80000 82000 3 3 10 10344 0 0 14 844 0 0 256 27 168 123 2300 2300 2300 0 128 128 128 0 1 1
82000 84000 0 0 0 0 0 0 0 0 0 0 0 0 0 0 0 0 0 0 0 0 0 0 0 0
84000 86000 1 1 1 0 0 0 1 0 0 0 18 18 18 0 2300 2300 2300 0 128 128 128 0 1 1
86000 88000 1 1 4 5122 0 0 6 525 0 0 135 135 135 0 2300 2300 2300 0 128 128 128 0 1 1
88000 90000 1 1 1 0 0 0 1 0 0 0 15 15 15 0 2300 2300 2300 0 128 128 128 0 1 1
90000 92000 5 5 13 11167 0 0 18 897 0 0 277 15 119 138 2300 2300 2300 0 128 128 128 0 1 1
92000 94000 12 12 12 0 0 0 12 0 0 0 25 16 22 3 2300 2300 2300 0 128 128 128 0 1 1
94000 96000 3 3 1 0 16 7980 1 0 18 10415 387 17 250 202 2300 2300 2300 0 128 128 128 0 1 1
96000 98000 6 6 5 35 0 110 6 31 0 142 137 10 40 48 2300 2300 2300 0 128 128 128 0 1 1
98000 100000 4 4 4 70 0 0 6 62 0 0 141 23 77 62 2300 2300 2300 0 128 128 128 0 1 1
100000 102000 2 2 8 10349 0 0 12 844 0 0 695 244 470 318 2300 2300 2300 0 128 128 128 0 1 1
102000 104000 0 0 0 0 0 0 0 0 0 0 0 0 0 0 0 0 0 0 0 0 0 0 0 0
104000 106000 0 0 0 0 0 0 0 0 0 0 0 0 0 0 0 0 0 0 0 0 0 0 0 0
106000 108000 0 0 0 0 0 0 0 0 0 0 0 0 0 0 0 0 0 0 0 0 0 0 0 0
108000 110000 2 2 2 100 0 0 2 2023 0 0 137 30 83 75 2300 2300 2300 0 128 128 128 0 1 1
110000 112000 6 6 14 10759 14 12111 18 6533 11 3503 300 2 169 137 2300 2300 2300 0 128 128 128 0 1 1
112000 114000 1 1 1 0 0 0 1 0 0 0 15 15 15 0 2300 2300 2300 0 128 128 128 0 1 1
114000 116000 0 0 0 0 0 0 0 0 0 0 0 0 0 0 0 0 0 0 0 0 0 0 0 0
116000 118000 0 0 0 0 0 0 0 0 0 0 0 0 0 0 0 0 0 0 0 0 0 0 0 0
118000 120000 1 1 1 0 0 0 1 0 0 0 34 34 34 0 2300 2300 2300 0 128 128 128 0 1 1
120000 122000 5 5 11 10997 0 0 16 1170 0 0 223 26 127 88 2300 2300 2300 0 128 128 128 0 1 2
122000 124000 3 2 136 3785 0 0 177 232446 0 0 987 214 485 435 2300 2300 2300 0 0 0 0 0 1 0
124000 126000 1 1 14 32032 0 0 27 269 0 0 214 214 214 0 2300 2300 2300 0 128 128 128 0 1 2
126000 128000 5 5 53 86879 0 0 90 3989 0 0 544 99 302 211 2300 2300 2300 0 128 128 128 0 2 1
128000 130000 4 4 19 6485 0 0 25 8388 0 0 438 106 216 154 2300 2300 2300 0 128 128 128 0 1 1
130000 132000 3 3 14 20809 0 0 20 844 0 0 345 26 220 169 2300 2300 2300 0 128 128 128 0 1 1
132000 134000 0 0 0 0 0 0 0 0 0 0 0 0 0 0 0 0 0 0 0 0 0 0 0 0
134000 136000 1 1 1 0 0 0 1 0 0 0 16 16 16 0 2300 2300 2300 0 128 128 128 0 1 1
136000 138000 11 11 13 0 0 0 13 77 0 0 19 15 17 1 2300 2300 2300 0 128 128 128 0 1 1
138000 140000 3 3 4 0 0 0 5 77 0 0 236 23 95 122 2300 2300 2300 0 128 128 128 0 1 1
140000 142000 4 4 13 10566 0 0 17 863 0 0 408 22 193 201 2300 2300 2300 0 128 128 128 0 1 1
142000 144000 0 0 0 0 0 0 0 0 0 0 0 0 0 0 0 0 0 0 0 0 0 0 0 0
144000 146000 4 4 4 0 0 0 4 0 0 0 16 15 16 0 2300 2300 2300 0 128 128 128 0 1 1
146000 148000 0 0 0 0 0 0 0 0 0 0 0 0 0 0 0 0 0 0 0 0 0 0 0 0
148000 150000 0 0 0 0 0 0 0 0 0 0 0 0 0 0 0 0 0 0 0 0 0 0 0 0
150000 152000 3 3 9 10398 0 0 14 875 0 0 293 20 177 141 2300 2300 2300 0 128 128 128 0 1 1
152000 154000 0 0 0 0 0 0 0 0 0 0 0 0 0 0 0 0 0 0 0 0 0 0 0 0
154000 156000 0 0 0 0 0 0 0 0 0 0 0 0 0 0 0 0 0 0 0 0 0 0 0 0
156000 158000 2 2 2 35 0 0 3 31 0 0 23 21 22 1 2300 2300 2300 0 128 128 128 0 1 1
158000 160000 2 2 2 70 0 0 4 62 0 0 144 132 138 8 2300 2300 2300 0 128 128 128 0 1 1
160000 162000 2 2 8 10632 0 0 13 1266 0 0 501 343 422 112 2300 2300 2300 0 128 128 128 0 1 1
162000 164000 0 0 0 0 0 0 0 0 0 0 0 0 0 0 0 0 0 0 0 0 0 0 0 0
164000 166000 0 0 0 0 0 0 0 0 0 0 0 0 0 0 0 0 0 0 0 0 0 0 0 0
166000 168000 2 2 5 4673 0 0 6 525 0 0 252 19 135 164 2300 2300 2300 0 128 128 128 0 1 1
168000 170000 2 2 2 0 0 0 2 0 0 0 18 18 18 0 2300 2300 2300 0 128 128 128 0 2 2
170000 172000 3 3 9 11621 0 0 12 844 0 0 295 18 201 158 2300 2300 2300 0 128 128 128 0 1 1
172000 174000 1 1 1 0 0 0 1 0 0 0 17 17 17 0 2300 2300 2300 0 128 128 128 0 1 1
174000 176000 0 0 0 0 0 0 0 0 0 0 0 0 0 0 0 0 0 0 0 0 0 0 0 0
176000 178000 1 1 1 0 0 0 1 0 0 0 17 17 17 0 2300 2300 2300 0 128 128 128 0 1 1
178000 180000 0 0 0 0 0 0 0 0 0 0 0 0 0 0 0 0 0 0 0 0 0 0 0 0
180000 182000 5 5 10 9813 14 13765 13 875 12 3520 216 18 149 77 2300 2300 2300 0 128 128 128 0 1 2
182000 184000 10 10 10 0 0 0 10 0 0 0 39 23 34 7 2300 2300 2300 0 128 128 128 0 1 1
184000 186000 3 3 18 39861 0 0 34 190 0 0 222 19 87 117 2300 2300 2300 0 128 128 128 0 1 1
186000 188000 5 5 39 71929 0 0 69 3852 0 0 385 16 129 151 2300 2300 2300 0 0 0 0 0 1 0
188000 190000 6 6 14 4715 0 0 18 1237 0 0 226 16 73 86 2300 2300 2300 0 128 128 128 0 1 1
190000 192000 5 5 11 11927 4 2691 15 866 3 149 294 27 145 135 2300 2300 2300 0 128 128 128 0 1 2
192000 194000 0 0 0 0 0 0 0 0 0 0 0 0 0 0 0 0 0 0 0 0 0 0 0 0
194000 196000 0 0 0 0 0 0 0 0 0 0 0 0 0 0 0 0 0 0 0 0 0 0 0 0
196000 198000 0 0 0 0 0 0 0 0 0 0 0 0 0 0 0 0 0 0 0 0 0 0 0 0
198000 200000 1 1 3 0 0 0 2 77 0 0 113 113 113 0 0 0 0 0 0 0 0 0 0 0
200000 202000 3 3 9 12640 0 0 13 844 0 0 211 17 145 110 1500 1500 1500 0 128 128 128 0 1 2
202000 204000 0 0 0 0 0 0 0 0 0 0 0 0 0 0 0 0 0 0 0 0 0 0 0 0
204000 206000 0 0 0 0 0 0 0 0 0 0 0 0 0 0 0 0 0 0 0 0 0 0 0 0
206000 208000 1 1 4 4923 0 0 6 525 0 0 137 137 137 0 1500 1500 1500 0 128 128 128 0 2 1
208000 210000 0 0 0 0 0 0 0 0 0 0 0 0 0 0 0 0 0 0 0 0 0 0 0 0
210000 212000 4 4 10 11915 0 0 14 875 0 0 204 21 139 83 1500 1500 1500 0 128 128 128 0 1 1
212000 214000 2 2 2 0 0 0 2 0 0 0 23 23 23 0 2300 2300 2300 0 128 128 128 0 2 2
214000 216000 0 0 0 0 0 0 0 0 0 0 0 0 0 0 0 0 0 0 0 0 0 0 0 0
216000 218000 1 1 1 35 0 0 2 31 0 0 94 94 94 0 2300 2300 2300 0 128 128 128 0 1 2
218000 220000 2 2 1 59 0 0 3 52 0 0 137 99 118 27 2300 2300 2300 0 128 128 128 0 1 1
220000 222000 4 4 10 12243 0 0 14 853 0 0 339 18 164 158 2300 2300 2300 0 0 0 0 0 1 0
222000 224000 0 0 0 0 0 0 0 0 0 0 0 0 0 0 0 0 0 0 0 0 0 0 0 0
224000 226000 1 1 1 0 0 0 1 0 0 0 18 18 18 0 2300 2300 2300 0 128 128 128 0 1 2
226000 228000 3 3 1 0 0 0 1 0 0 0 9 9 9 0 2300 2300 2300 0 0 0 0 0 1 0
228000 230000 3 3 1 0 0 0 1 0 0 0 7 6 6 0 2300 2300 2300 0 128 128 128 0 1 2
230000 232000 10 10 16 10365 0 0 18 844 0 0 295 15 71 114 2300 2300 2300 0 128 128 128 0 1 1
232000 234000 3 3 3 0 0 0 3 0 0 0 18 16 16 1 2300 2300 2300 0 128 128 128 0 1 1
234000 236000 4 4 5 0 0 0 6 39 0 0 160 23 59 67 2300 2300 2300 0 128 128 128 0 1 1
236000 238000 4 4 5 0 0 0 7 39 0 0 251 21 79 114 2300 2300 2300 0 128 128 128 0 2 1
238000 240000 0 0 0 0 0 0 0 0 0 0 0 0 0 0 0 0 0 0 0 0 0 0 0 0
240000 242000 11 11 24 10424 0 0 33 1319 0 0 248 25 131 92 2300 2300 2300 0 128 128 128 0 1 2
242000 244000 6 5 110 3250 0 0 151 182934 0 0 877 28 413 328 1500 1500 1500 0 0 0 0 0 2 0
244000 246000 5 4 64 45864 0 0 75 45135 0 0 296 55 149 106 1500 1500 1500 0 128 128 128 0 1 3
246000 248000 9 9 59 79906 0 0 96 10846 0 0 327 25 161 112 1500 1500 1500 0 0 0 0 0 1 0
248000 250000 4 4 15 5028 0 0 21 6794 0 0 198 16 66 88 1500 1500 1500 0 128 128 128 0 1 2
250000 252000 3 3 16 21407 0 0 20 875 0 0 318 99 243 124 1500 1500 1500 0 128 128 128 0 2 1
252000 254000 0 0 0 0 0 0 0 0 0 0 0 0 0 0 0 0 0 0 0 0 0 0 0 0
254000 256000 0 0 0 0 0 0 0 0 0 0 0 0 0 0 0 0 0 0 0 0 0 0 0 0
256000 258000 1 1 3 0 0 0 3 77 0 0 194 194 194 0 2300 2300 2300 0 128 128 128 0 2 3
258000 260000 2 2 3 0 0 0 4 77 0 0 190 16 103 123 1500 1500 1500 0 128 128 128 0 3 4
260000 262000 2 2 10 13736 0 0 13 844 0 0 613 342 477 191 2300 2300 2300 0 0 0 0 0 2 0
262000 264000 0 0 0 0 0 0 0 0 0 0 0 0 0 0 0 0 0 0 0 0 0 0 0 0
264000 266000 0 0 0 0 0 0 0 0 0 0 0 0 0 0 0 0 0 0 0 0 0 0 0 0
266000 268000 0 0 0 0 0 0 0 0 0 0 0 0 0 0 0 0 0 0 0 0 0 0 0 0
268000 270000 1 1 2 0 0 0 3 73 0 0 253 253 253 0 1500 1500 1500 0 128 128 128 0 1 1
270000 272000 6 6 19 15211 20 18270 25 6339 16 6105 616 20 286 235 1500 1500 1500 0 0 0 0 0 1 0
272000 274000 0 0 0 0 0 0 0 0 0 0 0 0 0 0 0 0 0 0 0 0 0 0 0 0
274000 276000 2 2 2 0 0 0 2 0 0 0 32 32 32 0 2300 2300 2300 0 0 0 0 0 2 0
276000 278000 2 2 2 35 0 0 3 31 0 0 25 19 22 4 0 0 0 0 0 0 0 0 0 0
278000 280000 3 3 3 35 0 0 4 31 0 0 20 17 19 1 2300 2300 2300 0 128 128 128 0 1 3
280000 282000 3 3 12 10623 0 0 17 875 0 0 469 278 345 107 1500 1500 1500 0 128 128 128 0 2 2
282000 284000 0 0 0 0 0 0 0 0 0 0 0 0 0 0 0 0 0 0 0 0 0 0 0 0
284000 286000 0 0 0 0 0 0 0 0 0 0 0 0 0 0 0 0 0 0 0 0 0 0 0 0
286000 288000 1 1 4 6178 0 0 6 525 0 0 136 136 136 0 1500 1500 1500 0 128 128 128 0 1 1
288000 290000 2 2 2 0 0 0 2 0 0 0 23 23 23 0 1500 1500 1500 0 128 128 128 0 1 1
290000 292000 3 3 11 14211 0 0 15 844 0 0 258 21 158 122 1500 1500 1500 0 128 128 128 0 1 1
292000 294000 2 2 2 0 0 0 2 0 0 0 22 15 18 4 1500 1500 1500 0 128 128 128 0 1 1
294000 296000 0 0 0 0 0 0 0 0 0 0 0 0 0 0 0 0 0 0 0 0 0 0 0 0
296000 298000 0 0 0 0 0 0 0 0 0 0 0 0 0 0 0 0 0 0 0 0 0 0 0 0
298000 300000 5 5 12 3792 40 20469 15 2984 48 20095 172 103 132 32 0 0 0 0 0 0 0 0 0 0
300000 302000 0 0 0 0 0 0 0 0 0 0 0 0 0 0 0 0 0 0 0 0 0 0 0 0
