ts te nbins ncons c_pkts_all c_ack_cnt c_ack_cnt_p c_bytes_all c_bytes_uniq s_pkts_all s_ack_cnt s_ack_cnt_p s_bytes_all s_bytes_uniq c_pkts_retx s_pkts_retx c_pkts_data s_pkts_data max_bin min_bin avg_bin std_bin max_vid min_vid avg_vid std_vid max_aud min_aud avg_aud std_aud num_vid num_aud num_mfs
0 1000 13 12 91 88 44 32671 32671 145 145 67 70951 70951 0 0 44 75 567 0 282 210 0 0 0 0 0 0 0 0 0 0.0 0.0
1000 2000 22 21 106 105 39 13294 13244 153 153 87 51659 51659 0 0 66 65 802 0 356 207 0 0 0 0 0 0 0 0 0 0.0 0.0
2000 3000 12 11 45 44 21 3987 3919 60 60 30 36716 36716 0 0 22 29 781 0 246 240 0 0 0 0 0 0 0 0 0 0.0 0.0
3000 4000 4 4 14 13 4 3106 3106 21 21 14 2042 2042 0 0 9 6 343 270 296 31 0 0 0 0 0 0 0 0 0 0.0 0.0
4000 5000 0 0 0 0 0 0 0 0 0 0 0 0 0 0 0 0 0 0 0 0 0 0 0 0 0 0 0 0 0  
5000 6000 6 6 50 49 21 10278 10089 63 63 35 31727 31727 1 0 27 26 822 146 366 236 0 0 0 0 0 0 0 0 0 0.0 0.0
6000 7000 5 4 23 21 8 6533 6533 31 31 17 14972 14972 0 0 13 12 438 0 208 163 0 0 0 0 0 0 0 0 0 0.0 0.0
7000 8000 4 4 39 36 18 15982 14594 50 50 27 17330 16821 1 3 18 20 712 305 575 183 288 288 288 0 128 128 128 0 3 3.0 1.0
8000 9000 5 4 20 18 11 6068 6068 24 24 13 5944 5942 0 1 7 10 717 33 291 323 288 288 288 0 128 128 128 0 1 1.0 0.0
9000 10000 5 4 14 13 7 3487 2944 19 19 10 6216 6214 1 1 5 8 291 0 214 121 288 288 288 0 128 128 128 0 2 1.0 1.0
10000 11000 3 3 12 12 3 20752 20752 21 21 16 4885 3439 0 2 9 4 579 61 237 296 288 288 288 0 128 128 128 0 1 2.0 0.0
11000 12000 6 4 58 56 34 18019 16847 106 106 31 90184 63335 2 22 22 72 934 0 374 420 288 288 288 0 128 128 128 0 2 2.0 1.0
12000 13000 6 5 57 56 43 10317 8346 69 69 21 53630 38012 1 12 12 46 890 100 484 331 288 288 288 0 128 128 128 0 1 1.0 0.0
13000 14000 4 3 6 6 3 2266 1326 5 5 2 758 716 0 1 1 2 280 67 152 95 288 288 288 0 128 128 128 0 1 1.0 1.0
14000 15000 4 4 2 2 1 263 263 3 3 1 494 494 0 0 0 1 158 0 108 73 0 0 0 0 0 0 0 0 0 0.0 0.0
15000 16000 3 3 4 4 2 543 543 7 7 3 1206 1206 0 0 1 2 389 272 350 67 480 480 480 0 128 128 128 0 2 1.0 1.0
16000 17000 1 1 3 2 0 1388 0 4 4 1 5224 5224 2 0 1 2 173 173 173 0 0 0 0 0 0 0 0 0 0 0.0 0.0
17000 18000 0 0 0 0 0 0 0 0 0 0 0 0 0 0 0 0 0 0 0 0 0 0 0 0 0 0 0 0 0  
18000 19000 2 2 11 11 5 5320 5320 17 17 12 4466 4465 0 1 6 5 594 331 462 185 0 0 0 0 0 0 0 0 0 0.0 0.0
19000 20000 0 0 0 0 0 0 0 0 0 0 0 0 0 0 0 0 0 0 0 0 0 0 0 0 0 0 0 0 0  
20000 21000 2 2 9 9 2 13489 13489 15 15 13 844 844 0 0 7 2 395 305 350 63 0 0 0 0 0 0 0 0 0 0.0 0.0
21000 22000 1 1 0 0 0 0 0 0 0 0 0 0 0 0 0 0 0 0 0 0 840 840 840 0 128 128 128 0 1 1.0 1.0
22000 23000 0 0 0 0 0 0 0 0 0 0 0 0 0 0 0 0 0 0 0 0 0 0 0 0 0 0 0 0 0  
23000 24000 1 1 1 1 1 0 0 1 1 1 0 0 0 0 0 0 16 16 16 0 840 840 840 0 128 128 128 0 1 1.0 1.0
24000 25000 0 0 0 0 0 0 0 0 0 0 0 0 0 0 0 0 0 0 0 0 0 0 0 0 0 0 0 0 0  
25000 26000 0 0 0 0 0 0 0 0 0 0 0 0 0 0 0 0 0 0 0 0 0 0 0 0 0 0 0 0 0  
26000 27000 0 0 0 0 0 0 0 0 0 0 0 0 0 0 0 0 0 0 0 0 0 0 0 0 0 0 0 0 0  
27000 28000 0 0 0 0 0 0 0 0 0 0 0 0 0 0 0 0 0 0 0 0 0 0 0 0 0 0 0 0 0  
28000 29000 3 3 13 13 5 5860 5556 21 21 13 4362 4359 0 2 7 6 731 73 374 332 0 0 0 0 0 0 0 0 0 0.0 0.0
29000 30000 5 3 19 18 8 9438 9397 28 28 17 10167 10167 0 1 9 9 615 0 241 248 288 288 288 0 128 128 128 0 1 1.0 1.0
30000 31000 4 4 50 49 4 106507 106507 85 85 80 2172 2172 0 0 45 3 673 380 570 136 0 0 0 0 0 0 0 0 0 0.0 0.0
31000 32000 6 4 23 23 2 49310 49310 43 43 41 791 791 0 0 20 2 328 0 192 150 288 288 288 0 128 128 128 0 1 1.0 1.0
32000 33000 0 0 0 0 0 0 0 0 0 0 0 0 0 0 0 0 0 0 0 0 0 0 0 0 0 0 0 0 0  
33000 34000 0 0 0 0 0 0 0 0 0 0 0 0 0 0 0 0 0 0 0 0 0 0 0 0 0 0 0 0 0  
34000 35000 2 2 2 2 2 0 0 2 2 2 0 0 0 0 0 0 17 16 17 0 0 0 0 0 0 0 0 0 0 0.0 0.0
35000 36000 2 2 2 2 1 35 35 4 4 3 31 31 0 0 1 1 264 24 144 170 288 288 288 0 128 128 128 0 1 1.0 1.0
36000 37000 5 5 5 5 5 0 0 5 5 5 0 0 0 0 0 0 17 16 17 0 0 0 0 0 0 0 0 0 0 0.0 0.0
37000 38000 1 1 2 2 1 0 0 1 1 0 0 0 0 0 0 0 36 36 36 0 288 288 288 0 128 128 128 0 1 1.0 1.0
38000 39000 4 4 12 12 5 6709 5321 18 18 15 4468 4468 1 0 7 3 418 16 204 217 0 0 0 0 0 0 0 0 0 0.0 0.0
39000 40000 2 2 4 4 2 70 70 6 6 4 62 62 0 0 2 2 285 270 278 10 288 288 288 0 128 128 128 0 1 1.0 1.0
40000 41000 1 1 4 4 1 5765 5765 7 7 6 422 422 0 0 3 1 298 298 298 0 0 0 0 0 0 0 0 0 0 0.0 0.0
41000 42000 0 0 0 0 0 0 0 0 0 0 0 0 0 0 0 0 0 0 0 0 0 0 0 0 0 0 0 0 0  
42000 43000 0 0 0 0 0 0 0 0 0 0 0 0 0 0 0 0 0 0 0 0 0 0 0 0 0 0 0 0 0  
43000 44000 0 0 0 0 0 0 0 0 0 0 0 0 0 0 0 0 0 0 0 0 0 0 0 0 0 0 0 0 0  
44000 45000 2 2 2 2 2 0 0 2 2 2 0 0 0 0 0 0 18 17 18 0 0 0 0 0 0 0 0 0 0 0.0 0.0
45000 46000 2 2 2 2 2 0 0 2 2 1 296 295 0 0 0 1 182 18 100 116 288 288 288 0 128 128 128 0 1 1.0 1.0
46000 47000 11 11 10 10 10 0 0 11 11 10 178 178 0 0 0 0 110 17 26 27 0 0 0 0 0 0 0 0 0 0.0 0.0
47000 48000 8 8 8 8 7 0 0 8 8 8 0 0 0 0 0 0 26 18 21 3 288 288 288 0 128 128 128 0 1 1.0 1.0
48000 49000 7 7 27 27 8 17950 12978 37 37 30 7290 7290 4 0 17 5 554 16 238 225 0 0 0 0 0 0 0 0 0 0.0 0.0
49000 50000 5 4 14 13 6 3147 2248 13 13 6 3245 3245 1 0 4 3 519 34 135 214 288 288 288 0 128 128 128 0 1 1.0 1.0
50000 51000 5 5 11 11 4 6862 6862 12 12 9 736 736 0 0 4 1 530 19 177 230 0 0 0 0 0 0 0 0 0 0.0 0.0
51000 52000 6 6 9 9 5 412 412 6 6 1 107 107 0 0 0 0 182 17 52 63 288 288 288 0 128 128 128 0 1 1.0 1.0
52000 53000 3 3 3 3 3 0 0 3 3 3 0 0 0 0 0 0 31 25 29 3 288 288 288 0 128 128 128 0 1 1.0 0.0
53000 54000 0 0 0 0 0 0 0 0 0 0 0 0 0 0 0 0 0 0 0 0 0 0 0 0 0 0 0 0 0  
54000 55000 2 2 2 2 2 0 0 2 2 2 0 0 0 0 0 0 17 17 17 0 0 0 0 0 0 0 0 0 0 0.0 0.0
55000 56000 0 0 0 0 0 0 0 0 0 0 0 0 0 0 0 0 0 0 0 0 0 0 0 0 0 0 0 0 0  
56000 57000 0 0 0 0 0 0 0 0 0 0 0 0 0 0 0 0 0 0 0 0 0 0 0 0 0 0 0 0 0  
57000 58000 0 0 0 0 0 0 0 0 0 0 0 0 0 0 0 0 0 0 0 0 0 0 0 0 0 0 0 0 0  
58000 59000 3 3 11 11 4 4814 4022 16 16 12 4037 4036 2 0 7 3 731 17 316 371 0 0 0 0 0 0 0 0 0 0.0 0.0
59000 60000 4 4 8 8 3 1579 1312 6 6 3 442 442 0 0 2 1 334 27 107 151 840 840 840 0 128 128 128 0 1 1.0 1.0
60000 61000 5 5 10 9 3 5212 5212 12 12 6 413 413 0 0 3 2 549 16 235 194 0 0 0 0 0 0 0 0 0 0.0 0.0
61000 62000 4 4 7 7 3 1367 1367 11 11 5 270 270 0 0 1 4 274 20 114 120 840 840 840 0 128 128 128 0 1 1.0 1.0
62000 63000 0 0 0 0 0 0 0 0 0 0 0 0 0 0 0 0 0 0 0 0 0 0 0 0 0 0 0 0 0  
63000 64000 1 1 2 1 0 0 0 2 2 0 574 574 0 0 0 1 22 22 22 0 840 840 840 0 128 128 128 0 1 1.0 1.0
64000 65000 0 0 0 0 0 0 0 0 0 0 0 0 0 0 0 0 0 0 0 0 0 0 0 0 0 0 0 0 0  
65000 66000 2 2 2 2 1 23 23 4 4 2 97 97 0 0 0 1 289 19 154 190 840 840 840 0 128 128 128 0 1 1.0 1.0
66000 67000 2 2 22 21 3 34421 34421 36 36 28 5813 5813 0 0 17 7 959 148 554 573 0 0 0 0 0 0 0 0 0 0.0 0.0
67000 68000 2 1 37 37 3 93857 93857 78 78 71 663 663 0 0 34 7 851 38 444 574 288 288 288 0 128 128 128 0 1 1.0 1.0
68000 69000 2 2 9 9 2 5339 5339 14 14 11 4479 4479 0 0 7 3 443 307 375 96 0 0 0 0 0 0 0 0 0 0.0 0.0
69000 70000 3 3 4 4 1 70 70 7 7 4 62 62 0 0 2 2 269 18 179 139 288 288 288 0 128 128 128 0 1 1.0 1.0
70000 71000 2 2 7 7 1 8272 8272 11 11 9 770 770 0 0 5 1 542 277 409 187 0 0 0 0 0 0 0 0 0 0.0 0.0
71000 72000 1 1 0 0 0 1232 1232 1 1 1 73 73 0 0 0 0 113 113 113 0 288 288 288 0 128 128 128 0 1 1.0 1.0
72000 73000 0 0 0 0 0 0 0 0 0 0 0 0 0 0 0 0 0 0 0 0 0 0 0 0 0 0 0 0 0  
73000 74000 0 0 0 0 0 0 0 0 0 0 0 0 0 0 0 0 0 0 0 0 0 0 0 0 0 0 0 0 0  
74000 75000 0 0 0 0 0 0 0 0 0 0 0 0 0 0 0 0 0 0 0 0 0 0 0 0 0 0 0 0 0  
75000 76000 0 0 0 0 0 0 0 0 0 0 0 0 0 0 0 0 0 0 0 0 0 0 0 0 0 0 0 0 0  
76000 77000 0 0 0 0 0 0 0 0 0 0 0 0 0 0 0 0 0 0 0 0 0 0 0 0 0 0 0 0 0  
77000 78000 1 1 1 1 1 0 0 1 1 1 0 0 0 0 0 0 18 18 18 0 288 288 288 0 128 128 128 0 1 1.0 1.0
78000 79000 1 1 2 2 1 0 0 3 3 1 77 77 0 0 0 1 17 17 17 0 0 0 0 0 0 0 0 0 0 0.0 0.0
79000 80000 0 0 0 0 0 0 0 0 0 0 0 0 0 0 0 0 0 0 0 0 0 0 0 0 0 0 0 0 0  
80000 81000 1 1 3 3 0 4952 4952 5 5 4 419 419 0 0 2 0 539 539 539 0 0 0 0 0 0 0 0 0 0 0.0 0.0
81000 82000 1 1 0 0 0 23 23 0 0 0 2 2 0 0 0 0 2 2 2 0 288 288 288 0 128 128 128 0 1 1.0 1.0
82000 83000 0 0 0 0 0 0 0 0 0 0 0 0 0 0 0 0 0 0 0 0 0 0 0 0 0 0 0 0 0  
83000 84000 1 1 1 1 1 0 0 1 1 1 0 0 0 0 0 0 16 16 16 0 288 288 288 0 128 128 128 0 1 1.0 1.0
84000 85000 0 0 0 0 0 0 0 0 0 0 0 0 0 0 0 0 0 0 0 0 0 0 0 0 0 0 0 0 0  
85000 86000 0 0 0 0 0 0 0 0 0 0 0 0 0 0 0 0 0 0 0 0 0 0 0 0 0 0 0 0 0  
86000 87000 0 0 0 0 0 0 0 0 0 0 0 0 0 0 0 0 0 0 0 0 0 0 0 0 0 0 0 0 0  
87000 88000 0 0 0 0 0 0 0 0 0 0 0 0 0 0 0 0 0 0 0 0 0 0 0 0 0 0 0 0 0  
88000 89000 1 1 6 6 2 3290 3290 9 9 6 507 507 0 0 4 3 351 351 351 0 0 0 0 0 0 0 0 0 0 0.0 0.0
89000 90000 0 0 0 0 0 0 0 0 0 0 0 0 0 0 0 0 0 0 0 0 0 0 0 0 0 0 0 0 0  
90000 91000 1 1 4 4 1 5924 5924 7 7 6 422 422 0 0 3 1 515 515 515 0 0 0 0 0 0 0 0 0 0 0.0 0.0
91000 92000 3 3 3 3 2 35 35 5 5 4 31 31 0 0 1 1 252 17 96 135 288 288 288 0 128 128 128 0 1 1.0 1.0
92000 93000 0 0 0 0 0 0 0 0 0 0 0 0 0 0 0 0 0 0 0 0 0 0 0 0 0 0 0 0 0  
93000 94000 11 11 11 11 11 0 0 11 11 11 0 0 0 0 0 0 23 18 20 1 288 288 288 0 128 128 128 0 1 1.0 1.0
94000 95000 0 0 0 0 0 0 0 0 0 0 0 0 0 0 0 0 0 0 0 0 0 0 0 0 0 0 0 0 0  
95000 96000 3 3 2 2 2 13 13 3 3 2 12 12 0 0 0 0 103 23 51 44 288 288 288 0 128 128 128 0 1 1.0 1.0
96000 97000 1 1 0 0 0 21 21 1 1 1 18 18 0 0 0 0 156 156 156 0 0 0 0 0 0 0 0 0 0 0.0 0.0
97000 98000 3 3 3 3 3 0 0 3 3 3 0 0 0 0 0 0 17 17 17 0 288 288 288 0 128 128 128 0 1 1.0 1.0
98000 99000 0 0 0 0 0 0 0 0 0 0 0 0 0 0 0 0 0 0 0 0 0 0 0 0 0 0 0 0 0  
99000 100000 4 4 3 3 2 65 65 7 7 5 57 57 0 0 1 1 254 16 129 130 288 288 288 0 128 128 128 0 1 1.0 1.0
100000 101000 3 3 7 7 2 7264 7264 11 11 9 848 848 0 0 5 2 509 37 275 235 0 0 0 0 0 0 0 0 0 0.0 0.0
101000 102000 0 0 0 0 0 0 0 0 0 0 0 0 0 0 0 0 0 0 0 0 0 0 0 0 0 0 0 0 0  
102000 103000 0 0 0 0 0 0 0 0 0 0 0 0 0 0 0 0 0 0 0 0 0 0 0 0 0 0 0 0 0  
103000 104000 1 1 1 1 1 0 0 1 1 1 0 0 0 0 0 0 37 37 37 0 288 288 288 0 128 128 128 0 2 1.0 1.0
104000 105000 0 0 0 0 0 0 0 0 0 0 0 0 0 0 0 0 0 0 0 0 0 0 0 0 0 0 0 0 0  
105000 106000 0 0 0 0 0 0 0 0 0 0 0 0 0 0 0 0 0 0 0 0 0 0 0 0 0 0 0 0 0  
106000 107000 0 0 0 0 0 0 0 0 0 0 0 0 0 0 0 0 0 0 0 0 0 0 0 0 0 0 0 0 0  
107000 108000 1 1 1 1 1 0 0 1 1 1 0 0 0 0 0 0 27 27 27 0 288 288 288 0 128 128 128 0 1 1.0 1.0
108000 109000 1 1 1 1 0 0 0 2 2 1 0 0 0 0 0 0 20 20 20 0 0 0 0 0 0 0 0 0 0 0.0 0.0
109000 110000 0 0 0 0 0 0 0 0 0 0 0 0 0 0 0 0 0 0 0 0 0 0 0 0 0 0 0 0 0  
110000 111000 2 2 7 7 2 7221 7221 11 11 9 844 844 0 0 5 2 405 258 332 104 0 0 0 0 0 0 0 0 0 0.0 0.0
111000 112000 1 1 0 0 0 0 0 0 0 0 0 0 0 0 0 0 90 90 90 0 288 288 288 0 128 128 128 0 1 1.0 1.0
112000 113000 2 2 1 1 0 0 0 3 3 1 0 0 0 0 0 0 173 136 154 25 288 288 288 0 128 128 128 0 1 1.0 0.0
113000 114000 2 2 2 2 2 0 0 2 2 2 0 0 0 0 0 0 19 18 19 0 288 288 288 0 128 128 128 0 1 1.0 1.0
114000 115000 2 2 2 2 0 0 0 4 4 2 0 0 0 0 0 0 20 20 20 0 0 0 0 0 0 0 0 0 0 0.0 0.0
115000 116000 1 1 1 1 0 0 0 2 2 1 0 0 0 0 0 0 25 25 25 0 288 288 288 0 128 128 128 0 1 1.0 1.0
116000 117000 0 0 0 0 0 0 0 0 0 0 0 0 0 0 0 0 0 0 0 0 0 0 0 0 0 0 0 0 0  
117000 118000 2 2 2 2 0 0 0 4 4 2 0 0 0 0 0 0 36 21 28 10 0 0 0 0 0 0 0 0 0 0.0 1.0
118000 119000 1 1 1 1 0 0 0 2 2 1 0 0 0 0 0 0 30 30 30 0 0 0 0 0 0 0 0 0 0 0.0 0.0
119000 120000 3 3 3 3 0 0 0 6 6 3 0 0 0 0 0 0 27 25 26 0 288 288 288 0 128 128 128 0 1 1.0 1.0
120000 121000 3 3 9 9 2 5323 5323 10 10 7 422 422 2 0 3 1 598 27 337 288 0 0 0 0 0 0 0 0 0 0.0 0.0
121000 122000 4 4 4 4 0 35 35 7 7 4 31 31 1 0 1 1 610 21 231 278 288 288 288 0 128 128 128 0 1 1.0 1.0
122000 123000 5 5 33 32 21 4459 4252 45 45 13 39601 33584 0 4 8 29 347 19 225 128 0 0 0 0 0 0 0 0 0 0.0 0.0
123000 124000 3 2 74 73 63 6108 5332 103 103 12 140361 117805 0 14 9 89 780 0 361 393 288 288 288 0 0 0 0 0 1 0.0 1.0
124000 125000 2 2 0 0 0 0 0 0 0 0 0 0 0 0 0 0 73 0 36 51 4400 4400 4400 0 128 128 128 0 2 2.0 0.0
125000 126000 7 7 14 14 2 23208 23202 26 26 20 128 118 0 0 9 2 212 17 143 78 0 0 0 0 0 0 0 0 0 0.0 1.0
126000 127000 5 4 44 44 7 83363 83333 77 77 65 506 433 1 2 34 11 738 143 363 234 0 0 0 0 0 0 0 0 0 0.0 0.0
127000 128000 5 4 16 15 8 4252 4252 22 22 9 6393 6245 0 3 6 11 771 0 295 360 0 0 0 0 0 0 0 0 0 0.0 1.0
128000 129000 5 4 17 17 7 6696 6496 25 25 15 6533 4628 1 3 9 9 726 0 281 350 4400 4400 4400 0 128 128 128 0 1 1.0 0.0
129000 130000 5 4 5 5 2 489 485 9 9 6 759 514 0 1 2 3 460 0 213 182 0 0 0 0 0 0 0 0 0 0.0 1.0
130000 131000 4 4 13 12 3 13512 12266 22 22 15 2153 2133 1 3 9 6 521 225 377 122 0 0 0 0 0 0 0 0 0 0.0 0.0
131000 132000 5 3 15 14 9 6633 6374 22 22 10 5115 4615 0 6 5 11 689 0 321 261 0 0 0 0 0 0 0 0 0 0.0 1.0
132000 133000 1 1 1 1 1 23 23 1 1 1 0 0 0 0 0 0 264 264 264 0 480 480 480 0 128 128 128 0 2 1.0 0.0
133000 134000 1 1 2 2 0 1405 1405 4 4 3 1634 1634 0 0 1 1 270 270 270 0 480 480 480 0 128 128 128 0 1 2.0 1.0
134000 135000 3 2 7 7 3 4844 4844 15 15 9 4507 3943 0 0 4 5 413 228 332 94 480 480 480 0 128 128 128 0 1 1.0 0.0
135000 136000 3 3 7 7 3 4291 4291 13 13 8 4901 3346 0 1 3 4 629 115 371 257 480 480 480 0 128 128 128 0 2 2.0 1.0
136000 137000 1 1 0 0 0 0 0 0 0 0 0 0 0 0 0 0 134 134 134 0 480 480 480 0 128 128 128 0 1 1.0 0.0
137000 138000 0 0 0 0 0 0 0 0 0 0 0 0 0 0 0 0 0 0 0 0 0 0 0 0 0 0 0 0 0  
138000 139000 1 1 2 2 1 0 0 3 3 1 77 77 0 0 0 1 60 60 60 0 0 0 0 0 0 0 0 0 0 0.0 0.0
139000 140000 0 0 0 0 0 0 0 0 0 0 0 0 0 0 0 0 0 0 0 0 0 0 0 0 0 0 0 0 0  
140000 141000 2 2 8 8 2 10451 10451 13 13 11 844 844 0 0 6 2 341 269 305 50 0 0 0 0 0 0 0 0 0 0.0 0.0
141000 142000 0 0 0 0 0 0 0 0 0 0 0 0 0 0 0 0 0 0 0 0 0 0 0 0 0 0 0 0 0  
142000 143000 0 0 0 0 0 0 0 0 0 0 0 0 0 0 0 0 0 0 0 0 0 0 0 0 0 0 0 0 0  
143000 144000 0 0 0 0 0 0 0 0 0 0 0 0 0 0 0 0 0 0 0 0 0 0 0 0 0 0 0 0 0  
144000 145000 0 0 0 0 0 0 0 0 0 0 0 0 0 0 0 0 0 0 0 0 0 0 0 0 0 0 0 0 0  
145000 146000 1 1 3 3 2 0 0 2 2 0 77 77 0 0 0 2 0 0 0 0 480 480 480 0 128 128 128 0 1 1.0 1.0
146000 147000 1 1 1 1 1 0 0 1 1 0 0 0 0 0 0 0 69 69 69 0 0 0 0 0 0 0 0 0 0 0.0 0.0
147000 148000 1 1 1 1 0 0 0 0 0 0 0 0 0 0 0 0 641 641 641 0 480 480 480 0 128 128 128 0 1 1.0 1.0
148000 149000 2 1 0 0 0 0 0 0 0 0 0 0 0 0 0 0 44 0 22 31 0 0 0 0 0 0 0 0 0 0.0 0.0
149000 150000 0 0 0 0 0 0 0 0 0 0 0 0 0 0 0 0 0 0 0 0 0 0 0 0 0 0 0 0 0  
150000 151000 3 3 9 9 2 14144 14144 16 16 14 783 783 0 0 7 2 305 0 198 172 0 0 0 0 0 0 0 0 0 0.0 0.0
151000 152000 1 1 1 1 0 35 35 3 3 2 31 31 0 0 1 1 272 272 272 0 480 480 480 0 128 128 128 0 1 1.0 1.0
152000 153000 0 0 0 0 0 0 0 0 0 0 0 0 0 0 0 0 0 0 0 0 0 0 0 0 0 0 0 0 0  
153000 154000 1 1 0 0 0 0 0 0 0 0 0 0 0 0 0 0 0 0 0 0 480 480 480 0 128 128 128 0 1 1.0 1.0
154000 155000 0 0 0 0 0 0 0 0 0 0 0 0 0 0 0 0 0 0 0 0 0 0 0 0 0 0 0 0 0  
155000 156000 0 0 0 0 0 0 0 0 0 0 0 0 0 0 0 0 0 0 0 0 0 0 0 0 0 0 0 0 0  
156000 157000 2 2 2 2 1 35 35 3 3 2 31 31 0 0 1 1 454 0 227 321 0 0 0 0 0 0 0 0 0 0.0 0.0
157000 158000 0 0 0 0 0 0 0 0 0 0 0 0 0 0 0 0 0 0 0 0 0 0 0 0 0 0 0 0 0  
158000 159000 0 0 0 0 0 0 0 0 0 0 0 0 0 0 0 0 0 0 0 0 0 0 0 0 0 0 0 0 0  
159000 160000 1 1 1 1 0 35 35 3 3 2 31 31 0 0 1 1 266 266 266 0 480 480 480 0 128 128 128 0 1 1.0 1.0
160000 161000 3 3 10 10 4 7786 7786 15 15 11 876 875 0 1 6 4 563 266 368 168 0 0 0 0 0 0 0 0 0 0.0 0.0
161000 162000 0 0 0 0 0 0 0 0 0 0 0 0 0 0 0 0 0 0 0 0 0 0 0 0 0 0 0 0 0  
162000 163000 0 0 0 0 0 0 0 0 0 0 0 0 0 0 0 0 0 0 0 0 0 0 0 0 0 0 0 0 0  
163000 164000 0 0 0 0 0 0 0 0 0 0 0 0 0 0 0 0 0 0 0 0 0 0 0 0 0 0 0 0 0  
164000 165000 0 0 0 0 0 0 0 0 0 0 0 0 0 0 0 0 0 0 0 0 0 0 0 0 0 0 0 0 0  
165000 166000 0 0 0 0 0 0 0 0 0 0 0 0 0 0 0 0 0 0 0 0 0 0 0 0 0 0 0 0 0  
166000 167000 0 0 0 0 0 0 0 0 0 0 0 0 0 0 0 0 0 0 0 0 0 0 0 0 0 0 0 0 0  
167000 168000 0 0 0 0 0 0 0 0 0 0 0 0 0 0 0 0 0 0 0 0 0 0 0 0 0 0 0 0 0  
168000 169000 1 1 7 7 1 4420 3598 9 9 7 487 487 0 0 5 1 719 719 719 0 0 0 0 0 0 0 0 0 0 0.0 0.0
169000 170000 4 3 2 2 2 179 146 2 2 2 19 19 0 0 0 0 29 0 15 11 480 480 480 0 128 128 128 0 1 1.0 1.0
170000 171000 1 1 4 4 1 5677 5677 7 7 6 422 422 0 0 3 1 272 272 272 0 0 0 0 0 0 0 0 0 0 0.0 0.0
171000 172000 0 0 0 0 0 0 0 0 0 0 0 0 0 0 0 0 0 0 0 0 0 0 0 0 0 0 0 0 0  
172000 173000 0 0 0 0 0 0 0 0 0 0 0 0 0 0 0 0 0 0 0 0 0 0 0 0 0 0 0 0 0  
173000 174000 1 1 1 1 1 0 0 1 1 1 0 0 0 0 0 0 19 19 19 0 480 480 480 0 128 128 128 0 1 1.0 1.0
174000 175000 0 0 0 0 0 0 0 0 0 0 0 0 0 0 0 0 0 0 0 0 0 0 0 0 0 0 0 0 0  
175000 176000 0 0 0 0 0 0 0 0 0 0 0 0 0 0 0 0 0 0 0 0 0 0 0 0 0 0 0 0 0  
176000 177000 0 0 0 0 0 0 0 0 0 0 0 0 0 0 0 0 0 0 0 0 0 0 0 0 0 0 0 0 0  
177000 178000 0 0 0 0 0 0 0 0 0 0 0 0 0 0 0 0 0 0 0 0 0 0 0 0 0 0 0 0 0  
178000 179000 0 0 0 0 0 0 0 0 0 0 0 0 0 0 0 0 0 0 0 0 0 0 0 0 0 0 0 0 0  
179000 180000 0 0 0 0 0 0 0 0 0 0 0 0 0 0 0 0 0 0 0 0 0 0 0 0 0 0 0 0 0  
180000 181000 2 2 8 8 1 9357 7535 11 11 10 747 747 1 0 6 1 474 420 447 38 0 0 0 0 0 0 0 0 0 0.0 0.0
181000 182000 3 3 2 2 1 597 405 5 5 3 127 127 0 0 1 1 251 20 137 115 0 0 0 0 0 0 0 0 0 0.0 1.0
182000 183000 0 0 0 0 0 0 0 0 0 0 0 0 0 0 0 0 0 0 0 0 0 0 0 0 0 0 0 0 0  
183000 184000 0 0 0 0 0 0 0 0 0 0 0 0 0 0 0 0 0 0 0 0 0 0 0 0 0 0 0 0 0  
184000 185000 0 0 0 0 0 0 0 0 0 0 0 0 0 0 0 0 0 0 0 0 0 0 0 0 0 0 0 0 0  
185000 186000 1 1 9 9 0 24510 24510 20 20 18 112 112 0 0 9 2 203 203 203 0 0 0 0 0 0 0 0 0 0 0.0 1.0
186000 187000 2 2 37 37 1 89500 89500 78 78 69 439 439 0 0 35 8 741 275 508 329 0 0 0 0 0 0 0 0 0 0.0 0.0
187000 188000 0 0 0 0 0 0 0 0 0 0 0 0 0 0 0 0 0 0 0 0 0 0 0 0 0 0 0 0 0  
188000 189000 0 0 0 0 0 0 0 0 0 0 0 0 0 0 0 0 0 0 0 0 0 0 0 0 0 0 0 0 0  
189000 190000 2 2 3 3 0 1563 1563 7 7 5 1805 1805 0 0 3 2 255 198 226 40 480 480 480 0 128 128 128 0 1 1.0 1.0
190000 191000 6 6 37 35 18 17218 15671 51 51 28 15180 13823 1 8 17 21 974 270 556 252 0 0 0 0 0 0 0 0 0 0.0 0.0
191000 192000 5 4 2 2 0 1728 1625 5 5 4 865 764 0 0 1 1 328 10 112 129 480 480 480 0 128 128 128 0 1 1.0 1.0
192000 193000 0 0 0 0 0 0 0 0 0 0 0 0 0 0 0 0 0 0 0 0 0 0 0 0 0 0 0 0 0  
193000 194000 0 0 0 0 0 0 0 0 0 0 0 0 0 0 0 0 0 0 0 0 0 0 0 0 0 0 0 0 0  
194000 195000 0 0 0 0 0 0 0 0 0 0 0 0 0 0 0 0 0 0 0 0 0 0 0 0 0 0 0 0 0  
195000 196000 0 0 0 0 0 0 0 0 0 0 0 0 0 0 0 0 0 0 0 0 0 0 0 0 0 0 0 0 0  
196000 197000 0 0 0 0 0 0 0 0 0 0 0 0 0 0 0 0 0 0 0 0 0 0 0 0 0 0 0 0 0  
197000 198000 0 0 0 0 0 0 0 0 0 0 0 0 0 0 0 0 0 0 0 0 0 0 0 0 0 0 0 0 0  
198000 199000 0 0 0 0 0 0 0 0 0 0 0 0 0 0 0 0 0 0 0 0 0 0 0 0 0 0 0 0 0  
199000 200000 0 0 0 0 0 0 0 0 0 0 0 0 0 0 0 0 0 0 0 0 0 0 0 0 0 0 0 0 0  
200000 201000 2 2 9 9 5 5996 5996 11 11 6 518 518 0 0 3 3 258 45 152 150 0 0 0 0 0 0 0 0 0 0.0 0.0
201000 202000 1 1 3 3 2 0 0 4 4 1 77 77 0 0 0 2 25 25 25 0 840 840 840 0 128 128 128 0 1 1.0 1.0
202000 203000 0 0 0 0 0 0 0 0 0 0 0 0 0 0 0 0 0 0 0 0 0 0 0 0 0 0 0 0 0  
203000 204000 0 0 0 0 0 0 0 0 0 0 0 0 0 0 0 0 0 0 0 0 0 0 0 0 0 0 0 0 0  
204000 205000 0 0 0 0 0 0 0 0 0 0 0 0 0 0 0 0 0 0 0 0 0 0 0 0 0 0 0 0 0  
205000 206000 0 0 0 0 0 0 0 0 0 0 0 0 0 0 0 0 0 0 0 0 0 0 0 0 0 0 0 0 0  
206000 207000 0 0 0 0 0 0 0 0 0 0 0 0 0 0 0 0 0 0 0 0 0 0 0 0 0 0 0 0 0  
207000 208000 0 0 0 0 0 0 0 0 0 0 0 0 0 0 0 0 0 0 0 0 0 0 0 0 0 0 0 0 0  
208000 209000 1 1 6 6 1 4438 2804 7 7 5 37 36 1 0 4 1 719 719 719 0 0 0 0 0 0 0 0 0 0 0.0 0.0
209000 210000 2 1 3 3 1 1496 719 5 5 4 272 271 0 0 2 1 562 178 370 271 840 840 840 0 128 128 128 0 1 1.0 1.0
210000 211000 3 3 11 10 4 6880 6600 15 15 10 2895 2893 0 1 5 4 489 425 466 35 0 0 0 0 0 0 0 0 0 0.0 0.0
211000 212000 3 3 7 6 2 3698 3698 11 11 7 2437 2436 0 0 3 3 487 232 330 137 840 840 840 0 128 128 128 0 1 1.0 1.0
212000 213000 0 0 0 0 0 0 0 0 0 0 0 0 0 0 0 0 0 0 0 0 0 0 0 0 0 0 0 0 0  
213000 214000 0 0 0 0 0 0 0 0 0 0 0 0 0 0 0 0 0 0 0 0 0 0 0 0 0 0 0 0 0  
214000 215000 2 2 2 2 2 0 0 2 2 2 0 0 0 0 0 0 18 17 17 0 0 0 0 0 0 0 0 0 0 0.0 0.0
215000 216000 0 0 0 0 0 0 0 0 0 0 0 0 0 0 0 0 0 0 0 0 0 0 0 0 0 0 0 0 0  
216000 217000 1 1 1 1 0 35 35 3 3 2 31 31 0 0 1 1 473 473 473 0 0 0 0 0 0 0 0 0 0 0.0 0.0
217000 218000 0 0 0 0 0 0 0 0 0 0 0 0 0 0 0 0 0 0 0 0 0 0 0 0 0 0 0 0 0  
218000 219000 0 0 0 0 0 0 0 0 0 0 0 0 0 0 0 0 0 0 0 0 0 0 0 0 0 0 0 0 0  
219000 220000 1 1 1 1 0 35 35 3 3 2 31 31 0 0 1 1 265 265 265 0 840 840 840 0 128 128 128 0 1 1.0 1.0
220000 221000 2 2 6 6 2 4630 4630 9 9 6 413 412 0 1 3 3 485 416 450 49 0 0 0 0 0 0 0 0 0 0.0 0.0
221000 222000 2 2 0 0 0 406 406 1 1 0 41 40 0 0 0 0 123 42 82 57 840 840 840 0 128 128 128 0 1 1.0 1.0
222000 223000 0 0 0 0 0 0 0 0 0 0 0 0 0 0 0 0 0 0 0 0 0 0 0 0 0 0 0 0 0  
223000 224000 0 0 0 0 0 0 0 0 0 0 0 0 0 0 0 0 0 0 0 0 0 0 0 0 0 0 0 0 0  
224000 225000 0 0 0 0 0 0 0 0 0 0 0 0 0 0 0 0 0 0 0 0 0 0 0 0 0 0 0 0 0  
225000 226000 0 0 0 0 0 0 0 0 0 0 0 0 0 0 0 0 0 0 0 0 0 0 0 0 0 0 0 0 0  
226000 227000 0 0 0 0 0 0 0 0 0 0 0 0 0 0 0 0 0 0 0 0 0 0 0 0 0 0 0 0 0  
227000 228000 0 0 0 0 0 0 0 0 0 0 0 0 0 0 0 0 0 0 0 0 0 0 0 0 0 0 0 0 0  
228000 229000 0 0 0 0 0 0 0 0 0 0 0 0 0 0 0 0 0 0 0 0 0 0 0 0 0 0 0 0 0  
229000 230000 0 0 0 0 0 0 0 0 0 0 0 0 0 0 0 0 0 0 0 0 0 0 0 0 0 0 0 0 0  
230000 231000 2 2 8 8 2 8658 8658 12 12 10 800 800 0 0 6 2 418 289 354 91 0 0 0 0 0 0 0 0 0 0.0 0.0
231000 232000 1 1 1 1 1 0 0 1 1 1 0 0 0 0 0 0 17 17 17 0 0 0 0 0 0 0 0 0 0 0.0 1.0
232000 233000 0 0 0 0 0 0 0 0 0 0 0 0 0 0 0 0 0 0 0 0 0 0 0 0 0 0 0 0 0  
233000 234000 0 0 0 0 0 0 0 0 0 0 0 0 0 0 0 0 0 0 0 0 0 0 0 0 0 0 0 0 0  
234000 235000 0 0 0 0 0 0 0 0 0 0 0 0 0 0 0 0 0 0 0 0 0 0 0 0 0 0 0 0 0  
235000 236000 1 1 1 1 1 0 0 1 1 1 0 0 0 0 0 0 17 17 17 0 0 0 0 0 0 0 0 0 0 0.0 1.0
236000 237000 1 1 1 1 0 0 0 2 2 1 0 0 0 0 0 0 25 25 25 0 0 0 0 0 0 0 0 0 0 0.0 0.0
237000 238000 0 0 0 0 0 0 0 0 0 0 0 0 0 0 0 0 0 0 0 0 0 0 0 0 0 0 0 0 0  
238000 239000 0 0 0 0 0 0 0 0 0 0 0 0 0 0 0 0 0 0 0 0 0 0 0 0 0 0 0 0 0  
239000 240000 1 1 1 1 0 0 0 2 2 1 0 0 0 0 0 0 167 167 167 0 288 288 288 0 128 128 128 0 2 2.0 1.0
240000 241000 2 2 6 6 2 5248 5248 9 9 7 800 800 0 0 4 2 383 317 350 46 288 288 288 0 128 128 128 0 2 1.0 0.0
241000 242000 1 1 1 1 0 35 35 3 3 2 31 31 0 0 1 1 318 318 318 0 288 288 288 0 128 128 128 0 1 2.0 1.0
242000 243000 1 1 10 9 4 2367 2367 12 12 6 1806 1806 0 0 5 5 333 333 333 0 288 288 288 0 128 128 128 0 1 1.0 0.0
243000 244000 2 2 74 73 59 5968 5968 90 90 15 110520 110520 0 0 13 73 817 65 441 532 0 0 0 0 0 0 0 0 0 0.0 1.0
244000 245000 2 1 32 32 29 1345 1345 32 32 5 39058 39058 0 0 3 27 367 180 274 132 288 288 288 0 128 128 128 0 2 2.0 0.0
245000 246000 2 2 9 9 1 22222 22222 19 19 17 105 105 0 0 8 2 199 32 115 118 288 288 288 0 128 128 128 0 1 1.0 1.0
246000 247000 2 2 36 36 0 87784 87784 78 78 69 446 446 0 0 35 8 787 271 529 364 0 0 0 0 0 0 0 0 0 0.0 0.0
247000 248000 0 0 0 0 0 0 0 0 0 0 0 0 0 0 0 0 0 0 0 0 0 0 0 0 0 0 0 0 0  
248000 249000 2 2 14 13 5 5541 5541 18 18 11 3924 3924 0 0 7 6 717 499 608 154 0 0 0 0 0 0 0 0 0 0.0 0.0
249000 250000 4 4 10 9 4 3525 3426 16 16 9 4434 4434 0 0 5 6 469 34 236 179 840 840 840 0 128 128 128 0 1 1.0 1.0
250000 251000 6 6 29 28 8 24231 23969 43 43 32 7535 7535 0 0 18 9 625 20 344 232 0 0 0 0 0 0 0 0 0 0.0 0.0
251000 252000 2 2 5 5 2 1626 1626 8 8 4 2199 2199 0 0 2 3 368 320 344 33 840 840 840 0 128 128 128 0 1 1.0 1.0
252000 253000 0 0 0 0 0 0 0 0 0 0 0 0 0 0 0 0 0 0 0 0 0 0 0 0 0 0 0 0 0  
253000 254000 0 0 0 0 0 0 0 0 0 0 0 0 0 0 0 0 0 0 0 0 0 0 0 0 0 0 0 0 0  
254000 255000 0 0 0 0 0 0 0 0 0 0 0 0 0 0 0 0 0 0 0 0 0 0 0 0 0 0 0 0 0  
255000 256000 0 0 0 0 0 0 0 0 0 0 0 0 0 0 0 0 0 0 0 0 0 0 0 0 0 0 0 0 0  
256000 257000 0 0 0 0 0 0 0 0 0 0 0 0 0 0 0 0 0 0 0 0 0 0 0 0 0 0 0 0 0  
257000 258000 0 0 0 0 0 0 0 0 0 0 0 0 0 0 0 0 0 0 0 0 0 0 0 0 0 0 0 0 0  
258000 259000 0 0 0 0 0 0 0 0 0 0 0 0 0 0 0 0 0 0 0 0 0 0 0 0 0 0 0 0 0  
259000 260000 1 1 3 3 2 0 0 4 4 1 77 77 0 0 0 2 22 22 22 0 840 840 840 0 128 128 128 0 1 1.0 1.0
260000 261000 3 3 9 9 3 6904 6904 14 14 10 877 877 0 0 5 3 344 20 229 181 0 0 0 0 0 0 0 0 0 0.0 0.0
261000 262000 0 0 0 0 0 0 0 0 0 0 0 0 0 0 0 0 0 0 0 0 0 0 0 0 0 0 0 0 0  
262000 263000 0 0 0 0 0 0 0 0 0 0 0 0 0 0 0 0 0 0 0 0 0 0 0 0 0 0 0 0 0  
263000 264000 0 0 0 0 0 0 0 0 0 0 0 0 0 0 0 0 0 0 0 0 0 0 0 0 0 0 0 0 0  
264000 265000 0 0 0 0 0 0 0 0 0 0 0 0 0 0 0 0 0 0 0 0 0 0 0 0 0 0 0 0 0  
265000 266000 0 0 0 0 0 0 0 0 0 0 0 0 0 0 0 0 0 0 0 0 0 0 0 0 0 0 0 0 0  
266000 267000 0 0 0 0 0 0 0 0 0 0 0 0 0 0 0 0 0 0 0 0 0 0 0 0 0 0 0 0 0  
267000 268000 0 0 0 0 0 0 0 0 0 0 0 0 0 0 0 0 0 0 0 0 0 0 0 0 0 0 0 0 0  
268000 269000 0 0 0 0 0 0 0 0 0 0 0 0 0 0 0 0 0 0 0 0 0 0 0 0 0 0 0 0 0  
269000 270000 0 0 0 0 0 0 0 0 0 0 0 0 0 0 0 0 0 0 0 0 0 0 0 0 0 0 0 0 0  
270000 271000 1 1 5 5 1 6771 6771 8 8 7 422 422 0 0 4 1 352 352 352 0 288 288 288 0 128 128 128 0 1 1.0 0.0
271000 272000 1 1 1 1 0 35 35 3 3 2 31 31 0 0 1 1 263 263 263 0 288 288 288 0 128 128 128 0 1 1.0 1.0
272000 273000 0 0 0 0 0 0 0 0 0 0 0 0 0 0 0 0 0 0 0 0 0 0 0 0 0 0 0 0 0  
273000 274000 0 0 0 0 0 0 0 0 0 0 0 0 0 0 0 0 0 0 0 0 0 0 0 0 0 0 0 0 0  
274000 275000 0 0 0 0 0 0 0 0 0 0 0 0 0 0 0 0 0 0 0 0 0 0 0 0 0 0 0 0 0  
275000 276000 0 0 0 0 0 0 0 0 0 0 0 0 0 0 0 0 0 0 0 0 0 0 0 0 0 0 0 0 0  
276000 277000 1 1 1 1 0 35 35 3 3 2 31 31 0 0 1 1 276 276 276 0 0 0 0 0 0 0 0 0 0 0.0 0.0
277000 278000 0 0 0 0 0 0 0 0 0 0 0 0 0 0 0 0 0 0 0 0 0 0 0 0 0 0 0 0 0  
278000 279000 0 0 0 0 0 0 0 0 0 0 0 0 0 0 0 0 0 0 0 0 0 0 0 0 0 0 0 0 0  
279000 280000 1 1 0 0 0 34 34 2 2 1 30 30 0 0 0 0 357 357 357 0 480 480 480 0 128 128 128 0 1 1.0 1.0
280000 281000 3 3 8 8 2 8655 8655 12 12 10 800 800 0 0 6 2 339 0 213 185 0 0 0 0 0 0 0 0 0 0.0 0.0
281000 282000 1 1 1 1 0 35 35 3 3 2 31 31 0 0 1 1 253 253 253 0 840 840 840 0 128 128 128 0 1 1.0 1.0
282000 283000 0 0 0 0 0 0 0 0 0 0 0 0 0 0 0 0 0 0 0 0 0 0 0 0 0 0 0 0 0  
283000 284000 0 0 0 0 0 0 0 0 0 0 0 0 0 0 0 0 0 0 0 0 0 0 0 0 0 0 0 0 0  
284000 285000 0 0 0 0 0 0 0 0 0 0 0 0 0 0 0 0 0 0 0 0 0 0 0 0 0 0 0 0 0  
285000 286000 0 0 0 0 0 0 0 0 0 0 0 0 0 0 0 0 0 0 0 0 0 0 0 0 0 0 0 0 0  
286000 287000 0 0 0 0 0 0 0 0 0 0 0 0 0 0 0 0 0 0 0 0 0 0 0 0 0 0 0 0 0  
287000 288000 0 0 0 0 0 0 0 0 0 0 0 0 0 0 0 0 0 0 0 0 0 0 0 0 0 0 0 0 0  
288000 289000 2 2 8 8 3 3915 3915 11 11 7 493 492 0 0 4 3 718 17 368 495 480 480 480 0 128 128 128 0 1 1.0 0.0
289000 290000 1 1 0 0 0 116 116 0 0 0 14 14 0 0 0 0 21 21 21 0 480 480 480 0 128 128 128 0 1 1.0 1.0
290000 291000 3 3 10 10 4 8972 8972 14 14 11 822 822 0 0 6 3 308 17 201 160 0 0 0 0 0 0 0 0 0 0.0 0.0
291000 292000 1 1 1 1 1 0 0 1 1 1 0 0 0 0 0 0 26 26 26 0 480 480 480 0 128 128 128 0 1 1.0 1.0
292000 293000 0 0 0 0 0 0 0 0 0 0 0 0 0 0 0 0 0 0 0 0 0 0 0 0 0 0 0 0 0  
293000 294000 0 0 0 0 0 0 0 0 0 0 0 0 0 0 0 0 0 0 0 0 0 0 0 0 0 0 0 0 0  
294000 295000 0 0 0 0 0 0 0 0 0 0 0 0 0 0 0 0 0 0 0 0 0 0 0 0 0 0 0 0 0  
295000 296000 1 1 1 1 1 0 0 1 1 1 0 0 0 0 0 0 19 19 19 0 840 840 840 0 128 128 128 0 1 1.0 1.0
296000 297000 0 0 0 0 0 0 0 0 0 0 0 0 0 0 0 0 0 0 0 0 0 0 0 0 0 0 0 0 0  
297000 298000 0 0 0 0 0 0 0 0 0 0 0 0 0 0 0 0 0 0 0 0 0 0 0 0 0 0 0 0 0  
298000 299000 0 0 0 0 0 0 0 0 0 0 0 0 0 0 0 0 0 0 0 0 0 0 0 0 0 0 0 0 0  
299000 300000 0 0 0 0 0 0 0 0 0 0 0 0 0 0 0 0 0 0 0 0 0 0 0 0 0 0 0 0 0  
300000 301000 0 0 0 0 0 0 0 0 0 0 0 0 0 0 0 0 0 0 0 0 0 0 0 0 0 0 0 0 0  
