ts te nbins ncons c_pkts_all c_ack_cnt c_ack_cnt_p c_bytes_all c_bytes_uniq s_pkts_all s_ack_cnt s_ack_cnt_p s_bytes_all s_bytes_uniq c_pkts_retx s_pkts_retx c_pkts_data s_pkts_data max_bin min_bin avg_bin std_bin max_vid min_vid avg_vid std_vid max_aud min_aud avg_aud std_aud num_vid num_aud num_mfs
0 1000 16 15 108 107 52 40335 39768 169 169 81 72999 62994 2 10 55 83 608 0 245 198 0 0 0 0 0 0 0 0 0 0.0 0.0
1000 2000 21 21 118 117 42 10823 10823 171 171 96 54986 54986 0 0 75 74 817 0 356 236 0 0 0 0 0 0 0 0 0 0.0 0.0
2000 3000 11 10 28 26 10 5017 5017 41 41 23 16469 16469 0 0 16 15 456 0 214 169 0 0 0 0 0 0 0 0 0 0.0 0.0
3000 4000 4 4 2 2 0 319 319 3 3 1 561 561 0 0 1 1 114 0 48 50 0 0 0 0 0 0 0 0 0 0.0 0.0
4000 5000 7 7 32 31 12 6085 5896 36 36 19 12492 12492 1 0 18 16 681 169 284 181 0 0 0 0 0 0 0 0 0 0.0 0.0
5000 6000 6 5 43 41 17 12042 12042 67 67 38 21496 21496 0 0 23 26 713 187 388 188 0 0 0 0 0 0 0 0 0 0.0 0.0
6000 7000 3 3 13 12 4 7011 7011 20 20 12 8027 8027 0 0 7 6 454 175 349 151 288 288 288 0 128 128 128 0 2 2.0 1.0
7000 8000 5 5 31 29 13 13405 13205 42 42 23 13995 13995 0 0 14 14 589 154 351 188 288 288 288 0 128 128 128 0 2 1.0 0.0
8000 9000 5 5 9 8 2 2807 2033 13 13 9 699 698 1 1 5 3 329 38 216 120 288 288 288 0 128 128 128 0 2 2.0 1.0
9000 10000 4 4 5 5 2 603 571 5 5 3 778 714 0 0 0 1 334 31 197 151 288 288 288 0 128 128 128 0 1 2.0 0.0
10000 11000 7 7 56 50 20 41023 39912 78 78 48 23726 21329 3 5 30 26 940 30 336 333 288 288 288 0 128 128 128 0 1 1.0 1.0
11000 12000 6 6 20 19 10 6130 5809 28 28 13 11342 10435 1 3 8 13 581 0 276 235 288 288 288 0 128 128 128 0 1 1.0 0.0
12000 13000 2 2 8 7 4 2511 1666 10 10 5 4579 4579 0 0 2 4 481 244 362 168 288 288 288 0 128 128 128 0 2 2.0 1.0
13000 14000 1 1 3 3 2 1264 721 4 4 2 2617 2617 0 0 1 1 309 309 309 0 288 288 288 0 128 128 128 0 1 1.0 0.0
14000 15000 1 1 2 2 1 543 543 3 3 2 507 507 0 0 1 1 259 259 259 0 0 0 0 0 0 0 0 0 0 0.0 1.0
15000 16000 0 0 0 0 0 0 0 0 0 0 0 0 0 0 0 0 0 0 0 0 0 0 0 0 0 0 0 0 0  
16000 17000 0 0 0 0 0 0 0 0 0 0 0 0 0 0 0 0 0 0 0 0 0 0 0 0 0 0 0 0 0  
17000 18000 2 2 3 3 1 2096 2096 5 5 4 2345 2345 0 0 2 1 296 16 156 197 480 480 480 0 128 128 128 0 1 1.0 0.0
18000 19000 2 2 4 4 0 3227 3227 8 8 6 2118 2118 0 0 3 1 293 226 259 47 480 480 480 0 128 128 128 0 1 1.0 1.0
19000 20000 0 0 0 0 0 0 0 0 0 0 0 0 0 0 0 0 0 0 0 0 0 0 0 0 0 0 0 0 0  
20000 21000 2 2 9 9 2 12813 12813 15 15 13 756 756 0 0 7 2 314 263 288 35 480 480 480 0 128 128 128 0 1 1.0 1.0
21000 22000 2 2 6 6 2 4486 3783 10 10 8 3545 3545 0 0 4 2 625 201 413 299 0 0 0 0 0 0 0 0 0 0.0 0.0
22000 23000 3 3 3 3 1 2204 1519 5 5 4 936 936 0 0 1 0 196 16 117 92 0 0 0 0 0 0 0 0 0 0.0 1.0
23000 24000 0 0 0 0 0 0 0 0 0 0 0 0 0 0 0 0 0 0 0 0 0 0 0 0 0 0 0 0 0  
24000 25000 0 0 0 0 0 0 0 0 0 0 0 0 0 0 0 0 0 0 0 0 0 0 0 0 0 0 0 0 0  
25000 26000 0 0 0 0 0 0 0 0 0 0 0 0 0 0 0 0 0 0 0 0 0 0 0 0 0 0 0 0 0  
26000 27000 0 0 0 0 0 0 0 0 0 0 0 0 0 0 0 0 0 0 0 0 0 0 0 0 0 0 0 0 0  
27000 28000 1 1 2 2 0 1374 1374 3 3 2 1599 1599 0 0 1 0 296 296 296 0 0 0 0 0 0 0 0 0 0 0.0 0.0
28000 29000 2 2 6 6 2 3936 3936 10 10 8 2857 2857 0 0 4 2 463 325 394 97 840 840 840 0 128 128 128 0 1 1.0 1.0
29000 30000 0 0 0 0 0 0 0 0 0 0 0 0 0 0 0 0 0 0 0 0 0 0 0 0 0 0 0 0 0  
30000 31000 4 4 47 47 2 113606 113606 90 90 87 783 783 0 0 45 2 683 253 375 206 840 840 840 0 128 128 128 0 1 1.0 1.0
31000 32000 3 2 16 16 1 41960 41960 32 32 31 290 290 0 0 15 1 271 33 162 120 0 0 0 0 0 0 0 0 0 0.0 0.0
32000 33000 0 0 0 0 0 0 0 0 0 0 0 0 0 0 0 0 0 0 0 0 0 0 0 0 0 0 0 0 0  
33000 34000 0 0 0 0 0 0 0 0 0 0 0 0 0 0 0 0 0 0 0 0 0 0 0 0 0 0 0 0 0  
34000 35000 10 10 9 9 9 5 5 9 9 9 4 4 0 0 0 0 39 19 26 7 840 840 840 0 128 128 128 0 1 1.0 1.0
35000 36000 1 1 0 0 0 29 29 2 2 1 26 26 0 0 0 0 231 231 231 0 0 0 0 0 0 0 0 0 0 0.0 0.0
36000 37000 1 1 1 1 1 0 0 1 1 1 0 0 0 0 0 0 16 16 16 0 0 0 0 0 0 0 0 0 0 0.0 1.0
37000 38000 3 3 5 5 2 2125 2094 6 6 4 2362 2362 0 0 2 1 297 37 124 149 840 840 840 0 128 128 128 0 1 1.0 0.0
38000 39000 4 4 12 12 4 3997 3294 20 20 12 2183 2162 1 3 7 7 836 223 548 251 0 0 0 0 0 0 0 0 0 0.0 1.0
39000 40000 1 1 1 1 0 14 14 2 2 0 25 12 0 0 0 1 398 398 398 0 0 0 0 0 0 0 0 0 0 0.0 0.0
40000 41000 1 1 7 7 3 4922 4922 8 8 5 397 397 0 0 3 2 194 194 194 0 840 840 840 0 128 128 128 0 1 1.0 1.0
41000 42000 0 0 0 0 0 0 0 0 0 0 0 0 0 0 0 0 0 0 0 0 0 0 0 0 0 0 0 0 0  
42000 43000 1 1 0 0 0 0 0 0 0 0 0 0 0 0 0 0 3 3 3 0 288 288 288 0 128 128 128 0 2 1.0 1.0
43000 44000 1 1 0 0 0 0 0 0 0 0 0 0 0 0 0 0 22 22 22 0 0 0 0 0 128 128 128 0 0 1.0 0.0
44000 45000 2 2 2 2 2 0 0 2 2 2 0 0 0 0 0 0 17 17 17 0 288 288 288 0 128 128 128 0 1 1.0 1.0
45000 46000 4 4 4 4 4 0 0 4 4 4 0 0 0 0 0 0 20 17 18 1 0 0 0 0 0 0 0 0 0 0.0 0.0
46000 47000 10 10 10 10 10 0 0 10 10 10 0 0 0 0 0 0 34 19 25 6 480 480 480 0 128 128 128 0 1 1.0 1.0
47000 48000 9 9 15 15 8 7991 7877 19 19 17 2365 2365 1 0 6 1 417 11 95 151 0 0 0 0 0 0 0 0 0 0.0 0.0
48000 49000 10 10 20 20 10 5141 3753 20 20 12 2634 2634 1 0 5 3 403 5 95 153 480 480 480 0 128 128 128 0 1 1.0 1.0
49000 50000 1 1 1 1 1 0 0 1 1 1 0 0 0 0 0 0 17 17 17 0 0 0 0 0 0 0 0 0 0 0.0 0.0
50000 51000 10 10 18 18 10 7141 7141 17 17 12 378 378 0 0 4 1 289 16 50 84 480 480 480 0 128 128 128 0 1 1.0 1.0
51000 52000 0 0 0 0 0 0 0 0 0 0 0 0 0 0 0 0 0 0 0 0 0 0 0 0 0 0 0 0 0  
52000 53000 2 2 2 2 2 0 0 2 2 2 0 0 0 0 0 0 19 19 19 0 480 480 480 0 128 128 128 0 1 1.0 1.0
53000 54000 0 0 0 0 0 0 0 0 0 0 0 0 0 0 0 0 0 0 0 0 0 0 0 0 0 0 0 0 0  
54000 55000 0 0 0 0 0 0 0 0 0 0 0 0 0 0 0 0 0 0 0 0 0 0 0 0 0 0 0 0 0  
55000 56000 0 0 0 0 0 0 0 0 0 0 0 0 0 0 0 0 0 0 0 0 0 0 0 0 0 0 0 0 0  
56000 57000 2 2 2 2 2 0 0 2 2 2 0 0 0 0 0 0 23 17 20 4 0 0 0 0 0 0 0 0 0 0.0 1.0
57000 58000 1 1 2 2 0 1340 1340 4 4 3 1560 1560 0 0 1 0 292 292 292 0 840 840 840 0 128 128 128 0 1 1.0 0.0
58000 59000 7 7 22 22 9 8179 7246 29 29 16 7124 7124 1 0 9 7 543 3 237 207 840 840 840 0 128 128 128 0 1 1.0 1.0
59000 60000 3 3 4 4 3 1179 1007 5 5 4 1374 1374 0 0 1 1 166 12 76 79 0 0 0 0 0 0 0 0 0 0.0 0.0
60000 61000 10 10 20 18 7 6025 6025 21 21 8 529 529 0 0 3 4 268 20 134 88 840 840 840 0 128 128 128 0 1 1.0 1.0
61000 62000 2 2 2 1 0 5 5 3 3 0 81 81 0 0 0 2 75 40 57 24 0 0 0 0 0 0 0 0 0 0.0 0.0
62000 63000 1 1 2 1 0 0 0 2 2 0 574 574 0 0 0 1 23 23 23 0 0 0 0 0 0 0 0 0 0 0.0 1.0
63000 64000 0 0 0 0 0 0 0 0 0 0 0 0 0 0 0 0 0 0 0 0 0 0 0 0 0 0 0 0 0  
64000 65000 2 2 3 3 2 1 1 3 3 1 78 78 0 0 0 1 53 10 32 31 840 840 840 0 128 128 128 0 1 1.0 1.0
65000 66000 2 2 64 63 9 126001 126001 113 113 96 6251 6210 0 0 53 15 970 277 624 489 0 0 0 0 0 0 0 0 0 0.0 0.0
66000 67000 2 1 5 5 3 4003 4003 9 9 7 316 315 0 0 2 2 276 21 148 180 0 0 0 0 0 0 0 0 0 0.0 1.0
67000 68000 1 1 2 2 0 1728 1728 4 4 3 2009 2009 0 0 1 0 291 291 291 0 840 840 840 0 128 128 128 0 1 1.0 0.0
68000 69000 3 3 8 8 3 3645 3645 12 12 9 2497 2497 0 0 5 3 469 305 364 90 840 840 840 0 128 128 128 0 1 1.0 1.0
69000 70000 1 1 1 1 0 35 35 3 3 2 31 31 0 0 1 1 369 369 369 0 0 0 0 0 0 0 0 0 0 0.0 0.0
70000 71000 3 3 13 13 5 9091 9091 16 16 11 775 775 0 0 6 3 280 20 171 134 840 840 840 0 128 128 128 0 1 1.0 1.0
71000 72000 1 1 3 3 2 0 0 4 4 1 77 77 0 0 0 2 31 31 31 0 0 0 0 0 0 0 0 0 0 0.0 0.0
72000 73000 0 0 0 0 0 0 0 0 0 0 0 0 0 0 0 0 0 0 0 0 0 0 0 0 0 0 0 0 0  
73000 74000 0 0 0 0 0 0 0 0 0 0 0 0 0 0 0 0 0 0 0 0 0 0 0 0 0 0 0 0 0  
74000 75000 1 1 2 2 1 0 0 1 1 0 0 0 0 0 0 0 22 22 22 0 840 840 840 0 128 128 128 0 1 1.0 1.0
75000 76000 0 0 0 0 0 0 0 0 0 0 0 0 0 0 0 0 0 0 0 0 0 0 0 0 0 0 0 0 0  
76000 77000 0 0 0 0 0 0 0 0 0 0 0 0 0 0 0 0 0 0 0 0 0 0 0 0 0 0 0 0 0  
77000 78000 0 0 0 0 0 0 0 0 0 0 0 0 0 0 0 0 0 0 0 0 0 0 0 0 0 0 0 0 0  
78000 79000 1 1 2 2 1 0 0 4 4 1 78 77 0 1 0 2 289 289 289 0 0 0 0 0 0 0 0 0 0 0.0 1.0
79000 80000 0 0 0 0 0 0 0 0 0 0 0 0 0 0 0 0 0 0 0 0 0 0 0 0 0 0 0 0 0  
80000 81000 1 1 5 5 1 5525 5319 8 8 7 378 378 1 0 4 1 332 332 332 0 840 840 840 0 128 128 128 0 1 1.0 1.0
81000 82000 0 0 0 0 0 0 0 0 0 0 0 0 0 0 0 0 0 0 0 0 0 0 0 0 0 0 0 0 0  
82000 83000 0 0 0 0 0 0 0 0 0 0 0 0 0 0 0 0 0 0 0 0 0 0 0 0 0 0 0 0 0  
83000 84000 1 1 1 1 1 0 0 1 1 1 0 0 0 0 0 0 18 18 18 0 0 0 0 0 0 0 0 0 0 0.0 0.0
84000 85000 0 0 0 0 0 0 0 0 0 0 0 0 0 0 0 0 0 0 0 0 0 0 0 0 0 0 0 0 0  
85000 86000 0 0 0 0 0 0 0 0 0 0 0 0 0 0 0 0 0 0 0 0 0 0 0 0 0 0 0 0 0  
86000 87000 0 0 0 0 0 0 0 0 0 0 0 0 0 0 0 0 0 0 0 0 0 0 0 0 0 0 0 0 0  
87000 88000 1 1 3 3 1 2544 2544 5 5 3 382 381 0 0 2 1 516 516 516 0 0 0 0 0 0 0 0 0 0 0.0 0.0
88000 89000 1 1 1 1 0 957 957 1 1 1 143 143 0 0 0 0 194 194 194 0 840 840 840 0 128 128 128 0 1 1.0 1.0
89000 90000 0 0 0 0 0 0 0 0 0 0 0 0 0 0 0 0 0 0 0 0 0 0 0 0 0 0 0 0 0  
90000 91000 3 3 12 11 4 9321 9321 18 18 13 1236 1236 0 0 7 3 532 183 404 192 840 840 840 0 128 128 128 0 1 1.0 1.0
91000 92000 6 6 5 5 5 10 10 5 5 5 9 9 0 0 0 0 81 15 28 25 0 0 0 0 0 0 0 0 0 0.0 0.0
92000 93000 0 0 0 0 0 0 0 0 0 0 0 0 0 0 0 0 0 0 0 0 0 0 0 0 0 0 0 0 0  
93000 94000 8 8 8 8 8 0 0 8 8 8 0 0 0 0 0 0 19 16 18 1 0 0 0 0 0 0 0 0 0 0.0 0.0
94000 95000 0 0 0 0 0 0 0 0 0 0 0 0 0 0 0 0 0 0 0 0 0 0 0 0 0 0 0 0 0  
95000 96000 6 6 6 6 5 35 35 8 8 7 31 31 0 0 1 1 246 16 55 93 0 0 0 0 0 0 0 0 0 0.0 0.0
96000 97000 1 1 2 2 2 0 0 2 2 0 1836 1835 0 1 0 2 433 433 433 0 840 840 840 0 128 128 128 0 1 1.0 1.0
97000 98000 2 2 2 2 2 0 0 2 2 2 0 0 0 0 0 0 25 18 21 4 0 0 0 0 0 0 0 0 0 0.0 0.0
98000 99000 1 1 1 1 0 35 35 3 3 2 31 31 0 0 1 1 250 250 250 0 0 0 0 0 0 0 0 0 0 0.0 1.0
99000 100000 1 1 2 2 1 35 35 3 3 2 31 31 0 0 1 1 255 255 255 0 0 0 0 0 0 0 0 0 0 0.0 0.0
100000 101000 1 1 4 4 1 4989 4989 6 6 5 378 378 0 0 3 1 282 282 282 0 840 840 840 0 128 128 128 0 1 1.0 1.0
101000 102000 0 0 0 0 0 0 0 0 0 0 0 0 0 0 0 0 0 0 0 0 0 0 0 0 0 0 0 0 0  
102000 103000 1 1 1 1 0 0 0 2 2 1 0 0 0 0 0 0 237 237 237 0 480 480 480 0 128 128 128 0 1 1.0 1.0
103000 104000 0 0 0 0 0 0 0 0 0 0 0 0 0 0 0 0 0 0 0 0 0 0 0 0 0 0 0 0 0  
104000 105000 0 0 0 0 0 0 0 0 0 0 0 0 0 0 0 0 0 0 0 0 0 0 0 0 0 0 0 0 0  
105000 106000 0 0 0 0 0 0 0 0 0 0 0 0 0 0 0 0 0 0 0 0 0 0 0 0 0 0 0 0 0  
106000 107000 1 1 1 1 1 0 0 1 1 1 0 0 0 0 0 0 17 17 17 0 0 0 0 0 128 128 128 0 0 1.0 1.0
107000 108000 0 0 0 0 0 0 0 0 0 0 0 0 0 0 0 0 0 0 0 0 0 0 0 0 0 0 0 0 0  
108000 109000 0 0 0 0 0 0 0 0 0 0 0 0 0 0 0 0 0 0 0 0 0 0 0 0 0 0 0 0 0  
109000 110000 0 0 0 0 0 0 0 0 0 0 0 0 0 0 0 0 0 0 0 0 0 0 0 0 0 0 0 0 0  
110000 111000 2 2 8 8 2 9052 9052 12 12 10 756 756 0 0 6 2 303 294 298 6 840 840 840 0 128 128 128 0 1 1.0 1.0
111000 112000 1 1 1 1 1 0 0 1 1 1 0 0 0 0 0 0 18 18 18 0 0 0 0 0 0 0 0 0 0 0.0 0.0
112000 113000 1 1 1 1 0 0 0 2 2 1 0 0 0 0 0 0 19 19 19 0 0 0 0 0 0 0 0 0 0 0.0 1.0
113000 114000 0 0 0 0 0 0 0 0 0 0 0 0 0 0 0 0 0 0 0 0 0 0 0 0 0 0 0 0 0  
114000 115000 1 1 1 1 1 0 0 1 1 1 0 0 0 0 0 0 18 18 18 0 840 840 840 0 128 128 128 0 1 1.0 1.0
115000 116000 2 2 2 2 0 0 0 4 4 2 0 0 0 0 0 0 209 207 208 1 0 0 0 0 0 0 0 0 0 0.0 0.0
116000 117000 4 4 4 4 0 0 0 8 8 4 0 0 0 0 0 0 242 29 90 102 840 840 840 0 128 128 128 0 1 1.0 1.0
117000 118000 0 0 0 0 0 0 0 0 0 0 0 0 0 0 0 0 0 0 0 0 0 0 0 0 0 0 0 0 0  
118000 119000 5 5 5 5 0 0 0 10 10 5 0 0 0 0 0 0 288 17 79 117 840 840 840 0 128 128 128 0 1 1.0 1.0
119000 120000 3 3 4 4 0 0 0 6 6 3 0 0 1 0 0 0 345 52 220 151 0 0 0 0 0 0 0 0 0 0.0 0.0
120000 121000 4 4 9 9 2 8089 7253 15 15 12 772 772 1 0 6 2 314 28 198 137 840 840 840 0 128 128 128 0 1 1.0 1.0
121000 122000 3 3 2 2 0 16 16 5 5 2 14 14 0 0 0 0 127 88 107 19 0 0 0 0 0 0 0 0 0 0.0 0.0
122000 123000 2 2 39 37 26 6444 6010 57 57 14 77676 72446 0 2 11 41 686 420 553 188 0 0 0 0 0 0 0 0 0 0.0 1.0
123000 124000 3 2 35 34 28 4094 3606 51 51 9 84821 78947 0 2 5 40 472 218 320 134 840 840 840 0 128 128 128 0 1 1.0 0.0
124000 125000 2 2 0 0 0 769 763 1 1 0 4 3 0 0 0 0 85 6 45 55 840 840 840 0 128 128 128 0 1 1.0 1.0
125000 126000 3 3 47 47 4 109207 108414 99 99 86 631 548 0 1 42 11 918 45 408 454 0 0 0 0 0 0 0 0 0 0.0 0.0
126000 127000 3 3 18 17 9 4584 4584 20 20 11 6674 6674 1 0 7 8 472 268 379 102 840 840 840 0 128 128 128 0 1 1.0 1.0
127000 128000 3 3 8 8 1 5276 5276 10 10 8 2302 2302 1 0 5 2 476 290 380 93 0 0 0 0 0 0 0 0 0 0.0 0.0
128000 129000 4 4 15 14 5 6391 5953 23 23 13 7712 7712 0 0 9 9 855 0 387 353 840 840 840 0 128 128 128 0 1 1.0 1.0
129000 130000 3 2 2 2 0 501 454 4 4 2 605 605 0 0 1 1 263 0 118 133 0 0 0 0 0 0 0 0 0 0.0 0.0
130000 131000 3 3 10 10 2 16403 16403 17 17 15 756 756 0 0 8 2 318 0 201 174 840 840 840 0 128 128 128 0 1 1.0 1.0
131000 132000 0 0 0 0 0 0 0 0 0 0 0 0 0 0 0 0 0 0 0 0 0 0 0 0 0 0 0 0 0  
132000 133000 1 1 1 1 0 0 0 0 0 0 0 0 0 0 0 0 273 273 273 0 840 840 840 0 128 128 128 0 1 1.0 1.0
133000 134000 1 1 2 2 0 0 0 0 0 0 0 0 1 0 0 0 460 460 460 0 0 0 0 0 0 0 0 0 0 0.0 0.0
134000 135000 2 2 0 0 0 0 0 0 0 0 0 0 0 0 0 0 0 0 0 0 840 840 840 0 128 128 128 0 1 1.0 1.0
135000 136000 2 2 0 0 0 0 0 0 0 0 0 0 0 0 0 0 0 0 0 0 0 0 0 0 0 0 0 0 0 0.0 0.0
136000 137000 1 1 3 3 2 0 0 3 3 1 77 77 0 0 0 1 21 21 21 0 840 840 840 0 128 128 128 0 1 1.0 1.0
137000 138000 0 0 0 0 0 0 0 0 0 0 0 0 0 0 0 0 0 0 0 0 0 0 0 0 0 0 0 0 0  
138000 139000 1 1 0 0 0 0 0 0 0 0 0 0 0 0 0 0 0 0 0 0 840 840 840 0 128 128 128 0 1 1.0 1.0
139000 140000 1 1 2 2 1 0 0 3 3 1 77 77 0 0 0 1 31 31 31 0 0 0 0 0 0 0 0 0 0 0.0 0.0
140000 141000 1 1 4 4 1 5334 5334 7 7 6 378 378 0 0 3 1 349 349 349 0 840 840 840 0 128 128 128 0 1 1.0 1.0
141000 142000 0 0 0 0 0 0 0 0 0 0 0 0 0 0 0 0 0 0 0 0 0 0 0 0 0 0 0 0 0  
142000 143000 1 1 0 0 0 0 0 0 0 0 0 0 0 0 0 0 0 0 0 0 840 840 840 0 128 128 128 0 1 1.0 1.0
143000 144000 0 0 0 0 0 0 0 0 0 0 0 0 0 0 0 0 0 0 0 0 0 0 0 0 0 0 0 0 0  
144000 145000 0 0 0 0 0 0 0 0 0 0 0 0 0 0 0 0 0 0 0 0 0 0 0 0 0 0 0 0 0  
145000 146000 0 0 0 0 0 0 0 0 0 0 0 0 0 0 0 0 0 0 0 0 0 0 0 0 0 0 0 0 0  
146000 147000 0 0 0 0 0 0 0 0 0 0 0 0 0 0 0 0 0 0 0 0 0 0 0 0 0 0 0 0 0  
147000 148000 0 0 0 0 0 0 0 0 0 0 0 0 0 0 0 0 0 0 0 0 0 0 0 0 0 0 0 0 0  
148000 149000 0 0 0 0 0 0 0 0 0 0 0 0 0 0 0 0 0 0 0 0 0 0 0 0 0 0 0 0 0  
149000 150000 0 0 0 0 0 0 0 0 0 0 0 0 0 0 0 0 0 0 0 0 0 0 0 0 0 0 0 0 0  
150000 151000 3 3 5 5 2 5246 5240 10 10 6 715 495 0 2 3 3 597 116 428 270 840 840 840 0 0 0 0 0 1 0.0 1.0
151000 152000 3 3 5 5 1 2437 2408 8 8 5 452 291 0 1 3 3 557 236 402 160 840 840 840 0 128 128 128 0 1 1.0 0.0
152000 153000 0 0 0 0 0 0 0 0 0 0 0 0 0 0 0 0 0 0 0 0 0 0 0 0 0 0 0 0 0  
153000 154000 0 0 0 0 0 0 0 0 0 0 0 0 0 0 0 0 0 0 0 0 0 0 0 0 0 0 0 0 0  
154000 155000 0 0 0 0 0 0 0 0 0 0 0 0 0 0 0 0 0 0 0 0 0 0 0 0 0 0 0 0 0  
155000 156000 1 1 1 1 0 35 35 3 3 2 31 31 0 0 1 1 247 247 247 0 0 0 0 0 0 0 0 0 0 0.0 0.0
156000 157000 0 0 0 0 0 0 0 0 0 0 0 0 0 0 0 0 0 0 0 0 0 0 0 0 0 0 0 0 0  
157000 158000 0 0 0 0 0 0 0 0 0 0 0 0 0 0 0 0 0 0 0 0 0 0 0 0 0 0 0 0 0  
158000 159000 1 1 1 1 0 35 35 3 3 2 31 31 0 0 1 1 266 266 266 0 840 840 840 0 128 128 128 0 1 1.0 1.0
159000 160000 1 1 1 1 0 35 35 3 3 2 31 31 0 0 1 1 407 407 407 0 0 0 0 0 0 0 0 0 0 0.0 0.0
160000 161000 1 1 4 4 1 5337 5337 7 7 6 378 378 0 0 3 1 284 284 284 0 840 840 840 0 128 128 128 0 1 1.0 1.0
161000 162000 0 0 0 0 0 0 0 0 0 0 0 0 0 0 0 0 0 0 0 0 0 0 0 0 0 0 0 0 0  
162000 163000 0 0 0 0 0 0 0 0 0 0 0 0 0 0 0 0 0 0 0 0 0 0 0 0 0 0 0 0 0  
163000 164000 0 0 0 0 0 0 0 0 0 0 0 0 0 0 0 0 0 0 0 0 0 0 0 0 0 0 0 0 0  
164000 165000 0 0 0 0 0 0 0 0 0 0 0 0 0 0 0 0 0 0 0 0 0 0 0 0 0 0 0 0 0  
165000 166000 0 0 0 0 0 0 0 0 0 0 0 0 0 0 0 0 0 0 0 0 0 0 0 0 0 0 0 0 0  
166000 167000 0 0 0 0 0 0 0 0 0 0 0 0 0 0 0 0 0 0 0 0 0 0 0 0 0 0 0 0 0  
167000 168000 2 2 3 3 2 2372 2372 5 5 3 383 382 0 0 1 1 516 18 267 352 0 0 0 0 0 0 0 0 0 0.0 0.0
168000 169000 1 1 1 1 0 880 880 1 1 1 142 142 0 0 0 0 191 191 191 0 840 840 840 0 128 128 128 0 1 1.0 1.0
169000 170000 1 1 1 1 1 0 0 1 1 1 0 0 0 0 0 0 16 16 16 0 0 0 0 0 0 0 0 0 0 0.0 0.0
170000 171000 1 1 4 4 1 5403 5403 7 7 6 378 378 0 0 3 1 293 293 293 0 840 840 840 0 128 128 128 0 1 1.0 1.0
171000 172000 1 1 1 1 1 0 0 1 1 1 0 0 0 0 0 0 17 17 17 0 0 0 0 0 0 0 0 0 0 0.0 0.0
172000 173000 0 0 0 0 0 0 0 0 0 0 0 0 0 0 0 0 0 0 0 0 0 0 0 0 0 0 0 0 0  
173000 174000 1 1 1 1 1 0 0 1 1 1 0 0 0 0 0 0 17 17 17 0 0 0 0 0 0 0 0 0 0 0.0 0.0
174000 175000 0 0 0 0 0 0 0 0 0 0 0 0 0 0 0 0 0 0 0 0 0 0 0 0 0 0 0 0 0  
175000 176000 0 0 0 0 0 0 0 0 0 0 0 0 0 0 0 0 0 0 0 0 0 0 0 0 0 0 0 0 0  
176000 177000 0 0 0 0 0 0 0 0 0 0 0 0 0 0 0 0 0 0 0 0 0 0 0 0 0 0 0 0 0  
177000 178000 0 0 0 0 0 0 0 0 0 0 0 0 0 0 0 0 0 0 0 0 0 0 0 0 0 0 0 0 0  
178000 179000 0 0 0 0 0 0 0 0 0 0 0 0 0 0 0 0 0 0 0 0 0 0 0 0 0 0 0 0 0  
179000 180000 0 0 0 0 0 0 0 0 0 0 0 0 0 0 0 0 0 0 0 0 0 0 0 0 0 0 0 0 0  
180000 181000 1 1 4 4 1 5050 5050 6 6 5 378 378 0 0 3 1 276 276 276 0 840 840 840 0 128 128 128 0 1 1.0 1.0
181000 182000 1 1 2 2 1 35 35 3 3 2 31 31 0 0 1 1 435 435 435 0 0 0 0 0 0 0 0 0 0 0.0 0.0
182000 183000 0 0 0 0 0 0 0 0 0 0 0 0 0 0 0 0 0 0 0 0 0 0 0 0 0 0 0 0 0  
183000 184000 0 0 0 0 0 0 0 0 0 0 0 0 0 0 0 0 0 0 0 0 0 0 0 0 0 0 0 0 0  
184000 185000 1 1 1 1 0 2456 2456 2 2 1 12 12 0 0 0 0 22 22 22 0 840 840 840 0 128 128 128 0 1 1.0 1.0
185000 186000 2 2 43 43 2 102892 102857 88 88 79 539 539 1 0 41 9 944 400 672 384 0 0 0 0 0 0 0 0 0 0.0 0.0
186000 187000 1 1 4 4 3 42 42 5 5 2 183 0 0 3 1 3 641 641 641 0 840 840 840 0 128 128 128 0 1 1.0 1.0
187000 188000 1 1 3 3 1 1120 1120 4 4 3 1300 1300 0 0 1 1 289 289 289 0 0 0 0 0 0 0 0 0 0 0.0 0.0
188000 189000 3 3 18 17 8 6853 6853 29 29 16 8770 8768 0 1 9 11 640 249 507 223 840 840 840 0 128 128 128 0 1 1.0 1.0
189000 190000 1 1 1 1 0 28 28 3 3 1 25 25 0 0 0 1 436 436 436 0 0 0 0 0 0 0 0 0 0 0.0 0.0
190000 191000 3 3 7 7 2 8028 8028 11 11 9 762 761 0 0 5 2 284 103 219 100 840 840 840 0 128 128 128 0 1 1.0 1.0
191000 192000 0 0 0 0 0 0 0 0 0 0 0 0 0 0 0 0 0 0 0 0 0 0 0 0 0 0 0 0 0  
192000 193000 0 0 0 0 0 0 0 0 0 0 0 0 0 0 0 0 0 0 0 0 0 0 0 0 0 0 0 0 0  
193000 194000 0 0 0 0 0 0 0 0 0 0 0 0 0 0 0 0 0 0 0 0 0 0 0 0 0 0 0 0 0  
194000 195000 0 0 0 0 0 0 0 0 0 0 0 0 0 0 0 0 0 0 0 0 0 0 0 0 0 0 0 0 0  
195000 196000 0 0 0 0 0 0 0 0 0 0 0 0 0 0 0 0 0 0 0 0 0 0 0 0 0 0 0 0 0  
196000 197000 0 0 0 0 0 0 0 0 0 0 0 0 0 0 0 0 0 0 0 0 0 0 0 0 0 0 0 0 0  
197000 198000 0 0 0 0 0 0 0 0 0 0 0 0 0 0 0 0 0 0 0 0 0 0 0 0 0 0 0 0 0  
198000 199000 1 1 2 2 1 0 0 3 3 1 77 77 0 0 0 1 159 159 159 0 840 840 840 0 128 128 128 0 1 1.0 1.0
199000 200000 0 0 0 0 0 0 0 0 0 0 0 0 0 0 0 0 0 0 0 0 0 0 0 0 0 0 0 0 0  
200000 201000 1 1 4 4 1 5998 5998 8 8 6 379 378 0 1 3 2 436 436 436 0 840 840 840 0 0 0 0 0 1 0.0 1.0
201000 202000 0 0 0 0 0 0 0 0 0 0 0 0 0 0 0 0 0 0 0 0 0 0 0 0 0 0 0 0 0  
202000 203000 0 0 0 0 0 0 0 0 0 0 0 0 0 0 0 0 0 0 0 0 0 0 0 0 0 0 0 0 0  
203000 204000 0 0 0 0 0 0 0 0 0 0 0 0 0 0 0 0 0 0 0 0 0 0 0 0 0 0 0 0 0  
204000 205000 0 0 0 0 0 0 0 0 0 0 0 0 0 0 0 0 0 0 0 0 0 0 0 0 0 0 0 0 0  
205000 206000 0 0 0 0 0 0 0 0 0 0 0 0 0 0 0 0 0 0 0 0 0 0 0 0 0 0 0 0 0  
206000 207000 0 0 0 0 0 0 0 0 0 0 0 0 0 0 0 0 0 0 0 0 0 0 0 0 0 0 0 0 0  
207000 208000 1 1 3 3 1 3061 2219 4 4 3 358 358 0 0 2 1 515 515 515 0 0 0 0 0 0 0 0 0 0 0.0 0.0
208000 209000 1 1 1 1 0 1426 1033 2 2 1 167 166 0 0 0 0 240 240 240 0 840 840 840 0 128 128 128 0 1 1.0 1.0
209000 210000 0 0 0 0 0 0 0 0 0 0 0 0 0 0 0 0 0 0 0 0 0 0 0 0 0 0 0 0 0  
210000 211000 1 1 4 4 1 5738 5738 7 7 6 378 378 0 0 3 1 287 287 287 0 0 0 0 0 0 0 0 0 0 0.0 1.0
211000 212000 1 1 1 1 0 35 35 3 3 2 31 31 0 0 1 1 247 247 247 0 840 840 840 0 128 128 128 0 1 1.0 0.0
212000 213000 0 0 0 0 0 0 0 0 0 0 0 0 0 0 0 0 0 0 0 0 0 0 0 0 0 0 0 0 0  
213000 214000 0 0 0 0 0 0 0 0 0 0 0 0 0 0 0 0 0 0 0 0 0 0 0 0 0 0 0 0 0  
214000 215000 2 2 2 2 2 0 0 2 2 2 0 0 0 0 0 0 22 17 20 3 840 840 840 0 128 128 128 0 1 1.0 1.0
215000 216000 1 1 1 1 0 35 35 3 3 2 31 31 0 0 1 1 302 302 302 0 0 0 0 0 0 0 0 0 0 0.0 0.0
216000 217000 0 0 0 0 0 0 0 0 0 0 0 0 0 0 0 0 0 0 0 0 0 0 0 0 0 0 0 0 0  
217000 218000 0 0 0 0 0 0 0 0 0 0 0 0 0 0 0 0 0 0 0 0 0 0 0 0 0 0 0 0 0  
218000 219000 1 1 1 1 0 35 35 3 3 2 31 31 0 0 1 1 268 268 268 0 840 840 840 0 128 128 128 0 1 1.0 1.0
219000 220000 1 1 0 0 0 9 9 1 1 0 8 7 0 0 0 0 133 133 133 0 0 0 0 0 0 0 0 0 0 0.0 0.0
220000 221000 2 2 6 6 2 5078 5078 8 8 6 401 401 0 0 3 2 383 281 332 72 840 840 840 0 128 128 128 0 1 1.0 1.0
221000 222000 0 0 0 0 0 0 0 0 0 0 0 0 0 0 0 0 0 0 0 0 0 0 0 0 0 0 0 0 0  
222000 223000 0 0 0 0 0 0 0 0 0 0 0 0 0 0 0 0 0 0 0 0 0 0 0 0 0 0 0 0 0  
223000 224000 0 0 0 0 0 0 0 0 0 0 0 0 0 0 0 0 0 0 0 0 0 0 0 0 0 0 0 0 0  
224000 225000 0 0 0 0 0 0 0 0 0 0 0 0 0 0 0 0 0 0 0 0 0 0 0 0 0 0 0 0 0  
225000 226000 0 0 0 0 0 0 0 0 0 0 0 0 0 0 0 0 0 0 0 0 0 0 0 0 0 0 0 0 0  
226000 227000 0 0 0 0 0 0 0 0 0 0 0 0 0 0 0 0 0 0 0 0 0 0 0 0 0 0 0 0 0  
227000 228000 0 0 0 0 0 0 0 0 0 0 0 0 0 0 0 0 0 0 0 0 0 0 0 0 0 0 0 0 0  
228000 229000 0 0 0 0 0 0 0 0 0 0 0 0 0 0 0 0 0 0 0 0 0 0 0 0 0 0 0 0 0  
229000 230000 0 0 0 0 0 0 0 0 0 0 0 0 0 0 0 0 0 0 0 0 0 0 0 0 0 0 0 0 0  
230000 231000 1 1 4 4 1 4717 4717 6 6 5 378 378 0 0 3 1 291 291 291 0 840 840 840 0 128 128 128 0 1 1.0 1.0
231000 232000 1 1 1 1 1 0 0 1 1 1 0 0 0 0 0 0 17 17 17 0 0 0 0 0 0 0 0 0 0 0.0 0.0
232000 233000 0 0 0 0 0 0 0 0 0 0 0 0 0 0 0 0 0 0 0 0 0 0 0 0 0 0 0 0 0  
233000 234000 1 1 1 1 1 0 0 1 1 1 0 0 0 0 0 0 23 23 23 0 0 0 0 0 0 0 0 0 0 0.0 0.0
234000 235000 1 1 1 1 0 0 0 2 2 1 0 0 0 0 0 0 77 77 77 0 840 840 840 0 128 128 128 0 1 1.0 1.0
235000 236000 0 0 0 0 0 0 0 0 0 0 0 0 0 0 0 0 0 0 0 0 0 0 0 0 0 0 0 0 0  
236000 237000 0 0 0 0 0 0 0 0 0 0 0 0 0 0 0 0 0 0 0 0 0 0 0 0 0 0 0 0 0  
237000 238000 1 1 1 1 1 0 0 1 1 1 0 0 0 0 0 0 16 16 16 0 0 0 0 0 0 0 0 0 0 0.0 0.0
238000 239000 0 0 0 0 0 0 0 0 0 0 0 0 0 0 0 0 0 0 0 0 0 0 0 0 0 0 0 0 0  
239000 240000 0 0 0 0 0 0 0 0 0 0 0 0 0 0 0 0 0 0 0 0 0 0 0 0 0 0 0 0 0  
240000 241000 1 1 7 7 3 5050 5050 8 8 5 397 397 0 0 3 2 187 187 187 0 840 840 840 0 128 128 128 0 1 1.0 1.0
241000 242000 2 2 2 2 0 61 61 4 4 2 27 26 0 0 1 1 447 218 333 162 0 0 0 0 0 0 0 0 0 0.0 0.0
242000 243000 4 4 42 41 27 6079 5627 57 57 15 73878 62632 1 3 12 39 740 75 438 286 0 0 0 0 0 0 0 0 0 0.0 1.0
243000 244000 3 2 40 39 32 4700 4037 58 58 8 105318 88803 0 5 7 48 538 0 179 310 840 840 840 0 128 128 128 0 1 1.0 0.0
244000 245000 2 2 1 1 0 3932 3932 3 3 2 19 19 0 0 1 0 34 0 17 24 0 0 0 0 128 128 128 0 0 1.0 1.0
245000 246000 2 2 42 42 2 100404 100404 87 87 77 533 532 0 0 39 10 884 329 606 392 840 840 840 0 0 0 0 0 1 0.0 0.0
246000 247000 3 3 5 5 3 482 482 6 6 3 716 632 0 2 1 2 466 0 187 246 480 480 480 0 128 128 128 0 1 1.0 1.0
247000 248000 5 4 27 25 13 10911 10911 38 38 20 13600 13598 0 2 12 15 904 0 478 374 480 480 480 0 128 128 128 0 1 1.0 0.0
248000 249000 3 3 19 18 7 6818 6713 28 28 18 8719 8718 1 0 10 9 679 284 522 209 0 0 0 0 0 0 0 0 0 0.0 1.0
249000 250000 0 0 0 0 0 0 0 0 0 0 0 0 0 0 0 0 0 0 0 0 0 0 0 0 0 0 0 0 0  
250000 251000 4 4 17 16 5 18112 18112 25 25 20 1246 1246 0 0 11 4 356 0 229 158 840 840 840 0 128 128 128 0 1 1.0 1.0
251000 252000 1 1 0 0 0 0 0 0 0 0 0 0 0 0 0 0 0 0 0 0 0 0 0 0 128 128 128 0 0 1.0 0.0
252000 253000 0 0 0 0 0 0 0 0 0 0 0 0 0 0 0 0 0 0 0 0 0 0 0 0 0 0 0 0 0  
253000 254000 0 0 0 0 0 0 0 0 0 0 0 0 0 0 0 0 0 0 0 0 0 0 0 0 0 0 0 0 0  
254000 255000 0 0 0 0 0 0 0 0 0 0 0 0 0 0 0 0 0 0 0 0 0 0 0 0 0 0 0 0 0  
255000 256000 0 0 0 0 0 0 0 0 0 0 0 0 0 0 0 0 0 0 0 0 0 0 0 0 0 0 0 0 0  
256000 257000 0 0 0 0 0 0 0 0 0 0 0 0 0 0 0 0 0 0 0 0 0 0 0 0 0 0 0 0 0  
257000 258000 2 2 4 4 3 0 0 6 6 1 154 154 0 0 0 3 40 19 30 15 0 0 0 0 0 0 0 0 0 0.0 0.0
258000 259000 1 1 2 2 1 0 0 3 3 1 77 77 0 0 0 1 19 19 19 0 0 0 0 0 0 0 0 0 0 0.0 1.0
259000 260000 0 0 0 0 0 0 0 0 0 0 0 0 0 0 0 0 0 0 0 0 0 0 0 0 0 0 0 0 0  
260000 261000 1 1 4 4 1 5309 5309 7 7 6 378 378 0 0 3 1 284 284 284 0 0 0 0 0 0 0 0 0 0 0.0 1.0
261000 262000 0 0 0 0 0 0 0 0 0 0 0 0 0 0 0 0 0 0 0 0 0 0 0 0 0 0 0 0 0  
262000 263000 0 0 0 0 0 0 0 0 0 0 0 0 0 0 0 0 0 0 0 0 0 0 0 0 0 0 0 0 0  
263000 264000 0 0 0 0 0 0 0 0 0 0 0 0 0 0 0 0 0 0 0 0 0 0 0 0 0 0 0 0 0  
264000 265000 0 0 0 0 0 0 0 0 0 0 0 0 0 0 0 0 0 0 0 0 0 0 0 0 0 0 0 0 0  
265000 266000 0 0 0 0 0 0 0 0 0 0 0 0 0 0 0 0 0 0 0 0 0 0 0 0 0 0 0 0 0  
266000 267000 0 0 0 0 0 0 0 0 0 0 0 0 0 0 0 0 0 0 0 0 0 0 0 0 0 0 0 0 0  
267000 268000 0 0 0 0 0 0 0 0 0 0 0 0 0 0 0 0 0 0 0 0 0 0 0 0 0 0 0 0 0  
268000 269000 0 0 0 0 0 0 0 0 0 0 0 0 0 0 0 0 0 0 0 0 0 0 0 0 0 0 0 0 0  
269000 270000 0 0 0 0 0 0 0 0 0 0 0 0 0 0 0 0 0 0 0 0 0 0 0 0 0 0 0 0 0  
270000 271000 3 3 14 13 5 11513 11513 19 19 14 1554 1554 0 0 8 4 388 291 326 54 840 840 840 0 128 128 128 0 1 1.0 1.0
271000 272000 1 1 0 0 0 11 11 0 0 0 10 10 0 0 0 0 153 153 153 0 0 0 0 0 0 0 0 0 0 0.0 0.0
272000 273000 1 1 1 1 0 23 23 2 2 1 20 20 0 0 0 0 311 311 311 0 0 0 0 0 0 0 0 0 0 0.0 1.0
273000 274000 0 0 0 0 0 0 0 0 0 0 0 0 0 0 0 0 0 0 0 0 0 0 0 0 0 0 0 0 0  
274000 275000 0 0 0 0 0 0 0 0 0 0 0 0 0 0 0 0 0 0 0 0 0 0 0 0 0 0 0 0 0  
275000 276000 1 1 2 2 1 35 35 4 4 2 32 31 0 1 1 2 518 518 518 0 0 0 0 0 0 0 0 0 0 0.0 0.0
276000 277000 0 0 0 0 0 0 0 0 0 0 0 0 0 0 0 0 0 0 0 0 0 0 0 0 0 0 0 0 0  
277000 278000 0 0 0 0 0 0 0 0 0 0 0 0 0 0 0 0 0 0 0 0 0 0 0 0 0 0 0 0 0  
278000 279000 1 1 1 1 0 35 35 3 3 2 31 31 0 0 1 1 260 260 260 0 840 840 840 0 128 128 128 0 1 1.0 1.0
279000 280000 0 0 0 0 0 0 0 0 0 0 0 0 0 0 0 0 0 0 0 0 0 0 0 0 0 0 0 0 0  
280000 281000 2 2 9 9 4 5369 5369 12 12 7 429 428 0 1 4 4 302 180 241 86 0 0 0 0 0 0 0 0 0 0.0 1.0
281000 282000 0 0 0 0 0 0 0 0 0 0 0 0 0 0 0 0 0 0 0 0 0 0 0 0 0 0 0 0 0  
282000 283000 0 0 0 0 0 0 0 0 0 0 0 0 0 0 0 0 0 0 0 0 0 0 0 0 0 0 0 0 0  
283000 284000 0 0 0 0 0 0 0 0 0 0 0 0 0 0 0 0 0 0 0 0 0 0 0 0 0 0 0 0 0  
284000 285000 0 0 0 0 0 0 0 0 0 0 0 0 0 0 0 0 0 0 0 0 0 0 0 0 0 0 0 0 0  
285000 286000 0 0 0 0 0 0 0 0 0 0 0 0 0 0 0 0 0 0 0 0 0 0 0 0 0 0 0 0 0  
286000 287000 0 0 0 0 0 0 0 0 0 0 0 0 0 0 0 0 0 0 0 0 0 0 0 0 0 0 0 0 0  
287000 288000 1 1 3 3 1 2768 2768 4 4 3 364 363 0 0 2 1 516 516 516 0 0 0 0 0 0 0 0 0 0 0.0 0.0
288000 289000 3 3 3 3 2 1227 1227 4 4 3 161 161 0 0 0 0 229 21 91 118 840 840 840 0 128 128 128 0 1 1.0 1.0
289000 290000 0 0 0 0 0 0 0 0 0 0 0 0 0 0 0 0 0 0 0 0 0 0 0 0 0 0 0 0 0  
290000 291000 2 2 12 11 4 9927 9927 16 16 12 1215 1215 0 0 7 3 349 281 315 48 840 840 840 0 128 128 128 0 1 1.0 1.0
291000 292000 1 1 1 1 1 0 0 1 1 1 0 0 0 0 0 0 24 24 24 0 0 0 0 0 0 0 0 0 0 0.0 0.0
292000 293000 0 0 0 0 0 0 0 0 0 0 0 0 0 0 0 0 0 0 0 0 0 0 0 0 0 0 0 0 0  
293000 294000 1 1 1 1 1 0 0 1 1 1 0 0 0 0 0 0 17 17 17 0 840 840 840 0 128 128 128 0 1 1.0 0.0
294000 295000 0 0 0 0 0 0 0 0 0 0 0 0 0 0 0 0 0 0 0 0 0 0 0 0 0 0 0 0 0  
295000 296000 0 0 0 0 0 0 0 0 0 0 0 0 0 0 0 0 0 0 0 0 0 0 0 0 0 0 0 0 0  
296000 297000 0 0 0 0 0 0 0 0 0 0 0 0 0 0 0 0 0 0 0 0 0 0 0 0 0 0 0 0 0  
297000 298000 0 0 0 0 0 0 0 0 0 0 0 0 0 0 0 0 0 0 0 0 0 0 0 0 0 0 0 0 0  
298000 299000 0 0 0 0 0 0 0 0 0 0 0 0 0 0 0 0 0 0 0 0 0 0 0 0 0 0 0 0 0  
299000 300000 0 0 0 0 0 0 0 0 0 0 0 0 0 0 0 0 0 0 0 0 0 0 0 0 0 0 0 0 0  
