ts te nbins ncons c_pkts_all c_ack_cnt c_ack_cnt_p c_bytes_all c_bytes_uniq s_pkts_all s_ack_cnt s_ack_cnt_p s_bytes_all s_bytes_uniq c_pkts_retx s_pkts_retx c_pkts_data s_pkts_data max_bin min_bin avg_bin std_bin max_vid min_vid avg_vid std_vid max_aud min_aud avg_aud std_aud num_vid num_aud num_mfs
0 10000 12 4 1065 1061 1041 18132 18132 1569 1569 24 2440975 2085013 0 251 20 1541 999 116 613 323 2300 2300 2300 0 128 128 128 0 5 5.0 2.0
10000 20000 24 4 2400 2400 2377 18971 18971 3474 3474 22 5860017 5512863 0 233 22 3451 999 27 642 389 2300 2300 2300 0 128 128 128 0 9 9.0 5.0
20000 30000 17 3 2163 2163 2146 13978 13978 3040 3040 16 5070285 4839475 0 157 16 3023 999 46 622 427 4400 2300 4050 857 128 128 128 0 6 5.0 5.0
30000 40000 14 3 1370 1370 1357 11123 11123 2124 2124 13 3446617 3289783 0 107 13 2110 999 125 712 341 3000 3000 3000 0 128 128 128 0 5 4.0 5.0
40000 50000 16 3 2126 2126 2108 14787 14787 3072 3072 17 4953076 4618476 0 228 17 3055 999 35 601 368 3000 3000 3000 0 128 128 128 0 6 6.0 5.0
50000 60000 17 3 1895 1895 1878 14139 14139 2847 2847 16 4617886 4448172 0 120 16 2829 999 172 711 328 3000 3000 3000 0 128 128 128 0 6 6.0 5.0
60000 70000 17 3 1700 1700 1685 12442 12442 2525 2525 14 4018687 3887590 0 91 14 2510 999 0 615 419 3000 3000 3000 0 128 128 128 0 5 5.0 5.0
70000 80000 15 2 1646 1646 1632 12035 12035 2526 2526 14 4103156 3800041 0 212 14 2512 999 175 669 341 3000 3000 3000 0 128 128 128 0 5 5.0 5.0
80000 90000 16 2 1524 1524 1508 13292 13292 2360 2360 15 3928186 3761948 0 115 15 2345 999 91 729 351 3000 3000 3000 0 128 128 128 0 5 5.0 5.0
90000 100000 17 3 1610 1610 1594 12259 12259 2397 2397 15 3953715 3782962 0 120 14 2379 999 237 768 281 3000 3000 3000 0 128 128 128 0 5 5.0 5.0
100000 110000 17 2 1956 1956 1939 14236 14236 2951 2951 17 4805592 4633164 0 120 17 2934 999 156 750 324 3000 3000 3000 0 128 128 128 0 6 6.0 5.0
110000 120000 15 2 1598 1598 1583 12934 12934 2372 2372 15 3807486 3682766 0 85 15 2357 999 145 661 386 3000 3000 3000 0 128 128 128 0 5 5.0 5.0
120000 130000 14 2 1795 1795 1781 12115 12115 2499 2499 14 4075276 3795024 0 194 14 2485 999 365 779 238 3000 3000 3000 0 128 128 128 0 5 5.0 5.0
130000 140000 16 2 1590 1590 1575 12437 12437 2383 2383 14 4090765 3846023 0 166 14 2368 999 244 706 323 3000 3000 3000 0 128 128 128 0 5 5.0 5.0
140000 150000 17 2 1867 1867 1850 14369 14369 2685 2685 16 4399324 4155266 0 173 17 2668 999 74 697 333 3000 3000 3000 0 128 128 128 0 6 6.0 5.0
150000 160000 17 2 1860 1860 1844 12870 12870 2673 2673 15 4421016 4095286 0 226 15 2658 999 7 656 395 3000 3000 3000 0 128 128 128 0 5 5.0 5.0
160000 170000 16 2 1827 1827 1812 12428 12428 2728 2728 14 4424399 3938163 0 343 14 2713 999 172 742 311 3000 3000 3000 0 128 128 128 0 5 5.0 5.0
170000 180000 16 2 1852 1852 1837 12389 12389 2641 2641 15 4175333 3834449 0 240 14 2626 999 269 765 283 3000 3000 3000 0 128 128 128 0 5 5.0 5.0
180000 190000 15 2 1799 1799 1784 12174 12174 2513 2513 14 4058301 3749700 0 220 14 2498 999 262 728 311 3000 3000 3000 0 128 128 128 0 5 5.0 5.0
190000 200000 17 2 1981 1981 1964 13657 13657 2919 2919 16 4727959 4435918 0 194 16 2903 999 76 722 371 3000 3000 3000 0 128 128 128 0 6 6.0 5.0
200000 210000 15 2 1596 1596 1581 12510 12510 2475 2475 15 4016817 3943457 0 52 15 2460 999 140 688 395 3000 3000 3000 0 128 128 128 0 5 5.0 5.0
210000 220000 15 2 1578 1578 1563 13053 13053 2400 2400 15 3934098 3832794 0 73 15 2384 999 204 708 338 3000 3000 3000 0 128 128 128 0 5 5.0 5.0
220000 230000 16 2 1614 1614 1599 12981 12981 2413 2413 15 3982594 3808994 0 120 15 2398 999 276 765 278 3000 3000 3000 0 128 128 128 0 5 5.0 5.0
230000 240000 16 2 1687 1687 1672 12451 12451 2524 2524 14 4073080 3836480 0 162 14 2509 999 388 789 250 3000 3000 3000 0 128 128 128 0 5 5.0 5.0
240000 250000 17 3 1988 1987 1968 16028 16028 2945 2945 18 4708683 4472027 0 164 18 2925 999 83 775 282 3000 3000 3000 0 128 128 128 0 6 6.0 5.0
250000 260000 18 2 1788 1788 1772 13083 13083 2610 2610 15 4207378 3881120 0 219 15 2594 999 139 790 319 3000 3000 3000 0 128 128 128 0 5 5.0 5.0
260000 270000 15 3 1019 1019 1005 10473 10473 1482 1482 14 2509327 2324482 0 126 12 1467 999 29 585 395 3000 3000 3000 0 128 128 128 0 4 4.0 5.0
270000 280000 23 4 2496 2493 2470 19410 19410 3459 3459 25 5708424 5302413 1 280 22 3430 999 29 752 328 3000 3000 3000 0 128 128 128 0 6 6.0 5.0
280000 290000 16 2 1669 1669 1655 11565 11565 2434 2434 13 4072258 3783958 0 203 13 2420 999 55 702 341 3000 3000 3000 0 128 128 128 0 5 5.0 5.0
290000 300000 16 3 2006 2006 1989 14192 14192 2937 2937 17 4827602 4593802 0 162 17 2920 999 102 737 389 3000 3000 3000 0 128 128 128 0 6 6.0 5.0
300000 310000 0 0 0 0 0 0 0 0 0 0 0 0 0 0 0 0 0 0 0 0 0 0 0 0 0 0 0 0 0  
