ts te nbins ncons c_pkts_all c_ack_cnt c_ack_cnt_p c_bytes_all c_bytes_uniq s_pkts_all s_ack_cnt s_ack_cnt_p s_bytes_all s_bytes_uniq c_pkts_retx s_pkts_retx c_pkts_data s_pkts_data max_bin min_bin avg_bin std_bin max_vid min_vid avg_vid std_vid max_aud min_aud avg_aud std_aud num_vid num_aud num_mfs
0 10000 11 4 1014 1010 990 18187 18187 1471 1471 33 2546271 2150856 0 247 20 1433 999 0 640 342 2300 2300 2300 0 128 128 128 0 5 5 2
10000 20000 24 4 2686 2686 2662 19019 19019 3475 3475 45 6024386 5513274 0 297 22 3429 999 84 658 353 2300 2300 2300 0 128 128 128 0 9 9 5
20000 30000 18 4 1770 1769 1748 18021 18021 2586 2586 37 4989885 4923146 0 45 21 2547 998 246 779 262 4400 2300 3437 831 128 128 128 0 8 6 5
30000 40000 17 3 1746 1746 1730 12510 12510 2536 2536 27 4795805 4748780 0 33 15 2507 999 196 730 330 4400 3000 3840 766 128 128 128 0 5 5 5
40000 50000 17 2 2084 2084 2067 14113 14113 3107 3107 28 5749239 5664727 0 58 16 3079 999 112 714 352 4400 4400 4400 0 128 128 128 0 6 6 5
50000 60000 17 3 1374 1374 1361 10744 10744 2062 2062 23 3807984 3721635 0 51 12 2038 999 0 543 370 3000 3000 3000 0 128 128 128 0 4 4 5
60000 70000 18 3 1487 1487 1471 13284 13284 2132 2132 28 4326331 4213121 0 67 15 2104 999 216 692 313 3000 3000 3000 0 128 128 128 0 5 5 5
70000 80000 18 3 1975 1975 1958 14710 14710 2814 2814 29 5270837 5140626 0 87 17 2785 999 0 716 368 4400 3000 3466 722 128 128 128 0 6 6 5
80000 90000 11 2 850 850 842 6428 6428 1177 1177 14 2471721 2439417 0 24 7 1162 999 112 514 363 4400 3000 3933 808 128 128 128 0 3 2 5
90000 100000 24 4 2094 2093 2068 20713 19964 3038 3038 45 5858504 5583312 1 173 24 2991 999 271 769 283 3000 3000 3000 0 128 128 128 0 7 8 5
100000 110000 16 2 1612 1612 1596 12870 12870 2369 2369 27 4397352 4226141 0 103 15 2341 999 262 719 288 3000 3000 3000 0 128 128 128 0 5 5 5
110000 120000 16 2 1756 1756 1739 14237 14237 2566 2566 28 4719199 4569801 0 99 17 2537 999 3 770 342 3000 3000 3000 0 128 128 128 0 6 6 5
120000 130000 16 2 1868 1868 1852 13013 13013 2733 2733 24 5409336 5365695 0 33 15 2708 999 0 690 362 4400 4400 4400 0 128 128 128 0 5 5 5
130000 140000 17 3 2062 2062 2049 11298 11298 2818 2818 24 5618465 5526910 0 62 13 2793 999 43 679 370 4400 4400 4400 0 128 128 128 0 5 5 5
140000 150000 24 4 2241 2239 2220 16297 16297 3298 3298 34 6396845 6239419 1 96 19 3262 999 0 682 379 4400 4400 4400 0 128 128 128 0 6 6 5
150000 160000 15 3 2119 2119 2104 12510 12510 3052 3052 25 5970398 5867995 0 64 15 3027 999 419 819 192 4400 4400 4400 0 128 128 128 0 5 5 5
160000 170000 16 2 1894 1894 1878 13122 13122 2729 2729 25 5477351 5448446 0 19 15 2704 999 242 723 338 4400 4400 4400 0 128 128 128 0 5 5 5
170000 180000 15 2 1954 1954 1939 12567 12567 2841 2841 25 5684533 5627949 0 38 15 2815 998 271 736 303 4400 4400 4400 0 128 128 128 0 5 5 5
180000 190000 15 3 1604 1604 1589 12550 12550 2324 2324 26 4095001 3867049 0 152 15 2298 999 0 715 378 3000 3000 3000 0 128 128 128 0 5 5 5
190000 200000 18 2 2121 2121 2105 13481 13481 3099 3099 33 5942743 5831714 0 66 16 3066 999 130 821 281 4400 3000 3933 722 128 128 128 0 6 6 5
200000 210000 16 2 2030 2030 2014 13165 13165 2822 2822 25 5622878 5548074 0 48 15 2796 999 135 709 356 4400 4400 4400 0 128 128 128 0 5 5 5
210000 220000 16 2 1858 1858 1844 11854 11854 2656 2656 24 5363121 5324715 0 27 14 2632 999 197 700 334 4400 4400 4400 0 128 128 128 0 5 5 5
220000 230000 17 3 1990 1990 1975 12959 12959 2863 2863 26 5683013 5568252 0 72 15 2837 999 90 714 318 4400 4400 4400 0 128 128 128 0 5 5 5
230000 240000 15 2 2193 2193 2178 12697 12697 2984 2984 24 5692869 5610617 0 60 15 2959 999 240 750 330 4400 4400 4400 0 128 128 128 0 5 5 5
240000 250000 19 3 2402 2402 2386 13554 13554 3519 3519 31 6510592 6313325 0 130 16 3488 999 214 840 258 4400 4400 4400 0 128 128 128 0 6 6 5
250000 260000 16 3 2089 2089 2073 13790 13790 3050 3050 26 5872344 5771042 0 71 16 3023 999 96 745 315 4400 4400 4400 0 128 128 128 0 5 5 5
260000 270000 15 2 1930 1930 1917 11249 11249 2615 2615 22 4762411 4623410 0 92 13 2593 999 0 646 391 4400 3000 4120 626 128 128 128 0 5 5 5
270000 280000 17 2 1624 1624 1610 11489 11489 2331 2331 24 4617716 4513911 0 62 13 2307 999 0 624 385 4400 3000 3840 766 128 128 128 0 5 5 5
280000 290000 16 3 1745 1745 1728 13902 13902 2378 2378 30 4548215 4469417 0 53 16 2347 999 115 672 303 3000 3000 3000 0 128 128 128 0 5 5 5
290000 300000 17 2 1506 1506 1491 12763 12763 2097 2097 27 4192047 4073911 0 75 15 2069 999 133 698 349 3000 3000 3000 0 128 128 128 0 5 5 5
300000 310000 1 1 16 16 16 173 173 20 20 0 47151 47151 0 0 0 20 205 205 205 0 0 0 0 0 0 0 0 0 0 0 0
