ts te nbins ncons c_tcp_packs c_tcp_bytes c_udp_packs c_udp_bytes s_tcp_packs s_tcp_bytes s_udp_packs s_udp_bytes max_bins_span min_bins_span avg_bins_span std_bins_span max_video_rate min_video_rate avg_video_rate std_video_rate max_audio_rate min_audio_rate avg_audio_rate std_audio_rate video_requests audio_requests
0 10000 16 4 1614 23647 0 0 2164 3529264 0 0 999 67 620 381 2300 2300 2300 0 128 128 128 0 7 7
10000 20000 22 4 2170 19114 0 0 3198 5236474 0 0 999 9 673 395 2300 2300 2300 0 128 128 128 0 8 8
20000 30000 16 3 2318 15757 0 0 3592 5804695 0 0 999 53 729 374 4400 2300 3800 1024 128 128 128 0 7 6
30000 40000 14 2 1409 11774 0 0 2217 3660460 0 0 999 27 714 422 4400 2300 2720 939 128 128 128 0 5 5
40000 50000 16 2 1970 11734 0 0 3195 5073137 0 0 999 26 709 390 4400 2300 3980 939 128 128 128 0 5 5
50000 60000 18 3 2250 14045 0 0 3474 5663076 0 0 999 0 585 462 4400 4400 4400 0 128 128 128 0 5 5
60000 70000 22 4 2358 17026 0 0 3567 5614229 0 0 999 25 662 415 4400 3000 3400 683 128 128 128 0 7 6
70000 80000 16 2 2324 12621 0 0 3488 5614793 0 0 999 94 727 381 4400 4400 4400 0 128 128 128 0 5 5
80000 90000 16 2 2191 12486 0 0 3475 5621499 0 0 999 41 712 379 4400 4400 4400 0 128 128 128 0 5 5
90000 100000 20 3 2832 13127 0 0 4259 6774505 0 0 999 38 728 344 4400 4400 4400 0 128 128 128 0 6 6
100000 110000 15 2 2220 12802 0 0 3554 5659774 0 0 999 80 754 338 4400 4400 4400 0 128 128 128 0 5 5
110000 120000 16 2 2084 13296 0 0 3360 5482673 0 0 999 29 662 433 4400 4400 4400 0 128 128 128 0 5 5
120000 130000 14 2 1581 12517 0 0 2527 4083129 0 0 999 46 749 368 4400 2300 3140 1150 128 128 128 0 5 5
130000 140000 16 2 1886 11703 0 0 2984 4878356 0 0 999 40 669 425 4400 2300 3980 939 128 128 128 0 5 5
140000 150000 21 3 2496 14383 0 0 3786 6141563 0 0 999 35 730 365 4400 4400 4400 0 128 128 128 0 6 6
150000 160000 16 3 2225 13177 0 0 3539 5787598 0 0 999 40 695 390 4400 4400 4400 0 128 128 128 0 5 5
160000 170000 17 2 2290 11900 0 0 3499 5662645 0 0 999 23 643 430 4400 4400 4400 0 128 128 128 0 5 5
170000 180000 16 2 2312 13825 0 0 3476 5762662 0 0 999 68 695 375 4400 4400 4400 0 128 128 128 0 5 5
180000 190000 17 2 2443 13400 0 0 3732 6027555 0 0 999 85 740 379 4400 4400 4400 0 128 128 128 0 6 6
190000 200000 21 3 2862 12856 0 0 4153 6903259 0 0 999 37 719 403 4400 4400 4400 0 128 128 128 0 5 5
200000 210000 16 2 2317 12496 0 0 3490 5742106 0 0 999 38 690 391 4400 4400 4400 0 128 128 128 0 5 5
210000 220000 11 2 1362 9760 0 0 2099 3433899 0 0 999 167 769 333 4400 4400 4400 0 128 128 128 0 3 3
220000 230000 18 3 1945 15421 0 0 3153 5047031 0 0 999 0 745 372 3000 3000 3000 0 128 128 128 0 7 7
230000 240000 20 3 2075 13753 0 0 3286 5389945 0 0 999 11 733 376 4400 3000 3700 766 128 128 128 0 6 6
240000 250000 19 3 2529 12708 0 0 4001 6381716 0 0 999 38 761 322 4400 4400 4400 0 128 128 128 0 5 5
250000 260000 16 3 2117 10971 0 0 3102 4965159 0 0 999 28 658 326 4400 4400 4400 0 128 128 128 0 4 4
260000 270000 16 2 2068 14706 0 0 3187 5309048 0 0 999 91 742 376 4400 3000 3466 722 128 128 128 0 6 6
270000 280000 16 3 1838 12534 0 0 2949 4767595 0 0 999 38 678 401 4400 3000 3840 766 128 128 128 0 5 5
280000 290000 19 3 2224 13463 0 0 3409 5497783 0 0 999 36 707 341 4400 3000 3466 722 128 128 128 0 6 6
290000 300000 14 2 1828 11527 0 0 2850 4638049 0 0 999 35 636 423 4400 4400 4400 0 128 128 128 0 4 4
